/*--------------------------------*- C++ -*----------------------------------*\
  =========                 |
  \\      /  F ield         | OpenFOAM: The Open Source CFD Toolbox
   \\    /   O peration     | Website:  https://openfoam.org
    \\  /    A nd           | Version:  10
     \\/     M anipulation  |
\*---------------------------------------------------------------------------*/
FoamFile
{
    format      ascii;
    class       volScalarField;
    location    "400";
    object      k;
}
// * * * * * * * * * * * * * * * * * * * * * * * * * * * * * * * * * * * * * //

dimensions      [0 2 -2 0 0 0 0];

internalField   nonuniform List<scalar> 
6820
(
0.318932
0.614648
0.847398
0.983382
1.04837
1.06929
1.06479
1.04656
1.02179
0.994702
0.967631
0.941776
0.91769
0.895558
0.875368
0.857013
0.840346
0.825204
0.811433
0.798886
0.787433
0.776957
0.767357
0.758543
0.750439
0.742975
0.736094
0.729745
0.723868
0.718527
0.713052
0.710492
0.695912
0.838905
1.45738
1.53058
1.40687
1.25036
1.11087
0.996118
0.903247
0.827898
0.766319
0.715551
0.673419
0.638178
0.608524
0.583445
0.562138
0.543958
0.528392
0.515016
0.503492
0.493531
0.484907
0.477417
0.470905
0.465224
0.460268
0.455928
0.45213
0.448794
0.445869
0.443287
0.441188
0.438984
0.379894
0.662261
0.793338
0.827969
0.818174
0.790385
0.756359
0.721144
0.686863
0.654398
0.624081
0.596014
0.570168
0.54645
0.524736
0.504887
0.486758
0.470208
0.4551
0.441308
0.428713
0.417207
0.406691
0.397075
0.388276
0.380222
0.372843
0.366082
0.359881
0.354193
0.348971
0.344191
0.339764
0.246132
0.339299
0.411874
0.458877
0.485691
0.498861
0.503261
0.502126
0.497496
0.490658
0.482434
0.473376
0.463866
0.45417
0.444476
0.434916
0.42558
0.41653
0.407807
0.399434
0.391425
0.383783
0.376506
0.369588
0.363019
0.356788
0.350881
0.345286
0.339987
0.334972
0.330225
0.325737
0.321482
0.216724
0.253408
0.285795
0.312238
0.332446
0.347113
0.357284
0.363989
0.368068
0.370162
0.370747
0.370181
0.368735
0.366621
0.364002
0.361007
0.357739
0.354279
0.350691
0.347027
0.343329
0.339629
0.335952
0.332319
0.328744
0.325241
0.321819
0.318483
0.315238
0.312089
0.309035
0.30608
0.303222
0.206699
0.223748
0.239977
0.25441
0.266677
0.276729
0.284758
0.291054
0.295905
0.299562
0.302234
0.304094
0.305282
0.305916
0.306089
0.305883
0.305363
0.304585
0.303595
0.302434
0.301134
0.299724
0.298227
0.296664
0.295053
0.293406
0.291738
0.290057
0.288374
0.286694
0.285025
0.283371
0.281738
0.202775
0.21144
0.220459
0.228905
0.236458
0.243004
0.24857
0.253248
0.257145
0.260363
0.262993
0.265118
0.266805
0.268115
0.269101
0.269806
0.270268
0.27052
0.270592
0.270508
0.27029
0.269958
0.269527
0.269012
0.268426
0.26778
0.267085
0.266348
0.265577
0.26478
0.263961
0.263126
0.262281
0.201168
0.205681
0.210949
0.216184
0.221058
0.225433
0.229288
0.23265
0.235565
0.238078
0.240232
0.242069
0.243625
0.244933
0.246021
0.246914
0.247635
0.248204
0.248638
0.248952
0.249161
0.249276
0.249308
0.249267
0.249161
0.248999
0.248788
0.248533
0.24824
0.247915
0.247562
0.247185
0.246789
0.200484
0.202807
0.20591
0.209235
0.212477
0.215487
0.218214
0.220655
0.222826
0.224746
0.226438
0.227924
0.229224
0.230357
0.231339
0.232186
0.232911
0.233527
0.234044
0.234473
0.234823
0.235101
0.235314
0.235469
0.235573
0.235629
0.235644
0.235622
0.235567
0.235482
0.235371
0.235236
0.235083
0.200184
0.201339
0.203129
0.205229
0.207399
0.209494
0.211449
0.213243
0.214871
0.216341
0.217662
0.218844
0.2199
0.220841
0.221675
0.222414
0.223066
0.223638
0.224138
0.224572
0.224946
0.225267
0.225537
0.225764
0.225949
0.226097
0.226212
0.226297
0.226355
0.226388
0.226399
0.226391
0.226366
0.200051
0.200587
0.201577
0.202865
0.204292
0.20574
0.207139
0.208458
0.209682
0.210808
0.211838
0.212775
0.213625
0.214394
0.215088
0.215713
0.216274
0.216777
0.217226
0.217626
0.217981
0.218295
0.21857
0.218811
0.219021
0.219201
0.219356
0.219486
0.219594
0.219683
0.219754
0.21981
0.219851
0.199992
0.200207
0.200716
0.201467
0.202372
0.203345
0.204328
0.205286
0.206198
0.207055
0.207852
0.208589
0.209268
0.209891
0.210461
0.210981
0.211455
0.211885
0.212276
0.212629
0.212949
0.213236
0.213495
0.213727
0.213934
0.214119
0.214283
0.214428
0.214556
0.214668
0.214766
0.214852
0.214925
0.199966
0.200017
0.200246
0.200651
0.201192
0.201817
0.202483
0.203159
0.203823
0.204462
0.20507
0.205643
0.206178
0.206676
0.207138
0.207565
0.207958
0.20832
0.208652
0.208957
0.209236
0.209491
0.209724
0.209936
0.210129
0.210304
0.210463
0.210608
0.210739
0.210858
0.210965
0.211063
0.211151
0.199954
0.199923
0.199995
0.200184
0.200479
0.200853
0.20128
0.201735
0.2022
0.202663
0.203114
0.203547
0.20396
0.20435
0.204717
0.205061
0.205382
0.20568
0.205958
0.206215
0.206453
0.206673
0.206877
0.207064
0.207238
0.207397
0.207545
0.207681
0.207806
0.207922
0.20803
0.208129
0.208222
0.199949
0.199878
0.199865
0.199924
0.200058
0.200258
0.200508
0.200794
0.201101
0.201419
0.201739
0.202055
0.202363
0.20266
0.202944
0.203213
0.203468
0.203709
0.203935
0.204147
0.204345
0.204531
0.204704
0.204866
0.205017
0.205158
0.205289
0.205413
0.205528
0.205636
0.205738
0.205834
0.205924
0.199947
0.199857
0.199798
0.199783
0.199817
0.199899
0.200025
0.200184
0.200369
0.200572
0.200784
0.201002
0.20122
0.201436
0.201646
0.201849
0.202045
0.202232
0.202411
0.20258
0.202741
0.202893
0.203036
0.203172
0.2033
0.203421
0.203535
0.203643
0.203746
0.203843
0.203936
0.204024
0.204109
0.199947
0.199847
0.199765
0.199708
0.199683
0.19969
0.19973
0.1998
0.199893
0.200006
0.200133
0.20027
0.200413
0.200558
0.200705
0.20085
0.200993
0.201132
0.201267
0.201397
0.201522
0.201642
0.201756
0.201866
0.201971
0.202071
0.202167
0.202259
0.202348
0.202433
0.202515
0.202594
0.20267
0.199946
0.199843
0.19975
0.19967
0.19961
0.199572
0.199557
0.199564
0.199592
0.199638
0.199699
0.199771
0.199853
0.199941
0.200033
0.200128
0.200224
0.20032
0.200416
0.20051
0.200602
0.200692
0.200779
0.200864
0.200947
0.201027
0.201105
0.20118
0.201254
0.201325
0.201396
0.201464
0.201531
0.199946
0.199841
0.199742
0.199651
0.199572
0.199507
0.199458
0.199425
0.199408
0.199406
0.199417
0.199441
0.199474
0.199515
0.199563
0.199616
0.199672
0.199732
0.199792
0.199854
0.199917
0.199979
0.200042
0.200104
0.200165
0.200226
0.200286
0.200345
0.200404
0.200463
0.200521
0.200579
0.200636
0.199946
0.19984
0.199738
0.199642
0.199553
0.199473
0.199403
0.199345
0.199298
0.199264
0.199241
0.199228
0.199225
0.19923
0.199243
0.199262
0.199286
0.199314
0.199345
0.19938
0.199416
0.199455
0.199495
0.199536
0.199578
0.199621
0.199665
0.199709
0.199755
0.1998
0.199847
0.199894
0.199941
0.199946
0.19984
0.199737
0.199638
0.199543
0.199455
0.199373
0.1993
0.199235
0.19918
0.199133
0.199096
0.199067
0.199046
0.199032
0.199024
0.199023
0.199026
0.199034
0.199046
0.199061
0.199079
0.1991
0.199124
0.199149
0.199177
0.199206
0.199237
0.19927
0.199304
0.19934
0.199377
0.199415
0.199946
0.19984
0.199736
0.199635
0.199538
0.199445
0.199358
0.199276
0.1992
0.199132
0.199071
0.199017
0.198971
0.198931
0.198899
0.198872
0.198852
0.198837
0.198826
0.198821
0.198819
0.198822
0.198828
0.198837
0.198849
0.198864
0.198881
0.198901
0.198923
0.198948
0.198974
0.199003
0.199033
0.199946
0.199839
0.199735
0.199634
0.199536
0.199441
0.199349
0.199263
0.199182
0.199106
0.199036
0.198973
0.198916
0.198865
0.19882
0.198781
0.198748
0.198721
0.198698
0.198681
0.198668
0.198659
0.198654
0.198653
0.198655
0.19866
0.198669
0.198681
0.198695
0.198712
0.198732
0.198753
0.198777
0.199946
0.199839
0.199735
0.199633
0.199534
0.199438
0.199345
0.199257
0.199173
0.199093
0.19902
0.198951
0.198889
0.198832
0.198781
0.198736
0.198697
0.198662
0.198633
0.198609
0.198589
0.198574
0.198563
0.198556
0.198553
0.198553
0.198556
0.198562
0.198572
0.198584
0.198599
0.198617
0.198636
0.199946
0.199839
0.199735
0.199633
0.199534
0.199437
0.199344
0.199255
0.199171
0.199091
0.199016
0.198948
0.198884
0.198827
0.198775
0.198729
0.198688
0.198653
0.198623
0.198598
0.198577
0.198561
0.198548
0.19854
0.198535
0.198534
0.198536
0.198541
0.198549
0.19856
0.198573
0.198589
0.198607
0.199946
0.199839
0.199735
0.199633
0.199534
0.199438
0.199346
0.199258
0.199176
0.199098
0.199027
0.198962
0.198902
0.198849
0.198802
0.198761
0.198725
0.198694
0.198669
0.198648
0.198632
0.19862
0.198612
0.198607
0.198605
0.198607
0.198612
0.198619
0.19863
0.198642
0.198657
0.198674
0.198692
0.199946
0.199839
0.199735
0.199634
0.199536
0.199441
0.199352
0.199269
0.199192
0.199121
0.199057
0.199001
0.198952
0.198909
0.198873
0.198843
0.198818
0.198799
0.198785
0.198775
0.198769
0.198767
0.198768
0.198772
0.198779
0.198788
0.1988
0.198813
0.198829
0.198847
0.198866
0.198886
0.198908
0.199946
0.19984
0.199736
0.199636
0.199541
0.199451
0.199369
0.199294
0.199228
0.199171
0.199123
0.199083
0.199052
0.199028
0.199011
0.199001
0.198995
0.198995
0.198999
0.199007
0.199018
0.199032
0.199048
0.199065
0.199085
0.199106
0.199128
0.199152
0.199176
0.199202
0.199228
0.199255
0.199282
0.199946
0.199841
0.199739
0.199643
0.199555
0.199476
0.199407
0.199351
0.199307
0.199274
0.199253
0.199243
0.199241
0.199248
0.199262
0.199281
0.199305
0.199332
0.199363
0.199396
0.19943
0.199465
0.199501
0.199537
0.199574
0.19961
0.199646
0.199682
0.199718
0.199753
0.199788
0.199822
0.199855
0.199947
0.199843
0.199747
0.199661
0.199588
0.199532
0.199494
0.199473
0.199469
0.199481
0.199506
0.199543
0.199589
0.199641
0.199699
0.199761
0.199825
0.199889
0.199955
0.200019
0.200083
0.200145
0.200205
0.200263
0.200319
0.200373
0.200425
0.200475
0.200523
0.200568
0.200612
0.200654
0.200694
0.199948
0.19985
0.199767
0.199706
0.199671
0.199664
0.199685
0.199732
0.199801
0.199887
0.199986
0.200095
0.20021
0.200327
0.200446
0.200563
0.200677
0.200788
0.200895
0.200997
0.201094
0.201185
0.201272
0.201353
0.201429
0.201501
0.201568
0.201631
0.20169
0.201745
0.201796
0.201844
0.201889
0.19995
0.199869
0.199823
0.199822
0.199871
0.199967
0.200104
0.200272
0.200462
0.200666
0.200877
0.201089
0.201297
0.201499
0.201693
0.201876
0.20205
0.202212
0.202363
0.202504
0.202634
0.202755
0.202866
0.202968
0.203061
0.203147
0.203226
0.203298
0.203364
0.203424
0.203479
0.20353
0.203575
0.199959
0.199926
0.199978
0.200124
0.200356
0.200657
0.201004
0.201376
0.201756
0.202132
0.202495
0.202841
0.203164
0.203465
0.203742
0.203997
0.204229
0.204441
0.204633
0.204807
0.204965
0.205107
0.205235
0.20535
0.205453
0.205545
0.205628
0.205701
0.205767
0.205825
0.205876
0.205921
0.20596
0.199987
0.200103
0.200417
0.200907
0.201522
0.202204
0.202904
0.203588
0.204237
0.204838
0.205388
0.205885
0.206331
0.206729
0.207084
0.207399
0.207678
0.207925
0.208142
0.208334
0.208503
0.208651
0.20878
0.208892
0.20899
0.209074
0.209146
0.209207
0.209259
0.209301
0.209336
0.209364
0.209385
0.200091
0.200675
0.201678
0.202938
0.204291
0.20562
0.206855
0.207965
0.208943
0.209796
0.210534
0.211168
0.211712
0.212178
0.212577
0.212917
0.213207
0.213454
0.213664
0.21384
0.213989
0.214112
0.214214
0.214297
0.214363
0.214413
0.214451
0.214476
0.214492
0.214497
0.214495
0.214485
0.214468
0.200506
0.202614
0.205386
0.20824
0.210876
0.213171
0.215099
0.216689
0.217986
0.219038
0.21989
0.220577
0.22113
0.221576
0.221933
0.222218
0.222443
0.222618
0.222752
0.222851
0.22292
0.222964
0.222985
0.222987
0.222972
0.222943
0.222901
0.222848
0.222785
0.222713
0.222633
0.222546
0.222453
0.202133
0.209239
0.216725
0.22281
0.227394
0.230768
0.233228
0.23501
0.236296
0.237216
0.23787
0.238329
0.238643
0.238848
0.23897
0.239026
0.239031
0.238994
0.238923
0.238822
0.238697
0.238551
0.238386
0.238205
0.238011
0.237803
0.237585
0.237358
0.237122
0.236879
0.236629
0.236374
0.236115
0.208297
0.226779
0.244127
0.25737
0.266315
0.271771
0.274799
0.2763
0.276879
0.276918
0.276647
0.2762
0.275654
0.275053
0.274421
0.273772
0.27311
0.27244
0.271762
0.271078
0.270387
0.26969
0.268988
0.268282
0.267571
0.266857
0.266141
0.265425
0.264708
0.263992
0.263279
0.262568
0.261862
0.245776
0.310447
0.343767
0.358943
0.365594
0.368307
0.369
0.368466
0.367137
0.365296
0.36313
0.360767
0.358298
0.355787
0.353281
0.35081
0.348396
0.346053
0.34379
0.341613
0.339524
0.337524
0.335613
0.333789
0.332049
0.330393
0.328816
0.327317
0.325892
0.324539
0.323254
0.322035
0.320879
0.214305
0.253643
0.294732
0.333812
0.37003
0.40343
0.434072
0.462003
0.487308
0.510111
0.530563
0.548824
0.565063
0.579447
0.592141
0.603301
0.613077
0.621607
0.629017
0.635426
0.640941
0.645656
0.649662
0.653034
0.655845
0.658158
0.660029
0.661508
0.66264
0.663466
0.664021
0.664337
0.664447
0.750906
0.853189
1.00294
1.17855
1.35449
1.52127
1.67361
1.80604
1.91461
1.99831
2.05883
2.09998
2.12598
2.14082
2.1475
2.14827
2.14459
2.13727
2.12662
2.11267
2.09533
2.07449
2.05007
2.02198
1.99019
1.95463
1.91524
1.87185
1.82429
1.7724
1.71598
1.65485
1.58882
1.51773
1.44147
1.36002
1.27356
1.18253
1.08774
0.990417
0.892263
0.795452
0.702522
0.6162
0.539143
0.473653
0.42145
0.383558
0.360338
0.351679
0.357255
0.376803
0.410396
0.458899
0.524698
0.612268
0.727338
0.873289
1.04671
1.23737
1.43289
1.62312
1.80157
1.96488
2.11173
2.24197
2.35609
2.45491
2.5394
2.61058
2.66954
2.71734
2.75505
2.78372
2.80434
2.8179
2.82531
2.82743
2.82505
2.81887
2.80954
2.7976
2.78351
2.76765
2.75031
2.73175
2.71214
2.69163
2.67034
2.64835
2.62573
2.60254
2.57883
2.55464
2.53001
2.505
2.47966
2.45401
2.42791
2.39804
0.436532
0.444668
0.465215
0.496498
0.538525
0.592192
0.657669
0.733424
0.817375
0.90575
0.994982
1.08228
1.16475
1.24033
1.3078
1.36674
1.41702
1.45858
1.49135
1.51534
1.53067
1.53763
1.53661
1.52804
1.51239
1.49013
1.46175
1.42769
1.38832
1.34397
1.29496
1.24155
1.18401
1.12263
1.05777
0.98987
0.919534
0.84756
0.774987
0.703093
0.633367
0.567444
0.506997
0.453595
0.408574
0.372946
0.347358
0.332135
0.327384
0.333156
0.349603
0.377124
0.416541
0.469472
0.538936
0.629728
0.747514
0.895426
1.06998
1.26115
1.45681
1.64695
1.82517
1.98813
2.13452
2.26422
2.37776
2.47599
2.55989
2.63053
2.68901
2.73641
2.7738
2.80223
2.8227
2.83618
2.8436
2.8458
2.84356
2.83759
2.82852
2.81688
2.80313
2.78763
2.77068
2.7525
2.73329
2.71317
2.69225
2.67063
2.64835
2.62549
2.60207
2.57816
2.55379
2.52901
2.50387
2.4784
2.45245
2.42288
0.335022
0.33034
0.326488
0.324
0.323428
0.325394
0.330654
0.34003
0.354297
0.37415
0.399885
0.431831
0.469467
0.512512
0.559543
0.609597
0.661122
0.712347
0.761636
0.807048
0.847285
0.880931
0.907065
0.925232
0.935411
0.937881
0.933112
0.921672
0.904162
0.881187
0.853341
0.821209
0.785368
0.746404
0.704933
0.661626
0.617211
0.572501
0.528386
0.485819
0.445784
0.409253
0.37713
0.350212
0.329151
0.314459
0.306524
0.305667
0.312215
0.326592
0.349406
0.381525
0.424242
0.479625
0.551014
0.643246
0.761741
0.909437
1.08307
1.27309
1.46773
1.65714
1.83488
1.99753
2.14373
2.27332
2.3868
2.48501
2.56895
2.6397
2.69834
2.74597
2.78365
2.81243
2.83331
2.84726
2.85518
2.85793
2.85626
2.8509
2.84245
2.83144
2.81833
2.80348
2.78716
2.76961
2.75101
2.73148
2.71114
2.69005
2.66829
2.64591
2.62295
2.59945
2.57547
2.55104
2.52623
2.50105
2.47537
2.44619
0.316814
0.311714
0.306754
0.302015
0.297602
0.293539
0.289943
0.286998
0.284921
0.283981
0.284445
0.286645
0.290878
0.297502
0.306663
0.318589
0.333264
0.350643
0.370309
0.391944
0.414544
0.437334
0.459216
0.479122
0.496064
0.509283
0.518305
0.522928
0.523182
0.519274
0.511533
0.500374
0.486257
0.469691
0.451209
0.431359
0.410706
0.38983
0.369327
0.349798
0.331838
0.316022
0.302897
0.292969
0.286711
0.28457
0.286988
0.294438
0.30747
0.326759
0.353167
0.387812
0.432236
0.488743
0.560792
0.653081
0.770681
0.916379
1.0873
1.27459
1.46703
1.65494
1.83181
1.99406
2.14019
2.26994
2.38375
2.48243
2.56694
2.63834
2.69772
2.74615
2.78469
2.81437
2.83619
2.8511
2.86
2.86372
2.86305
2.85867
2.85119
2.84114
2.82897
2.81503
2.7996
2.78292
2.76514
2.74641
2.72682
2.70646
2.68539
2.66364
2.64129
2.61835
2.59489
2.57095
2.54658
2.52181
2.4965
2.46781
0.300007
0.296414
0.292848
0.289303
0.285782
0.2823
0.278882
0.275569
0.272408
0.269456
0.266776
0.264447
0.262555
0.261206
0.260498
0.260546
0.261448
0.263316
0.266189
0.270172
0.275176
0.281141
0.287858
0.295026
0.302257
0.309127
0.315221
0.320182
0.323736
0.325709
0.32603
0.324721
0.321884
0.317691
0.312367
0.306175
0.29941
0.292394
0.285471
0.279004
0.27337
0.26896
0.266173
0.265422
0.267134
0.271761
0.279796
0.291792
0.308395
0.330383
0.358712
0.394597
0.439688
0.496383
0.568128
0.659376
0.774804
0.917048
1.08372
1.26685
1.45592
1.64149
1.81697
1.97858
2.12463
2.25471
2.36914
2.46865
2.55416
2.6267
2.68731
2.73705
2.77695
2.80803
2.83127
2.84761
2.85793
2.86306
2.86377
2.86074
2.85457
2.8458
2.83486
2.8221
2.80781
2.79222
2.77549
2.75775
2.73911
2.71965
2.69943
2.67849
2.65689
2.63466
2.61186
2.58853
2.56473
2.54047
2.51564
2.48754
0.279859
0.277709
0.275531
0.273314
0.27105
0.268744
0.266407
0.264054
0.261701
0.259368
0.257075
0.254845
0.252704
0.25068
0.248805
0.247112
0.245636
0.244419
0.243493
0.242906
0.242685
0.242855
0.243417
0.244345
0.245582
0.247041
0.24861
0.250164
0.25158
0.252745
0.25357
0.253995
0.253996
0.253583
0.252803
0.25174
0.250516
0.249283
0.248231
0.247577
0.24757
0.248489
0.250647
0.254386
0.260092
0.268191
0.27917
0.293586
0.312096
0.335485
0.364717
0.401019
0.446063
0.50225
0.572923
0.662251
0.774486
0.912105
1.07325
1.25094
1.43551
1.61786
1.79134
1.95197
2.09781
2.22825
2.34347
2.44409
2.53094
2.605
2.66727
2.71876
2.76047
2.79341
2.81851
2.8367
2.84886
2.85579
2.85825
2.85692
2.8524
2.8452
2.83577
2.82446
2.81156
2.79729
2.78181
2.76528
2.74778
2.72939
2.71019
2.69022
2.66952
2.64814
2.62614
2.60355
2.58044
2.55682
2.53258
2.50515
0.261282
0.260111
0.258894
0.257627
0.256302
0.254918
0.253478
0.251988
0.250458
0.248897
0.247313
0.24572
0.244126
0.242545
0.24099
0.239472
0.238007
0.236609
0.235294
0.23408
0.232984
0.232024
0.231216
0.23057
0.230091
0.229776
0.22961
0.229575
0.229644
0.22979
0.229986
0.230212
0.230459
0.23073
0.231046
0.231447
0.232
0.232797
0.233958
0.235631
0.238
0.24128
0.245722
0.251621
0.259314
0.269192
0.281708
0.29739
0.316864
0.340886
0.370384
0.406553
0.451033
0.506165
0.575147
0.661838
0.770062
0.902133
1.0567
1.22786
1.40686
1.58508
1.75588
1.91507
2.06046
2.19119
2.30727
2.40916
2.49761
2.5735
2.63777
2.69138
2.73529
2.77047
2.79784
2.81828
2.83265
2.84175
2.84631
2.84701
2.84444
2.83912
2.83147
2.82187
2.8106
2.79787
2.78387
2.76873
2.75256
2.73543
2.71742
2.69857
2.67893
2.65855
2.63748
2.61577
2.59347
2.57061
2.54707
2.52042
0.246303
0.245713
0.245081
0.244405
0.243677
0.242895
0.242058
0.241168
0.24023
0.239248
0.238228
0.237177
0.236102
0.23501
0.233909
0.232807
0.231713
0.230637
0.229585
0.228568
0.227596
0.226677
0.225824
0.225046
0.224354
0.223756
0.223261
0.222875
0.222602
0.222449
0.222421
0.222528
0.222784
0.22321
0.22384
0.224718
0.225904
0.227479
0.229543
0.232221
0.235667
0.240065
0.245633
0.252631
0.261361
0.272179
0.285501
0.301817
0.321712
0.345895
0.375241
0.410888
0.45441
0.508052
0.574837
0.6583
0.761863
0.887671
1.03485
1.19852
1.37098
1.54418
1.71157
1.86879
2.01337
2.14421
2.2611
2.36433
2.45452
2.53245
2.59899
2.65502
2.70146
2.73922
2.76919
2.79223
2.80916
2.82076
2.82775
2.83079
2.83047
2.8273
2.82171
2.81407
2.80465
2.7937
2.78138
2.76783
2.75318
2.73748
2.72083
2.70326
2.68484
2.66561
2.64561
2.6249
2.60355
2.58156
2.55884
2.53307
0.23488
0.234618
0.234323
0.233992
0.233622
0.233207
0.232746
0.232239
0.231687
0.231094
0.230462
0.229796
0.229101
0.228384
0.227649
0.226905
0.226159
0.225417
0.224687
0.223976
0.22329
0.222635
0.22202
0.221452
0.220938
0.220489
0.220115
0.219827
0.219639
0.219565
0.219623
0.219836
0.22023
0.220839
0.221706
0.222883
0.224436
0.226444
0.229005
0.232237
0.23628
0.241304
0.247508
0.255127
0.264441
0.275773
0.289508
0.306097
0.32608
0.350115
0.379015
0.41385
0.456106
0.507911
0.572079
0.651831
0.750225
0.869239
1.0084
1.16382
1.32887
1.49618
1.65939
1.81403
1.95736
2.08802
2.20555
2.31009
2.40207
2.48217
2.55115
2.60982
2.65904
2.69966
2.73253
2.75846
2.77825
2.79265
2.80237
2.80804
2.81025
2.8095
2.80622
2.80078
2.79345
2.78448
2.77405
2.7623
2.74934
2.73526
2.72013
2.70401
2.68696
2.66902
2.65024
2.63067
2.61039
2.5894
2.56762
2.54284
0.226316
0.226234
0.226128
0.225995
0.225832
0.225636
0.225403
0.225134
0.224827
0.224484
0.224108
0.223702
0.223269
0.222815
0.222346
0.221868
0.221388
0.220912
0.220448
0.22
0.219576
0.219181
0.21882
0.2185
0.218228
0.218011
0.217861
0.21779
0.217811
0.217944
0.218209
0.218634
0.219251
0.220099
0.221225
0.222687
0.224553
0.226903
0.229834
0.233459
0.237914
0.243357
0.249974
0.257986
0.267647
0.27926
0.293175
0.309809
0.329658
0.353325
0.381561
0.415356
0.456106
0.505789
0.566998
0.642659
0.735501
0.847344
0.978048
1.12462
1.2815
1.44209
1.60035
1.75172
1.89327
2.02336
2.1413
2.24698
2.34071
2.423
2.49451
2.55597
2.60815
2.65184
2.68784
2.71691
2.73982
2.75729
2.76999
2.77856
2.78355
2.78547
2.78474
2.78172
2.7767
2.76993
2.76158
2.75181
2.74074
2.72845
2.71502
2.70051
2.68497
2.66847
2.65105
2.63277
2.61369
2.59383
2.5731
2.5494
0.219881
0.219899
0.219897
0.219876
0.219834
0.219766
0.219671
0.219547
0.219395
0.219213
0.219004
0.21877
0.218515
0.218244
0.217961
0.217674
0.217388
0.21711
0.216846
0.216603
0.216385
0.216199
0.21605
0.215943
0.215887
0.215888
0.215957
0.216106
0.21635
0.216708
0.217203
0.217864
0.218725
0.219826
0.221218
0.222957
0.225113
0.227766
0.23101
0.234955
0.239731
0.245486
0.252396
0.260666
0.270533
0.282276
0.296216
0.312735
0.332286
0.355417
0.382814
0.415393
0.45444
0.501771
0.559752
0.63103
0.718048
0.822478
0.944442
1.08173
1.22982
1.38295
1.53547
1.68286
1.82202
1.95106
2.06903
2.17563
2.27095
2.35537
2.42941
2.49371
2.54895
2.59585
2.63514
2.66755
2.69379
2.71454
2.73046
2.74214
2.75015
2.75496
2.75699
2.75662
2.75412
2.74974
2.74368
2.73608
2.72706
2.71673
2.70516
2.69242
2.67856
2.66365
2.64773
2.63087
2.61312
2.59451
2.57496
2.55247
0.214998
0.215067
0.215123
0.215165
0.215191
0.2152
0.215188
0.215154
0.215098
0.21502
0.214921
0.214803
0.214669
0.214525
0.214373
0.214222
0.214076
0.213942
0.213826
0.213734
0.213673
0.213647
0.213663
0.213726
0.213844
0.214026
0.214281
0.214622
0.215065
0.215629
0.216338
0.21722
0.218311
0.219651
0.22129
0.223285
0.225704
0.228623
0.232135
0.236345
0.241376
0.247367
0.254485
0.262919
0.272888
0.284647
0.298492
0.314771
0.33389
0.356347
0.382768
0.413985
0.451168
0.495967
0.550519
0.617209
0.698229
0.795122
0.908204
1.03593
1.17475
1.31974
1.46577
1.60845
1.74455
1.87197
1.98953
2.09668
2.19335
2.27973
2.35621
2.42332
2.48165
2.53183
2.57452
2.61039
2.6401
2.66431
2.68363
2.69862
2.70984
2.71774
2.72274
2.72521
2.72542
2.72363
2.72003
2.71478
2.708
2.69979
2.69025
2.67943
2.6674
2.65422
2.63995
2.62464
2.60836
2.59113
2.57289
2.55171
0.211243
0.211338
0.211424
0.2115
0.211566
0.211618
0.211656
0.211678
0.211684
0.211673
0.211647
0.211608
0.211558
0.211502
0.211444
0.21139
0.211345
0.211316
0.211309
0.21133
0.211385
0.21148
0.211622
0.211816
0.212072
0.212397
0.212803
0.213302
0.213912
0.214652
0.215545
0.21662
0.217913
0.219463
0.221319
0.223536
0.22618
0.229325
0.233059
0.237481
0.242707
0.248869
0.256119
0.264636
0.274617
0.286299
0.299947
0.315875
0.334451
0.356122
0.38145
0.411184
0.446378
0.488509
0.539492
0.601465
0.676404
0.765735
0.869919
0.987956
1.11715
1.25344
1.39228
1.52949
1.66183
1.787
1.90361
2.01089
2.10855
2.19663
2.27537
2.34518
2.40653
2.45997
2.50609
2.54549
2.57878
2.60656
2.62941
2.64787
2.66246
2.67362
2.68177
2.68724
2.69035
2.69131
2.69035
2.68761
2.68323
2.67731
2.66995
2.66121
2.65115
2.63985
2.62737
2.61375
2.59907
2.58336
2.56654
2.5468
0.208321
0.208427
0.208526
0.208619
0.208705
0.208782
0.20885
0.208906
0.208951
0.208985
0.209009
0.209023
0.209032
0.209039
0.209048
0.209064
0.209093
0.209141
0.209215
0.209319
0.209462
0.209648
0.209885
0.210181
0.210543
0.210981
0.211507
0.212134
0.21288
0.213763
0.214809
0.216045
0.217507
0.219232
0.221268
0.223669
0.226497
0.229822
0.233728
0.238309
0.243672
0.24994
0.257254
0.265777
0.275691
0.287207
0.300567
0.31605
0.333986
0.354771
0.378908
0.407063
0.440171
0.479542
0.526873
0.584073
0.652926
0.734758
0.830132
0.93848
1.05784
1.18499
1.31601
1.44704
1.57487
1.69711
1.81216
1.91903
2.01726
2.10669
2.18741
2.2597
2.32393
2.38055
2.43005
2.47298
2.50988
2.5413
2.56776
2.5898
2.60788
2.62244
2.63387
2.64251
2.64865
2.65253
2.65436
2.65429
2.65246
2.64898
2.64394
2.63742
2.62949
2.62021
2.60965
2.59786
2.58491
2.57084
2.55559
2.53739
0.206023
0.20613
0.206234
0.206333
0.206429
0.206519
0.206603
0.20668
0.20675
0.206812
0.206869
0.206921
0.206972
0.207023
0.207081
0.207148
0.207232
0.207337
0.20747
0.207637
0.207845
0.2081
0.20841
0.208783
0.209227
0.209753
0.210374
0.211102
0.211956
0.212955
0.214123
0.215489
0.217086
0.218951
0.22113
0.223674
0.226642
0.230102
0.23413
0.238815
0.244256
0.250568
0.257878
0.266336
0.276105
0.287376
0.300364
0.315318
0.332528
0.352345
0.375209
0.401709
0.432664
0.469221
0.51287
0.565304
0.628136
0.702606
0.789346
0.888123
0.997594
1.11529
1.23794
1.36211
1.4847
1.60329
1.7161
1.82197
1.92024
2.01058
2.09293
2.16741
2.23429
2.29391
2.34668
2.39306
2.43353
2.46858
2.4987
2.52436
2.54601
2.56406
2.57889
2.59081
2.60012
2.60705
2.6118
2.61454
2.6154
2.6145
2.61193
2.60777
2.6021
2.59498
2.58647
2.57664
2.56555
2.55325
2.53968
2.52315
0.204202
0.204305
0.204407
0.204507
0.204605
0.2047
0.204792
0.204881
0.204966
0.205047
0.205126
0.205204
0.205284
0.205368
0.20546
0.205566
0.20569
0.205838
0.206015
0.206229
0.206486
0.206793
0.207158
0.207589
0.208096
0.20869
0.209383
0.21019
0.211128
0.212216
0.21348
0.214946
0.216645
0.218617
0.220902
0.223549
0.226615
0.230162
0.234263
0.238999
0.244462
0.250756
0.257999
0.266323
0.275876
0.286828
0.299369
0.313717
0.330126
0.348903
0.370431
0.395221
0.423983
0.457708
0.49769
0.545423
0.602361
0.669667
0.748023
0.837444
0.937085
1.04514
1.15901
1.2757
1.39235
1.50654
1.6164
1.72061
1.81833
1.90906
1.99258
2.06888
2.13809
2.20046
2.2563
2.30599
2.34993
2.38856
2.4223
2.45159
2.47684
2.49844
2.51672
2.53201
2.54458
2.55466
2.56245
2.56812
2.57179
2.57359
2.57362
2.57195
2.56866
2.56382
2.5575
2.54975
2.54066
2.53025
2.51848
2.50375
0.202755
0.202851
0.202947
0.203043
0.203139
0.203234
0.203329
0.203423
0.203516
0.203609
0.203703
0.203798
0.203898
0.204005
0.204123
0.204257
0.20441
0.204589
0.2048
0.205049
0.205342
0.205688
0.206094
0.206569
0.207123
0.207767
0.208515
0.20938
0.21038
0.211535
0.212868
0.214406
0.216179
0.218224
0.220579
0.223292
0.226415
0.230005
0.234131
0.238867
0.244298
0.250516
0.25763
0.265756
0.275027
0.285592
0.297618
0.311293
0.326839
0.344518
0.364661
0.387705
0.414258
0.445165
0.48154
0.524685
0.575909
0.636305
0.706583
0.786945
0.876935
0.975312
1.08009
1.18878
1.29882
1.40788
1.51405
1.6159
1.71241
1.80293
1.8871
1.96476
2.03592
2.10071
2.15935
2.21212
2.25936
2.30143
2.33871
2.37158
2.4004
2.42554
2.44731
2.46602
2.48191
2.49522
2.50613
2.51482
2.52141
2.52601
2.52874
2.52968
2.52889
2.52645
2.52243
2.51689
2.50991
2.50151
2.49167
2.47886
0.201607
0.201693
0.201781
0.20187
0.201961
0.202053
0.202147
0.202242
0.202339
0.202438
0.20254
0.202647
0.202761
0.202884
0.203021
0.203174
0.203349
0.203551
0.203786
0.20406
0.20438
0.204754
0.205189
0.205696
0.206283
0.206963
0.207749
0.208655
0.209698
0.210898
0.212277
0.213861
0.21568
0.217767
0.22016
0.222902
0.226042
0.229634
0.23374
0.238428
0.243774
0.249863
0.25679
0.26466
0.273589
0.283706
0.295156
0.308102
0.322732
0.339269
0.357994
0.379275
0.403627
0.43176
0.46462
0.503334
0.54907
0.602851
0.665406
0.737071
0.817683
0.906468
1.00199
1.10227
1.20511
1.30834
1.41007
1.5088
1.6034
1.69307
1.77729
1.85578
1.92842
1.99522
2.05631
2.11187
2.16217
2.20749
2.24815
2.28448
2.3168
2.34543
2.37067
2.39279
2.41203
2.4286
2.4427
2.45446
2.46404
2.47154
2.47707
2.4807
2.48251
2.48258
2.48097
2.47775
2.47299
2.46672
2.45892
2.44815
0.200701
0.200777
0.200855
0.200936
0.20102
0.201107
0.201197
0.20129
0.201388
0.201489
0.201596
0.201709
0.201832
0.201966
0.202115
0.202282
0.202472
0.20269
0.202941
0.203233
0.203572
0.203964
0.20442
0.204947
0.205557
0.20626
0.207069
0.208
0.209068
0.210293
0.211697
0.213304
0.215142
0.217243
0.219642
0.222379
0.2255
0.229054
0.233097
0.237692
0.242906
0.248816
0.255505
0.263065
0.271597
0.281213
0.292036
0.304204
0.317876
0.33324
0.350528
0.370049
0.392228
0.417657
0.447126
0.481601
0.522112
0.569613
0.624836
0.688214
0.759803
0.839194
0.925425
1.01702
1.11215
1.20889
1.30547
1.40034
1.49228
1.58039
1.66401
1.74273
1.81631
1.88464
1.94775
2.00574
2.05878
2.10708
2.15091
2.19052
2.2262
2.25823
2.28686
2.31235
2.33492
2.35476
2.37205
2.38693
2.39955
2.41
2.41839
2.4248
2.4293
2.43196
2.43286
2.43205
2.4296
2.42557
2.41993
2.41133
0.199996
0.200061
0.200129
0.200201
0.200277
0.200358
0.200443
0.200532
0.200627
0.200728
0.200837
0.200954
0.201081
0.201221
0.201377
0.201553
0.201753
0.201981
0.202244
0.202546
0.202896
0.2033
0.203767
0.204306
0.204926
0.20564
0.206461
0.207401
0.208479
0.209711
0.21112
0.212727
0.21456
0.216648
0.219024
0.221725
0.224793
0.228272
0.232214
0.236674
0.241713
0.247398
0.253801
0.261004
0.269092
0.278161
0.288314
0.299667
0.312351
0.326522
0.34237
0.360148
0.380202
0.403018
0.429247
0.459702
0.495285
0.536869
0.585181
0.64072
0.703703
0.773996
0.851032
0.933777
1.02081
1.11051
1.20123
1.29149
1.38003
1.46583
1.54816
1.62645
1.70036
1.76968
1.83433
1.89431
1.9497
2.00066
2.04736
2.09002
2.12887
2.16413
2.19603
2.22479
2.25062
2.27368
2.29415
2.31215
2.32782
2.34125
2.35254
2.36178
2.36902
2.37435
2.37783
2.37952
2.37949
2.37779
2.37439
2.36808
0.19946
0.199514
0.199573
0.199636
0.199704
0.199778
0.199856
0.199941
0.200033
0.200132
0.200239
0.200356
0.200485
0.200628
0.200788
0.200968
0.201173
0.201407
0.201675
0.201983
0.202337
0.202745
0.203216
0.203757
0.20438
0.205094
0.205913
0.206851
0.207922
0.209145
0.210539
0.212127
0.213932
0.215983
0.218309
0.220945
0.223928
0.227299
0.231104
0.235391
0.240216
0.245635
0.251712
0.258516
0.26612
0.274603
0.284052
0.294562
0.306239
0.31921
0.333627
0.349695
0.36769
0.388002
0.41116
0.437839
0.468812
0.504871
0.546718
0.594897
0.649736
0.711307
0.779355
0.853231
0.93191
1.01409
1.09834
1.18327
1.26764
1.35038
1.43066
1.50782
1.58141
1.65111
1.71674
1.77821
1.83551
1.88873
1.93796
1.98336
2.02511
2.06338
2.09837
2.13026
2.15923
2.18543
2.20901
2.23009
2.24878
2.26519
2.2794
2.29149
2.30153
2.30957
2.31569
2.31995
2.3224
2.3231
2.32205
2.31814
0.199069
0.199114
0.199164
0.199219
0.19928
0.199346
0.199419
0.199498
0.199585
0.19968
0.199785
0.1999
0.200029
0.200172
0.200332
0.200513
0.200719
0.200954
0.201222
0.20153
0.201883
0.20229
0.202757
0.203293
0.203909
0.204614
0.20542
0.206342
0.207394
0.208592
0.209955
0.211503
0.21326
0.21525
0.217502
0.220046
0.222916
0.226149
0.229785
0.233866
0.238441
0.243559
0.249275
0.255645
0.262731
0.270599
0.279318
0.288966
0.299628
0.311402
0.324411
0.338814
0.354829
0.372762
0.393036
0.416198
0.4429
0.473843
0.509693
0.551012
0.598207
0.651498
0.710863
0.775974
0.846164
0.920464
0.997704
1.07665
1.15611
1.23502
1.31248
1.38778
1.46034
1.52975
1.59575
1.65814
1.71685
1.77185
1.8232
1.87099
1.91531
1.95633
1.99417
2.02899
2.06093
2.09013
2.11671
2.14078
2.16245
2.18179
2.1989
2.21384
2.22667
2.23745
2.24625
2.25311
2.2581
2.26128
2.26263
2.26125
0.198807
0.198844
0.198887
0.198935
0.198988
0.199049
0.199115
0.199189
0.199272
0.199363
0.199463
0.199576
0.199701
0.199842
0.2
0.200179
0.200382
0.200614
0.200878
0.201181
0.201528
0.201927
0.202384
0.202908
0.203508
0.204194
0.204978
0.205873
0.206892
0.208051
0.209367
0.210859
0.212549
0.214459
0.216614
0.219042
0.221774
0.224841
0.228279
0.232126
0.236421
0.241208
0.246531
0.252439
0.25898
0.26621
0.274183
0.282959
0.292606
0.3032
0.314834
0.32763
0.341756
0.357447
0.375032
0.394948
0.417731
0.443984
0.474321
0.509302
0.549383
0.594886
0.645959
0.702524
0.764223
0.830412
0.900201
0.972559
1.04641
1.12073
1.19461
1.26726
1.33804
1.40647
1.47216
1.53486
1.59439
1.65067
1.70367
1.7534
1.79994
1.84335
1.88375
1.92124
1.95593
1.98794
2.01737
2.04431
2.06885
2.09105
2.111
2.12874
2.14435
2.15786
2.16935
2.17884
2.18641
2.1921
2.19593
2.19717
0.198661
0.198693
0.198731
0.198774
0.198822
0.198877
0.198939
0.199008
0.199086
0.199172
0.199268
0.199376
0.199497
0.199634
0.199787
0.199961
0.200158
0.200383
0.20064
0.200934
0.20127
0.201655
0.202095
0.2026
0.203177
0.203836
0.204589
0.205445
0.20642
0.207527
0.208782
0.210203
0.211808
0.213619
0.215658
0.217949
0.22052
0.223398
0.226614
0.2302
0.234191
0.238621
0.243527
0.24895
0.254929
0.261505
0.268722
0.276627
0.285269
0.294706
0.305008
0.316265
0.328601
0.342195
0.357295
0.37424
0.39346
0.415461
0.440786
0.469971
0.503493
0.541741
0.584983
0.633326
0.686663
0.74464
0.806657
0.871918
0.939515
1.00851
1.07802
1.14723
1.21546
1.28214
1.34682
1.40915
1.46889
1.52586
1.57998
1.63118
1.67948
1.7249
1.7675
1.80735
1.84453
1.87912
1.91119
1.94082
1.96808
1.99302
2.01571
2.03619
2.05451
2.07073
2.08487
2.097
2.10715
2.11538
2.12171
2.12568
0.198629
0.198659
0.198693
0.198733
0.198778
0.19883
0.198888
0.198953
0.199026
0.199108
0.199199
0.199302
0.199417
0.199548
0.199694
0.199861
0.20005
0.200265
0.20051
0.20079
0.20111
0.201476
0.201895
0.202374
0.202921
0.203545
0.204257
0.205067
0.205987
0.20703
0.208212
0.209547
0.211053
0.212748
0.214654
0.21679
0.21918
0.221849
0.224823
0.228128
0.231792
0.235846
0.240318
0.24524
0.250643
0.256559
0.26302
0.270061
0.277718
0.286032
0.295053
0.304846
0.315501
0.327146
0.339966
0.354215
0.370227
0.388411
0.409233
0.433181
0.460727
0.492294
0.528228
0.568766
0.613992
0.663797
0.717851
0.775615
0.836386
0.899366
0.963737
1.02871
1.09358
1.15772
1.22062
1.28186
1.34112
1.39816
1.45279
1.50493
1.5545
1.60148
1.64588
1.68773
1.72706
1.76393
1.79839
1.83049
1.86028
1.88779
1.91308
1.93619
1.95714
1.97598
1.99274
2.00746
2.02018
2.03094
2.03979
2.04659
0.198716
0.198745
0.198779
0.198818
0.198862
0.198911
0.198967
0.199029
0.199098
0.199175
0.199262
0.199359
0.199467
0.19959
0.199728
0.199885
0.200062
0.200264
0.200494
0.200757
0.201057
0.201399
0.201791
0.202238
0.202749
0.203331
0.203994
0.204748
0.205604
0.206573
0.20767
0.208907
0.210301
0.211867
0.213624
0.215589
0.217783
0.220226
0.22294
0.225947
0.22927
0.232932
0.236957
0.241369
0.24619
0.251445
0.257157
0.26335
0.270048
0.277281
0.285081
0.293493
0.302579
0.312429
0.323174
0.334999
0.348153
0.362956
0.379786
0.399068
0.421244
0.446739
0.475941
0.509171
0.54665
0.588462
0.634512
0.684511
0.737984
0.794318
0.852813
0.912747
0.973421
1.0342
1.09451
1.15388
1.21192
1.26832
1.32284
1.3753
1.42559
1.47362
1.51936
1.56278
1.60389
1.64271
1.67925
1.71355
1.74562
1.7755
1.80321
1.82878
1.85223
1.87359
1.89288
1.91013
1.92538
1.93864
1.94998
1.95969
0.198934
0.198967
0.199003
0.199043
0.199087
0.199136
0.19919
0.199249
0.199315
0.199388
0.199469
0.199559
0.19966
0.199774
0.199901
0.200046
0.200209
0.200395
0.200607
0.200848
0.201123
0.201438
0.201797
0.202207
0.202675
0.203209
0.203816
0.204507
0.205289
0.206176
0.207177
0.208306
0.209576
0.211001
0.212596
0.214377
0.216361
0.218564
0.221005
0.223701
0.22667
0.229931
0.233501
0.237398
0.241638
0.246238
0.251214
0.25658
0.262354
0.268553
0.275198
0.282317
0.289951
0.298159
0.307031
0.316696
0.327332
0.339178
0.352526
0.367726
0.385162
0.405235
0.428339
0.45484
0.485046
0.519179
0.557335
0.599448
0.645278
0.694422
0.746349
0.80045
0.856084
0.912624
0.969487
1.02615
1.08218
1.13719
1.19087
1.243
1.29339
1.34191
1.38846
1.43298
1.47544
1.5158
1.55407
1.59024
1.62431
1.65629
1.6862
1.71403
1.73981
1.76354
1.78524
1.80492
1.82261
1.83831
1.85211
1.8648
0.199313
0.19935
0.19939
0.199433
0.199478
0.199527
0.19958
0.199637
0.1997
0.199768
0.199843
0.199925
0.200017
0.20012
0.200235
0.200365
0.200512
0.200678
0.200868
0.201084
0.201331
0.201612
0.201934
0.202302
0.202722
0.203201
0.203746
0.204365
0.205067
0.205862
0.20676
0.207771
0.208906
0.210179
0.211602
0.213188
0.21495
0.216903
0.21906
0.221435
0.224043
0.226896
0.230008
0.233391
0.237055
0.241012
0.245271
0.24984
0.254729
0.259947
0.265506
0.271422
0.27772
0.284438
0.291632
0.299388
0.307829
0.317122
0.327482
0.339178
0.352524
0.367866
0.385572
0.406013
0.429537
0.456452
0.486991
0.52127
0.559268
0.600804
0.645549
0.693056
0.742793
0.794192
0.846687
0.899742
0.952872
1.00565
1.05772
1.10878
1.15859
1.20696
1.25373
1.29881
1.34211
1.38357
1.42315
1.46081
1.49654
1.53033
1.56215
1.59201
1.6199
1.64582
1.66976
1.69174
1.71176
1.72981
1.74598
1.76172
0.199893
0.199937
0.199981
0.200027
0.200074
0.200123
0.200175
0.200229
0.200287
0.20035
0.200417
0.20049
0.200571
0.200661
0.200761
0.200873
0.201
0.201144
0.201308
0.201495
0.201708
0.201953
0.202233
0.202553
0.202919
0.203336
0.203812
0.204353
0.204968
0.205663
0.206449
0.207333
0.208326
0.209438
0.210679
0.21206
0.213592
0.215285
0.217151
0.2192
0.221442
0.223886
0.226541
0.229414
0.232513
0.235843
0.239409
0.243214
0.247262
0.251557
0.256103
0.260909
0.265987
0.271359
0.27706
0.283143
0.289687
0.296803
0.304641
0.313392
0.323291
0.334617
0.347681
0.362819
0.380378
0.400697
0.424088
0.450799
0.480983
0.51467
0.551749
0.591971
0.634969
0.680289
0.727429
0.775877
0.825136
0.874751
0.924313
0.973468
1.02192
1.06941
1.11575
1.16077
1.20435
1.24639
1.2868
1.32553
1.36252
1.39774
1.43116
1.46275
1.4925
1.52037
1.54637
1.57047
1.59266
1.61295
1.63137
1.6502
0.200738
0.200787
0.200835
0.200883
0.200931
0.200979
0.201028
0.201077
0.201129
0.201183
0.20124
0.201302
0.201369
0.201442
0.201524
0.201615
0.201719
0.201836
0.20197
0.202123
0.202299
0.2025
0.202733
0.202999
0.203305
0.203655
0.204055
0.204512
0.205031
0.205619
0.206284
0.207034
0.207876
0.208818
0.20987
0.211038
0.212332
0.21376
0.215329
0.217047
0.218921
0.220957
0.22316
0.225534
0.228082
0.230806
0.233707
0.236785
0.240041
0.243472
0.24708
0.250867
0.254838
0.259004
0.263384
0.26801
0.272929
0.278209
0.283948
0.290271
0.297343
0.305363
0.314571
0.325239
0.33767
0.352186
0.369116
0.388773
0.411428
0.437278
0.466415
0.498809
0.534297
0.572599
0.613341
0.656087
0.700376
0.74575
0.791774
0.838053
0.884235
0.930016
0.975141
1.01939
1.0626
1.10461
1.14531
1.18459
1.22239
1.25864
1.29328
1.32626
1.35755
1.38711
1.41491
1.44092
1.46511
1.48748
1.50798
1.52996
0.201937
0.201989
0.202038
0.202085
0.20213
0.202174
0.202217
0.202258
0.2023
0.202342
0.202385
0.202431
0.20248
0.202532
0.202591
0.202656
0.202731
0.202816
0.202914
0.203028
0.20316
0.203313
0.203491
0.203698
0.203936
0.204212
0.204529
0.204893
0.205309
0.205782
0.206319
0.206925
0.207608
0.208372
0.209226
0.210174
0.211223
0.212379
0.213648
0.215033
0.21654
0.218171
0.219928
0.221814
0.223828
0.22597
0.228237
0.230628
0.23314
0.235769
0.238513
0.24137
0.244342
0.247433
0.250651
0.254013
0.257547
0.261291
0.265303
0.269661
0.274467
0.279852
0.285979
0.293044
0.301276
0.310939
0.322322
0.335733
0.351484
0.369867
0.391125
0.415421
0.442815
0.473244
0.506529
0.542387
0.580455
0.62033
0.66159
0.703822
0.74664
0.789691
0.832664
0.875288
0.917333
0.958605
0.998937
1.03819
1.07626
1.11304
1.14845
1.18243
1.2149
1.24582
1.27513
1.3028
1.32878
1.35303
1.37541
1.40056
0.203623
0.203672
0.203717
0.203758
0.203795
0.203828
0.203859
0.203886
0.203912
0.203936
0.203959
0.203982
0.204006
0.204032
0.20406
0.204093
0.204132
0.204178
0.204233
0.204299
0.204379
0.204476
0.204591
0.204729
0.204891
0.205083
0.205308
0.205569
0.205872
0.20622
0.206618
0.207072
0.207585
0.208162
0.208808
0.209528
0.210325
0.211204
0.212167
0.213217
0.214356
0.215585
0.216905
0.218314
0.219811
0.221393
0.223058
0.2248
0.226616
0.228501
0.230452
0.232464
0.234536
0.236669
0.238866
0.241135
0.243489
0.245951
0.248552
0.251335
0.254358
0.257699
0.261455
0.26575
0.270733
0.276585
0.283519
0.29178
0.301642
0.313399
0.327349
0.343773
0.362904
0.3849
0.409816
0.437596
0.468069
0.500972
0.53597
0.572693
0.610752
0.64977
0.689391
0.729292
0.769185
0.808818
0.847974
0.886467
0.924143
0.960865
0.99652
1.03101
1.06424
1.09614
1.12663
1.15566
1.18315
1.20906
1.23306
1.26142
0.205999
0.206036
0.206068
0.206093
0.206112
0.206126
0.206135
0.20614
0.20614
0.206136
0.206129
0.20612
0.206109
0.206097
0.206086
0.206075
0.206067
0.206063
0.206063
0.206071
0.206088
0.206115
0.206155
0.206211
0.206285
0.20638
0.206498
0.206644
0.206819
0.207028
0.207274
0.20756
0.207889
0.208266
0.208692
0.20917
0.209704
0.210295
0.210944
0.211652
0.21242
0.213248
0.214132
0.215073
0.216066
0.217108
0.218194
0.219321
0.220482
0.221674
0.222891
0.22413
0.225388
0.226664
0.227958
0.229274
0.230619
0.232004
0.233445
0.234964
0.236593
0.238371
0.24035
0.242598
0.245198
0.248254
0.251895
0.256275
0.261582
0.268033
0.275879
0.285394
0.296866
0.310576
0.32677
0.345629
0.367245
0.391601
0.41857
0.447933
0.479394
0.512613
0.547233
0.582895
0.619264
0.656029
0.692911
0.729668
0.76609
0.801991
0.837212
0.871613
0.905072
0.937484
0.968751
0.998779
1.02748
1.05479
1.08009
1.11167
0.209402
0.209413
0.209415
0.20941
0.209397
0.209376
0.209349
0.209314
0.209273
0.209226
0.209173
0.209115
0.209053
0.208987
0.208918
0.208847
0.208774
0.208701
0.208629
0.208559
0.208492
0.20843
0.208375
0.208329
0.208292
0.208268
0.208259
0.208265
0.208291
0.208338
0.208407
0.208502
0.208625
0.208777
0.20896
0.209175
0.209424
0.209706
0.210022
0.210372
0.210755
0.211168
0.211609
0.212076
0.212564
0.21307
0.213589
0.214116
0.214647
0.215177
0.215702
0.216218
0.216722
0.217215
0.217694
0.218163
0.218624
0.219085
0.219552
0.220039
0.22056
0.221136
0.221791
0.222557
0.223474
0.224592
0.225975
0.2277
0.229865
0.232589
0.23602
0.240334
0.245743
0.252489
0.26084
0.271075
0.283467
0.298247
0.315585
0.335553
0.358114
0.383125
0.410358
0.439513
0.470265
0.502271
0.5352
0.568744
0.602624
0.636583
0.6704
0.703875
0.736839
0.76914
0.800642
0.831203
0.86071
0.889112
0.915326
0.95009
0.214441
0.214399
0.214348
0.214286
0.214214
0.214132
0.214041
0.21394
0.21383
0.213711
0.213583
0.213447
0.213304
0.213152
0.212994
0.21283
0.21266
0.212484
0.212305
0.212122
0.211936
0.211748
0.21156
0.211372
0.211186
0.211002
0.210823
0.210649
0.210482
0.210322
0.210172
0.210031
0.209902
0.209784
0.209677
0.209583
0.209501
0.20943
0.20937
0.209318
0.209272
0.209232
0.209192
0.209151
0.209104
0.209048
0.208979
0.208892
0.208785
0.208652
0.208493
0.208304
0.208085
0.207835
0.207555
0.207247
0.206914
0.206561
0.206194
0.20582
0.205447
0.205086
0.204749
0.204451
0.204209
0.204045
0.203983
0.204057
0.204303
0.204772
0.205523
0.206633
0.208198
0.210337
0.213199
0.216965
0.221851
0.228105
0.235998
0.245801
0.257772
0.272118
0.288963
0.308332
0.330135
0.35418
0.380202
0.407878
0.436873
0.466859
0.497531
0.528604
0.559832
0.590979
0.621839
0.652193
0.681891
0.710911
0.737483
0.77527
0.222338
0.222195
0.222038
0.221868
0.221685
0.221488
0.221277
0.221054
0.220817
0.220567
0.220303
0.220027
0.219739
0.219437
0.219124
0.218798
0.21846
0.218111
0.21775
0.217379
0.216997
0.216605
0.216204
0.215793
0.215374
0.214947
0.214512
0.214069
0.21362
0.213164
0.212701
0.212232
0.211757
0.211274
0.210784
0.210286
0.209779
0.209262
0.208733
0.20819
0.207633
0.207057
0.206463
0.205846
0.205205
0.204538
0.203843
0.203119
0.202363
0.201577
0.20076
0.199912
0.199036
0.198134
0.197207
0.196261
0.195298
0.194325
0.193344
0.192364
0.191389
0.190426
0.189482
0.188564
0.187682
0.186843
0.186059
0.185339
0.184697
0.184149
0.183709
0.1834
0.183247
0.183282
0.18355
0.184106
0.185024
0.186399
0.188352
0.191034
0.194633
0.199371
0.2055
0.213294
0.223019
0.234913
0.249157
0.265835
0.284913
0.30625
0.329597
0.35464
0.381027
0.408374
0.436355
0.464649
0.492974
0.521427
0.547173
0.587114
0.235806
0.235438
0.235052
0.234645
0.234217
0.23377
0.233302
0.232814
0.232305
0.231775
0.231226
0.230655
0.230065
0.229454
0.228823
0.228172
0.227501
0.22681
0.2261
0.225371
0.224622
0.223855
0.223069
0.222264
0.221442
0.220602
0.219744
0.21887
0.217979
0.217072
0.216149
0.21521
0.214257
0.213289
0.212308
0.211314
0.210309
0.209292
0.208267
0.207233
0.206194
0.20515
0.204105
0.203062
0.202022
0.200991
0.19997
0.198965
0.197977
0.197013
0.196073
0.195163
0.194283
0.193436
0.192623
0.191844
0.1911
0.190389
0.189712
0.189067
0.188455
0.187875
0.187331
0.186823
0.186356
0.185933
0.185562
0.185243
0.184981
0.184783
0.18464
0.18456
0.184545
0.184599
0.184722
0.184917
0.185188
0.185543
0.185992
0.186554
0.187255
0.188138
0.189261
0.19071
0.192593
0.19506
0.198288
0.202497
0.207924
0.214831
0.22345
0.234006
0.24664
0.261414
0.278276
0.297133
0.317621
0.340108
0.360633
0.397502
0.261042
0.260092
0.259115
0.258111
0.257082
0.256029
0.254952
0.253852
0.252731
0.25159
0.25043
0.249253
0.24806
0.246854
0.245634
0.244405
0.243167
0.241923
0.240676
0.239427
0.238179
0.236935
0.235699
0.234473
0.233261
0.232067
0.230896
0.229751
0.228639
0.227563
0.226531
0.225548
0.224621
0.223758
0.222966
0.222253
0.221629
0.221101
0.22068
0.220375
0.220195
0.22015
0.220249
0.220499
0.220909
0.221483
0.222226
0.22314
0.224223
0.225473
0.226881
0.228439
0.23013
0.231941
0.233848
0.235831
0.237866
0.239925
0.24199
0.244029
0.246028
0.247963
0.249825
0.251607
0.253296
0.254915
0.256431
0.257844
0.259141
0.260322
0.261386
0.262327
0.263144
0.263828
0.264402
0.264889
0.26528
0.265561
0.265715
0.265733
0.265599
0.265306
0.264841
0.264208
0.2634
0.262438
0.261324
0.260111
0.25882
0.257549
0.256352
0.25539
0.254758
0.254698
0.255322
0.256972
0.259637
0.264139
0.268436
0.281641
0.319604
0.318209
0.316861
0.315563
0.314318
0.313129
0.311997
0.310927
0.30992
0.308979
0.308108
0.307309
0.306587
0.305944
0.305385
0.304912
0.304531
0.304246
0.30406
0.303978
0.304005
0.304147
0.304407
0.304792
0.305306
0.305956
0.306746
0.307683
0.308772
0.310019
0.31143
0.313011
0.314767
0.316704
0.318827
0.321141
0.323651
0.32636
0.329273
0.332392
0.33572
0.339255
0.343001
0.346953
0.351111
0.355468
0.360018
0.364756
0.369663
0.374737
0.379947
0.385291
0.390726
0.396244
0.401799
0.407363
0.412897
0.418341
0.423673
0.428808
0.433684
0.438249
0.442443
0.446206
0.449474
0.452199
0.45426
0.455624
0.456288
0.456265
0.455576
0.454254
0.452328
0.449849
0.446827
0.443282
0.439263
0.434831
0.43004
0.42495
0.419599
0.414043
0.408309
0.40245
0.396481
0.390457
0.384375
0.378297
0.3722
0.36616
0.360133
0.354219
0.34835
0.342665
0.337067
0.331745
0.326599
0.321758
0.317665
0.311866
0.664325
0.663915
0.663229
0.662275
0.661066
0.659614
0.657931
0.656028
0.653915
0.651601
0.649096
0.646406
0.643538
0.640499
0.637294
0.633925
0.630397
0.626711
0.622868
0.618869
0.614712
0.610396
0.605918
0.601274
0.59646
0.591471
0.586301
0.580942
0.575389
0.569632
0.563665
0.557479
0.551067
0.54442
0.537532
0.530396
0.523008
0.515363
0.507461
0.499301
0.490889
0.482229
0.473335
0.46422
0.454904
0.445413
0.435777
0.426033
0.416224
0.406398
0.396608
0.386915
0.37738
0.368071
0.359054
0.350397
0.342165
0.33442
0.327218
0.320606
0.314622
0.309292
0.304633
0.300647
0.297324
0.29463
0.292604
0.291184
0.290289
0.289843
0.289774
0.290019
0.290518
0.29122
0.292079
0.293056
0.294115
0.295228
0.296369
0.29752
0.298665
0.299792
0.30089
0.301953
0.302973
0.303947
0.304871
0.305743
0.30656
0.307322
0.308026
0.308674
0.309263
0.309795
0.310268
0.310684
0.311043
0.311339
0.311579
0.3118
0.000346548
0.00288946
0.00571603
0.00771233
0.00874066
0.00911804
0.00919157
0.00901465
0.00846534
0.00740064
0.00591554
0.00495453
0.00310546
0.00274357
0.011794
0.0174429
0.0420124
0.0658175
0.0894318
0.112804
0.135852
0.15846
0.180487
0.201791
0.222276
0.241913
0.260755
0.278924
0.296586
0.313932
0.331153
0.348428
0.365913
0.383742
0.402033
0.420903
0.440478
0.460918
0.482441
0.505314
0.529633
0.555154
0.582088
0.610482
0.64034
0.671616
0.704211
0.737957
0.772588
0.807694
0.842678
0.876737
0.908948
0.938188
0.963351
0.983451
0.99817
1.0075
1.01366
1.01128
0.997224
0.97299
0.940656
0.902521
0.860794
0.817478
0.774246
0.732371
0.692736
0.655879
0.622073
0.591392
0.563777
0.539083
0.517117
0.497662
0.480489
0.465372
0.452094
0.44045
0.430249
0.421315
0.413487
0.406618
0.400576
0.395243
0.390514
0.386297
0.382511
0.379089
0.375968
0.373103
0.370447
0.367976
0.36565
0.363472
0.361405
0.359461
0.357811
0.355517
0.00471681
0.010573
0.0147276
0.0151149
0.0136399
0.0119135
0.0104284
0.00933796
0.00830615
0.00660006
0.0125993
0.0353762
0.0538506
0.0722537
0.0912749
0.115196
0.144645
0.17962
0.221248
0.270422
0.326469
0.388334
0.454402
0.522736
0.591521
0.659335
0.725311
0.789127
0.850909
0.911078
0.970204
1.02889
1.08768
1.147
1.20712
1.26821
1.33029
1.39325
1.4569
1.52127
1.58698
1.65532
1.72634
1.80016
1.87675
1.95601
2.03773
2.12161
2.20719
2.29369
2.37998
2.46413
2.54385
2.61567
2.67623
2.72203
2.75101
2.76137
2.75152
2.71819
2.66031
2.58014
2.48199
2.37129
2.25357
2.13383
2.01611
1.90336
1.79754
1.69971
1.61034
1.52943
1.45667
1.39159
1.3336
1.28208
1.23638
1.19586
1.15992
1.12799
1.09954
1.07409
1.0512
1.03049
1.0116
0.994235
0.978145
0.963106
0.948934
0.93548
0.922611
0.910235
0.898251
0.886621
0.875251
0.864158
0.853276
0.84243
0.832943
0.817369
0.0123596
0.024662
0.0264954
0.0216556
0.016853
0.013115
0.0110211
0.0136198
0.0230454
0.0397117
0.0628021
0.087059
0.10869
0.131334
0.158664
0.194274
0.24181
0.302759
0.376601
0.460991
0.552869
0.648678
0.744796
0.838321
0.927466
1.01145
1.09035
1.16479
1.23566
1.30395
1.37058
1.43638
1.502
1.56797
1.63471
1.70252
1.77166
1.8424
1.91508
1.9898
2.06681
2.14609
2.22754
2.31095
2.39608
2.4826
2.57007
2.65784
2.74504
2.83033
2.91228
2.98842
3.05667
3.11268
3.15272
3.17195
3.1679
3.13944
3.08706
3.01299
2.92009
2.81211
2.69376
2.5701
2.44604
2.32566
2.21197
2.10686
2.01127
1.92545
1.84916
1.78182
1.72267
1.67087
1.62553
1.58579
1.55084
1.51995
1.49242
1.46768
1.44521
1.42455
1.40535
1.38729
1.37011
1.35363
1.33767
1.32211
1.30686
1.29185
1.27702
1.26234
1.24776
1.23329
1.21887
1.20454
1.19027
1.17595
1.16277
1.14217
0.0197318
0.0384636
0.0345355
0.0267363
0.0224307
0.0230556
0.0285477
0.0400595
0.0575104
0.0789118
0.101095
0.122138
0.145059
0.174541
0.214839
0.269021
0.337892
0.419525
0.510745
0.60751
0.706704
0.805732
0.902854
0.996984
1.08761
1.17462
1.25818
1.33868
1.41665
1.49269
1.56744
1.6415
1.71542
1.78969
1.86472
1.94085
2.0184
2.09749
2.17805
2.25998
2.34322
2.42764
2.51298
2.59881
2.68458
2.76947
2.85254
2.9324
3.00746
3.07506
3.13298
3.1771
3.20497
3.21215
3.19614
3.15505
3.08932
3.0013
2.89567
2.77861
2.65656
2.5354
2.41998
2.31378
2.21875
2.13558
2.064
2.00311
1.95172
1.90853
1.87227
1.84171
1.81577
1.79347
1.77399
1.7566
1.74072
1.72586
1.71164
1.69776
1.68399
1.67018
1.65621
1.642
1.62751
1.61273
1.59768
1.58235
1.56679
1.55101
1.53504
1.51891
1.50264
1.48625
1.46976
1.4532
1.43658
1.41984
1.40389
1.38024
0.027481
0.0518029
0.0469227
0.0401773
0.0395259
0.044569
0.0545893
0.0686453
0.0854855
0.103811
0.12337
0.146332
0.176789
0.218327
0.273093
0.340934
0.41949
0.505155
0.594954
0.68674
0.779506
0.872731
0.966103
1.05923
1.15166
1.24293
1.33266
1.42067
1.50696
1.5917
1.67523
1.75795
1.84028
1.92263
2.00538
2.08885
2.17316
2.25832
2.34416
2.43042
2.51682
2.60296
2.68831
2.77197
2.85295
2.92972
3.00053
3.0628
3.11392
3.14992
3.16796
3.16255
3.13185
3.07182
2.98121
2.86304
2.72378
2.57207
2.4179
2.27141
2.14145
2.03433
1.95287
1.89632
1.86129
1.84307
1.83688
1.83857
1.84492
1.8536
1.86297
1.87194
1.87978
1.88604
1.89044
1.89283
1.89316
1.89144
1.88774
1.88217
1.87484
1.86591
1.85551
1.8438
1.83094
1.81708
1.80235
1.7869
1.77082
1.75422
1.73718
1.71976
1.70204
1.68406
1.66587
1.6475
1.62897
1.6103
1.59209
1.56634
0.0356629
0.0679511
0.063178
0.0574919
0.0588226
0.0654003
0.0755524
0.088293
0.103455
0.121727
0.144929
0.175712
0.21657
0.268646
0.33126
0.402094
0.478303
0.557542
0.63885
0.722105
0.807742
0.896095
0.987162
1.08052
1.17545
1.27112
1.36674
1.46171
1.55563
1.64835
1.73987
1.8304
1.92019
2.00958
2.09878
2.18791
2.27703
2.36603
2.4546
2.5423
2.62856
2.71256
2.79341
2.86956
2.93948
3.00071
3.05066
3.08551
3.10175
3.09431
3.06002
2.99414
2.89308
2.75633
2.58888
2.39999
2.20245
2.01051
1.83811
1.69746
1.5972
1.54054
1.52437
1.54065
1.57925
1.63067
1.68744
1.74446
1.79852
1.8478
1.89139
1.92896
1.96052
1.98628
2.0066
2.02185
2.03245
2.03885
2.04146
2.04069
2.03694
2.03055
2.02187
2.01121
1.99887
1.9851
1.97012
1.95413
1.9373
1.91976
1.90163
1.88302
1.86399
1.84462
1.82496
1.80505
1.78495
1.76466
1.74459
1.71732
0.0453555
0.0848089
0.0795413
0.0731561
0.0743118
0.0807802
0.0912578
0.105537
0.12434
0.148854
0.180557
0.220647
0.269453
0.326153
0.38894
0.455719
0.524992
0.596206
0.669795
0.746619
0.827492
0.912863
1.0027
1.09648
1.19335
1.29232
1.39238
1.49266
1.59251
1.69152
1.78945
1.88626
1.98201
2.07671
2.17038
2.26294
2.35431
2.44422
2.53213
2.61742
2.69917
2.77601
2.84665
2.90863
2.95982
2.99672
3.01598
3.01303
2.9836
2.92354
2.82773
2.69277
2.52004
2.31573
2.09124
1.86216
1.64596
1.45905
1.31557
1.22582
1.19353
1.21373
1.27416
1.3599
1.45783
1.55843
1.65565
1.74603
1.82772
1.89993
1.96253
2.0158
2.06023
2.09645
2.12515
2.14704
2.16281
2.17313
2.17864
2.17993
2.17753
2.17195
2.16363
2.15298
2.14037
2.12612
2.1105
2.09373
2.07601
2.05749
2.03832
2.01859
1.99839
1.9778
1.95688
1.93568
1.91424
1.8926
1.87099
1.84261
0.0572628
0.100376
0.0941968
0.0876311
0.0914768
0.103819
0.122955
0.147756
0.177883
0.213384
0.254487
0.301142
0.352815
0.408552
0.467203
0.527893
0.590427
0.655248
0.72327
0.795486
0.87271
0.955356
1.04337
1.13625
1.23318
1.33317
1.43517
1.53819
1.64141
1.74416
1.846
1.94654
2.04546
2.14253
2.23748
2.33003
2.41988
2.50648
2.58893
2.66645
2.73761
2.80036
2.85312
2.8923
2.91535
2.91804
2.89641
2.8468
2.76372
2.64279
2.48222
2.28472
2.05795
1.81489
1.57276
1.3503
1.16463
1.02948
0.954901
0.944755
0.993341
1.086
1.20489
1.33485
1.46553
1.59071
1.70688
1.8123
1.90619
1.9884
2.05921
2.11917
2.16899
2.20947
2.24146
2.26579
2.28329
2.29475
2.30091
2.30245
2.3
2.29412
2.28532
2.27406
2.26074
2.24571
2.22925
2.21161
2.19297
2.17351
2.15336
2.13264
2.11142
2.08979
2.0678
2.04551
2.02297
2.0002
1.97734
1.94815
0.0683014
0.113042
0.109291
0.112222
0.134164
0.170374
0.21498
0.263081
0.311896
0.360359
0.408562
0.457024
0.50623
0.556489
0.608006
0.661073
0.716277
0.774434
0.836489
0.903335
0.975662
1.05381
1.13774
1.22701
1.32092
1.41854
1.51884
1.62079
1.72342
1.82585
1.92726
2.02692
2.12424
2.21867
2.30966
2.39663
2.47906
2.55596
2.62597
2.68817
2.74046
2.78008
2.80541
2.81188
2.79682
2.75673
2.68689
2.58283
2.44135
2.26284
2.05124
1.8155
1.56961
1.33116
1.11843
0.947146
0.828814
0.77115
0.777489
0.843357
0.955066
1.09441
1.24519
1.39627
1.54099
1.67579
1.79882
1.90929
2.00698
2.09208
2.16508
2.22664
2.27755
2.31869
2.35096
2.37527
2.39248
2.40344
2.40894
2.4097
2.40639
2.39963
2.38991
2.37773
2.36351
2.34759
2.33025
2.31174
2.29225
2.27194
2.25095
2.22937
2.20729
2.18479
2.16192
2.13874
2.11529
2.09162
2.06774
2.03799
0.0658971
0.121733
0.130705
0.163343
0.226769
0.307277
0.392012
0.47232
0.544209
0.607038
0.662024
0.711279
0.756905
0.800675
0.844131
0.888519
0.935031
0.984758
1.03866
1.09755
1.16204
1.23237
1.3085
1.39009
1.47653
1.56694
1.66033
1.7556
1.85158
1.94715
2.04125
2.13289
2.22123
2.30541
2.38456
2.45785
2.52444
2.58277
2.63107
2.6684
2.69192
2.69858
2.68699
2.65289
2.59288
2.50301
2.38002
2.22329
2.03429
1.81838
1.58545
1.34968
1.12777
0.936055
0.78755
0.690401
0.648895
0.664906
0.736469
0.854462
1.00342
1.16703
1.33272
1.49262
1.64243
1.78001
1.9044
2.01531
2.11283
2.19737
2.26954
2.33009
2.37986
2.41977
2.45074
2.4737
2.48956
2.49917
2.50335
2.50282
2.49829
2.49037
2.47958
2.4664
2.45126
2.43447
2.41632
2.39704
2.37681
2.35578
2.33408
2.3118
2.28903
2.26583
2.24226
2.21837
2.19421
2.16982
2.14515
2.11502
0.0669928
0.129361
0.169178
0.259944
0.387948
0.526521
0.657512
0.771678
0.866437
0.943392
1.00578
1.05745
1.1017
1.14132
1.1787
1.21557
1.25351
1.2939
1.33779
1.38603
1.43924
1.49766
1.56132
1.62995
1.70308
1.77984
1.85912
1.93982
2.02072
2.10055
2.17813
2.25225
2.32193
2.38602
2.4434
2.49302
2.53373
2.56334
2.58019
2.58332
2.56982
2.53688
2.48207
2.40157
2.2929
2.15528
1.98912
1.79738
1.5864
1.36642
1.15081
0.95422
0.790018
0.667913
0.592783
0.565677
0.586396
0.654825
0.76795
0.91623
1.08528
1.26114
1.43372
1.5971
1.74825
1.88578
2.00921
2.11855
2.21416
2.29659
2.36656
2.4249
2.4725
2.51029
2.53924
2.56028
2.57432
2.58223
2.58484
2.58287
2.57704
2.56793
2.55609
2.54197
2.52599
2.50845
2.48961
2.46969
2.44886
2.42728
2.40503
2.38222
2.35892
2.33519
2.31109
2.28666
2.26196
2.23701
2.21174
2.1814
0.0679497
0.142548
0.254737
0.448132
0.664648
0.867469
1.03992
1.17846
1.28593
1.36846
1.43239
1.48342
1.52533
1.56097
1.59286
1.6225
1.65143
1.68099
1.71228
1.7463
1.78385
1.82539
1.87101
1.92045
1.9731
2.02821
2.08486
2.14201
2.1984
2.25275
2.30382
2.35034
2.39129
2.42531
2.45123
2.46802
2.47399
2.46749
2.44696
2.41061
2.35531
2.27875
2.17951
2.05663
1.91007
1.74165
1.55541
1.35818
1.15966
0.971435
0.805271
0.671103
0.575384
0.520497
0.505468
0.528445
0.589494
0.690025
0.827833
0.993691
1.17409
1.35652
1.53245
1.69707
1.84801
1.98432
2.10585
2.21287
2.3059
2.38565
2.45293
2.50864
2.55372
2.58913
2.61584
2.63481
2.64696
2.65316
2.65421
2.65087
2.64382
2.63365
2.62089
2.60599
2.58932
2.57118
2.55182
2.53143
2.51018
2.48819
2.46557
2.44239
2.41872
2.39462
2.37014
2.34533
2.32024
2.2949
2.2692
2.23876
0.0666977
0.184887
0.499038
0.855741
1.16796
1.41233
1.59133
1.71892
1.80834
1.8725
1.92078
1.9593
1.99057
2.01624
2.03777
2.05601
2.07185
2.08638
2.10073
2.11595
2.13289
2.15193
2.17328
2.19684
2.22216
2.24856
2.27525
2.3013
2.32544
2.34655
2.36349
2.37513
2.38041
2.37849
2.36802
2.34775
2.31603
2.2707
2.21033
2.13366
2.03961
1.92733
1.79675
1.64899
1.48672
1.31455
1.13905
0.968512
0.812056
0.678236
0.573627
0.501991
0.464085
0.45829
0.482276
0.535505
0.62059
0.740663
0.893774
1.07054
1.25779
1.44404
1.62168
1.7865
1.93657
2.07123
2.19059
2.29511
2.38547
2.46249
2.52707
2.58018
2.62279
2.65591
2.6805
2.69755
2.70796
2.71261
2.71231
2.70779
2.69972
2.6887
2.67523
2.65975
2.64259
2.62404
2.60433
2.58366
2.56215
2.53993
2.51708
2.49368
2.4698
2.44548
2.42077
2.39572
2.37039
2.34479
2.31881
2.2884
0.0752913
0.554465
1.21919
1.73455
2.04856
2.22628
2.3171
2.36053
2.37896
2.38823
2.39535
2.40229
2.40851
2.41273
2.41415
2.41256
2.40824
2.40196
2.39462
2.38706
2.37994
2.37362
2.36816
2.3634
2.35891
2.35414
2.34851
2.34117
2.33131
2.31799
2.30018
2.27701
2.24723
2.20961
2.16314
2.10694
2.04005
1.96149
1.87046
1.76642
1.64939
1.52013
1.38045
1.23337
1.08329
0.935809
0.797265
0.674056
0.571708
0.494082
0.443004
0.418428
0.418953
0.442759
0.489102
0.559896
0.659735
0.792398
0.955549
1.13936
1.33095
1.51949
1.69791
1.86241
2.01134
2.1443
2.26155
2.36372
2.45162
2.52617
2.58834
2.63914
2.6796
2.71072
2.73351
2.74894
2.75792
2.76132
2.75995
2.75454
2.74573
2.73412
2.72018
2.70433
2.68689
2.66814
2.64828
2.62749
2.60589
2.5836
2.56069
2.53723
2.51327
2.48887
2.46407
2.43892
2.41347
2.38774
2.36161
2.33131
0.332135
2.0212
2.89432
3.16977
3.15083
3.02227
2.88338
2.77046
2.6897
2.63611
2.60139
2.57785
2.5595
2.54253
2.5249
2.50584
2.4854
2.46385
2.44148
2.41849
2.39501
2.37099
2.34628
2.32063
2.29369
2.26505
2.23396
2.19983
2.16215
2.12042
2.07407
2.02253
1.96517
1.90139
1.83053
1.75201
1.66535
1.57031
1.46699
1.35598
1.23847
1.11646
0.992742
0.87089
0.755035
0.64948
0.558187
0.484289
0.429757
0.395338
0.380775
0.385211
0.407685
0.447809
0.506758
0.588173
0.697554
0.838602
1.00837
1.19668
1.39094
1.58074
1.75936
1.92327
2.07104
2.20243
2.31784
2.41803
2.50388
2.5764
2.63662
2.68558
2.72434
2.75392
2.77534
2.78956
2.7975
2.80003
2.79794
2.79196
2.78272
2.77078
2.75663
2.74066
2.72316
2.70441
2.68458
2.66385
2.64234
2.62013
2.5973
2.57391
2.55001
2.52566
2.50089
2.47576
2.45031
2.42457
2.3984
2.36829
)
;

boundaryField
{
    outlet
    {
        type            zeroGradient;
    }
    inlet
    {
        type            fixedValue;
        value           uniform 0.2;
    }
    lowerWall
    {
        type            kqRWallFunction;
        value           nonuniform List<scalar> 
148
(
0.318932
0.614648
0.847398
0.983382
1.04837
1.06929
1.06479
1.04656
1.02179
0.994702
0.967631
0.941776
0.91769
0.895558
0.875368
0.857013
0.840346
0.825204
0.811433
0.798886
0.787433
0.776957
0.767357
0.758543
0.750439
0.742975
0.736094
0.729745
0.723868
0.718527
0.713052
0.710492
0.695912
0.000346548
0.00471681
0.0123596
0.0197318
0.027481
0.0356629
0.0453555
0.0572628
0.0683014
0.0658971
0.0669928
0.0679497
0.0666977
0.0752913
2.22045e-16
0.000346548
0.00288946
0.00571603
0.00771233
0.00874066
0.00911804
0.00919157
0.00901465
0.00846534
0.00740064
0.00591554
0.00495453
0.00310546
0.00274357
2.22045e-16
0.0174429
0.0420124
0.0658175
0.0894318
0.112804
0.135852
0.15846
0.180487
0.201791
0.222276
0.241913
0.260755
0.278924
0.296586
0.313932
0.331153
0.348428
0.365913
0.383742
0.402033
0.420903
0.440478
0.460918
0.482441
0.505314
0.529633
0.555154
0.582088
0.610482
0.64034
0.671616
0.704211
0.737957
0.772588
0.807694
0.842678
0.876737
0.908948
0.938188
0.963351
0.983451
0.99817
1.0075
1.01366
1.01128
0.997224
0.97299
0.940656
0.902521
0.860794
0.817478
0.774246
0.732371
0.692736
0.655879
0.622073
0.591392
0.563777
0.539083
0.517117
0.497662
0.480489
0.465372
0.452094
0.44045
0.430249
0.421315
0.413487
0.406618
0.400576
0.395243
0.390514
0.386297
0.382511
0.379089
0.375968
0.373103
0.370447
0.367976
0.36565
0.363472
0.361405
0.359461
0.357811
0.355517
)
;
    }
    upperWall
    {
        type            kqRWallFunction;
        value           nonuniform List<scalar> 
133
(
0.214305
0.253643
0.294732
0.333812
0.37003
0.40343
0.434072
0.462003
0.487308
0.510111
0.530563
0.548824
0.565063
0.579447
0.592141
0.603301
0.613077
0.621607
0.629017
0.635426
0.640941
0.645656
0.649662
0.653034
0.655845
0.658158
0.660029
0.661508
0.66264
0.663466
0.664021
0.664337
0.664447
0.664325
0.663915
0.663229
0.662275
0.661066
0.659614
0.657931
0.656028
0.653915
0.651601
0.649096
0.646406
0.643538
0.640499
0.637294
0.633925
0.630397
0.626711
0.622868
0.618869
0.614712
0.610396
0.605918
0.601274
0.59646
0.591471
0.586301
0.580942
0.575389
0.569632
0.563665
0.557479
0.551067
0.54442
0.537532
0.530396
0.523008
0.515363
0.507461
0.499301
0.490889
0.482229
0.473335
0.46422
0.454904
0.445413
0.435777
0.426033
0.416224
0.406398
0.396608
0.386915
0.37738
0.368071
0.359054
0.350397
0.342165
0.33442
0.327218
0.320606
0.314622
0.309292
0.304633
0.300647
0.297324
0.29463
0.292604
0.291184
0.290289
0.289843
0.289774
0.290019
0.290518
0.29122
0.292079
0.293056
0.294115
0.295228
0.296369
0.29752
0.298665
0.299792
0.30089
0.301953
0.302973
0.303947
0.304871
0.305743
0.30656
0.307322
0.308026
0.308674
0.309263
0.309795
0.310268
0.310684
0.311043
0.311339
0.311579
0.3118
)
;
    }
    frontAndBack
    {
        type            empty;
    }
}


// ************************************************************************* //
