/*--------------------------------*- C++ -*----------------------------------*\
  =========                 |
  \\      /  F ield         | OpenFOAM: The Open Source CFD Toolbox
   \\    /   O peration     | Website:  https://openfoam.org
    \\  /    A nd           | Version:  10
     \\/     M anipulation  |
\*---------------------------------------------------------------------------*/
FoamFile
{
    format      ascii;
    class       volScalarField;
    location    "0.13";
    object      k;
}
// * * * * * * * * * * * * * * * * * * * * * * * * * * * * * * * * * * * * * //

dimensions      [0 2 -2 0 0 0 0];

internalField   nonuniform List<scalar> 
6820
(
0.196709
0.190616
0.184994
0.179725
0.174798
0.17025
0.166115
0.162408
0.159125
0.156248
0.153751
0.1516
0.149765
0.148213
0.146914
0.14584
0.144967
0.144271
0.143733
0.143333
0.143055
0.142884
0.142808
0.142814
0.142893
0.143035
0.143228
0.143489
0.143697
0.14438
0.143047
0.15132
0.114719
0.201954
0.200831
0.197543
0.193922
0.19084
0.188583
0.187152
0.186425
0.186253
0.186503
0.18707
0.187873
0.188852
0.189961
0.191167
0.192444
0.193772
0.195134
0.196517
0.197911
0.199307
0.200699
0.202082
0.203452
0.204808
0.20615
0.207482
0.208814
0.210162
0.211634
0.213023
0.215872
0.216447
0.200488
0.200475
0.199118
0.19707
0.194842
0.192691
0.190724
0.188985
0.187487
0.186229
0.185202
0.184388
0.18377
0.183328
0.183041
0.182892
0.182863
0.182939
0.183108
0.183355
0.183672
0.184047
0.184473
0.184944
0.185452
0.185993
0.186564
0.187167
0.187792
0.188476
0.18914
0.189969
0.190557
0.199661
0.199121
0.198219
0.196983
0.195545
0.194012
0.192458
0.190931
0.189463
0.188074
0.186776
0.185577
0.184478
0.183481
0.182582
0.181777
0.181061
0.180429
0.179875
0.179394
0.17898
0.178627
0.178332
0.178089
0.177894
0.177744
0.177635
0.177568
0.177538
0.177553
0.177603
0.177709
0.177853
0.199429
0.198466
0.197531
0.196513
0.195399
0.194214
0.192987
0.19174
0.190495
0.189268
0.18807
0.186909
0.185794
0.184728
0.183714
0.182754
0.181847
0.180993
0.180192
0.179441
0.178739
0.178084
0.177473
0.176905
0.176377
0.175888
0.175435
0.175019
0.174636
0.174289
0.173974
0.173692
0.173439
0.199398
0.198267
0.197202
0.196166
0.195133
0.194088
0.193029
0.191959
0.190884
0.189813
0.188751
0.187705
0.186679
0.185679
0.184705
0.183763
0.182852
0.181973
0.181129
0.180317
0.17954
0.178795
0.178083
0.177402
0.176752
0.176132
0.175542
0.17498
0.174445
0.173938
0.173458
0.173003
0.172573
0.199395
0.19822
0.197098
0.196021
0.194978
0.193957
0.192953
0.191959
0.190974
0.189998
0.189033
0.18808
0.187142
0.18622
0.185316
0.184432
0.18357
0.182729
0.181911
0.181117
0.180347
0.1796
0.178878
0.178179
0.177503
0.176851
0.176221
0.175614
0.17503
0.174467
0.173925
0.173405
0.172905
0.199395
0.198211
0.197069
0.195969
0.194908
0.193881
0.192884
0.191912
0.190962
0.19003
0.189116
0.188219
0.187338
0.186474
0.185627
0.184797
0.183985
0.18319
0.182415
0.181657
0.180919
0.1802
0.179499
0.178818
0.178155
0.177511
0.176886
0.176279
0.17569
0.175119
0.174566
0.174031
0.173513
0.199395
0.198209
0.197063
0.195955
0.194884
0.19385
0.192848
0.191877
0.190935
0.190017
0.189124
0.188252
0.187401
0.18657
0.185757
0.184963
0.184187
0.183429
0.182688
0.181965
0.181259
0.180569
0.179897
0.179241
0.178602
0.177979
0.177372
0.176781
0.176206
0.175647
0.175103
0.174575
0.174063
0.199395
0.198209
0.197061
0.195951
0.194877
0.193838
0.192833
0.19186
0.190917
0.190002
0.189114
0.188251
0.187412
0.186595
0.1858
0.185025
0.18427
0.183534
0.182816
0.182115
0.181432
0.180766
0.180116
0.179482
0.178865
0.178262
0.177675
0.177102
0.176545
0.176002
0.175473
0.174959
0.174458
0.199395
0.198209
0.197061
0.19595
0.194875
0.193834
0.192827
0.191852
0.190908
0.189992
0.189105
0.188244
0.187408
0.186597
0.185808
0.185042
0.184296
0.183571
0.182865
0.182177
0.181508
0.180856
0.180221
0.179602
0.178999
0.178412
0.177839
0.177282
0.176738
0.176209
0.175694
0.175193
0.174705
0.199395
0.198209
0.19706
0.195949
0.194874
0.193833
0.192825
0.191849
0.190903
0.189987
0.189099
0.188238
0.187403
0.186593
0.185806
0.185042
0.1843
0.183579
0.182879
0.182197
0.181535
0.18089
0.180263
0.179653
0.179059
0.17848
0.177917
0.177369
0.176836
0.176316
0.175811
0.175319
0.17484
0.199395
0.198209
0.19706
0.195949
0.194873
0.193832
0.192824
0.191847
0.190901
0.189985
0.189096
0.188235
0.187399
0.186589
0.185803
0.185039
0.184298
0.183579
0.18288
0.182201
0.181541
0.1809
0.180276
0.17967
0.17908
0.178506
0.177948
0.177406
0.176877
0.176363
0.175864
0.175377
0.174904
0.199395
0.198209
0.19706
0.195949
0.194873
0.193831
0.192823
0.191846
0.1909
0.189983
0.189094
0.188232
0.187397
0.186586
0.1858
0.185036
0.184295
0.183576
0.182878
0.182199
0.18154
0.1809
0.180278
0.179673
0.179085
0.178513
0.177958
0.177417
0.176891
0.17638
0.175883
0.1754
0.174929
0.199395
0.198208
0.19706
0.195948
0.194872
0.193831
0.192822
0.191845
0.190899
0.189982
0.189093
0.188231
0.187395
0.186584
0.185797
0.185034
0.184293
0.183573
0.182875
0.182197
0.181538
0.180898
0.180276
0.179671
0.179084
0.178513
0.177958
0.177418
0.176894
0.176384
0.175888
0.175405
0.174936
0.199395
0.198208
0.19706
0.195948
0.194872
0.19383
0.192822
0.191845
0.190898
0.189981
0.189091
0.188229
0.187393
0.186582
0.185795
0.185032
0.18429
0.183571
0.182872
0.182194
0.181535
0.180895
0.180273
0.179668
0.179081
0.17851
0.177955
0.177416
0.176891
0.176382
0.175886
0.175404
0.174935
0.199395
0.198208
0.19706
0.195948
0.194872
0.19383
0.192821
0.191844
0.190897
0.18998
0.18909
0.188228
0.187392
0.18658
0.185793
0.18503
0.184288
0.183569
0.18287
0.182191
0.181532
0.180892
0.18027
0.179665
0.179078
0.178507
0.177952
0.177412
0.176888
0.176378
0.175882
0.1754
0.174931
0.199395
0.198208
0.19706
0.195948
0.194872
0.19383
0.192821
0.191843
0.190897
0.189979
0.189089
0.188227
0.18739
0.186579
0.185792
0.185028
0.184286
0.183567
0.182868
0.182189
0.18153
0.180889
0.180267
0.179662
0.179075
0.178504
0.177948
0.177409
0.176884
0.176374
0.175877
0.175395
0.174926
0.199395
0.198208
0.197059
0.195948
0.194871
0.193829
0.19282
0.191843
0.190896
0.189978
0.189088
0.188226
0.187389
0.186578
0.18579
0.185026
0.184285
0.183565
0.182866
0.182187
0.181527
0.180887
0.180264
0.17966
0.179072
0.1785
0.177945
0.177405
0.17688
0.176369
0.175873
0.17539
0.17492
0.199395
0.198208
0.197059
0.195948
0.194871
0.193829
0.19282
0.191843
0.190895
0.189978
0.189088
0.188225
0.187388
0.186577
0.185789
0.185025
0.184283
0.183563
0.182864
0.182185
0.181525
0.180884
0.180262
0.179657
0.179069
0.178497
0.177942
0.177401
0.176876
0.176365
0.175869
0.175385
0.174915
0.199395
0.198208
0.197059
0.195947
0.194871
0.193829
0.19282
0.191842
0.190895
0.189977
0.189087
0.188224
0.187387
0.186576
0.185788
0.185024
0.184282
0.183561
0.182862
0.182183
0.181523
0.180882
0.180259
0.179654
0.179066
0.178494
0.177938
0.177398
0.176872
0.176361
0.175864
0.175381
0.17491
0.199395
0.198208
0.197059
0.195947
0.194871
0.193829
0.19282
0.191842
0.190895
0.189976
0.189086
0.188223
0.187387
0.186575
0.185787
0.185022
0.18428
0.18356
0.182861
0.182181
0.181521
0.18088
0.180257
0.179652
0.179063
0.178491
0.177935
0.177395
0.176869
0.176357
0.17586
0.175376
0.174905
0.199395
0.198208
0.197059
0.195947
0.194871
0.193829
0.192819
0.191842
0.190894
0.189976
0.189086
0.188223
0.187386
0.186574
0.185786
0.185021
0.184279
0.183559
0.182859
0.18218
0.181519
0.180878
0.180255
0.17965
0.179061
0.178489
0.177932
0.177391
0.176865
0.176354
0.175856
0.175372
0.174901
0.199395
0.198208
0.197059
0.195947
0.194871
0.193829
0.192819
0.191841
0.190894
0.189976
0.189086
0.188222
0.187385
0.186573
0.185785
0.18502
0.184278
0.183558
0.182858
0.182178
0.181518
0.180876
0.180253
0.179647
0.179059
0.178486
0.17793
0.177388
0.176862
0.17635
0.175852
0.175368
0.174896
0.199395
0.198208
0.197059
0.195947
0.194871
0.193829
0.192819
0.191841
0.190894
0.189975
0.189085
0.188222
0.187385
0.186572
0.185784
0.18502
0.184277
0.183556
0.182856
0.182177
0.181516
0.180875
0.180251
0.179645
0.179056
0.178484
0.177927
0.177385
0.176859
0.176347
0.175848
0.175363
0.174892
0.199395
0.198208
0.197059
0.195947
0.194871
0.193828
0.192819
0.191841
0.190894
0.189975
0.189085
0.188222
0.187384
0.186572
0.185784
0.185019
0.184276
0.183555
0.182855
0.182175
0.181515
0.180873
0.18025
0.179643
0.179054
0.178481
0.177924
0.177383
0.176856
0.176343
0.175845
0.17536
0.174888
0.199395
0.198208
0.197059
0.195947
0.194871
0.193828
0.192819
0.191841
0.190893
0.189975
0.189084
0.188221
0.187384
0.186571
0.185783
0.185018
0.184276
0.183555
0.182854
0.182174
0.181514
0.180872
0.180248
0.179642
0.179052
0.178479
0.177922
0.17738
0.176853
0.17634
0.175842
0.175356
0.174884
0.199395
0.198208
0.197059
0.195947
0.194871
0.193828
0.192819
0.191841
0.190893
0.189975
0.189084
0.188221
0.187384
0.186571
0.185783
0.185018
0.184275
0.183554
0.182854
0.182173
0.181513
0.180871
0.180247
0.17964
0.179051
0.178477
0.17792
0.177378
0.176851
0.176338
0.175839
0.175353
0.17488
0.199395
0.198208
0.197059
0.195947
0.194871
0.193828
0.192819
0.191841
0.190893
0.189975
0.189084
0.188221
0.187383
0.186571
0.185782
0.185017
0.184274
0.183553
0.182853
0.182173
0.181512
0.180869
0.180245
0.179639
0.179049
0.178476
0.177918
0.177376
0.176848
0.176335
0.175836
0.17535
0.174877
0.199395
0.198208
0.197059
0.195947
0.194871
0.193828
0.192819
0.191841
0.190893
0.189975
0.189085
0.188221
0.187384
0.186571
0.185783
0.185017
0.184275
0.183553
0.182853
0.182172
0.181511
0.180869
0.180245
0.179638
0.179048
0.178475
0.177917
0.177375
0.176847
0.176333
0.175834
0.175348
0.174875
0.199395
0.198208
0.197059
0.195947
0.194871
0.193828
0.192819
0.191841
0.190893
0.189975
0.189084
0.188221
0.187383
0.186571
0.185782
0.185017
0.184274
0.183553
0.182853
0.182172
0.181511
0.180869
0.180244
0.179638
0.179048
0.178474
0.177916
0.177374
0.176846
0.176332
0.175832
0.175346
0.174873
0.199395
0.198208
0.197059
0.195948
0.194871
0.193829
0.19282
0.191843
0.190895
0.189977
0.189087
0.188223
0.187386
0.186573
0.185785
0.18502
0.184277
0.183555
0.182855
0.182174
0.181513
0.180871
0.180246
0.179639
0.179049
0.178475
0.177917
0.177374
0.176846
0.176332
0.175832
0.175345
0.174872
0.199395
0.198209
0.19706
0.195949
0.194872
0.19383
0.192821
0.191843
0.190896
0.189977
0.189087
0.188224
0.187387
0.186574
0.185786
0.185021
0.184278
0.183557
0.182856
0.182176
0.181515
0.180872
0.180248
0.17964
0.17905
0.178476
0.177917
0.177374
0.176845
0.176331
0.17583
0.175343
0.174868
0.199395
0.198208
0.19706
0.19595
0.194875
0.193835
0.192827
0.191851
0.190904
0.189987
0.189097
0.188234
0.187397
0.186584
0.185796
0.18503
0.184287
0.183565
0.182864
0.182182
0.18152
0.180876
0.180251
0.179642
0.17905
0.178474
0.177914
0.177368
0.176837
0.176321
0.175817
0.175327
0.17485
0.199396
0.198212
0.197066
0.195957
0.194883
0.193842
0.192834
0.191857
0.190911
0.189993
0.189104
0.188241
0.187403
0.18659
0.185801
0.185034
0.184289
0.183565
0.182861
0.182176
0.181511
0.180863
0.180232
0.179619
0.179021
0.17844
0.177873
0.177321
0.176784
0.17626
0.175749
0.175252
0.174767
0.199396
0.198213
0.197071
0.195969
0.194902
0.193869
0.192866
0.191892
0.190947
0.190029
0.189137
0.188269
0.187426
0.186606
0.185808
0.185031
0.184275
0.183539
0.182822
0.182124
0.181444
0.180781
0.180134
0.179504
0.17889
0.178291
0.177707
0.177137
0.176581
0.176039
0.175509
0.174993
0.174488
0.199402
0.198241
0.197115
0.196019
0.194953
0.193916
0.192909
0.191928
0.190972
0.19004
0.189131
0.188244
0.187379
0.186535
0.185711
0.184906
0.184121
0.183355
0.182606
0.181876
0.181163
0.180467
0.179787
0.179123
0.178475
0.177841
0.177223
0.176618
0.176028
0.175451
0.174888
0.174337
0.173799
0.199421
0.198284
0.197214
0.196182
0.195158
0.194135
0.193117
0.192109
0.191115
0.19014
0.189185
0.188253
0.187344
0.186458
0.185596
0.184755
0.183936
0.183139
0.182361
0.181603
0.180863
0.180142
0.179438
0.17875
0.178079
0.177424
0.176784
0.176159
0.175548
0.174952
0.174369
0.173799
0.173243
0.199655
0.198885
0.198077
0.197303
0.196604
0.195977
0.195406
0.194883
0.1944
0.193955
0.193547
0.193174
0.192835
0.19253
0.192257
0.192015
0.191803
0.191618
0.19146
0.191327
0.191218
0.19113
0.191063
0.191015
0.190986
0.190973
0.190976
0.190995
0.191027
0.191072
0.191129
0.191198
0.191277
0.205419
0.216602
0.227661
0.238503
0.249093
0.259416
0.269459
0.279212
0.288667
0.297817
0.306658
0.315188
0.323405
0.331312
0.338909
0.346202
0.353194
0.359892
0.366302
0.372431
0.378286
0.383875
0.389208
0.394292
0.399135
0.403748
0.408138
0.412313
0.416283
0.420057
0.423641
0.427044
0.430278
0.31766
0.627504
0.945613
1.2359
1.4769
1.65802
1.78024
1.85326
1.88983
1.90232
1.90049
1.89094
1.87766
1.86285
1.84762
1.83256
1.81806
1.80445
1.79206
1.78114
1.77185
1.76422
1.75819
1.75352
1.74992
1.74699
1.74427
1.74131
1.73763
1.7328
1.72639
1.71803
1.7074
1.69424
1.67837
1.6597
1.63822
1.61402
1.58729
1.55827
1.52728
1.49465
1.46075
1.42592
1.3905
1.35474
1.31882
1.28282
1.2467
1.21031
1.17336
1.13546
1.09612
1.05477
1.01082
0.963718
0.912968
0.858229
0.799381
0.736603
0.670461
0.601987
0.532736
0.464783
0.400604
0.342781
0.293513
0.254073
0.224483
0.203642
0.189839
0.181288
0.176454
0.174151
0.173513
0.173927
0.17497
0.176357
0.177902
0.179494
0.181072
0.182614
0.18412
0.185611
0.187111
0.18865
0.19025
0.191928
0.193684
0.195509
0.197377
0.199254
0.201097
0.20286
0.204497
0.205967
0.207237
0.208279
0.209081
0.209757
0.229021
0.256918
0.299965
0.359241
0.434955
0.525761
0.628355
0.737828
0.848373
0.954283
1.05072
1.13428
1.2033
1.25782
1.29913
1.32929
1.3506
1.36517
1.37476
1.38073
1.38405
1.38542
1.3853
1.38399
1.38166
1.37837
1.37406
1.36863
1.36193
1.35379
1.34403
1.33247
1.31895
1.30336
1.28562
1.26572
1.24372
1.21978
1.19409
1.16695
1.13865
1.10954
1.07997
1.05025
1.02066
0.991425
0.962662
0.934412
0.9066
0.879043
0.851448
0.823423
0.794504
0.764177
0.731924
0.697269
0.659839
0.619425
0.576054
0.530058
0.482136
0.43338
0.385266
0.339536
0.297984
0.262128
0.232881
0.210368
0.194005
0.182785
0.175588
0.171388
0.16934
0.16878
0.169207
0.170251
0.171648
0.173215
0.17483
0.176421
0.177951
0.179408
0.180801
0.182153
0.183492
0.18485
0.186254
0.187724
0.189271
0.190892
0.192571
0.194281
0.195986
0.197644
0.199213
0.20065
0.201921
0.202998
0.203852
0.204668
0.191333
0.193441
0.197923
0.205383
0.216139
0.230597
0.24924
0.272836
0.302236
0.338043
0.380325
0.428468
0.481169
0.536568
0.592492
0.646763
0.697472
0.743187
0.783048
0.816749
0.844438
0.866578
0.883791
0.896728
0.90598
0.912029
0.915242
0.915885
0.914148
0.910175
0.904076
0.89594
0.885845
0.873867
0.860097
0.844651
0.827686
0.809401
0.790041
0.769881
0.749217
0.728345
0.707549
0.68708
0.667141
0.647873
0.629345
0.611546
0.59438
0.577665
0.56114
0.544475
0.527288
0.509174
0.489739
0.46864
0.445637
0.420645
0.393783
0.365418
0.336181
0.306949
0.278768
0.252717
0.229732
0.21044
0.195062
0.183439
0.175145
0.169627
0.166313
0.164683
0.164288
0.164761
0.165808
0.167203
0.168779
0.170415
0.17203
0.173578
0.175033
0.176392
0.177668
0.178883
0.180067
0.18125
0.182463
0.183731
0.185068
0.186479
0.187958
0.189484
0.191029
0.192557
0.194028
0.195402
0.196645
0.197728
0.198607
0.199526
0.177979
0.178144
0.178513
0.179254
0.180513
0.182406
0.185045
0.18857
0.193136
0.198944
0.206256
0.215361
0.226531
0.239983
0.25582
0.273988
0.294242
0.316138
0.339071
0.362325
0.385162
0.406892
0.426937
0.444864
0.460388
0.473353
0.483712
0.491498
0.496806
0.49978
0.50059
0.499422
0.496466
0.491906
0.485926
0.478709
0.470449
0.461352
0.451634
0.441515
0.431212
0.420929
0.410846
0.401113
0.391839
0.383089
0.374883
0.367191
0.35993
0.352973
0.346143
0.339226
0.331981
0.324152
0.315497
0.30581
0.294958
0.282911
0.26977
0.255786
0.241349
0.226964
0.213187
0.200546
0.189466
0.180215
0.172886
0.16742
0.163649
0.16134
0.160235
0.160077
0.160628
0.16168
0.163058
0.164619
0.166255
0.167885
0.169454
0.170929
0.172293
0.173549
0.174707
0.17579
0.176826
0.177845
0.178877
0.179949
0.181081
0.182283
0.183556
0.184887
0.186255
0.187631
0.188979
0.190263
0.191449
0.192508
0.193386
0.194368
0.173146
0.172811
0.17251
0.172283
0.172159
0.172166
0.172331
0.172679
0.173233
0.174019
0.175071
0.176436
0.178166
0.180321
0.18296
0.186137
0.189894
0.194252
0.199203
0.204704
0.210672
0.216987
0.223497
0.230029
0.236397
0.242419
0.247925
0.252769
0.256839
0.260065
0.262416
0.2639
0.264556
0.264444
0.263642
0.262238
0.26033
0.258022
0.255417
0.252622
0.249735
0.246844
0.244025
0.241335
0.238818
0.236495
0.234369
0.232425
0.230626
0.228913
0.227211
0.225421
0.223431
0.22112
0.218368
0.21507
0.211152
0.206587
0.201414
0.195741
0.189745
0.18366
0.177746
0.172258
0.167416
0.163381
0.160241
0.158016
0.156665
0.1561
0.156205
0.156852
0.157908
0.159251
0.160772
0.162379
0.163998
0.165573
0.167064
0.168446
0.169711
0.170858
0.1719
0.172857
0.173754
0.17462
0.175484
0.176372
0.177308
0.178307
0.179373
0.180504
0.181684
0.18289
0.184095
0.185264
0.186365
0.187373
0.188223
0.189228
0.172092
0.171549
0.171015
0.170497
0.170003
0.169543
0.169127
0.168766
0.168466
0.168232
0.168071
0.167985
0.167984
0.168074
0.168267
0.168572
0.169
0.169558
0.170252
0.171081
0.17204
0.173116
0.174291
0.175538
0.176827
0.17812
0.179377
0.180558
0.181625
0.182546
0.183297
0.183862
0.184236
0.184422
0.184431
0.184277
0.183984
0.183574
0.183075
0.182514
0.181918
0.181311
0.180714
0.180144
0.179613
0.179129
0.178693
0.178301
0.17794
0.177594
0.177236
0.176832
0.176339
0.175711
0.174897
0.173849
0.17253
0.170919
0.169022
0.166877
0.164554
0.162151
0.159789
0.157595
0.155688
0.154167
0.153097
0.152511
0.152406
0.152746
0.153476
0.154525
0.155815
0.15727
0.158817
0.160394
0.161947
0.163436
0.164829
0.166109
0.167268
0.168306
0.169236
0.170073
0.170841
0.171565
0.172273
0.172992
0.173744
0.174547
0.175413
0.176343
0.177329
0.178356
0.1794
0.180433
0.181426
0.182355
0.183153
0.184142
0.172344
0.171714
0.171086
0.170464
0.16985
0.169245
0.168653
0.168079
0.167526
0.166996
0.166492
0.166017
0.165571
0.165156
0.164774
0.164427
0.164116
0.163844
0.163611
0.163419
0.163267
0.163153
0.163075
0.163029
0.163008
0.163006
0.163015
0.163024
0.163026
0.163012
0.162974
0.162906
0.162806
0.162671
0.162502
0.1623
0.162069
0.161815
0.161541
0.161253
0.160958
0.160661
0.160366
0.160077
0.159797
0.159526
0.159267
0.159016
0.158771
0.158526
0.158275
0.158006
0.157707
0.157363
0.156955
0.156469
0.155889
0.155209
0.15443
0.153568
0.152654
0.151732
0.150859
0.150099
0.149513
0.149158
0.149071
0.149276
0.149773
0.150546
0.151561
0.152775
0.154137
0.155596
0.157099
0.1586
0.160059
0.161444
0.162729
0.163901
0.164952
0.165883
0.166704
0.167428
0.168076
0.16867
0.169236
0.169798
0.17038
0.171002
0.171676
0.17241
0.173202
0.174042
0.174914
0.175796
0.176661
0.177488
0.17821
0.179142
0.17293
0.172272
0.171614
0.170956
0.1703
0.169647
0.168997
0.168354
0.167719
0.167093
0.166478
0.165876
0.165287
0.164713
0.164153
0.16361
0.163082
0.162572
0.16208
0.161605
0.161149
0.160711
0.160291
0.159888
0.159502
0.15913
0.158773
0.158427
0.158091
0.157761
0.157437
0.157116
0.156796
0.156476
0.156156
0.155835
0.155513
0.155191
0.154869
0.154546
0.154224
0.153902
0.15358
0.153257
0.152934
0.15261
0.152285
0.151957
0.151626
0.151292
0.150953
0.150608
0.150254
0.149891
0.149516
0.149127
0.148723
0.148308
0.147886
0.147469
0.147075
0.146729
0.14646
0.146301
0.146285
0.146441
0.146789
0.14734
0.148094
0.149036
0.150145
0.151389
0.15273
0.15413
0.155549
0.15695
0.158301
0.159573
0.160747
0.161809
0.162753
0.16358
0.164296
0.164914
0.16545
0.165925
0.166362
0.166782
0.167209
0.167662
0.168157
0.168704
0.169307
0.169961
0.170655
0.171373
0.172094
0.172799
0.173426
0.174265
0.173483
0.172828
0.172171
0.171512
0.170852
0.170192
0.169532
0.168873
0.168216
0.167563
0.166915
0.166273
0.165638
0.165011
0.164392
0.163783
0.163183
0.162594
0.162015
0.161448
0.160891
0.160347
0.159814
0.159294
0.158785
0.158289
0.157806
0.157335
0.156875
0.156427
0.155989
0.155561
0.155142
0.154732
0.154329
0.153934
0.153544
0.153161
0.152781
0.152405
0.15203
0.151655
0.151279
0.1509
0.150516
0.150128
0.149733
0.149331
0.148923
0.14851
0.148092
0.147673
0.147253
0.146837
0.146428
0.146032
0.145654
0.145301
0.144983
0.144711
0.144498
0.144362
0.14432
0.144393
0.144597
0.144949
0.145459
0.146129
0.146957
0.14793
0.149029
0.150228
0.151498
0.152807
0.154122
0.155412
0.156648
0.157806
0.158869
0.159823
0.160664
0.161389
0.162006
0.162524
0.162957
0.163324
0.163643
0.163935
0.164222
0.164522
0.164851
0.165223
0.165645
0.166116
0.166632
0.167181
0.167746
0.168315
0.168829
0.169543
0.173891
0.17325
0.172606
0.171959
0.171309
0.170658
0.170005
0.169351
0.168698
0.168046
0.167395
0.166749
0.166106
0.165467
0.164834
0.164207
0.163587
0.162974
0.162368
0.16177
0.16118
0.1606
0.160028
0.159466
0.158913
0.158371
0.15784
0.157319
0.15681
0.156312
0.155824
0.155348
0.154881
0.154424
0.153976
0.153536
0.153104
0.152678
0.152258
0.15184
0.151424
0.151007
0.150589
0.150166
0.149737
0.149301
0.148858
0.148407
0.147949
0.147485
0.147017
0.146548
0.146083
0.145627
0.145185
0.144766
0.144377
0.144028
0.14373
0.143493
0.14333
0.143256
0.143282
0.143422
0.143688
0.144089
0.144628
0.145306
0.146118
0.14705
0.148087
0.149205
0.15038
0.151583
0.152786
0.153961
0.155082
0.156128
0.157083
0.157934
0.158675
0.159305
0.159828
0.160252
0.16059
0.160857
0.16107
0.161247
0.161408
0.16157
0.161749
0.161961
0.162212
0.162509
0.162851
0.163229
0.163634
0.164055
0.164445
0.165005
0.174151
0.173525
0.172895
0.172263
0.171628
0.17099
0.17035
0.169709
0.169067
0.168425
0.167784
0.167145
0.166507
0.165873
0.165243
0.164617
0.163996
0.16338
0.162769
0.162165
0.161567
0.160977
0.160393
0.159818
0.15925
0.158691
0.158142
0.157602
0.157071
0.156551
0.15604
0.155539
0.155047
0.154564
0.15409
0.153623
0.153163
0.152709
0.152259
0.151812
0.151366
0.150919
0.15047
0.150015
0.149555
0.149088
0.148613
0.14813
0.14764
0.147145
0.146647
0.146149
0.145656
0.145174
0.14471
0.144271
0.143866
0.143506
0.143201
0.142961
0.1428
0.142728
0.142756
0.142896
0.143154
0.143537
0.144047
0.144681
0.145434
0.146294
0.147245
0.148268
0.149338
0.15043
0.15152
0.152582
0.153592
0.15453
0.155381
0.156133
0.15678
0.15732
0.157755
0.158093
0.158343
0.158519
0.158636
0.158709
0.158757
0.158796
0.158841
0.158906
0.159003
0.159137
0.159312
0.159524
0.159768
0.160035
0.160292
0.160676
0.174297
0.173682
0.173064
0.172444
0.171821
0.171196
0.170569
0.16994
0.16931
0.16868
0.16805
0.167421
0.166793
0.166168
0.165545
0.164926
0.16431
0.163698
0.163091
0.16249
0.161893
0.161302
0.160718
0.16014
0.159568
0.159005
0.158448
0.1579
0.157361
0.15683
0.156307
0.155793
0.155287
0.154788
0.154297
0.153813
0.153335
0.152861
0.152391
0.151923
0.151455
0.150986
0.150515
0.150038
0.149556
0.149068
0.148572
0.148069
0.147559
0.147046
0.146529
0.146015
0.145506
0.145008
0.144529
0.144076
0.143658
0.143285
0.142966
0.142712
0.142535
0.142444
0.14245
0.142561
0.142784
0.143124
0.14358
0.14415
0.144829
0.145604
0.146462
0.147383
0.148347
0.149331
0.150311
0.151263
0.152167
0.153003
0.153756
0.154415
0.154974
0.155429
0.155782
0.156039
0.156209
0.156302
0.156332
0.156313
0.156261
0.15619
0.156115
0.15605
0.156006
0.155991
0.15601
0.156065
0.156151
0.156264
0.156386
0.156578
0.174367
0.17376
0.173151
0.172539
0.171925
0.171309
0.170691
0.170071
0.169451
0.16883
0.168209
0.167588
0.166969
0.166352
0.165736
0.165124
0.164514
0.163908
0.163306
0.162708
0.162115
0.161527
0.160944
0.160367
0.159795
0.15923
0.158672
0.158121
0.157577
0.15704
0.156511
0.155988
0.155473
0.154965
0.154463
0.153966
0.153475
0.152987
0.152503
0.152019
0.151536
0.151052
0.150565
0.150073
0.149576
0.149073
0.148564
0.148048
0.147527
0.147002
0.146476
0.145952
0.145434
0.144928
0.14444
0.143978
0.14355
0.143165
0.142832
0.142562
0.142364
0.142249
0.142224
0.142299
0.142478
0.142764
0.14316
0.14366
0.14426
0.144949
0.145713
0.146536
0.147397
0.148276
0.14915
0.149999
0.150802
0.151541
0.152202
0.152774
0.15325
0.153626
0.153903
0.154086
0.154181
0.154199
0.154151
0.15405
0.153908
0.153741
0.153561
0.15338
0.153211
0.153062
0.152939
0.152846
0.152784
0.152746
0.152734
0.152727
0.174396
0.173793
0.173188
0.172581
0.171972
0.171361
0.170749
0.170135
0.169521
0.168906
0.16829
0.167676
0.167062
0.16645
0.16584
0.165232
0.164626
0.164024
0.163426
0.162831
0.16224
0.161653
0.161072
0.160495
0.159924
0.159358
0.158798
0.158245
0.157698
0.157157
0.156623
0.156095
0.155573
0.155058
0.154547
0.154042
0.153541
0.153043
0.152548
0.152053
0.151559
0.151063
0.150565
0.150063
0.149556
0.149044
0.148526
0.148003
0.147475
0.146944
0.146413
0.145884
0.145362
0.144852
0.14436
0.143892
0.143456
0.143062
0.142717
0.142431
0.142213
0.142073
0.142017
0.142054
0.142187
0.142421
0.142755
0.143186
0.143709
0.144314
0.144988
0.145715
0.146479
0.147258
0.148033
0.148784
0.149492
0.15014
0.150714
0.151204
0.151602
0.151905
0.152112
0.152226
0.152254
0.152204
0.152086
0.15191
0.151691
0.151438
0.151165
0.150884
0.150605
0.150336
0.150087
0.14986
0.149659
0.149479
0.149338
0.14913
0.174404
0.173803
0.1732
0.172594
0.171988
0.171379
0.17077
0.170159
0.169548
0.168936
0.168324
0.167712
0.167101
0.166491
0.165883
0.165277
0.164674
0.164073
0.163475
0.162881
0.162291
0.161705
0.161123
0.160545
0.159973
0.159405
0.158844
0.158287
0.157737
0.157192
0.156653
0.15612
0.155593
0.155071
0.154554
0.154041
0.153532
0.153027
0.152523
0.15202
0.151518
0.151014
0.150508
0.149999
0.149485
0.148967
0.148444
0.147916
0.147385
0.146852
0.146319
0.145789
0.145265
0.144754
0.144259
0.143788
0.143348
0.142946
0.142591
0.142291
0.142055
0.14189
0.141804
0.141804
0.141894
0.142077
0.142352
0.142717
0.143167
0.143692
0.144281
0.144918
0.145589
0.146274
0.146955
0.147614
0.148232
0.148795
0.149288
0.149701
0.150027
0.150261
0.150403
0.150454
0.150421
0.150309
0.150128
0.149888
0.149599
0.149272
0.148919
0.14855
0.148174
0.147802
0.14744
0.147093
0.146767
0.146456
0.146195
0.145791
0.174403
0.173802
0.173199
0.172595
0.171989
0.171381
0.170772
0.170162
0.169552
0.168941
0.168329
0.167719
0.167108
0.166499
0.165891
0.165285
0.164681
0.16408
0.163481
0.162886
0.162294
0.161706
0.161122
0.160542
0.159967
0.159396
0.158831
0.158271
0.157716
0.157167
0.156623
0.156085
0.155552
0.155024
0.1545
0.153981
0.153466
0.152953
0.152442
0.151933
0.151424
0.150914
0.150402
0.149887
0.14937
0.148848
0.148322
0.147792
0.14726
0.146726
0.146193
0.145663
0.14514
0.144629
0.144134
0.143661
0.143218
0.14281
0.142446
0.142133
0.14188
0.141693
0.141579
0.141545
0.141594
0.141728
0.141948
0.142251
0.142632
0.143081
0.14359
0.144143
0.144726
0.145323
0.145915
0.146487
0.147021
0.147503
0.147919
0.14826
0.148518
0.148688
0.14877
0.148764
0.148675
0.148508
0.148271
0.147973
0.147623
0.147232
0.14681
0.146365
0.145907
0.145445
0.144985
0.144534
0.144097
0.143667
0.143297
0.142707
0.174399
0.173798
0.173194
0.17259
0.171983
0.171375
0.170766
0.170156
0.169545
0.168934
0.168322
0.16771
0.167099
0.166489
0.16588
0.165272
0.164666
0.164063
0.163462
0.162864
0.162269
0.161678
0.16109
0.160506
0.159927
0.159353
0.158783
0.158218
0.157658
0.157104
0.156554
0.15601
0.155471
0.154937
0.154407
0.153882
0.15336
0.152841
0.152324
0.151809
0.151294
0.150779
0.150262
0.149744
0.149222
0.148698
0.148171
0.14764
0.147108
0.146575
0.146042
0.145514
0.144993
0.144482
0.143988
0.143514
0.143068
0.142655
0.142283
0.141959
0.14169
0.141482
0.141342
0.141276
0.141286
0.141376
0.141544
0.141788
0.142103
0.142482
0.142914
0.143388
0.143889
0.144402
0.144911
0.1454
0.145854
0.146259
0.146603
0.146875
0.14707
0.147181
0.147207
0.147149
0.147009
0.146793
0.146507
0.146159
0.145757
0.145311
0.144828
0.144319
0.143791
0.143252
0.142709
0.142167
0.141633
0.141099
0.140632
0.139872
0.174394
0.173792
0.173188
0.172582
0.171975
0.171367
0.170757
0.170146
0.169534
0.168922
0.168309
0.167696
0.167083
0.166471
0.16586
0.16525
0.164641
0.164035
0.163431
0.162829
0.16223
0.161635
0.161043
0.160455
0.159871
0.159291
0.158716
0.158145
0.15758
0.157019
0.156464
0.155913
0.155368
0.154827
0.154291
0.153759
0.153231
0.152706
0.152183
0.151662
0.151142
0.150622
0.150102
0.14958
0.149056
0.14853
0.148001
0.147471
0.146939
0.146406
0.145876
0.145349
0.144829
0.14432
0.143826
0.143352
0.142903
0.142486
0.142107
0.141772
0.141488
0.141261
0.141096
0.141
0.140974
0.14102
0.141139
0.141328
0.141582
0.141894
0.142255
0.142653
0.143076
0.143509
0.143938
0.144349
0.144727
0.145059
0.145334
0.145542
0.145677
0.145733
0.145708
0.145602
0.145417
0.145158
0.144829
0.144438
0.143991
0.143498
0.142966
0.142403
0.141816
0.141212
0.140598
0.139979
0.139362
0.138737
0.138185
0.137272
0.174388
0.173785
0.173181
0.172575
0.171967
0.171358
0.170747
0.170135
0.169522
0.168908
0.168294
0.167679
0.167064
0.16645
0.165836
0.165224
0.164612
0.164002
0.163395
0.162789
0.162186
0.161586
0.160989
0.160396
0.159807
0.159222
0.158641
0.158064
0.157493
0.156926
0.156364
0.155807
0.155255
0.154708
0.154165
0.153627
0.153092
0.152561
0.152033
0.151506
0.150981
0.150457
0.149932
0.149407
0.148881
0.148353
0.147823
0.147292
0.146761
0.14623
0.1457
0.145175
0.144657
0.144149
0.143655
0.143181
0.142729
0.142308
0.141921
0.141576
0.141278
0.141032
0.140844
0.140719
0.140658
0.140665
0.140737
0.140873
0.141069
0.141317
0.14161
0.141936
0.142284
0.142642
0.142995
0.14333
0.143635
0.143898
0.144107
0.144255
0.144333
0.144338
0.144266
0.144117
0.143893
0.143596
0.143231
0.142803
0.14232
0.141789
0.141215
0.140607
0.13997
0.139313
0.13864
0.137956
0.137269
0.136566
0.135943
0.134895
0.174382
0.173779
0.173174
0.172567
0.171959
0.171348
0.170736
0.170123
0.169509
0.168894
0.168278
0.167662
0.167045
0.166428
0.165812
0.165197
0.164582
0.163969
0.163358
0.162748
0.162141
0.161536
0.160935
0.160337
0.159742
0.159151
0.158564
0.157982
0.157404
0.156831
0.156263
0.155699
0.155141
0.154587
0.154037
0.153493
0.152952
0.152414
0.15188
0.151348
0.150818
0.150289
0.149761
0.149233
0.148704
0.148174
0.147643
0.147112
0.146581
0.14605
0.145522
0.144998
0.144481
0.143974
0.14348
0.143004
0.142551
0.142124
0.14173
0.141375
0.141063
0.140799
0.140589
0.140435
0.140342
0.140309
0.140337
0.140423
0.140563
0.14075
0.140978
0.141235
0.141511
0.141795
0.142075
0.142338
0.142573
0.142768
0.142915
0.143005
0.143031
0.142988
0.142874
0.142688
0.142429
0.142101
0.141707
0.141251
0.140738
0.140176
0.139569
0.138925
0.138249
0.137547
0.136825
0.136087
0.135342
0.134574
0.133889
0.132726
0.174377
0.173773
0.173167
0.17256
0.17195
0.171339
0.170726
0.170112
0.169497
0.16888
0.168263
0.167644
0.167026
0.166407
0.165789
0.16517
0.164553
0.163937
0.163322
0.162708
0.162097
0.161488
0.160882
0.160278
0.159678
0.159082
0.15849
0.157901
0.157317
0.156738
0.156163
0.155593
0.155028
0.154468
0.153912
0.153361
0.152814
0.15227
0.15173
0.151193
0.150658
0.150125
0.149593
0.149061
0.14853
0.147998
0.147466
0.146934
0.146403
0.145873
0.145345
0.144822
0.144306
0.143799
0.143304
0.142827
0.14237
0.141938
0.141537
0.141171
0.140845
0.140563
0.140331
0.14015
0.140025
0.139955
0.139939
0.139977
0.140063
0.140191
0.140355
0.140545
0.140752
0.140964
0.141172
0.141365
0.141532
0.141663
0.141749
0.141785
0.141762
0.141676
0.141526
0.141307
0.141021
0.140669
0.140253
0.139775
0.139242
0.138656
0.138024
0.137352
0.136644
0.135906
0.135145
0.134362
0.133569
0.132745
0.132009
0.130747
0.174371
0.173767
0.173161
0.172553
0.171942
0.17133
0.170716
0.170101
0.169485
0.168867
0.168248
0.167628
0.167007
0.166387
0.165766
0.165145
0.164525
0.163905
0.163287
0.16267
0.162055
0.161442
0.160831
0.160223
0.159618
0.159017
0.158419
0.157825
0.157235
0.156649
0.156069
0.155492
0.154921
0.154354
0.153792
0.153235
0.152682
0.152132
0.151587
0.151044
0.150504
0.149967
0.149431
0.148896
0.148361
0.147828
0.147294
0.146761
0.146229
0.145699
0.145172
0.144649
0.144132
0.143625
0.143129
0.14265
0.142189
0.141752
0.141342
0.140965
0.140625
0.140325
0.140071
0.139864
0.139706
0.139599
0.139541
0.139531
0.139564
0.139634
0.139735
0.139859
0.139997
0.14014
0.140278
0.140401
0.140502
0.140571
0.1406
0.140585
0.140518
0.140395
0.140214
0.139971
0.139665
0.139297
0.138866
0.138376
0.137828
0.137227
0.136578
0.135884
0.135152
0.134386
0.133592
0.132773
0.131938
0.131069
0.13029
0.128943
0.174366
0.173762
0.173155
0.172546
0.171935
0.171322
0.170707
0.170091
0.169473
0.168854
0.168233
0.167612
0.16699
0.166367
0.165744
0.165121
0.164498
0.163876
0.163254
0.162634
0.162015
0.161398
0.160783
0.160171
0.159561
0.158955
0.158352
0.157752
0.157157
0.156566
0.155979
0.155397
0.154819
0.154247
0.153679
0.153115
0.152556
0.152001
0.15145
0.150903
0.150358
0.149816
0.149276
0.148737
0.1482
0.147664
0.147129
0.146595
0.146062
0.145531
0.145003
0.14448
0.143963
0.143454
0.142957
0.142474
0.142008
0.141564
0.141146
0.140757
0.140402
0.140084
0.139807
0.139572
0.139383
0.139239
0.139139
0.13908
0.13906
0.139072
0.139111
0.139169
0.139238
0.139311
0.139379
0.139435
0.139471
0.13948
0.139457
0.139396
0.139291
0.139139
0.138935
0.138676
0.138359
0.137983
0.137547
0.137052
0.136498
0.135889
0.135229
0.134521
0.13377
0.132981
0.13216
0.131311
0.130442
0.129532
0.128717
0.127298
0.174361
0.173756
0.173149
0.172539
0.171927
0.171313
0.170698
0.170081
0.169462
0.168841
0.16822
0.167597
0.166973
0.166349
0.165724
0.165098
0.164473
0.163848
0.163224
0.1626
0.161978
0.161357
0.160739
0.160122
0.159508
0.158897
0.158289
0.157684
0.157084
0.156487
0.155895
0.155307
0.154724
0.154146
0.153572
0.153003
0.152438
0.151878
0.151321
0.150769
0.150219
0.149673
0.149129
0.148587
0.148047
0.147509
0.146971
0.146435
0.145901
0.145369
0.14484
0.144316
0.143797
0.143287
0.142786
0.142299
0.141828
0.141376
0.140947
0.140546
0.140174
0.139836
0.139535
0.139272
0.13905
0.138867
0.138723
0.138615
0.13854
0.138493
0.138468
0.138459
0.138459
0.138462
0.138461
0.13845
0.138424
0.138379
0.138308
0.138208
0.138075
0.137902
0.137686
0.137421
0.137104
0.136731
0.136299
0.135806
0.135254
0.134643
0.133977
0.133258
0.132493
0.131686
0.130843
0.129966
0.129067
0.128123
0.127276
0.125793
0.174357
0.173751
0.173143
0.172532
0.17192
0.171306
0.170689
0.170071
0.169451
0.16883
0.168207
0.167582
0.166957
0.166331
0.165704
0.165077
0.164449
0.163822
0.163195
0.162569
0.161943
0.161319
0.160697
0.160076
0.159458
0.158843
0.15823
0.157621
0.157016
0.156414
0.155817
0.155224
0.154635
0.154051
0.153472
0.152897
0.152327
0.151762
0.1512
0.150643
0.150089
0.149539
0.148991
0.148446
0.147902
0.147361
0.146821
0.146283
0.145747
0.145213
0.144683
0.144156
0.143635
0.143121
0.142616
0.142123
0.141644
0.141183
0.140742
0.140325
0.139935
0.139575
0.139248
0.138954
0.138696
0.138472
0.138281
0.138122
0.13799
0.13788
0.137789
0.137711
0.137641
0.137573
0.137504
0.13743
0.137348
0.137254
0.137145
0.137017
0.136866
0.136685
0.13647
0.136212
0.135905
0.135544
0.135124
0.134641
0.134095
0.133487
0.132818
0.132092
0.131315
0.130492
0.129627
0.128727
0.1278
0.126824
0.125947
0.124406
0.174352
0.173746
0.173137
0.172526
0.171913
0.171298
0.170681
0.170062
0.169441
0.168819
0.168194
0.167569
0.166942
0.166314
0.165686
0.165057
0.164427
0.163797
0.163168
0.162539
0.161911
0.161283
0.160658
0.160034
0.159412
0.158793
0.158176
0.157562
0.156952
0.156346
0.155744
0.155146
0.154552
0.153963
0.153379
0.152799
0.152224
0.151653
0.151087
0.150525
0.149967
0.149412
0.14886
0.148311
0.147765
0.14722
0.146678
0.146137
0.145598
0.145062
0.144528
0.143998
0.143472
0.142953
0.142442
0.141941
0.141452
0.140978
0.140522
0.140087
0.139675
0.139289
0.138932
0.138603
0.138304
0.138035
0.137794
0.137578
0.137384
0.137209
0.137049
0.1369
0.136758
0.136622
0.136489
0.136357
0.136227
0.136096
0.135962
0.13582
0.135667
0.135494
0.135292
0.135053
0.134768
0.134427
0.134024
0.133555
0.133018
0.132413
0.131742
0.13101
0.130221
0.129381
0.128496
0.127571
0.126618
0.125611
0.124707
0.123113
0.174348
0.173741
0.173132
0.172521
0.171907
0.171291
0.170673
0.170053
0.169432
0.168808
0.168183
0.167556
0.166928
0.166299
0.165669
0.165038
0.164406
0.163775
0.163143
0.162511
0.16188
0.16125
0.160622
0.159994
0.159369
0.158746
0.158126
0.157508
0.156894
0.156283
0.155676
0.155074
0.154475
0.153881
0.153292
0.152707
0.152127
0.151552
0.150981
0.150414
0.149851
0.149292
0.148736
0.148183
0.147633
0.147085
0.146538
0.145994
0.145451
0.14491
0.144371
0.143836
0.143303
0.142776
0.142255
0.141742
0.14124
0.140749
0.140273
0.139815
0.139376
0.138958
0.138564
0.138195
0.13785
0.137529
0.13723
0.136953
0.136693
0.136448
0.136217
0.135996
0.135785
0.135584
0.135395
0.135218
0.135053
0.134902
0.13476
0.134624
0.134486
0.134335
0.13416
0.13395
0.133691
0.133373
0.132989
0.132534
0.132004
0.1314
0.130725
0.129984
0.129181
0.128324
0.127419
0.12647
0.125491
0.124456
0.123526
0.121882
0.174344
0.173737
0.173127
0.172515
0.171901
0.171285
0.170666
0.170046
0.169423
0.168798
0.168172
0.167545
0.166915
0.166285
0.165653
0.165021
0.164387
0.163754
0.16312
0.162486
0.161853
0.16122
0.160588
0.159958
0.15933
0.158703
0.158079
0.157458
0.156839
0.156225
0.155613
0.155006
0.154403
0.153805
0.15321
0.152621
0.152036
0.151455
0.150879
0.150308
0.14974
0.149176
0.148615
0.148057
0.147501
0.146948
0.146396
0.145846
0.145297
0.144749
0.144202
0.143657
0.143114
0.142575
0.142039
0.141509
0.140986
0.140473
0.13997
0.139481
0.139007
0.13855
0.138112
0.137693
0.137293
0.136913
0.136551
0.136206
0.135875
0.135559
0.135256
0.134967
0.134694
0.134441
0.13421
0.134005
0.133828
0.133677
0.133549
0.133436
0.133328
0.133211
0.13307
0.13289
0.132657
0.13236
0.131991
0.131543
0.131016
0.130409
0.129727
0.128975
0.128158
0.127283
0.126357
0.125387
0.124384
0.123322
0.12237
0.120681
0.174341
0.173733
0.173123
0.172511
0.171896
0.171279
0.17066
0.170038
0.169415
0.16879
0.168163
0.167534
0.166903
0.166272
0.165639
0.165005
0.16437
0.163734
0.163099
0.162463
0.161827
0.161192
0.160558
0.159924
0.159293
0.158663
0.158035
0.15741
0.156788
0.156169
0.155553
0.154942
0.154334
0.15373
0.153131
0.152536
0.151946
0.151359
0.150777
0.1502
0.149626
0.149055
0.148487
0.147922
0.147359
0.146798
0.146237
0.145678
0.145118
0.144559
0.143999
0.14344
0.14288
0.142321
0.141763
0.141208
0.140657
0.140111
0.139572
0.139042
0.138523
0.138016
0.137523
0.137045
0.136583
0.136136
0.135703
0.135286
0.134884
0.134498
0.134131
0.133785
0.133466
0.13318
0.13293
0.132722
0.132556
0.132428
0.132331
0.132255
0.132185
0.132103
0.131992
0.131837
0.131622
0.131337
0.130974
0.130528
0.129999
0.129387
0.128698
0.127935
0.127106
0.126217
0.125277
0.124289
0.123268
0.122186
0.121216
0.11949
0.174338
0.17373
0.17312
0.172507
0.171891
0.171274
0.170654
0.170032
0.169408
0.168782
0.168154
0.167524
0.166893
0.16626
0.165625
0.16499
0.164353
0.163716
0.163078
0.16244
0.161802
0.161165
0.160528
0.159892
0.159257
0.158623
0.157992
0.157363
0.156736
0.156112
0.155492
0.154875
0.154261
0.153652
0.153046
0.152444
0.151846
0.151253
0.150663
0.150076
0.149493
0.148913
0.148335
0.147759
0.147184
0.14661
0.146036
0.145461
0.144884
0.144306
0.143726
0.143143
0.142557
0.141969
0.141378
0.140787
0.140195
0.139604
0.139016
0.138433
0.137856
0.137288
0.13673
0.136183
0.13565
0.13513
0.134627
0.13414
0.133673
0.133229
0.132813
0.132431
0.132091
0.131798
0.131557
0.131371
0.131235
0.131144
0.131087
0.131048
0.13101
0.130954
0.130864
0.130724
0.130519
0.130241
0.129882
0.129439
0.128913
0.128303
0.127615
0.126853
0.126022
0.125131
0.124186
0.123193
0.122164
0.121072
0.120094
0.11834
0.174336
0.173727
0.173117
0.172503
0.171888
0.171269
0.170649
0.170026
0.169401
0.168774
0.168145
0.167514
0.166882
0.166247
0.165611
0.164974
0.164336
0.163696
0.163056
0.162416
0.161775
0.161134
0.160494
0.159854
0.159215
0.158577
0.15794
0.157306
0.156673
0.156043
0.155415
0.154791
0.154169
0.153551
0.152936
0.152324
0.151715
0.15111
0.150508
0.149908
0.14931
0.148715
0.14812
0.147526
0.146932
0.146337
0.14574
0.14514
0.144537
0.143929
0.143316
0.142697
0.142072
0.141441
0.140804
0.140162
0.139515
0.138865
0.138214
0.137564
0.136917
0.136276
0.135644
0.135023
0.134417
0.133827
0.133259
0.132715
0.1322
0.13172
0.131282
0.130892
0.130558
0.130284
0.130073
0.129922
0.129826
0.129774
0.129752
0.129744
0.129734
0.129702
0.129634
0.129515
0.129333
0.129079
0.128747
0.128333
0.127835
0.127255
0.126593
0.125853
0.125044
0.12417
0.12324
0.122258
0.121237
0.120145
0.119169
0.117395
0.174334
0.173725
0.173114
0.1725
0.171883
0.171264
0.170643
0.170019
0.169393
0.168764
0.168134
0.167501
0.166866
0.16623
0.165591
0.164951
0.16431
0.163667
0.163023
0.162378
0.161733
0.161087
0.16044
0.159794
0.159148
0.158503
0.157859
0.157215
0.156573
0.155932
0.155294
0.154657
0.154022
0.153389
0.152759
0.152131
0.151504
0.15088
0.150257
0.149635
0.149014
0.148394
0.147772
0.147149
0.146524
0.145896
0.145263
0.144625
0.143981
0.143328
0.142668
0.141997
0.141317
0.140627
0.139926
0.139216
0.138498
0.137774
0.137045
0.136316
0.13559
0.13487
0.134162
0.13347
0.132799
0.132153
0.131538
0.130959
0.130422
0.129933
0.1295
0.129127
0.12882
0.128582
0.128413
0.128308
0.128261
0.12826
0.128294
0.128348
0.128405
0.12845
0.128466
0.128439
0.128355
0.128203
0.127973
0.127658
0.127254
0.126754
0.126162
0.125484
0.124726
0.123896
0.122998
0.122038
0.121029
0.119935
0.118955
0.117138
0.17433
0.173719
0.173107
0.172491
0.171872
0.171251
0.170627
0.170001
0.169372
0.16874
0.168106
0.167469
0.16683
0.166188
0.165544
0.164898
0.16425
0.1636
0.162949
0.162296
0.161641
0.160985
0.160328
0.15967
0.159012
0.158353
0.157694
0.157034
0.156375
0.155716
0.155058
0.1544
0.153743
0.153086
0.15243
0.151774
0.151118
0.150463
0.149807
0.14915
0.148492
0.147831
0.147168
0.146501
0.145829
0.145151
0.144465
0.143771
0.143068
0.142353
0.141626
0.140886
0.140132
0.139364
0.138583
0.137789
0.136986
0.136175
0.13536
0.134546
0.133739
0.132945
0.132169
0.131419
0.1307
0.130018
0.12938
0.12879
0.128256
0.127784
0.12738
0.127053
0.126807
0.12665
0.126582
0.126605
0.126716
0.126906
0.127166
0.12748
0.127827
0.128185
0.128527
0.128826
0.129058
0.129202
0.129239
0.129158
0.128938
0.128584
0.128104
0.127508
0.126804
0.125996
0.125095
0.124104
0.123041
0.121865
0.120807
0.1188
0.174308
0.173694
0.173076
0.172456
0.171832
0.171205
0.170574
0.169941
0.169304
0.168664
0.16802
0.167374
0.166724
0.166072
0.165416
0.164757
0.164095
0.16343
0.162763
0.162093
0.16142
0.160745
0.160067
0.159387
0.158705
0.158021
0.157336
0.156648
0.15596
0.155269
0.154578
0.153884
0.15319
0.152494
0.151796
0.151097
0.150396
0.149692
0.148986
0.148276
0.147563
0.146844
0.14612
0.145389
0.144651
0.143903
0.143145
0.142376
0.141593
0.140796
0.139983
0.139155
0.138309
0.137448
0.136571
0.135681
0.134782
0.133877
0.132973
0.132076
0.131193
0.130334
0.129505
0.128716
0.127973
0.127285
0.126662
0.126113
0.125652
0.125293
0.125055
0.124959
0.125027
0.12528
0.125738
0.126412
0.127302
0.128394
0.129656
0.13104
0.132482
0.133912
0.135257
0.13645
0.137438
0.138186
0.138674
0.138876
0.138815
0.138512
0.137983
0.137245
0.136316
0.135217
0.133969
0.132585
0.131101
0.129461
0.127993
0.125251
0.174215
0.173589
0.17296
0.172326
0.171688
0.171046
0.170399
0.169749
0.169094
0.168435
0.167772
0.167104
0.166432
0.165756
0.165075
0.16439
0.1637
0.163007
0.162309
0.161607
0.160901
0.16019
0.159476
0.158758
0.158035
0.157309
0.15658
0.155846
0.155109
0.154368
0.153624
0.152876
0.152124
0.151369
0.150609
0.149846
0.149077
0.148304
0.147526
0.146742
0.145951
0.145153
0.144347
0.143532
0.142706
0.141869
0.141019
0.140154
0.139275
0.138379
0.137466
0.136535
0.135587
0.134624
0.133647
0.13266
0.13167
0.130683
0.12971
0.128759
0.127845
0.12698
0.126182
0.125469
0.124864
0.124394
0.124095
0.124012
0.124202
0.12473
0.125671
0.127104
0.1291
0.131708
0.134942
0.138769
0.143096
0.147776
0.152617
0.157396
0.161891
0.165897
0.169251
0.171846
0.173634
0.174633
0.174901
0.174514
0.173533
0.172027
0.170076
0.16776
0.165156
0.162332
0.15935
0.156248
0.1531
0.149804
0.146931
0.141954
0.173914
0.173262
0.172605
0.171942
0.171274
0.1706
0.169921
0.169236
0.168546
0.16785
0.167149
0.166441
0.165728
0.165009
0.164284
0.163553
0.162816
0.162073
0.161324
0.160569
0.159807
0.15904
0.158267
0.157488
0.156703
0.155912
0.155115
0.154313
0.153504
0.15269
0.15187
0.151045
0.150213
0.149376
0.148533
0.147684
0.146829
0.145968
0.1451
0.144225
0.143343
0.142453
0.141555
0.140647
0.13973
0.138803
0.137866
0.136917
0.135957
0.134987
0.134008
0.133023
0.132037
0.131057
0.130091
0.129154
0.128264
0.127442
0.12672
0.126134
0.12573
0.125568
0.12572
0.126278
0.127353
0.129077
0.131605
0.135107
0.139761
0.145732
0.153143
0.16204
0.172355
0.183887
0.196293
0.209116
0.221821
0.233855
0.244701
0.253931
0.261237
0.266454
0.269544
0.270601
0.269869
0.267526
0.263764
0.258833
0.252991
0.246486
0.239535
0.232317
0.224982
0.217639
0.210382
0.20325
0.196352
0.189469
0.183628
0.174106
0.173185
0.172487
0.171782
0.171071
0.170352
0.169627
0.168894
0.168155
0.167408
0.166654
0.165892
0.165123
0.164346
0.163562
0.162771
0.161971
0.161164
0.16035
0.159527
0.158698
0.157861
0.157016
0.156165
0.155307
0.154442
0.153571
0.152694
0.151811
0.150923
0.150031
0.149135
0.148235
0.147333
0.146429
0.145524
0.144619
0.143716
0.142816
0.14192
0.14103
0.140149
0.13928
0.138425
0.13759
0.136779
0.136001
0.135263
0.134578
0.133961
0.133432
0.133017
0.132749
0.13267
0.132832
0.133302
0.134158
0.135498
0.137435
0.140102
0.143652
0.148255
0.154102
0.161399
0.170364
0.181217
0.194156
0.209331
0.226796
0.246465
0.268059
0.291068
0.314753
0.338213
0.360474
0.380604
0.397814
0.411537
0.421461
0.427531
0.429919
0.428957
0.425074
0.418764
0.410446
0.400429
0.38911
0.376864
0.36401
0.35081
0.337476
0.324179
0.311053
0.298209
0.28572
0.273662
0.262035
0.25098
0.240107
0.230998
0.216376
0.172608
0.171887
0.171159
0.170424
0.169683
0.168936
0.168183
0.167424
0.16666
0.16589
0.165116
0.164337
0.163554
0.162769
0.161981
0.161192
0.160402
0.159612
0.158825
0.15804
0.157261
0.156488
0.155723
0.154969
0.154228
0.153504
0.152798
0.152115
0.151458
0.150831
0.150241
0.149691
0.149189
0.148742
0.148358
0.148047
0.14782
0.14769
0.147673
0.147786
0.148053
0.148499
0.149155
0.150058
0.151254
0.152796
0.154749
0.157192
0.160216
0.163931
0.168465
0.173967
0.180604
0.188567
0.198058
0.209294
0.222489
0.237847
0.255543
0.275704
0.29839
0.323571
0.351104
0.38071
0.411947
0.444182
0.476579
0.508116
0.537633
0.563912
0.585815
0.60247
0.613427
0.618696
0.618677
0.614041
0.605592
0.594139
0.580421
0.56514
0.548856
0.53192
0.514549
0.496951
0.479292
0.461695
0.444257
0.427056
0.410161
0.393628
0.377511
0.361852
0.346699
0.332074
0.318031
0.304524
0.291736
0.279138
0.268683
0.251733
0.191383
0.191524
0.191687
0.191875
0.192089
0.192329
0.192598
0.192898
0.19323
0.193596
0.193999
0.194442
0.194926
0.195454
0.196031
0.196659
0.197341
0.198083
0.198888
0.199761
0.200707
0.201731
0.20284
0.20404
0.205338
0.206741
0.208259
0.209901
0.211677
0.213599
0.21568
0.217935
0.220381
0.223037
0.225924
0.229067
0.232495
0.236241
0.240343
0.244845
0.2498
0.255266
0.261314
0.268026
0.275495
0.283834
0.293169
0.303649
0.315445
0.328749
0.343779
0.360774
0.379987
0.401678
0.426094
0.453438
0.48383
0.517248
0.55347
0.591992
0.631977
0.67221
0.711118
0.746864
0.777523
0.801336
0.81699
0.82384
0.82202
0.812412
0.796452
0.775831
0.752166
0.726818
0.700804
0.674808
0.649267
0.62445
0.600491
0.577351
0.555015
0.533551
0.513004
0.493377
0.474637
0.456727
0.439583
0.423141
0.407348
0.392162
0.377557
0.363511
0.350024
0.337075
0.324707
0.31283
0.301658
0.290606
0.281595
0.266714
0.433838
0.43774
0.441518
0.445162
0.448669
0.452032
0.455246
0.458307
0.461209
0.463947
0.466516
0.468912
0.471129
0.473162
0.475007
0.476658
0.47811
0.479358
0.480397
0.48122
0.481823
0.482199
0.482343
0.482247
0.481905
0.481311
0.480457
0.479336
0.477939
0.47626
0.474289
0.472017
0.469437
0.466537
0.46331
0.459743
0.455828
0.451553
0.446906
0.441876
0.436451
0.430617
0.424361
0.41767
0.410531
0.40293
0.394859
0.386309
0.377281
0.367784
0.357845
0.347514
0.336875
0.326061
0.315271
0.304784
0.294976
0.286327
0.279405
0.274826
0.273159
0.274798
0.279808
0.287806
0.297955
0.309074
0.319863
0.329144
0.336081
0.340294
0.341801
0.340895
0.338049
0.333788
0.328606
0.322905
0.31698
0.311031
0.305171
0.299444
0.293877
0.288507
0.283374
0.278506
0.273911
0.269586
0.265516
0.261684
0.25807
0.25466
0.251443
0.24841
0.245557
0.242885
0.240386
0.238076
0.235934
0.23397
0.232346
0.229929
0.0518191
0.056094
0.0600928
0.0594473
0.0557434
0.0498313
0.0440206
0.0559051
0.10067
0.151559
0.200846
0.24785
0.292411
0.334452
0.373943
0.410896
0.445367
0.477478
0.507418
0.535428
0.561785
0.586769
0.610643
0.633631
0.65591
0.677605
0.698794
0.719514
0.739779
0.75959
0.778969
0.797979
0.816703
0.835023
0.852776
0.869935
0.886423
0.90215
0.917014
0.930912
0.943738
0.955391
0.965772
0.97479
0.982363
0.988416
0.992887
0.995724
0.996887
0.996348
0.994088
0.9901
0.984385
0.976949
0.967805
0.956969
0.944458
0.930292
0.914494
0.897099
0.878173
0.857904
0.836901
0.817125
0.801699
0.786908
0.771123
0.754008
0.735465
0.715445
0.693942
0.671008
0.64677
0.621451
0.595374
0.568952
0.542661
0.516994
0.492407
0.469275
0.447863
0.42832
0.410684
0.394905
0.380867
0.368413
0.357365
0.347537
0.338747
0.330825
0.323621
0.317003
0.310853
0.305016
0.299346
0.293753
0.288283
0.282828
0.278239
0.270966
0.0657994
0.111389
0.12688
0.12638
0.124239
0.136362
0.170583
0.222355
0.283057
0.346082
0.411079
0.478293
0.547602
0.618508
0.69018
0.761577
0.831634
0.899457
0.964441
1.02632
1.08513
1.14115
1.19478
1.24648
1.29669
1.34578
1.39404
1.44164
1.48867
1.53511
1.58085
1.62573
1.66963
1.71272
1.75522
1.79706
1.83809
1.87812
1.91692
1.95426
1.98989
2.02355
2.05498
2.08392
2.11013
2.13338
2.15345
2.17013
2.18325
2.19266
2.19822
2.19983
2.19741
2.19089
2.18022
2.16539
2.14635
2.12312
2.09567
2.06403
2.0282
1.98821
1.9442
1.89641
1.84506
1.78983
1.73049
1.66701
1.59946
1.528
1.45292
1.37464
1.29379
1.2112
1.12795
1.0453
0.964635
0.887314
0.814542
0.74724
0.685973
0.63095
0.582064
0.538974
0.501188
0.468136
0.439234
0.413919
0.391677
0.372054
0.354658
0.339174
0.32534
0.312939
0.301799
0.2918
0.282846
0.274693
0.268071
0.258196
0.0982498
0.178393
0.196263
0.200887
0.211966
0.242161
0.292759
0.355465
0.423941
0.496987
0.57468
0.65641
0.741046
0.827219
0.913493
0.998523
1.08119
1.16072
1.23667
1.30897
1.37781
1.44358
1.50675
1.56783
1.62733
1.68566
1.74317
1.80012
1.85671
1.91303
1.96914
2.02507
2.08072
2.13598
2.19073
2.2448
2.29797
2.34998
2.40053
2.44932
2.49601
2.54027
2.58175
2.62012
2.65503
2.68616
2.71321
2.73587
2.7539
2.76705
2.77511
2.7779
2.77527
2.76709
2.75328
2.73373
2.70838
2.67717
2.64006
2.59701
2.54798
2.49297
2.43198
2.36507
2.29226
2.21349
2.12875
2.03813
1.94187
1.84036
1.73421
1.62427
1.51172
1.39802
1.28499
1.17465
1.06909
0.970249
0.879661
0.798294
0.726484
0.663994
0.610149
0.564013
0.524545
0.490718
0.461593
0.436348
0.414293
0.394855
0.37757
0.362069
0.348054
0.335243
0.323392
0.312349
0.30206
0.292374
0.284203
0.272134
0.119882
0.231971
0.262125
0.275993
0.295232
0.330832
0.383354
0.447314
0.518643
0.595752
0.67752
0.762702
0.850087
0.938596
1.02726
1.11521
1.20169
1.2861
1.36802
1.44729
1.52392
1.59808
1.67008
1.74029
1.80909
1.87685
1.94389
2.01047
2.07679
2.14293
2.20895
2.2748
2.34035
2.40544
2.46989
2.53348
2.59594
2.65699
2.71629
2.77349
2.8282
2.88005
2.92862
2.97352
3.01436
3.05074
3.08231
3.10871
3.12962
3.14474
3.15379
3.15654
3.15277
3.1423
3.12499
3.10068
3.06926
3.03062
2.98466
2.93129
2.87041
2.80194
2.72583
2.64205
2.55058
2.45142
2.34468
2.23057
2.1095
1.98214
1.84944
1.71275
1.57385
1.43497
1.29879
1.1682
1.0461
0.934992
0.836619
0.751712
0.67998
0.620305
0.571072
0.530497
0.496885
0.468767
0.444943
0.42447
0.406619
0.390831
0.37668
0.363842
0.352064
0.341136
0.330884
0.321181
0.311971
0.303091
0.2954
0.283738
0.132785
0.268252
0.311064
0.33501
0.360619
0.397911
0.448957
0.510966
0.580739
0.656041
0.735332
0.817554
0.90201
0.98819
1.07561
1.16371
1.25191
1.3396
1.42625
1.51148
1.59507
1.67697
1.75726
1.83613
1.91383
1.99062
2.06676
2.14245
2.21781
2.29293
2.3678
2.44229
2.51625
2.58947
2.66175
2.73282
2.80238
2.87011
2.93564
2.99859
3.05856
3.11512
3.16786
3.21634
3.26015
3.29886
3.33208
3.35944
3.38057
3.39516
3.40289
3.40348
3.39669
3.38229
3.36007
3.32986
3.29147
3.24475
3.18954
3.12568
3.05305
2.9715
2.88093
2.78127
2.67251
2.55471
2.42806
2.29294
2.14996
2.0001
1.84474
1.68578
1.5257
1.3676
1.21506
1.07192
0.941826
0.827643
0.730929
0.651678
0.588451
0.538861
0.500177
0.46981
0.445599
0.425871
0.4094
0.395302
0.382952
0.371898
0.361819
0.352478
0.343702
0.335361
0.327356
0.319613
0.312102
0.304692
0.298131
0.287906
0.140933
0.286423
0.340143
0.373803
0.406028
0.445586
0.495338
0.554202
0.619876
0.690376
0.764445
0.84147
0.92123
1.00363
1.08849
1.17548
1.26409
1.35372
1.44376
1.53367
1.62305
1.71164
1.7993
1.88603
1.97191
2.05704
2.14156
2.22554
2.30905
2.39209
2.47455
2.55628
2.63706
2.71663
2.79474
2.87107
2.9453
3.01708
3.08603
3.15174
3.21382
3.27185
3.32541
3.37407
3.41744
3.4551
3.48669
3.51182
3.53015
3.54136
3.54512
3.54114
3.52917
3.50893
3.48019
3.44273
3.39632
3.34074
3.2758
3.20128
3.11701
3.02281
2.91856
2.80417
2.67968
2.54521
2.40108
2.24786
2.08646
1.91823
1.74506
1.56951
1.39489
1.22521
1.06503
0.919021
0.791234
0.684289
0.598771
0.533167
0.484422
0.448843
0.422905
0.403716
0.389124
0.377622
0.368187
0.360131
0.352991
0.346452
0.340298
0.334383
0.328602
0.322889
0.317195
0.311495
0.305793
0.299997
0.294748
0.28629
0.144826
0.292911
0.354082
0.395822
0.434531
0.477326
0.526873
0.582977
0.644291
0.709536
0.778003
0.849539
0.924309
1.00253
1.08428
1.1694
1.25751
1.34804
1.44038
1.53387
1.62797
1.72223
1.81631
1.90999
2.00316
2.09571
2.18762
2.27883
2.36927
2.45881
2.54728
2.63442
2.71997
2.80363
2.88507
2.96396
3.03996
3.1127
3.1818
3.24689
3.30758
3.3635
3.41427
3.45951
3.49888
3.53203
3.55863
3.57835
3.59089
3.59594
3.59322
3.58245
3.56335
3.53564
3.49905
3.45333
3.3982
3.3334
3.25868
3.17379
3.07849
2.97261
2.85601
2.72863
2.59055
2.44204
2.28358
2.11601
1.9406
1.75917
1.57427
1.38926
1.20837
1.03663
0.879484
0.741984
0.627759
0.538045
0.471362
0.424106
0.391751
0.369989
0.355361
0.345381
0.338365
0.333204
0.329174
0.325797
0.322755
0.319836
0.316901
0.313859
0.310651
0.307247
0.303631
0.299803
0.295787
0.291529
0.287559
0.280873
0.144779
0.290862
0.35743
0.4057
0.450335
0.496975
0.54767
0.602508
0.660815
0.721996
0.785903
0.852818
0.923249
0.997695
1.07647
1.15961
1.24686
1.33776
1.43167
1.52791
1.62581
1.72474
1.82417
1.92367
2.02288
2.12152
2.21933
2.31611
2.41161
2.50558
2.59774
2.68778
2.77537
2.86016
2.94181
3.01996
3.09428
3.16441
3.23002
3.29077
3.34635
3.39645
3.44077
3.47904
3.51098
3.53635
3.5549
3.56638
3.57055
3.56717
3.55599
3.53674
3.50916
3.47295
3.42783
3.3735
3.30962
3.23591
3.15204
3.05773
2.95273
2.83683
2.70991
2.57199
2.42323
2.26408
2.09526
1.91797
1.73393
1.54561
1.35634
1.17043
0.993184
0.830528
0.68826
0.570794
0.479871
0.413986
0.369033
0.339804
0.321447
0.310208
0.303495
0.299616
0.297485
0.296393
0.29587
0.295596
0.295352
0.294985
0.294394
0.293512
0.292301
0.290741
0.288829
0.286574
0.284008
0.281096
0.278275
0.27321
0.143061
0.286002
0.35545
0.408517
0.458245
0.509052
0.562285
0.617898
0.675489
0.734891
0.796377
0.860586
0.928319
1.00032
1.07712
1.15892
1.24563
1.33685
1.43198
1.53031
1.63105
1.73343
1.83674
1.94033
2.04363
2.14615
2.24744
2.3471
2.44475
2.54002
2.63255
2.72198
2.80795
2.89009
2.96806
3.04154
3.11021
3.17379
3.232
3.28459
3.33134
3.37204
3.40652
3.43462
3.45617
3.47106
3.47913
3.48024
3.47423
3.46093
3.44012
3.41157
3.37501
3.33015
3.27665
3.21417
3.14235
3.06082
2.96923
2.86724
2.75458
2.63106
2.49661
2.35133
2.19555
2.02993
1.85556
1.67406
1.48779
1.30001
1.11501
0.938168
0.775685
0.633799
0.5174
0.428501
0.365474
0.323763
0.297681
0.282096
0.273201
0.268484
0.266376
0.265904
0.266443
0.267575
0.269005
0.270517
0.271949
0.273182
0.274129
0.274728
0.274941
0.274745
0.274136
0.273121
0.271726
0.269931
0.268078
0.264418
0.139779
0.278303
0.350375
0.407803
0.462706
0.518695
0.576507
0.63575
0.695973
0.757129
0.819671
0.884419
0.95234
1.02433
1.10104
1.18283
1.26969
1.36131
1.45713
1.5564
1.65829
1.76192
1.86643
1.97103
2.07498
2.1776
2.27831
2.37659
2.47196
2.56399
2.65229
2.73648
2.8162
2.89112
2.96094
3.02538
3.0842
3.13719
3.18419
3.22504
3.25964
3.28792
3.30981
3.3253
3.33436
3.33698
3.33313
3.32276
3.3058
3.28214
3.25159
3.21394
3.16893
3.11622
3.05545
2.98622
2.90811
2.82069
2.72357
2.61638
2.49886
2.37084
2.23232
2.08356
1.92512
1.75797
1.58363
1.40435
1.22326
1.04455
0.873565
0.716539
0.579836
0.468485
0.384508
0.326079
0.288344
0.265429
0.252206
0.245009
0.241505
0.24029
0.240525
0.241699
0.243475
0.24562
0.247951
0.250323
0.252614
0.254724
0.256572
0.258093
0.259241
0.259987
0.260316
0.260224
0.259731
0.258819
0.257749
0.255258
0.136902
0.271961
0.345958
0.408465
0.470492
0.534971
0.601971
0.670422
0.739334
0.808287
0.877503
0.947684
1.01975
1.09463
1.17304
1.25545
1.34198
1.43245
1.5264
1.62319
1.72202
1.82207
1.92245
2.0223
2.12083
2.21734
2.31121
2.40188
2.48886
2.57173
2.65008
2.72356
2.79185
2.85466
2.91176
2.96293
3.00802
3.04693
3.07956
3.10591
3.12597
3.1398
3.14748
3.1491
3.14477
3.13459
3.11862
3.09692
3.06948
3.03621
2.99698
2.95156
2.89966
2.84091
2.77491
2.70118
2.61924
2.52862
2.42889
2.31966
2.20069
2.07189
1.9334
1.78567
1.62957
1.46651
1.29859
1.1288
0.961172
0.800875
0.653975
0.526651
0.423725
0.346979
0.294374
0.261002
0.241147
0.229974
0.224108
0.221439
0.220716
0.221216
0.222513
0.224352
0.226565
0.229027
0.231636
0.234294
0.236912
0.239405
0.241697
0.243724
0.24543
0.246777
0.247738
0.248301
0.24847
0.248229
0.247769
0.246219
0.133446
0.266295
0.346606
0.421004
0.500175
0.585832
0.676043
0.767333
0.856798
0.942783
1.02495
1.10394
1.1809
1.25714
1.33379
1.41176
1.49159
1.57347
1.65732
1.74284
1.82945
1.91647
2.00321
2.08899
2.17311
2.25494
2.33388
2.40939
2.481
2.54827
2.61081
2.66828
2.72038
2.76686
2.80752
2.84222
2.87087
2.89343
2.90991
2.9204
2.925
2.92387
2.9172
2.90519
2.88805
2.86598
2.83912
2.80758
2.77139
2.7305
2.68477
2.63394
2.5777
2.51561
2.44721
2.37197
2.28935
2.19883
2.09995
1.99236
1.87587
1.75051
1.61662
1.47495
1.32677
1.17404
1.01957
0.867167
0.721712
0.588888
0.474401
0.382554
0.314702
0.268657
0.239739
0.222729
0.21332
0.208535
0.206513
0.206142
0.206778
0.208051
0.209752
0.211764
0.214011
0.216438
0.218992
0.221616
0.224245
0.226812
0.229249
0.231492
0.233483
0.235174
0.236531
0.23753
0.238164
0.238414
0.238412
0.2376
0.130206
0.273198
0.380364
0.49936
0.636517
0.783583
0.928532
1.06158
1.17767
1.27643
1.3602
1.43243
1.49662
1.5558
1.61236
1.66815
1.72433
1.78147
1.83984
1.89942
1.96006
2.02141
2.08299
2.14422
2.2045
2.26319
2.31969
2.37344
2.42389
2.47058
2.51306
2.55096
2.58395
2.61178
2.63426
2.65124
2.66268
2.6686
2.66906
2.66422
2.65426
2.63943
2.61999
2.59623
2.56843
2.53684
2.50168
2.46306
2.42104
2.37556
2.32646
2.27345
2.21614
2.15408
2.0867
2.01344
1.9337
1.84697
1.75278
1.65084
1.54107
1.4237
1.29935
1.16914
1.03487
0.899111
0.765392
0.638167
0.522544
0.4235
0.344587
0.286644
0.247472
0.222906
0.208481
0.200574
0.19667
0.195168
0.19509
0.195852
0.197114
0.198689
0.200478
0.202436
0.204539
0.206774
0.209122
0.211552
0.214025
0.216489
0.218886
0.221158
0.223246
0.2251
0.226677
0.227944
0.228887
0.229482
0.229811
0.229563
0.131594
0.35661
0.614434
0.899114
1.17251
1.40421
1.58151
1.70764
1.79137
1.84409
1.87646
1.8967
1.91058
1.92192
1.93317
1.94574
1.96052
1.97804
1.99852
2.02188
2.0479
2.07619
2.10627
2.13755
2.16939
2.2011
2.23201
2.26146
2.28883
2.31356
2.33514
2.35311
2.36711
2.37682
2.38203
2.38261
2.3785
2.36975
2.35647
2.33885
2.31714
2.29164
2.26266
2.23055
2.19562
2.15817
2.1184
2.07647
2.0324
1.98611
1.9374
1.88595
1.8313
1.77294
1.71027
1.64267
1.56956
1.49041
1.40484
1.31266
1.21397
1.10926
0.999507
0.886281
0.771904
0.659508
0.552996
0.456718
0.374735
0.309728
0.262064
0.229725
0.209283
0.197187
0.19056
0.18737
0.186282
0.186446
0.187335
0.18863
0.19015
0.191797
0.193532
0.195345
0.197243
0.199234
0.201322
0.203497
0.205738
0.208009
0.210264
0.212452
0.214517
0.216408
0.218079
0.219493
0.220625
0.22145
0.22201
0.222181
0.0654907
0.800911
1.49972
1.9615
2.21377
2.32482
2.35307
2.3368
2.30078
2.25782
2.21418
2.17292
2.13553
2.10273
2.07478
2.05168
2.03328
2.01934
2.00963
2.00386
2.00169
2.00274
2.00655
2.01258
2.02024
2.02888
2.03782
2.04642
2.05404
2.06009
2.06404
2.06542
2.06384
2.05896
2.05058
2.03855
2.02283
2.00349
1.98066
1.95457
1.92551
1.89381
1.85981
1.82388
1.78635
1.74751
1.70756
1.66663
1.62473
1.58172
1.53736
1.49128
1.443
1.39195
1.33752
1.27911
1.21614
1.14817
1.07493
0.996393
0.912912
0.825273
0.734816
0.643516
0.554023
0.469558
0.393578
0.329141
0.278087
0.24046
0.214617
0.197999
0.188
0.182479
0.179872
0.179104
0.179454
0.180455
0.181808
0.183331
0.184924
0.186538
0.188162
0.189807
0.191491
0.193239
0.195065
0.196975
0.198963
0.201006
0.203069
0.20511
0.20708
0.208928
0.210608
0.21208
0.213313
0.214281
0.214994
0.215469
)
;

boundaryField
{
    outlet
    {
        type            zeroGradient;
    }
    inlet
    {
        type            fixedValue;
        value           uniform 0.2;
    }
    lowerWall
    {
        type            kqRWallFunction;
        value           nonuniform List<scalar> 
148
(
0.196709
0.190616
0.184994
0.179725
0.174798
0.17025
0.166115
0.162408
0.159125
0.156248
0.153751
0.1516
0.149765
0.148213
0.146914
0.14584
0.144967
0.144271
0.143733
0.143333
0.143055
0.142884
0.142808
0.142814
0.142893
0.143035
0.143228
0.143489
0.143697
0.14438
0.143047
0.15132
0.114719
0.0518191
0.0657994
0.0982498
0.119882
0.132785
0.140933
0.144826
0.144779
0.143061
0.139779
0.136902
0.133446
0.130206
0.131594
0.0654907
0.0518191
0.056094
0.0600928
0.0594473
0.0557434
0.0498313
0.0440206
0.0559051
0.10067
0.151559
0.200846
0.24785
0.292411
0.334452
0.373943
0.410896
0.445367
0.477478
0.507418
0.535428
0.561785
0.586769
0.610643
0.633631
0.65591
0.677605
0.698794
0.719514
0.739779
0.75959
0.778969
0.797979
0.816703
0.835023
0.852776
0.869935
0.886423
0.90215
0.917014
0.930912
0.943738
0.955391
0.965772
0.97479
0.982363
0.988416
0.992887
0.995724
0.996887
0.996348
0.994088
0.9901
0.984385
0.976949
0.967805
0.956969
0.944458
0.930292
0.914494
0.897099
0.878173
0.857904
0.836901
0.817125
0.801699
0.786908
0.771123
0.754008
0.735465
0.715445
0.693942
0.671008
0.64677
0.621451
0.595374
0.568952
0.542661
0.516994
0.492407
0.469275
0.447863
0.42832
0.410684
0.394905
0.380867
0.368413
0.357365
0.347537
0.338747
0.330825
0.323621
0.317003
0.310853
0.305016
0.299346
0.293753
0.288283
0.282828
0.278239
0.270966
)
;
    }
    upperWall
    {
        type            kqRWallFunction;
        value           nonuniform List<scalar> 
133
(
0.205419
0.216602
0.227661
0.238503
0.249093
0.259416
0.269459
0.279212
0.288667
0.297817
0.306658
0.315188
0.323405
0.331312
0.338909
0.346202
0.353194
0.359892
0.366302
0.372431
0.378286
0.383875
0.389208
0.394292
0.399135
0.403748
0.408138
0.412313
0.416283
0.420057
0.423641
0.427044
0.430278
0.433838
0.43774
0.441518
0.445162
0.448669
0.452032
0.455246
0.458307
0.461209
0.463947
0.466516
0.468912
0.471129
0.473162
0.475007
0.476658
0.47811
0.479358
0.480397
0.48122
0.481823
0.482199
0.482343
0.482247
0.481905
0.481311
0.480457
0.479336
0.477939
0.47626
0.474289
0.472017
0.469437
0.466537
0.46331
0.459743
0.455828
0.451553
0.446906
0.441876
0.436451
0.430617
0.424361
0.41767
0.410531
0.40293
0.394859
0.386309
0.377281
0.367784
0.357845
0.347514
0.336875
0.326061
0.315271
0.304784
0.294976
0.286327
0.279405
0.274826
0.273159
0.274798
0.279808
0.287806
0.297955
0.309074
0.319863
0.329144
0.336081
0.340294
0.341801
0.340895
0.338049
0.333788
0.328606
0.322905
0.31698
0.311031
0.305171
0.299444
0.293877
0.288507
0.283374
0.278506
0.273911
0.269586
0.265516
0.261684
0.25807
0.25466
0.251443
0.24841
0.245557
0.242885
0.240386
0.238076
0.235934
0.23397
0.232346
0.229929
)
;
    }
    frontAndBack
    {
        type            empty;
    }
}


// ************************************************************************* //
