/*--------------------------------*- C++ -*----------------------------------*\
  =========                 |
  \\      /  F ield         | OpenFOAM: The Open Source CFD Toolbox
   \\    /   O peration     | Website:  https://openfoam.org
    \\  /    A nd           | Version:  10
     \\/     M anipulation  |
\*---------------------------------------------------------------------------*/
FoamFile
{
    format      ascii;
    class       volScalarField;
    location    "0.025";
    object      k;
}
// * * * * * * * * * * * * * * * * * * * * * * * * * * * * * * * * * * * * * //

dimensions      [0 2 -2 0 0 0 0];

internalField   nonuniform List<scalar> 
6820
(
0.196709
0.190616
0.184995
0.179727
0.174804
0.170258
0.166123
0.162414
0.159126
0.156238
0.153724
0.151549
0.149681
0.148086
0.146735
0.145598
0.144648
0.143864
0.143222
0.142704
0.142292
0.141971
0.141728
0.141549
0.141423
0.14134
0.141292
0.141296
0.141225
0.14165
0.13989
0.148346
0.10939
0.201952
0.20083
0.197544
0.193924
0.190836
0.18856
0.187094
0.186314
0.186069
0.186225
0.186674
0.187335
0.188145
0.189059
0.190042
0.191065
0.192107
0.19315
0.194179
0.195183
0.196151
0.197075
0.197947
0.198764
0.199522
0.200221
0.200867
0.201467
0.202034
0.202635
0.203059
0.204485
0.203322
0.200489
0.200479
0.199123
0.197077
0.194848
0.192695
0.190724
0.188976
0.187464
0.186187
0.185133
0.184286
0.183627
0.183134
0.182787
0.182566
0.182455
0.182437
0.182498
0.182625
0.182806
0.183032
0.183294
0.183584
0.183894
0.184219
0.184551
0.18489
0.185222
0.185578
0.185862
0.186261
0.186278
0.199661
0.199119
0.198215
0.196981
0.195546
0.194016
0.192465
0.19094
0.189472
0.188082
0.186782
0.185579
0.184475
0.18347
0.182559
0.18174
0.181007
0.180353
0.179774
0.179263
0.178814
0.178422
0.178082
0.177788
0.177536
0.177323
0.177143
0.176994
0.17687
0.176775
0.176693
0.176653
0.176601
0.199429
0.198466
0.197532
0.196514
0.195402
0.194219
0.192994
0.191752
0.190511
0.189287
0.188094
0.186938
0.185828
0.184766
0.183757
0.182801
0.181898
0.181048
0.18025
0.179502
0.178802
0.178148
0.177539
0.176971
0.176443
0.175952
0.175497
0.175076
0.174687
0.17433
0.174001
0.173703
0.17343
0.199398
0.198267
0.197201
0.196166
0.195134
0.194092
0.193036
0.19197
0.1909
0.189834
0.188778
0.187739
0.186722
0.185731
0.184768
0.183836
0.182938
0.182073
0.181244
0.180449
0.179689
0.178965
0.178274
0.177617
0.176993
0.176402
0.175843
0.175315
0.174818
0.174352
0.173917
0.173512
0.173139
0.199395
0.19822
0.197099
0.196022
0.19498
0.193961
0.192959
0.191969
0.190988
0.190018
0.18906
0.188115
0.187185
0.186274
0.185383
0.184513
0.183666
0.182843
0.182046
0.181275
0.18053
0.179812
0.179121
0.178458
0.177822
0.177214
0.176634
0.176082
0.175559
0.175065
0.174601
0.174167
0.173766
0.199395
0.198211
0.197069
0.195969
0.19491
0.193885
0.192891
0.191922
0.190976
0.190049
0.189142
0.188252
0.187381
0.186527
0.185693
0.184877
0.184082
0.183307
0.182553
0.181821
0.181112
0.180425
0.179761
0.179121
0.178505
0.177913
0.177347
0.176807
0.176293
0.175806
0.175349
0.174922
0.174528
0.199395
0.198209
0.197063
0.195955
0.194886
0.193853
0.192854
0.191887
0.190948
0.190036
0.189149
0.188284
0.187442
0.186621
0.185821
0.185042
0.184282
0.183543
0.182825
0.182127
0.181451
0.180795
0.180161
0.179549
0.178959
0.178392
0.177849
0.17733
0.176837
0.17637
0.175932
0.175524
0.175149
0.199395
0.198209
0.197061
0.195951
0.194879
0.193842
0.192839
0.191869
0.19093
0.19002
0.189138
0.188282
0.187452
0.186645
0.185862
0.185101
0.184362
0.183645
0.182949
0.182274
0.18162
0.180987
0.180376
0.179786
0.179218
0.178672
0.17815
0.177652
0.177179
0.176732
0.176313
0.175924
0.175569
0.199395
0.198209
0.197061
0.19595
0.194876
0.193838
0.192833
0.191861
0.19092
0.190009
0.189128
0.188274
0.187446
0.186645
0.185868
0.185115
0.184385
0.183678
0.182993
0.182331
0.18169
0.181071
0.180473
0.179898
0.179344
0.178813
0.178306
0.177822
0.177363
0.176931
0.176526
0.176152
0.175812
0.199395
0.198208
0.19706
0.19595
0.194875
0.193836
0.19283
0.191857
0.190915
0.190004
0.189121
0.188267
0.18744
0.186639
0.185863
0.185113
0.184386
0.183683
0.183003
0.182346
0.181711
0.181098
0.180508
0.17994
0.179394
0.178871
0.178371
0.177896
0.177445
0.177021
0.176625
0.17626
0.175927
0.199395
0.198208
0.19706
0.195949
0.194874
0.193835
0.192829
0.191855
0.190912
0.19
0.189117
0.188262
0.187434
0.186633
0.185858
0.185107
0.184381
0.183679
0.183
0.182344
0.181711
0.181101
0.180513
0.179947
0.179405
0.178885
0.178389
0.177916
0.177469
0.177049
0.176656
0.176293
0.175963
0.199395
0.198208
0.19706
0.195949
0.194874
0.193834
0.192827
0.191853
0.19091
0.189997
0.189114
0.188258
0.18743
0.186628
0.185852
0.185101
0.184374
0.183672
0.182993
0.182337
0.181704
0.181094
0.180506
0.179941
0.179398
0.178879
0.178383
0.177911
0.177464
0.177043
0.17665
0.176286
0.175954
0.199395
0.198208
0.19706
0.195949
0.194873
0.193833
0.192826
0.191852
0.190908
0.189995
0.189111
0.188255
0.187426
0.186624
0.185847
0.185095
0.184368
0.183665
0.182985
0.182328
0.181694
0.181083
0.180494
0.179928
0.179385
0.178864
0.178367
0.177893
0.177445
0.177022
0.176626
0.176259
0.175922
0.199395
0.198208
0.19706
0.195948
0.194873
0.193833
0.192825
0.191851
0.190907
0.189993
0.189108
0.188252
0.187422
0.186619
0.185842
0.18509
0.184362
0.183657
0.182977
0.182319
0.181684
0.181071
0.180481
0.179914
0.179368
0.178846
0.178347
0.177871
0.17742
0.176993
0.176594
0.176222
0.175879
0.199395
0.198208
0.19706
0.195948
0.194873
0.193832
0.192825
0.19185
0.190905
0.189991
0.189106
0.188249
0.187419
0.186615
0.185837
0.185084
0.184355
0.18365
0.182968
0.182309
0.181673
0.181059
0.180468
0.179898
0.179351
0.178827
0.178325
0.177846
0.177391
0.176961
0.176557
0.176179
0.175829
0.199395
0.198208
0.19706
0.195948
0.194873
0.193832
0.192824
0.191849
0.190904
0.18999
0.189104
0.188246
0.187416
0.186612
0.185833
0.185079
0.184349
0.183643
0.18296
0.1823
0.181663
0.181047
0.180454
0.179883
0.179333
0.178806
0.178302
0.17782
0.177361
0.176927
0.176517
0.176134
0.175777
0.199395
0.198208
0.19706
0.195948
0.194872
0.193831
0.192824
0.191848
0.190903
0.189988
0.189102
0.188244
0.187413
0.186608
0.185829
0.185074
0.184343
0.183636
0.182952
0.182291
0.181652
0.181035
0.18044
0.179867
0.179315
0.178786
0.178278
0.177793
0.177331
0.176892
0.176477
0.176087
0.175723
0.199395
0.198208
0.19706
0.195948
0.194872
0.193831
0.192823
0.191847
0.190902
0.189987
0.1891
0.188242
0.18741
0.186605
0.185824
0.185069
0.184337
0.183629
0.182944
0.182282
0.181641
0.181023
0.180426
0.179851
0.179297
0.178765
0.178254
0.177766
0.177299
0.176856
0.176436
0.17604
0.175668
0.199395
0.198208
0.19706
0.195948
0.194872
0.193831
0.192823
0.191846
0.190901
0.189986
0.189099
0.18824
0.187407
0.186601
0.18582
0.185064
0.184332
0.183623
0.182936
0.182272
0.181631
0.181011
0.180412
0.179835
0.179279
0.178744
0.17823
0.177738
0.177268
0.17682
0.176395
0.175992
0.175614
0.199395
0.198208
0.19706
0.195948
0.194872
0.193831
0.192822
0.191846
0.1909
0.189984
0.189097
0.188238
0.187405
0.186598
0.185816
0.185059
0.184326
0.183616
0.182929
0.182263
0.18162
0.180998
0.180398
0.179819
0.17926
0.178723
0.178206
0.177711
0.177237
0.176784
0.176354
0.175945
0.17556
0.199395
0.198208
0.19706
0.195948
0.194872
0.19383
0.192822
0.191845
0.1909
0.189983
0.189096
0.188236
0.187402
0.186595
0.185813
0.185055
0.184321
0.18361
0.182921
0.182255
0.18161
0.180987
0.180384
0.179803
0.179242
0.178702
0.178183
0.177684
0.177206
0.176749
0.176313
0.175899
0.175507
0.199395
0.198208
0.19706
0.195948
0.194872
0.19383
0.192822
0.191845
0.190899
0.189982
0.189094
0.188234
0.1874
0.186592
0.185809
0.18505
0.184315
0.183603
0.182914
0.182246
0.1816
0.180975
0.180371
0.179788
0.179225
0.178682
0.17816
0.177658
0.177176
0.176715
0.176274
0.175855
0.175456
0.199395
0.198208
0.19706
0.195948
0.194872
0.19383
0.192821
0.191844
0.190898
0.189981
0.189093
0.188232
0.187398
0.186589
0.185806
0.185046
0.18431
0.183597
0.182907
0.182238
0.18159
0.180964
0.180358
0.179773
0.179208
0.178663
0.178137
0.177632
0.177147
0.176682
0.176236
0.175811
0.175407
0.199395
0.198208
0.19706
0.195948
0.194872
0.19383
0.192821
0.191844
0.190898
0.18998
0.189092
0.188231
0.187396
0.186587
0.185802
0.185042
0.184306
0.183592
0.1829
0.18223
0.181581
0.180953
0.180346
0.179758
0.179191
0.178644
0.178116
0.177608
0.177119
0.17665
0.1762
0.17577
0.17536
0.199395
0.198208
0.19706
0.195948
0.194872
0.19383
0.192821
0.191844
0.190897
0.18998
0.189091
0.188229
0.187394
0.186584
0.185799
0.185038
0.184301
0.183586
0.182893
0.182222
0.181572
0.180943
0.180334
0.179745
0.179175
0.178626
0.178095
0.177584
0.177092
0.176619
0.176166
0.175731
0.175316
0.199395
0.198208
0.19706
0.195948
0.194872
0.19383
0.192821
0.191843
0.190896
0.189979
0.18909
0.188228
0.187392
0.186582
0.185796
0.185035
0.184297
0.183581
0.182887
0.182215
0.181564
0.180933
0.180322
0.179732
0.17916
0.178609
0.178076
0.177562
0.177067
0.176591
0.176134
0.175695
0.175275
0.199395
0.198209
0.19706
0.195948
0.194872
0.19383
0.192821
0.191843
0.190896
0.189978
0.189089
0.188226
0.18739
0.18658
0.185794
0.185031
0.184292
0.183576
0.182881
0.182208
0.181556
0.180924
0.180312
0.179719
0.179146
0.178593
0.178058
0.177541
0.177044
0.176565
0.176104
0.175661
0.175237
0.199395
0.198208
0.19706
0.195948
0.194872
0.19383
0.192821
0.191843
0.190896
0.189978
0.189088
0.188225
0.187389
0.186578
0.185791
0.185029
0.184289
0.183572
0.182876
0.182202
0.181549
0.180915
0.180302
0.179708
0.179134
0.178578
0.178041
0.177523
0.177023
0.176541
0.176077
0.175631
0.175202
0.199395
0.198209
0.19706
0.195948
0.194872
0.19383
0.192821
0.191843
0.190896
0.189977
0.189087
0.188224
0.187388
0.186576
0.185789
0.185026
0.184286
0.183568
0.182871
0.182196
0.181542
0.180908
0.180294
0.179699
0.179123
0.178565
0.178027
0.177506
0.177004
0.17652
0.176053
0.175604
0.175172
0.199395
0.198208
0.19706
0.195948
0.194872
0.19383
0.192821
0.191843
0.190896
0.189978
0.189088
0.188225
0.187388
0.186576
0.185789
0.185025
0.184284
0.183566
0.182869
0.182193
0.181538
0.180903
0.180288
0.179692
0.179114
0.178556
0.178015
0.177493
0.176989
0.176502
0.176033
0.175581
0.175146
0.199395
0.198209
0.197061
0.19595
0.194874
0.193832
0.192823
0.191845
0.190898
0.18998
0.189089
0.188226
0.187389
0.186577
0.18579
0.185026
0.184284
0.183565
0.182868
0.182192
0.181536
0.1809
0.180284
0.179686
0.179108
0.178548
0.178006
0.177481
0.176975
0.176485
0.176013
0.175558
0.175119
0.199395
0.198208
0.19706
0.19595
0.194875
0.193835
0.192827
0.19185
0.190904
0.189986
0.189096
0.188233
0.187396
0.186584
0.185796
0.185032
0.18429
0.18357
0.182872
0.182194
0.181537
0.180899
0.180281
0.179681
0.1791
0.178537
0.177991
0.177463
0.176953
0.176458
0.175981
0.17552
0.175075
0.199396
0.198213
0.197068
0.19596
0.194886
0.193846
0.192838
0.191862
0.190915
0.189998
0.189108
0.188244
0.187406
0.186593
0.185804
0.185037
0.184293
0.18357
0.182868
0.182186
0.181523
0.18088
0.180255
0.179649
0.17906
0.178488
0.177934
0.177396
0.176874
0.176369
0.175879
0.175404
0.174945
0.199396
0.198213
0.197071
0.195968
0.194902
0.193869
0.192866
0.191893
0.190947
0.190028
0.189136
0.188268
0.187424
0.186603
0.185804
0.185027
0.18427
0.183534
0.182817
0.182119
0.181439
0.180777
0.180133
0.179506
0.178896
0.178301
0.177723
0.177161
0.176614
0.176082
0.175565
0.175063
0.174575
0.199403
0.198243
0.19712
0.196025
0.19496
0.193924
0.192916
0.191934
0.190976
0.190041
0.189129
0.188239
0.187369
0.18652
0.185691
0.184881
0.184091
0.183319
0.182566
0.181831
0.181114
0.180414
0.179731
0.179064
0.178415
0.177781
0.177163
0.176561
0.175975
0.175404
0.174848
0.174307
0.173781
0.199421
0.198283
0.197212
0.196177
0.19515
0.194124
0.193101
0.192087
0.191086
0.190103
0.189141
0.188203
0.187289
0.186399
0.185535
0.184694
0.183877
0.183084
0.182314
0.181566
0.18084
0.180136
0.179453
0.178791
0.17815
0.177529
0.176928
0.176348
0.175787
0.175246
0.174725
0.174224
0.173742
0.199656
0.198889
0.198082
0.197309
0.196615
0.195995
0.195435
0.194928
0.194469
0.194057
0.193691
0.193373
0.193104
0.192884
0.192714
0.192595
0.192526
0.192508
0.192541
0.192625
0.192761
0.192948
0.193185
0.193474
0.193813
0.194203
0.194643
0.195132
0.195669
0.196255
0.196887
0.197564
0.198284
0.205419
0.216603
0.227662
0.238505
0.249095
0.259416
0.269456
0.279203
0.288648
0.297784
0.306606
0.31511
0.323294
0.331158
0.338702
0.345929
0.352842
0.359445
0.365742
0.37174
0.377443
0.382858
0.387992
0.392851
0.397442
0.401772
0.405848
0.409678
0.413267
0.416624
0.419755
0.422666
0.425369
0.320856
0.6667
1.08191
1.51269
1.88161
2.1302
2.25863
2.30319
2.29547
2.25344
2.18286
2.07878
1.93122
1.73076
1.47359
1.16847
0.84591
0.561421
0.375794
0.310685
0.325685
0.369957
0.420099
0.466817
0.505499
0.534194
0.552892
0.562919
0.566354
0.565514
0.562521
0.558934
0.555532
0.552274
0.548446
0.542912
0.534413
0.521839
0.504454
0.482045
0.455006
0.424323
0.391453
0.35811
0.325976
0.296442
0.270419
0.248294
0.23
0.215168
0.203279
0.193785
0.186193
0.18009
0.175158
0.171154
0.167896
0.165247
0.163097
0.161358
0.159959
0.158838
0.157945
0.157239
0.156683
0.15625
0.155916
0.155659
0.155465
0.15532
0.155213
0.155136
0.155081
0.155044
0.15502
0.155005
0.154997
0.154994
0.154994
0.154996
0.155
0.155003
0.155007
0.15501
0.155013
0.155015
0.155016
0.155017
0.155017
0.155016
0.155014
0.155012
0.155009
0.155006
0.155002
0.154998
0.154993
0.154988
0.154984
0.154974
0.210301
0.236897
0.290671
0.385595
0.529708
0.712039
0.903746
1.07324
1.1989
1.26693
1.27182
1.2153
1.1031
0.944612
0.755807
0.562845
0.401369
0.303566
0.275123
0.291124
0.325675
0.366711
0.408258
0.446192
0.477695
0.501312
0.516904
0.525353
0.528209
0.527338
0.524563
0.521323
0.518417
0.515918
0.513244
0.509369
0.503083
0.493259
0.479074
0.46018
0.436793
0.409706
0.380188
0.349795
0.320112
0.292496
0.267891
0.246758
0.22913
0.214729
0.203116
0.193801
0.186328
0.180309
0.175436
0.171472
0.168238
0.165599
0.163448
0.161699
0.160283
0.159141
0.158224
0.157492
0.156911
0.156452
0.156093
0.155814
0.155599
0.155435
0.15531
0.155217
0.155149
0.155099
0.155063
0.155038
0.155022
0.155011
0.155004
0.155
0.154998
0.154996
0.154996
0.154996
0.154995
0.154994
0.154993
0.154992
0.154989
0.154987
0.154984
0.15498
0.154976
0.154972
0.154967
0.154962
0.154957
0.154951
0.154947
0.154936
0.186203
0.188362
0.193745
0.203426
0.220233
0.246795
0.283586
0.326931
0.371119
0.407899
0.428145
0.425258
0.398133
0.352752
0.301793
0.261194
0.242791
0.246915
0.265653
0.292715
0.324973
0.359594
0.393644
0.424519
0.450264
0.469796
0.482918
0.490179
0.492699
0.491954
0.489494
0.48663
0.484168
0.482277
0.480517
0.477993
0.473579
0.466162
0.454862
0.43921
0.419252
0.395587
0.369291
0.341755
0.314454
0.288706
0.265477
0.245303
0.22831
0.214316
0.202958
0.193807
0.186444
0.180502
0.175684
0.171759
0.168552
0.165926
0.163778
0.162024
0.160594
0.159434
0.158495
0.15774
0.157134
0.156651
0.156269
0.155967
0.15573
0.155545
0.155402
0.155293
0.155209
0.155145
0.155097
0.155061
0.155034
0.155015
0.155
0.154989
0.15498
0.154974
0.154968
0.154964
0.15496
0.154956
0.154952
0.154947
0.154943
0.154939
0.154934
0.154929
0.154924
0.154918
0.154912
0.154907
0.154901
0.154894
0.154889
0.154878
0.176533
0.176894
0.177787
0.179241
0.181495
0.184973
0.190222
0.197007
0.203688
0.209247
0.212753
0.213712
0.212679
0.211546
0.21298
0.219055
0.230359
0.246679
0.267747
0.292873
0.320704
0.349484
0.377328
0.402489
0.423615
0.439899
0.451094
0.457491
0.459867
0.459369
0.457304
0.454849
0.452797
0.451399
0.450348
0.448889
0.446005
0.440629
0.431858
0.419124
0.402322
0.381862
0.358626
0.333836
0.30885
0.284929
0.263055
0.243828
0.227463
0.213869
0.202763
0.193771
0.186512
0.180644
0.175881
0.171997
0.168818
0.166211
0.164071
0.162316
0.160879
0.159706
0.15875
0.157975
0.157348
0.156843
0.156438
0.156114
0.155857
0.155653
0.155491
0.155365
0.155265
0.155187
0.155126
0.155079
0.155041
0.155012
0.154989
0.154971
0.154956
0.154943
0.154933
0.154923
0.154915
0.154907
0.1549
0.154893
0.154887
0.15488
0.154873
0.154867
0.15486
0.154853
0.154846
0.15484
0.154833
0.154826
0.15482
0.154808
0.173115
0.172924
0.173108
0.173723
0.174701
0.176061
0.177879
0.180067
0.182509
0.185148
0.188038
0.191385
0.195586
0.201192
0.20882
0.219027
0.232237
0.248643
0.268082
0.289978
0.313399
0.337143
0.359915
0.380523
0.398023
0.411785
0.421521
0.427328
0.429713
0.429554
0.427939
0.425922
0.424265
0.423276
0.422767
0.42212
0.420444
0.416746
0.410129
0.399959
0.386001
0.368491
0.348124
0.325951
0.303201
0.281072
0.260543
0.242266
0.226536
0.21335
0.202499
0.193668
0.186515
0.180721
0.176013
0.172171
0.169024
0.166439
0.164312
0.162563
0.161125
0.159944
0.158978
0.158188
0.157544
0.15702
0.156596
0.156253
0.155977
0.155755
0.155576
0.155433
0.155319
0.155227
0.155154
0.155095
0.155047
0.155008
0.154977
0.154951
0.154929
0.15491
0.154894
0.15488
0.154868
0.154857
0.154846
0.154836
0.154827
0.154818
0.15481
0.154801
0.154793
0.154785
0.154777
0.154769
0.154762
0.154754
0.154748
0.154735
0.17273
0.172348
0.172159
0.172274
0.172768
0.173687
0.175065
0.176909
0.179227
0.182064
0.185527
0.189803
0.19515
0.20188
0.210328
0.220799
0.233505
0.248475
0.265505
0.284138
0.303672
0.323246
0.341968
0.359021
0.373729
0.385576
0.394243
0.399681
0.402189
0.402426
0.401297
0.399736
0.398466
0.397831
0.397736
0.397695
0.39694
0.394577
0.389743
0.38177
0.370322
0.355482
0.337769
0.318063
0.297461
0.277081
0.25789
0.240573
0.225495
0.212732
0.202147
0.193485
0.186441
0.180723
0.176071
0.172273
0.169159
0.1666
0.164492
0.162753
0.16132
0.160139
0.159166
0.158367
0.157712
0.157175
0.156736
0.156377
0.156085
0.155848
0.155654
0.155497
0.155369
0.155265
0.155179
0.15511
0.155052
0.155005
0.154965
0.154932
0.154903
0.154879
0.154858
0.154839
0.154823
0.154808
0.154794
0.154782
0.15477
0.154759
0.154748
0.154738
0.154729
0.154719
0.15471
0.154702
0.154693
0.154685
0.154678
0.154664
0.173335
0.172915
0.172668
0.172697
0.173075
0.173857
0.175098
0.176847
0.179157
0.182098
0.185772
0.190314
0.195899
0.202722
0.210983
0.220848
0.232405
0.245615
0.260277
0.276011
0.292293
0.308514
0.324062
0.338377
0.35096
0.361373
0.369273
0.374504
0.377207
0.377866
0.377231
0.376129
0.375239
0.374921
0.375153
0.375555
0.375485
0.374151
0.370753
0.364619
0.35534
0.342875
0.32758
0.310174
0.291616
0.272938
0.255072
0.238726
0.22432
0.212
0.201699
0.193216
0.186288
0.180649
0.176054
0.1723
0.169222
0.166691
0.164604
0.162881
0.161457
0.160281
0.159309
0.158506
0.157844
0.157298
0.156849
0.156479
0.156175
0.155925
0.15572
0.155551
0.155412
0.155297
0.155201
0.155122
0.155056
0.155001
0.154954
0.154914
0.15488
0.15485
0.154824
0.154802
0.154781
0.154763
0.154746
0.154731
0.154717
0.154704
0.154692
0.15468
0.154669
0.154659
0.154649
0.154639
0.15463
0.154621
0.154613
0.154599
0.174111
0.173702
0.173429
0.173388
0.173667
0.174344
0.175485
0.177148
0.179394
0.182287
0.185911
0.190367
0.195771
0.202251
0.209925
0.218878
0.229135
0.240624
0.253158
0.266436
0.280072
0.29364
0.306724
0.318938
0.329905
0.339244
0.346593
0.351722
0.354651
0.355726
0.355569
0.354913
0.354388
0.354361
0.354858
0.355588
0.356016
0.355458
0.353187
0.348556
0.341116
0.330725
0.317603
0.302315
0.285684
0.268644
0.252085
0.236718
0.223004
0.21115
0.201152
0.192861
0.186057
0.180501
0.175965
0.172256
0.169215
0.166713
0.164649
0.162944
0.161534
0.160366
0.159399
0.158598
0.157934
0.157384
0.156929
0.156552
0.156241
0.155982
0.155768
0.15559
0.155442
0.155318
0.155215
0.155129
0.155055
0.154993
0.154941
0.154895
0.154856
0.154822
0.154792
0.154766
0.154742
0.154721
0.154702
0.154685
0.154668
0.154654
0.15464
0.154627
0.154615
0.154603
0.154592
0.154582
0.154572
0.154562
0.154554
0.154539
0.174758
0.174379
0.174123
0.174069
0.174298
0.174885
0.175898
0.177402
0.179459
0.182135
0.185502
0.189638
0.194624
0.200541
0.207456
0.215406
0.224379
0.234294
0.244989
0.25623
0.267735
0.279209
0.290376
0.300968
0.310694
0.319211
0.326153
0.331233
0.334384
0.335842
0.336125
0.335882
0.335701
0.33594
0.336661
0.337638
0.338426
0.33844
0.337036
0.333609
0.327699
0.319093
0.307894
0.294531
0.279696
0.264222
0.248941
0.234554
0.221549
0.210184
0.200507
0.192424
0.185754
0.180286
0.175812
0.172149
0.169143
0.16667
0.164631
0.162946
0.161551
0.160395
0.159436
0.158639
0.157978
0.157429
0.156972
0.156592
0.156276
0.156012
0.155793
0.155609
0.155455
0.155326
0.155217
0.155124
0.155046
0.154979
0.154922
0.154872
0.154829
0.154792
0.154759
0.154729
0.154703
0.15468
0.154659
0.154639
0.154622
0.154605
0.15459
0.154576
0.154563
0.154551
0.154539
0.154528
0.154518
0.154507
0.154499
0.154483
0.175202
0.174851
0.17461
0.174543
0.17472
0.175211
0.176083
0.177399
0.179221
0.181608
0.184623
0.188327
0.192781
0.198038
0.204136
0.211085
0.218859
0.227377
0.236504
0.246062
0.255845
0.265656
0.275312
0.284629
0.293377
0.301245
0.307862
0.31291
0.316252
0.318042
0.318709
0.318834
0.318962
0.319442
0.320355
0.321523
0.322574
0.323006
0.322259
0.319782
0.315124
0.308029
0.298511
0.286878
0.273699
0.259706
0.245663
0.232248
0.219964
0.209106
0.199771
0.191912
0.185387
0.180013
0.175603
0.171986
0.169016
0.166572
0.164557
0.162891
0.161513
0.16037
0.159421
0.158633
0.157977
0.157431
0.156976
0.156596
0.156279
0.156014
0.155791
0.155604
0.155447
0.155314
0.155201
0.155106
0.155024
0.154954
0.154893
0.154841
0.154795
0.154755
0.15472
0.154688
0.15466
0.154635
0.154613
0.154592
0.154573
0.154556
0.15454
0.154525
0.154511
0.154498
0.154486
0.154475
0.154464
0.154453
0.154444
0.154428
0.175462
0.175129
0.174896
0.174814
0.174941
0.175339
0.176069
0.177188
0.178755
0.180825
0.183451
0.186685
0.190574
0.195155
0.20045
0.206458
0.213146
0.220443
0.22824
0.2364
0.244781
0.253249
0.261691
0.269982
0.277934
0.28526
0.291597
0.296601
0.30009
0.302148
0.303136
0.303574
0.303969
0.304659
0.305735
0.307056
0.308301
0.30904
0.308787
0.30705
0.303405
0.297575
0.289506
0.27941
0.267742
0.255133
0.242278
0.22982
0.218262
0.207926
0.198951
0.191331
0.184962
0.17969
0.175348
0.17178
0.168846
0.16643
0.164437
0.162791
0.161429
0.1603
0.159362
0.158583
0.157934
0.157394
0.156943
0.156565
0.15625
0.155985
0.155762
0.155575
0.155416
0.155282
0.155167
0.15507
0.154986
0.154914
0.154852
0.154798
0.154751
0.154709
0.154672
0.15464
0.154611
0.154585
0.154561
0.154539
0.15452
0.154502
0.154485
0.15447
0.154456
0.154442
0.15443
0.154418
0.154407
0.154396
0.154387
0.154371
0.175586
0.175261
0.175025
0.174921
0.174997
0.175304
0.175895
0.176825
0.178143
0.179901
0.182145
0.184919
0.188261
0.192199
0.196747
0.2019
0.207626
0.213865
0.220533
0.227527
0.234748
0.242114
0.249558
0.256997
0.264276
0.271131
0.277204
0.282141
0.285724
0.287986
0.289228
0.289919
0.290534
0.291399
0.292612
0.294054
0.295446
0.296413
0.296531
0.295368
0.292535
0.287752
0.280923
0.272176
0.261872
0.250547
0.23882
0.227293
0.216459
0.206656
0.198056
0.190689
0.184487
0.179326
0.175058
0.171539
0.168641
0.166253
0.164283
0.162655
0.161309
0.160193
0.159267
0.158497
0.157857
0.157323
0.156877
0.156504
0.156191
0.155929
0.155708
0.155521
0.155363
0.155229
0.155115
0.155017
0.154933
0.15486
0.154797
0.154743
0.154695
0.154653
0.154615
0.154582
0.154552
0.154526
0.154502
0.15448
0.15446
0.154441
0.154424
0.154409
0.154394
0.154381
0.154368
0.154356
0.154344
0.154333
0.154324
0.154308
0.175623
0.175296
0.17505
0.174919
0.174941
0.175162
0.175625
0.176378
0.177466
0.178934
0.180823
0.183171
0.186009
0.189362
0.193238
0.197633
0.202519
0.207849
0.213557
0.219569
0.225819
0.232263
0.238868
0.245581
0.252273
0.2587
0.264515
0.269355
0.27298
0.275383
0.276815
0.277702
0.27849
0.279493
0.280814
0.282352
0.283856
0.284992
0.285391
0.284674
0.282489
0.27857
0.27279
0.26522
0.256136
0.245988
0.235322
0.224692
0.214572
0.205307
0.197093
0.189994
0.183971
0.178928
0.174739
0.171274
0.168414
0.166053
0.164105
0.162495
0.161163
0.160059
0.159144
0.158384
0.157752
0.157225
0.156785
0.156417
0.156109
0.15585
0.155632
0.155447
0.155291
0.155158
0.155045
0.154948
0.154865
0.154793
0.15473
0.154675
0.154628
0.154585
0.154548
0.154515
0.154485
0.154458
0.154434
0.154412
0.154392
0.154374
0.154357
0.154341
0.154326
0.154313
0.1543
0.154288
0.154276
0.154265
0.154256
0.15424
0.175611
0.175275
0.175012
0.17485
0.174821
0.17496
0.175306
0.1759
0.176782
0.177989
0.179559
0.181526
0.183915
0.186749
0.190034
0.193767
0.197927
0.202476
0.207366
0.212545
0.217973
0.223633
0.229518
0.235599
0.241768
0.247797
0.253352
0.258069
0.261691
0.264178
0.265742
0.266771
0.267686
0.268791
0.270193
0.271801
0.273388
0.274653
0.275267
0.274896
0.27323
0.270019
0.265124
0.258573
0.250572
0.241495
0.231818
0.222043
0.21262
0.203892
0.196073
0.189251
0.183418
0.178502
0.174398
0.17099
0.16817
0.165838
0.163911
0.162318
0.161
0.159909
0.159004
0.158253
0.157629
0.157109
0.156675
0.156313
0.156009
0.155754
0.155539
0.155358
0.155205
0.155074
0.154963
0.154867
0.154785
0.154714
0.154652
0.154599
0.154551
0.15451
0.154473
0.15444
0.154411
0.154384
0.15436
0.154338
0.154318
0.1543
0.154283
0.154267
0.154253
0.154239
0.154226
0.154214
0.154203
0.154192
0.154183
0.154166
0.175572
0.175223
0.174941
0.174746
0.174666
0.174731
0.174973
0.175426
0.176125
0.177103
0.178394
0.180025
0.182022
0.184402
0.187174
0.190335
0.19387
0.19775
0.20194
0.206407
0.211132
0.216117
0.221377
0.226899
0.232594
0.238251
0.243544
0.248115
0.251695
0.25422
0.255866
0.25699
0.257991
0.259164
0.260617
0.262273
0.26392
0.265281
0.26606
0.265961
0.264712
0.262081
0.257931
0.252257
0.245212
0.237102
0.228338
0.219371
0.210622
0.202425
0.195004
0.188469
0.182835
0.178054
0.174041
0.170695
0.167917
0.165615
0.16371
0.162134
0.16083
0.15975
0.158855
0.158112
0.157495
0.156982
0.156554
0.156197
0.155898
0.155648
0.155437
0.155259
0.155109
0.154981
0.154872
0.154778
0.154698
0.154628
0.154568
0.154515
0.154469
0.154428
0.154392
0.15436
0.154331
0.154305
0.154282
0.15426
0.15424
0.154222
0.154206
0.15419
0.154176
0.154162
0.15415
0.154137
0.154126
0.154115
0.154106
0.15409
0.175519
0.175156
0.174852
0.174625
0.174498
0.174495
0.174644
0.174973
0.175512
0.176292
0.177339
0.178681
0.180337
0.182326
0.184655
0.187324
0.190321
0.193627
0.197218
0.201073
0.205191
0.209591
0.214302
0.219328
0.224591
0.229896
0.23493
0.239339
0.242848
0.245371
0.247058
0.248238
0.249288
0.250498
0.251978
0.253659
0.255344
0.256775
0.25768
0.257797
0.256882
0.25473
0.251206
0.246284
0.240078
0.232836
0.22491
0.216701
0.208597
0.200919
0.193896
0.187652
0.182225
0.177587
0.173671
0.170391
0.167659
0.165389
0.163507
0.161948
0.160657
0.159588
0.158702
0.157968
0.157358
0.156851
0.156429
0.156077
0.155783
0.155537
0.15533
0.155156
0.155008
0.154883
0.154777
0.154686
0.154607
0.15454
0.154481
0.15443
0.154385
0.154345
0.15431
0.154278
0.15425
0.154225
0.154202
0.154181
0.154161
0.154144
0.154127
0.154112
0.154098
0.154084
0.154072
0.15406
0.154049
0.154038
0.154028
0.154012
0.17546
0.175081
0.174755
0.174498
0.174327
0.174262
0.174328
0.174549
0.174951
0.175558
0.176396
0.177487
0.178851
0.180503
0.182451
0.184697
0.187233
0.190046
0.193121
0.19645
0.200042
0.203931
0.208159
0.212739
0.217608
0.222583
0.227363
0.2316
0.235015
0.237507
0.239202
0.240405
0.241475
0.242694
0.244178
0.245864
0.247568
0.249047
0.250049
0.250336
0.249693
0.247935
0.244936
0.240661
0.235188
0.228721
0.221558
0.214054
0.206562
0.199388
0.192758
0.186809
0.181594
0.177105
0.173291
0.170082
0.167398
0.165162
0.163305
0.161764
0.160487
0.159428
0.158552
0.157825
0.157222
0.156721
0.156305
0.155958
0.155668
0.155426
0.155223
0.155052
0.154908
0.154786
0.154682
0.154593
0.154517
0.154451
0.154394
0.154344
0.154301
0.154262
0.154228
0.154197
0.15417
0.154145
0.154123
0.154102
0.154084
0.154066
0.15405
0.154035
0.154021
0.154008
0.153996
0.153984
0.153973
0.153962
0.153953
0.153937
0.175397
0.175003
0.174656
0.174369
0.174157
0.174038
0.174031
0.174158
0.174439
0.174898
0.175555
0.176431
0.177544
0.178907
0.180528
0.182411
0.184551
0.18694
0.189571
0.192444
0.19558
0.199021
0.20282
0.207002
0.211512
0.216178
0.220711
0.224772
0.228079
0.230519
0.232196
0.233396
0.234461
0.235668
0.237134
0.238808
0.240514
0.242021
0.243094
0.243516
0.243093
0.241662
0.239107
0.235385
0.230553
0.224774
0.218302
0.211449
0.204534
0.197844
0.1916
0.185944
0.180944
0.176609
0.172904
0.169769
0.167137
0.164938
0.163106
0.161584
0.160321
0.159274
0.158406
0.157687
0.15709
0.156595
0.156184
0.155842
0.155557
0.155319
0.15512
0.154952
0.154811
0.154692
0.154591
0.154504
0.15443
0.154366
0.154311
0.154262
0.15422
0.154183
0.15415
0.15412
0.154093
0.154069
0.154047
0.154028
0.154009
0.153992
0.153977
0.153962
0.153948
0.153935
0.153923
0.153911
0.1539
0.153889
0.15388
0.153864
0.175332
0.174923
0.174555
0.174241
0.173992
0.173824
0.173753
0.173797
0.173974
0.174305
0.174807
0.175498
0.176395
0.177509
0.178851
0.180422
0.182221
0.184245
0.186492
0.18897
0.191708
0.194757
0.198177
0.202001
0.206183
0.210563
0.214861
0.218746
0.221935
0.224307
0.225948
0.227124
0.228165
0.229342
0.230774
0.23242
0.234112
0.235631
0.236755
0.237282
0.237038
0.235878
0.233697
0.23045
0.226176
0.221007
0.215159
0.208904
0.202529
0.1963
0.190429
0.185064
0.180282
0.176104
0.17251
0.169454
0.166877
0.164716
0.162911
0.161409
0.160161
0.159125
0.158267
0.157555
0.156965
0.156476
0.15607
0.155732
0.155452
0.155217
0.155022
0.154857
0.154719
0.154603
0.154504
0.15442
0.154348
0.154286
0.154232
0.154185
0.154144
0.154108
0.154076
0.154047
0.154021
0.153998
0.153977
0.153958
0.15394
0.153923
0.153908
0.153893
0.15388
0.153867
0.153855
0.153844
0.153833
0.153822
0.153813
0.153797
0.175267
0.174843
0.174456
0.174116
0.173833
0.173621
0.173493
0.173465
0.173552
0.173772
0.17414
0.174672
0.175384
0.176285
0.177385
0.178688
0.180195
0.181904
0.183819
0.185954
0.188344
0.191049
0.194133
0.197636
0.201521
0.205635
0.209711
0.213424
0.216492
0.218785
0.220377
0.221515
0.222517
0.223649
0.225035
0.226638
0.228303
0.22982
0.230976
0.231584
0.231486
0.230552
0.228687
0.225847
0.222059
0.21743
0.212142
0.206433
0.20056
0.194766
0.189256
0.184175
0.179609
0.175591
0.172112
0.169137
0.166617
0.164497
0.162722
0.16124
0.160008
0.158984
0.158135
0.157431
0.156847
0.156363
0.155962
0.155629
0.155353
0.155122
0.15493
0.154769
0.154634
0.15452
0.154423
0.154341
0.154271
0.154211
0.154159
0.154114
0.154074
0.154039
0.154008
0.15398
0.153955
0.153933
0.153912
0.153893
0.153876
0.153859
0.153844
0.15383
0.153817
0.153805
0.153793
0.153781
0.153771
0.15376
0.153751
0.153735
0.175203
0.174764
0.174359
0.173995
0.173682
0.17343
0.173252
0.17316
0.173169
0.173292
0.173545
0.173941
0.174492
0.175211
0.176103
0.177176
0.17843
0.179867
0.181494
0.183331
0.185418
0.18782
0.190606
0.193822
0.197437
0.201308
0.205175
0.208721
0.211668
0.213878
0.215411
0.216501
0.217453
0.21853
0.219858
0.221409
0.223036
0.224538
0.225711
0.22638
0.226399
0.225652
0.224055
0.221564
0.218199
0.214046
0.209261
0.204048
0.198638
0.193254
0.188088
0.183284
0.178932
0.175073
0.171711
0.16882
0.16636
0.164282
0.162537
0.161078
0.159861
0.15885
0.15801
0.157314
0.156737
0.156258
0.155862
0.155534
0.155261
0.155034
0.154845
0.154687
0.154555
0.154443
0.154349
0.154269
0.154201
0.154142
0.154092
0.154048
0.15401
0.153976
0.153946
0.153919
0.153895
0.153873
0.153853
0.153834
0.153817
0.153801
0.153787
0.153773
0.15376
0.153748
0.153736
0.153725
0.153714
0.153703
0.153695
0.153679
0.175139
0.174687
0.174265
0.173879
0.173538
0.173251
0.173028
0.172881
0.172821
0.172861
0.173013
0.173291
0.173705
0.174266
0.17498
0.175854
0.17689
0.178091
0.179469
0.181047
0.182869
0.185004
0.187526
0.190486
0.193857
0.197503
0.201176
0.204565
0.207392
0.209516
0.210987
0.212021
0.212917
0.213931
0.215193
0.216684
0.218264
0.21974
0.220917
0.221629
0.221742
0.221151
0.219779
0.217589
0.214592
0.210859
0.206522
0.201759
0.196775
0.191774
0.186934
0.182396
0.178253
0.174554
0.171309
0.168504
0.166105
0.164071
0.162357
0.160921
0.159721
0.158722
0.157892
0.157204
0.156633
0.156161
0.155769
0.155445
0.155176
0.154952
0.154766
0.154611
0.154482
0.154373
0.154281
0.154203
0.154137
0.15408
0.154031
0.153988
0.153951
0.153918
0.153889
0.153863
0.153839
0.153818
0.153799
0.153781
0.153764
0.153749
0.153734
0.153721
0.153708
0.153696
0.153684
0.153673
0.153663
0.153652
0.153644
0.153628
0.175077
0.174613
0.174174
0.173769
0.173402
0.173084
0.172821
0.172625
0.172505
0.172472
0.172538
0.172714
0.17301
0.173434
0.173994
0.174696
0.175544
0.176542
0.177703
0.179055
0.180645
0.182545
0.184834
0.187563
0.190714
0.194156
0.197649
0.200889
0.203602
0.205641
0.207046
0.208022
0.208857
0.209803
0.210996
0.21242
0.213945
0.215387
0.216558
0.217299
0.217485
0.217022
0.215842
0.213909
0.211231
0.207867
0.20393
0.199573
0.19498
0.190333
0.185801
0.181518
0.177579
0.174036
0.170908
0.168189
0.165853
0.163864
0.162183
0.16077
0.159587
0.158602
0.157782
0.157101
0.156537
0.15607
0.155683
0.155363
0.155097
0.154877
0.154694
0.154542
0.154415
0.154308
0.154218
0.154142
0.154078
0.154022
0.153975
0.153933
0.153897
0.153866
0.153837
0.153812
0.153789
0.153769
0.15375
0.153732
0.153716
0.153701
0.153687
0.153674
0.153661
0.153649
0.153638
0.153627
0.153616
0.153606
0.153598
0.153582
0.175018
0.174541
0.174088
0.173664
0.173275
0.172928
0.17263
0.172391
0.172218
0.172123
0.172114
0.172201
0.172394
0.1727
0.173128
0.173682
0.174366
0.175188
0.176161
0.177316
0.178703
0.180396
0.182478
0.185002
0.187954
0.19121
0.194538
0.197639
0.200243
0.2022
0.203539
0.204456
0.205228
0.206105
0.207224
0.208578
0.210044
0.211445
0.212599
0.213356
0.213599
0.213241
0.212222
0.21051
0.20811
0.205071
0.201488
0.197498
0.193259
0.188941
0.184697
0.180656
0.176912
0.173522
0.170511
0.167878
0.165604
0.163661
0.162013
0.160624
0.15946
0.158487
0.157677
0.157005
0.156447
0.155985
0.155603
0.155286
0.155025
0.154808
0.154628
0.154478
0.154353
0.154249
0.154161
0.154087
0.154024
0.15397
0.153924
0.153884
0.153849
0.153818
0.15379
0.153766
0.153744
0.153724
0.153705
0.153688
0.153673
0.153658
0.153644
0.153631
0.153619
0.153607
0.153596
0.153585
0.153575
0.153564
0.153556
0.15354
0.17496
0.174473
0.174007
0.173566
0.173156
0.172784
0.172455
0.172177
0.171959
0.171808
0.171734
0.171744
0.171848
0.172053
0.172366
0.172791
0.173335
0.174003
0.174813
0.175796
0.177005
0.178517
0.180414
0.182755
0.185528
0.188616
0.191791
0.194764
0.197266
0.199144
0.20042
0.201278
0.201988
0.202796
0.203842
0.205123
0.206527
0.207882
0.209013
0.209775
0.210059
0.209787
0.208904
0.207382
0.205223
0.202469
0.199201
0.195537
0.191621
0.187604
0.183628
0.179816
0.176258
0.173016
0.170119
0.167571
0.165361
0.163463
0.161849
0.160484
0.159338
0.158378
0.157579
0.156914
0.156363
0.155906
0.155528
0.155216
0.154957
0.154743
0.154566
0.154419
0.154297
0.154194
0.154108
0.154036
0.153974
0.153922
0.153877
0.153838
0.153804
0.153774
0.153748
0.153724
0.153702
0.153683
0.153665
0.153648
0.153633
0.153619
0.153605
0.153592
0.15358
0.153569
0.153557
0.153547
0.153536
0.153526
0.153518
0.153502
0.174906
0.174409
0.17393
0.173474
0.173046
0.172651
0.172294
0.171983
0.171724
0.171525
0.171394
0.171338
0.171365
0.171482
0.171696
0.17201
0.172431
0.172967
0.173635
0.174468
0.175521
0.176872
0.178607
0.180784
0.183396
0.18633
0.189366
0.19222
0.194626
0.19643
0.197647
0.19845
0.199101
0.199842
0.200816
0.202025
0.203365
0.20467
0.205772
0.206532
0.206846
0.206643
0.205874
0.204514
0.202565
0.20006
0.197071
0.1937
0.190075
0.186332
0.182603
0.179004
0.175624
0.172523
0.169735
0.167271
0.165123
0.163271
0.16169
0.16035
0.159222
0.158276
0.157486
0.156829
0.156284
0.155832
0.155459
0.15515
0.154895
0.154684
0.154509
0.154365
0.154244
0.154144
0.15406
0.153989
0.153929
0.153878
0.153834
0.153796
0.153763
0.153734
0.153708
0.153685
0.153664
0.153645
0.153628
0.153612
0.153597
0.153583
0.153569
0.153557
0.153545
0.153533
0.153522
0.153512
0.153502
0.153492
0.153483
0.153468
0.174855
0.174349
0.173858
0.173389
0.172944
0.172529
0.172148
0.171807
0.171513
0.171272
0.171091
0.170978
0.170938
0.170979
0.171106
0.171324
0.171639
0.17206
0.172604
0.173306
0.174223
0.175433
0.177023
0.179054
0.18152
0.184313
0.187222
0.189966
0.192284
0.194019
0.195181
0.195933
0.19653
0.19721
0.198115
0.199255
0.200531
0.201785
0.202854
0.203605
0.203941
0.203794
0.203122
0.201902
0.200135
0.197849
0.195105
0.191994
0.18863
0.185135
0.181632
0.17823
0.175015
0.172048
0.169365
0.166981
0.164894
0.163087
0.161538
0.160222
0.159111
0.158178
0.157399
0.156749
0.15621
0.155764
0.155394
0.155089
0.154837
0.154629
0.154457
0.154314
0.154196
0.154097
0.154015
0.153946
0.153887
0.153837
0.153794
0.153758
0.153725
0.153697
0.153672
0.15365
0.153629
0.153611
0.153594
0.153578
0.153563
0.15355
0.153536
0.153524
0.153512
0.153501
0.15349
0.15348
0.15347
0.15346
0.153451
0.153436
0.174808
0.174293
0.173792
0.173311
0.172851
0.172417
0.172015
0.171648
0.171323
0.171046
0.170822
0.170658
0.17056
0.170535
0.170587
0.170722
0.170945
0.171266
0.171702
0.17229
0.173087
0.174173
0.175634
0.177532
0.179865
0.18253
0.18532
0.187962
0.190197
0.19187
0.192983
0.193691
0.194241
0.194866
0.195708
0.196783
0.197998
0.199202
0.200239
0.200979
0.201331
0.201232
0.200644
0.199546
0.197938
0.195844
0.193316
0.190435
0.187302
0.184029
0.180729
0.177506
0.174442
0.171599
0.169014
0.166706
0.164675
0.162911
0.161394
0.160101
0.159007
0.158086
0.157316
0.156674
0.156141
0.155699
0.155333
0.155032
0.154782
0.154577
0.154407
0.154266
0.15415
0.154053
0.153972
0.153904
0.153847
0.153799
0.153757
0.153721
0.15369
0.153662
0.153638
0.153616
0.153596
0.153578
0.153561
0.153546
0.153532
0.153518
0.153505
0.153493
0.153481
0.15347
0.15346
0.153449
0.153439
0.153429
0.153421
0.153406
0.174764
0.174241
0.173732
0.173239
0.172766
0.172317
0.171895
0.171506
0.171153
0.170844
0.170582
0.170375
0.170227
0.170144
0.170132
0.170194
0.170337
0.170571
0.170913
0.171401
0.172092
0.173066
0.17441
0.176187
0.178398
0.180942
0.183619
0.186164
0.188323
0.189939
0.19101
0.191684
0.192195
0.192774
0.193563
0.19458
0.19574
0.196899
0.197906
0.198637
0.199004
0.198949
0.198438
0.197449
0.195983
0.194059
0.191721
0.189042
0.186111
0.183033
0.179913
0.176848
0.173919
0.171186
0.16869
0.166451
0.164472
0.162746
0.161258
0.159986
0.158907
0.157999
0.157237
0.156602
0.156074
0.155636
0.155274
0.154975
0.154729
0.154526
0.154358
0.154219
0.154105
0.15401
0.15393
0.153864
0.153808
0.15376
0.153719
0.153684
0.153654
0.153627
0.153603
0.153582
0.153562
0.153545
0.153529
0.153514
0.153499
0.153486
0.153474
0.153462
0.15345
0.153439
0.153428
0.153418
0.153408
0.153398
0.15339
0.153375
0.174725
0.174195
0.173678
0.173175
0.17269
0.172227
0.171788
0.171379
0.171003
0.170665
0.170371
0.170125
0.169933
0.1698
0.169731
0.16973
0.169803
0.16996
0.170219
0.170617
0.171212
0.172084
0.173319
0.174982
0.177073
0.1795
0.182068
0.184519
0.186606
0.188173
0.189212
0.189862
0.190347
0.190892
0.191637
0.192607
0.193721
0.194843
0.195828
0.196558
0.196947
0.19694
0.196505
0.19562
0.194284
0.192512
0.190342
0.187838
0.185082
0.18217
0.179203
0.176274
0.17346
0.170822
0.168402
0.166221
0.164286
0.162594
0.16113
0.159876
0.15881
0.157911
0.157157
0.156528
0.156004
0.15557
0.155211
0.154915
0.154671
0.15447
0.154304
0.154168
0.154055
0.153961
0.153883
0.153817
0.153763
0.153716
0.153676
0.153642
0.153612
0.153586
0.153563
0.153542
0.153523
0.153506
0.15349
0.153475
0.153462
0.153448
0.153436
0.153424
0.153413
0.153402
0.153391
0.153381
0.153371
0.153362
0.153353
0.153338
0.17469
0.174154
0.173629
0.173118
0.172623
0.172147
0.171693
0.171266
0.170868
0.170506
0.170182
0.169902
0.169671
0.169494
0.169374
0.169316
0.169325
0.169411
0.169593
0.169907
0.170411
0.171184
0.172312
0.17386
0.175831
0.178137
0.180594
0.182954
0.184974
0.186501
0.187521
0.18816
0.188634
0.189159
0.189874
0.190807
0.191887
0.192986
0.193965
0.194708
0.195133
0.195186
0.194833
0.194054
0.192843
0.191211
0.18919
0.186837
0.184229
0.181457
0.178616
0.175795
0.173074
0.170511
0.16815
0.166015
0.164114
0.162447
0.161001
0.15976
0.158704
0.157812
0.157064
0.156438
0.155918
0.155488
0.155131
0.154838
0.154596
0.154397
0.154233
0.154097
0.153986
0.153894
0.153817
0.153753
0.153699
0.153653
0.153614
0.153581
0.153552
0.153526
0.153504
0.153483
0.153465
0.153448
0.153433
0.153418
0.153404
0.153392
0.153379
0.153368
0.153357
0.153346
0.153335
0.153325
0.153315
0.153306
0.153297
0.153282
0.174659
0.174118
0.173586
0.173067
0.172562
0.172074
0.171606
0.171162
0.170744
0.170358
0.170006
0.169694
0.169426
0.169205
0.169037
0.168923
0.168871
0.168888
0.168994
0.169224
0.169634
0.170304
0.171317
0.17274
0.17458
0.176759
0.1791
0.181369
0.183331
0.18483
0.185846
0.186493
0.186972
0.18749
0.188187
0.189097
0.190157
0.191249
0.19224
0.193017
0.193498
0.193629
0.193372
0.192706
0.191621
0.190121
0.188236
0.186015
0.183531
0.180872
0.17813
0.175394
0.172741
0.170232
0.167912
0.165807
0.163928
0.162275
0.16084
0.159606
0.158556
0.157668
0.156923
0.156301
0.155783
0.155354
0.155
0.154709
0.154469
0.154271
0.154109
0.153976
0.153866
0.153775
0.1537
0.153637
0.153584
0.153539
0.153502
0.153469
0.153441
0.153416
0.153394
0.153374
0.153356
0.153339
0.153324
0.15331
0.153297
0.153284
0.153272
0.15326
0.153249
0.153238
0.153228
0.153218
0.153208
0.153198
0.15319
0.153175
0.174628
0.17408
0.173541
0.173012
0.172496
0.171994
0.17151
0.171047
0.170607
0.170194
0.169812
0.169464
0.169154
0.168887
0.168664
0.168491
0.168371
0.168313
0.168336
0.168473
0.168779
0.169332
0.170215
0.171496
0.17319
0.175227
0.177448
0.17963
0.181545
0.183035
0.184068
0.184739
0.185235
0.185756
0.186441
0.187335
0.188387
0.189487
0.190508
0.191339
0.191897
0.192123
0.191978
0.191434
0.190477
0.189108
0.187349
0.185247
0.182871
0.180306
0.177643
0.174971
0.172367
0.169895
0.1676
0.165512
0.163643
0.161997
0.160566
0.159335
0.158286
0.1574
0.156656
0.156036
0.15552
0.155094
0.154742
0.154453
0.154215
0.15402
0.153861
0.153729
0.153621
0.153532
0.153459
0.153397
0.153346
0.153303
0.153266
0.153234
0.153207
0.153183
0.153161
0.153142
0.153125
0.153109
0.153094
0.15308
0.153067
0.153054
0.153042
0.153031
0.15302
0.153009
0.152999
0.152989
0.152979
0.152969
0.152961
0.152945
0.174575
0.174017
0.173465
0.172921
0.172388
0.171867
0.17136
0.17087
0.170399
0.16995
0.169528
0.169134
0.168772
0.168446
0.168159
0.167914
0.167715
0.167571
0.167498
0.167529
0.167717
0.168135
0.168867
0.169985
0.171512
0.173394
0.17549
0.177589
0.17947
0.180969
0.182031
0.182733
0.183244
0.183758
0.184419
0.185286
0.186323
0.18743
0.188485
0.189379
0.190022
0.190352
0.190326
0.189909
0.189084
0.187845
0.186212
0.184226
0.181954
0.179479
0.17689
0.174277
0.171718
0.169277
0.167003
0.164928
0.163067
0.161426
0.159997
0.158769
0.157723
0.156839
0.156099
0.155482
0.154971
0.154549
0.154201
0.153916
0.153683
0.153492
0.153335
0.153208
0.153103
0.153017
0.152946
0.152887
0.152838
0.152797
0.152762
0.152731
0.152705
0.152682
0.152662
0.152644
0.152627
0.152611
0.152597
0.152583
0.152571
0.152558
0.152547
0.152535
0.152524
0.152514
0.152503
0.152493
0.152483
0.152473
0.152465
0.152449
0.174428
0.173847
0.17327
0.172699
0.172134
0.171578
0.171032
0.170498
0.169978
0.169476
0.168994
0.168536
0.168105
0.167704
0.167337
0.167006
0.166717
0.166477
0.1663
0.166216
0.166273
0.16654
0.167101
0.168031
0.169365
0.171069
0.173022
0.17503
0.176872
0.17837
0.179446
0.18015
0.180634
0.181089
0.181675
0.182469
0.183452
0.184536
0.185604
0.186543
0.18726
0.187688
0.187777
0.187489
0.186801
0.185703
0.184209
0.182358
0.180212
0.177849
0.175359
0.172828
0.170336
0.167947
0.165713
0.163668
0.161831
0.160208
0.158795
0.157581
0.156547
0.155676
0.154948
0.154342
0.153841
0.15343
0.153092
0.152816
0.152591
0.152408
0.152259
0.152137
0.152039
0.151958
0.151891
0.151837
0.151791
0.151753
0.151721
0.151694
0.15167
0.151649
0.15163
0.151613
0.151597
0.151583
0.151569
0.151556
0.151544
0.151532
0.15152
0.151509
0.151498
0.151487
0.151477
0.151467
0.151457
0.151446
0.151438
0.151422
0.174023
0.173401
0.17278
0.172161
0.171545
0.170935
0.170331
0.169737
0.169153
0.168584
0.168032
0.167501
0.166995
0.166517
0.16607
0.165658
0.165283
0.16495
0.164671
0.164467
0.164379
0.164469
0.164817
0.165502
0.166575
0.168026
0.169759
0.171599
0.173325
0.174739
0.175734
0.176332
0.176671
0.176951
0.177351
0.177975
0.178824
0.179821
0.180851
0.181795
0.182558
0.183066
0.183266
0.183116
0.182586
0.181662
0.180353
0.178691
0.176732
0.174549
0.172225
0.169844
0.167483
0.165208
0.16307
0.161106
0.159338
0.157774
0.156412
0.155242
0.154248
0.153412
0.152715
0.152138
0.151662
0.151273
0.150956
0.150699
0.15049
0.150322
0.150186
0.150077
0.149988
0.149917
0.149858
0.149811
0.149772
0.149739
0.149712
0.149688
0.149668
0.14965
0.149634
0.149619
0.149605
0.149592
0.14958
0.149568
0.149556
0.149545
0.149534
0.149523
0.149512
0.149502
0.149491
0.149481
0.149471
0.14946
0.149451
0.149435
0.173184
0.172511
0.171837
0.171165
0.170496
0.169832
0.169174
0.168526
0.167889
0.167266
0.166662
0.166078
0.165517
0.164982
0.164474
0.163994
0.163541
0.163114
0.162718
0.162364
0.162083
0.161926
0.161966
0.162289
0.162966
0.164016
0.165378
0.166896
0.16835
0.16952
0.170263
0.170575
0.170592
0.170531
0.170606
0.17095
0.171582
0.172431
0.173373
0.174286
0.175065
0.175635
0.175939
0.175931
0.175579
0.174863
0.173785
0.17237
0.170666
0.16874
0.166666
0.164521
0.162377
0.160299
0.158336
0.156527
0.154894
0.153449
0.15219
0.15111
0.150195
0.149427
0.14879
0.148265
0.147835
0.147486
0.147204
0.146977
0.146795
0.146651
0.146535
0.146444
0.146371
0.146313
0.146267
0.14623
0.1462
0.146175
0.146154
0.146137
0.146121
0.146108
0.146095
0.146083
0.146072
0.146061
0.146051
0.14604
0.14603
0.146019
0.146009
0.145999
0.145988
0.145978
0.145967
0.145957
0.145947
0.145936
0.145927
0.14591
0.173203
0.172606
0.17202
0.171449
0.170896
0.170362
0.16985
0.169364
0.168906
0.168477
0.16808
0.167718
0.167389
0.167096
0.166836
0.166609
0.166412
0.166241
0.166096
0.165981
0.165913
0.165929
0.16609
0.166481
0.167182
0.168234
0.169594
0.171106
0.172521
0.173569
0.174057
0.173957
0.173421
0.172717
0.172117
0.171796
0.171789
0.172016
0.17234
0.17263
0.172788
0.172747
0.17247
0.171927
0.1711
0.16998
0.168575
0.166911
0.165033
0.162997
0.160867
0.158709
0.156584
0.154545
0.152634
0.150884
0.149312
0.147925
0.146722
0.145691
0.14482
0.144091
0.143487
0.14299
0.142585
0.142256
0.141991
0.141778
0.141608
0.141473
0.141366
0.141281
0.141214
0.141161
0.141118
0.141084
0.141056
0.141034
0.141014
0.140998
0.140984
0.14097
0.140958
0.140947
0.140936
0.140925
0.140915
0.140904
0.140893
0.140883
0.140872
0.140861
0.140851
0.14084
0.140829
0.140818
0.140807
0.140796
0.140787
0.140769
0.199182
0.2003
0.201536
0.202898
0.204391
0.206019
0.207783
0.209684
0.21172
0.213885
0.21617
0.218565
0.221055
0.223622
0.22625
0.228919
0.231612
0.234312
0.237006
0.239681
0.242327
0.244941
0.247527
0.250101
0.252677
0.255238
0.257698
0.259864
0.261451
0.262154
0.261762
0.260256
0.257825
0.254785
0.251444
0.247993
0.244472
0.240813
0.236927
0.232747
0.228266
0.223522
0.218577
0.2135
0.208355
0.203202
0.198097
0.193092
0.188241
0.183589
0.17918
0.17505
0.171226
0.167726
0.164559
0.161725
0.159214
0.15701
0.155089
0.153427
0.151995
0.150767
0.149717
0.148821
0.148057
0.147407
0.146854
0.146382
0.14598
0.145637
0.145343
0.145092
0.144876
0.14469
0.144529
0.144389
0.144268
0.144163
0.14407
0.143989
0.143918
0.143855
0.143799
0.143749
0.143705
0.143665
0.143629
0.143597
0.143568
0.143541
0.143517
0.143494
0.143474
0.143455
0.143437
0.14342
0.143405
0.14339
0.143378
0.143358
0.428257
0.431301
0.434104
0.436642
0.438896
0.440843
0.442464
0.443738
0.444645
0.445167
0.445288
0.444998
0.44429
0.443164
0.441628
0.439701
0.437411
0.434791
0.431869
0.428649
0.425088
0.421097
0.416549
0.411332
0.405409
0.398854
0.391859
0.384675
0.377546
0.370653
0.364098
0.357925
0.352148
0.34677
0.341789
0.337196
0.332971
0.329082
0.325486
0.322143
0.319019
0.316084
0.313314
0.310693
0.30821
0.305858
0.303633
0.301528
0.29954
0.297666
0.295903
0.29425
0.292705
0.291266
0.28993
0.288694
0.287553
0.286503
0.285539
0.284655
0.283847
0.283109
0.282437
0.281826
0.281272
0.280769
0.280315
0.279905
0.279535
0.279203
0.278905
0.278637
0.278398
0.278184
0.277993
0.277824
0.277673
0.277539
0.277421
0.277316
0.277224
0.277143
0.277072
0.277009
0.276955
0.276907
0.276866
0.27683
0.276799
0.276772
0.276749
0.27673
0.276713
0.276699
0.276687
0.276677
0.276669
0.276661
0.276656
0.276649
0.0720681
0.172466
0.322153
0.5054
0.690717
0.866983
1.031
1.18227
1.32157
1.45012
1.56928
1.68043
1.78499
1.88424
1.97936
2.07119
2.15758
2.23384
2.29756
2.34505
2.37194
2.37402
2.34835
2.29433
2.21429
2.11308
1.99758
1.87659
1.7529
1.62294
1.48745
1.34919
1.21115
1.07617
0.946854
0.825571
0.714393
0.614912
0.528062
0.454049
0.392482
0.342636
0.30367
0.274651
0.254393
0.241339
0.233669
0.229623
0.227805
0.227294
0.22757
0.22836
0.229514
0.230923
0.232498
0.234167
0.235867
0.237556
0.2392
0.240779
0.242277
0.243686
0.245002
0.246224
0.247351
0.248388
0.249337
0.250203
0.250992
0.251707
0.252354
0.252938
0.253465
0.253938
0.254364
0.254744
0.255085
0.255389
0.255661
0.255902
0.256117
0.256308
0.256477
0.256627
0.25676
0.256877
0.25698
0.257072
0.257152
0.257224
0.257286
0.257341
0.25739
0.257433
0.257471
0.257504
0.257534
0.25756
0.257581
0.257612
0.381667
0.814964
1.00083
1.18256
1.36123
1.53383
1.70362
1.87322
2.04439
2.21724
2.39096
2.56443
2.73668
2.90718
3.07585
3.24349
3.41672
3.60031
3.78963
3.97567
4.14465
4.27882
4.35938
4.37183
4.31165
4.18465
4.00213
3.77631
3.51869
3.23986
2.94952
2.6561
2.36656
2.08639
1.81983
1.57032
1.34074
1.13345
0.950155
0.791558
0.657136
0.545245
0.453553
0.37962
0.321301
0.276717
0.243925
0.220651
0.204409
0.192893
0.184338
0.177622
0.172143
0.167616
0.163891
0.160857
0.158407
0.156437
0.154854
0.153583
0.152561
0.151739
0.151078
0.150547
0.150121
0.149777
0.1495
0.149276
0.149095
0.148949
0.148829
0.148731
0.14865
0.148584
0.148528
0.148481
0.148441
0.148407
0.148377
0.148351
0.148328
0.148307
0.148288
0.14827
0.148254
0.148239
0.148224
0.148211
0.148198
0.148185
0.148173
0.148162
0.14815
0.14814
0.148129
0.148118
0.148108
0.148098
0.14809
0.148074
0.632839
1.30748
1.51676
1.67797
1.83871
2.004
2.17226
2.33773
2.49287
2.63037
2.74561
2.83834
2.91313
2.97851
3.04506
3.12255
3.21559
3.32698
3.45894
3.61236
3.78393
3.96151
4.12101
4.23048
4.2644
4.2165
4.09621
3.91764
3.69466
3.44006
3.16543
2.88092
2.59483
2.31357
2.04189
1.78336
1.5409
1.31715
1.11449
0.934824
0.779137
0.647184
0.537526
0.447953
0.376065
0.319665
0.276745
0.245216
0.222717
0.206782
0.195221
0.186413
0.179363
0.173549
0.16872
0.16473
0.161461
0.158797
0.15663
0.154866
0.153428
0.152254
0.151294
0.15051
0.149867
0.149339
0.148905
0.148548
0.148252
0.148007
0.147803
0.147632
0.147488
0.147367
0.147264
0.147175
0.1471
0.147034
0.146977
0.146927
0.146883
0.146843
0.146808
0.146776
0.146747
0.146721
0.146697
0.146675
0.146654
0.146634
0.146616
0.146599
0.146583
0.146567
0.146553
0.146539
0.146525
0.146512
0.146501
0.146481
0.779069
1.5302
1.76643
1.92744
2.08425
2.247
2.40939
2.56059
2.68982
2.78855
2.85255
2.88328
2.88812
2.87816
2.86436
2.85368
2.84503
2.83605
2.83083
2.84129
2.88598
2.98348
3.13907
3.32859
3.4949
3.58724
3.59252
3.51996
3.38516
3.20405
2.99112
2.75876
2.51687
2.27289
2.03214
1.79842
1.57464
1.36339
1.16729
0.988901
0.830401
0.693057
0.576902
0.480799
0.40288
0.341072
0.293375
0.257782
0.232086
0.213887
0.200887
0.191236
0.183693
0.177561
0.172493
0.168309
0.164881
0.162093
0.15983
0.157996
0.156506
0.155296
0.154312
0.153513
0.152863
0.152334
0.151903
0.151552
0.151265
0.15103
0.150837
0.150678
0.150546
0.150436
0.150345
0.150267
0.150202
0.150146
0.150098
0.150056
0.150019
0.149987
0.149958
0.149932
0.149908
0.149887
0.149867
0.149848
0.149831
0.149815
0.149799
0.149785
0.149771
0.149757
0.149744
0.149732
0.14972
0.149708
0.149698
0.14968
0.836009
1.56694
1.83127
2.0107
2.17638
2.34132
2.50061
2.64505
2.76556
2.85495
2.90986
2.93237
2.93007
2.91303
2.8886
2.85657
2.80861
2.73491
2.63008
2.49768
2.35393
2.23138
2.18213
2.26897
2.47922
2.70398
2.85458
2.9086
2.87847
2.78477
2.64663
2.4795
2.29506
2.10169
1.90519
1.70956
1.51772
1.33217
1.15551
0.990518
0.840019
0.706364
0.590926
0.493842
0.414176
0.35037
0.30065
0.263149
0.235816
0.216388
0.202605
0.192549
0.184852
0.178697
0.173658
0.169518
0.166137
0.163395
0.16118
0.159391
0.157946
0.156778
0.155834
0.155072
0.154458
0.153962
0.153562
0.15324
0.15298
0.15277
0.1526
0.152462
0.15235
0.152258
0.152183
0.152121
0.152069
0.152026
0.151989
0.151957
0.15193
0.151906
0.151884
0.151865
0.151847
0.151831
0.151816
0.151802
0.151788
0.151776
0.151763
0.151752
0.15174
0.151729
0.151718
0.151708
0.151698
0.151687
0.151679
0.151663
0.833653
1.51571
1.80502
2.00926
2.18989
2.36149
2.52358
2.67134
2.79867
2.89979
2.97125
3.01372
3.03235
3.03449
3.02507
3.00165
2.95648
2.87968
2.76109
2.59313
2.37292
2.10564
1.82192
1.63009
1.67283
1.90389
2.14376
2.29443
2.34832
2.32736
2.2544
2.14696
2.01744
1.87431
1.72326
1.56815
1.41173
1.25636
1.10446
0.958777
0.822349
0.698106
0.588348
0.494299
0.41601
0.352625
0.302773
0.264812
0.236864
0.21684
0.20261
0.192303
0.18453
0.178413
0.17347
0.169444
0.166177
0.163542
0.161424
0.159725
0.158359
0.157262
0.156381
0.155675
0.15511
0.154658
0.154297
0.15401
0.153781
0.153599
0.153454
0.153338
0.153246
0.153173
0.153114
0.153066
0.153027
0.152995
0.152969
0.152947
0.152928
0.152911
0.152896
0.152883
0.15287
0.152859
0.152848
0.152838
0.152827
0.152818
0.152808
0.152799
0.15279
0.15278
0.152771
0.152763
0.152754
0.152745
0.152737
0.152723
0.79535
1.42902
1.74696
1.97872
2.17841
2.36141
2.53106
2.68653
2.82443
2.94008
3.02943
3.09094
3.12634
3.13958
3.13388
3.10881
3.06081
2.98284
2.86506
2.69579
2.46204
2.15158
1.77217
1.41267
1.26257
1.38958
1.62172
1.8023
1.89477
1.91525
1.88573
1.82277
1.73742
1.63692
1.52602
1.40789
1.28488
1.15903
1.03251
0.907845
0.788024
0.676171
0.575095
0.486776
0.412089
0.350878
0.302245
0.264834
0.236974
0.21677
0.202277
0.191757
0.183872
0.177744
0.172856
0.16892
0.165755
0.163222
0.161203
0.159594
0.158311
0.157289
0.156475
0.155828
0.155316
0.15491
0.154591
0.154339
0.154142
0.153988
0.153869
0.153775
0.153703
0.153647
0.153603
0.153569
0.153543
0.153522
0.153505
0.153491
0.15348
0.15347
0.153461
0.153453
0.153445
0.153438
0.153431
0.153424
0.153417
0.15341
0.153402
0.153395
0.153388
0.15338
0.153373
0.153365
0.153358
0.15335
0.153344
0.153331
0.736702
1.32231
1.67926
1.94328
2.16723
2.36675
2.54722
2.7105
2.8555
2.97898
3.07706
3.14702
3.18851
3.20341
3.19437
3.16294
3.10774
3.02331
2.89939
2.72015
2.46338
2.10641
1.66246
1.24607
1.0455
1.11556
1.30198
1.45915
1.54823
1.58013
1.57223
1.53727
1.48332
1.41539
1.33668
1.24935
1.15508
1.05545
0.952271
0.847785
0.744746
0.646233
0.555242
0.474188
0.404532
0.346696
0.300238
0.264106
0.236853
0.216793
0.202194
0.191492
0.183456
0.177247
0.172342
0.168433
0.165319
0.162848
0.160894
0.159352
0.158134
0.157173
0.156417
0.155822
0.155357
0.154994
0.154713
0.154496
0.15433
0.154203
0.154107
0.154035
0.153982
0.153942
0.153914
0.153893
0.153878
0.153867
0.15386
0.153854
0.15385
0.153846
0.153843
0.15384
0.153837
0.153834
0.15383
0.153826
0.153822
0.153817
0.153812
0.153807
0.153801
0.153796
0.153789
0.153783
0.153777
0.15377
0.153764
0.153753
0.661737
1.20938
1.60499
1.90494
2.15768
2.37788
2.57132
2.7414
2.88914
3.0133
3.11132
3.18086
3.22108
3.23305
3.21901
3.18055
3.11645
3.02089
2.88133
2.67593
2.37318
1.94968
1.44999
1.03518
0.8774
0.957367
1.10902
1.22709
1.29356
1.32002
1.31929
1.29978
1.26627
1.22146
1.1669
1.10368
1.03272
0.95504
0.872032
0.785579
0.698134
0.612582
0.531898
0.458687
0.39477
0.340995
0.297299
0.262922
0.236644
0.216994
0.202451
0.191639
0.183458
0.177133
0.172158
0.168216
0.165096
0.162634
0.160701
0.159187
0.158003
0.157078
0.156359
0.155801
0.155371
0.155042
0.154791
0.154603
0.154462
0.154359
0.154284
0.154231
0.154195
0.154171
0.154156
0.154148
0.154144
0.154143
0.154144
0.154146
0.154149
0.154151
0.154153
0.154155
0.154156
0.154157
0.154156
0.154155
0.154154
0.154151
0.154148
0.154145
0.154141
0.154137
0.154132
0.154127
0.154121
0.154116
0.154111
0.1541
0.574517
1.0968
1.52569
1.86087
2.14235
2.38347
2.58983
2.76567
2.91372
3.03478
3.12815
3.19269
3.22793
3.23462
3.21423
3.16708
3.0904
2.97571
2.80535
2.54937
2.17214
1.67358
1.15826
0.817535
0.752882
0.857143
0.978546
1.06024
1.10325
1.12003
1.11998
1.10828
1.08734
1.05809
1.02085
0.975719
0.922914
0.862916
0.796656
0.725634
0.651962
0.57826
0.507359
0.441887
0.383849
0.334378
0.293708
0.261338
0.236265
0.217224
0.202896
0.19208
0.18381
0.177383
0.172323
0.168318
0.165151
0.162658
0.160705
0.159181
0.157997
0.157079
0.156372
0.15583
0.155418
0.155107
0.154876
0.154706
0.154584
0.154497
0.154439
0.154401
0.154378
0.154367
0.154363
0.154365
0.15437
0.154378
0.154386
0.154395
0.154403
0.154411
0.154418
0.154424
0.154429
0.154433
0.154436
0.154437
0.154438
0.154437
0.154436
0.154434
0.154432
0.154429
0.154425
0.154421
0.154417
0.154412
0.154407
0.154398
0.481243
0.993556
1.45355
1.82
2.12342
2.37896
2.5937
2.77247
2.91887
3.03508
3.12189
3.17931
3.20734
3.20648
3.17675
3.1162
3.01859
2.86994
2.64473
2.30755
1.83876
1.29701
0.847172
0.646963
0.677959
0.787133
0.877176
0.930474
0.95625
0.965196
0.964084
0.956219
0.942732
0.923614
0.898367
0.866423
0.827401
0.78129
0.728588
0.670414
0.608532
0.545262
0.483227
0.424974
0.372574
0.327329
0.289697
0.259397
0.23563
0.217323
0.203336
0.192628
0.18435
0.177869
0.172746
0.168678
0.165454
0.162908
0.16091
0.159349
0.158137
0.1572
0.156481
0.155934
0.15552
0.155212
0.154986
0.154823
0.154708
0.15463
0.15458
0.154551
0.154536
0.154533
0.154537
0.154545
0.154557
0.15457
0.154584
0.154598
0.154611
0.154623
0.154633
0.154643
0.15465
0.154657
0.154662
0.154665
0.154668
0.154669
0.154669
0.154668
0.154667
0.154665
0.154662
0.154659
0.154655
0.154651
0.154647
0.154638
0.395509
0.908849
1.41049
1.80476
2.11808
2.37494
2.58752
2.76192
2.90192
3.01006
3.08769
3.13532
3.15309
3.14043
3.09484
3.01043
2.87507
2.66714
2.35581
1.91792
1.38647
0.892337
0.60015
0.554423
0.6368
0.728364
0.790699
0.824856
0.840089
0.84421
0.842086
0.836116
0.826977
0.8143
0.797201
0.774687
0.745952
0.710576
0.66868
0.621026
0.56904
0.51474
0.460509
0.408757
0.361534
0.320238
0.285488
0.257188
0.234726
0.217202
0.203638
0.193127
0.184919
0.178446
0.1733
0.169193
0.16592
0.163322
0.161271
0.159662
0.158406
0.157433
0.156685
0.156114
0.155684
0.155363
0.155128
0.154959
0.154841
0.154762
0.154712
0.154684
0.154671
0.15467
0.154676
0.154688
0.154702
0.154718
0.154735
0.154751
0.154766
0.15478
0.154792
0.154803
0.154813
0.15482
0.154827
0.154831
0.154835
0.154837
0.154838
0.154838
0.154837
0.154836
0.154833
0.154831
0.154827
0.154823
0.15482
0.154811
0.343098
0.906093
1.4467
1.8507
2.15518
2.39518
2.58903
2.74524
2.86802
2.95968
3.02127
3.05288
3.05345
3.01919
2.94331
2.81406
2.6126
2.31395
1.89978
1.39428
0.902002
0.571069
0.470721
0.521115
0.605244
0.672584
0.715213
0.737962
0.747389
0.748883
0.746127
0.741143
0.734546
0.725935
0.714311
0.698474
0.677341
0.650192
0.616832
0.577709
0.533937
0.487241
0.439757
0.393723
0.351126
0.313403
0.281286
0.254838
0.23361
0.216861
0.203753
0.193493
0.185414
0.179001
0.173874
0.16976
0.166461
0.163824
0.161727
0.160069
0.158767
0.15775
0.156963
0.156359
0.1559
0.155556
0.155302
0.155117
0.154987
0.154898
0.15484
0.154806
0.154789
0.154784
0.154788
0.154797
0.15481
0.154825
0.154841
0.154857
0.154872
0.154886
0.154898
0.154909
0.154919
0.154927
0.154933
0.154938
0.154941
0.154944
0.154945
0.154945
0.154945
0.154943
0.154941
0.154938
0.154935
0.154931
0.154927
0.154919
0.346703
1.04339
1.64788
2.06199
2.3286
2.50958
2.64303
2.74629
2.82524
2.88053
2.9105
2.91191
2.87815
2.80064
2.66741
2.46222
2.16685
1.77206
1.30346
0.847953
0.527948
0.408815
0.434841
0.505695
0.571664
0.619945
0.650444
0.666712
0.672977
0.673093
0.670033
0.665634
0.660572
0.654548
0.646602
0.635475
0.619941
0.599073
0.572433
0.540198
0.503206
0.462907
0.421192
0.380121
0.341587
0.307028
0.277261
0.252476
0.232372
0.216349
0.203692
0.193704
0.185788
0.179471
0.174395
0.170303
0.167002
0.164346
0.162217
0.16052
0.159175
0.158116
0.157289
0.156648
0.156155
0.155781
0.155501
0.155294
0.155144
0.155039
0.154968
0.154922
0.154895
0.154881
0.154878
0.154882
0.15489
0.154901
0.154914
0.154926
0.154939
0.154951
0.154962
0.154971
0.154979
0.154986
0.154991
0.154996
0.154998
0.155
0.155001
0.155001
0.155
0.154998
0.154995
0.154992
0.154989
0.154985
0.154981
0.154972
0.133989
1.51942
2.38716
2.73624
2.81127
2.79323
2.76468
2.74715
2.73681
2.72329
2.69421
2.63695
2.53996
2.3906
2.17546
1.88375
1.51672
1.10473
0.720535
0.455877
0.355006
0.371395
0.428238
0.487412
0.536685
0.572746
0.595927
0.608318
0.612764
0.612186
0.60907
0.605107
0.601039
0.596701
0.591247
0.583456
0.572054
0.555989
0.534643
0.507972
0.476571
0.441638
0.404834
0.368035
0.333031
0.30124
0.273535
0.250215
0.23111
0.215742
0.203505
0.193784
0.18604
0.179834
0.174831
0.17078
0.167496
0.164837
0.162692
0.160968
0.15959
0.158496
0.157632
0.156955
0.156429
0.156023
0.155715
0.155482
0.15531
0.155185
0.155096
0.155035
0.154994
0.15497
0.154957
0.154952
0.154952
0.154957
0.154963
0.154971
0.15498
0.154988
0.154995
0.155002
0.155008
0.155012
0.155016
0.155019
0.15502
0.155021
0.15502
0.155019
0.155017
0.155015
0.155012
0.155008
0.155004
0.155
0.154996
0.154987
)
;

boundaryField
{
    outlet
    {
        type            zeroGradient;
    }
    inlet
    {
        type            fixedValue;
        value           uniform 0.2;
    }
    lowerWall
    {
        type            kqRWallFunction;
        value           nonuniform List<scalar> 
148
(
0.196709
0.190616
0.184995
0.179727
0.174804
0.170258
0.166123
0.162414
0.159126
0.156238
0.153724
0.151549
0.149681
0.148086
0.146735
0.145598
0.144648
0.143864
0.143222
0.142704
0.142292
0.141971
0.141728
0.141549
0.141423
0.14134
0.141292
0.141296
0.141225
0.14165
0.13989
0.148346
0.10939
0.0720681
0.381667
0.632839
0.779069
0.836009
0.833653
0.79535
0.736702
0.661737
0.574517
0.481243
0.395509
0.343098
0.346703
0.133989
0.0720681
0.172466
0.322153
0.5054
0.690717
0.866983
1.031
1.18227
1.32157
1.45012
1.56928
1.68043
1.78499
1.88424
1.97936
2.07119
2.15758
2.23384
2.29756
2.34505
2.37194
2.37402
2.34835
2.29433
2.21429
2.11308
1.99758
1.87659
1.7529
1.62294
1.48745
1.34919
1.21115
1.07617
0.946854
0.825571
0.714393
0.614912
0.528062
0.454049
0.392482
0.342636
0.30367
0.274651
0.254393
0.241339
0.233669
0.229623
0.227805
0.227294
0.22757
0.22836
0.229514
0.230923
0.232498
0.234167
0.235867
0.237556
0.2392
0.240779
0.242277
0.243686
0.245002
0.246224
0.247351
0.248388
0.249337
0.250203
0.250992
0.251707
0.252354
0.252938
0.253465
0.253938
0.254364
0.254744
0.255085
0.255389
0.255661
0.255902
0.256117
0.256308
0.256477
0.256627
0.25676
0.256877
0.25698
0.257072
0.257152
0.257224
0.257286
0.257341
0.25739
0.257433
0.257471
0.257504
0.257534
0.25756
0.257581
0.257612
)
;
    }
    upperWall
    {
        type            kqRWallFunction;
        value           nonuniform List<scalar> 
133
(
0.205419
0.216603
0.227662
0.238505
0.249095
0.259416
0.269456
0.279203
0.288648
0.297784
0.306606
0.31511
0.323294
0.331158
0.338702
0.345929
0.352842
0.359445
0.365742
0.37174
0.377443
0.382858
0.387992
0.392851
0.397442
0.401772
0.405848
0.409678
0.413267
0.416624
0.419755
0.422666
0.425369
0.428257
0.431301
0.434104
0.436642
0.438896
0.440843
0.442464
0.443738
0.444645
0.445167
0.445288
0.444998
0.44429
0.443164
0.441628
0.439701
0.437411
0.434791
0.431869
0.428649
0.425088
0.421097
0.416549
0.411332
0.405409
0.398854
0.391859
0.384675
0.377546
0.370653
0.364098
0.357925
0.352148
0.34677
0.341789
0.337196
0.332971
0.329082
0.325486
0.322143
0.319019
0.316084
0.313314
0.310693
0.30821
0.305858
0.303633
0.301528
0.29954
0.297666
0.295903
0.29425
0.292705
0.291266
0.28993
0.288694
0.287553
0.286503
0.285539
0.284655
0.283847
0.283109
0.282437
0.281826
0.281272
0.280769
0.280315
0.279905
0.279535
0.279203
0.278905
0.278637
0.278398
0.278184
0.277993
0.277824
0.277673
0.277539
0.277421
0.277316
0.277224
0.277143
0.277072
0.277009
0.276955
0.276907
0.276866
0.27683
0.276799
0.276772
0.276749
0.27673
0.276713
0.276699
0.276687
0.276677
0.276669
0.276661
0.276656
0.276649
)
;
    }
    frontAndBack
    {
        type            empty;
    }
}


// ************************************************************************* //
