/*--------------------------------*- C++ -*----------------------------------*\
  =========                 |
  \\      /  F ield         | OpenFOAM: The Open Source CFD Toolbox
   \\    /   O peration     | Website:  https://openfoam.org
    \\  /    A nd           | Version:  10
     \\/     M anipulation  |
\*---------------------------------------------------------------------------*/
FoamFile
{
    format      ascii;
    class       volScalarField;
    location    "0.025";
    object      p;
}
// * * * * * * * * * * * * * * * * * * * * * * * * * * * * * * * * * * * * * //

dimensions      [0 2 -2 0 0 0 0];

internalField   nonuniform List<scalar> 
6820
(
-7.91318
-9.27832
-9.69466
-9.79487
-9.88152
-9.94015
-9.97974
-10.0143
-10.0468
-10.0785
-10.1103
-10.1428
-10.1764
-10.2113
-10.2477
-10.2857
-10.3254
-10.367
-10.4106
-10.4563
-10.5042
-10.5542
-10.6066
-10.6611
-10.7177
-10.7762
-10.8366
-10.899
-10.9629
-11.0228
-11.0829
-11.1023
-11.0964
-10.713
-10.3097
-10.0197
-9.92801
-9.93516
-9.95923
-9.98605
-10.0159
-10.047
-10.0784
-10.1102
-10.1427
-10.1762
-10.2108
-10.2468
-10.2845
-10.3238
-10.3651
-10.4083
-10.4537
-10.5012
-10.5511
-10.6033
-10.6578
-10.7148
-10.7744
-10.836
-10.8998
-10.9637
-11.034
-11.0953
-11.2167
-11.2964
-9.56974
-9.44244
-9.66921
-9.81282
-9.88036
-9.93202
-9.97278
-10.0083
-10.0415
-10.0737
-10.1058
-10.1385
-10.1721
-10.2069
-10.2432
-10.2811
-10.3207
-10.3622
-10.4057
-10.4513
-10.4992
-10.5492
-10.6016
-10.6564
-10.7135
-10.773
-10.8346
-10.8984
-10.9637
-11.0323
-11.0978
-11.1725
-11.2073
-9.93585
-9.95383
-9.93401
-9.91426
-9.92809
-9.95576
-9.9845
-10.0138
-10.0441
-10.0748
-10.1062
-10.1384
-10.1717
-10.2063
-10.2423
-10.28
-10.3193
-10.3605
-10.4037
-10.4491
-10.4966
-10.5464
-10.5985
-10.6531
-10.7102
-10.7698
-10.8318
-10.8964
-10.9629
-11.0331
-11.1026
-11.185
-11.2566
-9.82501
-9.77146
-9.81817
-9.86811
-9.90928
-9.94658
-9.97986
-10.0113
-10.0423
-10.0733
-10.1046
-10.1367
-10.1698
-10.2041
-10.2399
-10.2773
-10.3165
-10.3575
-10.4005
-10.4456
-10.493
-10.5426
-10.5946
-10.6491
-10.7062
-10.7658
-10.828
-10.893
-10.9605
-11.0316
-11.1039
-11.1837
-11.2562
-9.86515
-9.8597
-9.88075
-9.90209
-9.926
-9.9545
-9.98369
-10.0129
-10.0426
-10.0727
-10.1034
-10.1351
-10.1678
-10.2018
-10.2373
-10.2744
-10.3132
-10.3539
-10.3965
-10.4413
-10.4882
-10.5375
-10.5892
-10.6434
-10.7002
-10.7597
-10.8221
-10.8874
-10.9557
-11.0278
-11.1026
-11.1837
-11.2649
-9.86256
-9.85286
-9.87051
-9.89663
-9.92429
-9.95379
-9.98305
-10.012
-10.0412
-10.0709
-10.1013
-10.1325
-10.1649
-10.1985
-10.2336
-10.2703
-10.3087
-10.3489
-10.3911
-10.4354
-10.4819
-10.5307
-10.5819
-10.6357
-10.6922
-10.7515
-10.8137
-10.8792
-10.9481
-11.0209
-11.0976
-11.1802
-11.2666
-9.87093
-9.86897
-9.88487
-9.90709
-9.93085
-9.95705
-9.98423
-10.0119
-10.0401
-10.069
-10.0988
-10.1295
-10.1613
-10.1945
-10.229
-10.2652
-10.3031
-10.3427
-10.3844
-10.4281
-10.4739
-10.5221
-10.5727
-10.626
-10.6819
-10.7407
-10.8027
-10.868
-10.937
-11.0104
-11.0882
-11.1721
-11.262
-9.87757
-9.87741
-9.89063
-9.91066
-9.93313
-9.95804
-9.98417
-10.0109
-10.0384
-10.0666
-10.0957
-10.1258
-10.157
-10.1896
-10.2236
-10.2591
-10.2963
-10.3353
-10.3762
-10.4192
-10.4643
-10.5117
-10.5616
-10.614
-10.6692
-10.7273
-10.7887
-10.8536
-10.9223
-10.9956
-11.0738
-11.1582
-11.2497
-9.88396
-9.88545
-9.89749
-9.91572
-9.93651
-9.95966
-9.98431
-10.0099
-10.0363
-10.0637
-10.0921
-10.1215
-10.152
-10.1839
-10.2172
-10.252
-10.2884
-10.3266
-10.3667
-10.4088
-10.453
-10.4995
-10.5484
-10.5998
-10.654
-10.7112
-10.7716
-10.8356
-10.9036
-10.9762
-11.0539
-11.1378
-11.229
-9.8898
-9.89205
-9.90296
-9.91948
-9.93876
-9.96044
-9.98382
-10.0083
-10.0338
-10.0604
-10.0879
-10.1165
-10.1463
-10.1774
-10.2099
-10.2438
-10.2794
-10.3167
-10.3558
-10.3969
-10.44
-10.4854
-10.5331
-10.5833
-10.6362
-10.6921
-10.7513
-10.8139
-10.8806
-10.9518
-11.0281
-11.1104
-11.1998
-9.89493
-9.89756
-9.90761
-9.92271
-9.94062
-9.96092
-9.98302
-10.0064
-10.0309
-10.0565
-10.0831
-10.1108
-10.1398
-10.17
-10.2016
-10.2346
-10.2692
-10.3054
-10.3434
-10.3833
-10.4252
-10.4692
-10.5156
-10.5643
-10.6157
-10.67
-10.7275
-10.7884
-10.8532
-10.9223
-10.9963
-11.0759
-11.1621
-9.89928
-9.90202
-9.91131
-9.92516
-9.94179
-9.9608
-9.98166
-10.0039
-10.0274
-10.0519
-10.0776
-10.1045
-10.1324
-10.1617
-10.1922
-10.2242
-10.2577
-10.2927
-10.3295
-10.3681
-10.4085
-10.4511
-10.4958
-10.5428
-10.5925
-10.6448
-10.7002
-10.7588
-10.8212
-10.8875
-10.9584
-11.0344
-11.1161
-9.90277
-9.90549
-9.91411
-9.92685
-9.9423
-9.96009
-9.97975
-10.0009
-10.0233
-10.0468
-10.0715
-10.0973
-10.1242
-10.1524
-10.1819
-10.2127
-10.2449
-10.2787
-10.314
-10.3511
-10.39
-10.4308
-10.4737
-10.5188
-10.5663
-10.6163
-10.6692
-10.7252
-10.7845
-10.8475
-10.9145
-10.9859
-11.0623
-9.90538
-9.908
-9.916
-9.92774
-9.94209
-9.95872
-9.97722
-9.99722
-10.0185
-10.041
-10.0646
-10.0893
-10.1151
-10.1422
-10.1704
-10.1999
-10.2308
-10.2631
-10.2969
-10.3323
-10.3694
-10.4083
-10.4491
-10.492
-10.5371
-10.5845
-10.6346
-10.6873
-10.7431
-10.8021
-10.8647
-10.9309
-11.0012
-9.90708
-9.90956
-9.91697
-9.92781
-9.94113
-9.95666
-9.97402
-9.99289
-10.0131
-10.0344
-10.0569
-10.0804
-10.1051
-10.1308
-10.1578
-10.1859
-10.2153
-10.246
-10.2781
-10.3117
-10.3468
-10.3836
-10.4221
-10.4625
-10.5049
-10.5494
-10.5962
-10.6454
-10.6972
-10.7518
-10.8092
-10.8697
-10.9334
-9.90785
-9.91018
-9.91703
-9.92704
-9.93939
-9.95385
-9.97011
-9.98784
-10.0069
-10.0271
-10.0483
-10.0707
-10.094
-10.1185
-10.144
-10.1706
-10.1984
-10.2273
-10.2576
-10.2892
-10.3221
-10.3566
-10.3926
-10.4303
-10.4697
-10.511
-10.5542
-10.5995
-10.6469
-10.6966
-10.7485
-10.8029
-10.8596
-9.90768
-9.90984
-9.91617
-9.9254
-9.93683
-9.95027
-9.96544
-9.98204
-9.9999
-10.0189
-10.0389
-10.06
-10.082
-10.105
-10.129
-10.154
-10.18
-10.2071
-10.2354
-10.2648
-10.2955
-10.3274
-10.3607
-10.3954
-10.4316
-10.4693
-10.5087
-10.5497
-10.5924
-10.6369
-10.6831
-10.7309
-10.7804
-9.90656
-9.90856
-9.91439
-9.92288
-9.93343
-9.94589
-9.95998
-9.97545
-9.99213
-10.0099
-10.0286
-10.0483
-10.0689
-10.0904
-10.1128
-10.136
-10.1602
-10.1854
-10.2115
-10.2386
-10.2667
-10.296
-10.3264
-10.3579
-10.3906
-10.4246
-10.4598
-10.4963
-10.5341
-10.5731
-10.6133
-10.6545
-10.6967
-9.90448
-9.90632
-9.91167
-9.91947
-9.92918
-9.94067
-9.9537
-9.96804
-9.98352
-10
-10.0174
-10.0357
-10.0548
-10.0747
-10.0954
-10.1168
-10.139
-10.1621
-10.1859
-10.2106
-10.2361
-10.2624
-10.2897
-10.3179
-10.347
-10.3769
-10.4079
-10.4396
-10.4723
-10.5057
-10.5397
-10.5743
-10.6092
-9.90145
-9.90313
-9.90803
-9.91516
-9.92405
-9.9346
-9.94658
-9.95979
-9.97406
-9.98926
-10.0053
-10.0221
-10.0397
-10.0579
-10.0768
-10.0963
-10.1165
-10.1373
-10.1587
-10.1808
-10.2035
-10.2269
-10.2509
-10.2755
-10.3008
-10.3267
-10.3531
-10.38
-10.4074
-10.4351
-10.463
-10.4909
-10.5186
-9.89747
-9.899
-9.90345
-9.90994
-9.91804
-9.92766
-9.93861
-9.95069
-9.96373
-9.97762
-9.99226
-10.0076
-10.0235
-10.04
-10.057
-10.0745
-10.0925
-10.111
-10.1299
-10.1493
-10.1691
-10.1894
-10.21
-10.231
-10.2523
-10.274
-10.2958
-10.3178
-10.3399
-10.3619
-10.3836
-10.405
-10.4258
-9.89253
-9.89392
-9.89794
-9.90381
-9.91114
-9.91986
-9.92979
-9.94073
-9.95255
-9.96511
-9.97832
-9.99209
-10.0063
-10.021
-10.0361
-10.0516
-10.0673
-10.0834
-10.0998
-10.1164
-10.1332
-10.1502
-10.1673
-10.1846
-10.2019
-10.2192
-10.2364
-10.2535
-10.2702
-10.2866
-10.3023
-10.3173
-10.3313
-9.88666
-9.88791
-9.89151
-9.89677
-9.90335
-9.91118
-9.92009
-9.92991
-9.94048
-9.9517
-9.96345
-9.97564
-9.98819
-10.0011
-10.0142
-10.0275
-10.0409
-10.0545
-10.0682
-10.082
-10.0957
-10.1094
-10.123
-10.1365
-10.1497
-10.1627
-10.1753
-10.1874
-10.1989
-10.2097
-10.2196
-10.2284
-10.236
-9.87987
-9.88097
-9.88417
-9.88885
-9.89471
-9.90167
-9.9096
-9.91831
-9.92767
-9.93755
-9.94783
-9.95843
-9.96926
-9.98026
-9.99135
-10.0025
-10.0136
-10.0247
-10.0356
-10.0465
-10.0571
-10.0674
-10.0775
-10.0871
-10.0963
-10.105
-10.113
-10.1202
-10.1266
-10.132
-10.1362
-10.1391
-10.1406
-9.87217
-9.87313
-9.87592
-9.88
-9.88513
-9.89122
-9.89815
-9.90574
-9.91386
-9.92238
-9.93119
-9.94019
-9.94928
-9.95839
-9.96744
-9.97638
-9.98514
-9.99366
-10.0019
-10.0098
-10.0173
-10.0243
-10.0307
-10.0366
-10.0418
-10.0462
-10.0497
-10.0522
-10.0536
-10.0538
-10.0526
-10.05
-10.0456
-9.86359
-9.86443
-9.86685
-9.87041
-9.87489
-9.88022
-9.88624
-9.8928
-9.89975
-9.90696
-9.91432
-9.92172
-9.92907
-9.93628
-9.94328
-9.94999
-9.95635
-9.9623
-9.96777
-9.97271
-9.97704
-9.9807
-9.98362
-9.98573
-9.98692
-9.98713
-9.98625
-9.98418
-9.98082
-9.97604
-9.96971
-9.96175
-9.95194
-9.85416
-9.85482
-9.85676
-9.85965
-9.86334
-9.86776
-9.87277
-9.87822
-9.88397
-9.88987
-9.8958
-9.90165
-9.9073
-9.91266
-9.91766
-9.92221
-9.92625
-9.92969
-9.93248
-9.93455
-9.93582
-9.93623
-9.93571
-9.93417
-9.93154
-9.92773
-9.92265
-9.9162
-9.90829
-9.89882
-9.88768
-9.87478
-9.85995
-9.84398
-9.84464
-9.84639
-9.84898
-9.85227
-9.85612
-9.8604
-9.86495
-9.86961
-9.87425
-9.87876
-9.88301
-9.88691
-9.89037
-9.89329
-9.8956
-9.89722
-9.8981
-9.89814
-9.89729
-9.89548
-9.89264
-9.88869
-9.88355
-9.87716
-9.86943
-9.86028
-9.84963
-9.83738
-9.82346
-9.80777
-9.79024
-9.77074
-9.83287
-9.83298
-9.83373
-9.83519
-9.83738
-9.8402
-9.84348
-9.84704
-9.85067
-9.85422
-9.85752
-9.86045
-9.86288
-9.86472
-9.86586
-9.86622
-9.86573
-9.8643
-9.86188
-9.85838
-9.85375
-9.84791
-9.84079
-9.83233
-9.82246
-9.8111
-9.79819
-9.78365
-9.76741
-9.74941
-9.72957
-9.70784
-9.68411
-9.82181
-9.82286
-9.8244
-9.82638
-9.82871
-9.83126
-9.83391
-9.83654
-9.83901
-9.84117
-9.8429
-9.84409
-9.84464
-9.84443
-9.84339
-9.84144
-9.83849
-9.83448
-9.82933
-9.82297
-9.81535
-9.80639
-9.79603
-9.7842
-9.77085
-9.75591
-9.73931
-9.72101
-9.70094
-9.67905
-9.65528
-9.62961
-9.60193
-9.80779
-9.80574
-9.80392
-9.80348
-9.80441
-9.80619
-9.80843
-9.81082
-9.81306
-9.81494
-9.81625
-9.81685
-9.81661
-9.81543
-9.8132
-9.80984
-9.80529
-9.79947
-9.79232
-9.78378
-9.77379
-9.7623
-9.74925
-9.73459
-9.71828
-9.70025
-9.68048
-9.6589
-9.63549
-9.61022
-9.58303
-9.55394
-9.52286
-9.80131
-9.80547
-9.80755
-9.80859
-9.8094
-9.81009
-9.81069
-9.8111
-9.81115
-9.81068
-9.80957
-9.80769
-9.80492
-9.80117
-9.79632
-9.79031
-9.78304
-9.77446
-9.76448
-9.75305
-9.74011
-9.72561
-9.70948
-9.69168
-9.67217
-9.6509
-9.62784
-9.60296
-9.57622
-9.54761
-9.51709
-9.48468
-9.45032
-9.77126
-9.76182
-9.75534
-9.75469
-9.75693
-9.76012
-9.76354
-9.76673
-9.76931
-9.77102
-9.77164
-9.77106
-9.76916
-9.76587
-9.76112
-9.75485
-9.74701
-9.73755
-9.72644
-9.71364
-9.6991
-9.6828
-9.66471
-9.64479
-9.62302
-9.59939
-9.57387
-9.54645
-9.51713
-9.48591
-9.45278
-9.41777
-9.38085
-9.80439
-9.81629
-9.81467
-9.80893
-9.80381
-9.79995
-9.79672
-9.7936
-9.79029
-9.78658
-9.78224
-9.77708
-9.77094
-9.76369
-9.7552
-9.74539
-9.73415
-9.72142
-9.70713
-9.69121
-9.6736
-9.65427
-9.63318
-9.61028
-9.58556
-9.55898
-9.53054
-9.50022
-9.46802
-9.43395
-9.39802
-9.36024
-9.3206
-9.69628
-9.65973
-9.65602
-9.67014
-9.68315
-9.69427
-9.70404
-9.71215
-9.7183
-9.72239
-9.7244
-9.72436
-9.72229
-9.71819
-9.71209
-9.70399
-9.6939
-9.68182
-9.66774
-9.65167
-9.63359
-9.61352
-9.59144
-9.56736
-9.54129
-9.51324
-9.48321
-9.45124
-9.41734
-9.38154
-9.34388
-9.3044
-9.26312
-9.89712
-9.91886
-9.88367
-9.84324
-9.8198
-9.80684
-9.7963
-9.78706
-9.77886
-9.77099
-9.76291
-9.75424
-9.74473
-9.73417
-9.72238
-9.70922
-9.69459
-9.67838
-9.66052
-9.64094
-9.61959
-9.59642
-9.5714
-9.5445
-9.51571
-9.48502
-9.45243
-9.41795
-9.38159
-9.34339
-9.30337
-9.26157
-9.21802
-9.48173
-9.40004
-9.45553
-9.53512
-9.57978
-9.60915
-9.6339
-9.653
-9.66669
-9.67602
-9.6816
-9.6838
-9.68293
-9.67923
-9.67285
-9.66393
-9.65256
-9.63882
-9.62277
-9.60444
-9.58388
-9.56112
-9.53621
-9.50916
-9.48003
-9.44884
-9.41565
-9.3805
-9.34344
-9.30453
-9.26382
-9.22139
-9.17728
-10.4534
-10.1738
-9.96604
-9.86816
-9.82855
-9.80182
-9.78088
-9.76581
-9.75413
-9.74389
-9.7341
-9.72415
-9.71354
-9.70194
-9.68908
-9.67478
-9.6589
-9.64131
-9.62193
-9.6007
-9.57754
-9.55243
-9.52534
-9.49625
-9.46516
-9.43206
-9.39699
-9.35996
-9.321
-9.28016
-9.23747
-9.19302
-9.14677
-8.49354
-9.05396
-9.35391
-9.46647
-9.54022
-9.59588
-9.63206
-9.65554
-9.67095
-9.68001
-9.68401
-9.68394
-9.68043
-9.67385
-9.66448
-9.65251
-9.63805
-9.62119
-9.60199
-9.58051
-9.55679
-9.53085
-9.50275
-9.47253
-9.44022
-9.40588
-9.36958
-9.33137
-9.29132
-9.24951
-9.20602
-9.16098
-9.11434
-11.0855
-10.3715
-10.3614
-10.9926
-12.0376
-13.2248
-14.4858
-15.7434
-16.9473
-18.0659
-19.0742
-19.939
-20.6218
-21.0806
-21.2706
-21.1463
-20.6683
-19.8148
-18.5977
-17.0601
-15.2636
-13.33
-11.3992
-9.56817
-7.90277
-6.43994
-5.18179
-4.11074
-3.20443
-2.44098
-1.80052
-1.2657
-0.821555
-0.455166
-0.155318
0.0877257
0.282414
0.436053
0.554942
0.644513
0.709467
0.753892
0.781359
0.795001
0.797566
0.791457
0.77875
0.761186
0.740167
0.716785
0.69188
0.666106
0.639982
0.613913
0.588213
0.563114
0.538777
0.515316
0.492795
0.47125
0.45069
0.431104
0.412468
0.394745
0.377891
0.361856
0.346588
0.332031
0.318131
0.304833
0.292084
0.279833
0.26803
0.256628
0.245584
0.234855
0.224404
0.214194
0.204192
0.194368
0.184693
0.17514
0.165688
0.156312
0.146995
0.137718
0.128464
0.119219
0.109968
0.1007
0.0914032
0.0820681
0.072682
0.0632436
0.0537297
0.0441635
0.0344761
0.0247856
0.0148358
0.00512163
-11.6735
-11.4093
-11.2065
-11.5422
-12.2808
-13.2171
-14.2929
-15.424
-16.5404
-17.5935
-18.5409
-19.3402
-19.9514
-20.3347
-20.45
-20.2602
-19.7417
-18.8948
-17.7335
-16.2873
-14.6311
-12.8688
-11.0928
-9.38914
-7.82597
-6.4384
-5.2316
-4.19401
-3.30843
-2.55674
-1.92178
-1.38812
-0.942161
-0.571951
-0.266973
-0.0179821
0.183132
0.343438
0.46907
0.565332
0.636827
0.687561
0.721046
0.740364
0.74823
0.747026
0.738814
0.725336
0.708011
0.68796
0.666059
0.642996
0.619318
0.595455
0.571741
0.548426
0.525692
0.503667
0.482432
0.462038
0.442506
0.42384
0.406024
0.389033
0.372832
0.35738
0.34263
0.328535
0.315046
0.302113
0.289689
0.277726
0.266178
0.255003
0.244159
0.233608
0.223314
0.213242
0.203363
0.193646
0.184065
0.174596
0.165216
0.155904
0.146643
0.137415
0.128204
0.118996
0.109778
0.100539
0.0912667
0.0819535
0.0725869
0.0631653
0.0536675
0.0441136
0.034442
0.0247566
0.0148324
0.00509743
-11.2975
-11.059
-11.1091
-11.5407
-12.2641
-13.1486
-14.1318
-15.1517
-16.1525
-17.092
-17.9325
-18.6351
-19.1603
-19.47
-19.53
-19.3146
-18.8079
-18.003
-16.9101
-15.5713
-14.0555
-12.4354
-10.7937
-9.21069
-7.74575
-6.43122
-5.27553
-4.27221
-3.4085
-2.66972
-2.0413
-1.50966
-1.06258
-0.689073
-0.379354
-0.124698
0.0826337
0.249456
0.381718
0.484595
0.562585
0.619616
0.65913
0.684163
0.697389
0.701162
0.697528
0.688224
0.674685
0.658056
0.639248
0.618981
0.597828
0.576245
0.554586
0.533121
0.512049
0.491515
0.471617
0.45242
0.43396
0.416251
0.399291
0.383065
0.367546
0.352701
0.338493
0.32488
0.31182
0.29927
0.287185
0.275523
0.264243
0.253305
0.242671
0.232305
0.222174
0.212248
0.202495
0.192891
0.183409
0.174026
0.164723
0.155478
0.146275
0.137098
0.127932
0.118763
0.109579
0.10037
0.091124
0.0818338
0.0724876
0.0630836
0.0536025
0.0440615
0.0344064
0.0247262
0.0148287
0.00507245
-11.3908
-11.4326
-11.5171
-11.8503
-12.4456
-13.1875
-14.0208
-14.8996
-15.7736
-16.5982
-17.3353
-17.9465
-18.3947
-18.6457
-18.6695
-18.441
-17.9422
-17.17
-16.1467
-14.9117
-13.5149
-12.0215
-10.5056
-9.0354
-7.66286
-6.41862
-5.31347
-4.34495
-3.50409
-2.77934
-2.15851
-1.62982
-1.18236
-0.806158
-0.492152
-0.232171
-0.0188704
0.154282
0.293039
0.402434
0.486857
0.550152
0.595695
0.626464
0.645093
0.653902
0.654916
0.649868
0.640198
0.62708
0.61145
0.59406
0.57551
0.55628
0.536743
0.51719
0.497839
0.478851
0.460341
0.442388
0.425043
0.408331
0.392263
0.376833
0.362024
0.347814
0.334171
0.321063
0.308451
0.296299
0.284569
0.273222
0.262221
0.25153
0.241115
0.230943
0.220984
0.211208
0.201589
0.192102
0.182723
0.173431
0.164207
0.155033
0.145891
0.136767
0.127648
0.11852
0.109372
0.100194
0.0909751
0.0817087
0.0723839
0.0629982
0.0535345
0.0440071
0.034369
0.0246945
0.0148244
0.0050469
-11.3591
-11.4091
-11.5284
-11.8812
-12.4225
-13.0906
-13.8382
-14.6229
-15.399
-16.1273
-16.7725
-17.3
-17.6764
-17.8704
-17.8544
-17.6071
-17.1185
-16.3905
-15.4388
-14.2952
-13.0065
-11.6305
-10.23
-8.86377
-7.57781
-6.40091
-5.34541
-4.41194
-3.59478
-2.88508
-2.27286
-1.74805
-1.30102
-0.922771
-0.604993
-0.340079
-0.121106
0.0581558
0.203243
0.319034
0.409805
0.479311
0.530857
0.567363
0.591417
0.605303
0.611021
0.610294
0.604571
0.59504
0.582669
0.568233
0.552361
0.535553
0.518206
0.500628
0.483056
0.465668
0.448597
0.431935
0.415746
0.400071
0.384931
0.37033
0.356262
0.342713
0.32966
0.317076
0.304933
0.293197
0.281837
0.270818
0.260109
0.249676
0.23949
0.229521
0.219741
0.210123
0.200643
0.191278
0.182007
0.17281
0.163669
0.154567
0.14549
0.136422
0.127351
0.118266
0.109155
0.100009
0.0908195
0.0815781
0.0722755
0.062909
0.0534636
0.0439502
0.03433
0.0246615
0.0148196
0.00502098
-11.374
-11.4908
-11.6722
-12.0005
-12.4678
-13.043
-13.6913
-14.3727
-15.0473
-15.6789
-16.2343
-16.6818
-16.9905
-17.1325
-17.0841
-16.828
-16.3549
-15.6666
-14.7783
-13.7194
-12.5306
-11.2615
-9.9663
-8.69585
-7.49093
-6.37835
-5.37137
-4.47302
-3.68021
-2.9865
-2.38389
-1.86389
-1.41812
-1.03852
-0.717535
-0.448133
-0.223828
-0.0387154
0.112507
0.234548
0.33156
0.407204
0.464709
0.506935
0.536419
0.555407
0.565873
0.569526
0.567815
0.561946
0.552907
0.5415
0.528377
0.51406
0.498966
0.483425
0.46769
0.451957
0.436373
0.421049
0.406061
0.391463
0.377286
0.363547
0.350251
0.33739
0.324951
0.312916
0.30126
0.289959
0.278984
0.268308
0.257903
0.247741
0.237793
0.228036
0.218442
0.208989
0.199655
0.190418
0.181259
0.172161
0.163107
0.154082
0.14507
0.136061
0.127041
0.118
0.108929
0.0998171
0.0906571
0.0814418
0.0721624
0.0628159
0.0533895
0.0438908
0.0342891
0.0246271
0.0148139
0.00499486
-11.3789
-11.5171
-11.7075
-12.0099
-12.4289
-12.9381
-13.5067
-14.102
-14.6898
-15.2375
-15.7144
-16.0914
-16.341
-16.4384
-16.363
-16.0998
-15.6418
-14.9918
-14.1635
-13.1826
-12.0846
-10.9128
-9.71374
-8.5316
-7.40244
-6.35117
-5.39144
-4.52808
-3.76014
-3.08324
-2.49117
-1.97691
-1.53323
-1.15301
-0.829432
-0.556033
-0.32678
-0.136114
0.0210155
0.149134
0.252259
0.333948
0.39735
0.445261
0.480166
0.504269
0.519514
0.527592
0.529952
0.52781
0.522173
0.513864
0.503558
0.491798
0.479022
0.465576
0.451734
0.437709
0.423665
0.409724
0.39598
0.382497
0.369321
0.356479
0.343984
0.331839
0.32004
0.308575
0.297427
0.286578
0.276006
0.265688
0.255601
0.24572
0.236022
0.226484
0.217086
0.207805
0.198622
0.189519
0.180479
0.171484
0.16252
0.153574
0.144633
0.135684
0.126717
0.117723
0.108692
0.0996163
0.0904874
0.0812994
0.0720442
0.0627187
0.053312
0.0438287
0.0342462
0.0245913
0.0148072
0.00496876
-11.3778
-11.5294
-11.7296
-12.0147
-12.3892
-12.8346
-13.3279
-13.8422
-14.3481
-14.8167
-15.2202
-15.5322
-15.728
-15.7857
-15.6872
-15.4196
-14.9775
-14.3637
-13.5907
-12.6811
-11.666
-10.5828
-9.47164
-8.3709
-7.31256
-6.31961
-5.40576
-4.5771
-3.83441
-3.17504
-2.59437
-2.08673
-1.64597
-1.26588
-0.940344
-0.663476
-0.429701
-0.233815
-0.0710368
0.0629595
0.172045
0.259666
0.328885
0.382431
0.422732
0.451947
0.471989
0.484529
0.491009
0.492652
0.49048
0.485334
0.47791
0.46877
0.458371
0.44708
0.435187
0.422922
0.410465
0.397954
0.385496
0.373169
0.36103
0.349117
0.337455
0.326054
0.31492
0.304048
0.29343
0.283053
0.2729
0.262955
0.253198
0.24361
0.234172
0.224865
0.21567
0.206569
0.197545
0.188581
0.179663
0.170776
0.161907
0.153044
0.144175
0.13529
0.126379
0.117434
0.108445
0.0994065
0.0903102
0.0811506
0.0719208
0.0626171
0.0532311
0.0437639
0.0342011
0.0245541
0.0147993
0.00494284
-11.3668
-11.5228
-11.7215
-11.9849
-12.3176
-12.7071
-13.1348
-13.5779
-14.0114
-14.4095
-14.7475
-15.0016
-15.1499
-15.1729
-15.0548
-14.7848
-14.3584
-13.7785
-13.0566
-12.2123
-11.2727
-10.2701
-9.23933
-8.21369
-7.22153
-6.28398
-5.41454
-4.62015
-3.90292
-3.26169
-2.69322
-2.19302
-1.756
-1.37679
-1.04994
-0.770163
-0.532324
-0.331586
-0.163449
-0.023801
0.0910695
0.184489
0.259428
0.318541
0.364197
0.39851
0.423354
0.44038
0.45102
0.456499
0.457847
0.455924
0.451441
0.444981
0.437019
0.427938
0.418047
0.407593
0.396771
0.385736
0.374606
0.363474
0.352409
0.341459
0.330659
0.320031
0.309587
0.299333
0.289264
0.279377
0.269661
0.260104
0.250692
0.24141
0.232243
0.223176
0.214193
0.205279
0.19642
0.187602
0.178812
0.170038
0.161268
0.152491
0.143698
0.134879
0.126027
0.117132
0.108188
0.0991875
0.0901252
0.0809953
0.0717919
0.062511
0.0531464
0.0436962
0.0341539
0.0245153
0.0147901
0.00491728
-11.3452
-11.5
-11.692
-11.9343
-12.2298
-12.5696
-12.9385
-13.3175
-13.6853
-14.0194
-14.298
-14.4999
-14.6056
-14.598
-14.4633
-14.1922
-13.7812
-13.2331
-12.5581
-11.7734
-10.9026
-9.97352
-9.0163
-8.05996
-7.12962
-6.24462
-5.41804
-4.65736
-3.96569
-3.34309
-2.78749
-2.29552
-1.86302
-1.48541
-1.15792
-0.875802
-0.634383
-0.429188
-0.256012
-0.110965
0.00949174
0.108556
0.189099
0.253695
0.304652
0.344032
0.373673
0.395198
0.410027
0.419382
0.4243
0.425653
0.424168
0.420443
0.414971
0.408154
0.400317
0.391723
0.382584
0.373068
0.363308
0.35341
0.343454
0.3335
0.323594
0.313766
0.304039
0.294424
0.284927
0.27555
0.266287
0.257133
0.24808
0.239117
0.230232
0.221415
0.212653
0.203934
0.195247
0.186581
0.177924
0.169267
0.1606
0.151914
0.1432
0.134451
0.125658
0.116816
0.107919
0.0989589
0.0899321
0.0808332
0.0716573
0.0624002
0.053058
0.0436255
0.0341043
0.024475
0.0147794
0.00489222
-11.313
-11.4626
-11.644
-11.8644
-12.1255
-12.4204
-12.7367
-13.0585
-13.3675
-13.6445
-13.8699
-14.0253
-14.0933
-14.0589
-13.9101
-13.6392
-13.243
-12.7245
-12.0926
-11.3624
-10.5541
-9.69204
-8.80216
-7.90978
-7.03716
-6.20194
-5.41663
-4.68895
-4.02279
-3.41917
-2.87705
-2.39401
-1.96676
-1.59146
-1.26399
-0.980114
-0.735615
-0.526384
-0.348512
-0.198344
-0.0725213
0.0320145
0.118027
0.188007
0.244194
0.288598
0.323016
0.349043
0.36808
0.381342
0.389871
0.394546
0.396108
0.395171
0.392241
0.387739
0.382005
0.375319
0.367907
0.359953
0.351603
0.342976
0.334164
0.32524
0.316257
0.307258
0.298272
0.289321
0.280416
0.271567
0.262776
0.254042
0.245361
0.236729
0.228137
0.21958
0.211048
0.202532
0.194025
0.185516
0.176999
0.168464
0.159904
0.151312
0.142681
0.134003
0.125274
0.116488
0.107638
0.0987205
0.0897307
0.080664
0.0715169
0.0622846
0.0529657
0.0435518
0.0340522
0.0244332
0.0147672
0.00486777
-11.2705
-11.4122
-11.5804
-11.7791
-12.0083
-12.2627
-12.532
-12.8027
-13.0593
-13.285
-13.4629
-13.5768
-13.6113
-13.5535
-13.393
-13.123
-12.7412
-12.2501
-11.6577
-10.9771
-10.2258
-9.4248
-8.59661
-7.76328
-6.94452
-6.15637
-5.41066
-4.71519
-4.07437
-3.48997
-2.96181
-2.48833
-2.06701
-1.6947
-1.36788
-1.08283
-0.835764
-0.622934
-0.440731
-0.285742
-0.154795
-0.0449803
0.0463503
0.121598
0.182931
0.232303
0.271466
0.301984
0.325236
0.342428
0.354599
0.362637
0.36729
0.369185
0.368846
0.366705
0.363121
0.358387
0.352746
0.346395
0.339495
0.332176
0.324543
0.316679
0.30865
0.300506
0.292287
0.284022
0.275731
0.26743
0.259127
0.250827
0.242534
0.234245
0.225958
0.217671
0.209378
0.201074
0.192752
0.184408
0.176035
0.167628
0.15918
0.150686
0.14214
0.133538
0.124874
0.116145
0.107346
0.0984721
0.0895208
0.0804878
0.0713705
0.0621641
0.0528693
0.0434748
0.0339976
0.0243898
0.0147532
0.00484398
-11.2182
-11.3501
-11.5037
-11.6808
-11.8805
-12.0982
-12.3253
-12.5504
-12.7601
-12.9402
-13.0759
-13.1529
-13.158
-13.0799
-12.9096
-12.6413
-12.2731
-11.8074
-11.2512
-10.6158
-9.91639
-9.17113
-8.39945
-7.62062
-6.85208
-6.10837
-5.40058
-4.73641
-4.12061
-3.55555
-3.04174
-2.57837
-2.16359
-1.79491
-1.46936
-1.18371
-0.934581
-0.718601
-0.532448
-0.372955
-0.237145
-0.122265
-0.0257848
0.0545987
0.120978
0.175247
0.219111
0.254097
0.281561
0.302695
0.318533
0.329964
0.337745
0.342515
0.344808
0.345072
0.34368
0.340942
0.337112
0.332404
0.32699
0.321015
0.314593
0.307821
0.300774
0.293513
0.286085
0.278529
0.270872
0.263138
0.25534
0.247491
0.239598
0.231665
0.223695
0.215688
0.207642
0.199557
0.19143
0.183256
0.175034
0.166758
0.158426
0.150034
0.141577
0.133053
0.124458
0.115789
0.107042
0.0982137
0.0893023
0.0803043
0.0712181
0.0620386
0.0527689
0.0433947
0.0339405
0.0243448
0.0147375
0.00482088
-11.157
-11.2778
-11.416
-11.572
-11.7442
-11.9286
-12.1179
-12.3022
-12.4703
-12.6098
-12.708
-12.7525
-12.7318
-12.6361
-12.4577
-12.1917
-11.8365
-11.3943
-10.8712
-10.277
-9.62485
-8.93042
-8.21053
-7.48199
-6.76025
-6.05841
-5.38682
-4.75296
-4.16176
-3.61602
-3.11686
-2.66404
-2.25636
-1.8919
-1.5682
-1.2825
-1.03183
-0.813151
-0.623442
-0.459779
-0.319385
-0.199666
-0.0982225
-0.0128503
0.0584623
0.117544
0.166051
0.20547
0.237131
0.262207
0.281726
0.296574
0.307514
0.315192
0.320155
0.322863
0.323704
0.322999
0.32102
0.317991
0.314099
0.3095
0.304323
0.298672
0.292635
0.286282
0.27967
0.272844
0.265842
0.258692
0.251416
0.244033
0.236554
0.22899
0.221347
0.21363
0.205842
0.197984
0.190057
0.18206
0.173993
0.165855
0.157643
0.149357
0.140993
0.13255
0.124026
0.115418
0.106726
0.0979451
0.0890753
0.0801137
0.0710596
0.0619082
0.0526644
0.0433115
0.0338807
0.0242982
0.0147201
0.00479844
-11.0877
-11.1966
-11.319
-11.4545
-11.6013
-11.7554
-11.9107
-12.0587
-12.1898
-12.2933
-12.3584
-12.3743
-12.3311
-12.2203
-12.0354
-11.7721
-11.4292
-11.0087
-10.5159
-9.95928
-9.35021
-8.70216
-8.02974
-7.3476
-6.6694
-6.00696
-5.36983
-4.7652
-4.19807
-3.67155
-3.1872
-2.74531
-2.34521
-1.9855
-1.66421
-1.379
-1.12728
-0.906357
-0.713492
-0.546004
-0.401319
-0.277006
-0.170799
-0.0806006
-0.00448292
0.0593146
0.112393
0.156199
0.192029
0.221039
0.244241
0.262522
0.276642
0.287257
0.294922
0.300108
0.303216
0.304581
0.304487
0.303171
0.300835
0.297645
0.293741
0.289241
0.28424
0.278819
0.273045
0.266972
0.260643
0.254096
0.247359
0.240456
0.233405
0.226221
0.218917
0.211499
0.203977
0.196354
0.188634
0.180821
0.172916
0.164919
0.156832
0.148655
0.140387
0.132028
0.123578
0.115034
0.106398
0.0976665
0.0888398
0.0799159
0.0708952
0.0617728
0.0525559
0.043225
0.0338184
0.0242501
0.014701
0.00477661
-11.0111
-11.1076
-11.2144
-11.3303
-11.4533
-11.58
-11.7047
-11.8203
-11.9186
-11.9903
-12.0263
-12.0171
-11.9544
-11.8307
-11.6406
-11.3805
-11.0493
-10.6489
-10.1838
-9.66146
-9.09161
-8.48589
-7.85697
-7.21762
-6.57991
-5.95445
-5.35004
-4.77352
-4.22984
-3.72232
-3.25285
-2.82217
-2.43007
-2.07559
-1.75722
-1.473
-1.22072
-0.998001
-0.802381
-0.631421
-0.482749
-0.3541
-0.243344
-0.148495
-0.0677139
0.000687933
0.0582542
0.106387
0.146349
0.17927
0.206151
0.227869
0.245185
0.258757
0.269149
0.276842
0.282248
0.285714
0.287536
0.287966
0.287215
0.285463
0.282861
0.279537
0.275598
0.271134
0.266219
0.260918
0.255282
0.249355
0.243172
0.236763
0.230153
0.223362
0.216405
0.209298
0.202049
0.194669
0.187164
0.17954
0.171801
0.163951
0.155993
0.147929
0.13976
0.131488
0.123114
0.114637
0.106059
0.0973781
0.088596
0.0797111
0.070725
0.0616326
0.0524434
0.0431355
0.0337536
0.0242005
0.0146803
0.00475529
-10.9281
-11.0122
-11.1035
-11.2007
-11.3018
-11.4034
-11.5007
-11.5875
-11.6567
-11.7005
-11.7108
-11.6798
-11.6002
-11.4658
-11.2717
-11.0151
-10.695
-10.3132
-9.87347
-9.38236
-8.84826
-8.28119
-7.69212
-7.09221
-6.4921
-5.90131
-5.3279
-4.7783
-4.25738
-3.76854
-3.31394
-2.89466
-2.51089
-2.16207
-1.84707
-1.56433
-1.31195
-1.08787
-0.889896
-0.715821
-0.563473
-0.430757
-0.315679
-0.216368
-0.131079
-0.0581964
0.00376151
0.0561487
0.100192
0.136994
0.167536
0.192687
0.213204
0.229746
0.242884
0.253107
0.260835
0.266429
0.270196
0.272398
0.27326
0.272973
0.271699
0.269576
0.266721
0.263235
0.259201
0.254691
0.249765
0.244474
0.23886
0.232959
0.226802
0.220414
0.213817
0.207027
0.200061
0.192931
0.185646
0.178217
0.17065
0.162952
0.155127
0.147179
0.139113
0.130931
0.122635
0.114227
0.105708
0.0970803
0.0883442
0.0794995
0.0705491
0.0614878
0.0523271
0.043043
0.0336864
0.0241494
0.0146582
0.00473438
-10.8397
-10.9113
-10.9877
-11.0673
-11.1481
-11.2269
-11.2996
-11.3607
-11.4043
-11.4234
-11.4115
-11.3615
-11.2675
-11.124
-10.9271
-10.6741
-10.3646
-9.99994
-9.58354
-9.12094
-8.61942
-8.08764
-7.53509
-6.97152
-6.40629
-5.84794
-5.30381
-4.77993
-4.28099
-3.81043
-3.3706
-2.96284
-2.58765
-2.24485
-1.93365
-1.65282
-1.40079
-1.17577
-0.97583
-0.798997
-0.64329
-0.506782
-0.38762
-0.284048
-0.194416
-0.11719
-0.0509494
0.00560831
0.05367
0.0943085
0.128485
0.157055
0.180769
0.200287
0.216182
0.22895
0.239021
0.246765
0.252499
0.256498
0.258996
0.260197
0.260273
0.259373
0.257625
0.255137
0.252002
0.248301
0.244101
0.239461
0.23443
0.22905
0.223357
0.217383
0.211154
0.204692
0.198015
0.191142
0.184085
0.176856
0.169466
0.161923
0.154235
0.146407
0.138447
0.130357
0.122141
0.113804
0.105347
0.0967734
0.0880847
0.0792815
0.0703677
0.0613384
0.0522072
0.0429477
0.0336169
0.0240968
0.0146346
0.00471377
-10.7467
-10.8062
-10.8681
-10.9312
-10.9932
-11.0515
-11.1021
-11.1404
-11.1613
-11.1589
-11.1275
-11.0613
-10.9549
-10.804
-10.6051
-10.3562
-10.0566
-9.70785
-9.31279
-8.87622
-8.40442
-7.90486
-7.38577
-6.85565
-6.32275
-5.7947
-5.27817
-4.77878
-4.30099
-3.84825
-3.42299
-3.02677
-2.66037
-2.32389
-2.01685
-1.73833
-1.48705
-1.2615
-1.05998
-0.880744
-0.721997
-0.581978
-0.458977
-0.351354
-0.257559
-0.176136
-0.105734
-0.0451013
0.00690462
0.0513248
0.0890973
0.121061
0.14796
0.170449
0.189105
0.204428
0.216854
0.226763
0.234483
0.240297
0.244453
0.247162
0.248608
0.248951
0.248327
0.246855
0.244637
0.24176
0.238301
0.234325
0.22989
0.225042
0.219825
0.214275
0.208422
0.202295
0.195916
0.189306
0.182481
0.175458
0.168249
0.160866
0.153318
0.145614
0.137762
0.129766
0.121634
0.113369
0.104976
0.096458
0.087818
0.0790574
0.0701813
0.0611849
0.0520838
0.0428497
0.0335452
0.024043
0.0146099
0.00469335
-10.6501
-10.6977
-10.7459
-10.7935
-10.8384
-10.8779
-10.9088
-10.9269
-10.9279
-10.9067
-10.8584
-10.7781
-10.6615
-10.5045
-10.3045
-10.0597
-9.76964
-9.43558
-9.0601
-8.64731
-8.20262
-7.73248
-7.24403
-6.74469
-6.24173
-5.74193
-5.25137
-4.77521
-4.31772
-3.88225
-3.4713
-3.08658
-2.72908
-2.39915
-2.09659
-1.82074
-1.5706
-1.34489
-1.14216
-0.960862
-0.799391
-0.656146
-0.529557
-0.418102
-0.32033
-0.23487
-0.160436
-0.0958376
-0.0399732
0.00816218
0.0494808
0.0848035
0.114864
0.140312
0.161723
0.179602
0.19439
0.206475
0.216192
0.223837
0.229664
0.233898
0.236731
0.238332
0.238849
0.238408
0.23712
0.235082
0.232378
0.229079
0.22525
0.220945
0.216213
0.211095
0.205628
0.199842
0.193767
0.187426
0.18084
0.174027
0.167004
0.159784
0.15238
0.144802
0.13706
0.129162
0.121115
0.112924
0.104596
0.0961347
0.0875446
0.0788276
0.0699902
0.0610276
0.0519572
0.0427492
0.0334715
0.023988
0.0145842
0.00467302
-10.5506
-10.5868
-10.6221
-10.6553
-10.6844
-10.7071
-10.7203
-10.7206
-10.704
-10.6664
-10.6036
-10.5114
-10.3861
-10.2244
-10.0239
-9.78332
-9.50233
-9.18193
-8.82442
-8.43336
-8.01341
-7.57015
-7.10976
-6.63872
-6.16344
-5.68995
-5.22374
-4.76958
-4.33148
-3.91269
-3.51572
-3.14239
-2.79384
-2.47064
-2.17282
-1.89995
-1.65129
-1.42578
-1.22218
-1.03916
-0.875271
-0.729085
-0.599161
-0.484098
-0.382546
-0.293216
-0.214895
-0.146448
-0.0868224
-0.0350498
0.00975399
0.04839
0.0815784
0.109963
0.134116
0.154544
0.171692
0.185955
0.197677
0.20716
0.214671
0.22044
0.224672
0.227545
0.229215
0.229818
0.229473
0.228285
0.226346
0.223734
0.220522
0.216769
0.21253
0.207852
0.202777
0.19734
0.191574
0.185507
0.179164
0.172565
0.165731
0.158678
0.151421
0.143972
0.136343
0.128544
0.120584
0.112469
0.104208
0.0958044
0.0872652
0.0785929
0.0697949
0.0608668
0.0518278
0.0426465
0.033396
0.0239319
0.0145575
0.0046527
-10.4491
-10.4745
-10.4977
-10.5175
-10.5322
-10.5397
-10.5372
-10.5217
-10.4898
-10.438
-10.3627
-10.2604
-10.1279
-9.96247
-9.76221
-9.52595
-9.25351
-8.94579
-8.6048
-8.2336
-7.83624
-7.41752
-6.98283
-6.5378
-6.08809
-5.63905
-5.19565
-4.76225
-4.34261
-3.93986
-3.55648
-3.19435
-2.85473
-2.53837
-2.24549
-1.97588
-1.72899
-1.504
-1.29987
-1.11544
-0.949442
-0.800592
-0.66759
-0.549148
-0.444016
-0.350993
-0.268936
-0.19677
-0.133492
-0.0781714
-0.0299544
0.0119378
0.0482106
0.0794987
0.10637
0.129331
0.148831
0.165268
0.178994
0.190319
0.199517
0.206829
0.212468
0.216622
0.219454
0.22111
0.221717
0.221388
0.220223
0.218307
0.215719
0.212526
0.208787
0.204555
0.199878
0.194795
0.189343
0.183555
0.177458
0.171078
0.164436
0.157553
0.150445
0.143127
0.135613
0.127915
0.120043
0.112006
0.103812
0.0954679
0.0869807
0.0783538
0.0695959
0.0607029
0.0516959
0.042542
0.033319
0.0238749
0.0145301
0.00463235
-10.3464
-10.3615
-10.3734
-10.381
-10.3826
-10.3764
-10.3599
-10.3305
-10.2852
-10.2212
-10.1352
-10.0243
-9.88598
-9.71785
-9.51831
-9.28643
-9.02211
-8.72617
-8.40036
-8.04733
-7.67059
-7.27429
-6.86311
-6.44197
-6.01584
-5.5895
-5.1674
-4.75354
-4.35142
-3.96403
-3.59379
-3.24262
-2.91186
-2.60238
-2.31459
-2.04845
-1.80361
-1.57943
-1.37507
-1.18953
-1.02171
-0.870468
-0.734639
-0.613048
-0.504544
-0.40801
-0.322378
-0.246633
-0.179821
-0.121052
-0.0695055
-0.0244252
0.0148772
0.0490256
0.0785823
0.104052
0.125885
0.144484
0.160206
0.173369
0.184254
0.193111
0.20016
0.205598
0.209597
0.212312
0.213878
0.214414
0.214029
0.212815
0.210857
0.208229
0.204995
0.201215
0.19694
0.192215
0.187082
0.181576
0.175729
0.16957
0.163123
0.156411
0.149455
0.14227
0.134873
0.127277
0.119494
0.111536
0.103411
0.0951265
0.0866919
0.0781111
0.069394
0.0605367
0.0515621
0.0424359
0.0332408
0.0238171
0.0145022
0.00461195
-10.2432
-10.2487
-10.2501
-10.2464
-10.2363
-10.2178
-10.1888
-10.1472
-10.0904
-10.0157
-9.92067
-9.80274
-9.65967
-9.48962
-9.29123
-9.06374
-8.80713
-8.52214
-8.21029
-7.8739
-7.51598
-7.14016
-6.75049
-6.35127
-5.94688
-5.54155
-5.1393
-4.74378
-4.35823
-3.98549
-3.6279
-3.28738
-2.96533
-2.66274
-2.38012
-2.11762
-1.87505
-1.65194
-1.44762
-1.26124
-1.09188
-0.938512
-0.800104
-0.675593
-0.563926
-0.46407
-0.375031
-0.295854
-0.225636
-0.163531
-0.108749
-0.0605606
-0.0182945
0.0186602
0.0508587
0.0788023
0.102942
0.123683
0.141386
0.156376
0.16894
0.179336
0.187793
0.194515
0.199682
0.203458
0.205984
0.207389
0.207787
0.207279
0.205955
0.203894
0.20117
0.197844
0.193974
0.18961
0.184798
0.179577
0.173982
0.168046
0.161796
0.155258
0.148454
0.141403
0.134124
0.126632
0.11894
0.11106
0.103005
0.0947813
0.0863999
0.0778657
0.0691898
0.0603686
0.0514267
0.0423287
0.0331617
0.0237589
0.0144739
0.00459149
-10.1404
-10.1369
-10.1286
-10.1146
-10.0938
-10.0643
-10.0244
-9.97213
-9.90522
-9.82152
-9.71882
-9.59502
-9.44826
-9.27699
-9.0801
-8.85699
-8.60769
-8.33287
-8.03387
-7.7127
-7.37198
-7.01485
-6.64484
-6.26573
-5.88133
-5.49545
-5.11165
-4.73329
-4.36335
-4.00452
-3.65905
-3.32882
-3.0153
-2.71951
-2.44211
-2.18337
-1.94324
-1.72142
-1.51737
-1.33042
-1.15976
-1.00452
-0.863776
-0.736572
-0.621951
-0.518966
-0.426693
-0.34424
-0.270757
-0.205437
-0.147526
-0.096319
-0.0511667
-0.0114707
0.0233152
0.053688
0.0800976
0.10295
0.122611
0.139409
0.153638
0.165562
0.175419
0.183418
0.18975
0.194583
0.198069
0.200342
0.201523
0.201721
0.201031
0.19954
0.197325
0.194456
0.190993
0.186991
0.182501
0.177566
0.172224
0.166512
0.160461
0.154097
0.147447
0.140531
0.133371
0.125982
0.118382
0.110582
0.102596
0.0944338
0.086106
0.0776188
0.0689843
0.0601994
0.0512905
0.0422208
0.033082
0.0237003
0.0144454
0.00457103
-10.0385
-10.0267
-10.0095
-9.98623
-9.95577
-9.91658
-9.86704
-9.8054
-9.72981
-9.6384
-9.52928
-9.4007
-9.25111
-9.07922
-8.88412
-8.66536
-8.42298
-8.15762
-7.87044
-7.5632
-7.23819
-6.89812
-6.54609
-6.18537
-5.81936
-5.45141
-5.08473
-4.72237
-4.3671
-4.02141
-3.68748
-3.36716
-3.0619
-2.7728
-2.5006
-2.24568
-2.00812
-1.78776
-1.58419
-1.39689
-1.22518
-1.0683
-0.925445
-0.795768
-0.678403
-0.572483
-0.477156
-0.391591
-0.314988
-0.246585
-0.185661
-0.13154
-0.0835902
-0.0412297
-0.00392178
0.0288246
0.0574572
0.0823823
0.103968
0.122547
0.138419
0.151854
0.163095
0.17236
0.179847
0.18573
0.190169
0.193305
0.195266
0.196167
0.196109
0.195187
0.193481
0.191066
0.18801
0.18437
0.180202
0.175553
0.170465
0.164977
0.159123
0.152934
0.146438
0.139658
0.132616
0.125332
0.117822
0.110103
0.102187
0.0940856
0.0858115
0.0773713
0.0687783
0.0600299
0.051154
0.0421128
0.0330022
0.0236418
0.0144168
0.00455063
-9.93841
-9.91885
-9.89354
-9.86188
-9.82281
-9.77499
-9.71696
-9.64722
-9.56419
-9.46623
-9.35179
-9.21937
-9.06768
-8.89567
-8.70259
-8.4881
-8.25229
-7.99571
-7.71941
-7.42493
-7.11425
-6.78976
-6.45413
-6.11025
-5.7611
-5.40966
-5.05882
-4.71134
-4.36978
-4.03646
-3.71347
-3.4026
-3.1053
-2.82271
-2.55564
-2.30455
-2.06964
-1.85087
-1.64796
-1.4605
-1.28794
-1.12964
-0.984897
-0.85296
-0.733055
-0.624396
-0.526198
-0.437691
-0.358126
-0.286782
-0.222974
-0.166051
-0.115405
-0.0704688
-0.0307162
0.004337
0.0351349
0.0620834
0.0855519
0.105876
0.12336
0.13828
0.150884
0.161397
0.170023
0.176944
0.182325
0.186315
0.189048
0.190645
0.191215
0.190856
0.189656
0.187693
0.18504
0.181761
0.177913
0.173548
0.168712
0.163447
0.157791
0.151776
0.145433
0.138787
0.131864
0.124684
0.117265
0.109625
0.101779
0.0937387
0.085518
0.0771247
0.0685732
0.0598611
0.051018
0.0420052
0.0329227
0.0235837
0.0143885
0.0045304
-9.84049
-9.81389
-9.78123
-9.742
-9.69529
-9.63986
-9.57443
-9.49771
-9.40832
-9.30489
-9.18607
-9.05063
-8.89748
-8.72577
-8.53489
-8.32459
-8.09497
-7.84655
-7.58027
-7.29746
-6.99987
-6.68957
-6.3689
-6.0404
-5.70669
-5.37042
-5.03419
-4.7005
-4.3717
-4.04997
-3.73728
-3.43537
-3.14568
-2.86938
-2.60729
-2.36
-2.12778
-1.91068
-1.70856
-1.5211
-1.34787
-1.18835
-1.04191
-0.907921
-0.785677
-0.674472
-0.573589
-0.482316
-0.399953
-0.325821
-0.259267
-0.199669
-0.146439
-0.0990276
-0.0569194
-0.0196379
0.0132566
0.0421683
0.0674673
0.0894915
0.108549
0.124919
0.138857
0.150593
0.160336
0.168275
0.174582
0.179412
0.182906
0.185189
0.186378
0.186574
0.185872
0.184356
0.182102
0.179178
0.175647
0.171563
0.166976
0.161933
0.156471
0.150629
0.144437
0.137925
0.131119
0.124041
0.116713
0.109152
0.101374
0.093395
0.0852273
0.0768805
0.0683699
0.0596939
0.0508833
0.0418988
0.0328441
0.0235262
0.0143605
0.00451048
-9.74578
-9.71272
-9.6734
-9.62738
-9.57387
-9.51173
-9.43986
-9.35713
-9.26234
-9.15433
-9.03195
-8.89418
-8.74011
-8.56903
-8.38046
-8.17423
-7.95046
-7.70962
-7.45255
-7.18042
-6.89476
-6.59739
-6.29035
-5.97587
-5.65627
-5.33391
-5.01111
-4.69014
-4.37316
-4.06222
-3.75918
-3.46571
-3.18324
-2.91292
-2.65565
-2.41206
-2.18249
-1.96711
-1.76586
-1.57853
-1.40479
-1.24421
-1.09627
-0.960414
-0.836026
-0.72247
-0.619091
-0.525234
-0.440246
-0.363486
-0.294336
-0.232201
-0.176514
-0.12674
-0.0823777
-0.0429585
-0.0080478
0.0227561
0.049823
0.0734921
0.0940741
0.111853
0.127087
0.140013
0.150845
0.159778
0.166989
0.17264
0.176877
0.179833
0.181627
0.182368
0.182154
0.181076
0.179214
0.176639
0.173418
0.169611
0.165269
0.160443
0.155173
0.1495
0.143457
0.137077
0.130386
0.123409
0.11617
0.108686
0.100977
0.0930568
0.0849414
0.0766403
0.0681701
0.0595295
0.050751
0.0417942
0.0327669
0.0234698
0.0143331
0.00449103
-9.65422
-9.61539
-9.57013
-9.51813
-9.45866
-9.39072
-9.31332
-9.22548
-9.12618
-9.01441
-8.88922
-8.74973
-8.5952
-8.42505
-8.2389
-8.03662
-7.81836
-7.58455
-7.33594
-7.07357
-6.79878
-6.51316
-6.21852
-5.91681
-5.61007
-5.3004
-4.9899
-4.68061
-4.37454
-4.07358
-3.7795
-3.4939
-3.21819
-2.95353
-2.70084
-2.46079
-2.23381
-2.02013
-1.81979
-1.63267
-1.45853
-1.29703
-1.14775
-1.01021
-0.883862
-0.768142
-0.662456
-0.566199
-0.478763
-0.399546
-0.32796
-0.263435
-0.205427
-0.153417
-0.106914
-0.0654604
-0.028626
0.0039871
0.0327477
0.0579956
0.0800435
0.0991782
0.115663
0.129737
0.141621
0.151516
0.159603
0.166051
0.171009
0.174616
0.176998
0.178269
0.178531
0.177879
0.176397
0.174163
0.171245
0.167706
0.163604
0.158989
0.153906
0.148398
0.142501
0.136249
0.12967
0.122792
0.115639
0.108232
0.100589
0.0927268
0.0846622
0.0764058
0.0679751
0.0593691
0.0506219
0.0416922
0.0326917
0.023415
0.0143067
0.00447223
-9.56745
-9.52333
-9.47271
-9.41535
-9.3506
-9.27755
-9.19536
-9.10315
-9.00005
-8.8852
-8.75778
-8.61706
-8.46242
-8.29339
-8.10967
-7.91119
-7.69809
-7.47078
-7.22993
-6.97647
-6.71158
-6.43665
-6.15327
-5.86316
-5.56812
-5.27003
-4.97075
-4.67215
-4.37607
-4.08427
-3.79845
-3.52014
-3.2507
-2.99132
-2.74291
-2.5062
-2.28168
-2.06965
-1.87021
-1.68335
-1.50891
-1.34662
-1.19615
-1.05708
-0.928954
-0.81126
-0.703458
-0.604992
-0.515295
-0.433799
-0.359946
-0.293192
-0.233011
-0.1789
-0.130382
-0.0870072
-0.0483523
-0.0140229
0.0163478
0.0430994
0.066546
0.0869768
0.104658
0.119833
0.132727
0.143545
0.152475
0.159688
0.165341
0.169576
0.172526
0.174307
0.175028
0.174787
0.173673
0.171767
0.169142
0.165864
0.161992
0.157582
0.15268
0.147332
0.141576
0.135447
0.128978
0.122195
0.115126
0.107792
0.100213
0.0924074
0.0843923
0.0761791
0.0677865
0.0592141
0.0504972
0.0415938
0.0326192
0.0233623
0.0142814
0.00445432
-9.48445
-9.43576
-9.38052
-9.31857
-9.24934
-9.17202
-9.08584
-8.99005
-8.88391
-8.76666
-8.63762
-8.49616
-8.34179
-8.1741
-7.99287
-7.79805
-7.58981
-7.36852
-7.13479
-6.88944
-6.63353
-6.36829
-6.0951
-5.81549
-5.53105
-5.24343
-4.95432
-4.66541
-4.3784
-4.09494
-3.81663
-3.54495
-3.28125
-3.02669
-2.78221
-2.54857
-2.32632
-2.1158
-1.91721
-1.73059
-1.55587
-1.39286
-1.2413
-1.10085
-0.971097
-0.851594
-0.741852
-0.641357
-0.549578
-0.465981
-0.390033
-0.321213
-0.259014
-0.202949
-0.152553
-0.107383
-0.0670241
-0.0310853
0.00079791
0.0289645
0.0537292
0.0753828
0.0941942
0.110411
0.124261
0.135955
0.145683
0.153623
0.159936
0.164769
0.168258
0.170525
0.171683
0.171834
0.171071
0.169478
0.167132
0.164103
0.160452
0.156237
0.151508
0.146312
0.140691
0.134681
0.128315
0.121624
0.114635
0.107371
0.0998538
0.0921021
0.0841341
0.0759623
0.0676063
0.059066
0.0503781
0.0414999
0.0325502
0.0233122
0.0142577
0.00443748
-9.40812
-9.35517
-9.29571
-9.2296
-9.15634
-9.07521
-8.98553
-8.88666
-8.77792
-8.65869
-8.52837
-8.38645
-8.23249
-8.06618
-7.88735
-7.69598
-7.49224
-7.27647
-7.04924
-6.81128
-6.56353
-6.30707
-6.04313
-5.77304
-5.49821
-5.2201
-4.9402
-4.66007
-4.38126
-4.10534
-3.83382
-3.56816
-3.30966
-3.05948
-2.81858
-2.58775
-2.36757
-2.15845
-1.96065
-1.77428
-1.59933
-1.4357
-1.28318
-1.14148
-1.01027
-0.889135
-0.777636
-0.675294
-0.581615
-0.496091
-0.418218
-0.347493
-0.283429
-0.225553
-0.173412
-0.126572
-0.0846232
-0.0471805
-0.0138815
0.0156117
0.0416139
0.0644174
0.084293
0.101491
0.116244
0.128763
0.139246
0.147874
0.154811
0.16021
0.164209
0.166937
0.168509
0.169032
0.168602
0.167306
0.165225
0.162431
0.15899
0.15496
0.150396
0.145345
0.139851
0.133953
0.127687
0.121083
0.11417
0.106972
0.0995133
0.0918126
0.0838895
0.075757
0.0674357
0.0589258
0.0502656
0.0414112
0.0324851
0.023265
0.0142357
0.00442188
-9.33574
-9.27939
-9.21654
-9.14713
-9.07073
-8.98666
-8.89434
-8.7932
-8.68266
-8.56216
-8.43121
-8.28935
-8.13622
-7.97156
-7.79523
-7.60723
-7.40774
-7.19708
-6.97577
-6.74448
-6.50405
-6.25546
-5.9998
-5.73822
-5.47197
-5.20232
-4.93063
-4.65829
-4.38674
-4.11747
-3.85193
-3.59155
-3.33759
-3.09123
-2.85342
-2.62497
-2.40651
-2.1985
-2.00126
-1.81497
-1.63968
-1.47535
-1.32185
-1.17894
-1.04633
-0.923664
-0.810525
-0.706473
-0.611039
-0.523743
-0.444099
-0.371627
-0.305854
-0.246319
-0.192579
-0.144209
-0.100805
-0.0619847
-0.0273886
0.00332042
0.0304572
0.0543153
0.0751674
0.0932666
0.108847
0.122127
0.133304
0.142564
0.150075
0.155995
0.160466
0.163619
0.165573
0.166439
0.166316
0.165295
0.163459
0.160883
0.157635
0.153777
0.149364
0.144448
0.139072
0.133279
0.127104
0.12058
0.113738
0.106602
0.0991972
0.091544
0.0836625
0.0755665
0.0672774
0.0587958
0.0501612
0.0413289
0.032425
0.0232214
0.0142161
0.00440777
-9.27237
-9.21262
-9.14646
-9.07384
-8.99437
-8.90747
-8.8126
-8.70926
-8.59695
-8.47519
-8.34355
-8.20165
-8.04917
-7.88592
-7.71177
-7.52677
-7.33106
-7.12498
-6.909
-6.68374
-6.44996
-6.20854
-5.96043
-5.70665
-5.44827
-5.1864
-4.92224
-4.65704
-4.39215
-4.12898
-3.86894
-3.6134
-3.36364
-3.12081
-2.88586
-2.65963
-2.44279
-2.23584
-2.03917
-1.85301
-1.67748
-1.51258
-1.35822
-1.21422
-1.08034
-0.956253
-0.841584
-0.735925
-0.638836
-0.549863
-0.468542
-0.394412
-0.327018
-0.265911
-0.210657
-0.16084
-0.116059
-0.0759369
-0.0401157
-0.00825897
0.0199484
0.0448011
0.066574
0.0855226
0.101884
0.115879
0.12771
0.137566
0.145619
0.15203
0.156944
0.160497
0.162811
0.164
0.164166
0.163403
0.161798
0.159427
0.156361
0.152665
0.148395
0.143605
0.138341
0.132645
0.126557
0.120109
0.113332
0.106255
0.098901
0.0912924
0.08345
0.0753883
0.0671294
0.0586743
0.0500637
0.041252
0.0323688
0.0231806
0.0141981
0.00439465
-9.21304
-9.1511
-9.08283
-9.00825
-8.92699
-8.83852
-8.74237
-8.63809
-8.52524
-8.40338
-8.27213
-8.13112
-7.98008
-7.81881
-7.64722
-7.46531
-7.27327
-7.07141
-6.86019
-6.64022
-6.41223
-6.17704
-5.93553
-5.68858
-5.43712
-5.1821
-4.92455
-4.6656
-4.40649
-4.14854
-3.89312
-3.64155
-3.39508
-3.15484
-2.92181
-2.69687
-2.48072
-2.27397
-2.07704
-1.89025
-1.71382
-1.54783
-1.39223
-1.24688
-1.11156
-0.985963
-0.869745
-0.762508
-0.66383
-0.573271
-0.490385
-0.414724
-0.345842
-0.283302
-0.226676
-0.175552
-0.129535
-0.0882477
-0.0513338
-0.0184568
0.0106995
0.0364318
0.0590171
0.078714
0.0957627
0.110386
0.122792
0.133171
0.141699
0.148541
0.153844
0.157748
0.160378
0.16185
0.162271
0.161735
0.160332
0.158142
0.155237
0.151683
0.147539
0.14286
0.137694
0.132085
0.126073
0.119692
0.112974
0.105948
0.0986387
0.0910695
0.0832616
0.0752301
0.066998
0.0585663
0.049977
0.0411836
0.032319
0.0231443
0.0141826
0.00438345
-9.16534
-9.10062
-9.02967
-8.95246
-8.86869
-8.77789
-8.67964
-8.57356
-8.45925
-8.33636
-8.20456
-8.06356
-7.91313
-7.7531
-7.58343
-7.40414
-7.2154
-7.01751
-6.81092
-6.59622
-6.37408
-6.14529
-5.91062
-5.67088
-5.4268
-5.17915
-4.92872
-4.67644
-4.4234
-4.17082
-3.92003
-3.67234
-3.42899
-3.19112
-2.95977
-2.73587
-2.52028
-2.3137
-2.11663
-1.9294
-1.75223
-1.58521
-1.42837
-1.28159
-1.1447
-1.01744
-0.899486
-0.790483
-0.690032
-0.597716
-0.513107
-0.435773
-0.365279
-0.301197
-0.243105
-0.190595
-0.143272
-0.100763
-0.0627094
-0.0287736
0.00136319
0.0280003
0.0514182
0.071879
0.0896268
0.104889
0.117876
0.128783
0.13779
0.145064
0.150758
0.155014
0.15796
0.159716
0.16039
0.160081
0.15888
0.156869
0.154123
0.15071
0.146692
0.142123
0.137055
0.131531
0.125594
0.119279
0.112619
0.105644
0.0983786
0.090849
0.0830755
0.075074
0.0668682
0.0584594
0.0498909
0.0411151
0.0322681
0.0231064
0.014165
0.00437073
-9.12403
-9.05871
-8.98733
-8.9099
-8.82619
-8.73575
-8.6382
-8.53318
-8.42034
-8.29929
-8.16971
-8.03127
-7.8837
-7.7268
-7.56045
-7.38465
-7.19955
-7.00547
-6.8029
-6.59249
-6.375
-6.15122
-5.92192
-5.68776
-5.44928
-5.20701
-4.96155
-4.71367
-4.46435
-4.21476
-3.96616
-3.71982
-3.47698
-3.23884
-3.00656
-2.78121
-2.56378
-2.35505
-2.15566
-1.9662
-1.78702
-1.61817
-1.45959
-1.31114
-1.17262
-1.04375
-0.924211
-0.813641
-0.711651
-0.617832
-0.531765
-0.453021
-0.381174
-0.315798
-0.256477
-0.202807
-0.154396
-0.110872
-0.0718751
-0.037067
-0.00612641
0.0212493
0.045344
0.0664234
0.0847354
0.100511
0.113964
0.125293
0.134682
0.142301
0.148306
0.152841
0.156039
0.158019
0.158894
0.158765
0.157724
0.155856
0.153236
0.149936
0.146016
0.141536
0.136545
0.13109
0.125213
0.118951
0.112339
0.105405
0.0981741
0.0906752
0.0829282
0.07495
0.0667649
0.0583742
0.0498221
0.0410602
0.0322275
0.0230762
0.0141492
0.00436353
-9.09112
-9.0234
-8.94932
-8.86911
-8.78266
-8.68957
-8.5895
-8.48222
-8.36743
-8.24489
-8.11433
-7.97552
-7.82823
-7.67229
-7.50756
-7.33399
-7.15166
-6.96081
-6.7619
-6.5556
-6.34274
-6.12426
-5.901
-5.67361
-5.44245
-5.20767
-4.96939
-4.72796
-4.48412
-4.23894
-3.99374
-3.74988
-3.5087
-3.27153
-3.03967
-2.81443
-2.59718
-2.38903
-2.18996
-2.00016
-1.82018
-1.65027
-1.49043
-1.34055
-1.20047
-1.06996
-0.948762
-0.836547
-0.732958
-0.637602
-0.550063
-0.469916
-0.396735
-0.330097
-0.269588
-0.214801
-0.165347
-0.120848
-0.0809453
-0.0452965
-0.0135778
0.0145161
0.0392721
0.0609588
0.0798271
0.0961108
0.110027
0.121778
0.131549
0.139514
0.145831
0.150648
0.154098
0.156305
0.157384
0.157436
0.156557
0.154833
0.152342
0.149155
0.145336
0.140944
0.136031
0.130645
0.124829
0.11862
0.112053
0.105158
0.0979575
0.0904926
0.0827744
0.0748209
0.0666574
0.0582851
0.0497496
0.0410014
0.0321819
0.0230415
0.0141266
0.00435224
-9.05869
-8.9909
-8.91687
-8.83724
-8.75192
-8.66047
-8.56258
-8.458
-8.3464
-8.22744
-8.10076
-7.96596
-7.82267
-7.67051
-7.50921
-7.3386
-7.15875
-6.97001
-6.7731
-6.56901
-6.35898
-6.14424
-5.92571
-5.70384
-5.47851
-5.24922
-5.01545
-4.77706
-4.53456
-4.28908
-4.04218
-3.79559
-3.55103
-3.31007
-3.07414
-2.8445
-2.62217
-2.40819
-2.20455
-2.01204
-1.83017
-1.65878
-1.49775
-1.34689
-1.20597
-1.07475
-0.952938
-0.840204
-0.736178
-0.640457
-0.552613
-0.47221
-0.398812
-0.331988
-0.271316
-0.216387
-0.166805
-0.122191
-0.0821812
-0.0464327
-0.0146202
0.0135624
0.0384021
0.0601677
0.07911
0.0954627
0.109443
0.121253
0.131079
0.139094
0.145457
0.150315
0.153803
0.156045
0.157154
0.157233
0.156379
0.154677
0.152205
0.149036
0.145232
0.140854
0.135953
0.130578
0.124771
0.11857
0.11201
0.105124
0.0979487
0.0904815
0.082765
0.0748135
0.0666523
0.0582823
0.0497492
0.0410029
0.0321863
0.0230459
0.0141249
0.00438039
-14.1456
-14.2375
-14.3272
-14.5479
-14.8499
-15.3005
-15.8906
-16.617
-17.4353
-18.2856
-19.0929
-19.7804
-20.2744
-20.5183
-20.4771
-20.0864
-19.2489
-17.934
-16.2017
-14.1169
-11.7726
-9.28197
-6.77119
-4.36558
-2.17097
-0.261109
1.32325
2.57421
3.50797
4.1537
4.5504
4.74216
4.77348
4.68551
4.51403
4.28855
4.03228
3.76259
3.49187
3.22842
2.97743
2.74181
2.52285
2.3207
2.13483
1.96436
1.80838
1.66609
1.53667
1.41915
1.31241
1.21529
1.12669
1.04569
0.971523
0.903537
0.841186
0.783981
0.731479
0.683271
0.638981
0.598266
0.560806
0.526309
0.494507
0.465151
0.438014
0.412886
0.389573
0.367898
0.347698
0.328824
0.31114
0.294519
0.278848
0.264022
0.249945
0.23653
0.223699
0.21138
0.199507
0.188022
0.17687
0.166004
0.155379
0.144956
0.134699
0.124576
0.114558
0.104619
0.0947328
0.0848828
0.075039
0.0652043
0.0553183
0.0454543
0.0354162
0.0255539
0.0151277
0.0055516
-13.6097
-13.9214
-13.9992
-14.2391
-14.6254
-15.2373
-16.0714
-17.1031
-18.2575
-19.4399
-20.5485
-21.4885
-22.1749
-22.5287
-22.4758
-21.9833
-21.0991
-19.8541
-18.2303
-16.2611
-14.0113
-11.5768
-9.07703
-6.64105
-4.3815
-2.37657
-0.669397
0.72623
1.81889
2.63206
3.19905
3.5584
3.74969
3.81029
3.77334
3.66694
3.51404
3.33277
3.13698
2.93681
2.73925
2.54868
2.3674
2.1963
2.03552
1.885
1.74472
1.61464
1.4946
1.38425
1.28306
1.19031
1.10528
1.02725
0.955591
0.889742
0.829216
0.773572
0.722407
0.67535
0.632054
0.592199
0.555486
0.52164
0.490406
0.461547
0.434845
0.410099
0.387122
0.365743
0.345804
0.32716
0.309678
0.293236
0.277722
0.263035
0.24908
0.235773
0.223037
0.210802
0.199002
0.187582
0.176487
0.16567
0.155089
0.144704
0.134481
0.124388
0.114395
0.104478
0.0946119
0.0847791
0.0749505
0.0651289
0.0552552
0.0454014
0.0353723
0.0255224
0.0150796
0.00558464
-13.2595
-13.8546
-14.2682
-14.84
-15.6041
-16.549
-17.6126
-18.7313
-19.8384
-20.8786
-21.8066
-22.5832
-23.1696
-23.5199
-23.5731
-23.2752
-22.5733
-21.44
-19.8738
-17.906
-15.6012
-13.0632
-10.4358
-7.88482
-5.54089
-3.47226
-1.7064
-0.247584
0.91433
1.80201
2.44768
2.88818
3.16084
3.30046
3.33781
3.29903
3.20576
3.07555
2.92229
2.75678
2.58704
2.41873
2.25544
2.09916
1.95085
1.81094
1.67972
1.55741
1.44408
1.33954
1.24334
1.15492
1.07368
0.998999
0.93033
0.867161
0.809039
0.755553
0.706325
0.661005
0.619266
0.580807
0.545345
0.51262
0.482389
0.454428
0.428529
0.4045
0.382164
0.361357
0.341927
0.323737
0.306659
0.290577
0.275382
0.260978
0.247274
0.23419
0.221651
0.209589
0.197943
0.186657
0.175681
0.164969
0.15448
0.144176
0.134023
0.123992
0.114053
0.104184
0.0943589
0.0845623
0.0747658
0.0649719
0.0551237
0.0452911
0.035284
0.0254519
0.0150281
0.0055716
-13.7921
-14.4313
-14.9533
-15.6204
-16.4787
-17.4993
-18.6207
-19.7863
-20.9446
-22.0527
-23.0712
-23.9599
-24.6713
-25.1485
-25.3262
-25.1324
-24.5063
-23.4092
-21.8296
-19.7843
-17.3216
-14.537
-11.604
-8.78226
-6.27504
-4.13302
-2.33594
-0.861438
0.311702
1.21283
1.87831
2.34668
2.65479
2.83559
2.91735
2.9238
2.87452
2.78551
2.6697
2.53741
2.39662
2.2533
2.11156
1.97402
1.84218
1.7168
1.59834
1.48709
1.38321
1.28668
1.19726
1.11456
1.03818
0.967671
0.902619
0.842617
0.787282
0.736256
0.689204
0.645811
0.605782
0.568842
0.53473
0.503206
0.474044
0.447034
0.421983
0.398708
0.377043
0.356833
0.337935
0.320217
0.303559
0.287849
0.272985
0.258873
0.245429
0.232574
0.220238
0.208355
0.196867
0.18572
0.174866
0.164261
0.153866
0.143645
0.133564
0.123596
0.113713
0.103892
0.0941097
0.0843502
0.0745867
0.0648214
0.0549997
0.0451891
0.0352055
0.0253904
0.014991
0.00555412
-14.4687
-15.0378
-15.5723
-16.2685
-17.1402
-18.1672
-19.2951
-20.4741
-21.6594
-22.8128
-23.8988
-24.8784
-25.7029
-26.3097
-26.623
-26.5628
-26.0605
-25.068
-23.5592
-21.5297
-18.9994
-16.0343
-12.7942
-9.60143
-6.82915
-4.58675
-2.77337
-1.30946
-0.15326
0.735727
1.3999
1.87943
2.2099
2.42156
2.53961
2.58492
2.57471
2.52316
2.44191
2.34049
2.22657
2.10615
1.98374
1.86248
1.74444
1.63091
1.52272
1.42043
1.3244
1.23474
1.15132
1.07387
1.00206
0.935567
0.874044
0.817161
0.764596
0.716037
0.671186
0.629759
0.591488
0.556119
0.523412
0.493145
0.465108
0.439104
0.41495
0.392478
0.37153
0.351959
0.333631
0.316421
0.300214
0.284905
0.270397
0.256602
0.243438
0.230831
0.218714
0.207024
0.195706
0.18471
0.173988
0.163499
0.153206
0.143074
0.133072
0.123172
0.113349
0.103581
0.0938443
0.0841251
0.0743973
0.064663
0.0548703
0.0450834
0.0351266
0.0253276
0.0149629
0.00552643
-14.8909
-15.3709
-15.8477
-16.534
-17.3863
-18.3991
-19.5225
-20.7124
-21.9266
-23.1274
-24.2772
-25.333
-26.2414
-26.9361
-27.3381
-27.3722
-26.9787
-26.1122
-24.7399
-22.838
-20.3887
-17.4012
-13.9822
-10.4659
-7.38084
-4.97876
-3.12651
-1.6753
-0.548871
0.313618
0.964207
1.44474
1.78877
2.02332
2.17041
2.24817
2.27167
2.25343
2.20389
2.13176
2.04418
1.94697
1.84471
1.74083
1.6378
1.5373
1.44053
1.34827
1.26104
1.17905
1.1023
1.03064
0.963887
0.901794
0.844125
0.790631
0.741056
0.695142
0.652634
0.613288
0.576865
0.543139
0.511896
0.482931
0.456054
0.431083
0.407851
0.386199
0.365981
0.347059
0.329309
0.312613
0.296862
0.281959
0.26781
0.254333
0.24145
0.229092
0.217195
0.205699
0.194552
0.183706
0.173116
0.162744
0.152552
0.14251
0.132586
0.122754
0.112991
0.103275
0.0935844
0.0839053
0.0742133
0.06451
0.0547463
0.0449829
0.0350535
0.025269
0.0149424
0.00549396
-14.8785
-15.3404
-15.7442
-16.4118
-17.2395
-18.2371
-19.3563
-20.5552
-21.7909
-23.0229
-24.2097
-25.3047
-26.2523
-26.987
-27.4364
-27.5341
-27.225
-26.4656
-25.2231
-23.4676
-21.1656
-18.2898
-14.8858
-11.2508
-7.95691
-5.38486
-3.46504
-2.01581
-0.916504
-0.0790055
0.55925
1.0411
1.39757
1.65256
1.82532
1.93174
1.98514
1.99672
1.97591
1.93065
1.86761
1.79234
1.70934
1.62219
1.53363
1.44567
1.35983
1.27717
1.19834
1.12371
1.0534
0.987376
0.925552
0.867794
0.813944
0.763821
0.717231
0.673964
0.633809
0.596555
0.561996
0.529931
0.500168
0.472525
0.446825
0.422905
0.40061
0.379793
0.360318
0.34206
0.324899
0.308727
0.293442
0.278952
0.26517
0.252018
0.239423
0.227319
0.215646
0.204349
0.193376
0.182684
0.172229
0.161975
0.151887
0.141935
0.132091
0.122329
0.112627
0.102964
0.0933208
0.0836827
0.0740271
0.0643554
0.0546214
0.0448819
0.0349808
0.0252097
0.0149243
0.00545623
-14.5112
-14.92
-15.3199
-15.9774
-16.7994
-17.7944
-18.9174
-20.1266
-21.3781
-22.6289
-23.8348
-24.9473
-25.9112
-26.6645
-27.1418
-27.2837
-27.0377
-26.3619
-25.2202
-23.5749
-21.3813
-18.5983
-15.2679
-11.6958
-8.40617
-5.76158
-3.79254
-2.35089
-1.27561
-0.455148
0.177804
0.664986
1.03491
1.30906
1.5047
1.6362
1.71568
1.75334
1.75786
1.73661
1.69581
1.64076
1.57586
1.50469
1.43013
1.35446
1.27939
1.2062
1.13572
1.06842
1.00453
0.944139
0.887256
0.833843
0.783823
0.737084
0.693487
0.652874
0.615075
0.579915
0.547219
0.516813
0.488527
0.4622
0.437674
0.414799
0.393435
0.373448
0.354713
0.337112
0.320536
0.304884
0.290061
0.275981
0.262562
0.249732
0.237421
0.225569
0.214118
0.203016
0.192216
0.181675
0.171354
0.161217
0.151232
0.14137
0.131604
0.121912
0.11227
0.10266
0.0930621
0.0834645
0.0738449
0.0642044
0.0544997
0.0447836
0.0349106
0.0251519
0.0149087
0.00541585
-14.0153
-14.2569
-14.6981
-15.3437
-16.1775
-17.1855
-18.3233
-19.5475
-20.8128
-22.0743
-23.2865
-24.4009
-25.3643
-26.1192
-26.6075
-26.7743
-26.5702
-25.9528
-24.8816
-23.3107
-21.1861
-18.4636
-15.2149
-11.7828
-8.61975
-6.02155
-4.08167
-2.67641
-1.62488
-0.813122
-0.178239
0.318276
0.702718
0.995008
1.21125
1.36486
1.46713
1.5276
1.55438
1.55438
1.53349
1.49676
1.44844
1.39211
1.33072
1.26666
1.20184
1.13769
1.07517
1.01486
0.95712
0.90213
0.850001
0.800781
0.754465
0.711005
0.670314
0.63228
0.596773
0.563653
0.532772
0.503983
0.477139
0.452098
0.428718
0.406865
0.386412
0.367237
0.349225
0.332267
0.316264
0.301121
0.286751
0.273071
0.260009
0.247493
0.235462
0.223856
0.212623
0.201713
0.191082
0.180689
0.170498
0.160476
0.150591
0.140817
0.131129
0.121504
0.11192
0.102362
0.0928098
0.0832518
0.0736673
0.0640573
0.0543814
0.0446881
0.0348428
0.0250955
0.0148947
0.00537406
-13.4339
-13.4781
-13.947
-14.5881
-15.4534
-16.4947
-17.6608
-18.9063
-20.1848
-21.4509
-22.6599
-23.7648
-24.7158
-25.4603
-25.9458
-26.1203
-25.9365
-25.3499
-24.314
-22.7758
-20.6766
-17.9896
-14.8513
-11.6154
-8.62393
-6.15737
-4.32722
-2.98333
-1.95398
-1.14538
-0.504616
0.00283899
0.401514
0.710395
0.944897
1.11782
1.23989
1.32018
1.36636
1.385
1.38173
1.36136
1.32804
1.28529
1.23607
1.18286
1.12767
1.07204
1.01704
0.963384
0.911498
0.861672
0.8141
0.768907
0.726155
0.685852
0.647962
0.612416
0.579121
0.547968
0.518839
0.491611
0.466159
0.442358
0.420084
0.399218
0.379643
0.361251
0.343936
0.3276
0.312149
0.297497
0.283562
0.27027
0.25755
0.245338
0.233576
0.222207
0.211183
0.200458
0.18999
0.179741
0.169676
0.159763
0.149976
0.140286
0.130672
0.121112
0.111585
0.102076
0.0925678
0.0830478
0.0734972
0.0639166
0.0542683
0.0445969
0.0347783
0.0250415
0.0148822
0.00533229
-13.1039
-12.8899
-13.2367
-13.8321
-14.7159
-15.7924
-16.9906
-18.2582
-19.547
-20.812
-22.01
-23.0968
-24.0262
-24.7504
-25.2202
-25.386
-25.2007
-24.6164
-23.5808
-22.0359
-19.9292
-17.2824
-14.2999
-11.2736
-8.48275
-6.22731
-4.54451
-3.26251
-2.25193
-1.44496
-0.798122
-0.280538
0.130874
0.454362
0.704789
0.894467
1.0337
1.13117
1.19424
1.22919
1.24142
1.23559
1.21572
1.18526
1.14718
1.10397
1.05769
1.00998
0.962008
0.914561
0.868169
0.823202
0.779932
0.73855
0.699177
0.661874
0.626648
0.59347
0.562281
0.533004
0.505546
0.479807
0.455683
0.433065
0.411846
0.391921
0.373185
0.35554
0.338891
0.323147
0.308223
0.29404
0.280521
0.267598
0.255205
0.243284
0.231777
0.220636
0.209812
0.199263
0.18895
0.178837
0.168892
0.159085
0.149389
0.139781
0.130237
0.120739
0.111266
0.101805
0.0923377
0.082854
0.0733358
0.063783
0.0541611
0.0445105
0.0347175
0.0249903
0.0148712
0.00529144
-12.6093
-12.3106
-12.5244
-13.0903
-13.9906
-15.1013
-16.3325
-17.6223
-18.9196
-20.1799
-21.3621
-22.4249
-23.3263
-24.0218
-24.4639
-24.6047
-24.3956
-23.785
-22.7165
-21.134
-19.0146
-16.4496
-13.6473
-10.8247
-8.29684
-6.28934
-4.73728
-3.50527
-2.51227
-1.70879
-1.0582
-0.532701
-0.110678
0.225262
0.489372
0.69349
0.847535
0.959874
1.0376
1.08678
1.11263
1.11965
1.11177
1.09237
1.06437
1.03028
0.992189
0.951776
0.910288
0.868599
0.827317
0.786889
0.747648
0.709847
0.673656
0.639182
0.606472
0.575534
0.546339
0.518837
0.492961
0.468633
0.445766
0.42427
0.404051
0.385017
0.367075
0.350138
0.334119
0.318936
0.304511
0.290771
0.277646
0.265073
0.25299
0.241342
0.230078
0.219151
0.208516
0.198134
0.187967
0.177984
0.168152
0.158445
0.148836
0.139304
0.129827
0.120387
0.110966
0.101549
0.092121
0.0826717
0.0731839
0.0636575
0.0540605
0.0444294
0.0346607
0.0249422
0.0148617
0.00525224
-12.8703
-12.1502
-12.0517
-12.49
-13.3527
-14.4685
-15.7161
-17.0183
-18.3176
-19.5682
-20.7298
-21.7638
-22.6312
-23.2891
-23.6911
-23.7895
-23.5341
-22.8705
-21.744
-20.1165
-18.017
-15.5731
-12.9441
-10.374
-8.15337
-6.35422
-4.89752
-3.70796
-2.73444
-1.93778
-1.2865
-0.75565
-0.325245
0.0210497
0.296774
0.51326
0.680056
0.805246
0.895695
0.957282
0.995068
1.01344
1.01621
1.00669
0.987779
0.96195
0.931311
0.89757
0.86203
0.825638
0.789075
0.752849
0.717354
0.68289
0.649672
0.617846
0.587496
0.55866
0.531339
0.505507
0.481121
0.45812
0.436437
0.415996
0.396719
0.378524
0.36133
0.34506
0.329634
0.314979
0.301023
0.2877
0.274945
0.2627
0.250909
0.239519
0.228483
0.217757
0.2073
0.197074
0.187046
0.177183
0.167458
0.157844
0.148318
0.138857
0.129443
0.120057
0.110684
0.101309
0.0919182
0.082501
0.0730418
0.0635402
0.0539666
0.0443538
0.0346079
0.0248975
0.0148534
0.00521518
-12.0401
-11.6065
-11.3778
-11.7831
-12.669
-13.8361
-15.1275
-16.455
-17.7592
-18.9957
-20.1288
-21.1261
-21.9498
-22.5569
-22.9029
-22.9395
-22.6162
-21.8811
-20.6913
-19.0443
-17.0086
-14.6987
-12.2857
-10.022
-8.05979
-6.40443
-5.02199
-3.87361
-2.92212
-2.13525
-1.48594
-0.952031
-0.515296
-0.160568
0.124909
0.351936
0.529688
0.665979
0.767472
0.839883
0.888138
0.916512
0.928729
0.928038
0.917275
0.8989
0.875014
0.847342
0.817232
0.78569
0.753459
0.721106
0.689073
0.657701
0.627245
0.597886
0.569737
0.542865
0.517296
0.493027
0.470035
0.448278
0.427704
0.408253
0.389857
0.372449
0.355956
0.340309
0.325439
0.311278
0.297762
0.28483
0.272422
0.260484
0.248965
0.237816
0.226993
0.216456
0.206164
0.196085
0.186186
0.176436
0.166811
0.157284
0.147834
0.13844
0.129085
0.11975
0.110422
0.101086
0.0917295
0.0823423
0.0729098
0.0634313
0.0538795
0.0442838
0.0345592
0.0248561
0.0148464
0.00518061
-13.2422
-11.5466
-11.2274
-11.6287
-12.4381
-13.539
-14.7683
-16.0389
-17.2928
-18.4844
-19.5711
-20.5146
-21.2756
-21.8133
-22.0832
-22.0382
-21.6307
-20.8199
-19.5912
-17.975
-16.0451
-13.9148
-11.7683
-9.7674
-7.98078
-6.43181
-5.11592
-4.00827
-3.08007
-2.30483
-1.65945
-1.12436
-0.683082
-0.321632
-0.0280551
0.2079
0.395036
0.540902
0.651973
0.733815
0.791234
0.828408
0.848977
0.856127
0.852645
0.840961
0.823162
0.800984
0.775808
0.748687
0.720419
0.691619
0.662771
0.634253
0.606353
0.579279
0.553174
0.528128
0.50419
0.481379
0.459687
0.439091
0.419553
0.401025
0.383454
0.36678
0.350941
0.335878
0.321526
0.307827
0.294721
0.282153
0.270069
0.258418
0.247153
0.236229
0.225605
0.215243
0.205107
0.195164
0.185385
0.175741
0.166208
0.156763
0.147384
0.138053
0.128752
0.119465
0.110178
0.100879
0.0915541
0.0821949
0.0727873
0.0633303
0.0537988
0.0442189
0.0345142
0.0248179
0.0148403
0.00514864
)
;

boundaryField
{
    outlet
    {
        type            fixedValue;
        value           uniform 0;
    }
    inlet
    {
        type            zeroGradient;
    }
    lowerWall
    {
        type            zeroGradient;
    }
    upperWall
    {
        type            zeroGradient;
    }
    frontAndBack
    {
        type            empty;
    }
}


// ************************************************************************* //
