/*--------------------------------*- C++ -*----------------------------------*\
  =========                 |
  \\      /  F ield         | OpenFOAM: The Open Source CFD Toolbox
   \\    /   O peration     | Website:  https://openfoam.org
    \\  /    A nd           | Version:  10
     \\/     M anipulation  |
\*---------------------------------------------------------------------------*/
FoamFile
{
    format      ascii;
    class       volScalarField;
    location    "0.01";
    object      k;
}
// * * * * * * * * * * * * * * * * * * * * * * * * * * * * * * * * * * * * * //

dimensions      [0 2 -2 0 0 0 0];

internalField   nonuniform List<scalar> 
6820
(
0.198351
0.194852
0.191325
0.187816
0.184387
0.181085
0.177949
0.175019
0.172349
0.170018
0.168134
0.166754
0.165736
0.164766
0.163855
0.163372
0.164198
0.167719
0.175306
0.187579
0.203837
0.221994
0.239077
0.25209
0.258861
0.25855
0.251685
0.239896
0.225345
0.210325
0.196635
0.185408
0.179729
0.200922
0.20086
0.200355
0.199791
0.199177
0.198493
0.197719
0.196831
0.195802
0.194601
0.193206
0.191599
0.189771
0.187735
0.185551
0.183269
0.180902
0.178538
0.176279
0.174183
0.172197
0.170136
0.167722
0.164678
0.160833
0.156188
0.151091
0.145731
0.140421
0.13511
0.130291
0.125261
0.12081
0.236819
0.0163525
6.67873e-05
0.00741728
0.00731278
0.00737124
0.00845345
0.0096738
0.0108572
0.0118708
0.0126048
0.0130008
0.0130437
0.0127605
0.0122481
0.0116038
0.0109213
0.0102195
0.00948712
0.00870377
0.00786066
0.00696062
0.00598503
0.00487614
0.0036868
0.000122545
0.0156223
0.021355
0.0215837
0.0103359
0.0142129
0.0078845
0.0150236
0.210858
0.147483
0.103907
0.0782837
0.0625072
0.0518598
0.0440347
0.0379065
0.0328842
0.028623
0.0248982
0.0215514
0.0184536
0.0154942
0.012631
0.00990674
0.00739997
0.00519378
0.00336068
0.0019514
0.000993359
0.000500812
0.000470386
0.000867881
0.00169759
0.00303658
0.00493574
0.00741909
0.0104138
0.0139459
0.017934
0.0227281
0.0285545
0.222672
0.0865773
0.0249955
0.00644042
0.00193319
0.00109672
0.00105848
0.00114353
0.0012186
0.00126663
0.00128883
0.00128921
0.00128237
0.00129427
0.00133659
0.00141379
0.00150935
0.00160242
0.00181223
0.00270127
0.00554052
0.0121233
0.0238721
0.0407007
0.0606223
0.0805164
0.0974575
0.109749
0.117255
0.121095
0.123066
0.124951
0.12806
0.214342
0.128395
0.0761424
0.0531454
0.0434512
0.0389049
0.0361679
0.033952
0.0318991
0.03001
0.0284124
0.0272505
0.026626
0.0266131
0.0271825
0.0282651
0.030063
0.0332741
0.0390033
0.0483193
0.0616376
0.0782737
0.096439
0.113705
0.127721
0.136879
0.140697
0.139846
0.135854
0.130638
0.126045
0.123453
0.123572
0.211622
0.142123
0.0958311
0.0733581
0.0637093
0.060078
0.0593245
0.059994
0.0613996
0.0632513
0.0654121
0.0678102
0.0703946
0.0730643
0.0756424
0.0779254
0.0798606
0.0817651
0.0843977
0.088748
0.09558
0.104955
0.116001
0.127087
0.136318
0.142164
0.143936
0.141958
0.137411
0.131946
0.127238
0.124596
0.124696
0.20558
0.17297
0.146483
0.126253
0.112762
0.104758
0.100448
0.0984584
0.0978268
0.098012
0.0987233
0.0998815
0.101426
0.103106
0.104406
0.104711
0.103702
0.101751
0.100017
0.10007
0.10321
0.109814
0.119064
0.129164
0.137951
0.143622
0.145279
0.143137
0.138353
0.132608
0.127632
0.12478
0.124748
0.206346
0.169257
0.145148
0.131322
0.122598
0.116865
0.11309
0.110683
0.109229
0.108446
0.10826
0.108722
0.109773
0.111028
0.111751
0.111146
0.108873
0.105484
0.10244
0.101587
0.10435
0.111044
0.120647
0.13112
0.140103
0.145698
0.14702
0.144367
0.139012
0.132744
0.127366
0.124273
0.124155
0.20763
0.163078
0.137765
0.125234
0.118057
0.113411
0.110257
0.108128
0.106735
0.105941
0.10579
0.106368
0.107571
0.108897
0.109496
0.108555
0.105882
0.102296
0.099507
0.09946
0.103468
0.111569
0.122413
0.133699
0.14295
0.148297
0.148999
0.145543
0.13938
0.132433
0.126578
0.123231
0.123062
0.209305
0.154786
0.126579
0.114095
0.107981
0.104601
0.102625
0.101505
0.101
0.101055
0.101757
0.103185
0.105159
0.107068
0.107987
0.107149
0.104537
0.101204
0.0990308
0.0999748
0.105184
0.114421
0.126061
0.137625
0.146602
0.151227
0.150941
0.14643
0.139312
0.131618
0.125276
0.121705
0.12154
0.211014
0.145962
0.115576
0.103436
0.0983456
0.0961575
0.0954137
0.0955277
0.0962606
0.0975668
0.0995222
0.10216
0.105206
0.107922
0.109302
0.10861
0.105993
0.102738
0.100906
0.102489
0.108497
0.118447
0.130471
0.141943
0.150348
0.154033
0.152617
0.146971
0.13886
0.130413
0.123596
0.119827
0.119703
0.212268
0.138878
0.107469
0.0962028
0.0924732
0.0918058
0.0926508
0.0943695
0.096669
0.0994694
0.102827
0.106736
0.110838
0.114278
0.115956
0.115139
0.11211
0.108375
0.1062
0.10766
0.113696
0.12365
0.135467
0.146407
0.153946
0.156525
0.153903
0.147102
0.138006
0.128824
0.12156
0.117626
0.117584
0.212531
0.136294
0.105392
0.095453
0.0932476
0.0941231
0.0964487
0.0995308
0.103031
0.106853
0.111064
0.115662
0.120253
0.123897
0.125402
0.12402
0.120145
0.115495
0.112551
0.11349
0.119203
0.128876
0.140275
0.150548
0.157156
0.158609
0.154789
0.146847
0.136783
0.126883
0.119192
0.115125
0.115208
0.211526
0.140058
0.111006
0.102266
0.101136
0.102998
0.106175
0.109934
0.113912
0.118025
0.12238
0.127019
0.131542
0.134943
0.135937
0.133737
0.128817
0.123081
0.119198
0.119442
0.12466
0.133895
0.144754
0.154279
0.159914
0.160229
0.155215
0.146143
0.135126
0.124533
0.116453
0.112301
0.112568
0.209493
0.149551
0.123362
0.115277
0.11435
0.116271
0.119385
0.122943
0.126586
0.130257
0.134117
0.138259
0.14229
0.14514
0.14543
0.142328
0.136372
0.129626
0.124922
0.124593
0.129421
0.138294
0.148664
0.157475
0.16216
0.161351
0.15515
0.144956
0.133
0.12174
0.113314
0.109136
0.109655
0.207086
0.161704
0.139076
0.131172
0.129668
0.130857
0.133198
0.135958
0.138785
0.141645
0.144741
0.148205
0.151637
0.153899
0.153514
0.1496
0.142749
0.135161
0.129799
0.129038
0.133575
0.142147
0.152059
0.160168
0.163899
0.161952
0.154546
0.143216
0.130321
0.118416
0.109691
0.105555
0.106409
0.204917
0.173148
0.154475
0.146728
0.144366
0.144494
0.145774
0.147515
0.149375
0.151332
0.153617
0.156385
0.159224
0.16093
0.159938
0.155325
0.147733
0.139491
0.133671
0.132658
0.137049
0.145422
0.154932
0.162355
0.165115
0.161989
0.153327
0.14082
0.126973
0.114449
0.105487
0.10149
0.102791
0.203266
0.182086
0.167345
0.160039
0.15697
0.156097
0.156351
0.15712
0.158079
0.159217
0.160785
0.162953
0.165296
0.166547
0.165061
0.159879
0.151698
0.142958
0.136826
0.135681
0.140011
0.148229
0.157344
0.164049
0.165779
0.161402
0.151418
0.137698
0.122907
0.109823
0.100729
0.0969977
0.0988815
0.202125
0.18834
0.177118
0.170556
0.167103
0.165477
0.164898
0.164855
0.165057
0.165507
0.166474
0.168143
0.170073
0.170945
0.169048
0.163397
0.154744
0.145636
0.139316
0.138144
0.142485
0.150588
0.159314
0.165284
0.16595
0.160291
0.148977
0.13407
0.118403
0.104858
0.0957477
0.092397
0.0949633
0.201375
0.192476
0.184146
0.17849
0.174956
0.172848
0.171655
0.170983
0.170585
0.170484
0.170968
0.172237
0.173839
0.174411
0.172183
0.166154
0.157127
0.147746
0.141316
0.14017
0.144555
0.15256
0.160914
0.166174
0.165823
0.158953
0.146407
0.130431
0.114008
0.100111
0.0910687
0.0881474
0.0914085
0.20089
0.195148
0.189058
0.184319
0.180911
0.178545
0.176935
0.175797
0.174935
0.1744
0.174497
0.175442
0.176776
0.177101
0.174602
0.168267
0.158949
0.149372
0.142891
0.141805
0.146251
0.154177
0.162201
0.166831
0.165584
0.157662
0.14406
0.127185
0.110151
0.0959989
0.087064
0.0845581
0.0884542
0.200578
0.196865
0.19244
0.188533
0.185362
0.182896
0.18102
0.179549
0.178338
0.177465
0.177257
0.177941
0.179058
0.179184
0.176472
0.169902
0.160367
0.150651
0.144147
0.143121
0.147618
0.155471
0.163205
0.167294
0.165291
0.156493
0.142029
0.124438
0.106934
0.0926143
0.0838116
0.0816884
0.086142
0.200376
0.197969
0.194748
0.191542
0.188645
0.186177
0.18414
0.182434
0.180959
0.179821
0.179365
0.179833
0.180765
0.180725
0.177843
0.171093
0.161388
0.151558
0.145032
0.14406
0.148607
0.156408
0.16391
0.167562
0.164953
0.155466
0.140338
0.122212
0.104382
0.08998
0.0813343
0.0795659
0.08451
0.200247
0.198678
0.196308
0.193658
0.191025
0.188604
0.186478
0.184607
0.182937
0.181598
0.180947
0.181234
0.182009
0.181825
0.178788
0.171855
0.16197
0.152023
0.145481
0.14457
0.149184
0.156967
0.164301
0.167625
0.164563
0.154572
0.138978
0.120506
0.102505
0.0881283
0.0796957
0.0782903
0.0836957
0.200165
0.199129
0.197343
0.195113
0.192705
0.190343
0.188162
0.18617
0.184339
0.182818
0.181975
0.182065
0.182643
0.182256
0.179006
0.171869
0.161835
0.151846
0.145377
0.144607
0.149348
0.157166
0.164399
0.167491
0.164111
0.153787
0.137923
0.119304
0.101311
0.0871032
0.0789812
0.0779875
0.0838574
0.200115
0.199403
0.197997
0.19606
0.193816
0.191495
0.189259
0.187146
0.185139
0.183403
0.182341
0.182235
0.182642
0.1821
0.178719
0.171502
0.161468
0.151561
0.145223
0.144579
0.14939
0.157186
0.164299
0.167193
0.163592
0.153088
0.137142
0.118575
0.100777
0.0868925
0.0791903
0.0786665
0.0850085
0.200088
0.199557
0.198381
0.196631
0.194479
0.192123
0.189733
0.187382
0.185114
0.183138
0.181874
0.181605
0.181878
0.181232
0.177799
0.170614
0.160705
0.150985
0.144831
0.144319
0.149178
0.15693
0.163923
0.166667
0.162948
0.152417
0.136575
0.118253
0.100826
0.0874033
0.0802117
0.0801969
0.087001
0.200078
0.199614
0.198522
0.196818
0.194637
0.192185
0.189659
0.187164
0.184779
0.182727
0.181416
0.181108
0.181341
0.180685
0.177329
0.170323
0.160646
0.151107
0.145011
0.144417
0.149086
0.156594
0.16335
0.165924
0.162156
0.151735
0.136169
0.118268
0.101364
0.0885156
0.081899
0.082408
0.0896447
0.200081
0.199612
0.198518
0.196772
0.194476
0.191838
0.18908
0.186349
0.183755
0.181537
0.180094
0.179665
0.179786
0.179066
0.175758
0.168942
0.159552
0.15029
0.144366
0.143796
0.14836
0.155691
0.162278
0.164772
0.161079
0.150921
0.1358
0.118478
0.102225
0.090037
0.0840348
0.0850629
0.0926903
0.200102
0.199514
0.198232
0.196257
0.193745
0.190961
0.188157
0.185471
0.182991
0.180911
0.179567
0.179147
0.179208
0.178477
0.175346
0.16893
0.16001
0.151049
0.14509
0.144151
0.148146
0.154892
0.161034
0.163327
0.159722
0.149928
0.135387
0.118775
0.103274
0.0918052
0.0864327
0.0879574
0.095924
0.200123
0.199414
0.197909
0.195582
0.192602
0.189309
0.186029
0.182948
0.180179
0.177904
0.176411
0.175839
0.17575
0.174944
0.17191
0.165808
0.157344
0.148829
0.143161
0.142297
0.146189
0.152757
0.158779
0.161126
0.157821
0.148579
0.134784
0.119018
0.104365
0.0936672
0.088936
0.0909368
0.0992018
0.200206
0.198999
0.196501
0.192924
0.188782
0.18464
0.180888
0.177678
0.175033
0.173013
0.171766
0.171345
0.171365
0.170837
0.168488
0.163522
0.156393
0.148964
0.143761
0.142655
0.145808
0.151497
0.156835
0.158907
0.155797
0.147153
0.134216
0.119407
0.105678
0.0957946
0.0917251
0.0942192
0.102811
0.20031
0.198466
0.194532
0.189093
0.183156
0.177603
0.172921
0.169216
0.166408
0.164422
0.163265
0.162884
0.162889
0.162403
0.160309
0.155912
0.149623
0.143133
0.138751
0.138205
0.141656
0.147506
0.153054
0.155546
0.153145
0.145469
0.13365
0.119981
0.107309
0.0983317
0.0949918
0.098029
0.106986
0.200835
0.19577
0.187037
0.177698
0.169688
0.163604
0.158825
0.154899
0.151829
0.149552
0.147962
0.146866
0.145887
0.144435
0.141881
0.137928
0.132989
0.12828
0.125422
0.125648
0.129056
0.134391
0.13948
0.142048
0.140512
0.134471
0.12482
0.113509
0.10302
0.0957326
0.0933618
0.0965322
0.104802
0.202841
0.185408
0.160049
0.135327
0.114414
0.0976447
0.0840289
0.0730771
0.0646099
0.0582364
0.0534625
0.0498143
0.0467654
0.0438004
0.0407332
0.0377198
0.0352692
0.0341351
0.0350735
0.0385306
0.0443767
0.0518168
0.0595606
0.0662014
0.0706267
0.0723099
0.0714416
0.0688683
0.0658355
0.0636337
0.0632301
0.0650216
0.0687831
0.20781
0.160807
0.121283
0.0964573
0.0816047
0.0723959
0.0663578
0.0621786
0.0591547
0.0568906
0.0551194
0.0536281
0.0522425
0.0508773
0.0496077
0.0486519
0.048257
0.0485256
0.0492847
0.0500994
0.050445
0.0499334
0.0484512
0.0461426
0.0432868
0.040179
0.0370823
0.0342427
0.0319077
0.0302997
0.0295403
0.0296074
0.030257
0.240204
0.000655749
0.00102674
0.000150616
0.005192
0.0016098
0.000381294
0.00137866
0.00115376
0.000834203
0.00107586
0.00146191
0.00184703
0.00228558
0.00278585
0.00333704
0.00393968
0.00460134
0.00533497
0.00615726
0.00708087
0.00810426
0.00920552
0.0103451
0.0114798
0.0125751
0.0136098
0.014577
0.0154819
0.0163377
0.0171617
0.0179726
0.0187838
0.200088
0.199982
0.199855
0.199764
0.199713
0.199702
0.199727
0.199788
0.199883
0.200013
0.200179
0.20038
0.200612
0.200866
0.201132
0.201405
0.201698
0.20205
0.202524
0.203184
0.204073
0.205185
0.206457
0.207771
0.208982
0.209957
0.210608
0.210915
0.210924
0.210734
0.210461
0.210218
0.210053
0.199874
0.199542
0.199165
0.198754
0.198318
0.19786
0.197382
0.196883
0.196363
0.195825
0.195273
0.194706
0.194108
0.193441
0.192677
0.191853
0.191125
0.190788
0.191216
0.19273
0.195457
0.199244
0.203672
0.208123
0.211796
0.213889
0.213983
0.212172
0.208966
0.205086
0.201232
0.197934
0.195421
0.173723
0.168182
0.165117
0.16447
0.165825
0.159965
0.130794
0.088067
0.0796979
0.123074
0.175157
0.2004
0.20339
0.200501
0.198788
0.198214
0.197778
0.197257
0.196762
0.196363
0.196041
0.195759
0.195508
0.195308
0.195193
0.195178
0.195254
0.195392
0.195552
0.195708
0.195835
0.195915
0.195934
0.195884
0.195765
0.195586
0.195358
0.195093
0.194796
0.194465
0.194097
0.193686
0.193228
0.192718
0.192148
0.19151
0.190794
0.189986
0.189071
0.18803
0.186842
0.185478
0.183903
0.182074
0.179934
0.177413
0.174419
0.170837
0.16652
0.161287
0.154922
0.147183
0.137819
0.126622
0.113504
0.0985991
0.0823739
0.0656642
0.0495796
0.0352517
0.0235206
0.0147184
0.00866137
0.00482285
0.00256635
0.00132355
0.000674048
0.00034693
0.000185146
0.000104656
6.33501e-05
4.15567e-05
3.04347e-05
2.54777e-05
2.38427e-05
2.36413e-05
2.37211e-05
2.3589e-05
2.3265e-05
2.29257e-05
2.26186e-05
2.22784e-05
2.18866e-05
2.14791e-05
2.13049e-05
2.06025e-05
2.25355e-05
1.51488e-05
4.21509e-05
0.00147223
0.112478
0.101763
0.0933956
0.0875113
0.0802608
0.0661481
0.0514374
0.0617955
0.109607
0.164252
0.194334
0.200742
0.198995
0.197661
0.197472
0.197384
0.19707
0.196667
0.196305
0.196015
0.195777
0.195562
0.195362
0.195194
0.195088
0.195065
0.195125
0.195249
0.195407
0.195568
0.195712
0.195819
0.195875
0.195867
0.19579
0.195644
0.195438
0.195184
0.19489
0.194562
0.194196
0.19379
0.193337
0.192835
0.192278
0.191662
0.190979
0.19022
0.189372
0.188423
0.187354
0.186144
0.184766
0.183185
0.181355
0.17922
0.176702
0.173706
0.170106
0.165742
0.160417
0.153898
0.145925
0.136242
0.124654
0.11112
0.0958603
0.0794495
0.0628141
0.0470837
0.0333155
0.0222078
0.0139518
0.00828173
0.00466288
0.00250031
0.00128037
0.000625819
0.000290504
0.000124982
4.48163e-05
1.0123e-05
2.3244e-06
4.43527e-06
5.20959e-06
4.01774e-06
3.12474e-06
2.58214e-06
1.8489e-06
1.29943e-06
1.28004e-06
1.52712e-06
1.721e-06
1.80805e-06
1.84097e-06
1.90598e-06
1.86661e-06
3.34562e-07
6.72061e-05
0.00143319
0.00757509
0.00116279
0.00315601
0.00845562
0.0171795
0.0346768
0.0691306
0.119839
0.16723
0.192605
0.19804
0.196487
0.195607
0.196006
0.196458
0.196518
0.196336
0.196095
0.195872
0.195684
0.195523
0.195372
0.195221
0.195086
0.194993
0.194964
0.195004
0.195105
0.195248
0.195407
0.195558
0.195684
0.195769
0.195799
0.195763
0.195657
0.195483
0.195249
0.194966
0.194643
0.194283
0.193883
0.193438
0.192942
0.192392
0.191784
0.191113
0.190372
0.189555
0.188652
0.187653
0.186546
0.185318
0.183951
0.182425
0.180716
0.178794
0.176622
0.174153
0.171328
0.168072
0.164289
0.159863
0.154647
0.14847
0.14114
0.132462
0.122277
0.110514
0.0972657
0.082865
0.0679217
0.0532744
0.0398346
0.028364
0.0192834
0.0126038
0.00800874
0.0050192
0.00314396
0.00197147
0.00121372
0.000710629
0.000389235
0.000204401
0.00011058
6.72809e-05
4.73627e-05
3.65743e-05
2.9001e-05
2.28413e-05
1.78044e-05
1.39036e-05
1.10601e-05
9.08863e-06
7.73075e-06
7.15526e-06
6.565e-07
2.6244e-05
0.00143346
0.0372239
0.0495865
0.0659722
0.0855591
0.108801
0.1364
0.165168
0.186971
0.195902
0.195431
0.193229
0.193008
0.194096
0.195091
0.19557
0.195701
0.195678
0.195595
0.195491
0.195391
0.195298
0.195204
0.1951
0.194995
0.194915
0.194883
0.194906
0.194981
0.195097
0.195239
0.195389
0.195525
0.195631
0.195693
0.195698
0.195637
0.195504
0.195302
0.19504
0.194728
0.194374
0.19398
0.193544
0.193059
0.19252
0.191923
0.191261
0.190532
0.189728
0.188843
0.187867
0.186793
0.18561
0.184307
0.182873
0.181295
0.179559
0.177651
0.175554
0.173251
0.170723
0.167951
0.164913
0.161586
0.157944
0.153961
0.149607
0.144855
0.139675
0.13404
0.127924
0.121314
0.114206
0.106611
0.0985514
0.0900718
0.0812195
0.072017
0.0625189
0.0528971
0.0433422
0.0339219
0.0248384
0.0168072
0.0107105
0.00682327
0.00468216
0.00356506
0.00290371
0.00239606
0.00194345
0.00154746
0.00123002
0.000994728
0.000824696
0.000692037
0.000564134
0.000484664
7.86049e-05
0.00145788
0.13433
0.144161
0.156001
0.168341
0.179434
0.187642
0.191541
0.19146
0.189929
0.189535
0.190685
0.192285
0.193508
0.19426
0.194714
0.194985
0.195122
0.195166
0.19516
0.195135
0.195103
0.19506
0.194997
0.194921
0.194854
0.19482
0.194829
0.19488
0.194966
0.195079
0.195209
0.195342
0.195458
0.195544
0.195583
0.195566
0.195481
0.195324
0.195096
0.194804
0.194461
0.194073
0.193642
0.193165
0.192637
0.19205
0.191399
0.190679
0.189885
0.189009
0.188044
0.186981
0.185811
0.184523
0.183107
0.181549
0.179839
0.177961
0.175903
0.17365
0.171187
0.1685
0.165574
0.162398
0.158957
0.155242
0.151245
0.146964
0.1424
0.13756
0.132456
0.127107
0.121539
0.115785
0.109884
0.103885
0.0978444
0.0917507
0.0854741
0.0789351
0.0724452
0.0667208
0.0622598
0.058639
0.0547309
0.0498362
0.0443244
0.0390159
0.0343184
0.0300953
0.0261082
0.0224477
0.0194676
0.0172891
0.0154668
0.0131789
0.00997396
0.00652268
0.00334171
0.00225309
0.127458
0.135452
0.14571
0.156597
0.166532
0.174476
0.180206
0.18431
0.187369
0.189579
0.191026
0.191984
0.192756
0.193449
0.194019
0.19442
0.194667
0.194806
0.194881
0.194923
0.194944
0.194944
0.194917
0.194867
0.194813
0.194778
0.194775
0.194805
0.194862
0.194942
0.19504
0.195149
0.19526
0.195356
0.195419
0.195438
0.1954
0.195294
0.195114
0.194861
0.194541
0.194165
0.19374
0.193269
0.192749
0.192173
0.191534
0.190826
0.190042
0.189176
0.18822
0.187168
0.186009
0.184734
0.18333
0.181786
0.180089
0.178226
0.176182
0.173944
0.171496
0.168823
0.165912
0.162748
0.15932
0.155616
0.151628
0.147355
0.142796
0.137958
0.132854
0.127504
0.121934
0.116179
0.110277
0.104275
0.0982247
0.0921206
0.0858645
0.0794147
0.0730713
0.0674706
0.0630236
0.0593075
0.0552917
0.0503537
0.0448316
0.0394825
0.0346976
0.0303131
0.0260774
0.0223009
0.0197763
0.0186986
0.0178397
0.0155014
0.0114586
0.00726071
0.0037818
0.00291322
0.128615
0.136868
0.147567
0.158931
0.169338
0.177699
0.183605
0.187246
0.189166
0.190086
0.190679
0.191337
0.192113
0.192878
0.193511
0.193977
0.1943
0.194517
0.194661
0.194757
0.194823
0.19486
0.194863
0.194836
0.194794
0.194759
0.194744
0.194754
0.194786
0.194835
0.194898
0.194972
0.195055
0.195139
0.195209
0.195251
0.195249
0.195192
0.195068
0.194868
0.194593
0.194246
0.193837
0.193373
0.192858
0.192289
0.191661
0.190965
0.190195
0.189341
0.188398
0.187357
0.18621
0.184947
0.183556
0.182026
0.180343
0.178495
0.176467
0.174244
0.171811
0.169153
0.166255
0.163104
0.159685
0.155988
0.152003
0.147726
0.143158
0.138303
0.133175
0.127792
0.122181
0.116374
0.110412
0.10434
0.098207
0.0920159
0.0857032
0.0792634
0.0729753
0.0673829
0.0628296
0.0589615
0.0549178
0.0501591
0.0449389
0.0398887
0.0353132
0.0309755
0.026676
0.0230845
0.0215771
0.0225744
0.0239303
0.0224434
0.0176097
0.0121357
0.0076563
0.00702313
0.128623
0.136986
0.147907
0.159464
0.169942
0.178205
0.183858
0.187182
0.18887
0.189711
0.190316
0.190981
0.191736
0.192483
0.193129
0.193639
0.194022
0.194301
0.1945
0.19464
0.194741
0.194808
0.194838
0.19483
0.194799
0.194763
0.194738
0.194729
0.194737
0.194758
0.194788
0.194826
0.19487
0.194919
0.19497
0.195011
0.195029
0.195008
0.194934
0.194794
0.194579
0.194284
0.193913
0.193471
0.192966
0.192403
0.191781
0.191096
0.190338
0.189499
0.188571
0.187544
0.18641
0.185161
0.183783
0.182267
0.180599
0.178765
0.176753
0.174546
0.172128
0.169485
0.166602
0.163464
0.160057
0.156368
0.152387
0.14811
0.143534
0.138666
0.133516
0.128103
0.122452
0.116596
0.110574
0.104433
0.0982178
0.0919406
0.0855667
0.0791195
0.0728571
0.0672441
0.0625663
0.0585331
0.0544355
0.0498148
0.0448685
0.0401049
0.0356835
0.0313476
0.0272394
0.0245249
0.0245453
0.0268702
0.0285134
0.0266327
0.0216894
0.0167451
0.0124422
0.0124349
0.128101
0.136708
0.147971
0.159851
0.170536
0.178853
0.184425
0.187584
0.189081
0.189746
0.190208
0.190774
0.191476
0.192207
0.192866
0.193407
0.193832
0.194157
0.194397
0.194572
0.194701
0.194792
0.194843
0.194851
0.194828
0.194791
0.194757
0.194731
0.194716
0.19471
0.194709
0.194713
0.19472
0.194729
0.194739
0.194748
0.194754
0.194742
0.194699
0.194608
0.194456
0.194229
0.193921
0.19353
0.193058
0.192514
0.191901
0.191222
0.190472
0.189644
0.18873
0.18772
0.186604
0.18537
0.184009
0.182508
0.180855
0.179037
0.177041
0.17485
0.172449
0.169822
0.166955
0.163831
0.160437
0.156759
0.152785
0.148508
0.143928
0.139048
0.13388
0.128439
0.122752
0.11685
0.110773
0.104565
0.0982711
0.0919119
0.0854757
0.0790077
0.0727445
0.067082
0.062259
0.058043
0.0538617
0.049342
0.0446343
0.0400813
0.0357028
0.0314932
0.0283836
0.0280776
0.0307888
0.0334071
0.0319658
0.0264392
0.020244
0.0163178
0.0132457
0.01376
0.127159
0.136104
0.147784
0.160045
0.170975
0.179359
0.184846
0.187846
0.189185
0.189734
0.190127
0.190656
0.191335
0.192055
0.192714
0.193271
0.193724
0.194081
0.194351
0.194552
0.194702
0.194811
0.194879
0.1949
0.194884
0.194846
0.194802
0.194761
0.194724
0.194691
0.194661
0.194632
0.194604
0.194574
0.194543
0.194508
0.19447
0.194428
0.194377
0.194303
0.194192
0.194028
0.193793
0.193477
0.193074
0.192582
0.192004
0.191343
0.190602
0.189783
0.188879
0.187883
0.186782
0.185565
0.184221
0.182737
0.181103
0.179305
0.177328
0.175156
0.172772
0.170162
0.16731
0.164203
0.160824
0.157157
0.153191
0.148918
0.144336
0.139448
0.134263
0.128799
0.123079
0.117135
0.111004
0.104733
0.0983648
0.0919274
0.0854281
0.0789277
0.0726431
0.0669119
0.0619338
0.0575275
0.053246
0.0487936
0.0442358
0.0397481
0.0354665
0.0321546
0.0319012
0.0365197
0.0433171
0.0448681
0.0374849
0.0263423
0.0179799
0.0144209
0.0121255
0.0132682
0.125867
0.135239
0.14741
0.160103
0.171306
0.179771
0.185197
0.188074
0.189298
0.189773
0.190129
0.190638
0.191299
0.192004
0.192657
0.193221
0.19369
0.194069
0.194361
0.194579
0.194744
0.194866
0.194946
0.194978
0.194967
0.194926
0.194873
0.194817
0.19476
0.194703
0.194644
0.194584
0.194521
0.194455
0.194384
0.194307
0.194222
0.19413
0.194031
0.193922
0.193802
0.193658
0.193468
0.193222
0.192906
0.192501
0.191997
0.191395
0.190699
0.18991
0.189025
0.188039
0.186947
0.185739
0.184408
0.182943
0.181332
0.179558
0.177604
0.175452
0.173088
0.170496
0.167663
0.164574
0.161213
0.157561
0.153607
0.149339
0.144757
0.139863
0.134667
0.129182
0.123433
0.11745
0.111271
0.104941
0.0985045
0.0919948
0.0854341
0.0788935
0.0725712
0.0667546
0.0616133
0.0570189
0.0526339
0.0481912
0.0436541
0.0392477
0.0357669
0.0352224
0.0402659
0.0501409
0.0568041
0.0517895
0.0374503
0.0236763
0.0159011
0.0134254
0.0113425
0.0125009
0.124314
0.13418
0.146897
0.160058
0.17155
0.180106
0.185488
0.18827
0.189415
0.189851
0.190196
0.1907
0.19135
0.192039
0.192683
0.193247
0.193726
0.194117
0.194422
0.194651
0.194825
0.194957
0.195045
0.195084
0.195076
0.195033
0.194971
0.1949
0.194825
0.194744
0.194659
0.194569
0.194473
0.194371
0.194262
0.194144
0.194016
0.193876
0.193723
0.193558
0.19338
0.193186
0.192973
0.19274
0.192467
0.192127
0.191709
0.191207
0.190612
0.189907
0.189081
0.188135
0.18707
0.185886
0.184579
0.183138
0.181548
0.179793
0.177856
0.17572
0.173372
0.170797
0.167984
0.164917
0.161578
0.157948
0.15401
0.149754
0.145178
0.140285
0.135085
0.12959
0.123819
0.117805
0.111584
0.105204
0.0987113
0.0921424
0.0855315
0.0789569
0.0725995
0.0667073
0.0614348
0.0567031
0.052236
0.0477667
0.0433343
0.0396709
0.03863
0.042787
0.052196
0.0601075
0.0572607
0.0436583
0.0283244
0.018527
0.0145217
0.0135149
0.0110848
0.0118291
0.122536
0.132961
0.146278
0.159935
0.171724
0.180383
0.18574
0.188454
0.189549
0.189971
0.190323
0.190831
0.191473
0.192148
0.192781
0.193342
0.193823
0.19422
0.194531
0.194765
0.194944
0.19508
0.195174
0.195218
0.195211
0.195165
0.195094
0.19501
0.194917
0.194815
0.194705
0.194586
0.194459
0.194323
0.194177
0.19402
0.193849
0.193663
0.193461
0.193241
0.193002
0.192742
0.19246
0.192157
0.191826
0.19146
0.191056
0.190608
0.190093
0.189475
0.188739
0.187885
0.186915
0.18583
0.184615
0.183241
0.181692
0.179959
0.178036
0.175915
0.173584
0.17103
0.16824
0.165198
0.161888
0.15829
0.154385
0.15016
0.145612
0.140741
0.135556
0.130064
0.124283
0.118242
0.111979
0.105543
0.0989883
0.092364
0.0857223
0.0791531
0.072825
0.0669572
0.0616929
0.0569674
0.0525265
0.0482221
0.0445246
0.04292
0.0455053
0.0526253
0.0593641
0.0576346
0.0456949
0.0307765
0.0201912
0.0157194
0.0145735
0.0139789
0.0108104
0.0112777
0.120558
0.131609
0.145575
0.15975
0.171849
0.180623
0.185973
0.188643
0.189712
0.190138
0.190506
0.191021
0.191656
0.192319
0.19294
0.193495
0.193975
0.194372
0.194682
0.194917
0.195097
0.195236
0.195333
0.195379
0.195372
0.195321
0.195243
0.195146
0.195037
0.194915
0.194781
0.194636
0.194479
0.194311
0.19413
0.193934
0.193723
0.193493
0.193244
0.192972
0.192676
0.192353
0.192002
0.191619
0.191202
0.19075
0.190258
0.189723
0.189135
0.188481
0.187753
0.186946
0.186053
0.185066
0.183953
0.182669
0.18119
0.179514
0.177644
0.175579
0.173309
0.170817
0.168086
0.165102
0.161853
0.158329
0.154519
0.150407
0.145979
0.141219
0.136117
0.130671
0.124901
0.118834
0.112503
0.105958
0.0992682
0.0925201
0.0858138
0.0792775
0.0730831
0.0674142
0.0623609
0.0578117
0.0535503
0.0496963
0.0471636
0.0473912
0.0507934
0.0546314
0.0535421
0.0449186
0.0325223
0.0223121
0.0170059
0.0157242
0.0153621
0.0142051
0.0103292
0.010918
0.118391
0.130141
0.144802
0.15952
0.171945
0.180851
0.186212
0.188855
0.189913
0.19035
0.190735
0.191257
0.191888
0.19254
0.193152
0.1937
0.194174
0.194566
0.194872
0.195104
0.195283
0.195421
0.195519
0.195565
0.195556
0.195502
0.195415
0.195307
0.195182
0.195042
0.194887
0.194717
0.194533
0.194334
0.19412
0.193888
0.193638
0.193366
0.19307
0.192749
0.192399
0.192017
0.1916
0.191146
0.190649
0.190106
0.189512
0.188864
0.188155
0.187382
0.186536
0.185608
0.184588
0.183466
0.182228
0.180851
0.179323
0.177631
0.175767
0.173718
0.171469
0.168998
0.166286
0.163318
0.16009
0.156605
0.152865
0.14886
0.144566
0.139945
0.134958
0.129588
0.123856
0.117793
0.111431
0.104817
0.0980363
0.0912123
0.084496
0.0780574
0.0720732
0.0666831
0.0619089
0.0576201
0.0536977
0.0503583
0.0481885
0.0474722
0.047207
0.0451087
0.0394976
0.0313992
0.023721
0.0187392
0.016765
0.0165838
0.0157947
0.0139013
0.00971146
0.0108248
0.116028
0.128551
0.143959
0.159256
0.172034
0.181088
0.186475
0.189103
0.190154
0.190602
0.191001
0.191531
0.19216
0.192805
0.193409
0.193949
0.194415
0.194797
0.195096
0.195322
0.195497
0.195634
0.195729
0.195774
0.195763
0.195704
0.195609
0.19549
0.195352
0.195196
0.195021
0.194829
0.194619
0.194392
0.194147
0.193881
0.193593
0.193281
0.192942
0.192573
0.192171
0.191733
0.191254
0.190731
0.190159
0.189532
0.188847
0.188096
0.187272
0.18637
0.18538
0.184293
0.183099
0.181788
0.180351
0.178775
0.177046
0.175149
0.173066
0.170781
0.168277
0.165535
0.162536
0.159265
0.155718
0.151898
0.14781
0.143452
0.138814
0.133882
0.128641
0.123091
0.117251
0.111145
0.104812
0.098307
0.0917178
0.0851566
0.0787518
0.07264
0.0669557
0.0617985
0.0571899
0.0530858
0.0494634
0.0463473
0.0436259
0.04084
0.0373338
0.0327838
0.0276033
0.0227948
0.0192413
0.017321
0.0166962
0.0164897
0.0151345
0.0129955
0.00903069
0.0109175
0.113429
0.126821
0.143052
0.158981
0.172138
0.181356
0.186774
0.189389
0.19043
0.190884
0.191295
0.191833
0.192464
0.193107
0.193706
0.194236
0.194689
0.195059
0.195347
0.195566
0.195736
0.195869
0.195962
0.196004
0.19599
0.195925
0.195823
0.195695
0.195545
0.195374
0.195182
0.19497
0.194737
0.194484
0.19421
0.193912
0.19359
0.19324
0.19286
0.192446
0.191995
0.191502
0.190964
0.190376
0.189731
0.189026
0.188253
0.187405
0.186474
0.185453
0.184331
0.183098
0.181745
0.180258
0.178626
0.176836
0.174872
0.172719
0.170362
0.167782
0.164965
0.161893
0.158554
0.154935
0.151023
0.146811
0.142296
0.137479
0.13237
0.12698
0.121328
0.115438
0.109343
0.103091
0.0967387
0.0903522
0.0840006
0.0777502
0.071665
0.0658146
0.0602812
0.0551471
0.0504697
0.0462691
0.0425118
0.0390455
0.0355612
0.0317638
0.027682
0.0237293
0.0203913
0.0179369
0.0163793
0.0156256
0.0153081
0.0148961
0.0134111
0.011604
0.00825305
0.0109324
0.110586
0.124971
0.142114
0.158722
0.17228
0.181665
0.187112
0.189707
0.190732
0.191186
0.191609
0.19216
0.192799
0.193443
0.194036
0.194554
0.194991
0.195345
0.195621
0.195832
0.195996
0.196124
0.196213
0.196251
0.196233
0.196164
0.196055
0.195919
0.195758
0.195575
0.195368
0.195137
0.194884
0.194608
0.194307
0.193981
0.193627
0.193242
0.192823
0.192367
0.191869
0.191326
0.190732
0.190082
0.189369
0.188589
0.187732
0.186792
0.18576
0.184626
0.183381
0.182012
0.180508
0.178856
0.177042
0.175052
0.17287
0.170481
0.167869
0.165016
0.161908
0.158531
0.154874
0.150927
0.146677
0.142112
0.137228
0.132034
0.126547
0.120797
0.114818
0.108652
0.102349
0.0959682
0.0895734
0.0832257
0.0769772
0.0708683
0.0649343
0.0592193
0.0537867
0.0487134
0.044065
0.0398625
0.0360471
0.0324658
0.0289361
0.0254033
0.0220426
0.0191465
0.0168987
0.0153113
0.0143206
0.0138434
0.013528
0.0129758
0.0115176
0.0100946
0.00732493
0.0105494
0.107591
0.123084
0.141205
0.158519
0.172477
0.182016
0.187478
0.190042
0.191046
0.191502
0.191942
0.192512
0.193163
0.193809
0.194393
0.194895
0.195313
0.19565
0.195913
0.196115
0.196273
0.196395
0.196479
0.196513
0.19649
0.196417
0.196303
0.196159
0.19599
0.195795
0.195576
0.19533
0.195059
0.194762
0.194438
0.194086
0.193702
0.193285
0.192831
0.192336
0.191795
0.191204
0.190558
0.18985
0.189074
0.188223
0.187288
0.186262
0.185134
0.183894
0.182532
0.181034
0.179389
0.177582
0.175598
0.173422
0.171039
0.168432
0.165586
0.162483
0.159109
0.155451
0.151501
0.14725
0.142688
0.137811
0.132621
0.127131
0.121368
0.115366
0.109168
0.102824
0.0963913
0.0899299
0.083502
0.0771646
0.0709657
0.0649443
0.0591365
0.0535858
0.0483488
0.0434886
0.0390511
0.0350366
0.0313829
0.0279826
0.0247503
0.0217013
0.0189568
0.0166473
0.0148216
0.0134817
0.0126264
0.0121896
0.0118067
0.0111628
0.00979527
0.00870923
0.00639344
0.0098925
0.104665
0.12131
0.14041
0.158403
0.172726
0.182392
0.187851
0.190379
0.191364
0.191832
0.192299
0.192894
0.193558
0.194202
0.194771
0.195251
0.195647
0.195967
0.196217
0.19641
0.196561
0.196677
0.196755
0.196785
0.196759
0.196681
0.196562
0.196412
0.196236
0.196033
0.195803
0.195545
0.195259
0.194944
0.1946
0.194225
0.193815
0.19337
0.192883
0.192352
0.191772
0.191138
0.190443
0.189681
0.188846
0.187929
0.186921
0.185814
0.184597
0.183259
0.181787
0.18017
0.178393
0.176441
0.174299
0.171951
0.169381
0.166573
0.163511
0.160179
0.156563
0.152652
0.148439
0.143917
0.139083
0.133938
0.128492
0.122764
0.116784
0.110592
0.104237
0.0977711
0.0912543
0.0847483
0.078314
0.0720075
0.0658782
0.0599686
0.0543182
0.048969
0.0439676
0.0393579
0.035163
0.0313677
0.0279159
0.0247368
0.0217911
0.019104
0.0167424
0.0147546
0.0131465
0.0119341
0.011137
0.0106774
0.0102088
0.00951616
0.00828826
0.00750668
0.00556782
0.00918495
0.102076
0.119806
0.1398
0.158391
0.173016
0.182771
0.188216
0.190715
0.191698
0.192191
0.192691
0.19331
0.19398
0.194612
0.19516
0.195615
0.195988
0.19629
0.196527
0.196711
0.196855
0.196965
0.197038
0.197063
0.197034
0.196953
0.196831
0.196677
0.196495
0.196286
0.196047
0.195779
0.195481
0.195152
0.194791
0.194396
0.193964
0.193493
0.192978
0.192415
0.1918
0.191126
0.190387
0.189576
0.188686
0.187708
0.186634
0.185452
0.184152
0.182722
0.181149
0.17942
0.17752
0.175434
0.173146
0.170639
0.167897
0.164905
0.161645
0.158104
0.154268
0.150128
0.145679
0.140918
0.135847
0.130471
0.124808
0.118881
0.112726
0.106385
0.0999103
0.0933586
0.0867907
0.0802685
0.0738525
0.0675985
0.0615568
0.0557715
0.0502829
0.045129
0.040346
0.0359612
0.0319811
0.0283823
0.0251174
0.0221396
0.019432
0.0170164
0.0149251
0.0131646
0.0117217
0.0106126
0.00985124
0.00935086
0.00881031
0.0081069
0.00702797
0.00648884
0.0048647
0.00848134
0.0999807
0.118654
0.139407
0.158488
0.173348
0.183165
0.188598
0.191083
0.192078
0.1926
0.193129
0.19376
0.194421
0.195031
0.195551
0.195979
0.196329
0.196614
0.196839
0.197014
0.197151
0.197255
0.197322
0.197343
0.197311
0.197229
0.197105
0.196948
0.196763
0.196549
0.196305
0.19603
0.195723
0.195382
0.195007
0.194596
0.194146
0.193653
0.193114
0.192523
0.191877
0.191167
0.190389
0.189534
0.188595
0.187562
0.186426
0.185176
0.1838
0.182286
0.180621
0.17879
0.176777
0.174568
0.172145
0.169492
0.166593
0.163431
0.159991
0.15626
0.152225
0.14788
0.143221
0.138249
0.132969
0.127394
0.121545
0.11545
0.10915
0.10269
0.0961247
0.089513
0.0829167
0.0763978
0.0700159
0.0638266
0.0578798
0.0522196
0.0468844
0.0419073
0.0373151
0.0331229
0.0293262
0.0258988
0.0228015
0.0200026
0.0174949
0.0152929
0.013406
0.0118186
0.0105078
0.00948305
0.00874457
0.00820476
0.00761811
0.00693415
0.00599887
0.005645
0.0042857
0.00781938
0.0984055
0.117876
0.139258
0.158738
0.173783
0.183644
0.189064
0.191536
0.192536
0.193072
0.193607
0.194229
0.194868
0.195447
0.195935
0.196336
0.196665
0.196933
0.197147
0.197313
0.197442
0.19754
0.197602
0.19762
0.197587
0.197505
0.197381
0.197223
0.197037
0.196821
0.196574
0.196294
0.19598
0.195632
0.195247
0.194824
0.194358
0.193848
0.193288
0.192674
0.192001
0.191261
0.190448
0.189554
0.188571
0.187489
0.186298
0.184987
0.183542
0.181952
0.180202
0.178277
0.176162
0.17384
0.171294
0.168507
0.165464
0.162148
0.158544
0.15464
0.150426
0.145896
0.141048
0.135888
0.130424
0.124675
0.118665
0.112428
0.106006
0.0994489
0.0928133
0.0861594
0.0795498
0.0730463
0.0667076
0.0605884
0.0547374
0.0491973
0.0440034
0.039184
0.0347579
0.030731
0.0270926
0.0238159
0.0208682
0.0182265
0.0158861
0.0138532
0.0121226
0.0106681
0.00946224
0.00850498
0.00778269
0.00721406
0.00660871
0.00596716
0.00516803
0.00495986
0.00383596
0.00721464
0.0974079
0.117554
0.139462
0.159261
0.174437
0.184304
0.18968
0.192106
0.193076
0.193593
0.194109
0.194703
0.195307
0.19585
0.196306
0.196681
0.19699
0.197243
0.197445
0.197603
0.197724
0.197815
0.197873
0.197889
0.197856
0.197776
0.197654
0.197498
0.197312
0.197096
0.196849
0.196567
0.196251
0.195898
0.195506
0.195074
0.194598
0.194075
0.193499
0.192866
0.192171
0.191405
0.190564
0.189637
0.188616
0.187492
0.186252
0.184887
0.183382
0.181724
0.179899
0.177891
0.175683
0.17326
0.170603
0.167697
0.164524
0.161069
0.157318
0.153259
0.148883
0.144188
0.139173
0.133847
0.128222
0.12232
0.11617
0.10981
0.103284
0.0966464
0.0899542
0.0832694
0.0766548
0.0701719
0.0638786
0.0578283
0.0520681
0.0466383
0.0415709
0.036889
0.0326052
0.0287191
0.0252161
0.0220702
0.0192534
0.0167471
0.0145454
0.0126466
0.0110363
0.00968395
0.00855977
0.0076548
0.00694515
0.00636067
0.00575932
0.00517393
0.00450061
0.0044117
0.00349748
0.00666807
0.0971596
0.117882
0.140205
0.160216
0.175422
0.185207
0.190463
0.192782
0.193676
0.19414
0.194612
0.195164
0.195728
0.196234
0.196658
0.197008
0.197298
0.197536
0.197728
0.197877
0.197992
0.198077
0.19813
0.198145
0.198114
0.198038
0.19792
0.197769
0.197586
0.197373
0.197127
0.196846
0.19653
0.196176
0.195782
0.195345
0.194862
0.194329
0.193742
0.193095
0.192383
0.191598
0.190732
0.189778
0.188725
0.187565
0.186284
0.184871
0.183314
0.181596
0.179704
0.177622
0.175332
0.172817
0.170061
0.167046
0.163756
0.160176
0.156291
0.152092
0.147571
0.142726
0.137561
0.132086
0.126317
0.120279
0.114006
0.107537
0.100922
0.0942143
0.087475
0.0807664
0.0741516
0.0676915
0.0614432
0.0554586
0.0497827
0.0444531
0.0394982
0.0349366
0.0307758
0.027011
0.0236254
0.0205942
0.0178925
0.0155028
0.0134165
0.0116253
0.0101091
0.00883595
0.00777526
0.00691096
0.00621349
0.00562597
0.00504556
0.00452305
0.00396516
0.00397632
0.00324886
0.00614581
0.097838
0.119028
0.141623
0.161685
0.176768
0.186341
0.191379
0.193524
0.194297
0.194682
0.195096
0.1956
0.19612
0.19659
0.196986
0.197313
0.197586
0.197811
0.197992
0.198134
0.198242
0.198322
0.198373
0.198387
0.198358
0.198287
0.198176
0.19803
0.197854
0.197645
0.197404
0.197128
0.196815
0.196463
0.196069
0.195632
0.195147
0.194609
0.194016
0.19336
0.192636
0.191837
0.190954
0.189979
0.188902
0.187713
0.186399
0.184949
0.183348
0.181581
0.179633
0.177488
0.175128
0.172537
0.169695
0.166587
0.163195
0.159506
0.155504
0.151183
0.146534
0.141559
0.136262
0.130656
0.12476
0.118603
0.11222
0.105655
0.0989594
0.0921898
0.0854079
0.0786771
0.0720607
0.0656193
0.0594091
0.0534804
0.0478763
0.0426315
0.0377709
0.0333094
0.0292504
0.025586
0.0222985
0.019364
0.0167591
0.0144664
0.0124738
0.0107675
0.00932392
0.00811127
0.00709866
0.00626535
0.00558006
0.00499895
0.00444869
0.00398855
0.0035335
0.00362849
0.00305664
0.00563361
0.0994527
0.120987
0.143682
0.163614
0.178408
0.187638
0.192367
0.194282
0.194906
0.195196
0.195546
0.196001
0.19648
0.196917
0.197286
0.197594
0.197851
0.198065
0.198237
0.198372
0.198475
0.198551
0.198599
0.198613
0.198587
0.198521
0.198418
0.198281
0.198112
0.197912
0.197678
0.197408
0.197101
0.196754
0.196365
0.19593
0.195447
0.19491
0.194314
0.193654
0.192924
0.192116
0.191221
0.190231
0.189136
0.187924
0.186584
0.185103
0.183465
0.181657
0.179661
0.177462
0.175041
0.172381
0.169463
0.166272
0.162789
0.159001
0.154895
0.150463
0.145699
0.140605
0.135188
0.129463
0.123452
0.117186
0.110704
0.104051
0.0972821
0.0904556
0.0836344
0.0768829
0.0702645
0.0638395
0.0576632
0.0517842
0.0462434
0.0410729
0.0362944
0.0319193
0.0279479
0.0243704
0.0211681
0.0183179
0.0157971
0.0135872
0.0116726
0.0100353
0.00864982
0.00748489
0.00650989
0.00570168
0.00502982
0.00446168
0.00394529
0.00354273
0.00317737
0.00333828
0.00288777
0.00511909
0.101841
0.123588
0.146224
0.16586
0.180224
0.189009
0.193366
0.195018
0.195477
0.195668
0.195956
0.196364
0.196807
0.197215
0.197561
0.197851
0.198095
0.198297
0.198461
0.19859
0.198689
0.198761
0.198807
0.198821
0.198799
0.198739
0.198644
0.198517
0.198359
0.198169
0.197946
0.197686
0.197387
0.197049
0.196667
0.19624
0.195762
0.19523
0.194638
0.19398
0.193249
0.192439
0.19154
0.190543
0.189439
0.188214
0.186858
0.185357
0.183696
0.181858
0.179829
0.177591
0.175125
0.172413
0.169438
0.166181
0.162627
0.15876
0.154569
0.150045
0.145186
0.139992
0.134474
0.128647
0.122536
0.116173
0.109601
0.102868
0.0960295
0.0891464
0.0822831
0.0755048
0.0688752
0.0624546
0.0562973
0.0504508
0.0449543
0.0398373
0.0351191
0.0308082
0.0269026
0.023391
0.0202543
0.0174698
0.0150148
0.0128693
0.0110146
0.00942955
0.00808735
0.00695739
0.00600965
0.00522016
0.00456044
0.00400659
0.0035215
0.00316737
0.00287516
0.00308382
0.00272109
0.00463915
0.104799
0.126632
0.149066
0.168276
0.182108
0.190379
0.194327
0.195701
0.195992
0.196089
0.196318
0.196684
0.197094
0.197474
0.197798
0.19807
0.198298
0.198488
0.198642
0.198765
0.198859
0.198928
0.198973
0.198989
0.198972
0.198921
0.198837
0.198723
0.198579
0.198404
0.198195
0.19795
0.197666
0.19734
0.19697
0.196553
0.196085
0.195561
0.194976
0.194323
0.193597
0.192789
0.19189
0.190891
0.189782
0.18855
0.187183
0.185667
0.183986
0.182126
0.180069
0.177797
0.175292
0.172535
0.169508
0.166193
0.162574
0.158636
0.154367
0.14976
0.144812
0.139526
0.133914
0.127992
0.121788
0.115335
0.108679
0.10187
0.0949653
0.0880282
0.081124
0.074319
0.0676772
0.0612585
0.0551169
0.0492983
0.0438402
0.0387698
0.034104
0.029849
0.026001
0.0225473
0.0194685
0.0167418
0.0143442
0.012254
0.0104498
0.00890808
0.00760141
0.00649984
0.0055742
0.00480058
0.00415269
0.00361295
0.00315494
0.00283913
0.00260085
0.00285319
0.00252786
0.00428175
0.108076
0.12988
0.152
0.170692
0.183934
0.191665
0.195197
0.196296
0.196426
0.196432
0.196606
0.196932
0.197308
0.197658
0.197957
0.198206
0.198415
0.19859
0.198732
0.198846
0.198934
0.199
0.199044
0.199064
0.199054
0.199015
0.198947
0.198851
0.198728
0.198575
0.19839
0.198168
0.197908
0.197604
0.197256
0.196858
0.196408
0.195901
0.195332
0.194694
0.19398
0.193183
0.192295
0.191305
0.190202
0.188976
0.187612
0.186096
0.184414
0.182549
0.180483
0.178198
0.175675
0.172896
0.169842
0.166493
0.162834
0.15885
0.154529
0.149863
0.144851
0.139496
0.13381
0.127811
0.121528
0.114997
0.108264
0.101382
0.0944097
0.0874125
0.0804572
0.0736109
0.0669386
0.0605005
0.0543502
0.0485333
0.0430858
0.0380336
0.0333918
0.029165
0.025348
0.0219273
0.0188832
0.0161926
0.0138319
0.0117776
0.0100063
0.00849254
0.00720823
0.00612404
0.00521156
0.00444717
0.00380646
0.00327649
0.00283771
0.00254871
0.00234983
0.00262853
0.00236127
0.00399395
0.111459
0.133136
0.154856
0.172978
0.185608
0.192803
0.195939
0.196787
0.196774
0.196702
0.196827
0.197115
0.197457
0.197778
0.198052
0.198281
0.198473
0.198635
0.198767
0.198873
0.198955
0.199016
0.199056
0.199073
0.199065
0.19903
0.19897
0.198887
0.198779
0.198646
0.198484
0.19829
0.198058
0.197786
0.197468
0.1971
0.196679
0.196199
0.195654
0.195039
0.194346
0.193568
0.192695
0.191718
0.190627
0.189409
0.18805
0.186538
0.184855
0.182986
0.180912
0.178615
0.176076
0.173275
0.170194
0.166813
0.163115
0.159086
0.154714
0.149992
0.144918
0.139496
0.133739
0.127667
0.121308
0.114702
0.107896
0.100943
0.0939074
0.0868534
0.0798499
0.0729654
0.0662652
0.0598099
0.0536528
0.0478387
0.0424024
0.0373684
0.0327501
0.0285505
0.0247632
0.021374
0.0183626
0.0157056
0.0133784
0.0113563
0.00961381
0.00812432
0.00685938
0.00579021
0.00488908
0.00413275
0.0034985
0.00297654
0.00255254
0.00228197
0.002109
0.00242671
0.0021863
0.00387407
0.114833
0.136335
0.157642
0.175215
0.187288
0.194017
0.196829
0.197487
0.197382
0.19727
0.197378
0.197655
0.197989
0.198306
0.19858
0.198815
0.199016
0.199188
0.19933
0.199439
0.199518
0.199567
0.199586
0.199576
0.199535
0.199466
0.199369
0.199248
0.199105
0.19894
0.198753
0.19854
0.198299
0.198026
0.197714
0.197359
0.196956
0.196498
0.195978
0.195391
0.194728
0.193981
0.19314
0.192194
0.191134
0.189945
0.188616
0.187131
0.185474
0.183628
0.181576
0.179298
0.176774
0.173985
0.170911
0.167533
0.163833
0.159795
0.155407
0.150661
0.145557
0.140097
0.134295
0.12817
0.121753
0.115083
0.108208
0.101184
0.0940758
0.0869504
0.0798783
0.0729294
0.0661706
0.0596633
0.0534617
0.0476107
0.0421452
0.0370889
0.0324549
0.0282452
0.024453
0.0210632
0.0180554
0.0154056
0.0130882
0.0110771
0.00934508
0.00786444
0.00660628
0.00554192
0.00464399
0.00388942
0.0032568
0.00273878
0.0023241
0.00206699
0.00191704
0.00227639
0.00210952
0.00384245
0.118605
0.140053
0.161107
0.17831
0.189996
0.196405
0.199004
0.199556
0.199422
0.199323
0.199463
0.199779
0.200155
0.200518
0.200844
0.201131
0.201386
0.201605
0.201784
0.201919
0.202006
0.202043
0.202032
0.201971
0.201862
0.201708
0.201512
0.201279
0.201013
0.200718
0.200396
0.200049
0.199678
0.19928
0.198855
0.198397
0.197902
0.197363
0.196775
0.196131
0.195422
0.194639
0.193771
0.192807
0.191735
0.19054
0.189208
0.187724
0.18607
0.184228
0.182179
0.179902
0.177378
0.174586
0.171505
0.168114
0.164396
0.160334
0.155915
0.151132
0.145982
0.14047
0.134608
0.128417
0.121927
0.11518
0.108223
0.101117
0.0939252
0.0867189
0.07957
0.07255
0.0657271
0.0591638
0.0529148
0.0470251
0.0415295
0.036451
0.0318018
0.0275831
0.0237871
0.0203982
0.0173951
0.0147532
0.0124455
0.0104444
0.00872116
0.00724677
0.00599189
0.00492797
0.00402818
0.00326976
0.00263301
0.0021088
0.00168709
0.00139411
0.0011748
0.00123904
0.000925876
0.00207997
0.122965
0.144355
0.165114
0.181873
0.193081
0.199079
0.20139
0.20178
0.201583
0.201483
0.201655
0.202021
0.202459
0.202889
0.203283
0.203636
0.203951
0.204229
0.20447
0.204671
0.20483
0.204944
0.205009
0.205022
0.204981
0.204887
0.204739
0.204539
0.204289
0.203988
0.20364
0.203244
0.202801
0.202313
0.20178
0.201201
0.200575
0.199898
0.199169
0.198382
0.197534
0.196617
0.195625
0.194547
0.193373
0.192089
0.190681
0.189133
0.187427
0.185544
0.183463
0.181161
0.178617
0.175807
0.172708
0.169297
0.165554
0.161458
0.156995
0.152155
0.146932
0.14133
0.13536
0.129041
0.122405
0.115492
0.108354
0.10105
0.0936505
0.0862272
0.0788563
0.0716132
0.0645704
0.0577946
0.051344
0.0452671
0.0396007
0.0343698
0.0295874
0.0252558
0.0213675
0.0179076
0.0148556
0.0121869
0.00987523
0.00789276
0.00621125
0.00480246
0.00363857
0.00269271
0.00193915
0.00135338
0.000911703
0.000591079
0.000369563
0.000223622
0.000141654
6.53821e-05
0.00014519
0.0017539
0.119033
0.137647
0.155316
0.169235
0.178265
0.182892
0.184544
0.184762
0.184653
0.184747
0.185141
0.185734
0.186398
0.187049
0.187648
0.188188
0.188675
0.189128
0.189568
0.190013
0.190472
0.190944
0.191419
0.191887
0.192342
0.192778
0.193193
0.193582
0.19394
0.194258
0.194529
0.194748
0.19491
0.195011
0.195052
0.195029
0.194942
0.194787
0.194559
0.194254
0.193864
0.193381
0.192798
0.192104
0.191287
0.190332
0.189224
0.187947
0.186485
0.184818
0.182927
0.180789
0.178382
0.175682
0.172666
0.16931
0.165591
0.161491
0.156992
0.152082
0.146758
0.141021
0.134884
0.12837
0.121514
0.114362
0.106971
0.0994056
0.0917406
0.0840556
0.0764333
0.0689575
0.0617076
0.0547566
0.0481661
0.0419849
0.0362478
0.0309765
0.0261805
0.0218597
0.0180069
0.0146098
0.0116521
0.00911479
0.00697556
0.00520846
0.00378331
0.00266519
0.00181462
0.00119049
0.000750567
0.000453696
0.000262523
0.000145361
7.73491e-05
4.01874e-05
2.06439e-05
9.41488e-06
0.000122146
0.00160915
0.0751599
0.0832297
0.0907566
0.0967757
0.101017
0.103775
0.105618
0.107093
0.108564
0.110174
0.111919
0.113724
0.115512
0.117217
0.118799
0.120236
0.121534
0.122719
0.123833
0.12491
0.125966
0.127
0.127996
0.128942
0.129831
0.130664
0.131442
0.132164
0.132829
0.133435
0.133987
0.134495
0.134973
0.135443
0.13593
0.136456
0.137044
0.137707
0.138454
0.139279
0.14017
0.141102
0.142045
0.142964
0.143813
0.144544
0.145102
0.145434
0.145487
0.145208
0.144544
0.143451
0.141887
0.139824
0.137234
0.134099
0.130416
0.126194
0.121456
0.116243
0.1106
0.10455
0.0981828
0.0916001
0.084903
0.0781839
0.0715217
0.0649917
0.0586588
0.0525841
0.0468241
0.041424
0.0364209
0.0318349
0.027678
0.023949
0.0206335
0.0177063
0.0151379
0.0128947
0.0109426
0.00924779
0.00777879
0.00650595
0.00540199
0.00444176
0.00360266
0.00286446
0.00221029
0.00163559
0.00114601
0.00075192
0.000459641
0.000263089
0.000144078
7.75756e-05
4.61264e-05
1.55498e-05
1.92012e-05
0.00157071
0.0317284
0.0335768
0.0351806
0.0363413
0.0370911
0.0376069
0.038101
0.0387408
0.0396154
0.0407399
0.0420784
0.0435664
0.0451275
0.0466847
0.0481713
0.0495429
0.0507852
0.0519126
0.0529558
0.0539453
0.0548984
0.0558169
0.0566931
0.0575178
0.058286
0.0589971
0.0596545
0.0602635
0.0608309
0.061366
0.0618799
0.0623861
0.0628996
0.0634356
0.0640085
0.0646304
0.0653092
0.0660467
0.0668368
0.0676633
0.0684988
0.0693036
0.0700249
0.0705987
0.0709525
0.0710048
0.070664
0.0698331
0.0684172
0.066335
0.0635297
0.0599745
0.0556797
0.0507073
0.0451818
0.0392855
0.0332456
0.0273134
0.0217357
0.0167226
0.0124244
0.00891325
0.0061782
0.00414973
0.00271277
0.00173542
0.00109982
0.000705281
0.000441704
0.000280921
0.000216954
6.06446e-05
0.000322159
0.000257518
0.000113185
0.00390084
0.000580101
0.000270145
9.66918e-05
3.45202e-05
1.20264e-05
0.00153518
5.6969e-05
1.69231e-05
4.32071e-06
1.1494e-06
0.000633188
0.00015406
3.64397e-05
8.28365e-06
1.81342e-06
3.85619e-07
8.04499e-08
6.73163e-05
1.41307e-05
3.29519e-06
8.71988e-07
2.46126e-05
0.000120283
0.00135252
0.0197695
0.0209679
0.0222602
0.0236432
0.0251058
0.0266323
0.028205
0.0298053
0.0314143
0.0330132
0.0345827
0.0361035
0.0375558
0.0389198
0.0401745
0.0412974
0.0422642
0.0430486
0.0436232
0.043962
0.0440429
0.0438519
0.0433847
0.0426463
0.0416475
0.0404015
0.0389232
0.0372313
0.0353505
0.0333121
0.0311529
0.0289122
0.0266295
0.0243428
0.0220867
0.0198925
0.0177871
0.0157929
0.0139274
0.0122035
0.0106293
0.00920804
0.00793811
0.00681479
0.00583176
0.0049773
0.00424048
0.00361076
0.00307111
0.0026111
0.00222853
0.00191459
0.00164739
0.00141039
0.00121293
0.00104411
0.000903919
0.000797602
0.000715101
0.000617509
0.000539833
0.000511669
0.000400828
0.00044502
0.000507044
0.00015594
0.000948615
0.00102113
0.000734469
0.000548414
0.000462934
0.00040248
0.000351238
0.000309707
0.000276595
0.000250004
0.000228583
0.000211047
0.000196637
0.000184709
0.000174823
0.000166611
0.000159788
0.000154058
0.000149255
0.000145224
0.000141839
0.000139004
0.000136617
0.000134614
0.000132937
0.000131536
0.000130369
0.000129401
0.000128599
0.000127946
0.000127215
0.000130286
6.17788e-05
0.00111883
0.210121
0.210449
0.210994
0.211688
0.212466
0.213278
0.214099
0.214919
0.215733
0.216538
0.217327
0.218091
0.218819
0.219497
0.220114
0.220657
0.221115
0.221479
0.221739
0.221889
0.221923
0.221836
0.221624
0.221289
0.220835
0.22027
0.219605
0.21885
0.218014
0.21711
0.216147
0.215136
0.214088
0.213012
0.211919
0.210817
0.209715
0.208622
0.207543
0.206487
0.205459
0.204464
0.203507
0.20259
0.201717
0.200887
0.200102
0.199364
0.198672
0.198027
0.197428
0.196873
0.19636
0.195889
0.195456
0.195059
0.194696
0.194367
0.194068
0.193797
0.193553
0.193333
0.193135
0.192957
0.1928
0.192658
0.192534
0.192424
0.192326
0.19224
0.192166
0.192101
0.192045
0.191997
0.191957
0.191923
0.191895
0.191872
0.191854
0.191839
0.191829
0.191822
0.191818
0.191816
0.191817
0.191819
0.191823
0.191829
0.191836
0.191844
0.191853
0.191862
0.191872
0.191883
0.191894
0.191908
0.191907
0.191973
0.191749
0.192767
0.193616
0.192611
0.19235
0.192486
0.192771
0.193091
0.193434
0.193832
0.194318
0.194908
0.195606
0.196407
0.197303
0.198286
0.199346
0.200473
0.201653
0.202867
0.204088
0.205282
0.20641
0.207442
0.208356
0.209147
0.209813
0.210353
0.210762
0.211036
0.21117
0.211167
0.211036
0.210789
0.210439
0.210002
0.209492
0.208923
0.20831
0.207665
0.207
0.206325
0.205648
0.204978
0.204321
0.203682
0.203066
0.202475
0.201912
0.201379
0.200876
0.200404
0.199963
0.199552
0.199172
0.19882
0.198495
0.198197
0.197924
0.197675
0.197447
0.197241
0.197053
0.196883
0.19673
0.196592
0.196468
0.196356
0.196257
0.196167
0.196088
0.196017
0.195953
0.195897
0.195848
0.195804
0.195765
0.195731
0.1957
0.195674
0.19565
0.19563
0.195612
0.195596
0.195582
0.19557
0.19556
0.195551
0.195543
0.195536
0.19553
0.195524
0.19552
0.195516
0.195512
0.195509
0.195507
0.195505
0.195503
0.195502
0.195501
0.1955
0.14577
0.18971
0.183692
0.184069
0.1885
0.192756
0.195564
0.196786
0.19712
0.197521
0.197832
0.197965
0.197845
0.197218
0.196468
0.196076
0.19582
0.19565
0.195536
0.19547
0.19544
0.195435
0.195449
0.195485
0.195548
0.195648
0.195796
0.195997
0.196258
0.196574
0.196937
0.197329
0.197734
0.198133
0.198509
0.198851
0.19915
0.199403
0.199605
0.199758
0.199863
0.199923
0.199943
0.199927
0.199882
0.199813
0.199727
0.199627
0.199517
0.199394
0.199268
0.199144
0.199023
0.198909
0.198802
0.198701
0.198606
0.198518
0.198437
0.198363
0.198293
0.19823
0.198172
0.198118
0.19807
0.198025
0.197985
0.197948
0.197915
0.197885
0.197858
0.197834
0.197812
0.197792
0.197774
0.197758
0.197744
0.197731
0.19772
0.19771
0.197701
0.197693
0.197686
0.19768
0.197675
0.19767
0.197665
0.197662
0.197658
0.197655
0.197653
0.19765
0.197648
0.197647
0.197645
0.197644
0.197642
0.197641
0.19764
0.197639
0.185287
0.193533
0.20032
0.199728
0.196916
0.195588
0.196172
0.1987
0.201971
0.204614
0.206426
0.207165
0.206769
0.205316
0.203047
0.200425
0.198062
0.196278
0.194606
0.192944
0.191285
0.18954
0.187543
0.185134
0.182196
0.178659
0.174497
0.169749
0.164543
0.159106
0.153746
0.148817
0.144647
0.141486
0.139465
0.138593
0.138779
0.139871
0.141684
0.144034
0.146752
0.149695
0.152745
0.155811
0.158826
0.161741
0.164518
0.16714
0.169604
0.171946
0.174122
0.176122
0.177953
0.179613
0.18112
0.182494
0.183747
0.184884
0.185914
0.18685
0.187703
0.188478
0.189181
0.189819
0.190395
0.190915
0.191381
0.191799
0.192171
0.192502
0.192795
0.193056
0.193287
0.193492
0.193673
0.193834
0.193976
0.194102
0.194215
0.194315
0.194404
0.194484
0.194556
0.19462
0.194678
0.194729
0.194777
0.194819
0.194858
0.194893
0.194925
0.194955
0.194982
0.195007
0.19503
0.195054
0.195066
0.195119
0.194994
0.195624
0.179672
0.177634
0.189895
0.195057
0.198011
0.202227
0.206278
0.209714
0.212739
0.214739
0.215095
0.213894
0.211957
0.210104
0.208603
0.207329
0.206052
0.20457
0.202808
0.200759
0.198447
0.195875
0.192702
0.188401
0.18249
0.174509
0.164054
0.150894
0.135128
0.117314
0.0984619
0.0798577
0.0627452
0.0480192
0.0360675
0.0268078
0.0198571
0.0147253
0.0109538
0.00817658
0.0061242
0.00460333
0.00347429
0.00263472
0.00200913
0.00154196
0.00119139
0.000950339
0.000438689
0.00133023
0.000988125
0.000144848
0.0200606
0.00493151
0.00144374
0.000748083
0.000494937
0.00033467
0.000238521
0.0448276
0.0159114
0.0063556
0.00270166
0.00129195
0.000690502
0.000407637
0.000261356
0.00017931
0.000130175
9.92319e-05
7.90077e-05
0.0271184
0.0103033
0.00446277
0.00208218
0.00108558
0.000624241
0.000390361
0.000261721
0.000186037
0.00013909
0.000108632
8.82026e-05
7.42893e-05
6.44108e-05
0.0289046
0.0110069
0.0047535
0.00222092
0.00115865
0.000666442
0.000416788
0.000279485
0.000198701
0.0001485
0.000115895
9.39824e-05
7.93221e-05
2.89523e-05
0.00204883
0.176017
0.176604
0.18851
0.197943
0.204438
0.208804
0.211406
0.213513
0.215396
0.217631
0.218562
0.217603
0.214747
0.210951
0.207415
0.204761
0.203089
0.202192
0.201763
0.20154
0.201382
0.201264
0.201237
0.201364
0.201682
0.202208
0.202944
0.203878
0.204977
0.206179
0.207395
0.208526
0.209474
0.210164
0.210557
0.210643
0.210442
0.20999
0.209332
0.208512
0.207571
0.206544
0.205455
0.204322
0.203151
0.20194
0.200676
0.199335
0.197878
0.196239
0.194378
0.192217
0.189648
0.186538
0.182695
0.177875
0.17178
0.164067
0.154366
0.142352
0.12785
0.110998
0.0923879
0.0731172
0.0546314
0.0383531
0.02526
0.0156441
0.00917025
0.00514439
0.00280818
0.00152423
0.000856421
0.000483503
0.000305456
0.0195347
0.00685812
0.00363259
0.00158986
0.000666766
0.000267753
7.98807e-05
0.0115829
0.00348053
0.00104333
0.00030175
8.68963e-05
2.50516e-05
7.36999e-06
0.00439962
0.00106494
0.000248849
5.66869e-05
1.29704e-05
2.95273e-06
6.38508e-07
1.39097e-07
1.77808e-08
1.50942e-07
0.0014002
0.176658
0.18076
0.194247
0.204916
0.208292
0.20864
0.209377
0.211162
0.211215
0.208911
0.206716
0.208908
0.213234
0.214963
0.213024
0.208936
0.204588
0.201262
0.199335
0.198519
0.198294
0.198241
0.198162
0.19802
0.197837
0.197633
0.197413
0.19718
0.196936
0.196691
0.196453
0.196233
0.196036
0.195866
0.195726
0.195614
0.195522
0.19544
0.195356
0.195262
0.195149
0.195012
0.194845
0.194644
0.194401
0.194113
0.19377
0.193368
0.192901
0.192366
0.191758
0.191073
0.190306
0.189449
0.188495
0.187434
0.186255
0.184949
0.183502
0.181903
0.180135
0.178182
0.176025
0.173644
0.171019
0.168129
0.164955
0.161478
0.157682
0.153551
0.149072
0.144237
0.13904
0.133486
0.127581
0.121342
0.114799
0.107984
0.100928
0.0936464
0.0861419
0.0784665
0.0707797
0.0633227
0.0562727
0.0496147
0.0432066
0.0369757
0.0309769
0.0252612
0.0198375
0.014872
0.0107284
0.00759417
0.00521124
0.0032237
0.00171941
0.00080142
0.000172794
0.00156224
0.178832
0.186214
0.200298
0.206651
0.208982
0.221067
0.245972
0.270442
0.272875
0.240566
0.203546
0.187461
0.194255
0.207293
0.214705
0.214595
0.209923
0.204397
0.200264
0.198083
0.19739
0.197441
0.197678
0.197852
0.197924
0.197937
0.197923
0.197898
0.19786
0.197809
0.197741
0.197656
0.197552
0.197432
0.197295
0.197141
0.196971
0.196783
0.196576
0.196347
0.196094
0.195817
0.195511
0.195176
0.194808
0.194404
0.19396
0.193471
0.192931
0.192334
0.191676
0.190948
0.190143
0.189254
0.18827
0.18718
0.185975
0.184641
0.183163
0.181529
0.17972
0.17772
0.175511
0.173073
0.170385
0.167428
0.164179
0.160619
0.15673
0.152493
0.147896
0.142928
0.137587
0.131876
0.125807
0.119403
0.112699
0.10574
0.0985659
0.0911806
0.0835602
0.0757347
0.0678979
0.060386
0.0534593
0.0470957
0.0410795
0.0352839
0.0297463
0.0245461
0.0198824
0.0161288
0.0131404
0.00981173
0.00583502
0.00265048
0.00105577
0.00048866
0.000131909
0.00166201
0.181096
0.19115
0.204
0.211517
0.236275
0.303339
0.40152
0.476184
0.46335
0.36999
0.257975
0.18824
0.175928
0.192586
0.209401
0.215531
0.212999
0.207258
0.202074
0.198799
0.197317
0.19698
0.197148
0.197405
0.197578
0.197652
0.197664
0.197646
0.197611
0.197563
0.197501
0.197423
0.197329
0.197217
0.197087
0.196938
0.19677
0.196581
0.196371
0.196139
0.195882
0.195599
0.195287
0.194943
0.194564
0.194146
0.193686
0.193177
0.192616
0.191996
0.191311
0.190554
0.189717
0.188792
0.187768
0.186635
0.185381
0.183994
0.18246
0.180762
0.178886
0.176813
0.174525
0.172002
0.169224
0.166169
0.162819
0.159153
0.155153
0.150804
0.146093
0.141012
0.135561
0.129746
0.123582
0.117095
0.110324
0.103326
0.0961456
0.0887674
0.0811047
0.0731226
0.0650228
0.0572443
0.0501473
0.0436718
0.0374328
0.0312265
0.0253737
0.0204332
0.0163244
0.0119271
0.0068863
0.00286663
0.000865683
0.000261589
0.000174195
0.00010462
8.78786e-05
0.00173667
0.18376
0.194204
0.207616
0.22411
0.285657
0.423439
0.604762
0.721268
0.665996
0.515997
0.337477
0.210639
0.170213
0.183402
0.204916
0.214358
0.212962
0.207658
0.202815
0.199647
0.197931
0.197188
0.197018
0.197118
0.197281
0.197405
0.197462
0.197466
0.197432
0.197374
0.197301
0.197215
0.197117
0.197006
0.19688
0.196735
0.19657
0.196383
0.196172
0.195936
0.195673
0.195382
0.19506
0.194703
0.19431
0.193876
0.193397
0.192868
0.192284
0.191639
0.190926
0.190138
0.189267
0.188303
0.187238
0.186059
0.184755
0.183313
0.181718
0.179956
0.178009
0.175859
0.173489
0.170878
0.168005
0.164851
0.161395
0.157619
0.153506
0.149041
0.144213
0.139014
0.133444
0.127513
0.121236
0.114638
0.107762
0.100674
0.0934275
0.0859828
0.07817
0.06986
0.0612529
0.0528853
0.0451993
0.0382164
0.0318166
0.0260138
0.0204431
0.0142472
0.00781684
0.00309492
0.000821345
0.000133324
6.99615e-05
8.723e-05
5.36873e-05
8.37358e-06
0.000105942
0.00170033
0.179528
0.201986
0.2119
0.235848
0.31753
0.490967
0.724433
0.819224
0.733308
0.565753
0.369505
0.220535
0.168642
0.181617
0.204629
0.213741
0.211551
0.206312
0.202231
0.199805
0.198384
0.197505
0.197021
0.196865
0.196924
0.197064
0.197192
0.197264
0.197273
0.197231
0.197153
0.197052
0.196936
0.196808
0.196668
0.196516
0.196347
0.196158
0.195947
0.19571
0.195445
0.195148
0.194817
0.19445
0.194043
0.193593
0.193095
0.192545
0.191937
0.191265
0.190522
0.189701
0.188794
0.187791
0.186682
0.185455
0.1841
0.182601
0.180944
0.179115
0.177095
0.174867
0.172413
0.169712
0.166743
0.163486
0.159922
0.156033
0.1518
0.147211
0.142254
0.13692
0.131209
0.125128
0.11869
0.111914
0.104838
0.0975325
0.0900667
0.0823716
0.0741681
0.0651957
0.0556615
0.0463911
0.0383559
0.0318733
0.0260153
0.0190795
0.0110236
0.00450991
0.00113559
0.000162417
4.65766e-05
4.77816e-05
3.56377e-05
1.66404e-05
3.74375e-06
1.38954e-05
1.90493e-05
0.0016578
0.166619
0.211982
0.217285
0.24072
0.319291
0.480496
0.674244
0.732381
0.658962
0.515683
0.337384
0.203308
0.165025
0.184969
0.207431
0.213397
0.209475
0.204387
0.201197
0.199527
0.198465
0.197615
0.196985
0.196648
0.196586
0.196693
0.196856
0.196995
0.197074
0.197085
0.197038
0.196946
0.196821
0.196673
0.196508
0.196328
0.196134
0.195926
0.1957
0.195452
0.195179
0.194877
0.19454
0.194165
0.193748
0.193284
0.19277
0.1922
0.191568
0.190869
0.190096
0.189241
0.188295
0.18725
0.186095
0.184819
0.183408
0.18185
0.180129
0.178229
0.176134
0.173824
0.171282
0.168486
0.165416
0.162051
0.15837
0.154356
0.14999
0.145257
0.140143
0.134635
0.128728
0.12242
0.115714
0.108611
0.101128
0.0933379
0.0853128
0.0769202
0.0678193
0.0579866
0.0482454
0.0397449
0.0325578
0.0252573
0.0168614
0.00880749
0.0033138
0.000750341
5.18977e-05
3.31842e-05
6.85408e-06
2.90117e-06
1.04015e-06
6.16647e-06
9.98711e-07
0.000109076
9.30198e-05
0.00160633
0.143726
0.217612
0.225712
0.240716
0.299247
0.420149
0.543594
0.574643
0.529062
0.420254
0.271739
0.173656
0.16374
0.19212
0.210644
0.211967
0.206783
0.202453
0.20023
0.199105
0.198254
0.197463
0.19682
0.196427
0.196296
0.196354
0.196506
0.196669
0.196795
0.196862
0.196869
0.19682
0.196723
0.196586
0.196416
0.196219
0.195997
0.195754
0.195493
0.195212
0.194909
0.194582
0.194225
0.193834
0.193403
0.192926
0.192399
0.191813
0.191163
0.190443
0.189644
0.188758
0.187778
0.186693
0.185492
0.184165
0.182698
0.181077
0.179288
0.177314
0.175139
0.172742
0.170106
0.167208
0.164028
0.160543
0.156731
0.152572
0.148043
0.143123
0.137791
0.132023
0.125797
0.11909
0.111875
0.104118
0.0958092
0.0870036
0.0776874
0.0677121
0.0573985
0.0483155
0.0422927
0.0383219
0.0315953
0.0200758
0.00890246
0.00244065
0.000262032
0.000153649
6.54942e-06
2.84419e-06
1.54407e-06
4.79469e-06
1.36195e-05
5.1568e-05
0.000116982
0.000414886
0.000164113
0.00146778
0.108213
0.20871
0.234095
0.244037
0.276569
0.348422
0.413524
0.435766
0.413235
0.31932
0.200742
0.150605
0.170444
0.200983
0.211858
0.208949
0.203851
0.200824
0.199441
0.198613
0.197856
0.19714
0.196561
0.196192
0.196044
0.196069
0.196194
0.196351
0.19649
0.196585
0.196628
0.196617
0.196558
0.196455
0.196314
0.196134
0.195917
0.195665
0.195381
0.195066
0.194723
0.194351
0.19395
0.193517
0.193048
0.192538
0.191981
0.191371
0.1907
0.18996
0.189143
0.188238
0.187237
0.186127
0.184898
0.183537
0.18203
0.180362
0.178517
0.176476
0.174222
0.171732
0.168984
0.165953
0.16261
0.158925
0.154863
0.150386
0.14545
0.140002
0.133982
0.12732
0.119938
0.111761
0.102718
0.0927749
0.0819656
0.0703875
0.0582543
0.04623
0.0356124
0.0272875
0.0201701
0.0128021
0.00605855
0.0018507
0.00034326
7.08989e-05
2.6938e-05
8.66453e-06
4.57552e-06
9.45991e-06
2.5444e-05
6.91694e-05
0.000171453
0.000351049
0.00052733
0.000742205
0.000290485
0.00146317
0.072547
0.182616
0.231248
0.249119
0.267596
0.299729
0.328829
0.352225
0.320711
0.222158
0.145389
0.147059
0.1846
0.207595
0.209908
0.205121
0.20139
0.199631
0.198735
0.198029
0.197362
0.196757
0.196269
0.195947
0.195803
0.195811
0.19592
0.19607
0.196215
0.196324
0.196382
0.196386
0.196341
0.196254
0.196132
0.195977
0.195786
0.195556
0.195286
0.194974
0.194619
0.194223
0.193785
0.193305
0.192782
0.192213
0.191596
0.190927
0.1902
0.189408
0.188545
0.187601
0.186565
0.185428
0.184175
0.182791
0.181261
0.179564
0.177678
0.175577
0.173228
0.170592
0.167618
0.164245
0.160392
0.155955
0.150803
0.144773
0.137668
0.129265
0.119343
0.107735
0.0944207
0.0796464
0.0640341
0.0485819
0.0344691
0.0227335
0.0139493
0.00796854
0.00424158
0.00210737
0.000955108
0.000374646
0.000116584
2.57177e-05
7.8421e-06
9.16381e-06
1.17049e-05
1.91479e-05
4.13304e-05
8.77449e-05
0.000155128
0.000214662
0.00023099
0.000198276
0.000148683
9.88431e-05
3.64236e-05
0.00155168
0.0641758
0.156096
0.21319
0.245397
0.266212
0.283554
0.30328
0.294752
0.221078
0.138831
0.124505
0.163941
0.198902
0.208747
0.205691
0.201719
0.199703
0.198744
0.198043
0.197411
0.196852
0.196373
0.195982
0.195704
0.195568
0.195568
0.195667
0.195815
0.19597
0.196097
0.196175
0.196195
0.196155
0.196064
0.195933
0.195771
0.19558
0.19536
0.195105
0.19481
0.19447
0.194083
0.193644
0.19315
0.192598
0.191985
0.191307
0.19056
0.189739
0.18884
0.187857
0.18678
0.185602
0.184311
0.182892
0.181328
0.179598
0.177672
0.175515
0.173079
0.1703
0.167094
0.163348
0.158911
0.153587
0.147127
0.139235
0.129595
0.117934
0.104137
0.0884155
0.0714548
0.0544272
0.0387538
0.0256661
0.0158015
0.00908385
0.00492801
0.00257014
0.00131113
0.000663163
0.00033477
0.000166092
8.01389e-05
4.06222e-05
2.7834e-05
3.00951e-05
4.34572e-05
7.26726e-05
0.000125938
0.000200092
0.000268255
0.00029491
0.000270157
0.000217072
0.000164588
0.000127902
0.000112078
7.14906e-05
0.00152939
0.0730947
0.122085
0.158972
0.194264
0.221128
0.237799
0.232529
0.182676
0.117127
0.101614
0.142778
0.187536
0.205341
0.205054
0.201439
0.199463
0.1986
0.197961
0.197354
0.196829
0.196398
0.19603
0.195717
0.195482
0.195356
0.195348
0.195437
0.195582
0.195743
0.195888
0.195994
0.196043
0.196027
0.195946
0.195808
0.195626
0.19541
0.195167
0.194894
0.194589
0.194245
0.193856
0.193418
0.192925
0.192369
0.191742
0.191036
0.190242
0.189348
0.188343
0.187214
0.185943
0.184511
0.182894
0.181062
0.17898
0.176599
0.173861
0.170689
0.166989
0.162637
0.157481
0.151339
0.143994
0.135216
0.124792
0.112586
0.0986382
0.0832751
0.0671862
0.0513872
0.0370171
0.0250193
0.0158668
0.00948681
0.00540295
0.00297966
0.00162861
0.000908322
0.000529927
0.00032814
0.000216968
0.00015361
0.00011837
0.000102627
0.000102009
0.000113519
0.000134497
0.000161375
0.000188289
0.000207726
0.000214156
0.000207624
0.000193357
0.000177644
0.000165068
0.000152303
0.000165825
3.9302e-05
0.00150996
)
;

boundaryField
{
    outlet
    {
        type            zeroGradient;
    }
    inlet
    {
        type            fixedValue;
        value           uniform 0.2;
    }
    lowerWall
    {
        type            fixedValue;
        value           uniform 0;
    }
    upperWall
    {
        type            fixedValue;
        value           uniform 0;
    }
    frontAndBack
    {
        type            empty;
    }
}


// ************************************************************************* //
