/*--------------------------------*- C++ -*----------------------------------*\
  =========                 |
  \\      /  F ield         | OpenFOAM: The Open Source CFD Toolbox
   \\    /   O peration     | Website:  https://openfoam.org
    \\  /    A nd           | Version:  10
     \\/     M anipulation  |
\*---------------------------------------------------------------------------*/
FoamFile
{
    format      ascii;
    class       volScalarField;
    location    "0.01";
    object      p;
}
// * * * * * * * * * * * * * * * * * * * * * * * * * * * * * * * * * * * * * //

dimensions      [0 2 -2 0 0 0 0];

internalField   nonuniform List<scalar> 
6820
(
-7.97271
-8.27976
-8.33965
-8.37562
-8.43363
-8.49066
-8.54706
-8.607
-8.67025
-8.73554
-8.80159
-8.86692
-8.93052
-8.99298
-9.0588
-9.13425
-9.21956
-9.31391
-9.41798
-9.53248
-9.65828
-9.79648
-9.94849
-10.1161
-10.3016
-10.5081
-10.7397
-11.0018
-11.3025
-11.6527
-12.0774
-12.5987
-13.3628
-8.17127
-8.30095
-8.35051
-8.38541
-8.43635
-8.4886
-8.54114
-8.5971
-8.6563
-8.71774
-8.78069
-8.84448
-8.90905
-8.9765
-9.04924
-9.12814
-9.21428
-9.30868
-9.41242
-9.52632
-9.6513
-9.7885
-9.93935
-10.1057
-10.2897
-10.4944
-10.7235
-10.9821
-11.2762
-11.6164
-12.0091
-12.483
-12.9723
-8.17011
-8.26048
-8.33197
-8.3778
-8.43061
-8.48509
-8.53935
-8.59606
-8.65551
-8.71694
-8.77992
-8.84392
-8.90898
-8.97608
-9.04623
-9.12335
-9.2084
-9.30201
-9.40473
-9.51743
-9.64104
-9.77669
-9.92577
-10.09
-10.2714
-10.4727
-10.697
-10.9486
-11.2319
-11.5539
-11.916
-12.3297
-12.7456
-8.22454
-8.29888
-8.35924
-8.39796
-8.4434
-8.49276
-8.54298
-8.59585
-8.65171
-8.70978
-8.76982
-8.83133
-8.8944
-8.96179
-9.03374
-9.1118
-9.19704
-9.29019
-9.39198
-9.50332
-9.62516
-9.75859
-9.90496
-10.0659
-10.2432
-10.4394
-10.6569
-10.8993
-11.1694
-11.4716
-11.8033
-12.1711
-12.5299
-8.25121
-8.29449
-8.3459
-8.38715
-8.43331
-8.48326
-8.53424
-8.58746
-8.64341
-8.70143
-8.76176
-8.82376
-8.88848
-8.9551
-9.02658
-9.10347
-9.18716
-9.27858
-9.37843
-9.48755
-9.60682
-9.73729
-9.88014
-10.0368
-10.209
-10.3986
-10.6077
-10.8388
-11.0936
-11.3744
-11.6781
-12.0064
-12.331
-8.27699
-8.31207
-8.36134
-8.40224
-8.44492
-8.49119
-8.53905
-8.58916
-8.64207
-8.69699
-8.7547
-8.8138
-8.87594
-8.94122
-9.01152
-9.08753
-9.17017
-9.26017
-9.35819
-9.46498
-9.58138
-9.70834
-9.84696
-9.9985
-10.1644
-10.3462
-10.5455
-10.7641
-11.0027
-11.2625
-11.5404
-11.8362
-12.1332
-8.29692
-8.32097
-8.36101
-8.39811
-8.43798
-8.48232
-8.52906
-8.57818
-8.63022
-8.68401
-8.74116
-8.8007
-8.8627
-8.92803
-8.99786
-9.07286
-9.15389
-9.24174
-9.33714
-9.44081
-9.55354
-9.67619
-9.8097
-9.95515
-10.1137
-10.2865
-10.4748
-10.6796
-10.9013
-11.14
-11.3933
-11.6602
-11.9317
-8.31313
-8.33172
-8.36782
-8.40442
-8.44314
-8.48564
-8.53052
-8.5776
-8.62782
-8.67943
-8.7332
-8.79028
-8.85005
-8.91321
-8.98077
-9.05349
-9.13212
-9.21732
-9.3097
-9.40986
-9.51847
-9.63626
-9.76404
-9.90266
-10.053
-10.2161
-10.3925
-10.583
-10.7874
-11.0056
-11.2355
-11.476
-11.7223
-8.32609
-8.34041
-8.37108
-8.40418
-8.43963
-8.4791
-8.5215
-8.56621
-8.61388
-8.665
-8.71768
-8.77345
-8.83216
-8.89432
-8.96068
-9.03185
-9.10843
-9.19099
-9.2801
-9.37633
-9.48027
-9.59256
-9.71387
-9.84487
-9.98625
-10.1386
-10.3024
-10.4779
-10.6647
-10.8624
-11.0694
-11.2846
-11.505
-8.33624
-8.34775
-8.37464
-8.40578
-8.43975
-8.47765
-8.51863
-8.56208
-8.6075
-8.65616
-8.70682
-8.76027
-8.81666
-8.87637
-8.94003
-9.00822
-9.0815
-9.1604
-9.2454
-9.33698
-9.4356
-9.54177
-9.65598
-9.77874
-9.91052
-10.0517
-10.2024
-10.3626
-10.5319
-10.7095
-10.8942
-11.0847
-11.2792
-8.34392
-8.35341
-8.37684
-8.40525
-8.43661
-8.47173
-8.50993
-8.55098
-8.59433
-8.64065
-8.68934
-8.74078
-8.79521
-8.85294
-8.91445
-8.9802
-9.05061
-9.1261
-9.20705
-9.29385
-9.38688
-9.48653
-9.59317
-9.70715
-9.82877
-9.95818
-10.0954
-10.24
-10.3917
-10.5494
-10.712
-10.8784
-11.0468
-8.34935
-8.35736
-8.37798
-8.4041
-8.43353
-8.46674
-8.50313
-8.54226
-8.58377
-8.62793
-8.67447
-8.72358
-8.77548
-8.83046
-8.88889
-8.95118
-9.0177
-9.08879
-9.1648
-9.24602
-9.33273
-9.42522
-9.52371
-9.62842
-9.73945
-9.85679
-9.98025
-10.1094
-10.2436
-10.3819
-10.523
-10.6659
-10.8088
-8.35269
-8.35959
-8.37781
-8.40162
-8.42884
-8.45967
-8.49362
-8.53026
-8.56933
-8.61093
-8.65495
-8.7015
-8.75076
-8.80296
-8.85839
-8.91736
-8.98014
-9.04698
-9.1181
-9.19371
-9.274
-9.35912
-9.44921
-9.54436
-9.64453
-9.74959
-9.85922
-9.97287
-10.0898
-10.209
-10.3292
-10.4494
-10.5677
-8.35407
-8.36009
-8.37627
-8.39796
-8.42314
-8.45187
-8.48372
-8.51821
-8.5551
-8.59438
-8.63596
-8.6799
-8.72631
-8.77539
-8.82733
-8.88239
-8.94076
-9.00263
-9.06817
-9.13751
-9.21076
-9.28799
-9.36924
-9.45447
-9.54354
-9.63621
-9.73204
-9.8304
-9.93045
-10.0312
-10.1314
-10.2299
-10.3247
-8.35356
-8.35887
-8.37328
-8.39297
-8.41611
-8.44263
-8.47214
-8.50418
-8.53852
-8.57511
-8.61387
-8.65485
-8.69812
-8.74382
-8.7921
-8.84312
-8.89701
-8.95389
-9.01381
-9.07684
-9.143
-9.21226
-9.28457
-9.35982
-9.43778
-9.51811
-9.6003
-9.68368
-9.76736
-9.85034
-9.93133
-10.0093
-10.0822
-8.35125
-8.35595
-8.3688
-8.38662
-8.40779
-8.43219
-8.45944
-8.48913
-8.52101
-8.55499
-8.59099
-8.62899
-8.66903
-8.71118
-8.75554
-8.8022
-8.85123
-8.90267
-8.95654
-9.01282
-9.07148
-9.13243
-9.19556
-9.26066
-9.32747
-9.39556
-9.46438
-9.53321
-9.60114
-9.66719
-9.73009
-9.78884
-9.8415
-8.34719
-8.35136
-8.36281
-8.37886
-8.3981
-8.42037
-8.4453
-8.47251
-8.50174
-8.53289
-8.56585
-8.60059
-8.63711
-8.67546
-8.71566
-8.75776
-8.80176
-8.84765
-8.89537
-8.94486
-8.99601
-9.04866
-9.10264
-9.15771
-9.21352
-9.26964
-9.32548
-9.38031
-9.43322
-9.48327
-9.52924
-9.5702
-9.60433
-8.34143
-8.34512
-8.3553
-8.36968
-8.38703
-8.40719
-8.42982
-8.45455
-8.48113
-8.50942
-8.53932
-8.57075
-8.60368
-8.6381
-8.67399
-8.71134
-8.75011
-8.79021
-8.83157
-8.87404
-8.91748
-8.96171
-9.0065
-9.05157
-9.09657
-9.14101
-9.18432
-9.22575
-9.26446
-9.29952
-9.32981
-9.35448
-9.37186
-8.33401
-8.33727
-8.34627
-8.35906
-8.37457
-8.39264
-8.41294
-8.43512
-8.45895
-8.48426
-8.51094
-8.53888
-8.56802
-8.59831
-8.6297
-8.66214
-8.69552
-8.72974
-8.76466
-8.80011
-8.83589
-8.87178
-8.90753
-8.94285
-8.97735
-9.01055
-9.04189
-9.07065
-9.09603
-9.11716
-9.13304
-9.1429
-9.14527
-8.32499
-8.32785
-8.33574
-8.347
-8.36071
-8.3767
-8.39468
-8.4143
-8.43535
-8.45763
-8.48102
-8.5054
-8.53068
-8.55676
-8.58356
-8.61097
-8.63888
-8.66713
-8.69554
-8.72391
-8.75202
-8.77964
-8.80649
-8.83228
-8.85662
-8.87904
-8.899
-8.91584
-8.92879
-8.9371
-8.93984
-8.93638
-8.92541
-8.31441
-8.3169
-8.32374
-8.33353
-8.34548
-8.35941
-8.37506
-8.3921
-8.41031
-8.4295
-8.44952
-8.47024
-8.49153
-8.51329
-8.53539
-8.5577
-8.58006
-8.6023
-8.62421
-8.64556
-8.66613
-8.68566
-8.70388
-8.72048
-8.7351
-8.74729
-8.75655
-8.76226
-8.76374
-8.76031
-8.75117
-8.7358
-8.71308
-8.30236
-8.30448
-8.31033
-8.31869
-8.32891
-8.3408
-8.35413
-8.36857
-8.38392
-8.39998
-8.41659
-8.43359
-8.45085
-8.46823
-8.48559
-8.50276
-8.51956
-8.5358
-8.55126
-8.56569
-8.57886
-8.59051
-8.60037
-8.60815
-8.61351
-8.61605
-8.61529
-8.61068
-8.60164
-8.58755
-8.56775
-8.54182
-8.50883
-8.28888
-8.29066
-8.29555
-8.30254
-8.31105
-8.32094
-8.33195
-8.34381
-8.35628
-8.36919
-8.38236
-8.39562
-8.40881
-8.42179
-8.43438
-8.44641
-8.45769
-8.468
-8.4771
-8.48476
-8.49074
-8.49478
-8.49663
-8.49602
-8.49264
-8.48613
-8.47606
-8.46197
-8.44333
-8.41964
-8.39034
-8.3551
-8.31318
-8.27408
-8.27552
-8.27949
-8.28514
-8.292
-8.2999
-8.30861
-8.31788
-8.32748
-8.33722
-8.34692
-8.35641
-8.36553
-8.37409
-8.38193
-8.38886
-8.39467
-8.39913
-8.40203
-8.40311
-8.40215
-8.3989
-8.39313
-8.3846
-8.37303
-8.35811
-8.33947
-8.31671
-8.28939
-8.2571
-8.2194
-8.17604
-8.12642
-8.25804
-8.25916
-8.26224
-8.2666
-8.27184
-8.27779
-8.28425
-8.29097
-8.29773
-8.30435
-8.31063
-8.3164
-8.32148
-8.3257
-8.32886
-8.33078
-8.33125
-8.33003
-8.32691
-8.32165
-8.31403
-8.30383
-8.29084
-8.27486
-8.25565
-8.23294
-8.20642
-8.17578
-8.14066
-8.10072
-8.05561
-8.00518
-7.94898
-8.24087
-8.24168
-8.2439
-8.24701
-8.25067
-8.25471
-8.25893
-8.26311
-8.26703
-8.27052
-8.27337
-8.27542
-8.27648
-8.27638
-8.27492
-8.27192
-8.26717
-8.26044
-8.25152
-8.2402
-8.22626
-8.20951
-8.18978
-8.16688
-8.14062
-8.11079
-8.07714
-8.03941
-7.99733
-7.95064
-7.89909
-7.84259
-7.7808
-8.22271
-8.22322
-8.22463
-8.22654
-8.22869
-8.2309
-8.23299
-8.23474
-8.23595
-8.23643
-8.236
-8.23447
-8.23167
-8.22742
-8.22152
-8.21379
-8.20403
-8.19203
-8.17757
-8.16048
-8.14055
-8.11764
-8.09158
-8.06223
-8.02946
-7.99309
-7.95294
-7.90883
-7.86055
-7.80791
-7.75075
-7.68901
-7.6225
-8.20367
-8.20391
-8.20453
-8.20528
-8.20593
-8.20633
-8.20627
-8.20556
-8.20402
-8.20146
-8.19772
-8.1926
-8.18595
-8.17758
-8.16732
-8.15499
-8.1404
-8.12336
-8.10368
-8.08117
-8.05568
-8.02707
-7.99522
-7.96002
-7.92136
-7.87913
-7.83321
-7.78346
-7.72975
-7.67197
-7.61
-7.54386
-7.47343
-8.18394
-8.18393
-8.18383
-8.18354
-8.18287
-8.18164
-8.17967
-8.17676
-8.17275
-8.16744
-8.16067
-8.15227
-8.14206
-8.12987
-8.11555
-8.0989
-8.07976
-8.05797
-8.03334
-8.00573
-7.975
-7.94104
-7.90378
-7.86314
-7.81906
-7.77148
-7.72033
-7.66554
-7.60702
-7.54473
-7.47861
-7.40871
-7.33499
-8.16366
-8.16338
-8.16258
-8.16121
-8.15913
-8.15616
-8.15213
-8.14687
-8.14023
-8.13203
-8.12212
-8.11034
-8.09655
-8.08057
-8.06227
-8.04149
-8.01806
-7.99183
-7.96265
-7.9304
-7.89495
-7.85622
-7.81416
-7.76872
-7.71989
-7.66764
-7.61196
-7.55282
-7.49019
-7.42409
-7.35451
-7.28154
-7.2052
-8.14304
-8.14261
-8.14131
-8.13919
-8.13612
-8.1319
-8.12633
-8.11927
-8.11053
-8.09998
-8.08744
-8.07279
-8.05585
-8.03651
-8.0146
-7.99
-7.96256
-7.93216
-7.89868
-7.86201
-7.82209
-7.77885
-7.73228
-7.68237
-7.62915
-7.57263
-7.51284
-7.44981
-7.38356
-7.31414
-7.24159
-7.16599
-7.08743
-8.12218
-8.12145
-8.11944
-8.11625
-8.11178
-8.10584
-8.09829
-8.08898
-8.07777
-8.06453
-8.04912
-8.03141
-8.01128
-7.9886
-7.96325
-7.93512
-7.90407
-7.86999
-7.83279
-7.79236
-7.74864
-7.7016
-7.65122
-7.59755
-7.54062
-7.48051
-7.41727
-7.35099
-7.28173
-7.20957
-7.13462
-7.05697
-6.97678
-8.10148
-8.1009
-8.09897
-8.09567
-8.09085
-8.08425
-8.07573
-8.06514
-8.05235
-8.03723
-8.01968
-7.99956
-7.97678
-7.95121
-7.92275
-7.89131
-7.85679
-7.81911
-7.77821
-7.73404
-7.68657
-7.63581
-7.58178
-7.52455
-7.46419
-7.40079
-7.33447
-7.26531
-7.19344
-7.11893
-7.04193
-6.96252
-6.88089
-8.08051
-8.07929
-8.07637
-8.07178
-8.06544
-8.05715
-8.04675
-8.03411
-8.01912
-8.00167
-7.98165
-7.95898
-7.93356
-7.9053
-7.87414
-7.83998
-7.80275
-7.76236
-7.71874
-7.67182
-7.62158
-7.56801
-7.51115
-7.45109
-7.38794
-7.32184
-7.25294
-7.18139
-7.10734
-7.03093
-6.95233
-6.87166
-6.78914
-8.06084
-8.06103
-8.0597
-8.05619
-8.05034
-8.04209
-8.0313
-8.01787
-8.00176
-7.98288
-7.96116
-7.93652
-7.90887
-7.87816
-7.8443
-7.80724
-7.76693
-7.72336
-7.67652
-7.62641
-7.57307
-7.51653
-7.45687
-7.39417
-7.32856
-7.26016
-7.18915
-7.11568
-7.0399
-6.96198
-6.88206
-6.80026
-6.71681
-8.03876
-8.03672
-8.0337
-8.02883
-8.02171
-8.01218
-8
-7.98506
-7.96731
-7.94668
-7.92313
-7.89664
-7.86716
-7.83467
-7.79914
-7.76051
-7.71874
-7.67377
-7.62553
-7.57395
-7.519
-7.46068
-7.39907
-7.33429
-7.26653
-7.19602
-7.12299
-7.04769
-6.97032
-6.89108
-6.81017
-6.72773
-6.644
-8.02344
-8.02717
-8.02819
-8.02492
-8.01851
-8.00924
-7.99683
-7.98127
-7.96263
-7.94089
-7.91597
-7.88785
-7.85646
-7.82176
-7.7837
-7.74226
-7.69746
-7.64934
-7.59796
-7.54341
-7.48576
-7.42509
-7.3615
-7.29507
-7.22592
-7.1542
-7.08007
-7.00371
-6.92533
-6.84513
-6.76332
-6.68011
-6.59565
-7.98981
-7.98962
-7.99183
-7.98956
-7.98365
-7.97469
-7.96217
-7.94614
-7.92678
-7.90415
-7.8783
-7.84929
-7.81719
-7.78203
-7.74384
-7.70261
-7.65833
-7.6109
-7.56023
-7.50616
-7.44857
-7.38739
-7.32268
-7.25459
-7.18342
-7.10955
-7.03338
-6.9553
-6.87564
-6.79465
-6.71255
-6.62944
-6.54565
-7.99858
-8.00602
-8.00889
-8.00513
-7.99864
-7.98886
-7.97535
-7.95849
-7.93836
-7.91486
-7.88796
-7.85762
-7.82378
-7.78638
-7.74538
-7.70081
-7.65276
-7.60142
-7.54702
-7.48979
-7.42991
-7.36744
-7.30234
-7.23455
-7.16408
-7.091
-7.01541
-6.93749
-6.85751
-6.77576
-6.6926
-6.60821
-6.52312
-7.88246
-7.94661
-7.96208
-7.96068
-7.95893
-7.95204
-7.93932
-7.92241
-7.90178
-7.87752
-7.84985
-7.81897
-7.78504
-7.74821
-7.70858
-7.66617
-7.62085
-7.57236
-7.52031
-7.4643
-7.40406
-7.33957
-7.27111
-7.19921
-7.12457
-7.04788
-6.96965
-6.89024
-6.80987
-6.72863
-6.64646
-6.56341
-6.47925
-14.2861
-12.76
-12.3074
-14.3464
-18.8471
-24.2213
-28.5571
-30.4254
-29.4571
-26.3332
-22.1607
-17.905
-14.1407
-11.0536
-8.59839
-6.66251
-5.13858
-3.93674
-2.98577
-2.23121
-1.63151
-1.15468
-0.775765
-0.475114
-0.237198
-0.0497181
0.097041
0.210803
0.297821
0.363154
0.410877
0.444322
0.466228
0.47885
0.484052
0.48337
0.478076
0.46922
0.457665
0.444126
0.429182
0.41331
0.396891
0.380235
0.363588
0.347141
0.331044
0.315407
0.300313
0.285817
0.271957
0.258751
0.246208
0.234324
0.223085
0.212473
0.202465
0.193033
0.184148
0.175778
0.167893
0.16046
0.153446
0.146821
0.140555
0.134617
0.128981
0.123618
0.118504
0.113615
0.108929
0.104424
0.100081
0.0958816
0.0918092
0.087848
0.0839839
0.0802035
0.0764948
0.0728464
0.0692487
0.0656918
0.0621679
0.0586687
0.0551877
0.051718
0.0482543
0.0447909
0.0413234
0.0378471
0.0343584
0.0308535
0.0273284
0.0237821
0.0202069
0.0166106
0.0129686
0.0093244
0.0055822
0.00192955
-13.6749
-13.0991
-13.2202
-15.1738
-18.4271
-22.2213
-25.3319
-26.7776
-26.1206
-23.6891
-20.2926
-16.7186
-13.4598
-10.7035
-8.45063
-6.6352
-5.18115
-4.01832
-3.08768
-2.3421
-1.7445
-1.26564
-0.882296
-0.575899
-0.331605
-0.137549
0.0157567
0.13589
0.228957
0.299966
0.353009
0.391412
0.417916
0.434788
0.443908
0.446832
0.444848
0.439025
0.430249
0.419249
0.406625
0.392869
0.37838
0.363483
0.348437
0.333446
0.318673
0.30424
0.290239
0.276735
0.263775
0.251386
0.239582
0.228368
0.217736
0.207673
0.198161
0.189177
0.180697
0.172693
0.165137
0.158
0.151254
0.144869
0.138818
0.133074
0.127611
0.122404
0.117429
0.112665
0.108089
0.103683
0.0994284
0.0953075
0.0913049
0.0874056
0.0835963
0.0798644
0.0761986
0.0725882
0.0690238
0.0654964
0.0619983
0.0585218
0.0550607
0.0516083
0.0481599
0.0447099
0.0412543
0.0377883
0.0343086
0.0308116
0.0272935
0.0237533
0.0201836
0.0165922
0.0129549
0.00931476
0.00557624
0.00192862
-13.2861
-13.2102
-13.4639
-14.9079
-17.4018
-20.3561
-22.8027
-23.9126
-23.349
-21.3822
-18.6124
-15.6222
-12.8064
-10.3497
-8.28863
-6.59258
-5.21074
-4.09005
-3.18263
-2.4484
-1.85473
-1.3752
-0.9884
-0.676947
-0.42675
-0.226425
-0.0667963
0.059557
0.158638
0.235338
0.293714
0.337107
0.36826
0.389442
0.402546
0.409143
0.410539
0.407821
0.401891
0.393498
0.383258
0.37168
0.35918
0.346096
0.332702
0.319217
0.305814
0.292627
0.279758
0.267283
0.255257
0.243716
0.232681
0.222163
0.212162
0.20267
0.193675
0.185158
0.177099
0.169475
0.162262
0.155435
0.148966
0.142832
0.137006
0.131464
0.126182
0.121137
0.116308
0.111673
0.107213
0.10291
0.0987477
0.0947086
0.0907787
0.0869439
0.0831918
0.0795105
0.0758895
0.0723186
0.068789
0.0652923
0.0618211
0.0583684
0.0549281
0.0514941
0.0480617
0.0446257
0.0411822
0.0377269
0.0342566
0.0307679
0.0272571
0.0237233
0.0201595
0.0165732
0.0129407
0.00930476
0.00557001
0.00192796
-12.9758
-13.1703
-13.589
-14.8461
-16.822
-19.0175
-20.7646
-21.5105
-21.0161
-19.4265
-17.148
-14.6243
-12.1823
-9.99408
-8.1139
-6.53524
-5.22721
-4.15134
-3.26984
-2.54929
-1.96141
-1.48264
-1.09345
-0.777726
-0.522185
-0.315985
-0.150292
-0.0179111
0.0870469
0.169402
0.233121
0.281516
0.317343
0.342879
0.360019
0.370347
0.375183
0.375632
0.372611
0.366886
0.35909
0.349749
0.339293
0.328077
0.316387
0.304454
0.292466
0.280566
0.268869
0.257459
0.246401
0.235738
0.2255
0.215705
0.206359
0.19746
0.189001
0.18097
0.173349
0.166122
0.159266
0.15276
0.146581
0.140708
0.135116
0.129784
0.124691
0.119815
0.115137
0.110638
0.106299
0.102104
0.098037
0.0940833
0.0902293
0.0864619
0.0827695
0.0791411
0.0755668
0.0720372
0.068544
0.0650793
0.0616364
0.0582083
0.0547897
0.0513747
0.0479589
0.0445375
0.0411069
0.0376629
0.0342023
0.0307222
0.027219
0.0236919
0.0201342
0.0165532
0.0129258
0.00929422
0.00556346
0.00192724
-12.7278
-13.056
-13.5342
-14.5449
-16.0336
-17.6608
-18.957
-19.4934
-19.0585
-17.7425
-15.8466
-13.7083
-11.5889
-9.64157
-7.93022
-6.46536
-5.23154
-4.20244
-3.34916
-2.64442
-2.06413
-1.58755
-1.19709
-0.877924
-0.617652
-0.406015
-0.234565
-0.0963576
0.0143294
0.102231
0.171266
0.224681
0.265204
0.29512
0.316339
0.33045
0.338783
0.342456
0.342405
0.339408
0.334116
0.327068
0.318712
0.309415
0.299479
0.289148
0.278619
0.268049
0.257563
0.247255
0.237198
0.227445
0.218033
0.208988
0.200322
0.192039
0.184137
0.17661
0.169446
0.16263
0.156145
0.149974
0.144097
0.138495
0.133147
0.128035
0.123138
0.118438
0.113917
0.109559
0.105346
0.101263
0.0972964
0.0934318
0.0896568
0.0859596
0.0823294
0.0787561
0.0752305
0.0717438
0.0682885
0.0648572
0.0614436
0.0580414
0.0546454
0.0512504
0.047852
0.0444459
0.0410284
0.0375961
0.0341458
0.0306747
0.0271794
0.0236594
0.0201079
0.0165324
0.0129104
0.00928323
0.00555701
0.00192596
-12.493
-12.8692
-13.3591
-14.1981
-15.355
-16.5709
-17.4961
-17.8223
-17.401
-16.2904
-14.6985
-12.8751
-11.0292
-9.29543
-7.74023
-6.38459
-5.22449
-4.24349
-3.42034
-2.73336
-2.16239
-1.68944
-1.29885
-0.977118
-0.712781
-0.4962
-0.319351
-0.17557
-0.059319
0.0340111
0.108271
0.166676
0.211912
0.246237
0.271561
0.289493
0.30137
0.30832
0.311291
0.311077
0.308344
0.303645
0.297442
0.290116
0.281982
0.273297
0.264272
0.255074
0.245837
0.236667
0.227646
0.218834
0.210278
0.202009
0.194047
0.186403
0.17908
0.172076
0.165385
0.158996
0.152898
0.147074
0.141511
0.136191
0.131097
0.126212
0.12152
0.117003
0.112647
0.108435
0.104353
0.100387
0.0965246
0.0927527
0.0890601
0.0854361
0.0818707
0.0783548
0.0748799
0.0714381
0.0680223
0.0646259
0.0612428
0.0578675
0.0544951
0.0511207
0.0477404
0.0443501
0.0409466
0.0375265
0.0340869
0.0306251
0.0271381
0.0236253
0.0200805
0.0165107
0.0128944
0.00927167
0.00555061
0.00192386
-12.2601
-12.6409
-13.1076
-13.7913
-14.6669
-15.55
-16.1942
-16.3768
-15.9791
-15.0308
-13.6796
-12.1148
-10.5025
-8.95834
-7.54669
-6.29487
-5.20715
-4.27491
-3.4834
-2.81588
-2.25582
-1.7879
-1.39832
-1.07494
-0.807251
-0.586266
-0.404417
-0.255352
-0.133744
-0.0351202
0.0442737
0.107598
0.157516
0.196265
0.225729
0.247511
0.262968
0.27324
0.279283
0.281904
0.28178
0.279481
0.275481
0.270176
0.263892
0.256901
0.249422
0.241636
0.233688
0.225693
0.21774
0.209902
0.20223
0.194765
0.187532
0.18055
0.173826
0.167365
0.161165
0.15522
0.149522
0.14406
0.138822
0.133795
0.128965
0.124317
0.119837
0.115511
0.111325
0.107266
0.10332
0.0994759
0.0957216
0.0920461
0.0884392
0.0848913
0.0813934
0.0779372
0.0745151
0.0711199
0.0677453
0.064385
0.0610338
0.0576865
0.0543386
0.0509858
0.0476244
0.0442507
0.0408616
0.0374542
0.0340256
0.0305736
0.0270951
0.02359
0.0200521
0.0164882
0.0128778
0.00925959
0.00554436
0.00192103
-12.0197
-12.3786
-12.8002
-13.3535
-14.0163
-14.6553
-15.0894
-15.1549
-14.7642
-13.9361
-12.7758
-11.4234
-10.0099
-8.63264
-7.35193
-6.19795
-5.18058
-4.2972
-3.5384
-2.89178
-2.34411
-1.88254
-1.49511
-1.17102
-0.900717
-0.675904
-0.489496
-0.335476
-0.20875
-0.105004
-0.0205898
0.0475834
0.10213
0.145272
0.178883
0.204549
0.223623
0.23725
0.246405
0.251905
0.25444
0.25459
0.252841
0.249603
0.245215
0.239961
0.234071
0.227738
0.221116
0.21433
0.207481
0.200646
0.193888
0.187253
0.180775
0.174477
0.168374
0.162474
0.156783
0.151298
0.146015
0.140928
0.136028
0.131305
0.126748
0.122346
0.118087
0.113959
0.10995
0.10605
0.102246
0.0985281
0.0948864
0.0913112
0.0877934
0.0843246
0.0808969
0.0775028
0.0741356
0.070789
0.0674571
0.0641345
0.0608164
0.0574982
0.0541759
0.0508454
0.0475036
0.0441471
0.0407731
0.0373788
0.0339618
0.0305199
0.0270505
0.0235532
0.0200224
0.0164647
0.0128605
0.00924691
0.00553822
0.00191731
-11.7704
-12.094
-12.4604
-12.9013
-13.3935
-13.8401
-14.111
-14.0885
-13.7075
-12.9771
-11.971
-10.7943
-9.55003
-8.31976
-7.15798
-6.09555
-5.14592
-4.31095
-3.58555
-2.96099
-2.42701
-1.97305
-1.58888
-1.26501
-0.992852
-0.76482
-0.574328
-0.415717
-0.284145
-0.175477
-0.0861836
-0.0132577
0.0458631
0.0933603
0.131093
0.160645
0.18336
0.200382
0.212688
0.221105
0.226339
0.228981
0.229529
0.228404
0.225956
0.22248
0.218221
0.213379
0.208121
0.20258
0.196866
0.191067
0.185251
0.179473
0.173774
0.168183
0.162721
0.157404
0.152238
0.147229
0.142377
0.137678
0.133128
0.128721
0.124448
0.120301
0.116271
0.112348
0.108523
0.104787
0.10113
0.0975437
0.094019
0.0905479
0.0871227
0.083736
0.0803811
0.0770516
0.0737414
0.0704451
0.0671577
0.0638742
0.0605905
0.0573026
0.0540068
0.0506997
0.0473783
0.0440396
0.0406812
0.0373006
0.0338956
0.0304642
0.0270041
0.0235149
0.0199917
0.0164403
0.0128427
0.00923366
0.00553226
0.0019127
-11.5118
-11.7938
-12.1015
-12.4455
-12.8032
-13.1041
-13.2533
-13.1651
-12.7911
-12.1365
-11.2541
-10.2225
-9.12234
-8.02094
-6.96659
-5.98924
-5.1043
-4.31684
-3.62513
-3.02353
-2.50437
-2.05914
-1.67929
-1.35656
-1.08333
-0.852714
-0.658643
-0.495836
-0.359722
-0.246359
-0.152354
-0.0747934
-0.0111803
0.0406261
0.082457
0.115878
0.142234
0.162669
0.178157
0.189533
0.197506
0.202678
0.205561
0.206589
0.206123
0.204468
0.201878
0.198565
0.194706
0.190444
0.185898
0.181164
0.176319
0.171425
0.166529
0.161668
0.156869
0.152152
0.147531
0.143014
0.138606
0.134309
0.130122
0.126041
0.122062
0.118179
0.114387
0.110677
0.107043
0.103477
0.0999726
0.0965222
0.0931188
0.0897557
0.0864265
0.0831251
0.0798458
0.0765832
0.0733323
0.0700883
0.0668469
0.0636041
0.0603561
0.0570996
0.0538313
0.0505484
0.0472481
0.043928
0.0405858
0.0372194
0.0338268
0.0304064
0.026956
0.0234753
0.0199599
0.016415
0.0128243
0.00921978
0.00552644
0.00190711
-11.2463
-11.4846
-11.7346
-11.9955
-12.2462
-12.434
-12.49
-12.3525
-11.9862
-11.3938
-10.613
-9.70242
-8.72523
-7.73679
-6.77915
-5.88044
-5.05686
-4.3156
-3.65753
-3.0795
-2.57607
-2.14062
-1.76607
-1.44539
-1.17185
-0.939295
-0.742173
-0.575593
-0.435269
-0.317466
-0.218941
-0.136887
-0.0688808
-0.0128329
0.0330552
0.0703303
0.100322
0.124169
0.142853
0.157212
0.167957
0.175699
0.18096
0.184179
0.185731
0.185932
0.185048
0.183301
0.180876
0.177927
0.17458
0.170941
0.167094
0.163109
0.159041
0.154932
0.150817
0.146719
0.14266
0.138652
0.134704
0.130822
0.127009
0.123266
0.119591
0.115982
0.112435
0.108945
0.105509
0.10212
0.0987732
0.0954637
0.0921859
0.0889347
0.085705
0.082492
0.079291
0.0760977
0.0729081
0.0697183
0.0665248
0.063324
0.0601131
0.0568891
0.0536494
0.0503915
0.0471132
0.0438123
0.0404869
0.0371353
0.0337556
0.0303465
0.0269061
0.0234342
0.0199268
0.0163887
0.0128053
0.0092053
0.00552079
0.00190057
-10.976
-11.1712
-11.3669
-11.557
-11.7222
-11.823
-11.8093
-11.6362
-11.2783
-10.7368
-10.0391
-9.22951
-8.35732
-7.46772
-6.59685
-5.77044
-5.00467
-4.30799
-3.68316
-3.12906
-2.64211
-2.21732
-1.84899
-1.5312
-1.25813
-1.02428
-0.824652
-0.654743
-0.510565
-0.388602
-0.285774
-0.19939
-0.12711
-0.066905
-0.0170154
0.0240782
0.0576901
0.0849529
0.106841
0.124193
0.13773
0.148071
0.15574
0.161186
0.164794
0.16689
0.167748
0.1676
0.166641
0.165034
0.162917
0.160401
0.15758
0.15453
0.151313
0.147978
0.144566
0.141108
0.137627
0.134143
0.130669
0.127216
0.123791
0.120396
0.117035
0.113709
0.110415
0.107154
0.103921
0.100715
0.0975316
0.0943679
0.0912202
0.0880848
0.084958
0.0818364
0.0787165
0.0755951
0.072469
0.0693353
0.0661912
0.0630341
0.0598615
0.0566712
0.0534611
0.0502291
0.0469735
0.0436925
0.0403846
0.0370482
0.0336819
0.0302845
0.0268545
0.0233917
0.0198927
0.0163615
0.0127856
0.0091902
0.00551528
0.00189307
-10.7037
-10.858
-11.004
-11.134
-11.231
-11.2646
-11.1982
-10.9998
-10.6507
-10.1519
-9.5236
-8.79904
-8.01683
-7.21375
-6.42056
-5.66037
-4.94873
-4.29476
-3.70253
-3.17246
-2.70252
-2.28915
-1.92786
-1.61377
-1.34189
-1.10741
-0.905823
-0.733045
-0.585388
-0.459568
-0.352675
-0.262145
-0.185732
-0.121472
-0.0676528
-0.0227874
0.0144172
0.0450809
0.0701735
0.0905327
0.10688
0.119836
0.129935
0.137636
0.143331
0.147353
0.149985
0.151468
0.152009
0.151777
0.150918
0.149553
0.147782
0.145691
0.143348
0.140809
0.13812
0.135319
0.132434
0.12949
0.126505
0.123494
0.120467
0.117432
0.114395
0.11136
0.108329
0.105302
0.10228
0.0992629
0.0962484
0.0932354
0.090222
0.0872062
0.0841858
0.0811587
0.0781226
0.0750754
0.072015
0.0689393
0.0658463
0.0627343
0.0596014
0.0564459
0.0532664
0.0500612
0.0468291
0.0435687
0.0402787
0.0369581
0.0336057
0.0302204
0.0268012
0.0233477
0.0198574
0.0163334
0.0127654
0.00917449
0.0055099
0.00188465
-10.4315
-10.5479
-10.6498
-10.7291
-10.7713
-10.7531
-10.6477
-10.4319
-10.0924
-9.63006
-9.05982
-8.40711
-7.70214
-6.97476
-6.25097
-5.55119
-4.89
-4.27668
-3.71615
-3.20999
-2.75742
-2.35607
-2.00255
-1.69289
-1.42291
-1.18842
-0.985434
-0.810258
-0.659516
-0.530159
-0.419459
-0.324988
-0.244599
-0.176404
-0.118744
-0.0701687
-0.0294121
0.00463001
0.0329172
0.0562824
0.0754476
0.0910376
0.103591
0.11357
0.121375
0.127348
0.131781
0.134925
0.136993
0.138164
0.13859
0.138401
0.137707
0.136599
0.135152
0.13343
0.131483
0.129356
0.127084
0.124695
0.122213
0.119656
0.11704
0.114375
0.111672
0.108938
0.106176
0.103392
0.100587
0.0977645
0.094924
0.0920664
0.0891916
0.0862992
0.0833886
0.080459
0.0775094
0.0745389
0.0715462
0.0685304
0.0654903
0.0624247
0.0593328
0.0562133
0.0530653
0.0498879
0.04668
0.0434408
0.0401695
0.0368651
0.033527
0.0301543
0.0267461
0.0233023
0.019821
0.0163044
0.0127446
0.00915819
0.00550463
0.00187536
-10.1618
-10.2437
-10.3069
-10.3437
-10.3421
-10.284
-10.1497
-9.9226
-9.59318
-9.1623
-8.64135
-8.04982
-7.41144
-6.7504
-6.08854
-5.44372
-4.82934
-4.25449
-3.72456
-3.24199
-2.80695
-2.41809
-2.07295
-1.7684
-1.50097
-1.26709
-1.06325
-0.886151
-0.732727
-0.60017
-0.485938
-0.387747
-0.303558
-0.231564
-0.170167
-0.117959
-0.0737036
-0.0363187
-0.0048572
0.0215069
0.0434922
0.0617236
0.0767428
0.0890186
0.0989569
0.106906
0.113166
0.117995
0.121615
0.124212
0.125948
0.12696
0.127365
0.127262
0.126732
0.125846
0.12466
0.123225
0.121581
0.119762
0.117796
0.115706
0.113511
0.111228
0.108868
0.106442
0.103959
0.101424
0.0988433
0.0962207
0.0935594
0.0908618
0.0881297
0.0853645
0.082567
0.0797379
0.0768775
0.0739858
0.071063
0.0681089
0.0651232
0.0621057
0.0590559
0.0559735
0.0528581
0.0497092
0.0465263
0.043309
0.0400569
0.0367693
0.0334459
0.0300861
0.0266894
0.0232556
0.0197835
0.0162744
0.0127232
0.00914129
0.00549944
0.0018653
-9.89632
-9.94742
-9.97698
-9.97842
-9.94181
-9.85318
-9.69794
-9.46411
-9.14509
-8.74181
-8.26305
-7.7239
-7.14309
-6.54023
-5.93358
-5.33864
-4.76751
-4.22888
-3.72832
-3.26883
-2.85134
-2.47529
-2.13903
-1.84018
-1.57591
-1.34321
-1.13905
-0.960501
-0.804803
-0.669392
-0.551918
-0.450245
-0.362449
-0.286809
-0.221793
-0.166042
-0.118355
-0.0776737
-0.0430687
-0.013724
0.0110739
0.0319484
0.0494423
0.0640276
0.0761144
0.0860579
0.0941652
0.100702
0.105896
0.109943
0.113012
0.115246
0.116772
0.117693
0.118099
0.118066
0.117659
0.116931
0.11593
0.114695
0.113258
0.111647
0.109886
0.107993
0.105986
0.103877
0.101679
0.0994003
0.0970494
0.0946327
0.0921556
0.0896226
0.0870373
0.0844028
0.0817217
0.0789959
0.0762271
0.0734168
0.0705658
0.0676752
0.0647455
0.0617773
0.058771
0.0557267
0.0526448
0.0495253
0.0463682
0.0431734
0.039941
0.0366707
0.0333625
0.0300159
0.026631
0.0232075
0.0197449
0.0162437
0.0127012
0.00912385
0.0054943
0.00185459
-9.63677
-9.66058
-9.66126
-9.63337
-9.56894
-9.45705
-9.28688
-9.04984
-8.7414
-8.36257
-7.92025
-7.42625
-6.89543
-6.34369
-5.78627
-5.2365
-4.70521
-4.20051
-3.72797
-3.2909
-2.89081
-2.52776
-2.20079
-1.90813
-1.64757
-1.4166
-1.21263
-1.03309
-0.875532
-0.737623
-0.617207
-0.512303
-0.421105
-0.341986
-0.273484
-0.214294
-0.163254
-0.119336
-0.0816294
-0.0493314
-0.0217369
0.0017736
0.0217422
0.0386429
0.0528896
0.0648421
0.0748134
0.0830751
0.0898624
0.0953786
0.099799
0.103276
0.105941
0.107905
0.109265
0.110103
0.11049
0.110485
0.110141
0.109503
0.108607
0.107486
0.106167
0.104675
0.103028
0.101245
0.099339
0.0973233
0.0952081
0.0930026
0.0907144
0.0883501
0.0859155
0.0834152
0.0808535
0.0782338
0.0755592
0.0728322
0.0700551
0.0672297
0.0643575
0.06144
0.0584783
0.0554733
0.0524258
0.0493364
0.0462057
0.0430341
0.039822
0.0365694
0.0332768
0.0299439
0.0265711
0.0231581
0.0197053
0.016212
0.0126787
0.00910588
0.00548915
0.00184333
-9.38432
-9.38421
-9.36033
-9.30834
-9.22189
-9.09247
-8.91201
-8.67439
-8.37655
-8.01959
-7.60903
-7.15419
-6.66693
-6.16018
-5.64664
-5.13773
-4.64303
-4.17
-3.72404
-3.30863
-2.92565
-2.57567
-2.25825
-1.97222
-1.71585
-1.4871
-1.2838
-1.10373
-0.944712
-0.80466
-0.68161
-0.573736
-0.479355
-0.396937
-0.325096
-0.262584
-0.208284
-0.161199
-0.120443
-0.0852292
-0.0548633
-0.0287319
-0.0062953
0.0129205
0.0293313
0.043301
0.0551474
0.065148
0.0735443
0.0805457
0.0863352
0.0910711
0.0948915
0.0979152
0.100245
0.101968
0.103163
0.103895
0.104221
0.104191
0.103847
0.103227
0.102361
0.101277
0.1
0.0985491
0.0969425
0.0951955
0.0933216
0.0913322
0.0892375
0.0870462
0.0847658
0.082403
0.0799636
0.0774527
0.0748745
0.0722331
0.0695316
0.066773
0.0639598
0.0610942
0.0581782
0.0552134
0.0522012
0.0491427
0.0460392
0.0428913
0.0397
0.0364656
0.0331889
0.02987
0.0265097
0.0231075
0.0196647
0.0161796
0.0126557
0.00908744
0.00548396
0.00183166
-9.14003
-9.11916
-9.07455
-9.00286
-8.89913
-8.75667
-8.56948
-8.33321
-8.04588
-7.70862
-7.32594
-6.90526
-6.45612
-5.98907
-5.51467
-5.04267
-4.58149
-4.13791
-3.71705
-3.32242
-2.95615
-2.61918
-2.31151
-2.03243
-1.78066
-1.55459
-1.35241
-1.17223
-1.01215
-0.870308
-0.744936
-0.63436
-0.537025
-0.4515
-0.376477
-0.310772
-0.253316
-0.203146
-0.159404
-0.121322
-0.0882198
-0.0594912
-0.0346016
-0.0130784
0.00549489
0.0214847
0.0352128
0.0469614
0.0569772
0.0654764
0.0726475
0.0786562
0.0836462
0.0877432
0.0910558
0.0936788
0.0956946
0.097175
0.0981826
0.0987719
0.0989903
0.0988792
0.0984746
0.0978081
0.0969069
0.0957952
0.0944938
0.0930213
0.0913936
0.089625
0.0877279
0.0857132
0.0835904
0.0813681
0.0790538
0.0766539
0.0741744
0.0716203
0.0689961
0.0663059
0.063553
0.0607406
0.0578714
0.0549476
0.0519715
0.0489447
0.0458689
0.0427453
0.0395752
0.0363595
0.0330991
0.0297945
0.0264469
0.0230557
0.0196233
0.0161465
0.0126322
0.00906857
0.0054787
0.0018197
-8.90465
-8.8659
-8.80394
-8.71631
-8.59914
-8.44718
-8.25598
-8.02248
-7.74547
-7.42608
-7.06803
-6.67732
-6.26168
-5.82972
-5.39025
-4.95157
-4.52103
-4.10475
-3.70748
-3.33269
-2.98262
-2.6585
-2.36067
-2.08878
-1.84196
-1.61896
-1.41832
-1.23843
-1.07766
-0.93438
-0.806996
-0.693991
-0.593937
-0.505505
-0.427471
-0.358714
-0.298215
-0.245054
-0.1984
-0.157509
-0.121714
-0.0904206
-0.063101
-0.0392856
-0.0185586
-0.000552405
0.0150577
0.0285578
0.0401997
0.0502045
0.0587672
0.0660586
0.0722294
0.0774107
0.0817175
0.0852505
0.0880978
0.090337
0.0920358
0.0932539
0.0940433
0.0944502
0.0945146
0.0942721
0.0937538
0.0929874
0.0919969
0.0908039
0.0894272
0.0878836
0.0861878
0.0843531
0.0823911
0.0803121
0.0781253
0.0758388
0.0734599
0.070995
0.0684497
0.0658292
0.0631378
0.0603797
0.0575581
0.0546764
0.0517371
0.0487426
0.0456951
0.0425963
0.0394479
0.0362512
0.0330075
0.0297175
0.0263828
0.0230029
0.019581
0.0161127
0.0126082
0.00904933
0.00547331
0.00180757
-8.67881
-8.62479
-8.54841
-8.44797
-8.32048
-8.16183
-7.9687
-7.73898
-7.472
-7.16888
-6.83273
-6.46846
-6.08235
-5.68149
-5.27322
-4.8646
-4.46203
-4.07096
-3.69579
-3.33984
-3.0054
-2.69387
-2.40585
-2.14132
-1.89972
-1.68014
-1.4814
-1.30218
-1.14108
-0.996698
-0.867607
-0.752446
-0.649914
-0.558783
-0.477915
-0.406255
-0.342841
-0.286791
-0.23731
-0.193676
-0.155242
-0.121426
-0.0917077
-0.0656229
-0.042758
-0.0227453
-0.0052584
0.00999177
0.0232609
0.0347752
0.0447342
0.0533153
0.0606739
0.0669476
0.072257
0.0767085
0.0803959
0.0834021
0.0858001
0.0876545
0.0890222
0.0899536
0.0904933
0.0906808
0.0905509
0.0901347
0.0894597
0.0885504
0.0874285
0.0861133
0.0846222
0.0829704
0.0811717
0.0792383
0.0771811
0.0750099
0.0727332
0.070359
0.0678939
0.0653443
0.0627156
0.0600125
0.0572396
0.0544005
0.0514986
0.048537
0.0455183
0.0424447
0.0393184
0.036141
0.0329143
0.0296392
0.0263177
0.0229493
0.019538
0.0160784
0.0125838
0.00902979
0.00546779
0.00179541
-8.46289
-8.39592
-8.30769
-8.19708
-8.06181
-7.89866
-7.70518
-7.47994
-7.22265
-6.9344
-6.61783
-6.27698
-5.917
-5.54376
-5.16339
-4.78189
-4.4048
-4.03697
-3.68241
-3.34426
-3.0248
-2.72553
-2.44724
-2.19014
-1.95397
-1.73808
-1.54156
-1.36334
-1.20226
-1.05709
-0.926592
-0.809547
-0.704777
-0.611161
-0.527643
-0.45324
-0.387044
-0.32822
-0.276006
-0.229708
-0.188698
-0.15241
-0.120334
-0.0920112
-0.0670323
-0.0450307
-0.0256794
-0.00868725
0.00620477
0.0192265
0.030583
0.0404556
0.049006
0.0563767
0.0626939
0.0680696
0.0726031
0.0763823
0.0794856
0.0819824
0.0839342
0.0853959
0.0864163
0.0870388
0.0873021
0.0872407
0.0868853
0.0862635
0.0853999
0.0843164
0.0830327
0.0815666
0.0799336
0.078148
0.0762223
0.074168
0.0719952
0.069713
0.0673295
0.0648519
0.0622867
0.0596397
0.056916
0.0541203
0.0512565
0.0483282
0.0453388
0.0422908
0.0391869
0.0360292
0.0328197
0.0295597
0.0262516
0.0228948
0.0194944
0.0160435
0.0125591
0.00901001
0.00546206
0.00178332
-8.25724
-8.17939
-8.08148
-7.96289
-7.82189
-7.65597
-7.46332
-7.24303
-6.99504
-6.72042
-6.42141
-6.1014
-5.76462
-5.41595
-5.06054
-4.70349
-4.3496
-4.00313
-3.66774
-3.34634
-3.04116
-2.75373
-2.48499
-2.23534
-2.00473
-1.79275
-1.59872
-1.42182
-1.26106
-1.1154
-0.98378
-0.865115
-0.758348
-0.662461
-0.576483
-0.499502
-0.430667
-0.36919
-0.314346
-0.26547
-0.221957
-0.183256
-0.14887
-0.118348
-0.0912856
-0.0673191
-0.0461217
-0.0274012
-0.0108963
0.00362666
0.0163759
0.0275383
0.0372795
0.0457478
0.0530744
0.0593766
0.0647587
0.0693141
0.0731259
0.0762681
0.0788072
0.0808024
0.0823065
0.0833669
0.084026
0.0843219
0.0842885
0.0839565
0.0833532
0.0825033
0.0814289
0.0801498
0.078684
0.0770474
0.0752546
0.0733183
0.0712503
0.0690609
0.0667596
0.0643547
0.0618537
0.0592632
0.0565894
0.0538374
0.051012
0.0481175
0.0451575
0.0421355
0.0390542
0.0359163
0.0327242
0.0294794
0.0261849
0.0228398
0.0194503
0.0160084
0.0125341
0.00899013
0.00545618
0.00177145
-8.06198
-7.97505
-7.86934
-7.7446
-7.59955
-7.43222
-7.24128
-7.0262
-6.7871
-6.52498
-6.2418
-5.94038
-5.62426
-5.29751
-4.96446
-4.62945
-4.29663
-3.96977
-3.65213
-3.34643
-3.05478
-2.77874
-2.51931
-2.27704
-2.05206
-1.84415
-1.65285
-1.47751
-1.31734
-1.17148
-1.03901
-0.918983
-0.810456
-0.712513
-0.624268
-0.54488
-0.473557
-0.409559
-0.352199
-0.300842
-0.254908
-0.213865
-0.177227
-0.144555
-0.115451
-0.0895524
-0.0665359
-0.0461086
-0.0280076
-0.011997
0.00213566
0.0145803
0.0255079
0.0350707
0.0434052
0.0506335
0.0568649
0.0621977
0.0667197
0.0705098
0.0736388
0.07617
0.0781606
0.0796617
0.0807194
0.0813752
0.0816664
0.0816265
0.0812858
0.0806716
0.0798083
0.0787182
0.0774212
0.0759352
0.0742764
0.0724593
0.0704972
0.0684018
0.0661836
0.0638521
0.061416
0.0588827
0.0562591
0.0535514
0.0507649
0.0479044
0.0449744
0.0419784
0.0389201
0.0358022
0.0326277
0.0293984
0.0261175
0.0227843
0.0194059
0.0159729
0.0125088
0.0089701
0.00544999
0.00175985
-7.87733
-7.78291
-7.67097
-7.54159
-7.39381
-7.2261
-7.03751
-6.82776
-6.59711
-6.34648
-6.07759
-5.79281
-5.49512
-5.18795
-4.87493
-4.55978
-4.24609
-3.93716
-3.63593
-3.34487
-3.066
-2.80082
-2.5504
-2.31539
-2.09603
-1.8923
-1.70389
-1.53033
-1.37101
-1.2252
-1.09213
-0.970976
-0.860916
-0.761128
-0.670807
-0.589185
-0.515527
-0.449142
-0.389383
-0.335648
-0.287382
-0.244071
-0.205247
-0.17048
-0.139378
-0.111587
-0.0867839
-0.064677
-0.0450028
-0.027523
-0.0120231
0.00169117
0.0137939
0.0244423
0.0337771
0.0419253
0.0490008
0.0551066
0.0603352
0.06477
0.0684861
0.0715511
0.0740262
0.0759664
0.0774213
0.0784358
0.0790505
0.0793019
0.079223
0.0788438
0.0781912
0.0772895
0.0761608
0.074825
0.0733
0.071602
0.0697456
0.0677438
0.0656085
0.0633504
0.060979
0.0585028
0.0559295
0.0532659
0.0505182
0.0476918
0.0447915
0.0418217
0.0387862
0.0356884
0.0325315
0.0293175
0.0260502
0.022729
0.0193615
0.0159376
0.0124837
0.0089503
0.00544373
0.00174876
-7.70315
-7.60259
-7.4858
-7.35303
-7.20361
-7.03633
-6.85055
-6.64616
-6.4235
-6.18344
-5.92747
-5.65763
-5.37643
-5.08676
-4.79171
-4.49446
-4.1981
-3.90555
-3.61942
-3.34198
-3.07509
-2.82023
-2.57847
-2.35052
-2.13675
-1.93724
-1.75185
-1.58025
-1.42197
-1.27644
-1.143
-1.02095
-0.909584
-0.808159
-0.715959
-0.632281
-0.556451
-0.487826
-0.4258
-0.369803
-0.319307
-0.27382
-0.232887
-0.196093
-0.163054
-0.133421
-0.106874
-0.0831241
-0.061907
-0.0429839
-0.0261372
-0.0111708
0.00209369
0.0138168
0.0241436
0.0332052
0.0411202
0.0479958
0.053929
0.0590073
0.0633102
0.0669093
0.0698695
0.0722496
0.0741029
0.0754775
0.076417
0.076961
0.0771454
0.0770025
0.0765618
0.0758498
0.0748906
0.0737061
0.0723159
0.0707377
0.0689877
0.0670804
0.0650288
0.0628446
0.0605385
0.0581198
0.0555972
0.0529781
0.0502695
0.0474774
0.0446072
0.0416637
0.0386513
0.0355737
0.0324344
0.029236
0.0259825
0.0226732
0.0193168
0.015902
0.0124582
0.00893037
0.00543698
0.00173806
-7.53982
-7.43428
-7.31372
-7.17857
-7.02834
-6.8621
-6.67941
-6.48029
-6.26514
-6.03477
-5.7905
-5.53406
-5.26761
-4.9936
-4.71465
-4.4335
-4.15283
-3.87519
-3.60292
-3.33807
-3.08238
-2.83724
-2.60374
-2.3826
-2.17429
-1.979
-1.7967
-1.62719
-1.47012
-1.32505
-1.19144
-1.06871
-0.95623
-0.853363
-0.759464
-0.673899
-0.596051
-0.525326
-0.461158
-0.403013
-0.350388
-0.302813
-0.259852
-0.2211
-0.186186
-0.154765
-0.126523
-0.101173
-0.078452
-0.0581194
-0.0399573
-0.0237661
-0.00936519
0.00340988
0.014708
0.0246643
0.0334016
0.0410313
0.0476547
0.0533635
0.0582411
0.0623633
0.0657987
0.0686098
0.0708532
0.0725803
0.073838
0.0746686
0.0751107
0.0751993
0.074966
0.0744398
0.0736466
0.0726102
0.071352
0.0698912
0.0682455
0.0664307
0.064461
0.0623492
0.060107
0.0577447
0.0552716
0.0526962
0.0500259
0.0472674
0.0444267
0.041509
0.0385192
0.0354613
0.0323395
0.0291562
0.0259162
0.0226187
0.0192732
0.0158674
0.0124333
0.00891121
0.00543042
0.00172825
-7.38669
-7.27718
-7.15381
-7.01713
-6.86679
-6.70206
-6.52266
-6.32873
-6.12066
-5.89921
-5.66554
-5.42118
-5.16795
-4.90796
-4.64346
-4.3768
-4.1103
-3.84622
-3.58663
-3.33339
-3.0881
-2.85209
-2.62641
-2.41182
-2.20882
-2.01769
-1.8385
-1.67117
-1.51545
-1.37101
-1.23743
-1.11421
-1.00082
-0.896713
-0.801309
-0.714042
-0.634349
-0.561686
-0.495526
-0.435368
-0.380737
-0.331186
-0.286295
-0.245675
-0.208962
-0.175822
-0.145944
-0.119044
-0.0948617
-0.0731565
-0.0537087
-0.036318
-0.0208007
-0.00698971
0.0052671
0.0161085
0.025661
0.0340399
0.0413503
0.0476877
0.0531394
0.0577848
0.0616962
0.0649395
0.0675746
0.0696561
0.0712338
0.072353
0.0730548
0.0733767
0.0733529
0.0730141
0.0723886
0.0715018
0.0703769
0.0690349
0.0674946
0.0657733
0.0638864
0.0618479
0.0596704
0.0573651
0.0549423
0.0524111
0.0497796
0.0470551
0.0442442
0.0413526
0.0383857
0.0353478
0.0322435
0.0290756
0.0258492
0.0225636
0.0192289
0.0158322
0.0124079
0.00889169
0.00542301
0.00171877
-7.24486
-7.13219
-7.00674
-6.86914
-6.71914
-6.55618
-6.38012
-6.19113
-5.98963
-5.77633
-5.55225
-5.3187
-5.07729
-4.82981
-4.57821
-4.32452
-4.07077
-3.81894
-3.57088
-3.32826
-3.09256
-2.86503
-2.64668
-2.43828
-2.24036
-2.05328
-1.87717
-1.71203
-1.55774
-1.41404
-1.28061
-1.15705
-1.04292
-0.937723
-0.840971
-0.752152
-0.670759
-0.596294
-0.528269
-0.466217
-0.40969
-0.358263
-0.311537
-0.269134
-0.230704
-0.195918
-0.164474
-0.13609
-0.110507
-0.087486
-0.0668069
-0.048267
-0.0316812
-0.0168793
-0.00370602
0.00798083
0.0183114
0.0274047
0.0353696
0.0423056
0.0483034
0.0534462
0.0578098
0.0614633
0.0644701
0.0668877
0.0687688
0.0701615
0.0711093
0.0716522
0.0718266
0.0716653
0.0711984
0.0704533
0.0694546
0.0682248
0.0667843
0.0651515
0.063343
0.0613738
0.0592574
0.0570061
0.0546308
0.0521413
0.0495465
0.0468542
0.0440715
0.0412047
0.0382594
0.0352404
0.0321528
0.0289995
0.0257859
0.0225117
0.0191873
0.0157994
0.0123843
0.00887397
0.00541644
0.00171079
-7.11247
-6.99742
-6.87059
-6.73265
-6.58344
-6.42252
-6.24984
-6.06564
-5.87031
-5.66452
-5.44916
-5.2254
-4.99463
-4.75839
-4.51837
-4.27635
-4.03409
-3.79334
-3.55576
-3.32286
-3.096
-2.87634
-2.66485
-2.4623
-2.26924
-2.08607
-1.91299
-1.75008
-1.59729
-1.45446
-1.32134
-1.19761
-1.08291
-0.976819
-0.878911
-0.788731
-0.705823
-0.62973
-0.560006
-0.496213
-0.437932
-0.38476
-0.336314
-0.292233
-0.252176
-0.215825
-0.182882
-0.153071
-0.126136
-0.101838
-0.0799587
-0.0602941
-0.0426575
-0.0268774
-0.0127958
-0.000268028
0.0108392
0.020648
0.0292704
0.0368093
0.0433588
0.0490053
0.0538277
0.0578985
0.0612839
0.0640445
0.0662357
0.0679081
0.069108
0.0698776
0.0702553
0.0702764
0.0699726
0.0693731
0.0685043
0.0673901
0.0660524
0.0645107
0.0627829
0.0608851
0.0588319
0.0566362
0.0543099
0.0518635
0.0493065
0.0466473
0.0438937
0.0410523
0.0381293
0.0351299
0.0320593
0.028921
0.0257207
0.022458
0.0191442
0.0157652
0.0123592
0.00885513
0.00540818
0.00170281
-6.99248
-6.87557
-6.74779
-6.60984
-6.46159
-6.30274
-6.13328
-5.95349
-5.76375
-5.56467
-5.35707
-5.14199
-4.92061
-4.69429
-4.46451
-4.2328
-4.00074
-3.76986
-3.54165
-3.31747
-3.09858
-2.88606
-2.68085
-2.48367
-2.29512
-2.11561
-1.9454
-1.78462
-1.63329
-1.49133
-1.35856
-1.23475
-1.11957
-1.0127
-0.913755
-0.822338
-0.73804
-0.660448
-0.589149
-0.523741
-0.463827
-0.409027
-0.358978
-0.313332
-0.271759
-0.23395
-0.199615
-0.16848
-0.140292
-0.114815
-0.091829
-0.0711303
-0.0525308
-0.0358564
-0.0209468
-0.00765427
0.00415732
0.0146134
0.0238293
0.0319112
0.0389565
0.0450547
0.050288
0.0547318
0.0584552
0.0615216
0.0639889
0.0659102
0.0673342
0.068305
0.0688634
0.0690461
0.068887
0.0684166
0.0676628
0.0666511
0.0654043
0.0639433
0.062287
0.0604525
0.058455
0.0563086
0.0540257
0.0516174
0.0490939
0.0464642
0.0437363
0.0409175
0.0380143
0.0350322
0.0319768
0.0288518
0.0256633
0.022411
0.0191067
0.0157359
0.0123381
0.00883996
0.00540208
0.00169749
-6.88036
-6.76219
-6.63398
-6.49645
-6.34951
-6.19291
-6.02673
-5.85122
-5.66678
-5.47396
-5.2735
-5.0663
-4.85344
-4.63609
-4.41555
-4.19317
-3.97032
-3.74839
-3.52869
-3.31247
-3.10089
-2.89495
-2.69555
-2.50341
-2.31911
-2.14309
-1.97566
-1.81699
-1.66717
-1.52617
-1.39387
-1.27011
-1.15463
-1.04715
-0.947358
-0.854892
-0.769391
-0.690479
-0.617779
-0.550913
-0.489513
-0.433219
-0.381683
-0.334572
-0.29157
-0.252375
-0.216703
-0.184288
-0.15488
-0.128245
-0.104164
-0.0824343
-0.0628678
-0.0452895
-0.0295376
-0.0154625
-0.00292587
0.00820006
0.0180332
0.0266825
0.034248
0.0408221
0.0464898
0.0513291
0.0554121
0.0588045
0.0615669
0.0637549
0.0654192
0.0666064
0.067359
0.067716
0.0677129
0.0673818
0.0667524
0.0658514
0.064703
0.0633294
0.0617505
0.0599844
0.0580475
0.0559543
0.0537183
0.0513514
0.0488641
0.0462662
0.0435662
0.0407718
0.0378899
0.0349265
0.0318874
0.0287768
0.0256009
0.0223597
0.0190652
0.015703
0.0123136
0.00882191
0.00539262
0.0016913
-6.78302
-6.66387
-6.53541
-6.39834
-6.25261
-6.09804
-5.93473
-5.76295
-5.58307
-5.39561
-5.20125
-5.00079
-4.79517
-4.58545
-4.37277
-4.15834
-3.94337
-3.7291
-3.51673
-3.30738
-3.10213
-2.90193
-2.70761
-2.51988
-2.33932
-2.16639
-2.00142
-1.84463
-1.69615
-1.55601
-1.42414
-1.30043
-1.18469
-1.07668
-0.976118
-0.88271
-0.796127
-0.716029
-0.642069
-0.573898
-0.511169
-0.453542
-0.400687
-0.352282
-0.308022
-0.267613
-0.23078
-0.197258
-0.1668
-0.139175
-0.114166
-0.0915671
-0.0711906
-0.0528596
-0.0364104
-0.0216911
-0.00856099
0.00311045
0.0134439
0.0225509
0.0305343
0.0374893
0.0435035
0.0486574
0.0530254
0.0566756
0.0596709
0.0620688
0.0639221
0.0652791
0.0661841
0.0666776
0.0667964
0.0665743
0.066042
0.0652274
0.0641558
0.0628503
0.0613318
0.0596191
0.0577293
0.0556778
0.0534784
0.0511437
0.0486848
0.0461117
0.0434336
0.0406582
0.0377931
0.0348444
0.0318182
0.0287189
0.0255531
0.0223207
0.0190343
0.0156793
0.0122966
0.00881077
0.00538773
0.00168978
-6.69066
-6.57103
-6.44278
-6.30663
-6.16249
-6.01024
-5.84999
-5.68203
-5.50669
-5.32446
-5.13593
-4.94184
-4.74303
-4.54042
-4.33503
-4.12793
-3.92022
-3.713
-3.50736
-3.30433
-3.10491
-2.90998
-2.72035
-2.53671
-2.35964
-2.18961
-2.02697
-1.872
-1.72485
-1.58559
-1.45422
-1.33065
-1.21476
-1.10634
-1.00517
-0.910968
-0.823454
-0.742316
-0.667234
-0.597881
-0.533934
-0.475068
-0.420968
-0.371327
-0.325849
-0.284251
-0.246261
-0.211624
-0.180097
-0.15145
-0.125468
-0.10195
-0.0807072
-0.0615621
-0.0443511
-0.0289212
-0.0151304
-0.00284656
0.00805292
0.0176816
0.0261447
0.0335394
0.0399557
0.0454766
0.0501787
0.0541324
0.0574027
0.0600493
0.0621271
0.0636864
0.0647733
0.0654299
0.0656949
0.0656035
0.0651878
0.0644771
0.0634979
0.0622744
0.0608286
0.0591801
0.0573471
0.0553456
0.0531904
0.0508944
0.0484695
0.0459262
0.0432742
0.0405218
0.0376766
0.0347454
0.0317346
0.0286487
0.0254945
0.0222725
0.0189951
0.0156482
0.0122726
0.00879344
0.00537655
0.00168559
-6.6173
-6.49719
-6.36901
-6.23343
-6.09039
-5.9398
-5.78181
-5.61669
-5.44477
-5.2665
-5.08243
-4.89322
-4.69964
-4.50253
-4.30279
-4.1014
-3.89934
-3.69764
-3.49729
-3.29926
-3.10447
-2.91376
-2.72791
-2.54758
-2.37335
-2.20569
-2.04499
-1.89152
-1.74548
-1.60698
-1.47604
-1.35263
-1.23663
-1.12791
-1.02624
-0.931409
-0.843147
-0.761172
-0.685189
-0.614894
-0.549979
-0.490138
-0.435067
-0.384471
-0.338062
-0.295563
-0.25671
-0.221248
-0.18894
-0.159555
-0.132881
-0.108715
-0.0868684
-0.0671627
-0.0494326
-0.0335237
-0.0192918
-0.00660291
0.00466765
0.0146356
0.0234081
0.0310845
0.0377569
0.04351
0.0484224
0.0525662
0.0560081
0.0588094
0.0610263
0.0627104
0.0639093
0.0646662
0.0650209
0.0650095
0.0646652
0.0640179
0.0630952
0.0619218
0.0605203
0.0589112
0.0571129
0.0551422
0.0530139
0.0507417
0.0483377
0.0458129
0.0431769
0.0404386
0.0376059
0.0346855
0.0316843
0.0286068
0.0254602
0.0222449
0.0189737
0.0156324
0.0122619
0.00878804
0.00537415
0.00168911
-6.54462
-6.42467
-6.29724
-6.16297
-6.02177
-5.87357
-5.71852
-5.55687
-5.38892
-5.21509
-5.03585
-4.85181
-4.66364
-4.4721
-4.27799
-4.08219
-3.8856
-3.68914
-3.49375
-3.30031
-3.10972
-2.92279
-2.74028
-2.56287
-2.39111
-2.22552
-2.06648
-1.91431
-1.76922
-1.63135
-1.50076
-1.37746
-1.26135
-1.15233
-1.05021
-0.954797
-0.865838
-0.783078
-0.70624
-0.635035
-0.569173
-0.508359
-0.452302
-0.400717
-0.353326
-0.309859
-0.270059
-0.233677
-0.200478
-0.170239
-0.142748
-0.117804
-0.0952188
-0.0748169
-0.0564323
-0.0399102
-0.0251059
-0.0118844
-0.000119897
0.0103047
0.0194983
0.0275619
0.0345891
0.0406668
0.0458752
0.0502884
0.0539748
0.0569975
0.0594144
0.061279
0.0626402
0.0635428
0.0640281
0.0641336
0.0638936
0.0633395
0.0624997
0.0614
0.0600641
0.0585131
0.0567662
0.0548409
0.0527527
0.0505158
0.0481428
0.0456451
0.043033
0.0403155
0.037501
0.0345965
0.0316091
0.0285437
0.0254076
0.0222015
0.018938
0.0156038
0.0122389
0.0087715
0.00536093
0.0016868
-6.49522
-6.3747
-6.24722
-6.11313
-5.97239
-5.82499
-5.67113
-5.51103
-5.34501
-5.17344
-4.9968
-4.81563
-4.63056
-4.44229
-4.25157
-4.05921
-3.86606
-3.67298
-3.48085
-3.29053
-3.10287
-2.91865
-2.73862
-2.56342
-2.39364
-2.22976
-2.07219
-1.92125
-1.77718
-1.64012
-1.51017
-1.38732
-1.27153
-1.16267
-1.0606
-0.965121
-0.876007
-0.793011
-0.71587
-0.644308
-0.578044
-0.516796
-0.460283
-0.408228
-0.360361
-0.316419
-0.276151
-0.239313
-0.205674
-0.175013
-0.147121
-0.121798
-0.0988581
-0.0781245
-0.0594317
-0.0426244
-0.0275572
-0.0140942
-0.00210839
0.0085184
0.0178962
0.0261273
0.0333065
0.0395218
0.0448546
0.04938
0.0531676
0.0562813
0.05878
0.0607179
0.0621449
0.0631064
0.0636442
0.0637966
0.0635984
0.0630813
0.0622743
0.0612037
0.0598933
0.0583648
0.0566377
0.0547296
0.0526566
0.0504329
0.0480715
0.045584
0.0429808
0.0402711
0.0374634
0.034565
0.0315829
0.0285223
0.0253905
0.0221884
0.0189287
0.0155983
0.0122365
0.00877325
0.00536301
0.0016958
-6.44644
-6.32699
-6.20113
-6.06922
-5.93103
-5.78655
-5.63595
-5.47942
-5.31723
-5.1497
-4.97725
-4.80037
-4.61961
-4.4356
-4.24901
-4.06059
-3.8711
-3.68136
-3.4922
-3.30447
-3.119
-2.93663
-2.7581
-2.58412
-2.41526
-2.25204
-2.09489
-1.94413
-1.80005
-1.66281
-1.53253
-1.40925
-1.29291
-1.18344
-1.08069
-0.984483
-0.894599
-0.810805
-0.732846
-0.660457
-0.593363
-0.531289
-0.473959
-0.421101
-0.372449
-0.327743
-0.286734
-0.24918
-0.214852
-0.18353
-0.155006
-0.129081
-0.105569
-0.0842935
-0.0650896
-0.0478014
-0.0322834
-0.0183989
-0.0060205
0.004971
0.0146866
0.0232296
0.030696
0.037175
0.0427492
0.0474952
0.0514836
0.0547797
0.0574439
0.0595314
0.0610932
0.0621762
0.062823
0.0630731
0.0629621
0.0625228
0.061785
0.0607758
0.0595198
0.0580394
0.0563546
0.054484
0.0524438
0.050249
0.047913
0.0454477
0.0428639
0.0401712
0.0373783
0.0344928
0.0315219
0.0284711
0.0253476
0.0221527
0.0188989
0.0155738
0.0122158
0.00875773
0.00534805
0.00169339
-6.4222
-6.30144
-6.17421
-6.04105
-5.90188
-5.75669
-5.60566
-5.44905
-5.28713
-5.12026
-4.94882
-4.7733
-4.59421
-4.41213
-4.22769
-4.04156
-3.85447
-3.66718
-3.48046
-3.29511
-3.11191
-2.93163
-2.75498
-2.58263
-2.41517
-2.25312
-2.09693
-1.94696
-1.80349
-1.66671
-1.53674
-1.41364
-1.29737
-1.18787
-1.08502
-0.988651
-0.898561
-0.814531
-0.736317
-0.663661
-0.596298
-0.533959
-0.476371
-0.423267
-0.374383
-0.32946
-0.288251
-0.250514
-0.216019
-0.184547
-0.155888
-0.129844
-0.106227
-0.0848592
-0.0655746
-0.0482164
-0.0326377
-0.0187011
-0.00627786
0.00475196
0.0145002
0.0230709
0.0305609
0.0370598
0.042651
0.0474112
0.0514117
0.0547181
0.0573909
0.0594857
0.0610537
0.0621419
0.0627932
0.063047
0.0629393
0.0625029
0.0617676
0.0607607
0.0595067
0.058028
0.0563449
0.0544757
0.0524369
0.0502433
0.0479083
0.045444
0.042861
0.0401691
0.037377
0.0344922
0.031522
0.0284719
0.0253493
0.0221555
0.018903
0.0155797
0.0122235
0.00876695
0.00536395
0.00169203
-6.38054
-6.26339
-6.13954
-6.00986
-5.87462
-5.73377
-5.58745
-5.43583
-5.27911
-5.11756
-4.95147
-4.78121
-4.60721
-4.42993
-4.24989
-4.06766
-3.88386
-3.69915
-3.51429
-3.33009
-3.14742
-2.96718
-2.7902
-2.61723
-2.44891
-2.2858
-2.12835
-1.97697
-1.832
-1.69367
-1.56216
-1.43754
-1.31982
-1.20892
-1.10473
-1.00709
-0.915791
-0.83062
-0.751326
-0.677648
-0.609318
-0.546063
-0.48761
-0.433687
-0.384028
-0.338376
-0.296478
-0.258094
-0.222991
-0.190949
-0.161756
-0.135213
-0.11113
-0.0893293
-0.0696425
-0.0519117
-0.0359884
-0.0217339
-0.00901795
0.00228075
0.0122755
0.0210717
0.0287676
0.0354541
0.0412156
0.0461305
0.050271
0.0537038
0.0564906
0.0586881
0.0603483
0.0615192
0.0622445
0.0625645
0.0625157
0.0621318
0.0614431
0.0604774
0.05926
0.0578136
0.0561589
0.0543147
0.0522979
0.0501236
0.0478055
0.0453558
0.0427858
0.0401051
0.0373227
0.0344463
0.0314834
0.0284395
0.025322
0.0221323
0.0188829
0.0155618
0.0122068
0.00875247
0.00534091
0.00170272
-14.0597
-14.041
-13.9565
-13.798
-13.531
-13.1141
-12.5084
-11.6762
-10.5744
-9.22632
-7.71966
-6.15531
-4.63243
-3.22831
-1.98754
-0.927224
-0.0504163
0.651474
1.1951
1.60033
1.88827
2.07961
2.19327
2.24575
2.25111
2.22101
2.16492
2.0904
2.00337
1.90846
1.8092
1.70828
1.60772
1.50898
1.41313
1.3209
1.23278
1.14908
1.06994
0.995404
0.925445
0.859963
0.79882
0.741849
0.688863
0.639661
0.594039
0.551789
0.512705
0.476585
0.443232
0.412457
0.384079
0.357924
0.333827
0.311632
0.291193
0.272371
0.255037
0.239067
0.224349
0.210777
0.198251
0.18668
0.175978
0.166067
0.156873
0.148328
0.140371
0.132944
0.125993
0.119471
0.113333
0.107538
0.102049
0.0968314
0.0918542
0.087089
0.0825101
0.078094
0.0738193
0.0696667
0.0656187
0.0616594
0.0577745
0.053951
0.0501771
0.0464425
0.0427373
0.0390531
0.0353815
0.0317166
0.0280495
0.0243788
0.0206895
0.0169959
0.013253
0.00953777
0.00568059
0.00200832
-14.4844
-14.5139
-14.5027
-14.463
-14.3341
-14.0485
-13.5088
-12.6378
-11.4107
-9.90951
-8.23487
-6.51953
-4.88162
-3.39931
-2.10982
-1.02379
-0.135024
0.572938
1.11958
1.52588
1.81425
2.00612
2.12098
2.17559
2.18395
2.15754
2.10558
2.0354
1.95279
1.8622
1.7671
1.67011
1.5732
1.47784
1.38508
1.29567
1.21011
1.12871
1.05165
0.978997
0.910725
0.846759
0.786977
0.731228
0.679338
0.631121
0.586383
0.544926
0.506554
0.471073
0.438295
0.408035
0.38012
0.35438
0.330656
0.308796
0.288658
0.270106
0.253013
0.237262
0.222739
0.209342
0.196973
0.185543
0.174968
0.165169
0.156076
0.147622
0.139745
0.13239
0.125504
0.119039
0.112952
0.107202
0.101753
0.0965708
0.0916251
0.0868878
0.0823336
0.0779392
0.0736837
0.069548
0.0655149
0.0615687
0.0576952
0.0538818
0.0501168
0.0463899
0.0426915
0.0390133
0.035347
0.0316867
0.0280237
0.0243566
0.0206705
0.0169799
0.0132395
0.00952747
0.00566941
0.00201044
-15.7204
-15.7728
-15.8318
-15.8993
-15.9104
-15.7764
-15.3512
-14.5236
-13.1026
-11.3084
-9.29058
-7.2604
-5.38427
-3.74659
-2.36511
-1.22866
-0.312842
0.40922
0.963522
1.37503
1.66783
1.8646
1.98531
2.0466
2.06235
2.04393
2.00033
1.93858
1.86424
1.78161
1.69402
1.60405
1.51363
1.42422
1.33688
1.25239
1.17128
1.09389
1.02045
0.951033
0.885669
0.824309
0.766862
0.713205
0.663188
0.616649
0.573414
0.533305
0.496142
0.461746
0.429941
0.400556
0.373425
0.34839
0.325299
0.304009
0.284381
0.266288
0.249607
0.234225
0.220033
0.206933
0.194831
0.183639
0.173277
0.163669
0.154747
0.146445
0.138704
0.13147
0.124692
0.118324
0.112322
0.106648
0.101267
0.0961444
0.0912517
0.0865613
0.0820484
0.0776906
0.0734672
0.0693599
0.0653516
0.0614272
0.057573
0.0537763
0.0500261
0.046312
0.0426249
0.0389566
0.0352989
0.0316462
0.0279899
0.0243287
0.020648
0.0169619
0.0132263
0.00951766
0.00566427
0.00200857
-17.3595
-17.4849
-17.7063
-18.035
-18.4249
-18.7541
-18.7042
-17.8744
-16.327
-14.0259
-11.3232
-8.64547
-6.28467
-4.34036
-2.7855
-1.55867
-0.595106
0.154914
0.72814
1.15419
1.45942
1.66762
1.79937
1.872
1.8996
1.89331
1.8618
1.81188
1.74887
1.67694
1.59936
1.51863
1.4367
1.35503
1.27473
1.1966
1.12123
1.04901
0.980209
0.914966
0.853345
0.795341
0.740903
0.689942
0.642341
0.597967
0.556673
0.518304
0.4827
0.449702
0.419152
0.390893
0.364773
0.340646
0.318372
0.297814
0.278845
0.261344
0.245195
0.23029
0.216527
0.203811
0.192053
0.18117
0.171084
0.161723
0.153022
0.144917
0.137353
0.130276
0.123638
0.117394
0.111503
0.105928
0.100634
0.0955888
0.0907646
0.0861349
0.0816755
0.0773649
0.0731833
0.0691126
0.0651365
0.0612405
0.0574111
0.0536363
0.0499051
0.0462078
0.0425353
0.0388797
0.0352334
0.0315905
0.027943
0.0242895
0.020616
0.0169359
0.0132065
0.00950248
0.00565505
0.00200555
-19.3101
-19.5594
-20.0878
-21.0215
-22.4593
-24.2511
-25.6925
-25.7047
-23.7956
-20.213
-15.8279
-11.5761
-8.07189
-5.42821
-3.49486
-2.07585
-1.01084
-0.201382
0.411705
0.867428
1.19628
1.42455
1.57458
1.66451
1.70873
1.71842
1.70217
1.66669
1.61719
1.55782
1.49181
1.4217
1.34945
1.27658
1.20424
1.13331
1.06443
0.998046
0.934485
0.873947
0.816548
0.762332
0.711294
0.663383
0.61852
0.576604
0.537516
0.501128
0.467304
0.435905
0.406791
0.379822
0.354861
0.331775
0.310435
0.290718
0.272504
0.25568
0.240139
0.22578
0.212507
0.20023
0.188867
0.178337
0.168567
0.15949
0.151042
0.143164
0.135802
0.128906
0.122429
0.116328
0.110565
0.105103
0.0999089
0.0949532
0.090208
0.085648
0.0812504
0.0769943
0.0728605
0.0688321
0.0648931
0.0610297
0.0572288
0.053479
0.0497698
0.0460917
0.042436
0.0387952
0.0351618
0.0315302
0.0278927
0.0242479
0.0205825
0.0169091
0.013187
0.00948766
0.00564643
0.0020038
-21.3099
-21.8408
-23.0168
-25.3225
-29.139
-34.1644
-38.7836
-40.4918
-38.0639
-31.9392
-24.1907
-16.8431
-11.126
-7.16521
-4.54978
-2.79697
-1.56105
-0.653949
0.0225676
0.52414
0.888775
1.14653
1.32192
1.43451
1.49942
1.52817
1.52954
1.51032
1.4758
1.43017
1.37671
1.31803
1.25615
1.19267
1.12882
1.06555
1.00357
0.943403
0.885427
0.829908
0.777018
0.726852
0.679449
0.634804
0.592873
0.553591
0.516869
0.482608
0.450695
0.421013
0.393443
0.367862
0.344149
0.322185
0.301853
0.283042
0.265642
0.249549
0.234666
0.220897
0.208154
0.196353
0.185415
0.175268
0.165841
0.157071
0.148897
0.141264
0.134121
0.12742
0.121117
0.115172
0.109546
0.104207
0.0991222
0.094263
0.0896033
0.0851189
0.0807881
0.0765908
0.072509
0.0685262
0.0646275
0.0607994
0.0570296
0.053307
0.0496215
0.0459642
0.0423267
0.0387018
0.0350824
0.0314632
0.0278366
0.0242015
0.0205449
0.0168789
0.013165
0.00946996
0.00564011
0.00199207
-22.8542
-23.8297
-25.9755
-30.3801
-37.8044
-47.5535
-56.5007
-60.0289
-56.7857
-47.0595
-34.8048
-23.4448
-14.8695
-9.25307
-5.80478
-3.64219
-2.19365
-1.16386
-0.408455
0.148824
0.556091
0.84868
1.05388
1.19266
1.28092
1.33068
1.35108
1.34915
1.33036
1.29903
1.25856
1.21164
1.16042
1.10657
1.05142
0.995982
0.941055
0.887237
0.834975
0.784594
0.736321
0.690304
0.64663
0.605333
0.566412
0.529835
0.495544
0.463468
0.43352
0.405606
0.379625
0.355474
0.333047
0.312241
0.292951
0.275077
0.258519
0.243185
0.228983
0.215826
0.203633
0.192326
0.181831
0.17208
0.163009
0.154558
0.146669
0.139291
0.132376
0.125878
0.119756
0.113972
0.10849
0.103278
0.0983061
0.0935473
0.0889764
0.0845706
0.0803093
0.0761733
0.0721455
0.0682103
0.0643534
0.0605619
0.0568242
0.0531298
0.049469
0.0458334
0.0422149
0.0386067
0.0350018
0.0313953
0.02778
0.0241546
0.0205072
0.0168487
0.0131436
0.00945255
0.005638
0.00197356
-23.0032
-24.7089
-27.6697
-34.1211
-44.9535
-59.0593
-72.0405
-77.7778
-72.5545
-59.3495
-43.3718
-28.8569
-18.0221
-11.103
-6.98698
-4.47797
-2.83406
-1.68347
-0.847417
-0.232357
0.219362
0.548301
0.784496
0.950353
1.06261
1.13384
1.17354
1.18902
1.18598
1.16889
1.14131
1.10605
1.06537
1.02104
0.974465
0.926765
0.878806
0.831262
0.784646
0.739345
0.695642
0.653737
0.613762
0.575793
0.539867
0.505984
0.474119
0.444226
0.416244
0.3901
0.365712
0.342996
0.321862
0.302219
0.283976
0.267044
0.251335
0.236763
0.223247
0.210707
0.199068
0.188258
0.17821
0.16886
0.160148
0.152017
0.144416
0.137296
0.13061
0.124318
0.118378
0.112757
0.10742
0.102337
0.0974799
0.0928225
0.0883415
0.0840152
0.0798241
0.0757501
0.0717769
0.0678897
0.0640751
0.0603208
0.0566157
0.0529499
0.0493142
0.0457003
0.0421009
0.0385094
0.0349193
0.0313258
0.027722
0.0241067
0.0204686
0.0168179
0.0131216
0.00943487
0.00563673
0.00195541
-21.5876
-23.7882
-27.2286
-34.7143
-47.238
-63.4186
-78.1916
-84.3861
-78.8116
-64.3091
-47.0675
-31.4506
-19.7674
-12.3206
-7.90097
-5.19684
-3.41723
-2.17091
-1.26594
-0.598994
-0.105898
0.25763
0.523601
0.715564
0.850989
0.942939
1.00129
1.03363
1.04583
1.04254
1.02742
1.00343
0.972912
0.937755
0.899462
0.85923
0.818005
0.776531
0.735385
0.695015
0.655754
0.61785
0.581479
0.546757
0.513756
0.482509
0.453018
0.425264
0.399209
0.374802
0.35198
0.330674
0.31081
0.292312
0.275101
0.259098
0.244225
0.230407
0.217568
0.205637
0.194546
0.184228
0.174622
0.165668
0.157311
0.149499
0.142183
0.135318
0.12886
0.122771
0.117013
0.111553
0.10636
0.101405
0.096661
0.0921042
0.0877123
0.0834649
0.0793435
0.075331
0.071412
0.0675726
0.0637999
0.0600824
0.0564096
0.052772
0.0491611
0.045569
0.0419888
0.038414
0.0348384
0.0312576
0.0276651
0.0240598
0.0204307
0.0167878
0.0130999
0.00941814
0.00563406
0.00194371
-19.2527
-21.1057
-24.7557
-32.0233
-44.2366
-60.038
-74.3643
-80.4906
-75.4788
-62.0036
-45.9252
-31.2103
-20.054
-12.8544
-8.49496
-5.75283
-3.90786
-2.60063
-1.64565
-0.937533
-0.409358
-0.0151807
0.27786
0.493867
0.650762
0.761996
0.837753
0.885842
0.912331
0.921996
0.918634
0.905286
0.884399
0.857946
0.827513
0.794378
0.759558
0.723864
0.687935
0.65227
0.617254
0.58318
0.550263
0.518657
0.488467
0.459754
0.43255
0.406859
0.382665
0.359936
0.338628
0.318688
0.300056
0.282669
0.266459
0.251359
0.237299
0.224212
0.212032
0.200694
0.190136
0.180298
0.171122
0.162554
0.154544
0.147042
0.140004
0.133387
0.127152
0.121261
0.11568
0.110378
0.105325
0.100494
0.0958612
0.0914027
0.0870978
0.0829273
0.0788739
0.0749214
0.0710553
0.0672624
0.0635307
0.0598492
0.056208
0.0525982
0.0490115
0.0454406
0.0418788
0.0383202
0.034759
0.0311907
0.0276095
0.0240139
0.0203937
0.0167584
0.0130784
0.0094022
0.00562853
0.00193836
-17.1685
-18.0188
-21.2865
-27.4722
-38.0109
-51.8034
-64.3874
-70.012
-66.2525
-55.3365
-41.8731
-29.1772
-19.3618
-12.8874
-8.81817
-6.14872
-4.29757
-2.9634
-1.9783
-1.24089
-0.685157
-0.265494
0.0509003
0.288187
0.464403
0.593156
0.684807
0.747332
0.786946
0.80855
0.816048
0.812571
0.800648
0.782323
0.759252
0.732777
0.703979
0.673727
0.642715
0.611493
0.580491
0.550043
0.520402
0.491754
0.464236
0.437937
0.412913
0.38919
0.366774
0.34565
0.325791
0.307159
0.289707
0.273385
0.258136
0.243902
0.230623
0.21824
0.206694
0.195926
0.185881
0.176504
0.167743
0.159548
0.151872
0.144669
0.137899
0.131522
0.125501
0.119801
0.114392
0.109242
0.104324
0.0996144
0.0950883
0.0907247
0.0865039
0.0824079
0.0784202
0.0745258
0.0707109
0.0669631
0.063271
0.0596242
0.0560135
0.0524302
0.048867
0.0453167
0.041773
0.0382301
0.0346827
0.0311265
0.0275558
0.0239695
0.0203579
0.01673
0.0130575
0.0093871
0.00562092
0.00193599
-15.3898
-15.4244
-17.7141
-22.6002
-31.1246
-42.3792
-52.6877
-57.781
-55.5955
-47.5612
-36.9068
-26.4536
-18.2281
-12.6386
-8.94705
-6.40892
-4.59349
-3.26015
-2.26243
-1.50693
-0.931149
-0.491261
-0.155443
0.100054
0.293172
0.43749
0.5434
0.618958
0.67047
0.702931
0.720332
0.725885
0.722187
0.711348
0.695083
0.674788
0.651594
0.62642
0.600005
0.572944
0.545705
0.518662
0.492099
0.466235
0.441235
0.417212
0.394247
0.372385
0.35165
0.332047
0.313562
0.29617
0.27984
0.26453
0.250195
0.236785
0.22425
0.212538
0.201596
0.191373
0.181817
0.17288
0.164515
0.156675
0.149318
0.142401
0.135887
0.129739
0.123923
0.118407
0.11316
0.108156
0.103368
0.0987731
0.0943493
0.0900764
0.0859361
0.0819111
0.0779863
0.0741473
0.0703814
0.0666765
0.0630223
0.0594087
0.0558274
0.0522698
0.048729
0.0451982
0.0416716
0.0381437
0.0346095
0.0310648
0.0275045
0.0239272
0.0203239
0.016703
0.0130376
0.00937289
0.00561257
0.00193445
-15.4288
-14.1428
-14.8583
-18.5845
-25.4968
-34.6682
-43.1483
-47.5341
-46.4374
-40.6023
-32.1785
-23.7277
-17.0102
-12.2623
-8.94684
-6.56401
-4.81054
-3.4977
-2.50085
-1.73667
-1.14765
-0.692577
-0.341093
-0.070295
0.137317
0.295197
0.413704
0.500885
0.563081
0.605339
0.63171
0.645465
0.649258
0.645254
0.635219
0.620598
0.602566
0.582084
0.559929
0.536731
0.512997
0.489128
0.465441
0.442182
0.419539
0.397651
0.376617
0.356504
0.337351
0.319179
0.301988
0.285766
0.270493
0.25614
0.242668
0.230037
0.218206
0.207128
0.196758
0.187049
0.177958
0.169438
0.161448
0.153945
0.14689
0.140246
0.133975
0.128044
0.122423
0.11708
0.111989
0.107123
0.102458
0.0979727
0.0936463
0.0894597
0.0853958
0.0814385
0.0775736
0.0737873
0.070068
0.0664041
0.062786
0.059204
0.0556503
0.052117
0.0485975
0.0450854
0.0415753
0.0380616
0.03454
0.0310063
0.0274557
0.0238869
0.0202914
0.0166773
0.0130184
0.00935937
0.00560406
0.00193304
-14.0327
-13.1673
-12.7751
-15.5205
-21.1611
-28.5312
-35.4085
-39.6145
-39.3795
-34.8732
-28.0656
-21.3236
-15.8867
-11.8447
-8.86618
-6.64332
-4.96553
-3.68539
-2.69885
-1.93319
-1.33651
-0.870681
-0.507029
-0.223665
-0.00372867
0.165876
0.295387
0.392838
0.464556
0.515601
0.550057
0.571233
0.581826
0.584043
0.579693
0.570259
0.556957
0.540783
0.522549
0.502917
0.482423
0.461496
0.440479
0.419642
0.399195
0.379297
0.360067
0.341587
0.323913
0.30708
0.291101
0.275976
0.261695
0.248239
0.235577
0.22368
0.212509
0.202028
0.192196
0.182973
0.174319
0.166192
0.158556
0.151371
0.144601
0.138212
0.13217
0.126445
0.121007
0.115829
0.110884
0.106148
0.1016
0.0972177
0.092983
0.0888778
0.0848861
0.0809926
0.0771841
0.0734476
0.069772
0.0661467
0.0625626
0.0590106
0.0554833
0.051973
0.0484737
0.0449791
0.0414843
0.0379841
0.0344743
0.0309511
0.0274097
0.0238491
0.0202609
0.0166533
0.0130005
0.00934678
0.0055961
0.00193185
-15.3484
-12.2898
-12.2568
-14.7799
-19.659
-26.1676
-32.1662
-35.2229
-34.2542
-30.1262
-24.6614
-19.3658
-14.9238
-11.4315
-8.74099
-6.67095
-5.07268
-3.83144
-2.86136
-2.09959
-1.49972
-1.02679
-0.654042
-0.360712
-0.130579
0.049036
0.188088
0.294505
0.374618
0.433473
0.475157
0.503002
0.519733
0.527585
0.528399
0.523691
0.514707
0.502474
0.487835
0.471478
0.453966
0.435752
0.417201
0.398605
0.380193
0.362143
0.344589
0.327629
0.311334
0.295749
0.280901
0.266801
0.253447
0.240828
0.228926
0.217713
0.207162
0.19724
0.187912
0.179144
0.170899
0.163141
0.155836
0.148949
0.142448
0.136299
0.130473
0.124941
0.119675
0.114651
0.109843
0.105231
0.100791
0.0965066
0.0923583
0.0883298
0.084406
0.0805726
0.0768173
0.0731277
0.0694936
0.0659047
0.0623527
0.0588288
0.055326
0.0518372
0.0483568
0.0448788
0.0413986
0.0379112
0.0344127
0.0308991
0.0273664
0.0238133
0.0202321
0.0166305
0.0129835
0.00933482
0.00558861
0.00193059
)
;

boundaryField
{
    outlet
    {
        type            fixedValue;
        value           uniform 0;
    }
    inlet
    {
        type            zeroGradient;
    }
    lowerWall
    {
        type            zeroGradient;
    }
    upperWall
    {
        type            zeroGradient;
    }
    frontAndBack
    {
        type            empty;
    }
}


// ************************************************************************* //
