/*--------------------------------*- C++ -*----------------------------------*\
  =========                 |
  \\      /  F ield         | OpenFOAM: The Open Source CFD Toolbox
   \\    /   O peration     | Website:  https://openfoam.org
    \\  /    A nd           | Version:  10
     \\/     M anipulation  |
\*---------------------------------------------------------------------------*/
FoamFile
{
    format      ascii;
    class       volScalarField;
    location    "0.165";
    object      k;
}
// * * * * * * * * * * * * * * * * * * * * * * * * * * * * * * * * * * * * * //

dimensions      [0 2 -2 0 0 0 0];

internalField   nonuniform List<scalar> 
6820
(
0.196709
0.190616
0.184994
0.179724
0.174798
0.17025
0.166114
0.162407
0.159125
0.156249
0.153752
0.151602
0.149768
0.148217
0.14692
0.145849
0.144978
0.144286
0.143751
0.143354
0.143081
0.142915
0.142844
0.142857
0.142942
0.143092
0.143294
0.143565
0.143784
0.144481
0.143161
0.151461
0.114866
0.201954
0.200832
0.197543
0.193922
0.19084
0.188584
0.187155
0.18643
0.186261
0.186515
0.187087
0.187895
0.188881
0.189997
0.191212
0.192499
0.193837
0.195211
0.196608
0.198017
0.19943
0.200842
0.202246
0.203642
0.205027
0.206403
0.207778
0.209164
0.21058
0.21216
0.213671
0.216901
0.217616
0.200488
0.200474
0.199118
0.19707
0.194841
0.19269
0.190724
0.188986
0.187488
0.186231
0.185205
0.184393
0.183776
0.183336
0.183051
0.182905
0.182879
0.18296
0.183132
0.183385
0.183707
0.184089
0.184523
0.185002
0.185521
0.186075
0.186662
0.187284
0.187934
0.188657
0.189369
0.190291
0.191013
0.199662
0.199121
0.198219
0.196983
0.195545
0.194012
0.192458
0.190931
0.189463
0.188073
0.186776
0.185577
0.184479
0.183482
0.182583
0.181779
0.181064
0.180433
0.17988
0.179401
0.178988
0.178638
0.178345
0.178106
0.177915
0.17777
0.177669
0.17761
0.177593
0.177626
0.177701
0.177843
0.178038
0.199429
0.198466
0.197531
0.196513
0.195399
0.194214
0.192986
0.19174
0.190495
0.189267
0.188069
0.186908
0.185793
0.184727
0.183713
0.182752
0.181846
0.180992
0.180191
0.17944
0.178739
0.178084
0.177474
0.176907
0.176381
0.175894
0.175444
0.175031
0.174655
0.174315
0.174012
0.173746
0.173515
0.199398
0.198267
0.197202
0.196166
0.195133
0.194088
0.193029
0.191958
0.190884
0.189812
0.18875
0.187704
0.186678
0.185677
0.184703
0.18376
0.182849
0.18197
0.181125
0.180314
0.179536
0.178791
0.178079
0.177398
0.176749
0.176129
0.175539
0.174979
0.174446
0.173943
0.173467
0.173019
0.172598
0.199395
0.19822
0.197098
0.196021
0.194978
0.193957
0.192952
0.191958
0.190973
0.189997
0.189032
0.188079
0.18714
0.186218
0.185314
0.18443
0.183567
0.182726
0.181908
0.181113
0.180342
0.179595
0.178872
0.178172
0.177497
0.176844
0.176214
0.175607
0.175023
0.17446
0.173921
0.173403
0.172906
0.199395
0.198211
0.197069
0.195969
0.194908
0.193881
0.192884
0.191912
0.190961
0.190029
0.189115
0.188218
0.187337
0.186472
0.185625
0.184794
0.183982
0.183187
0.182411
0.181653
0.180914
0.180194
0.179493
0.178811
0.178147
0.177503
0.176876
0.176269
0.175679
0.175108
0.174555
0.174021
0.173504
0.199395
0.198209
0.197063
0.195955
0.194884
0.19385
0.192848
0.191877
0.190934
0.190017
0.189123
0.188251
0.1874
0.186568
0.185756
0.184961
0.184185
0.183426
0.182685
0.181961
0.181254
0.180564
0.179891
0.179234
0.178594
0.17797
0.177362
0.176771
0.176195
0.175635
0.175091
0.174562
0.17405
0.199395
0.198209
0.197061
0.195951
0.194877
0.193838
0.192833
0.191859
0.190916
0.190001
0.189113
0.18825
0.187411
0.186594
0.185798
0.185023
0.184267
0.183531
0.182812
0.182111
0.181428
0.180761
0.18011
0.179476
0.178857
0.178254
0.177665
0.177092
0.176534
0.17599
0.17546
0.174945
0.174445
0.199395
0.198209
0.197061
0.19595
0.194875
0.193834
0.192827
0.191852
0.190907
0.189992
0.189104
0.188243
0.187407
0.186595
0.185806
0.18504
0.184294
0.183568
0.182861
0.182174
0.181504
0.180851
0.180215
0.179596
0.178992
0.178404
0.177831
0.177272
0.176728
0.176198
0.175682
0.17518
0.174692
0.199395
0.198209
0.19706
0.195949
0.194874
0.193833
0.192825
0.191849
0.190903
0.189987
0.189099
0.188237
0.187402
0.186591
0.185804
0.18504
0.184298
0.183577
0.182876
0.182194
0.181531
0.180886
0.180258
0.179647
0.179052
0.178473
0.177909
0.17736
0.176826
0.176306
0.1758
0.175307
0.174827
0.199395
0.198209
0.19706
0.195949
0.194873
0.193832
0.192824
0.191847
0.190901
0.189984
0.189096
0.188234
0.187398
0.186588
0.185801
0.185038
0.184296
0.183576
0.182877
0.182198
0.181537
0.180896
0.180271
0.179664
0.179074
0.1785
0.177941
0.177397
0.176869
0.176354
0.175853
0.175366
0.174893
0.199395
0.198209
0.19706
0.195949
0.194873
0.193831
0.192823
0.191846
0.1909
0.189983
0.189094
0.188232
0.187396
0.186585
0.185798
0.185035
0.184293
0.183574
0.182875
0.182196
0.181537
0.180896
0.180273
0.179668
0.17908
0.178507
0.177951
0.17741
0.176883
0.176372
0.175874
0.17539
0.174919
0.199395
0.198208
0.19706
0.195948
0.194872
0.193831
0.192822
0.191845
0.190899
0.189981
0.189092
0.18823
0.187394
0.186583
0.185796
0.185032
0.184291
0.183571
0.182873
0.182194
0.181535
0.180894
0.180272
0.179667
0.179079
0.178507
0.177952
0.177412
0.176886
0.176376
0.175879
0.175396
0.174926
0.199395
0.198208
0.19706
0.195948
0.194872
0.19383
0.192822
0.191844
0.190898
0.18998
0.189091
0.188229
0.187392
0.186581
0.185794
0.18503
0.184289
0.183569
0.18287
0.182191
0.181532
0.180891
0.180269
0.179664
0.179077
0.178505
0.17795
0.17741
0.176885
0.176374
0.175878
0.175395
0.174926
0.199395
0.198208
0.19706
0.195948
0.194872
0.19383
0.192821
0.191844
0.190897
0.189979
0.18909
0.188227
0.187391
0.18658
0.185792
0.185028
0.184287
0.183567
0.182868
0.182189
0.18153
0.180889
0.180267
0.179662
0.179074
0.178502
0.177947
0.177407
0.176882
0.176371
0.175875
0.175392
0.174923
0.199395
0.198208
0.19706
0.195948
0.194872
0.19383
0.192821
0.191843
0.190896
0.189979
0.189089
0.188226
0.18739
0.186578
0.185791
0.185027
0.184285
0.183565
0.182866
0.182187
0.181527
0.180887
0.180264
0.179659
0.179071
0.1785
0.177944
0.177404
0.176879
0.176368
0.175871
0.175388
0.174918
0.199395
0.198208
0.197059
0.195948
0.194871
0.193829
0.19282
0.191843
0.190896
0.189978
0.189088
0.188225
0.187389
0.186577
0.18579
0.185025
0.184284
0.183563
0.182864
0.182185
0.181525
0.180884
0.180262
0.179657
0.179068
0.178497
0.177941
0.177401
0.176875
0.176364
0.175867
0.175384
0.174914
0.199395
0.198208
0.197059
0.195948
0.194871
0.193829
0.19282
0.191842
0.190895
0.189977
0.189087
0.188225
0.187388
0.186576
0.185788
0.185024
0.184282
0.183562
0.182862
0.182183
0.181523
0.180882
0.18026
0.179654
0.179066
0.178494
0.177938
0.177398
0.176872
0.176361
0.175864
0.17538
0.17491
0.199395
0.198208
0.197059
0.195947
0.194871
0.193829
0.19282
0.191842
0.190895
0.189977
0.189087
0.188224
0.187387
0.186575
0.185787
0.185023
0.184281
0.183561
0.182861
0.182182
0.181522
0.180881
0.180258
0.179652
0.179064
0.178492
0.177936
0.177395
0.176869
0.176358
0.17586
0.175376
0.174905
0.199395
0.198208
0.197059
0.195947
0.194871
0.193829
0.19282
0.191842
0.190894
0.189976
0.189086
0.188223
0.187386
0.186574
0.185786
0.185022
0.18428
0.183559
0.18286
0.18218
0.18152
0.180879
0.180256
0.17965
0.179062
0.178489
0.177933
0.177392
0.176866
0.176354
0.175857
0.175372
0.174901
0.199395
0.198208
0.197059
0.195947
0.194871
0.193829
0.192819
0.191842
0.190894
0.189976
0.189086
0.188223
0.187386
0.186574
0.185786
0.185021
0.184279
0.183558
0.182858
0.182179
0.181519
0.180877
0.180254
0.179648
0.179059
0.178487
0.177931
0.177389
0.176863
0.176351
0.175853
0.175369
0.174897
0.199395
0.198208
0.197059
0.195947
0.194871
0.193829
0.192819
0.191841
0.190894
0.189976
0.189085
0.188222
0.187385
0.186573
0.185785
0.18502
0.184278
0.183557
0.182857
0.182177
0.181517
0.180876
0.180252
0.179646
0.179057
0.178485
0.177928
0.177387
0.17686
0.176348
0.17585
0.175365
0.174894
0.199395
0.198208
0.197059
0.195947
0.194871
0.193829
0.192819
0.191841
0.190894
0.189975
0.189085
0.188222
0.187385
0.186572
0.185784
0.185019
0.184277
0.183556
0.182856
0.182176
0.181516
0.180874
0.180251
0.179645
0.179056
0.178483
0.177926
0.177385
0.176858
0.176345
0.175847
0.175362
0.17489
0.199395
0.198208
0.197059
0.195947
0.194871
0.193828
0.192819
0.191841
0.190894
0.189975
0.189085
0.188221
0.187384
0.186572
0.185784
0.185019
0.184276
0.183555
0.182855
0.182175
0.181515
0.180873
0.180249
0.179643
0.179054
0.178481
0.177924
0.177382
0.176855
0.176343
0.175844
0.175359
0.174887
0.199395
0.198208
0.197059
0.195947
0.194871
0.193828
0.192819
0.191841
0.190893
0.189975
0.189085
0.188221
0.187384
0.186571
0.185783
0.185018
0.184276
0.183555
0.182854
0.182174
0.181514
0.180872
0.180248
0.179642
0.179052
0.178479
0.177922
0.17738
0.176853
0.17634
0.175841
0.175356
0.174883
0.199395
0.198208
0.197059
0.195947
0.194871
0.193828
0.192819
0.191841
0.190893
0.189975
0.189084
0.188221
0.187384
0.186571
0.185783
0.185018
0.184275
0.183554
0.182854
0.182174
0.181513
0.180871
0.180247
0.179641
0.179051
0.178478
0.177921
0.177378
0.176851
0.176338
0.175839
0.175353
0.174881
0.199395
0.198208
0.197059
0.195947
0.194871
0.193828
0.192819
0.191841
0.190893
0.189975
0.189084
0.188221
0.187383
0.186571
0.185783
0.185017
0.184275
0.183554
0.182853
0.182173
0.181512
0.18087
0.180246
0.17964
0.17905
0.178477
0.177919
0.177377
0.176849
0.176336
0.175837
0.175351
0.174878
0.199395
0.198208
0.197059
0.195947
0.194871
0.193828
0.192819
0.191841
0.190894
0.189975
0.189085
0.188221
0.187384
0.186571
0.185783
0.185018
0.184275
0.183554
0.182854
0.182173
0.181512
0.18087
0.180246
0.179639
0.17905
0.178476
0.177918
0.177376
0.176848
0.176335
0.175836
0.175349
0.174876
0.199395
0.198208
0.197059
0.195947
0.194871
0.193828
0.192819
0.191841
0.190893
0.189975
0.189084
0.188221
0.187383
0.186571
0.185783
0.185018
0.184275
0.183554
0.182853
0.182173
0.181512
0.18087
0.180246
0.179639
0.179049
0.178476
0.177918
0.177375
0.176848
0.176334
0.175835
0.175348
0.174875
0.199395
0.198208
0.197059
0.195948
0.194871
0.193829
0.19282
0.191843
0.190895
0.189977
0.189087
0.188224
0.187386
0.186574
0.185785
0.18502
0.184277
0.183556
0.182856
0.182175
0.181514
0.180872
0.180248
0.179641
0.179051
0.178477
0.177919
0.177376
0.176848
0.176335
0.175835
0.175348
0.174875
0.199395
0.198209
0.19706
0.195949
0.194872
0.19383
0.192821
0.191843
0.190896
0.189978
0.189087
0.188224
0.187387
0.186575
0.185787
0.185022
0.184279
0.183558
0.182857
0.182177
0.181516
0.180874
0.180249
0.179642
0.179052
0.178478
0.17792
0.177376
0.176848
0.176334
0.175833
0.175346
0.174871
0.199395
0.198208
0.19706
0.19595
0.194875
0.193835
0.192827
0.191851
0.190905
0.189987
0.189097
0.188234
0.187397
0.186585
0.185796
0.185031
0.184288
0.183566
0.182865
0.182184
0.181522
0.180878
0.180252
0.179644
0.179052
0.178476
0.177916
0.177371
0.17684
0.176324
0.175821
0.175331
0.174854
0.199396
0.198212
0.197066
0.195957
0.194883
0.193842
0.192834
0.191857
0.190911
0.189993
0.189104
0.188241
0.187404
0.186591
0.185801
0.185035
0.18429
0.183566
0.182862
0.182178
0.181512
0.180865
0.180234
0.179621
0.179024
0.178443
0.177876
0.177325
0.176787
0.176264
0.175754
0.175256
0.174771
0.199396
0.198213
0.197071
0.195969
0.194902
0.193869
0.192866
0.191893
0.190947
0.190029
0.189137
0.18827
0.187426
0.186606
0.185808
0.185032
0.184276
0.18354
0.182824
0.182126
0.181446
0.180783
0.180137
0.179507
0.178894
0.178295
0.177711
0.177142
0.176586
0.176044
0.175515
0.174999
0.174495
0.199402
0.19824
0.197114
0.196018
0.194952
0.193916
0.192908
0.191927
0.190972
0.19004
0.189131
0.188245
0.18738
0.186536
0.185712
0.184908
0.184123
0.183357
0.182609
0.181879
0.181167
0.180471
0.179792
0.179128
0.17848
0.177848
0.17723
0.176626
0.176036
0.17546
0.174897
0.174347
0.17381
0.199421
0.198284
0.197214
0.196182
0.195158
0.194136
0.193118
0.19211
0.191117
0.190141
0.189187
0.188255
0.187347
0.186461
0.185599
0.184759
0.18394
0.183143
0.182365
0.181607
0.180868
0.180147
0.179443
0.178756
0.178085
0.17743
0.17679
0.176165
0.175555
0.174958
0.174376
0.173806
0.17325
0.199655
0.198884
0.198077
0.197302
0.196603
0.195976
0.195405
0.194881
0.194397
0.193952
0.193542
0.193167
0.192827
0.192519
0.192243
0.191998
0.191781
0.191592
0.191429
0.191291
0.191175
0.191081
0.191007
0.190952
0.190914
0.190892
0.190886
0.190894
0.190916
0.19095
0.190995
0.191052
0.191119
0.205419
0.216602
0.227661
0.238503
0.249093
0.259416
0.269459
0.279212
0.288668
0.297818
0.30666
0.315191
0.32341
0.331318
0.338918
0.346213
0.353208
0.359909
0.366323
0.372456
0.378316
0.383911
0.389249
0.39434
0.399191
0.403811
0.40821
0.412395
0.416375
0.420159
0.423755
0.42717
0.430417
0.317821
0.636803
0.961056
1.24989
1.48326
1.65371
1.76491
1.82784
1.85608
1.86209
1.85544
1.84245
1.82685
1.81058
1.7945
1.77902
1.76434
1.75065
1.73812
1.72691
1.71713
1.7088
1.70185
1.69612
1.69139
1.6874
1.68383
1.68031
1.67648
1.67193
1.66626
1.65907
1.64995
1.63853
1.62443
1.60731
1.58686
1.56283
1.53499
1.5032
1.4674
1.42761
1.38392
1.33655
1.28581
1.2321
1.17593
1.11791
1.05872
0.999104
0.93986
0.881791
0.825687
0.772286
0.722242
0.676097
0.634266
0.597023
0.564508
0.53674
0.513636
0.495037
0.480736
0.470497
0.464068
0.461186
0.461571
0.464913
0.470851
0.47896
0.488732
0.499572
0.5108
0.521667
0.531383
0.539148
0.544192
0.545817
0.543427
0.536564
0.524938
0.508448
0.487202
0.461543
0.432056
0.399582
0.365205
0.330216
0.296027
0.264037
0.235447
0.211078
0.191263
0.175854
0.16436
0.1561
0.150413
0.146628
0.144363
0.142956
0.232374
0.262912
0.308896
0.37107
0.448739
0.53982
0.640577
0.746056
0.850735
0.949474
1.03824
1.11454
1.17745
1.22742
1.26585
1.29461
1.31566
1.33079
1.34151
1.34898
1.35403
1.35724
1.35902
1.35961
1.35915
1.35771
1.35528
1.3518
1.34714
1.34111
1.3335
1.32408
1.31258
1.29876
1.28238
1.26319
1.24102
1.21569
1.1871
1.15521
1.12006
1.08176
1.04053
0.996669
0.950567
0.902707
0.853646
0.804007
0.754458
0.705689
0.658385
0.613193
0.570693
0.531368
0.49558
0.463565
0.435429
0.411162
0.390659
0.37375
0.360224
0.349859
0.342442
0.33778
0.335709
0.336087
0.338786
0.34367
0.350574
0.359279
0.369484
0.380793
0.3927
0.404599
0.415802
0.425572
0.433167
0.437883
0.439106
0.436351
0.429299
0.417828
0.402039
0.38227
0.359107
0.333382
0.306139
0.278575
0.251936
0.227368
0.205764
0.18764
0.173112
0.161949
0.153713
0.147864
0.143913
0.141357
0.139919
0.139262
0.192035
0.194392
0.199284
0.207356
0.21889
0.234178
0.253656
0.277796
0.307172
0.342202
0.382873
0.428585
0.478218
0.530256
0.582967
0.634601
0.683587
0.728684
0.769073
0.80436
0.834522
0.859802
0.880601
0.897375
0.910572
0.920579
0.927707
0.93218
0.93414
0.933661
0.930764
0.925428
0.91761
0.907253
0.894299
0.878695
0.860408
0.839436
0.815818
0.789649
0.761089
0.730367
0.697787
0.663721
0.628605
0.592927
0.557209
0.52199
0.487796
0.455125
0.424413
0.396018
0.370197
0.347105
0.326793
0.309216
0.294259
0.281757
0.27152
0.263355
0.257079
0.252538
0.249609
0.248202
0.248264
0.249768
0.252709
0.257085
0.262885
0.27006
0.278504
0.288023
0.29832
0.30898
0.31948
0.329206
0.337495
0.34368
0.34715
0.347396
0.344063
0.336988
0.326228
0.312075
0.295061
0.275937
0.255631
0.235165
0.215548
0.197645
0.182074
0.169143
0.158866
0.15103
0.145303
0.141291
0.138654
0.137025
0.136205
0.136094
0.178203
0.178385
0.178791
0.179616
0.18101
0.18309
0.185951
0.1897
0.194487
0.200468
0.207838
0.216851
0.227766
0.240802
0.256102
0.273686
0.293422
0.315015
0.338016
0.361861
0.38592
0.409556
0.432173
0.453257
0.472399
0.489302
0.503774
0.515708
0.525062
0.531837
0.536061
0.537778
0.537041
0.533913
0.528463
0.520771
0.510934
0.499069
0.485324
0.469882
0.452969
0.434848
0.415825
0.396232
0.376422
0.35675
0.33756
0.319164
0.301831
0.285772
0.271135
0.258002
0.246392
0.236272
0.227569
0.220182
0.213999
0.208905
0.204795
0.201575
0.19917
0.197527
0.196612
0.196411
0.196934
0.198208
0.200274
0.203183
0.206988
0.211725
0.2174
0.223968
0.231306
0.239197
0.247318
0.255241
0.262456
0.268406
0.272541
0.274373
0.273529
0.269801
0.263178
0.253868
0.24229
0.229051
0.214893
0.200611
0.186959
0.174555
0.163816
0.154933
0.147903
0.142575
0.138725
0.136081
0.134421
0.133475
0.133108
0.133381
0.173248
0.172927
0.172633
0.172414
0.172305
0.172342
0.172552
0.172957
0.173583
0.17445
0.175577
0.176999
0.178769
0.180944
0.183592
0.186778
0.190563
0.194994
0.2001
0.205882
0.212305
0.219296
0.226742
0.234492
0.242365
0.250159
0.257662
0.26467
0.270988
0.276448
0.280909
0.284262
0.286434
0.287386
0.287111
0.285633
0.283003
0.279298
0.27462
0.269093
0.262861
0.256083
0.248929
0.241573
0.234181
0.22691
0.219893
0.213241
0.207037
0.201336
0.196168
0.191541
0.187445
0.183857
0.180747
0.178079
0.175817
0.173926
0.172378
0.171148
0.170221
0.169588
0.16925
0.16922
0.169518
0.170177
0.17124
0.172756
0.17478
0.177364
0.180551
0.184356
0.188756
0.193669
0.198936
0.204316
0.209484
0.214052
0.217599
0.219721
0.220079
0.21845
0.214763
0.209123
0.20181
0.193252
0.183982
0.174565
0.165529
0.157301
0.15017
0.144272
0.139617
0.136117
0.133632
0.131984
0.13103
0.130576
0.13053
0.131058
0.172128
0.171592
0.171061
0.170545
0.170054
0.169599
0.169193
0.168845
0.168565
0.168357
0.168222
0.168166
0.168191
0.168308
0.168527
0.16886
0.16932
0.169922
0.170676
0.171592
0.172676
0.173925
0.175332
0.176881
0.178547
0.180295
0.182083
0.18386
0.185574
0.187166
0.188581
0.189767
0.190676
0.191273
0.191533
0.19144
0.190995
0.190206
0.189096
0.187697
0.186047
0.184195
0.182189
0.180083
0.177926
0.175766
0.173643
0.171593
0.169641
0.167809
0.166108
0.164547
0.163126
0.161843
0.160693
0.15967
0.158764
0.157969
0.157278
0.156686
0.156193
0.155799
0.155513
0.155344
0.155312
0.155438
0.155754
0.156294
0.157099
0.158212
0.159671
0.161508
0.163733
0.166327
0.169229
0.172322
0.175431
0.178325
0.180733
0.182371
0.182979
0.182361
0.180423
0.177189
0.172814
0.167562
0.161777
0.155831
0.150078
0.144808
0.140223
0.13643
0.133453
0.131245
0.129728
0.128783
0.128325
0.128212
0.128382
0.129065
0.17235
0.171724
0.171098
0.170477
0.169863
0.169258
0.168666
0.168093
0.167542
0.167018
0.16652
0.166052
0.165615
0.165209
0.164835
0.164497
0.164196
0.163935
0.163717
0.163544
0.163418
0.16334
0.16331
0.163325
0.163383
0.163476
0.163597
0.163736
0.163879
0.164015
0.164127
0.164203
0.164228
0.16419
0.16408
0.163889
0.163613
0.163251
0.162805
0.162281
0.161686
0.16103
0.160326
0.159587
0.158825
0.158054
0.157286
0.15653
0.155796
0.15509
0.154417
0.153778
0.153173
0.152603
0.152065
0.151555
0.15107
0.150607
0.150163
0.149737
0.149327
0.148937
0.148569
0.148233
0.147937
0.147698
0.147533
0.147466
0.147522
0.147732
0.148125
0.148727
0.149559
0.150624
0.151904
0.153352
0.154883
0.156374
0.15767
0.158596
0.158982
0.158682
0.157609
0.155749
0.153171
0.15002
0.146501
0.142844
0.139276
0.135989
0.133123
0.130761
0.128931
0.12761
0.126757
0.126293
0.126172
0.126282
0.126589
0.12735
0.172923
0.172267
0.17161
0.170953
0.170296
0.169642
0.168992
0.168347
0.16771
0.167081
0.166464
0.165858
0.165265
0.164687
0.164122
0.163573
0.16304
0.162523
0.162024
0.161542
0.161079
0.160634
0.160209
0.159803
0.159417
0.159048
0.158696
0.158358
0.158031
0.157713
0.1574
0.157089
0.156774
0.156454
0.156124
0.155783
0.155428
0.155059
0.154676
0.154279
0.15387
0.153452
0.153028
0.1526
0.152172
0.151747
0.151328
0.150916
0.150514
0.150122
0.149739
0.149365
0.148998
0.148634
0.148271
0.147905
0.147532
0.14715
0.146754
0.146344
0.145918
0.145475
0.145018
0.14455
0.144077
0.143608
0.143153
0.142726
0.142344
0.142027
0.141794
0.141667
0.141663
0.141794
0.14206
0.142447
0.142918
0.143415
0.143856
0.144145
0.144179
0.143865
0.143138
0.141973
0.140395
0.138477
0.136333
0.134099
0.131914
0.1299
0.128153
0.126731
0.125658
0.124925
0.124511
0.124361
0.124453
0.1247
0.125084
0.125865
0.17347
0.172816
0.172159
0.1715
0.17084
0.170178
0.169516
0.168855
0.168195
0.167537
0.166883
0.166234
0.16559
0.164952
0.164322
0.163699
0.163084
0.162478
0.16188
0.161293
0.160715
0.160147
0.159591
0.159045
0.158511
0.157988
0.157477
0.156978
0.156489
0.156012
0.155544
0.155087
0.154638
0.154198
0.153765
0.153339
0.15292
0.152507
0.152102
0.151703
0.151312
0.150929
0.150555
0.150189
0.149833
0.149487
0.149149
0.14882
0.148498
0.148182
0.14787
0.147558
0.147244
0.146924
0.146594
0.146251
0.145889
0.145506
0.145098
0.144662
0.144196
0.1437
0.143172
0.142615
0.14203
0.141423
0.1408
0.140168
0.139539
0.138925
0.138339
0.137797
0.137312
0.136898
0.136562
0.136303
0.136111
0.135961
0.135815
0.135626
0.135337
0.134895
0.134259
0.133405
0.132342
0.131104
0.129751
0.12836
0.127014
0.125786
0.124738
0.123908
0.123315
0.122954
0.122815
0.122858
0.123074
0.123393
0.123809
0.124569
0.173877
0.173236
0.172591
0.171944
0.171293
0.170641
0.169986
0.16933
0.168673
0.168015
0.167359
0.166703
0.166049
0.165398
0.164749
0.164105
0.163465
0.16283
0.1622
0.161576
0.160958
0.160347
0.159743
0.159147
0.15856
0.15798
0.15741
0.15685
0.1563
0.15576
0.155231
0.154713
0.154207
0.153712
0.153229
0.152758
0.152299
0.151854
0.151421
0.151001
0.150595
0.150203
0.149823
0.149457
0.149103
0.14876
0.148427
0.148103
0.147785
0.147471
0.147159
0.146844
0.146524
0.146195
0.145852
0.145491
0.145109
0.144701
0.144265
0.143796
0.143293
0.142753
0.142176
0.14156
0.140908
0.140222
0.139504
0.138761
0.137998
0.137223
0.136447
0.135679
0.134931
0.134213
0.133535
0.132903
0.132317
0.131771
0.131251
0.130737
0.130202
0.12962
0.128968
0.128232
0.127412
0.126526
0.125605
0.12469
0.123828
0.123063
0.122431
0.121956
0.12165
0.12151
0.121529
0.121677
0.121955
0.122299
0.122716
0.123427
0.174138
0.17351
0.17288
0.172247
0.171611
0.170972
0.17033
0.169686
0.169041
0.168394
0.167746
0.167097
0.166449
0.165802
0.165156
0.164511
0.163869
0.16323
0.162594
0.161961
0.161333
0.16071
0.160092
0.159479
0.158874
0.158275
0.157683
0.1571
0.156526
0.155961
0.155406
0.154862
0.154329
0.153807
0.153299
0.152803
0.15232
0.151851
0.151397
0.150957
0.150531
0.150119
0.149722
0.149338
0.148966
0.148606
0.148256
0.147913
0.147576
0.147241
0.146907
0.14657
0.146226
0.145871
0.145503
0.145115
0.144706
0.14427
0.143804
0.143306
0.142772
0.1422
0.141589
0.140938
0.140247
0.139516
0.138748
0.137946
0.137115
0.136259
0.135385
0.134502
0.133617
0.13274
0.13188
0.131044
0.130238
0.129464
0.128721
0.128003
0.127302
0.126607
0.125908
0.1252
0.124483
0.123765
0.123064
0.122401
0.121803
0.121293
0.120893
0.120615
0.120466
0.120443
0.120541
0.120735
0.12103
0.121368
0.121765
0.122407
0.174284
0.173668
0.17305
0.172429
0.171805
0.171178
0.170549
0.169918
0.169284
0.168649
0.168012
0.167374
0.166736
0.166098
0.16546
0.164823
0.164187
0.163553
0.162921
0.162291
0.161665
0.161042
0.160422
0.159808
0.159198
0.158594
0.157997
0.157406
0.156823
0.156249
0.155683
0.155127
0.154582
0.154047
0.153524
0.153013
0.152515
0.15203
0.151559
0.151101
0.150657
0.150227
0.14981
0.149406
0.149013
0.148631
0.148257
0.147891
0.147529
0.147169
0.146809
0.146445
0.146075
0.145693
0.145297
0.144884
0.144448
0.143987
0.143497
0.142975
0.142418
0.141823
0.14119
0.140517
0.139803
0.139049
0.138256
0.137427
0.136563
0.135669
0.134751
0.133814
0.132865
0.131912
0.130962
0.130023
0.129104
0.128209
0.127343
0.126508
0.125705
0.124932
0.124189
0.123474
0.122791
0.122144
0.121545
0.121004
0.120536
0.120154
0.11987
0.119688
0.119614
0.11964
0.119764
0.119964
0.120247
0.120559
0.120922
0.121485
0.174355
0.173747
0.173137
0.172524
0.171909
0.171291
0.170671
0.170049
0.169425
0.168799
0.168172
0.167544
0.166915
0.166286
0.165657
0.165028
0.164399
0.163772
0.163146
0.162523
0.161901
0.161282
0.160666
0.160054
0.159446
0.158843
0.158245
0.157653
0.157068
0.15649
0.155921
0.155359
0.154807
0.154265
0.153733
0.153213
0.152704
0.152207
0.151723
0.151251
0.150791
0.150345
0.14991
0.149487
0.149074
0.148671
0.148276
0.147886
0.147501
0.147118
0.146733
0.146345
0.14595
0.145544
0.145125
0.144688
0.14423
0.143748
0.143239
0.142699
0.142125
0.141515
0.140868
0.140182
0.139457
0.138692
0.137888
0.137047
0.136171
0.135264
0.134329
0.133372
0.132398
0.131413
0.130425
0.129442
0.12847
0.127518
0.126591
0.125696
0.124837
0.124017
0.123242
0.122513
0.121834
0.121212
0.120651
0.120161
0.119748
0.119419
0.119181
0.119035
0.118982
0.119016
0.119134
0.119315
0.119568
0.11984
0.120161
0.120641
0.174385
0.173781
0.173175
0.172567
0.171957
0.171344
0.17073
0.170114
0.169496
0.168876
0.168256
0.167634
0.167012
0.166389
0.165766
0.165143
0.164521
0.163899
0.163279
0.16266
0.162043
0.161428
0.160816
0.160207
0.159602
0.159
0.158404
0.157812
0.157227
0.156648
0.156076
0.155512
0.154956
0.154409
0.153871
0.153343
0.152826
0.15232
0.151825
0.151341
0.150869
0.150408
0.149959
0.149519
0.149089
0.148668
0.148253
0.147844
0.147439
0.147035
0.146629
0.14622
0.145804
0.145379
0.14494
0.144484
0.144009
0.143511
0.142986
0.142433
0.141847
0.141228
0.140572
0.13988
0.139149
0.13838
0.137574
0.136731
0.135854
0.134945
0.134009
0.133048
0.132069
0.131078
0.13008
0.129082
0.128093
0.127118
0.126167
0.125245
0.124359
0.123516
0.122721
0.12198
0.121296
0.120676
0.120124
0.119647
0.119248
0.118932
0.1187
0.118554
0.118493
0.118509
0.118601
0.118748
0.11896
0.119186
0.119461
0.119856
0.174394
0.173792
0.173187
0.172581
0.171973
0.171363
0.170752
0.170139
0.169524
0.168908
0.168291
0.167672
0.167054
0.166434
0.165815
0.165196
0.164577
0.163959
0.163341
0.162726
0.162111
0.161499
0.160889
0.160282
0.159678
0.159078
0.158482
0.157891
0.157305
0.156725
0.156151
0.155584
0.155025
0.154473
0.153931
0.153397
0.152873
0.152359
0.151855
0.151362
0.150879
0.150406
0.149943
0.14949
0.149045
0.148608
0.148178
0.147752
0.14733
0.146908
0.146486
0.146059
0.145627
0.145184
0.14473
0.144259
0.14377
0.143259
0.142724
0.14216
0.141567
0.140941
0.140281
0.139585
0.138853
0.138085
0.13728
0.136441
0.135568
0.134665
0.133734
0.13278
0.131807
0.13082
0.129825
0.12883
0.12784
0.126863
0.125906
0.124977
0.124083
0.12323
0.122426
0.121676
0.120985
0.120359
0.119803
0.11932
0.118915
0.118589
0.118344
0.118178
0.118091
0.118076
0.11813
0.118236
0.118401
0.118577
0.118806
0.119116
0.174394
0.173792
0.173188
0.172582
0.171975
0.171366
0.170755
0.170143
0.169529
0.168914
0.168298
0.167682
0.167064
0.166446
0.165828
0.16521
0.164592
0.163975
0.163359
0.162744
0.162131
0.161519
0.16091
0.160303
0.159699
0.159098
0.158501
0.157909
0.157322
0.156739
0.156163
0.155593
0.15503
0.154474
0.153927
0.153388
0.152857
0.152336
0.151824
0.151322
0.150829
0.150346
0.149872
0.149407
0.14895
0.1485
0.148055
0.147616
0.147179
0.146743
0.146306
0.145865
0.145419
0.144963
0.144495
0.144013
0.143513
0.142993
0.142449
0.141878
0.141279
0.14065
0.139987
0.139291
0.138561
0.137795
0.136995
0.136162
0.135296
0.134402
0.13348
0.132536
0.131574
0.130598
0.129613
0.128627
0.127645
0.126675
0.125723
0.124797
0.123904
0.12305
0.122243
0.121488
0.120791
0.120157
0.11959
0.119094
0.118673
0.118326
0.118056
0.117861
0.11774
0.117685
0.117697
0.117756
0.117874
0.117999
0.11818
0.118412
0.17439
0.173788
0.173184
0.172578
0.17197
0.171361
0.17075
0.170138
0.169524
0.168909
0.168293
0.167676
0.167058
0.16644
0.165822
0.165204
0.164585
0.163968
0.163351
0.162735
0.162121
0.161508
0.160898
0.160289
0.159684
0.159081
0.158483
0.157888
0.157298
0.156712
0.156133
0.155559
0.154992
0.154431
0.153878
0.153333
0.152796
0.152268
0.151749
0.151238
0.150737
0.150244
0.14976
0.149284
0.148816
0.148354
0.147898
0.147447
0.146997
0.146549
0.1461
0.145647
0.145189
0.144722
0.144244
0.143752
0.143243
0.142715
0.142165
0.141589
0.140986
0.140355
0.139692
0.138997
0.138269
0.137508
0.136714
0.135888
0.135031
0.134147
0.133236
0.132305
0.131355
0.130392
0.129421
0.128447
0.127478
0.126518
0.125576
0.124658
0.12377
0.122919
0.122112
0.121354
0.120652
0.120009
0.119429
0.118917
0.118475
0.118103
0.117803
0.117574
0.117413
0.117316
0.117283
0.117294
0.117363
0.117439
0.117575
0.117733
0.174386
0.173783
0.173178
0.172572
0.171964
0.171354
0.170742
0.170129
0.169514
0.168899
0.168282
0.167664
0.167045
0.166426
0.165807
0.165187
0.164567
0.163948
0.16333
0.162712
0.162096
0.161481
0.160868
0.160257
0.159649
0.159044
0.158442
0.157844
0.15725
0.156661
0.156077
0.155499
0.154927
0.154361
0.153802
0.153251
0.152708
0.152173
0.151646
0.151127
0.150617
0.150116
0.149623
0.149137
0.148659
0.148187
0.14772
0.147257
0.146797
0.146338
0.145878
0.145415
0.144946
0.14447
0.143983
0.143483
0.142967
0.142432
0.141876
0.141297
0.140692
0.140059
0.139397
0.138703
0.137979
0.137223
0.136435
0.135617
0.13477
0.133896
0.132998
0.132079
0.131143
0.130193
0.129236
0.128277
0.127321
0.126374
0.125443
0.124534
0.123653
0.122807
0.122002
0.121243
0.120535
0.119882
0.11929
0.118759
0.118294
0.117894
0.117562
0.117295
0.117094
0.116953
0.116873
0.116838
0.116859
0.116887
0.116982
0.117071
0.174381
0.173778
0.173172
0.172565
0.171956
0.171345
0.170733
0.170119
0.169504
0.168887
0.168269
0.16765
0.16703
0.166409
0.165788
0.165166
0.164545
0.163924
0.163303
0.162683
0.162064
0.161447
0.160831
0.160217
0.159606
0.158997
0.158391
0.157789
0.157191
0.156598
0.156009
0.155426
0.154848
0.154277
0.153712
0.153155
0.152605
0.152062
0.151528
0.151002
0.150484
0.149974
0.149471
0.148977
0.148489
0.148007
0.147531
0.147058
0.146588
0.146119
0.145649
0.145176
0.144699
0.144213
0.143719
0.143211
0.142689
0.142149
0.141589
0.141007
0.1404
0.139766
0.139105
0.138414
0.137693
0.136943
0.136162
0.135352
0.134514
0.133651
0.132764
0.131858
0.130935
0.129999
0.129057
0.128111
0.127168
0.126234
0.125314
0.124415
0.123542
0.1227
0.121897
0.121136
0.120422
0.119759
0.119152
0.118602
0.118111
0.117683
0.117316
0.117011
0.116769
0.116584
0.116458
0.116377
0.116353
0.116337
0.116392
0.116421
0.174376
0.173772
0.173166
0.172559
0.171949
0.171337
0.170724
0.170109
0.169492
0.168874
0.168255
0.167635
0.167013
0.166391
0.165768
0.165145
0.164522
0.163898
0.163275
0.162652
0.162031
0.16141
0.160791
0.160174
0.159559
0.158946
0.158337
0.15773
0.157128
0.15653
0.155936
0.155347
0.154764
0.154187
0.153617
0.153053
0.152496
0.151946
0.151405
0.150871
0.150345
0.149826
0.149316
0.148812
0.148315
0.147824
0.147338
0.146856
0.146377
0.145899
0.14542
0.144938
0.144452
0.143959
0.143457
0.142943
0.142415
0.14187
0.141306
0.140721
0.140113
0.139479
0.138819
0.138131
0.137414
0.136668
0.135894
0.135092
0.134264
0.133411
0.132535
0.131641
0.13073
0.129808
0.128878
0.127946
0.127016
0.126093
0.125184
0.124293
0.123427
0.122589
0.121786
0.121022
0.120301
0.119627
0.119003
0.118432
0.117916
0.117456
0.117055
0.116711
0.116427
0.116198
0.116028
0.115903
0.115836
0.115779
0.1158
0.115778
0.174371
0.173767
0.173161
0.172552
0.171942
0.171329
0.170715
0.170099
0.169482
0.168862
0.168242
0.16762
0.166997
0.166373
0.165749
0.165124
0.164498
0.163873
0.163247
0.162622
0.161997
0.161374
0.160752
0.160131
0.159512
0.158896
0.158282
0.157672
0.157065
0.156462
0.155863
0.155269
0.15468
0.154097
0.153521
0.15295
0.152387
0.151831
0.151282
0.15074
0.150206
0.14968
0.149161
0.148649
0.148143
0.147643
0.147149
0.146658
0.146169
0.145682
0.145195
0.144705
0.144211
0.14371
0.143201
0.142681
0.142148
0.141599
0.141031
0.140444
0.139834
0.1392
0.138541
0.137855
0.137142
0.136401
0.135633
0.134838
0.134018
0.133175
0.13231
0.131427
0.130528
0.129618
0.1287
0.12778
0.126861
0.125949
0.125048
0.124164
0.123302
0.122467
0.121663
0.120894
0.120164
0.119477
0.118835
0.118241
0.117697
0.117205
0.116767
0.116384
0.116058
0.115786
0.115573
0.115407
0.115302
0.11521
0.1152
0.115136
0.174367
0.173762
0.173155
0.172546
0.171935
0.171322
0.170707
0.17009
0.169471
0.168851
0.168229
0.167606
0.166982
0.166357
0.16573
0.165103
0.164476
0.163848
0.16322
0.162592
0.161965
0.161339
0.160713
0.160089
0.159467
0.158847
0.158229
0.157615
0.157003
0.156395
0.155792
0.155193
0.154599
0.15401
0.153427
0.152851
0.152281
0.151718
0.151162
0.150613
0.150072
0.149537
0.14901
0.14849
0.147976
0.147468
0.146964
0.146465
0.145968
0.145473
0.144977
0.144479
0.143978
0.14347
0.142954
0.142428
0.14189
0.141336
0.140765
0.140175
0.139564
0.13893
0.138271
0.137588
0.136878
0.136141
0.135379
0.13459
0.133778
0.132943
0.132087
0.131214
0.130326
0.129426
0.128519
0.127608
0.126699
0.125795
0.124901
0.124022
0.123163
0.122327
0.121519
0.120743
0.120001
0.119298
0.118635
0.118016
0.117443
0.116917
0.116442
0.116019
0.115652
0.115339
0.115086
0.114883
0.114744
0.114622
0.114589
0.114493
0.174363
0.173757
0.17315
0.17254
0.171928
0.171314
0.170699
0.170081
0.169461
0.16884
0.168217
0.167593
0.166967
0.16634
0.165712
0.165084
0.164454
0.163824
0.163194
0.162564
0.161935
0.161305
0.160677
0.16005
0.159424
0.158801
0.158179
0.15756
0.156945
0.156332
0.155724
0.15512
0.154521
0.153927
0.153338
0.152756
0.152179
0.15161
0.151047
0.150491
0.149942
0.149401
0.148866
0.148338
0.147816
0.147299
0.146788
0.14628
0.145775
0.145272
0.144768
0.144263
0.143754
0.143239
0.142717
0.142185
0.141641
0.141083
0.140509
0.139916
0.139303
0.138668
0.13801
0.137328
0.13662
0.135887
0.135129
0.134346
0.13354
0.132712
0.131864
0.130999
0.130119
0.129228
0.128329
0.127426
0.126524
0.125625
0.124736
0.123859
0.122999
0.12216
0.121345
0.120558
0.119802
0.119079
0.118393
0.117746
0.117141
0.11658
0.116067
0.115605
0.115198
0.114847
0.114559
0.114323
0.114157
0.114012
0.113962
0.113845
0.174359
0.173753
0.173145
0.172535
0.171922
0.171307
0.170691
0.170072
0.169452
0.16883
0.168206
0.16758
0.166953
0.166325
0.165696
0.165065
0.164434
0.163802
0.16317
0.162538
0.161906
0.161274
0.160643
0.160013
0.159384
0.158757
0.158132
0.157509
0.156889
0.156273
0.15566
0.155051
0.154447
0.153848
0.153254
0.152665
0.152083
0.151507
0.150938
0.150376
0.14982
0.149271
0.148729
0.148193
0.147663
0.147139
0.14662
0.146104
0.145591
0.14508
0.144568
0.144056
0.143539
0.143018
0.14249
0.141952
0.141403
0.14084
0.140262
0.139666
0.13905
0.138414
0.137755
0.137073
0.136366
0.135636
0.13488
0.134102
0.1333
0.132477
0.131635
0.130775
0.129902
0.129016
0.128123
0.127225
0.126326
0.12543
0.124541
0.123663
0.122798
0.121952
0.121126
0.120325
0.11955
0.118805
0.118093
0.117415
0.116776
0.116179
0.115629
0.115129
0.114685
0.1143
0.113982
0.113722
0.113536
0.113377
0.113317
0.11319
0.174355
0.173748
0.17314
0.172529
0.171916
0.171301
0.170684
0.170064
0.169443
0.16882
0.168195
0.167568
0.16694
0.166311
0.16568
0.165048
0.164415
0.163781
0.163147
0.162513
0.161878
0.161244
0.16061
0.159977
0.159346
0.158715
0.158087
0.157461
0.156837
0.156217
0.1556
0.154986
0.154377
0.153773
0.153174
0.15258
0.151992
0.151411
0.150835
0.150266
0.149704
0.149148
0.148599
0.148056
0.147519
0.146987
0.14646
0.145937
0.145416
0.144897
0.144378
0.143858
0.143334
0.142806
0.142271
0.141726
0.141171
0.140603
0.14002
0.13942
0.138802
0.138162
0.137502
0.136818
0.136111
0.135381
0.134626
0.133849
0.133049
0.132229
0.131389
0.130533
0.129662
0.128779
0.127888
0.126991
0.126092
0.125194
0.124302
0.123417
0.122544
0.121686
0.120845
0.120025
0.119228
0.118457
0.117715
0.117005
0.116332
0.115699
0.115112
0.114578
0.114103
0.113691
0.113351
0.113074
0.112878
0.112714
0.112652
0.112525
0.174351
0.173744
0.173135
0.172524
0.17191
0.171295
0.170677
0.170057
0.169435
0.168811
0.168185
0.167557
0.166928
0.166297
0.165665
0.165031
0.164397
0.163762
0.163126
0.162489
0.161853
0.161216
0.16058
0.159945
0.15931
0.158677
0.158045
0.157416
0.156789
0.156164
0.155543
0.154926
0.154312
0.153703
0.153099
0.152501
0.151907
0.15132
0.150739
0.150163
0.149595
0.149033
0.148476
0.147926
0.147382
0.146843
0.146308
0.145777
0.145249
0.144722
0.144195
0.143667
0.143135
0.142599
0.142057
0.141506
0.140944
0.140369
0.13978
0.139174
0.13855
0.137906
0.137241
0.136554
0.135844
0.135111
0.134354
0.133575
0.132774
0.131953
0.131112
0.130255
0.129382
0.128498
0.127604
0.126704
0.1258
0.124896
0.123995
0.1231
0.122214
0.121339
0.120479
0.119636
0.118813
0.118013
0.117239
0.116496
0.115788
0.115122
0.114504
0.113941
0.113442
0.113012
0.11266
0.112379
0.112183
0.112022
0.111966
0.11185
0.174347
0.173741
0.173131
0.172519
0.171905
0.171289
0.17067
0.17005
0.169427
0.168802
0.168175
0.167547
0.166916
0.166284
0.165651
0.165016
0.16438
0.163744
0.163106
0.162468
0.161829
0.161191
0.160552
0.159914
0.159277
0.158641
0.158006
0.157374
0.156743
0.156115
0.155491
0.154869
0.154251
0.153638
0.153029
0.152426
0.151827
0.151234
0.150647
0.150066
0.149491
0.148923
0.14836
0.147803
0.147251
0.146704
0.146161
0.145622
0.145085
0.14455
0.144015
0.143478
0.142938
0.142393
0.141841
0.141281
0.140711
0.140127
0.13953
0.138916
0.138284
0.137632
0.13696
0.136265
0.135548
0.134808
0.134046
0.13326
0.132454
0.131626
0.13078
0.129917
0.129038
0.128147
0.127246
0.126337
0.125423
0.124508
0.123593
0.122682
0.121777
0.120881
0.119997
0.119127
0.118275
0.117444
0.116639
0.115864
0.115126
0.114432
0.11379
0.113209
0.112698
0.112263
0.111912
0.111638
0.111454
0.111308
0.111268
0.111173
0.174344
0.173737
0.173127
0.172515
0.171901
0.171284
0.170664
0.170043
0.16942
0.168794
0.168166
0.167537
0.166906
0.166273
0.165638
0.165002
0.164365
0.163727
0.163088
0.162448
0.161807
0.161167
0.160526
0.159886
0.159246
0.158608
0.15797
0.157335
0.156701
0.15607
0.155441
0.154816
0.154194
0.153577
0.152963
0.152355
0.151751
0.151153
0.15056
0.149973
0.149391
0.148816
0.148246
0.147681
0.147121
0.146566
0.146015
0.145466
0.14492
0.144375
0.143829
0.143281
0.14273
0.142174
0.141611
0.141039
0.140457
0.139861
0.139251
0.138625
0.137981
0.137317
0.136632
0.135925
0.135196
0.134445
0.13367
0.132874
0.132055
0.131217
0.130359
0.129484
0.128594
0.12769
0.126775
0.125852
0.124923
0.12399
0.123056
0.122124
0.121196
0.120276
0.119364
0.118466
0.117585
0.116724
0.11589
0.115089
0.114329
0.113617
0.112964
0.11238
0.111874
0.111451
0.11112
0.110871
0.110715
0.1106
0.110589
0.110539
0.174342
0.173734
0.173124
0.172511
0.171896
0.171279
0.170659
0.170037
0.169413
0.168787
0.168158
0.167528
0.166896
0.166262
0.165627
0.164989
0.164351
0.163711
0.163071
0.162429
0.161787
0.161145
0.160502
0.15986
0.159218
0.158576
0.157936
0.157298
0.156661
0.156026
0.155394
0.154765
0.154139
0.153516
0.152898
0.152284
0.151675
0.151071
0.150471
0.149877
0.149289
0.148705
0.148126
0.147553
0.146983
0.146418
0.145856
0.145296
0.144737
0.144179
0.14362
0.143058
0.142492
0.141921
0.141342
0.140753
0.140153
0.139541
0.138913
0.138268
0.137606
0.136923
0.13622
0.135495
0.134747
0.133977
0.133185
0.13237
0.131534
0.130677
0.129802
0.128909
0.128001
0.127079
0.126145
0.125202
0.124252
0.123297
0.12234
0.121383
0.120429
0.119481
0.118543
0.117617
0.116709
0.115825
0.114971
0.114155
0.113387
0.112677
0.112036
0.111473
0.110998
0.110617
0.110335
0.110141
0.110046
0.109995
0.110042
0.110085
0.17434
0.173732
0.173121
0.172508
0.171893
0.171275
0.170655
0.170032
0.169407
0.16878
0.168151
0.16752
0.166887
0.166252
0.165616
0.164977
0.164338
0.163697
0.163054
0.162411
0.161767
0.161123
0.160478
0.159833
0.159189
0.158545
0.157902
0.15726
0.156619
0.15598
0.155344
0.15471
0.154079
0.153451
0.152827
0.152207
0.151591
0.150979
0.150371
0.149768
0.14917
0.148576
0.147986
0.1474
0.146818
0.146238
0.145661
0.145085
0.14451
0.143934
0.143356
0.142774
0.142187
0.141593
0.140991
0.140379
0.139755
0.139117
0.138464
0.137794
0.137105
0.136396
0.135666
0.134915
0.134141
0.133345
0.132527
0.131688
0.130827
0.129946
0.129046
0.12813
0.127198
0.126252
0.125294
0.124327
0.123352
0.122372
0.121389
0.120406
0.119426
0.118453
0.117491
0.116545
0.115621
0.114727
0.113872
0.113067
0.112321
0.111648
0.111059
0.110565
0.110175
0.109894
0.109726
0.109657
0.109696
0.109785
0.109959
0.110209
0.174338
0.17373
0.173119
0.172506
0.17189
0.171271
0.170651
0.170028
0.169402
0.168774
0.168144
0.167512
0.166878
0.166242
0.165604
0.164965
0.164323
0.16368
0.163036
0.162391
0.161745
0.161097
0.16045
0.159802
0.159154
0.158506
0.157858
0.157212
0.156566
0.155922
0.155279
0.154639
0.154001
0.153365
0.152732
0.152102
0.151476
0.150853
0.150233
0.149617
0.149005
0.148395
0.147789
0.147186
0.146584
0.145984
0.145386
0.144787
0.144187
0.143584
0.142979
0.142368
0.141751
0.141127
0.140493
0.139847
0.139189
0.138517
0.137829
0.137123
0.136399
0.135655
0.13489
0.134104
0.133297
0.132468
0.131617
0.130745
0.129854
0.128943
0.128014
0.127069
0.126109
0.125135
0.124151
0.123157
0.122155
0.12115
0.120143
0.119137
0.118138
0.117149
0.116178
0.115231
0.114318
0.113449
0.112636
0.111894
0.111237
0.11068
0.110238
0.109923
0.109747
0.109712
0.109822
0.110056
0.110415
0.110838
0.111307
0.112012
0.174337
0.173728
0.173117
0.172503
0.171886
0.171267
0.170646
0.170021
0.169395
0.168766
0.168134
0.167501
0.166865
0.166227
0.165586
0.164944
0.1643
0.163654
0.163006
0.162357
0.161707
0.161055
0.160403
0.159749
0.159095
0.158441
0.157786
0.157132
0.156478
0.155824
0.155171
0.15452
0.15387
0.153221
0.152574
0.151929
0.151286
0.150646
0.150007
0.14937
0.148736
0.148103
0.147472
0.146841
0.146211
0.145581
0.14495
0.144317
0.143681
0.143042
0.142398
0.141747
0.141088
0.140421
0.139743
0.139053
0.13835
0.137633
0.136899
0.136148
0.13538
0.134592
0.133784
0.132956
0.132108
0.131239
0.13035
0.129442
0.128515
0.12757
0.126608
0.125632
0.124641
0.12364
0.122628
0.121609
0.120586
0.119562
0.118542
0.117531
0.116535
0.115562
0.114623
0.11373
0.112898
0.112143
0.111486
0.110948
0.110552
0.110324
0.110288
0.110463
0.110865
0.111495
0.112345
0.113373
0.114541
0.115768
0.11692
0.118548
0.174333
0.173723
0.17311
0.172495
0.171876
0.171255
0.170631
0.170004
0.169375
0.168743
0.168108
0.16747
0.16683
0.166187
0.165542
0.164894
0.164244
0.163592
0.162937
0.16228
0.161621
0.160961
0.160298
0.159634
0.158968
0.158301
0.157633
0.156965
0.156295
0.155625
0.154954
0.154283
0.153613
0.152942
0.152272
0.151602
0.150932
0.150263
0.149594
0.148925
0.148256
0.147587
0.146917
0.146247
0.145575
0.1449
0.144223
0.143543
0.142857
0.142167
0.14147
0.140765
0.140052
0.139329
0.138596
0.13785
0.137092
0.136319
0.135531
0.134727
0.133906
0.133068
0.132211
0.131336
0.130443
0.129531
0.1286
0.127652
0.126687
0.125707
0.124713
0.123706
0.12269
0.121666
0.120639
0.119612
0.118591
0.117582
0.116593
0.115635
0.114721
0.113867
0.113093
0.112425
0.111891
0.111528
0.111376
0.111485
0.111905
0.112691
0.113891
0.11554
0.117644
0.120167
0.123029
0.126085
0.129178
0.132124
0.134616
0.137611
0.174312
0.173698
0.173081
0.17246
0.171836
0.171209
0.170579
0.169946
0.169309
0.168668
0.168025
0.167378
0.166728
0.166074
0.165417
0.164757
0.164094
0.163427
0.162758
0.162085
0.161409
0.16073
0.160048
0.159363
0.158676
0.157986
0.157293
0.156599
0.155901
0.155202
0.154501
0.153798
0.153093
0.152386
0.151678
0.150968
0.150256
0.149543
0.148828
0.148111
0.147392
0.146671
0.145947
0.145219
0.144489
0.143754
0.143015
0.142271
0.141521
0.140765
0.140001
0.13923
0.13845
0.137661
0.136861
0.136051
0.135228
0.134393
0.133545
0.132682
0.131805
0.130912
0.130003
0.129079
0.128138
0.127182
0.126211
0.125226
0.12423
0.123225
0.122214
0.121201
0.120192
0.119193
0.118213
0.11726
0.116349
0.115497
0.114722
0.114054
0.113524
0.113177
0.113065
0.113254
0.113826
0.114876
0.116512
0.118846
0.121986
0.126014
0.130962
0.136785
0.143338
0.15036
0.157503
0.164351
0.17052
0.175652
0.179484
0.182629
0.17422
0.173595
0.172966
0.172332
0.171694
0.171053
0.170407
0.169757
0.169102
0.168444
0.16778
0.167113
0.166441
0.165765
0.165084
0.164398
0.163708
0.163014
0.162315
0.161612
0.160904
0.160191
0.159475
0.158754
0.158028
0.157298
0.156564
0.155826
0.155084
0.154338
0.153588
0.152834
0.152076
0.151314
0.150549
0.14978
0.149007
0.14823
0.14745
0.146665
0.145877
0.145084
0.144287
0.143486
0.14268
0.141869
0.141053
0.140232
0.139404
0.138571
0.137732
0.136885
0.136032
0.135171
0.134301
0.133423
0.132536
0.13164
0.130733
0.129815
0.128887
0.127948
0.126999
0.126041
0.125077
0.124108
0.123139
0.122175
0.121223
0.120292
0.119392
0.118537
0.117744
0.117035
0.116436
0.11598
0.115711
0.115682
0.115961
0.116635
0.11781
0.119612
0.122192
0.125717
0.130363
0.136298
0.14366
0.152518
0.162842
0.174466
0.187075
0.200202
0.213259
0.22559
0.236563
0.24563
0.252486
0.256791
0.259105
0.257721
0.173922
0.17327
0.172613
0.171951
0.171284
0.170611
0.169933
0.169249
0.16856
0.167865
0.167165
0.166458
0.165746
0.165028
0.164304
0.163574
0.162838
0.162096
0.161347
0.160593
0.159832
0.159066
0.158293
0.157514
0.156729
0.155937
0.15514
0.154337
0.153528
0.152712
0.151892
0.151065
0.150233
0.149395
0.148552
0.147704
0.146851
0.145993
0.14513
0.144263
0.143392
0.142516
0.141637
0.140754
0.139868
0.138979
0.138088
0.137194
0.136298
0.1354
0.134501
0.1336
0.132699
0.131798
0.130897
0.129997
0.1291
0.128207
0.12732
0.126444
0.125581
0.124739
0.123924
0.123147
0.12242
0.121759
0.121182
0.120714
0.120384
0.120227
0.120284
0.120609
0.121262
0.122319
0.123871
0.126025
0.12891
0.132677
0.137496
0.143552
0.151035
0.160124
0.170956
0.183604
0.198033
0.214077
0.231418
0.249584
0.267979
0.285927
0.302736
0.317766
0.330473
0.340447
0.347478
0.351463
0.35267
0.350877
0.347856
0.338053
0.173197
0.1725
0.171797
0.171086
0.170369
0.169645
0.168914
0.168176
0.167431
0.166679
0.165919
0.165152
0.164378
0.163596
0.162807
0.16201
0.161206
0.160394
0.159575
0.158748
0.157914
0.157073
0.156224
0.155369
0.154506
0.153637
0.152762
0.151881
0.150995
0.150104
0.149208
0.148308
0.147405
0.1465
0.145594
0.144687
0.143781
0.142878
0.141977
0.141082
0.140194
0.139314
0.138446
0.13759
0.136751
0.13593
0.135131
0.134358
0.133614
0.132905
0.132235
0.131611
0.13104
0.130531
0.130092
0.129738
0.12948
0.129336
0.129326
0.129472
0.129802
0.130347
0.131144
0.132237
0.133675
0.135514
0.137818
0.140661
0.144125
0.1483
0.153287
0.159198
0.166152
0.174275
0.183696
0.194537
0.206902
0.220862
0.236428
0.253535
0.272011
0.291565
0.311785
0.332151
0.352069
0.370923
0.388137
0.403231
0.415861
0.425833
0.433097
0.437703
0.439764
0.439388
0.436755
0.431956
0.425483
0.416871
0.408604
0.391872
0.172616
0.171894
0.171166
0.170432
0.169691
0.168944
0.168191
0.167432
0.166667
0.165897
0.165121
0.164342
0.163558
0.16277
0.16198
0.161187
0.160393
0.159599
0.158805
0.158013
0.157224
0.15644
0.155662
0.154893
0.154134
0.153387
0.152655
0.151941
0.151248
0.15058
0.14994
0.149332
0.148761
0.148233
0.147752
0.147326
0.146962
0.146666
0.146448
0.146317
0.146283
0.146358
0.146555
0.146887
0.147371
0.148021
0.148858
0.1499
0.15117
0.152691
0.15449
0.156593
0.159033
0.16184
0.165051
0.168704
0.17284
0.177504
0.182743
0.188607
0.19515
0.202426
0.210494
0.219408
0.229225
0.239995
0.251762
0.264557
0.278397
0.293279
0.309173
0.326017
0.34371
0.362103
0.380993
0.400116
0.419145
0.43769
0.455318
0.471579
0.48604
0.498336
0.508205
0.515516
0.520273
0.522597
0.522688
0.520791
0.517156
0.512024
0.505616
0.498121
0.489695
0.480397
0.470309
0.459374
0.448054
0.435616
0.424787
0.405251
0.191209
0.19133
0.191473
0.191637
0.191825
0.192038
0.192277
0.192543
0.192838
0.193165
0.193524
0.193919
0.194351
0.194823
0.195338
0.195898
0.196507
0.197169
0.197886
0.198664
0.199506
0.200416
0.201401
0.202465
0.203614
0.204855
0.206193
0.207636
0.209192
0.210869
0.212676
0.214624
0.216721
0.218981
0.221415
0.224037
0.226863
0.229907
0.233188
0.236724
0.240538
0.24465
0.249087
0.253874
0.259041
0.264618
0.27064
0.277141
0.284158
0.29173
0.299897
0.3087
0.318177
0.328368
0.339306
0.351023
0.363541
0.376873
0.391022
0.405975
0.421702
0.438149
0.455243
0.472878
0.490922
0.509208
0.527531
0.545653
0.563294
0.580143
0.595855
0.610068
0.622414
0.632544
0.640152
0.645009
0.646985
0.646076
0.642408
0.63622
0.627844
0.617656
0.606038
0.593342
0.579866
0.565851
0.551485
0.536919
0.522285
0.507714
0.493347
0.479323
0.46578
0.452746
0.440223
0.427914
0.41607
0.403603
0.393333
0.375233
0.433993
0.437915
0.441715
0.445385
0.448919
0.452313
0.455561
0.458659
0.461603
0.464387
0.467007
0.469459
0.471738
0.473839
0.475759
0.477493
0.479037
0.480385
0.481534
0.482479
0.483215
0.483737
0.48404
0.48412
0.48397
0.483585
0.482959
0.482088
0.480964
0.479582
0.477935
0.476018
0.473824
0.471347
0.468581
0.465521
0.462162
0.458499
0.454529
0.450249
0.445659
0.440759
0.435551
0.43004
0.424234
0.418143
0.411781
0.405165
0.398318
0.391267
0.384042
0.376679
0.369221
0.361714
0.354211
0.346767
0.339443
0.332306
0.325423
0.318866
0.312707
0.307021
0.301881
0.297363
0.293538
0.290476
0.288238
0.286878
0.286433
0.286916
0.288303
0.290527
0.29346
0.296913
0.300634
0.304326
0.307669
0.310362
0.312152
0.312872
0.312452
0.310921
0.30839
0.305023
0.301013
0.296547
0.291792
0.286884
0.281921
0.276978
0.272121
0.267413
0.262933
0.258739
0.254899
0.251317
0.248028
0.244666
0.242105
0.237467
0.0417353
0.0404892
0.0399093
0.0379522
0.035141
0.031811
0.0311118
0.0449632
0.072075
0.100981
0.129484
0.157263
0.184161
0.21009
0.235019
0.258959
0.281955
0.304084
0.32545
0.346176
0.366395
0.386235
0.405814
0.425232
0.444564
0.463862
0.48315
0.502428
0.521674
0.540849
0.5599
0.578764
0.597372
0.615659
0.633582
0.65115
0.668415
0.685333
0.701649
0.717352
0.732373
0.746637
0.760062
0.772564
0.784057
0.794457
0.803683
0.811654
0.818298
0.823548
0.827343
0.829634
0.830379
0.829553
0.827142
0.823148
0.817591
0.810506
0.80195
0.791998
0.780759
0.768425
0.755572
0.744295
0.736592
0.729061
0.720862
0.711942
0.702384
0.692288
0.681756
0.670879
0.659746
0.648431
0.636997
0.625495
0.61396
0.602416
0.590872
0.579324
0.567758
0.556151
0.544472
0.532684
0.520747
0.508621
0.496266
0.48365
0.47075
0.457555
0.444074
0.43034
0.41642
0.402408
0.388434
0.374671
0.361311
0.348355
0.337482
0.320644
0.0602098
0.0756317
0.0830114
0.0841956
0.0869572
0.0996336
0.12416
0.157081
0.193612
0.231419
0.270436
0.310739
0.352312
0.395004
0.438531
0.482521
0.52658
0.570369
0.613654
0.656325
0.698389
0.739948
0.781156
0.822194
0.863234
0.904425
0.945875
0.987646
1.02975
1.07216
1.1148
1.15756
1.20027
1.24273
1.28468
1.32586
1.36601
1.40514
1.4435
1.481
1.51752
1.55286
1.58686
1.61932
1.65005
1.67885
1.70554
1.72991
1.7518
1.77103
1.78743
1.80086
1.81119
1.81832
1.82219
1.82273
1.81995
1.81386
1.80455
1.7921
1.77667
1.75846
1.73778
1.71511
1.69086
1.665
1.63763
1.60892
1.57913
1.54848
1.51718
1.48541
1.45331
1.42099
1.38853
1.35595
1.32327
1.29044
1.25741
1.22409
1.19037
1.15615
1.12131
1.08573
1.04931
1.01197
0.973634
0.934276
0.893904
0.852559
0.81037
0.767464
0.724161
0.680625
0.637515
0.594765
0.553842
0.513036
0.479219
0.426222
0.0653296
0.113014
0.128803
0.136646
0.149175
0.172647
0.206143
0.245231
0.287361
0.332221
0.379875
0.43013
0.482575
0.536646
0.591699
0.647094
0.702275
0.756827
0.810504
0.863228
0.915061
0.966157
1.01673
1.067
1.11717
1.16743
1.21791
1.26868
1.31979
1.37123
1.42295
1.47487
1.52691
1.57894
1.63081
1.68241
1.73359
1.78411
1.83375
1.88232
1.92954
1.97517
2.01892
2.06055
2.09978
2.13636
2.17004
2.20058
2.22774
2.25132
2.27113
2.28701
2.29882
2.30647
2.30989
2.30907
2.30403
2.29485
2.28163
2.26455
2.24381
2.21967
2.19244
2.16251
2.13022
2.09585
2.05965
2.02189
1.98285
1.94281
1.90198
1.86057
1.81874
1.7766
1.73421
1.6916
1.64873
1.60557
1.56201
1.51794
1.47321
1.4277
1.38123
1.33368
1.28491
1.23483
1.18337
1.13051
1.07629
1.02083
0.96432
0.907028
0.849395
0.791787
0.735009
0.679268
0.626113
0.574172
0.53039
0.465982
0.0750201
0.148516
0.17135
0.185252
0.202828
0.229324
0.264278
0.304987
0.349832
0.398231
0.449759
0.503919
0.560172
0.617983
0.676833
0.736239
0.795791
0.855171
0.914182
0.972745
1.03089
1.08872
1.14641
1.20414
1.26208
1.3204
1.37921
1.4386
1.4986
1.55918
1.62029
1.68184
1.7437
1.80568
1.8676
1.92922
1.99026
2.05042
2.10939
2.16687
2.22254
2.27608
2.32715
2.37542
2.42057
2.46229
2.50028
2.53426
2.56398
2.58921
2.60976
2.62548
2.63626
2.64204
2.64281
2.6386
2.62951
2.6157
2.59736
2.57475
2.54816
2.51791
2.48437
2.44792
2.40895
2.36783
2.32487
2.28039
2.23469
2.18803
2.14064
2.09269
2.04432
1.99561
1.9466
1.89728
1.84759
1.79743
1.74669
1.69521
1.64281
1.58933
1.53458
1.47839
1.42062
1.36117
1.29997
1.23703
1.17243
1.10635
1.03908
0.971029
0.902782
0.83492
0.768422
0.70379
0.642643
0.584031
0.534575
0.465507
0.0845596
0.171971
0.202112
0.221415
0.242152
0.269484
0.304109
0.344617
0.389629
0.438227
0.489784
0.543842
0.600059
0.658146
0.717818
0.778772
0.840704
0.903336
0.966447
1.0299
1.09363
1.15767
1.2221
1.28702
1.35255
1.4188
1.48586
1.55375
1.62247
1.69197
1.76214
1.83283
1.90384
1.97493
2.04581
2.11614
2.18555
2.25366
2.32012
2.38455
2.44658
2.50581
2.56185
2.61431
2.66284
2.70707
2.74668
2.78136
2.81087
2.83498
2.85352
2.86639
2.87353
2.87494
2.87071
2.86096
2.8459
2.82579
2.80094
2.77172
2.7385
2.70172
2.66181
2.61919
2.57429
2.52751
2.4792
2.42968
2.37922
2.32804
2.27633
2.22422
2.17177
2.11901
2.06593
2.01244
1.95846
1.90382
1.84836
1.79189
1.73421
1.67509
1.61436
1.5518
1.48729
1.42071
1.35202
1.28126
1.20857
1.13422
1.05862
0.982317
0.906082
0.830728
0.757429
0.686992
0.621106
0.559244
0.507502
0.438646
0.0908518
0.183757
0.21988
0.244049
0.267798
0.296052
0.330176
0.369566
0.413155
0.460089
0.509846
0.562171
0.616962
0.674156
0.733655
0.795289
0.858832
0.924028
0.990633
1.05845
1.12734
1.19723
1.2681
1.33997
1.41285
1.48678
1.56174
1.63772
1.71462
1.79232
1.87065
1.94937
2.02822
2.10689
2.18499
2.2621
2.33779
2.41162
2.48315
2.55195
2.6176
2.67964
2.73766
2.79123
2.83997
2.88349
2.92147
2.95363
2.97974
2.9996
3.01311
3.02024
3.02101
3.01553
3.004
2.98666
2.96386
2.93598
2.90348
2.86683
2.82655
2.78314
2.7371
2.68893
2.63908
2.58793
2.53584
2.48309
2.42988
2.37637
2.32267
2.2688
2.21475
2.16046
2.10581
2.05067
1.99484
1.93813
1.88032
1.82116
1.76042
1.69786
1.63326
1.56644
1.49724
1.42559
1.35147
1.27499
1.19637
1.11597
1.03436
0.952262
0.870639
0.790558
0.713399
0.640264
0.572883
0.511109
0.460252
0.395888
0.0939891
0.188299
0.228213
0.256249
0.282872
0.312386
0.346271
0.384404
0.426136
0.470905
0.518436
0.568707
0.62183
0.67793
0.737065
0.799184
0.864136
0.931696
1.00161
1.07363
1.14753
1.22314
1.30031
1.37892
1.45889
1.54011
1.62246
1.7058
1.78995
1.87469
1.95977
2.04487
2.12965
2.2137
2.2966
2.37785
2.45696
2.53346
2.60685
2.67668
2.74247
2.80376
2.86012
2.91112
2.95637
2.99552
3.02829
3.05441
3.07371
3.0861
3.09154
3.09009
3.08191
3.06723
3.04638
3.01977
2.98787
2.95122
2.9104
2.86604
2.81874
2.76911
2.71771
2.66506
2.61162
2.55776
2.50377
2.44986
2.39615
2.34269
2.28945
2.23635
2.18326
2.12998
2.07631
2.022
1.96679
1.9104
1.85254
1.79295
1.73134
1.66746
1.60109
1.53205
1.46021
1.38553
1.30805
1.22796
1.14559
1.06143
0.976226
0.890888
0.806608
0.724709
0.646771
0.57415
0.508554
0.450097
0.403041
0.346656
0.094505
0.187248
0.229963
0.261175
0.29049
0.321576
0.355773
0.393208
0.433599
0.47672
0.522576
0.571376
0.623423
0.67901
0.738328
0.801434
0.868245
0.938565
1.01212
1.0886
1.16768
1.24906
1.33244
1.41755
1.50412
1.59191
1.68065
1.77008
1.8599
1.9498
2.03943
2.1284
2.21631
2.30269
2.38708
2.46896
2.54783
2.62318
2.69452
2.76137
2.82325
2.87974
2.9304
2.97484
3.01272
3.04374
3.06765
3.0843
3.09358
3.0955
3.09015
3.07771
3.05848
3.03282
3.00123
2.96427
2.92256
2.87678
2.82767
2.77594
2.72231
2.66746
2.61198
2.55641
2.50117
2.44658
2.39286
2.3401
2.28829
2.23735
2.1871
2.1373
2.08769
2.03793
1.9877
1.93663
1.88438
1.83059
1.77492
1.71704
1.65667
1.59353
1.52741
1.45814
1.38565
1.30995
1.23118
1.1496
1.06569
0.980123
0.893801
0.807877
0.723773
0.643059
0.567485
0.498568
0.437878
0.385587
0.344702
0.298523
0.0940443
0.18478
0.228736
0.262225
0.293906
0.326842
0.362141
0.400003
0.44038
0.483308
0.52903
0.577953
0.63054
0.687207
0.748244
0.81377
0.883728
0.957907
1.03597
1.11751
1.20207
1.28916
1.37832
1.46909
1.56105
1.65379
1.74691
1.84003
1.93276
2.02472
2.11549
2.20465
2.29176
2.37637
2.458
2.53616
2.61037
2.68014
2.745
2.80449
2.85819
2.90568
2.94661
2.98063
3.00747
3.02689
3.03876
3.043
3.03962
3.02876
3.01062
2.98554
2.95395
2.91639
2.87349
2.82596
2.77457
2.72015
2.66353
2.60552
2.54692
2.48843
2.43067
2.37414
2.31923
2.26615
2.21501
2.16577
2.11827
2.07226
2.02741
1.9833
1.93951
1.89558
1.85102
1.80539
1.75822
1.7091
1.65762
1.60344
1.54622
1.48571
1.42171
1.3541
1.28287
1.20809
1.13001
1.04904
0.965802
0.881152
0.796215
0.712381
0.631297
0.554742
0.484557
0.422259
0.369108
0.325062
0.291805
0.25646
0.0926884
0.180481
0.225814
0.261562
0.295923
0.331613
0.369593
0.41006
0.45308
0.49883
0.547672
0.600088
0.656574
0.717542
0.783251
0.85376
0.928933
1.00845
1.09185
1.17857
1.26802
1.35954
1.45254
1.54644
1.6407
1.73482
1.82835
1.92084
2.01188
2.10106
2.188
2.27228
2.3535
2.43126
2.50512
2.57465
2.6394
2.69894
2.75286
2.80074
2.84222
2.87695
2.90463
2.92499
2.93783
2.94303
2.94053
2.93038
2.91272
2.88779
2.85595
2.81767
2.77353
2.72422
2.6705
2.61321
2.55327
2.49158
2.42907
2.36661
2.30503
2.24503
2.18721
2.132
2.07971
2.03045
1.98418
1.94072
1.89974
1.86083
1.82347
1.7871
1.75112
1.71493
1.67793
1.63954
1.59924
1.55652
1.51093
1.4621
1.4097
1.35348
1.29327
1.22901
1.16076
1.08871
1.01321
0.934842
0.854397
0.772943
0.691832
0.612683
0.537335
0.467685
0.405517
0.35212
0.308232
0.273376
0.248035
0.222633
0.0918313
0.177701
0.223896
0.262489
0.301128
0.342417
0.38732
0.435904
0.48804
0.543617
0.602657
0.665281
0.73164
0.801844
0.875899
0.95368
1.03492
1.11921
1.20605
1.29486
1.38507
1.47605
1.56725
1.65814
1.74822
1.83703
1.92414
2.0092
2.09185
2.17175
2.24856
2.32195
2.39156
2.45705
2.51803
2.57414
2.62498
2.67017
2.70935
2.74217
2.76831
2.7875
2.79949
2.8041
2.80123
2.79083
2.77296
2.74776
2.71551
2.67658
2.63144
2.58072
2.5251
2.46542
2.40254
2.33742
2.27104
2.20439
2.13843
2.07404
2.01202
1.95305
1.89766
1.84619
1.79883
1.75557
1.71622
1.68046
1.6478
1.61767
1.58939
1.56225
1.53552
1.50846
1.48035
1.45053
1.41838
1.38334
1.34493
1.30275
1.25648
1.20589
1.15086
1.0914
1.02765
0.959927
0.888731
0.814802
0.739134
0.66301
0.587998
0.515906
0.448677
0.388163
0.335875
0.292626
0.258493
0.232505
0.214291
0.196976
0.0911021
0.176335
0.226197
0.2726
0.323846
0.382875
0.450091
0.523868
0.601926
0.682106
0.762882
0.843435
0.923506
1.00317
1.08266
1.16219
1.24194
1.32193
1.40205
1.48215
1.56205
1.6414
1.71986
1.79711
1.87284
1.94677
2.0186
2.08803
2.15476
2.21851
2.27897
2.33581
2.38873
2.43739
2.48144
2.52052
2.55429
2.58239
2.6045
2.62031
2.62954
2.63197
2.62743
2.61581
2.59708
2.57128
2.53859
2.49925
2.45363
2.40223
2.34565
2.28461
2.21993
2.1525
2.0833
2.01333
1.94361
1.87514
1.80885
1.7456
1.68611
1.63096
1.58057
1.53518
1.49483
1.45939
1.42854
1.40183
1.37864
1.35827
1.33993
1.32279
1.30601
1.28875
1.2702
1.24962
1.22633
1.19972
1.16928
1.13459
1.09535
1.05137
1.00258
0.949067
0.891076
0.829048
0.763647
0.695787
0.626664
0.557758
0.49081
0.427722
0.37038
0.320376
0.278718
0.245594
0.220461
0.20203
0.189518
0.178192
0.0912058
0.185704
0.255829
0.338773
0.444457
0.568934
0.701866
0.832312
0.952734
1.0598
1.15345
1.23546
1.30829
1.37433
1.43564
1.49387
1.55028
1.60553
1.66009
1.71421
1.76797
1.8214
1.87444
1.92689
1.97852
2.02905
2.07816
2.12553
2.1708
2.21365
2.25371
2.29062
2.32402
2.35354
2.37882
2.39949
2.41519
2.42558
2.43034
2.42919
2.42189
2.40827
2.38821
2.36166
2.32869
2.28941
2.24409
2.19309
2.13687
2.07602
2.01126
1.94338
1.87328
1.80191
1.73027
1.65937
1.59022
1.52373
1.46077
1.40207
1.34824
1.2997
1.25674
1.21942
1.18768
1.16126
1.13976
1.12261
1.10915
1.09861
1.09013
1.08284
1.07583
1.0682
1.05909
1.04769
1.03328
1.01522
0.992976
0.966124
0.934374
0.897572
0.855711
0.80896
0.757674
0.702427
0.644039
0.583597
0.52247
0.462287
0.404861
0.352036
0.305436
0.266178
0.23466
0.210496
0.19277
0.180154
0.171821
0.164656
0.0952501
0.27136
0.477712
0.727011
0.985649
1.21813
1.40506
1.54404
1.64119
1.70591
1.74813
1.776
1.79543
1.81039
1.82348
1.83629
1.8497
1.86438
1.88069
1.89875
1.9185
1.93981
1.96244
1.9861
2.01045
2.0351
2.05961
2.08356
2.1065
2.12797
2.14752
2.16472
2.17913
2.19033
2.19791
2.20147
2.20063
2.19506
2.18445
2.16853
2.14712
2.12006
2.08732
2.04892
2.00499
1.95576
1.90156
1.84285
1.78019
1.71426
1.64583
1.57576
1.50498
1.43443
1.3651
1.29793
1.2338
1.17352
1.11777
1.0671
1.02191
0.982448
0.948798
0.9209
0.898554
0.881432
0.869085
0.860952
0.856375
0.854607
0.854829
0.856172
0.857735
0.858617
0.857936
0.854861
0.848633
0.838587
0.82417
0.804959
0.780673
0.751188
0.716558
0.677027
0.633055
0.585341
0.534843
0.482788
0.43066
0.380137
0.332962
0.290729
0.254627
0.225212
0.202357
0.185343
0.173183
0.164731
0.159292
0.154916
0.065486
0.712424
1.37304
1.83153
2.09535
2.21985
2.2586
2.25003
2.21858
2.1784
2.13673
2.09704
2.06091
2.02897
2.00137
1.97802
1.95869
1.94314
1.93113
1.9224
1.9167
1.91372
1.91314
1.9146
1.91771
1.92201
1.92706
1.93237
1.93745
1.94179
1.94493
1.94637
1.94566
1.94235
1.93602
1.92627
1.91273
1.89507
1.87304
1.84639
1.81499
1.77878
1.73776
1.69206
1.64188
1.58756
1.52952
1.46829
1.40452
1.33895
1.27237
1.20566
1.13971
1.07542
1.01364
0.955165
0.90068
0.850756
0.805826
0.766178
0.731962
0.703197
0.679792
0.661558
0.648231
0.639474
0.634883
0.633986
0.636241
0.641026
0.647646
0.655335
0.663274
0.670612
0.676493
0.680086
0.680618
0.677403
0.669868
0.657577
0.640253
0.617792
0.59029
0.558055
0.521631
0.481812
0.439653
0.396459
0.353732
0.313064
0.275969
0.243653
0.216815
0.195554
0.179442
0.167699
0.159476
0.153879
0.15039
0.147852
)
;

boundaryField
{
    outlet
    {
        type            zeroGradient;
    }
    inlet
    {
        type            fixedValue;
        value           uniform 0.2;
    }
    lowerWall
    {
        type            kqRWallFunction;
        value           nonuniform List<scalar> 
148
(
0.196709
0.190616
0.184994
0.179724
0.174798
0.17025
0.166114
0.162407
0.159125
0.156249
0.153752
0.151602
0.149768
0.148217
0.14692
0.145849
0.144978
0.144286
0.143751
0.143354
0.143081
0.142915
0.142844
0.142857
0.142942
0.143092
0.143294
0.143565
0.143784
0.144481
0.143161
0.151461
0.114866
0.0417353
0.0602098
0.0653296
0.0750201
0.0845596
0.0908518
0.0939891
0.094505
0.0940443
0.0926884
0.0918313
0.0911021
0.0912058
0.0952501
0.065486
0.0417353
0.0404892
0.0399093
0.0379522
0.035141
0.031811
0.0311118
0.0449632
0.072075
0.100981
0.129484
0.157263
0.184161
0.21009
0.235019
0.258959
0.281955
0.304084
0.32545
0.346176
0.366395
0.386235
0.405814
0.425232
0.444564
0.463862
0.48315
0.502428
0.521674
0.540849
0.5599
0.578764
0.597372
0.615659
0.633582
0.65115
0.668415
0.685333
0.701649
0.717352
0.732373
0.746637
0.760062
0.772564
0.784057
0.794457
0.803683
0.811654
0.818298
0.823548
0.827343
0.829634
0.830379
0.829553
0.827142
0.823148
0.817591
0.810506
0.80195
0.791998
0.780759
0.768425
0.755572
0.744295
0.736592
0.729061
0.720862
0.711942
0.702384
0.692288
0.681756
0.670879
0.659746
0.648431
0.636997
0.625495
0.61396
0.602416
0.590872
0.579324
0.567758
0.556151
0.544472
0.532684
0.520747
0.508621
0.496266
0.48365
0.47075
0.457555
0.444074
0.43034
0.41642
0.402408
0.388434
0.374671
0.361311
0.348355
0.337482
0.320644
)
;
    }
    upperWall
    {
        type            kqRWallFunction;
        value           nonuniform List<scalar> 
133
(
0.205419
0.216602
0.227661
0.238503
0.249093
0.259416
0.269459
0.279212
0.288668
0.297818
0.30666
0.315191
0.32341
0.331318
0.338918
0.346213
0.353208
0.359909
0.366323
0.372456
0.378316
0.383911
0.389249
0.39434
0.399191
0.403811
0.40821
0.412395
0.416375
0.420159
0.423755
0.42717
0.430417
0.433993
0.437915
0.441715
0.445385
0.448919
0.452313
0.455561
0.458659
0.461603
0.464387
0.467007
0.469459
0.471738
0.473839
0.475759
0.477493
0.479037
0.480385
0.481534
0.482479
0.483215
0.483737
0.48404
0.48412
0.48397
0.483585
0.482959
0.482088
0.480964
0.479582
0.477935
0.476018
0.473824
0.471347
0.468581
0.465521
0.462162
0.458499
0.454529
0.450249
0.445659
0.440759
0.435551
0.43004
0.424234
0.418143
0.411781
0.405165
0.398318
0.391267
0.384042
0.376679
0.369221
0.361714
0.354211
0.346767
0.339443
0.332306
0.325423
0.318866
0.312707
0.307021
0.301881
0.297363
0.293538
0.290476
0.288238
0.286878
0.286433
0.286916
0.288303
0.290527
0.29346
0.296913
0.300634
0.304326
0.307669
0.310362
0.312152
0.312872
0.312452
0.310921
0.30839
0.305023
0.301013
0.296547
0.291792
0.286884
0.281921
0.276978
0.272121
0.267413
0.262933
0.258739
0.254899
0.251317
0.248028
0.244666
0.242105
0.237467
)
;
    }
    frontAndBack
    {
        type            empty;
    }
}


// ************************************************************************* //
