/*--------------------------------*- C++ -*----------------------------------*\
  =========                 |
  \\      /  F ield         | OpenFOAM: The Open Source CFD Toolbox
   \\    /   O peration     | Website:  https://openfoam.org
    \\  /    A nd           | Version:  10
     \\/     M anipulation  |
\*---------------------------------------------------------------------------*/
FoamFile
{
    format      ascii;
    class       volScalarField;
    location    "0.175";
    object      nut;
}
// * * * * * * * * * * * * * * * * * * * * * * * * * * * * * * * * * * * * * //

dimensions      [0 2 -1 0 0 0 0];

internalField   nonuniform List<scalar> 
6820
(
0.000149484
0.000144853
0.000140581
0.000136577
0.000132833
0.000129377
0.000126234
0.000123417
0.000120923
0.000118737
0.00011684
0.000115206
0.000113813
0.000112635
0.000111649
0.000110836
0.000110175
0.000109649
0.000109243
0.000108943
0.000108737
0.000108612
0.000108559
0.00010857
0.000108637
0.000108753
0.000108908
0.000109116
0.000109286
0.000109819
0.000108814
0.000115156
8.71974e-05
0.000729198
0.000532389
0.000448008
0.000399701
0.000368372
0.000346722
0.000331078
0.000319347
0.00031026
0.000303011
0.000297079
0.000292119
0.000287894
0.00028424
0.00028104
0.000278206
0.000275675
0.000273395
0.000271329
0.000269445
0.000267719
0.000266131
0.000264663
0.000263303
0.000262039
0.000260861
0.000259762
0.000258734
0.00025778
0.000256901
0.000256115
0.000255305
0.00025686
0.000976776
0.000872181
0.000781621
0.00071126
0.000657311
0.000615267
0.000581692
0.000554227
0.000531286
0.000511784
0.000494963
0.000480274
0.000467314
0.000455777
0.000445429
0.000436086
0.000427601
0.000419858
0.000412761
0.00040623
0.0004002
0.000394614
0.000389425
0.000384591
0.000380077
0.000375849
0.000371877
0.000368135
0.000364581
0.000361208
0.000357901
0.00035465
0.000350986
0.00101349
0.000988231
0.000949374
0.000906192
0.000864421
0.000826375
0.00079254
0.000762648
0.000736206
0.000712704
0.000691687
0.000672772
0.000655643
0.00064004
0.000625754
0.000612608
0.00060046
0.000589191
0.000578699
0.000568902
0.000559726
0.000551112
0.000543005
0.000535359
0.000528133
0.00052129
0.000514796
0.000508622
0.00050273
0.000497101
0.000491668
0.000486456
0.000481216
0.00101671
0.00101241
0.00100191
0.00098566
0.000965602
0.000943708
0.000921415
0.0008996
0.000878731
0.000859018
0.000840519
0.000823213
0.000807035
0.000791906
0.00077774
0.000764455
0.000751971
0.000740218
0.000729129
0.000718648
0.000708722
0.000699305
0.000690355
0.000681835
0.00067371
0.000665949
0.000658524
0.000651407
0.000644569
0.000637989
0.000631625
0.000625467
0.000619453
0.00101676
0.00101592
0.0010136
0.00100903
0.00100204
0.000992918
0.000982188
0.000970391
0.000957996
0.000945361
0.000932744
0.000920321
0.000908203
0.000896459
0.000885128
0.000874225
0.000863752
0.000853702
0.000844062
0.000834817
0.000825947
0.000817434
0.000809258
0.000801401
0.000793843
0.000786567
0.000779554
0.000772787
0.000766247
0.000759918
0.000753777
0.000747812
0.000742006
0.00101671
0.00101623
0.00101553
0.00101428
0.00101219
0.0010091
0.00100496
0.000999889
0.000994015
0.000987514
0.000980549
0.000973268
0.000965793
0.000958225
0.000950641
0.0009431
0.000935648
0.000928317
0.00092113
0.000914103
0.000907246
0.000900564
0.00089406
0.000887732
0.00088158
0.000875598
0.000869782
0.000864125
0.00085862
0.00085326
0.000848036
0.000842942
0.000837973
0.0010167
0.00101622
0.00101574
0.00101518
0.00101442
0.00101335
0.00101188
0.00100995
0.00100755
0.0010047
0.00100144
0.000997819
0.0009939
0.000989738
0.000985389
0.0009809
0.000976314
0.000971667
0.00096699
0.000962308
0.000957641
0.000953008
0.000948419
0.000943887
0.000939418
0.000935018
0.000930692
0.000926441
0.000922266
0.00091817
0.00091415
0.000910208
0.000906345
0.0010167
0.00101621
0.00101575
0.00101528
0.0010148
0.00101425
0.00101359
0.00101279
0.00101179
0.00101059
0.00100917
0.00100753
0.00100568
0.00100364
0.00100142
0.000999052
0.000996547
0.000993931
0.000991223
0.000988442
0.000985605
0.000982728
0.000979822
0.000976901
0.000973973
0.000971047
0.000968131
0.00096523
0.00096235
0.000959495
0.000956669
0.000953876
0.00095112
0.0010167
0.00101621
0.00101574
0.00101529
0.00101484
0.00101439
0.00101393
0.00101344
0.0010129
0.00101229
0.0010116
0.00101082
0.00100993
0.00100895
0.00100786
0.00100667
0.00100539
0.00100402
0.00100257
0.00100105
0.000999462
0.000997822
0.000996134
0.000994407
0.000992647
0.000990862
0.000989056
0.000987237
0.000985408
0.000983575
0.000981743
0.000979914
0.000978096
0.0010167
0.00101621
0.00101574
0.00101528
0.00101484
0.00101441
0.00101398
0.00101356
0.00101313
0.0010127
0.00101224
0.00101176
0.00101125
0.0010107
0.0010101
0.00100946
0.00100878
0.00100804
0.00100727
0.00100644
0.00100558
0.00100467
0.00100373
0.00100275
0.00100174
0.00100071
0.000999652
0.000998575
0.000997481
0.000996373
0.000995255
0.00099413
0.000993002
0.0010167
0.00101621
0.00101574
0.00101528
0.00101484
0.0010144
0.00101398
0.00101357
0.00101317
0.00101277
0.00101238
0.00101199
0.00101159
0.00101119
0.00101078
0.00101035
0.00100991
0.00100945
0.00100898
0.00100848
0.00100797
0.00100743
0.00100688
0.00100631
0.00100572
0.00100512
0.00100449
0.00100386
0.00100321
0.00100255
0.00100188
0.00100121
0.00100053
0.0010167
0.00101621
0.00101574
0.00101528
0.00101483
0.0010144
0.00101398
0.00101357
0.00101317
0.00101278
0.0010124
0.00101203
0.00101167
0.0010113
0.00101095
0.00101059
0.00101024
0.00100988
0.00100952
0.00100916
0.0010088
0.00100842
0.00100805
0.00100767
0.00100728
0.00100688
0.00100648
0.00100608
0.00100566
0.00100525
0.00100483
0.0010044
0.00100398
0.0010167
0.00101621
0.00101574
0.00101528
0.00101483
0.0010144
0.00101398
0.00101357
0.00101317
0.00101278
0.0010124
0.00101203
0.00101168
0.00101132
0.00101098
0.00101065
0.00101032
0.00100999
0.00100967
0.00100936
0.00100905
0.00100874
0.00100843
0.00100812
0.00100782
0.00100751
0.00100721
0.00100691
0.00100661
0.00100631
0.00100601
0.00100571
0.00100541
0.0010167
0.00101621
0.00101574
0.00101528
0.00101483
0.0010144
0.00101398
0.00101357
0.00101317
0.00101278
0.0010124
0.00101203
0.00101167
0.00101133
0.00101099
0.00101065
0.00101033
0.00101001
0.00100971
0.0010094
0.00100911
0.00100882
0.00100854
0.00100826
0.00100798
0.00100771
0.00100745
0.00100719
0.00100693
0.00100668
0.00100643
0.00100619
0.00100595
0.0010167
0.00101621
0.00101574
0.00101528
0.00101483
0.0010144
0.00101397
0.00101356
0.00101316
0.00101278
0.0010124
0.00101203
0.00101167
0.00101132
0.00101098
0.00101065
0.00101033
0.00101002
0.00100971
0.00100941
0.00100912
0.00100884
0.00100856
0.00100829
0.00100802
0.00100777
0.00100752
0.00100727
0.00100703
0.00100679
0.00100657
0.00100634
0.00100612
0.0010167
0.00101621
0.00101574
0.00101528
0.00101483
0.0010144
0.00101397
0.00101356
0.00101316
0.00101277
0.0010124
0.00101203
0.00101167
0.00101132
0.00101098
0.00101065
0.00101033
0.00101001
0.00100971
0.00100941
0.00100912
0.00100884
0.00100856
0.00100829
0.00100803
0.00100778
0.00100753
0.00100729
0.00100705
0.00100682
0.0010066
0.00100638
0.00100617
0.0010167
0.00101621
0.00101574
0.00101528
0.00101483
0.00101439
0.00101397
0.00101356
0.00101316
0.00101277
0.00101239
0.00101203
0.00101167
0.00101132
0.00101098
0.00101065
0.00101032
0.00101001
0.0010097
0.00100941
0.00100912
0.00100883
0.00100856
0.00100829
0.00100803
0.00100778
0.00100753
0.00100729
0.00100705
0.00100683
0.0010066
0.00100639
0.00100618
0.0010167
0.00101621
0.00101574
0.00101528
0.00101483
0.00101439
0.00101397
0.00101356
0.00101316
0.00101277
0.00101239
0.00101202
0.00101166
0.00101132
0.00101098
0.00101064
0.00101032
0.00101001
0.0010097
0.0010094
0.00100911
0.00100883
0.00100855
0.00100829
0.00100803
0.00100777
0.00100752
0.00100728
0.00100705
0.00100682
0.0010066
0.00100638
0.00100617
0.0010167
0.00101621
0.00101574
0.00101528
0.00101483
0.00101439
0.00101397
0.00101356
0.00101316
0.00101277
0.00101239
0.00101202
0.00101166
0.00101131
0.00101097
0.00101064
0.00101032
0.00101
0.0010097
0.0010094
0.00100911
0.00100883
0.00100855
0.00100828
0.00100802
0.00100777
0.00100752
0.00100728
0.00100704
0.00100682
0.00100659
0.00100638
0.00100617
0.0010167
0.00101621
0.00101574
0.00101528
0.00101483
0.00101439
0.00101397
0.00101356
0.00101316
0.00101277
0.00101239
0.00101202
0.00101166
0.00101131
0.00101097
0.00101064
0.00101032
0.00101
0.0010097
0.0010094
0.00100911
0.00100882
0.00100855
0.00100828
0.00100802
0.00100776
0.00100752
0.00100727
0.00100704
0.00100681
0.00100659
0.00100637
0.00100616
0.0010167
0.00101621
0.00101574
0.00101528
0.00101483
0.00101439
0.00101397
0.00101356
0.00101316
0.00101277
0.00101239
0.00101202
0.00101166
0.00101131
0.00101097
0.00101064
0.00101031
0.00101
0.00100969
0.0010094
0.0010091
0.00100882
0.00100855
0.00100828
0.00100801
0.00100776
0.00100751
0.00100727
0.00100703
0.0010068
0.00100658
0.00100636
0.00100615
0.0010167
0.00101621
0.00101574
0.00101528
0.00101483
0.00101439
0.00101397
0.00101356
0.00101316
0.00101277
0.00101239
0.00101202
0.00101166
0.00101131
0.00101097
0.00101064
0.00101031
0.00101
0.00100969
0.00100939
0.0010091
0.00100882
0.00100854
0.00100827
0.00100801
0.00100776
0.00100751
0.00100726
0.00100703
0.0010068
0.00100657
0.00100636
0.00100614
0.0010167
0.00101621
0.00101574
0.00101528
0.00101483
0.00101439
0.00101397
0.00101356
0.00101316
0.00101277
0.00101239
0.00101202
0.00101166
0.00101131
0.00101097
0.00101064
0.00101031
0.00101
0.00100969
0.00100939
0.0010091
0.00100882
0.00100854
0.00100827
0.00100801
0.00100775
0.0010075
0.00100726
0.00100702
0.00100679
0.00100657
0.00100635
0.00100614
0.0010167
0.00101621
0.00101574
0.00101528
0.00101483
0.00101439
0.00101397
0.00101356
0.00101316
0.00101277
0.00101239
0.00101202
0.00101166
0.00101131
0.00101097
0.00101063
0.00101031
0.00101
0.00100969
0.00100939
0.0010091
0.00100881
0.00100854
0.00100827
0.001008
0.00100775
0.0010075
0.00100726
0.00100702
0.00100679
0.00100656
0.00100634
0.00100613
0.0010167
0.00101621
0.00101574
0.00101528
0.00101483
0.00101439
0.00101397
0.00101356
0.00101316
0.00101277
0.00101239
0.00101202
0.00101166
0.00101131
0.00101097
0.00101063
0.00101031
0.00100999
0.00100969
0.00100939
0.0010091
0.00100881
0.00100853
0.00100827
0.001008
0.00100775
0.0010075
0.00100725
0.00100702
0.00100678
0.00100656
0.00100634
0.00100612
0.0010167
0.00101621
0.00101574
0.00101528
0.00101483
0.00101439
0.00101397
0.00101356
0.00101316
0.00101277
0.00101239
0.00101202
0.00101166
0.00101131
0.00101096
0.00101063
0.00101031
0.00100999
0.00100969
0.00100939
0.00100909
0.00100881
0.00100853
0.00100826
0.001008
0.00100774
0.00100749
0.00100725
0.00100701
0.00100678
0.00100655
0.00100633
0.00100612
0.0010167
0.00101621
0.00101574
0.00101528
0.00101483
0.00101439
0.00101397
0.00101356
0.00101316
0.00101277
0.00101239
0.00101202
0.00101166
0.00101131
0.00101096
0.00101063
0.00101031
0.00100999
0.00100968
0.00100939
0.00100909
0.00100881
0.00100853
0.00100826
0.001008
0.00100774
0.00100749
0.00100725
0.00100701
0.00100678
0.00100655
0.00100633
0.00100611
0.0010167
0.00101621
0.00101574
0.00101528
0.00101483
0.00101439
0.00101397
0.00101356
0.00101316
0.00101277
0.00101239
0.00101202
0.00101166
0.00101131
0.00101096
0.00101063
0.00101031
0.00100999
0.00100968
0.00100938
0.00100909
0.00100881
0.00100853
0.00100826
0.001008
0.00100774
0.00100749
0.00100724
0.00100701
0.00100677
0.00100655
0.00100632
0.00100611
0.0010167
0.00101621
0.00101574
0.00101528
0.00101483
0.00101439
0.00101397
0.00101356
0.00101316
0.00101277
0.00101239
0.00101202
0.00101166
0.00101131
0.00101097
0.00101063
0.00101031
0.00100999
0.00100969
0.00100939
0.00100909
0.00100881
0.00100853
0.00100826
0.001008
0.00100774
0.00100749
0.00100724
0.001007
0.00100677
0.00100654
0.00100632
0.00100611
0.0010167
0.00101621
0.00101574
0.00101528
0.00101483
0.00101439
0.00101397
0.00101356
0.00101316
0.00101277
0.00101239
0.00101202
0.00101166
0.00101131
0.00101097
0.00101063
0.00101031
0.00101
0.00100969
0.00100939
0.0010091
0.00100881
0.00100853
0.00100826
0.001008
0.00100774
0.00100749
0.00100724
0.001007
0.00100677
0.00100654
0.00100631
0.0010061
0.0010167
0.00101621
0.00101574
0.00101528
0.00101483
0.0010144
0.00101397
0.00101356
0.00101316
0.00101277
0.00101239
0.00101203
0.00101167
0.00101131
0.00101097
0.00101064
0.00101032
0.00101
0.00100969
0.00100939
0.00100909
0.00100881
0.00100853
0.00100825
0.00100799
0.00100772
0.00100747
0.00100722
0.00100697
0.00100673
0.0010065
0.00100627
0.00100604
0.0010167
0.00101621
0.00101574
0.00101528
0.00101483
0.0010144
0.00101398
0.00101357
0.00101317
0.00101278
0.0010124
0.00101203
0.00101167
0.00101132
0.00101097
0.00101064
0.00101031
0.00100998
0.00100967
0.00100936
0.00100905
0.00100875
0.00100846
0.00100817
0.00100788
0.0010076
0.00100732
0.00100705
0.00100678
0.00100651
0.00100624
0.00100598
0.00100572
0.0010167
0.00101621
0.00101574
0.00101529
0.00101484
0.00101441
0.00101399
0.00101358
0.00101318
0.00101279
0.0010124
0.00101202
0.00101164
0.00101127
0.0010109
0.00101053
0.00101016
0.00100979
0.00100942
0.00100906
0.00100869
0.00100832
0.00100794
0.00100757
0.00100719
0.00100681
0.00100643
0.00100605
0.00100566
0.00100527
0.00100488
0.00100448
0.00100409
0.0010167
0.00101622
0.00101575
0.0010153
0.00101485
0.00101441
0.00101397
0.00101352
0.00101307
0.00101262
0.00101214
0.00101166
0.00101115
0.00101063
0.00101008
0.00100951
0.00100891
0.00100829
0.00100765
0.00100699
0.0010063
0.00100559
0.00100486
0.00100411
0.00100334
0.00100255
0.00100175
0.00100093
0.0010001
0.000999263
0.000998412
0.000997552
0.000996686
0.00101671
0.00101622
0.00101574
0.00101524
0.00101469
0.00101407
0.00101337
0.00101257
0.00101167
0.00101066
0.00100954
0.00100831
0.00100697
0.00100553
0.00100399
0.00100236
0.00100064
0.000998846
0.000996983
0.000995058
0.000993079
0.000991054
0.000988988
0.00098689
0.000984764
0.000982618
0.000980456
0.000978284
0.000976107
0.000973928
0.000971751
0.000969581
0.00096742
0.00101671
0.001016
0.00101488
0.00101325
0.00101112
0.00100847
0.00100532
0.00100168
0.000997616
0.000993163
0.000988378
0.000983313
0.000978021
0.000972549
0.00096694
0.000961235
0.000955466
0.000949666
0.000943859
0.000938067
0.000932311
0.000926607
0.000920967
0.000915402
0.000909923
0.000904536
0.000899248
0.000894062
0.000888982
0.000884011
0.000879151
0.000874402
0.000869764
0.0010153
0.00100706
0.000995502
0.000981396
0.000965363
0.000948016
0.000929912
0.000911501
0.000893116
0.000874996
0.000857305
0.000840154
0.000823609
0.000807706
0.000792459
0.000777868
0.000763923
0.000750604
0.000737889
0.000725754
0.000714172
0.000703116
0.000692561
0.000682479
0.000672847
0.000663639
0.000654834
0.00064641
0.000638345
0.000630621
0.00062322
0.000616124
0.000609315
0.000935928
0.000815559
0.000728199
0.000659309
0.000602471
0.000555262
0.000515786
0.000482457
0.000454025
0.000429525
0.000408217
0.000389529
0.000373015
0.000358325
0.000345182
0.000333362
0.000322681
0.000312991
0.000304166
0.000296102
0.000288711
0.000281919
0.000275661
0.000269881
0.000264532
0.000259571
0.000254962
0.000250672
0.000246672
0.000242938
0.000239447
0.000236178
0.000233113
0.000125477
0.000128847
0.000132096
0.000135204
0.000138173
0.000141007
0.000143711
0.000146289
0.000148745
0.000151085
0.000153311
0.000155429
0.000157442
0.000159356
0.000161173
0.000162899
0.000164536
0.00016609
0.000167564
0.000168961
0.000170285
0.00017154
0.000172729
0.000173855
0.000174922
0.000175932
0.000176888
0.000177793
0.000178649
0.00017946
0.000180227
0.000180952
0.00018164
0.000109719
0.000155789
0.000200448
0.000241599
0.000278997
0.000312426
0.00034207
0.000368561
0.000392821
0.000415817
0.00043831
0.000460743
0.000483269
0.000505866
0.00052846
0.000551013
0.000573553
0.000596169
0.000618985
0.00064213
0.000665714
0.000689815
0.000714474
0.000739697
0.000765459
0.000791706
0.000818358
0.000845311
0.000872436
0.000899581
0.000926567
0.000953193
0.000979234
0.00100445
0.00102858
0.00105137
0.00107254
0.00109184
0.00110901
0.0011238
0.00113599
0.0011454
0.00115185
0.00115523
0.00115548
0.00115258
0.00114659
0.00113763
0.00112591
0.00111171
0.00109541
0.00107747
0.00105841
0.00103883
0.00101939
0.00100076
0.000983609
0.000968553
0.000956139
0.000946797
0.000940832
0.00093841
0.00093957
0.000944248
0.000952312
0.000963598
0.000977954
0.000995265
0.00101547
0.00103858
0.00106464
0.00109373
0.00112589
0.0011611
0.00119921
0.00123991
0.00128266
0.00132672
0.00137114
0.00141475
0.00145628
0.00149434
0.00152754
0.00155453
0.00157407
0.00158506
0.00158668
0.00157837
0.00155995
0.00153166
0.00149426
0.0014491
0.00139818
0.00134422
0.00129062
0.00124113
0.00119971
0.00116873
0.0011514
0.00114445
0.000245489
0.00021357
0.000185583
0.000172672
0.000173111
0.000183342
0.000200604
0.000222713
0.000247838
0.000274475
0.00030146
0.000328006
0.000353683
0.000378365
0.000402142
0.000425213
0.000447804
0.000470111
0.00049227
0.000514363
0.000536434
0.000558509
0.000580605
0.000602741
0.000624927
0.000647163
0.000669432
0.000691691
0.000713873
0.000735881
0.000757594
0.000778864
0.000799521
0.000819372
0.000838213
0.000855826
0.000871992
0.000886492
0.000899116
0.00090967
0.00091798
0.000923905
0.000927341
0.000928234
0.000926584
0.000922456
0.000915988
0.000907396
0.000896978
0.000885114
0.000872265
0.000858961
0.00084579
0.000833369
0.000822316
0.00081321
0.000806546
0.000802704
0.000801909
0.000804225
0.000809561
0.000817694
0.000828311
0.000841064
0.000855612
0.000871671
0.000889041
0.000907632
0.000927466
0.000948678
0.000971492
0.000996197
0.0010231
0.00105247
0.00108447
0.00111911
0.00115615
0.00119513
0.00123527
0.00127558
0.00131484
0.0013517
0.00138475
0.00141258
0.0014339
0.00144759
0.00145277
0.00144889
0.0014358
0.00141381
0.0013838
0.00134722
0.00130624
0.00126362
0.00122266
0.00118671
0.0011589
0.00114052
0.0011328
0.0011347
0.000348551
0.000344721
0.000330716
0.000303033
0.000268576
0.000237015
0.000213307
0.00019859
0.000191907
0.000191912
0.000197459
0.000207625
0.000221562
0.000238461
0.000257548
0.000278108
0.000299515
0.000321267
0.000342998
0.000364479
0.0003856
0.000406335
0.000426712
0.000446774
0.000466561
0.000486091
0.000505357
0.000524332
0.000542966
0.000561193
0.000578935
0.000596096
0.000612567
0.000628224
0.000642929
0.000656537
0.000668899
0.000679873
0.000689324
0.000697141
0.000703235
0.000707558
0.000710104
0.000710924
0.000710129
0.000707902
0.000704497
0.000700246
0.000695548
0.000690868
0.000686711
0.000683604
0.000682063
0.00068255
0.000685435
0.000690956
0.00069919
0.000710045
0.000723269
0.000738482
0.000755228
0.000773021
0.0007914
0.000809965
0.000828408
0.000846521
0.000864212
0.000881499
0.000898509
0.000915473
0.000932716
0.000950645
0.000969722
0.000990426
0.0010132
0.00103836
0.00106608
0.00109622
0.00112837
0.00116181
0.00119551
0.00122824
0.00125861
0.00128521
0.0013067
0.0013219
0.00132987
0.00133006
0.0013223
0.00130694
0.0012849
0.00125771
0.00122751
0.00119691
0.00116884
0.00114589
0.00113017
0.00112183
0.00112074
0.00112728
0.000475448
0.00047001
0.00046451
0.000456038
0.000441455
0.000419417
0.000391154
0.000359839
0.000328848
0.000300685
0.000277142
0.000258503
0.000244663
0.000235373
0.000230317
0.000229138
0.000231445
0.000236827
0.000244851
0.000255074
0.000267058
0.000280388
0.000294686
0.000309626
0.000324939
0.000340408
0.000355865
0.000371181
0.000386256
0.000401008
0.000415367
0.000429268
0.000442644
0.000455423
0.000467535
0.000478907
0.000489476
0.00049919
0.000508017
0.000515955
0.000523031
0.000529317
0.000534932
0.000540045
0.000544883
0.000549724
0.000554893
0.000560749
0.000567667
0.000576009
0.000586095
0.000598169
0.000612368
0.000628699
0.00064703
0.000667096
0.000688526
0.000710875
0.000733668
0.000756443
0.000778781
0.000800333
0.000820834
0.000840101
0.000858035
0.00087461
0.000889866
0.000903903
0.000916878
0.000929003
0.000940548
0.000951848
0.000963303
0.000975372
0.000988555
0.00100335
0.00102017
0.0010393
0.00106075
0.00108425
0.00110916
0.00113456
0.00115928
0.00118199
0.0012014
0.0012163
0.00122572
0.00122903
0.00122606
0.00121711
0.00120305
0.00118531
0.00116582
0.00114678
0.00113045
0.00111849
0.00111195
0.00111024
0.0011126
0.00112036
0.000612528
0.000604914
0.000597705
0.000590616
0.000582816
0.000573125
0.000560387
0.000543908
0.000523692
0.000500152
0.000474861
0.000449064
0.000423764
0.000399751
0.000377616
0.000357774
0.000340491
0.000325914
0.000314094
0.000305003
0.000298549
0.000294589
0.000292938
0.000293382
0.000295692
0.000299629
0.000304958
0.000311454
0.000318908
0.000327132
0.000335962
0.00034526
0.000354913
0.000364833
0.000374955
0.000385235
0.000395657
0.000406229
0.000416986
0.000427993
0.000439344
0.000451161
0.00046359
0.000476801
0.000490969
0.000506271
0.000522862
0.00054086
0.000560327
0.000581253
0.00060355
0.000627043
0.000651486
0.000676569
0.000701945
0.000727252
0.000752136
0.000776274
0.000799393
0.000821274
0.000841764
0.000860767
0.000878242
0.000894195
0.00090867
0.000921736
0.000933487
0.000944031
0.00095349
0.000962
0.000969715
0.000976813
0.000983509
0.000990064
0.000996799
0.00100409
0.00101236
0.00102202
0.00103337
0.00104659
0.00106155
0.00107783
0.00109471
0.00111122
0.00112629
0.00113882
0.00114789
0.00115286
0.00115345
0.00114989
0.00114285
0.00113348
0.00112328
0.00111382
0.00110652
0.00110221
0.00110118
0.00110264
0.00110586
0.00111275
0.000735376
0.000727904
0.000720553
0.000713365
0.000706264
0.000699013
0.000691216
0.000682392
0.00067209
0.000659911
0.000645828
0.000629979
0.00061265
0.000594222
0.00057512
0.000555772
0.000536582
0.000517918
0.000500105
0.000483421
0.000468094
0.0004543
0.00044217
0.000431785
0.000423192
0.000416398
0.000411387
0.000408118
0.000406534
0.000406566
0.000408138
0.000411174
0.000415599
0.00042135
0.000428371
0.000436623
0.000446079
0.000456727
0.000468565
0.000481601
0.000495849
0.000511318
0.000528014
0.000545925
0.000565019
0.000585236
0.00060648
0.00062862
0.000651485
0.000674874
0.000698557
0.000722287
0.000745814
0.000768892
0.000791295
0.000812825
0.000833316
0.000852642
0.000870715
0.000887486
0.000902942
0.000917098
0.000929994
0.000941692
0.000952265
0.000961795
0.000970371
0.000978081
0.000985015
0.000991261
0.000996903
0.00100202
0.00100671
0.00101107
0.0010152
0.00101927
0.00102348
0.00102807
0.00103333
0.00103952
0.00104683
0.00105526
0.00106463
0.00107448
0.00108416
0.00109294
0.00110008
0.00110502
0.00110747
0.00110747
0.00110544
0.00110211
0.00109842
0.00109526
0.00109335
0.00109294
0.00109405
0.00109608
0.00109865
0.00110394
0.000832312
0.000825901
0.000819505
0.000813156
0.000806868
0.000800626
0.000794364
0.00078796
0.000781243
0.000774015
0.000766105
0.00075738
0.000747769
0.000737272
0.000725949
0.000713916
0.000701327
0.000688365
0.000675233
0.000662139
0.000649292
0.000636893
0.000625127
0.000614167
0.000604163
0.000595248
0.000587535
0.000581121
0.000576081
0.000572475
0.000570345
0.000569716
0.000570601
0.000573001
0.000576906
0.000582299
0.000589157
0.000597449
0.000607132
0.000618158
0.000630463
0.000643971
0.00065859
0.00067421
0.000690706
0.000707935
0.000725738
0.000743946
0.000762379
0.000780857
0.000799199
0.000817234
0.000834805
0.000851771
0.000868015
0.000883443
0.000897984
0.000911594
0.000924249
0.000935948
0.000946707
0.000956556
0.000965539
0.000973708
0.000981123
0.000987848
0.000993949
0.000999496
0.00100456
0.0010092
0.00101349
0.00101749
0.00102126
0.00102483
0.00102825
0.00103156
0.0010348
0.00103802
0.00104131
0.00104479
0.00104859
0.00105284
0.00105757
0.00106273
0.00106808
0.00107332
0.00107802
0.00108184
0.00108453
0.00108603
0.00108651
0.0010863
0.00108583
0.0010855
0.0010856
0.00108616
0.00108725
0.00108857
0.00109011
0.00109411
0.00090193
0.000896902
0.000891841
0.000886763
0.000881682
0.000876611
0.00087155
0.000866486
0.000861385
0.000856199
0.000850866
0.000845317
0.000839485
0.000833317
0.000826779
0.000819862
0.00081258
0.000804975
0.000797111
0.000789073
0.000780961
0.000772887
0.00076497
0.000757334
0.000750101
0.000743388
0.000737311
0.000731976
0.000727481
0.000723913
0.000721347
0.000719844
0.000719452
0.000720202
0.000722115
0.000725196
0.000729437
0.000734815
0.000741296
0.000748828
0.000757348
0.000766777
0.000777025
0.000787988
0.000799553
0.000811598
0.000823996
0.000836617
0.000849333
0.000862017
0.000874553
0.000886832
0.000898756
0.000910245
0.00092123
0.000931659
0.000941494
0.000950712
0.000959302
0.000967265
0.000974612
0.000981362
0.000987542
0.000993184
0.000998326
0.00100301
0.00100728
0.00101118
0.00101477
0.0010181
0.00102124
0.00102422
0.00102712
0.00102999
0.00103287
0.00103578
0.00103875
0.00104177
0.00104483
0.00104792
0.00105103
0.00105419
0.00105739
0.00106065
0.00106393
0.00106714
0.00107015
0.00107278
0.00107491
0.00107647
0.00107748
0.00107804
0.00107831
0.00107842
0.00107852
0.00107863
0.00107897
0.0010795
0.00108034
0.00108379
0.000947948
0.000944309
0.000940611
0.000936864
0.000933077
0.000929259
0.000925418
0.00092156
0.000917688
0.000913801
0.00090989
0.000905942
0.000901938
0.000897857
0.000893679
0.000889389
0.000884975
0.000880438
0.000875789
0.00087105
0.000866255
0.000861447
0.000856683
0.000852022
0.000847534
0.00084329
0.000839363
0.000835828
0.000832757
0.000830217
0.000828271
0.000826975
0.000826373
0.000826504
0.000827393
0.000829056
0.000831497
0.000834708
0.00083867
0.000843354
0.000848717
0.000854707
0.000861263
0.000868313
0.000875783
0.000883589
0.000891647
0.000899873
0.000908182
0.000916494
0.000924732
0.000932829
0.000940722
0.000948359
0.000955696
0.000962696
0.000969332
0.000975587
0.000981447
0.000986908
0.000991971
0.000996642
0.00100093
0.00100486
0.00100844
0.00101169
0.00101465
0.00101734
0.00101979
0.00102206
0.00102418
0.0010262
0.00102819
0.00103018
0.00103225
0.00103444
0.00103679
0.00103932
0.00104203
0.0010449
0.00104787
0.00105089
0.00105389
0.00105681
0.0010596
0.00106219
0.00106452
0.00106652
0.00106813
0.0010693
0.00107003
0.00107034
0.00107031
0.00107002
0.00106961
0.0010692
0.00106907
0.00106931
0.00107002
0.00107367
0.000975983
0.000973536
0.000971024
0.000968451
0.000965822
0.000963143
0.000960421
0.000957661
0.000954871
0.000952058
0.000949227
0.000946382
0.000943525
0.000940657
0.000937776
0.00093488
0.000931969
0.000929041
0.0009261
0.000923152
0.000920208
0.000917284
0.000914402
0.00091159
0.000908877
0.000906301
0.0009039
0.000901716
0.000899791
0.000898166
0.000896883
0.00089598
0.000895488
0.000895438
0.000895852
0.000896745
0.000898127
0.0009
0.000902355
0.000905181
0.000908454
0.000912146
0.000916221
0.000920638
0.000925351
0.00093031
0.000935464
0.000940759
0.000946144
0.000951568
0.000956982
0.000962342
0.000967606
0.000972739
0.000977708
0.000982486
0.000987051
0.000991384
0.000995473
0.000999305
0.00100288
0.00100618
0.00100923
0.00101201
0.00101453
0.00101681
0.00101886
0.00102069
0.00102233
0.00102379
0.00102512
0.00102634
0.00102751
0.00102866
0.00102986
0.00103116
0.00103262
0.00103428
0.00103617
0.0010383
0.00104066
0.0010432
0.00104584
0.00104849
0.00105106
0.00105345
0.00105557
0.00105734
0.0010587
0.00105962
0.0010601
0.00106017
0.0010599
0.00105941
0.00105887
0.00105843
0.00105842
0.00105894
0.00106
0.0010643
0.000991679
0.000990132
0.000988528
0.000986867
0.000985151
0.000983384
0.000981568
0.000979708
0.00097781
0.000975879
0.000973921
0.000971942
0.000969948
0.000967944
0.000965937
0.00096393
0.000961929
0.000959939
0.000957964
0.00095601
0.000954085
0.000952197
0.000950356
0.000948576
0.000946872
0.000945261
0.000943763
0.000942399
0.000941192
0.000940166
0.000939343
0.000938747
0.000938397
0.000938314
0.000938513
0.000939007
0.000939805
0.000940911
0.000942325
0.000944042
0.000946053
0.000948344
0.000950895
0.000953686
0.000956688
0.000959875
0.000963216
0.00096668
0.000970233
0.000973845
0.000977484
0.00098112
0.000984726
0.000988274
0.000991741
0.000995106
0.000998348
0.00100145
0.0010044
0.00100718
0.00100978
0.0010122
0.00101442
0.00101645
0.00101828
0.00101991
0.00102135
0.0010226
0.00102367
0.00102457
0.00102534
0.00102598
0.00102652
0.00102702
0.0010275
0.00102802
0.00102862
0.00102937
0.0010303
0.00103146
0.00103286
0.00103449
0.00103632
0.00103828
0.00104029
0.00104224
0.00104403
0.00104556
0.00104677
0.00104761
0.00104808
0.0010482
0.00104808
0.00104782
0.00104763
0.00104765
0.00104818
0.00104932
0.00105095
0.00105605
0.000999722
0.000998776
0.000997787
0.000996755
0.000995679
0.000994561
0.000993402
0.000992203
0.000990969
0.000989703
0.000988407
0.000987087
0.000985746
0.000984391
0.000983025
0.000981655
0.000980286
0.000978924
0.000977575
0.000976245
0.00097494
0.000973668
0.000972435
0.000971251
0.000970124
0.000969065
0.000968084
0.000967194
0.000966406
0.000965735
0.000965193
0.000964794
0.00096455
0.000964473
0.000964574
0.000964861
0.000965343
0.000966023
0.000966905
0.000967987
0.000969266
0.000970736
0.000972389
0.000974212
0.000976192
0.000978314
0.000980559
0.000982909
0.000985343
0.000987843
0.000990387
0.000992955
0.000995527
0.000998083
0.00100061
0.00100308
0.00100548
0.00100779
0.00101001
0.00101211
0.00101408
0.00101592
0.00101761
0.00101914
0.00102052
0.00102172
0.00102276
0.00102363
0.00102433
0.00102487
0.00102526
0.00102552
0.00102566
0.0010257
0.00102568
0.00102563
0.0010256
0.00102562
0.00102576
0.00102604
0.0010265
0.00102717
0.00102805
0.00102911
0.0010303
0.00103155
0.00103279
0.00103393
0.0010349
0.00103566
0.00103619
0.00103653
0.00103676
0.00103698
0.00103736
0.00103802
0.00103922
0.00104103
0.00104324
0.00104904
0.00100348
0.00100288
0.00100227
0.00100162
0.00100095
0.00100024
0.000999507
0.000998745
0.000997955
0.00099714
0.000996301
0.00099544
0.000994561
0.000993666
0.000992759
0.000991843
0.000990923
0.000990004
0.00098909
0.000988186
0.000987298
0.00098643
0.000985591
0.000984784
0.000984017
0.000983298
0.000982633
0.00098203
0.000981497
0.000981043
0.000980675
0.000980402
0.000980232
0.000980173
0.000980233
0.000980417
0.000980731
0.000981179
0.000981765
0.00098249
0.000983353
0.000984353
0.000985486
0.000986745
0.000988125
0.000989616
0.000991208
0.000992889
0.000994649
0.000996472
0.000998346
0.00100026
0.00100219
0.00100413
0.00100605
0.00100796
0.00100983
0.00101164
0.00101338
0.00101505
0.00101661
0.00101807
0.00101942
0.00102063
0.00102171
0.00102264
0.00102342
0.00102404
0.00102451
0.00102483
0.00102499
0.00102501
0.0010249
0.00102467
0.00102434
0.00102394
0.0010235
0.00102305
0.00102263
0.00102228
0.00102204
0.00102195
0.00102202
0.00102226
0.00102266
0.00102318
0.0010238
0.00102445
0.0010251
0.0010257
0.00102625
0.00102678
0.00102733
0.001028
0.00102891
0.00103015
0.00103192
0.00103428
0.00103692
0.00104318
0.00100506
0.00100466
0.00100424
0.0010038
0.00100335
0.00100288
0.0010024
0.00100189
0.00100137
0.00100083
0.00100027
0.000999703
0.00099912
0.000998525
0.00099792
0.000997307
0.00099669
0.00099607
0.000995452
0.000994839
0.000994235
0.000993643
0.000993069
0.000992516
0.00099199
0.000991496
0.00099104
0.000990626
0.000990261
0.000989951
0.000989701
0.000989517
0.000989405
0.000989371
0.000989421
0.000989558
0.000989788
0.000990115
0.000990541
0.000991068
0.000991699
0.000992432
0.000993267
0.000994201
0.000995231
0.000996352
0.000997557
0.000998841
0.00100019
0.00100161
0.00100307
0.00100458
0.00100611
0.00100767
0.00100922
0.00101077
0.00101229
0.00101378
0.00101523
0.00101661
0.00101791
0.00101913
0.00102024
0.00102125
0.00102213
0.00102289
0.0010235
0.00102398
0.00102431
0.00102449
0.00102452
0.0010244
0.00102415
0.00102377
0.00102327
0.00102268
0.00102201
0.00102129
0.00102054
0.00101981
0.00101913
0.00101853
0.00101805
0.00101769
0.00101749
0.00101743
0.00101751
0.00101771
0.00101802
0.00101842
0.00101891
0.00101951
0.00102026
0.00102122
0.00102249
0.00102411
0.00102625
0.00102894
0.00103183
0.00103831
0.00100567
0.00100535
0.00100502
0.00100469
0.00100435
0.001004
0.00100364
0.00100327
0.00100289
0.0010025
0.00100211
0.0010017
0.00100129
0.00100087
0.00100045
0.00100002
0.000999586
0.000999154
0.000998723
0.000998296
0.000997875
0.000997463
0.000997063
0.000996678
0.000996312
0.000995969
0.000995653
0.000995368
0.000995118
0.000994907
0.000994741
0.000994624
0.00099456
0.000994553
0.000994609
0.000994731
0.000994923
0.000995188
0.00099553
0.000995952
0.000996454
0.000997037
0.000997703
0.00099845
0.000999276
0.00100018
0.00100116
0.0010022
0.00100331
0.00100448
0.00100569
0.00100695
0.00100823
0.00100954
0.00101086
0.00101218
0.00101349
0.00101477
0.00101602
0.00101721
0.00101834
0.0010194
0.00102037
0.00102124
0.001022
0.00102264
0.00102316
0.00102354
0.00102379
0.00102389
0.00102385
0.00102366
0.00102334
0.00102289
0.00102231
0.00102163
0.00102084
0.00101999
0.00101908
0.00101815
0.00101723
0.00101635
0.00101553
0.00101481
0.00101422
0.00101376
0.00101346
0.00101332
0.00101335
0.00101354
0.00101391
0.00101449
0.0010153
0.00101638
0.00101782
0.00101962
0.00102192
0.00102474
0.00102771
0.00103416
0.00100587
0.00100559
0.0010053
0.00100501
0.00100472
0.00100442
0.00100412
0.00100381
0.0010035
0.00100319
0.00100287
0.00100255
0.00100223
0.0010019
0.00100157
0.00100124
0.00100092
0.00100059
0.00100027
0.000999946
0.000999633
0.000999329
0.000999034
0.000998753
0.000998487
0.000998238
0.000998011
0.000997809
0.000997634
0.00099749
0.000997381
0.000997311
0.000997282
0.000997299
0.000997366
0.000997486
0.000997662
0.000997898
0.000998196
0.00099856
0.000998991
0.00099949
0.00100006
0.0010007
0.0010014
0.00100218
0.00100302
0.00100392
0.00100488
0.00100589
0.00100695
0.00100804
0.00100917
0.00101033
0.0010115
0.00101267
0.00101383
0.00101498
0.0010161
0.00101717
0.00101819
0.00101914
0.00102001
0.00102079
0.00102147
0.00102204
0.0010225
0.00102283
0.00102302
0.00102308
0.001023
0.00102279
0.00102244
0.00102196
0.00102135
0.00102064
0.00101982
0.00101891
0.00101794
0.00101693
0.0010159
0.00101487
0.00101389
0.00101298
0.00101217
0.00101148
0.00101094
0.00101057
0.00101038
0.00101041
0.00101065
0.00101115
0.00101192
0.00101299
0.00101444
0.00101625
0.00101855
0.00102134
0.00102424
0.00103049
0.00100593
0.00100566
0.00100539
0.00100511
0.00100483
0.00100456
0.00100428
0.001004
0.00100372
0.00100343
0.00100315
0.00100287
0.00100258
0.0010023
0.00100202
0.00100174
0.00100146
0.00100118
0.00100091
0.00100065
0.00100039
0.00100015
0.000999909
0.000999683
0.000999472
0.000999276
0.0009991
0.000998945
0.000998813
0.000998709
0.000998633
0.000998591
0.000998584
0.000998617
0.000998691
0.000998811
0.000998979
0.000999198
0.000999472
0.000999801
0.00100019
0.00100064
0.00100115
0.00100172
0.00100235
0.00100304
0.0010038
0.00100461
0.00100547
0.00100638
0.00100734
0.00100834
0.00100936
0.00101042
0.00101148
0.00101256
0.00101363
0.00101468
0.00101571
0.0010167
0.00101764
0.00101852
0.00101932
0.00102004
0.00102067
0.0010212
0.00102161
0.00102191
0.00102208
0.00102212
0.00102202
0.0010218
0.00102144
0.00102096
0.00102036
0.00101964
0.00101882
0.00101791
0.00101693
0.00101589
0.00101483
0.00101376
0.00101271
0.00101172
0.0010108
0.00100999
0.00100931
0.0010088
0.00100847
0.00100836
0.00100848
0.00100886
0.00100954
0.00101052
0.00101187
0.00101358
0.00101576
0.00101839
0.00102113
0.00102706
0.00100594
0.00100567
0.0010054
0.00100513
0.00100486
0.00100459
0.00100432
0.00100404
0.00100377
0.0010035
0.00100323
0.00100296
0.00100269
0.00100242
0.00100216
0.0010019
0.00100164
0.00100139
0.00100114
0.0010009
0.00100067
0.00100044
0.00100023
0.00100003
0.000999844
0.000999673
0.000999519
0.000999386
0.000999274
0.000999187
0.000999127
0.000999097
0.000999099
0.000999136
0.000999211
0.000999327
0.000999486
0.000999692
0.000999946
0.00100025
0.00100061
0.00100102
0.00100149
0.00100202
0.0010026
0.00100324
0.00100393
0.00100468
0.00100548
0.00100633
0.00100721
0.00100814
0.00100909
0.00101007
0.00101107
0.00101207
0.00101307
0.00101406
0.00101502
0.00101595
0.00101684
0.00101766
0.00101842
0.00101911
0.0010197
0.00102019
0.00102058
0.00102085
0.00102101
0.00102104
0.00102094
0.00102072
0.00102037
0.00101989
0.0010193
0.0010186
0.0010178
0.00101691
0.00101594
0.00101492
0.00101386
0.00101279
0.00101173
0.0010107
0.00100974
0.00100887
0.00100812
0.00100752
0.0010071
0.00100687
0.00100688
0.00100713
0.00100767
0.00100851
0.00100969
0.00101122
0.0010132
0.0010156
0.00101811
0.00102364
0.00100594
0.00100567
0.0010054
0.00100513
0.00100486
0.00100458
0.00100431
0.00100404
0.00100377
0.0010035
0.00100323
0.00100297
0.0010027
0.00100244
0.00100218
0.00100192
0.00100167
0.00100142
0.00100118
0.00100095
0.00100072
0.0010005
0.0010003
0.0010001
0.000999925
0.00099976
0.000999613
0.000999485
0.000999377
0.000999293
0.000999235
0.000999204
0.000999204
0.000999237
0.000999305
0.000999412
0.000999559
0.000999749
0.000999985
0.00100027
0.0010006
0.00100099
0.00100142
0.00100191
0.00100246
0.00100306
0.0010037
0.0010044
0.00100515
0.00100595
0.00100678
0.00100765
0.00100855
0.00100948
0.00101042
0.00101137
0.00101231
0.00101325
0.00101417
0.00101505
0.00101589
0.00101668
0.0010174
0.00101805
0.00101862
0.00101909
0.00101946
0.00101972
0.00101986
0.00101989
0.00101979
0.00101957
0.00101923
0.00101877
0.0010182
0.00101751
0.00101673
0.00101586
0.00101492
0.00101392
0.00101288
0.00101182
0.00101077
0.00100974
0.00100876
0.00100786
0.00100707
0.0010064
0.0010059
0.00100557
0.00100545
0.00100557
0.00100594
0.0010066
0.00100757
0.00100887
0.00101059
0.00101273
0.00101497
0.00102007
0.00100593
0.00100566
0.00100539
0.00100511
0.00100484
0.00100457
0.0010043
0.00100403
0.00100375
0.00100348
0.00100321
0.00100294
0.00100268
0.00100241
0.00100215
0.00100189
0.00100164
0.00100139
0.00100115
0.00100091
0.00100069
0.00100047
0.00100026
0.00100006
0.000999881
0.000999713
0.000999562
0.000999429
0.000999316
0.000999226
0.000999161
0.000999122
0.000999113
0.000999135
0.000999191
0.000999283
0.000999415
0.000999587
0.000999803
0.00100006
0.00100037
0.00100073
0.00100114
0.0010016
0.00100211
0.00100267
0.00100328
0.00100394
0.00100465
0.0010054
0.00100619
0.00100701
0.00100787
0.00100875
0.00100964
0.00101055
0.00101145
0.00101234
0.00101322
0.00101406
0.00101487
0.00101562
0.00101632
0.00101694
0.00101748
0.00101793
0.00101828
0.00101853
0.00101867
0.00101869
0.00101859
0.00101838
0.00101804
0.00101759
0.00101703
0.00101636
0.0010156
0.00101475
0.00101383
0.00101285
0.00101182
0.00101078
0.00100973
0.0010087
0.0010077
0.00100678
0.00100594
0.00100521
0.00100462
0.00100418
0.00100393
0.00100389
0.00100407
0.00100451
0.00100524
0.00100628
0.00100771
0.00100955
0.0010115
0.00101617
0.00100592
0.00100565
0.00100538
0.0010051
0.00100483
0.00100456
0.00100428
0.00100401
0.00100373
0.00100346
0.00100319
0.00100291
0.00100264
0.00100238
0.00100211
0.00100185
0.00100159
0.00100134
0.00100109
0.00100085
0.00100062
0.0010004
0.00100018
0.000999979
0.000999789
0.000999613
0.000999454
0.000999312
0.00099919
0.000999089
0.000999012
0.000998961
0.000998938
0.000998946
0.000998986
0.000999061
0.000999174
0.000999327
0.000999521
0.000999759
0.00100004
0.00100037
0.00100075
0.00100118
0.00100166
0.00100219
0.00100277
0.00100339
0.00100406
0.00100477
0.00100552
0.00100631
0.00100712
0.00100796
0.00100881
0.00100967
0.00101054
0.00101139
0.00101223
0.00101304
0.00101381
0.00101453
0.0010152
0.00101579
0.00101631
0.00101674
0.00101708
0.00101731
0.00101744
0.00101745
0.00101735
0.00101713
0.00101679
0.00101635
0.00101579
0.00101513
0.00101437
0.00101353
0.00101262
0.00101164
0.00101062
0.00100957
0.00100851
0.00100746
0.00100644
0.00100547
0.00100457
0.00100376
0.00100306
0.00100249
0.00100208
0.00100184
0.00100181
0.001002
0.00100246
0.00100321
0.00100434
0.00100588
0.00100755
0.00101183
0.00100591
0.00100564
0.00100536
0.00100509
0.00100481
0.00100454
0.00100426
0.00100399
0.00100371
0.00100343
0.00100316
0.00100288
0.00100261
0.00100234
0.00100207
0.0010018
0.00100154
0.00100128
0.00100103
0.00100079
0.00100055
0.00100031
0.00100009
0.000999882
0.000999683
0.000999498
0.000999329
0.000999176
0.000999042
0.000998929
0.000998839
0.000998774
0.000998736
0.000998727
0.00099875
0.000998807
0.0009989
0.000999031
0.000999203
0.000999418
0.000999677
0.000999981
0.00100033
0.00100073
0.00100118
0.00100168
0.00100222
0.00100281
0.00100344
0.00100412
0.00100483
0.00100558
0.00100635
0.00100715
0.00100797
0.00100879
0.00100962
0.00101043
0.00101123
0.00101201
0.00101275
0.00101344
0.00101407
0.00101464
0.00101513
0.00101553
0.00101584
0.00101605
0.00101616
0.00101615
0.00101604
0.0010158
0.00101545
0.00101499
0.00101443
0.00101375
0.00101299
0.00101213
0.00101121
0.00101021
0.00100917
0.0010081
0.001007
0.00100591
0.00100483
0.00100378
0.00100279
0.00100186
0.00100102
0.00100029
0.000999684
0.000999224
0.000998941
0.000998858
0.000999031
0.000999477
0.0010003
0.00100156
0.00100298
0.00100694
0.0010059
0.00100563
0.00100535
0.00100508
0.0010048
0.00100452
0.00100425
0.00100397
0.00100369
0.00100341
0.00100313
0.00100285
0.00100258
0.0010023
0.00100203
0.00100176
0.00100149
0.00100123
0.00100097
0.00100072
0.00100047
0.00100023
0.00100001
0.000999786
0.000999578
0.000999383
0.000999203
0.000999039
0.000998893
0.000998767
0.000998663
0.000998583
0.00099853
0.000998504
0.000998509
0.000998548
0.000998621
0.000998731
0.000998881
0.000999072
0.000999306
0.000999585
0.000999909
0.00100028
0.0010007
0.00100116
0.00100167
0.00100223
0.00100283
0.00100346
0.00100414
0.00100485
0.00100559
0.00100635
0.00100712
0.00100791
0.0010087
0.00100947
0.00101024
0.00101097
0.00101167
0.00101232
0.00101292
0.00101345
0.0010139
0.00101427
0.00101455
0.00101473
0.0010148
0.00101476
0.0010146
0.00101434
0.00101395
0.00101346
0.00101286
0.00101215
0.00101134
0.00101045
0.00100948
0.00100844
0.00100734
0.00100621
0.00100504
0.00100386
0.00100268
0.00100152
0.00100039
0.000999308
0.000998288
0.000997347
0.000996508
0.000995791
0.00099523
0.000994855
0.000994731
0.000994887
0.000995437
0.000996447
0.000997663
0.00100141
0.00100589
0.00100562
0.00100534
0.00100507
0.00100479
0.00100451
0.00100423
0.00100395
0.00100367
0.00100339
0.00100311
0.00100283
0.00100255
0.00100227
0.00100199
0.00100172
0.00100145
0.00100118
0.00100091
0.00100066
0.0010004
0.00100016
0.000999921
0.000999694
0.000999477
0.000999273
0.000999082
0.000998908
0.00099875
0.000998611
0.000998494
0.0009984
0.000998331
0.000998289
0.000998277
0.000998297
0.000998351
0.00099844
0.000998568
0.000998736
0.000998946
0.000999199
0.000999496
0.000999838
0.00100023
0.00100066
0.00100114
0.00100166
0.00100222
0.00100283
0.00100346
0.00100414
0.00100483
0.00100555
0.00100629
0.00100703
0.00100777
0.00100851
0.00100922
0.00100991
0.00101056
0.00101117
0.00101171
0.00101219
0.00101259
0.00101291
0.00101313
0.00101325
0.00101326
0.00101316
0.00101295
0.00101262
0.00101217
0.0010116
0.00101093
0.00101015
0.00100927
0.0010083
0.00100724
0.00100611
0.00100492
0.00100367
0.00100239
0.00100108
0.000999756
0.00099843
0.000997116
0.000995827
0.000994579
0.00099339
0.000992282
0.000991283
0.000990431
0.000989766
0.000989363
0.000989264
0.000989594
0.00099043
0.000991516
0.000995161
0.00100589
0.00100561
0.00100533
0.00100506
0.00100478
0.0010045
0.00100422
0.00100393
0.00100365
0.00100337
0.00100308
0.0010028
0.00100252
0.00100224
0.00100196
0.00100168
0.0010014
0.00100113
0.00100086
0.0010006
0.00100034
0.00100009
0.000999843
0.000999608
0.000999383
0.000999169
0.000998969
0.000998784
0.000998615
0.000998465
0.000998335
0.000998227
0.000998143
0.000998086
0.000998057
0.000998059
0.000998094
0.000998163
0.00099827
0.000998415
0.000998601
0.000998828
0.000999099
0.000999413
0.000999771
0.00100017
0.00100062
0.0010011
0.00100163
0.0010022
0.0010028
0.00100342
0.00100408
0.00100475
0.00100544
0.00100613
0.00100682
0.00100749
0.00100815
0.00100878
0.00100936
0.0010099
0.00101037
0.00101077
0.00101109
0.00101132
0.00101146
0.00101148
0.0010114
0.0010112
0.00101088
0.00101044
0.00100988
0.0010092
0.00100841
0.00100751
0.00100651
0.0010054
0.00100421
0.00100294
0.00100159
0.00100019
0.000998733
0.000997237
0.000995712
0.00099417
0.000992622
0.000991083
0.000989568
0.0009881
0.000986705
0.000985418
0.000984287
0.000983364
0.000982735
0.000982453
0.000982649
0.000983401
0.000984447
0.000988047
0.00100588
0.0010056
0.00100533
0.00100505
0.00100477
0.00100448
0.0010042
0.00100392
0.00100363
0.00100335
0.00100306
0.00100278
0.00100249
0.00100221
0.00100192
0.00100164
0.00100136
0.00100108
0.00100081
0.00100054
0.00100028
0.00100002
0.00099977
0.000999527
0.000999295
0.000999073
0.000998864
0.000998669
0.000998489
0.000998327
0.000998185
0.000998064
0.000997966
0.000997893
0.000997848
0.000997833
0.000997849
0.000997898
0.000997984
0.000998106
0.000998267
0.000998469
0.000998711
0.000998995
0.000999321
0.000999689
0.0010001
0.00100055
0.00100103
0.00100155
0.0010021
0.00100268
0.00100327
0.00100389
0.00100451
0.00100513
0.00100574
0.00100634
0.00100691
0.00100745
0.00100793
0.00100836
0.00100872
0.00100901
0.0010092
0.0010093
0.00100929
0.00100917
0.00100894
0.00100858
0.0010081
0.00100749
0.00100676
0.00100591
0.00100494
0.00100385
0.00100266
0.00100136
0.000999975
0.000998499
0.000996944
0.000995321
0.000993636
0.000991901
0.000990125
0.00098832
0.000986498
0.000984676
0.000982875
0.000981121
0.00097945
0.000977906
0.000976549
0.000975441
0.000974677
0.000974314
0.000974475
0.000975213
0.000976276
0.000979717
0.00100587
0.0010056
0.00100532
0.00100504
0.00100476
0.00100447
0.00100419
0.0010039
0.00100362
0.00100333
0.00100304
0.00100275
0.00100247
0.00100218
0.00100189
0.00100161
0.00100132
0.00100104
0.00100077
0.00100049
0.00100022
0.000999959
0.000999702
0.000999453
0.000999212
0.000998983
0.000998765
0.00099856
0.00099837
0.000998197
0.000998042
0.000997907
0.000997795
0.000997707
0.000997645
0.000997611
0.000997607
0.000997636
0.000997697
0.000997794
0.000997928
0.000998099
0.000998309
0.000998557
0.000998844
0.00099917
0.000999531
0.000999928
0.00100036
0.00100082
0.0010013
0.0010018
0.00100232
0.00100284
0.00100337
0.00100389
0.00100439
0.00100486
0.0010053
0.00100569
0.00100602
0.00100629
0.00100647
0.00100657
0.00100657
0.00100646
0.00100624
0.0010059
0.00100543
0.00100484
0.00100412
0.00100327
0.00100229
0.00100119
0.000999969
0.00099863
0.000997181
0.000995628
0.000993978
0.000992238
0.000990415
0.000988519
0.000986557
0.000984538
0.000982475
0.000980379
0.000978268
0.000976163
0.00097409
0.000972085
0.000970193
0.000968469
0.000966982
0.000965798
0.000965006
0.000964646
0.000964813
0.000965481
0.000966474
0.000969221
0.00100587
0.00100559
0.00100531
0.00100503
0.00100475
0.00100446
0.00100418
0.00100389
0.0010036
0.00100331
0.00100302
0.00100273
0.00100244
0.00100215
0.00100186
0.00100158
0.00100129
0.001001
0.00100072
0.00100044
0.00100017
0.000999899
0.000999636
0.000999379
0.000999131
0.000998893
0.000998665
0.00099845
0.000998249
0.000998063
0.000997894
0.000997744
0.000997615
0.000997508
0.000997426
0.000997369
0.000997341
0.000997341
0.000997373
0.000997436
0.000997532
0.000997662
0.000997825
0.000998022
0.000998252
0.000998514
0.000998806
0.000999125
0.000999468
0.000999831
0.00100021
0.0010006
0.00100098
0.00100137
0.00100174
0.00100209
0.00100241
0.00100269
0.00100291
0.00100307
0.00100316
0.00100317
0.00100309
0.0010029
0.00100261
0.0010022
0.00100166
0.001001
0.00100021
0.00099929
0.000998239
0.000997058
0.000995751
0.00099432
0.000992771
0.000991109
0.00098934
0.000987469
0.000985504
0.000983452
0.000981319
0.000979115
0.000976848
0.00097453
0.000972174
0.000969798
0.000967423
0.000965077
0.000962796
0.000960623
0.000958612
0.000956819
0.000955308
0.000954128
0.000953332
0.000952902
0.000952873
0.000953061
0.000953517
0.000954206
0.00100586
0.00100558
0.0010053
0.00100502
0.00100474
0.00100445
0.00100417
0.00100388
0.00100359
0.0010033
0.00100301
0.00100271
0.00100242
0.00100213
0.00100183
0.00100154
0.00100125
0.00100096
0.00100067
0.00100039
0.00100011
0.000999831
0.000999559
0.000999293
0.000999035
0.000998784
0.000998544
0.000998314
0.000998096
0.000997891
0.000997702
0.000997529
0.000997375
0.000997239
0.000997125
0.000997032
0.000996963
0.000996919
0.0009969
0.000996907
0.00099694
0.000997
0.000997085
0.000997195
0.000997327
0.000997481
0.000997652
0.000997837
0.000998032
0.000998232
0.00099843
0.000998619
0.000998794
0.000998944
0.000999061
0.000999137
0.000999161
0.000999125
0.000999017
0.000998829
0.000998551
0.000998175
0.000997693
0.000997098
0.000996385
0.000995549
0.000994587
0.000993497
0.000992279
0.000990934
0.000989464
0.000987871
0.00098616
0.000984336
0.000982403
0.000980367
0.000978235
0.000976012
0.000973705
0.000971321
0.000968869
0.000966358
0.000963799
0.000961207
0.000958599
0.000955998
0.000953431
0.000950932
0.000948541
0.000946301
0.000944257
0.000942444
0.000940886
0.000939564
0.000938442
0.000937381
0.000936317
0.000934818
0.000933492
0.000929383
0.00100586
0.00100558
0.0010053
0.00100501
0.00100473
0.00100444
0.00100415
0.00100386
0.00100357
0.00100328
0.00100298
0.00100268
0.00100239
0.00100209
0.00100179
0.00100149
0.00100119
0.00100089
0.00100059
0.0010003
0.001
0.000999712
0.000999424
0.00099914
0.000998861
0.000998588
0.000998322
0.000998063
0.000997813
0.000997572
0.000997342
0.000997124
0.000996918
0.000996726
0.000996548
0.000996385
0.000996237
0.000996105
0.000995988
0.000995886
0.000995799
0.000995724
0.000995661
0.000995606
0.000995558
0.000995511
0.000995463
0.000995409
0.000995341
0.000995256
0.000995144
0.000995
0.000994815
0.000994581
0.000994289
0.000993931
0.000993499
0.000992985
0.000992381
0.000991679
0.000990875
0.000989963
0.000988938
0.000987798
0.00098654
0.000985163
0.000983668
0.000982057
0.00098033
0.000978491
0.000976544
0.000974493
0.000972342
0.000970096
0.000967761
0.000965342
0.000962845
0.000960276
0.000957642
0.000954951
0.000952213
0.000949438
0.00094664
0.000943836
0.000941048
0.000938297
0.000935613
0.000933021
0.000930546
0.000928201
0.000925979
0.000923833
0.000921674
0.000919337
0.000916616
0.000913192
0.000908912
0.000903072
0.000897442
0.000884185
0.00100585
0.00100556
0.00100528
0.00100499
0.0010047
0.00100441
0.00100411
0.00100382
0.00100352
0.00100321
0.00100291
0.0010026
0.00100229
0.00100197
0.00100166
0.00100134
0.00100102
0.0010007
0.00100037
0.00100005
0.000999721
0.000999393
0.000999063
0.000998734
0.000998404
0.000998074
0.000997745
0.000997417
0.00099709
0.000996765
0.000996441
0.00099612
0.0009958
0.000995482
0.000995166
0.00099485
0.000994535
0.000994219
0.000993901
0.000993579
0.000993251
0.000992913
0.000992564
0.000992199
0.000991813
0.000991403
0.000990963
0.000990487
0.000989969
0.000989403
0.000988782
0.000988098
0.000987347
0.000986521
0.000985614
0.00098462
0.000983536
0.000982356
0.000981078
0.0009797
0.00097822
0.000976639
0.000974955
0.000973171
0.000971289
0.000969311
0.000967238
0.000965075
0.000962825
0.00096049
0.000958073
0.00095558
0.000953012
0.000950374
0.00094767
0.000944904
0.000942082
0.000939208
0.00093629
0.000933336
0.000930353
0.000927352
0.000924345
0.000921345
0.000918361
0.000915401
0.000912464
0.000909528
0.000906546
0.000903424
0.000900005
0.000896055
0.000891259
0.000885223
0.000877553
0.000867839
0.000856073
0.000841589
0.000828135
0.000802073
0.00100578
0.00100549
0.00100519
0.00100488
0.00100458
0.00100426
0.00100394
0.00100362
0.00100329
0.00100296
0.00100262
0.00100227
0.00100191
0.00100155
0.00100118
0.00100081
0.00100042
0.00100003
0.000999624
0.000999212
0.000998791
0.00099836
0.000997919
0.000997467
0.000997004
0.000996529
0.000996042
0.000995543
0.00099503
0.000994503
0.000993961
0.000993402
0.000992827
0.000992232
0.000991618
0.00099098
0.000990319
0.000989631
0.000988913
0.000988162
0.000987376
0.000986549
0.000985679
0.000984761
0.00098379
0.000982762
0.000981672
0.000980515
0.000979287
0.000977984
0.000976602
0.000975137
0.000973588
0.000971953
0.00097023
0.000968422
0.000966528
0.000964551
0.000962494
0.00096036
0.000958152
0.000955875
0.000953531
0.000951123
0.000948655
0.000946128
0.000943543
0.000940901
0.000938202
0.000935446
0.000932633
0.000929762
0.000926834
0.000923849
0.000920808
0.000917713
0.000914564
0.000911363
0.000908112
0.00090481
0.000901456
0.000898043
0.00089456
0.000890982
0.000887268
0.000883348
0.00087911
0.000874383
0.000868918
0.000862375
0.000854317
0.00084424
0.000831637
0.000816101
0.000797507
0.000776081
0.0007528
0.000728086
0.000707176
0.000675821
0.00100542
0.00100507
0.00100471
0.00100435
0.00100397
0.00100358
0.00100317
0.00100276
0.00100233
0.00100188
0.00100142
0.00100094
0.00100044
0.000999929
0.000999395
0.00099884
0.000998263
0.000997664
0.000997041
0.000996393
0.000995718
0.000995017
0.000994286
0.000993526
0.000992734
0.000991909
0.00099105
0.000990154
0.000989221
0.000988248
0.000987233
0.000986174
0.000985069
0.000983916
0.000982711
0.000981453
0.000980139
0.000978766
0.000977331
0.000975831
0.000974263
0.000972625
0.000970914
0.000969128
0.000967265
0.000965323
0.000963302
0.000961201
0.000959022
0.000956767
0.000954437
0.000952038
0.000949573
0.000947048
0.000944469
0.000941842
0.000939173
0.00093647
0.000933736
0.000930976
0.000928192
0.000925387
0.000922557
0.000919702
0.000916816
0.000913894
0.000910928
0.00090791
0.000904832
0.000901685
0.000898462
0.000895155
0.000891755
0.000888256
0.000884647
0.00088092
0.000877059
0.000873045
0.000868853
0.000864444
0.000859765
0.000854741
0.000849266
0.000843189
0.000836304
0.000828329
0.0008189
0.000807568
0.000793824
0.000777169
0.000757229
0.000733915
0.000707605
0.000679246
0.000650343
0.000622716
0.000598261
0.000578252
0.000564465
0.00055393
0.00100362
0.00100307
0.0010025
0.0010019
0.00100127
0.00100061
0.00099992
0.000999198
0.000998443
0.000997653
0.000996826
0.000995961
0.000995056
0.00099411
0.000993121
0.000992088
0.000991009
0.000989883
0.000988707
0.00098748
0.000986201
0.000984867
0.000983478
0.00098203
0.000980523
0.000978955
0.000977323
0.000975627
0.000973863
0.000972031
0.000970129
0.000968155
0.000966108
0.000963986
0.000961788
0.000959513
0.000957161
0.000954732
0.000952226
0.000949643
0.000946986
0.000944255
0.000941456
0.00093859
0.000935663
0.000932681
0.000929651
0.000926579
0.000923474
0.000920344
0.000917198
0.000914044
0.000910891
0.000907745
0.000904611
0.000901494
0.000898392
0.000895304
0.000892224
0.000889144
0.00088605
0.000882928
0.000879759
0.000876522
0.000873197
0.000869759
0.000866185
0.000862452
0.000858536
0.000854412
0.000850058
0.000845444
0.000840541
0.000835312
0.000829712
0.000823684
0.000817156
0.000810034
0.000802201
0.000793506
0.00078376
0.00077273
0.000760135
0.000745654
0.000728949
0.000709713
0.000687753
0.000663105
0.000636164
0.000607772
0.00057922
0.000552124
0.000528183
0.000508904
0.000495366
0.000488101
0.000486968
0.000491891
0.000499478
0.000520644
0.000995662
0.000994456
0.000993193
0.000991872
0.000990492
0.000989049
0.000987545
0.000985977
0.000984344
0.000982646
0.000980881
0.000979048
0.000977146
0.000975175
0.000973134
0.000971021
0.000968836
0.000966578
0.000964248
0.000961843
0.000959365
0.000956811
0.000954183
0.00095148
0.000948703
0.00094585
0.000942924
0.000939925
0.000936853
0.000933711
0.0009305
0.000927222
0.00092388
0.000920478
0.00091702
0.00091351
0.000909953
0.000906355
0.000902724
0.000899067
0.000895391
0.000891705
0.000888018
0.000884339
0.000880676
0.000877039
0.000873434
0.000869867
0.000866342
0.00086286
0.00085942
0.000856016
0.000852639
0.000849272
0.000845899
0.000842493
0.000839025
0.000835462
0.000831765
0.000827893
0.000823802
0.000819447
0.00081478
0.000809756
0.000804327
0.000798449
0.000792075
0.000785157
0.000777646
0.000769488
0.000760623
0.000750984
0.000740497
0.000729076
0.000716628
0.000703053
0.000688249
0.000672117
0.000654577
0.000635582
0.000615146
0.000593371
0.000570494
0.000546914
0.000523226
0.000500214
0.000478817
0.000460051
0.000444908
0.000434245
0.000428694
0.000428598
0.000433979
0.000444533
0.000459663
0.000478526
0.000500026
0.000523587
0.000545059
0.000579911
0.000964908
0.000961993
0.000958991
0.000955905
0.000952735
0.000949482
0.000946149
0.000942736
0.000939246
0.000935681
0.000932042
0.000928333
0.000924554
0.00092071
0.000916801
0.000912831
0.000908803
0.000904719
0.000900583
0.000896398
0.000892167
0.000887894
0.000883584
0.000879239
0.000874865
0.000870467
0.000866049
0.000861617
0.000857176
0.000852733
0.000848293
0.000843862
0.000839447
0.000835053
0.000830687
0.000826355
0.000822059
0.000817805
0.000813594
0.000809427
0.000805301
0.000801212
0.000797152
0.000793107
0.000789061
0.000784991
0.00078087
0.000776662
0.000772329
0.000767823
0.000763092
0.000758079
0.000752724
0.000746963
0.000740732
0.000733969
0.000726614
0.000718615
0.000709923
0.0007005
0.000690317
0.000679355
0.000667603
0.000655062
0.000641739
0.000627654
0.000612835
0.000597321
0.000581164
0.000564433
0.000547216
0.000529624
0.00051179
0.000493881
0.000476089
0.000458636
0.000441772
0.000425773
0.000410936
0.000397581
0.000386045
0.000376675
0.000369823
0.000365833
0.000365019
0.000367647
0.000373903
0.000383868
0.00039749
0.000414564
0.000434729
0.000457481
0.000482199
0.000508195
0.00053478
0.000561277
0.000587092
0.00061194
0.000633265
0.000663745
0.000864487
0.000858497
0.000852472
0.000846418
0.000840341
0.000834245
0.000828136
0.000822018
0.000815898
0.000809779
0.000803666
0.000797564
0.000791479
0.000785413
0.000779372
0.00077336
0.000767381
0.000761437
0.000755534
0.000749674
0.000743859
0.000738091
0.000732373
0.000726705
0.000721087
0.000715518
0.000709995
0.000704515
0.000699072
0.000693658
0.000688262
0.000682874
0.000677475
0.000672047
0.000666566
0.000661005
0.000655332
0.000649508
0.000643492
0.000637236
0.00063069
0.000623797
0.000616499
0.000608736
0.000600452
0.000591589
0.000582099
0.000571945
0.0005611
0.000549556
0.000537326
0.000524442
0.000510962
0.000496965
0.000482551
0.000467839
0.000452961
0.000438057
0.00042327
0.000408742
0.000394609
0.000380996
0.000368019
0.00035578
0.000344371
0.000333872
0.000324357
0.000315892
0.000308539
0.00030236
0.000297414
0.000293765
0.000291476
0.000290616
0.000291255
0.000293469
0.000297335
0.000302932
0.000310337
0.000319618
0.000330826
0.000343987
0.000359084
0.000376047
0.000394745
0.000414979
0.00043649
0.000458974
0.000482101
0.000505549
0.000529023
0.000552268
0.000575072
0.000597246
0.000618631
0.000639006
0.000658257
0.000676067
0.000691328
0.000711537
0.000601711
0.000593248
0.000584903
0.000576677
0.000568569
0.000560576
0.000552697
0.000544929
0.00053727
0.000529718
0.000522269
0.000514919
0.000507664
0.0005005
0.000493422
0.000486424
0.000479501
0.000472646
0.000465851
0.000459108
0.00045241
0.000445747
0.000439109
0.000432487
0.000425868
0.000419243
0.000412599
0.000405924
0.000399208
0.000392439
0.000385607
0.000378702
0.000371716
0.000364644
0.000357481
0.000350229
0.00034289
0.000335472
0.000327988
0.000320454
0.000312895
0.000305338
0.000297819
0.000290375
0.000283053
0.000275901
0.000268971
0.000262318
0.000255999
0.000250069
0.000244584
0.000239598
0.000235163
0.000231325
0.000228129
0.000225615
0.000223819
0.000222772
0.000222503
0.000223037
0.000224395
0.000226598
0.00022966
0.000233599
0.000238425
0.000244149
0.000250779
0.000258317
0.000266764
0.000276114
0.000286356
0.000297471
0.000309431
0.000322202
0.000335737
0.000349978
0.000364856
0.000380286
0.000396168
0.000412387
0.000428817
0.000445323
0.000461768
0.00047803
0.000494009
0.000509637
0.000524883
0.000539749
0.000554253
0.000568419
0.000582249
0.000595718
0.000608759
0.000621277
0.000633166
0.000644244
0.000654538
0.000663524
0.000671376
0.000680132
0.000229772
0.000226153
0.000222685
0.000219365
0.000216188
0.000213147
0.000210239
0.00020746
0.000204805
0.000202271
0.000199854
0.000197551
0.000195361
0.000193279
0.000191305
0.000189435
0.00018767
0.000186008
0.000184447
0.000182989
0.000181632
0.000180378
0.000179227
0.00017818
0.00017724
0.000176408
0.000175688
0.000175083
0.000174597
0.000174234
0.000174
0.0001739
0.000173942
0.000174132
0.000174478
0.00017499
0.000175678
0.000176552
0.000177624
0.000178907
0.000180415
0.000182163
0.000184167
0.000186444
0.000189013
0.000191893
0.000195105
0.000198669
0.000202608
0.000206942
0.000211694
0.000216884
0.000222532
0.000228655
0.000235266
0.000242376
0.000249989
0.000258102
0.000266707
0.000275785
0.000285308
0.000295237
0.000305524
0.000316111
0.000326929
0.000337902
0.000348948
0.000359983
0.00037092
0.000381677
0.000392173
0.000402338
0.000412108
0.000421431
0.000430262
0.000438568
0.000446322
0.000453509
0.000460121
0.000466162
0.000471649
0.000476614
0.000481101
0.00048517
0.000488889
0.000492328
0.000495551
0.000498609
0.000501529
0.000504321
0.000506962
0.00050942
0.000511629
0.000513544
0.0005151
0.00051621
0.000517106
0.000516904
0.000517924
0.000515134
0.000182394
0.000183217
0.000184012
0.000184776
0.00018551
0.000186212
0.000186881
0.000187518
0.000188122
0.000188691
0.000189226
0.000189726
0.00019019
0.000190618
0.000191009
0.000191363
0.000191678
0.000191955
0.000192192
0.000192389
0.000192545
0.000192659
0.00019273
0.000192758
0.000192742
0.00019268
0.000192571
0.000192415
0.00019221
0.000191954
0.000191646
0.000191286
0.00019087
0.000190399
0.000189869
0.00018928
0.00018863
0.000187917
0.00018714
0.000186298
0.000185388
0.000184411
0.000183364
0.000182249
0.000181064
0.00017981
0.000178488
0.000177101
0.000175651
0.000174143
0.00017258
0.000170971
0.000169323
0.000167646
0.00016595
0.00016425
0.00016256
0.000160897
0.000159277
0.000157719
0.000156241
0.000154863
0.000153602
0.000152473
0.00015149
0.000150664
0.00015
0.000149503
0.00014917
0.000148996
0.000148973
0.000149086
0.000149321
0.000149657
0.000150071
0.000150537
0.000151025
0.0001515
0.000151928
0.000152272
0.000152498
0.000152575
0.000152484
0.000152213
0.000151761
0.000151141
0.000150372
0.000149477
0.000148484
0.000147418
0.000146298
0.000145142
0.000143963
0.000142768
0.000141577
0.00014038
0.000139241
0.000138063
0.000137155
0.000135554
0.000119091
7.4344e-05
7.34885e-05
7.13221e-05
6.83439e-05
6.50294e-05
6.49847e-05
7.81311e-05
9.76872e-05
0.000114998
0.000129977
0.000143198
0.000155032
0.000165735
0.0001755
0.000184477
0.000192791
0.000200546
0.000207836
0.000214739
0.000221328
0.000227661
0.000233787
0.000239744
0.000245561
0.000251257
0.000256843
0.000262324
0.000267697
0.000272957
0.000278095
0.000283101
0.000287961
0.000292663
0.000297195
0.000301556
0.000305756
0.000309814
0.000313718
0.000317422
0.000320931
0.000324235
0.000327327
0.000330192
0.000332822
0.000335202
0.000337322
0.000339171
0.000340737
0.000342011
0.000342984
0.000343646
0.000343991
0.000344013
0.000343708
0.000343073
0.000342108
0.000340813
0.000339195
0.000337259
0.000335017
0.00033249
0.000329726
0.000326888
0.000324571
0.000322941
0.000321286
0.000319463
0.000317464
0.000315304
0.000313003
0.00031058
0.000308055
0.000305448
0.000302779
0.000300065
0.000297322
0.000294565
0.000291806
0.000289055
0.000286319
0.000283602
0.000280905
0.000278227
0.000275562
0.000272905
0.000270245
0.000267572
0.000264873
0.000262134
0.000259344
0.000256487
0.000253554
0.000250529
0.000247417
0.000244201
0.000240917
0.000237481
0.000234474
0.000229129
0.000175874
0.000225359
0.000262028
0.000258888
0.000240754
0.000240106
0.000262053
0.000297294
0.000338044
0.000382919
0.000432697
0.000487436
0.00054656
0.000609029
0.000673543
0.000738741
0.000803406
0.000866602
0.000927745
0.000986598
0.00104321
0.00109784
0.00115086
0.0012027
0.00125377
0.00130442
0.00135496
0.00140561
0.00145648
0.00150764
0.00155909
0.00161072
0.00166235
0.00171364
0.00176409
0.00181295
0.00185926
0.00190227
0.00194278
0.00198217
0.00202052
0.00205773
0.0020937
0.00212831
0.00216142
0.00219291
0.00222265
0.00225051
0.00227639
0.00230016
0.00232171
0.00234095
0.00235779
0.00237214
0.00238394
0.00239314
0.0023997
0.00240361
0.00240488
0.00240352
0.00239957
0.00239303
0.00238385
0.00237162
0.00235526
0.00233483
0.00231163
0.00228643
0.00225965
0.00223155
0.00220237
0.00217233
0.00214161
0.00211041
0.0020789
0.00204724
0.00201555
0.00198394
0.00195249
0.00192126
0.00189024
0.00185942
0.00182875
0.00179812
0.00176741
0.00173645
0.00170506
0.00167301
0.00164009
0.00160601
0.0015706
0.00153349
0.00149471
0.0014536
0.00141092
0.00136496
0.00131877
0.00126686
0.00122202
0.00114252
0.00019942
0.000270558
0.000370034
0.00039723
0.000401887
0.000422347
0.000466555
0.000527805
0.000601918
0.000687721
0.000783874
0.000887901
0.000996616
0.00110676
0.00121555
0.00132092
0.00142161
0.00151706
0.00160725
0.00169251
0.00177342
0.00185064
0.00192485
0.00199666
0.0020666
0.0021351
0.00220247
0.00226891
0.00233452
0.00239933
0.0024633
0.00252632
0.00258827
0.00264897
0.00270829
0.00276614
0.00282264
0.00287792
0.0029314
0.0029831
0.0030329
0.00308067
0.00312623
0.00316944
0.00321013
0.00324818
0.00328345
0.00331582
0.00334519
0.00337145
0.00339453
0.00341437
0.00343091
0.00344414
0.00345405
0.00346063
0.00346395
0.00346404
0.00346099
0.0034549
0.00344589
0.00343406
0.00341952
0.00340226
0.00338215
0.00335926
0.00333397
0.00330666
0.00327764
0.00324714
0.00321535
0.00318243
0.00314854
0.00311378
0.00307826
0.00304205
0.00300522
0.00296778
0.00292974
0.00289109
0.00285176
0.00281168
0.00277071
0.00272871
0.00268549
0.00264081
0.00259442
0.00254604
0.00249539
0.00244212
0.00238602
0.00232672
0.00226419
0.00219796
0.00212862
0.00205508
0.00197981
0.00189886
0.00182373
0.00170445
4.79681e-05
0.000327634
0.000469318
0.000523204
0.000551535
0.000591836
0.000655173
0.000739081
0.000839417
0.000952351
0.00107385
0.00119974
0.00132628
0.00145057
0.00157065
0.0016854
0.00179433
0.00189743
0.00199497
0.00208741
0.00217534
0.00225937
0.00234012
0.00241814
0.00249392
0.00256784
0.00264021
0.00271122
0.00278101
0.00284962
0.00291706
0.00298327
0.00304821
0.00311178
0.00317391
0.00323455
0.00329369
0.00335106
0.00340637
0.00345948
0.00351024
0.00355848
0.00360404
0.00364678
0.00368656
0.00372323
0.0037567
0.00378685
0.00381362
0.00383693
0.00385675
0.00387307
0.00388587
0.00389521
0.00390113
0.00390371
0.00390305
0.00389931
0.00389262
0.00388317
0.00387116
0.00385679
0.00384026
0.00382175
0.0038014
0.00377937
0.00375586
0.00373107
0.0037052
0.00367839
0.00365075
0.00362236
0.00359322
0.00356334
0.00353267
0.00350114
0.00346864
0.00343504
0.00340019
0.00336391
0.003326
0.00328625
0.00324441
0.00320022
0.0031534
0.00310365
0.00305064
0.00299407
0.0029336
0.00286894
0.00279985
0.00272607
0.00264759
0.00256418
0.00247643
0.00238377
0.00228843
0.00218768
0.00209219
0.00194814
5.1139e-05
0.000371357
0.000547528
0.000629707
0.00068145
0.000739418
0.000817095
0.000914347
0.00102662
0.00114878
0.00127611
0.00140473
0.00153169
0.00165501
0.00177347
0.00188645
0.00199376
0.00209548
0.00219189
0.00228343
0.00237059
0.00245394
0.00253402
0.00261133
0.00268634
0.00275942
0.00283087
0.00290091
0.0029697
0.0030373
0.00310375
0.00316902
0.00323308
0.00329582
0.00335717
0.00341701
0.00347515
0.00353133
0.00358534
0.00363698
0.00368607
0.00373244
0.00377591
0.00381632
0.00385353
0.00388741
0.00391785
0.00394474
0.00396803
0.00398768
0.00400367
0.00401601
0.00402476
0.00402999
0.00403182
0.00403039
0.00402588
0.0040185
0.00400848
0.00399609
0.00398161
0.00396532
0.00394752
0.00392849
0.00390848
0.00388773
0.00386645
0.00384481
0.00382297
0.003801
0.00377896
0.0037568
0.00373446
0.00371178
0.00368859
0.00366464
0.00363967
0.00361336
0.00358539
0.0035554
0.00352302
0.00348788
0.0034496
0.00340777
0.00336201
0.00331192
0.00325713
0.00319727
0.003132
0.00306104
0.00298416
0.0029012
0.00281223
0.00271721
0.00261681
0.00251088
0.00240162
0.00228717
0.00217822
0.00201782
5.30526e-05
0.000393253
0.000600576
0.000710346
0.000784307
0.000857375
0.000943968
0.00104571
0.00115891
0.00127885
0.00140136
0.00152324
0.00164222
0.0017569
0.00186648
0.00197065
0.00206941
0.00216299
0.00225176
0.00233619
0.00241681
0.00249415
0.00256873
0.00264104
0.00271151
0.00278047
0.00284821
0.00291493
0.00298076
0.00304575
0.00310991
0.00317319
0.00323549
0.0032967
0.00335661
0.00341506
0.0034718
0.00352657
0.00357913
0.00362924
0.0036767
0.00372129
0.00376282
0.00380111
0.003836
0.00386735
0.00389503
0.00391896
0.00393907
0.00395535
0.00396779
0.00397644
0.00398139
0.00398276
0.00398073
0.00397548
0.00396728
0.00395641
0.00394318
0.00392795
0.00391107
0.00389293
0.0038739
0.00385435
0.00383462
0.00381502
0.0037958
0.00377717
0.00375926
0.00374215
0.0037258
0.00371015
0.00369499
0.0036801
0.00366513
0.00364972
0.00363341
0.00361574
0.0035962
0.00357426
0.00354939
0.00352103
0.00348866
0.00345175
0.00340979
0.00336229
0.00330879
0.00324889
0.00318223
0.00310852
0.00302758
0.00293931
0.00284387
0.0027414
0.00263268
0.00251794
0.00239944
0.002276
0.00215885
0.00198846
5.39845e-05
0.000401844
0.000632679
0.000765622
0.000858116
0.000942505
0.00103308
0.00113287
0.00123965
0.00134984
0.00146012
0.00156801
0.00167191
0.00177096
0.00186487
0.00195375
0.00203794
0.00211794
0.00219429
0.00226757
0.00233832
0.00240705
0.00247422
0.00254023
0.00260539
0.00266995
0.00273409
0.00279791
0.00286142
0.00292461
0.0029874
0.00304964
0.00311114
0.00317166
0.00323099
0.00328887
0.00334504
0.00339921
0.00345107
0.00350037
0.00354686
0.0035903
0.00363048
0.00366719
0.00370025
0.00372952
0.00375488
0.00377624
0.00379354
0.00380678
0.00381599
0.00382124
0.00382265
0.0038204
0.00381471
0.00380585
0.00379413
0.00377991
0.00376359
0.0037456
0.0037264
0.00370644
0.00368619
0.0036661
0.00364658
0.00362802
0.00361072
0.00359491
0.00358076
0.00356832
0.00355754
0.00354828
0.00354028
0.0035332
0.0035266
0.00351996
0.00351269
0.00350417
0.00349373
0.00348066
0.00346427
0.00344385
0.00341874
0.00338825
0.00335178
0.00330873
0.00325857
0.00320084
0.00313517
0.00306126
0.00297898
0.0028883
0.00278946
0.00268278
0.00256918
0.00244923
0.00232533
0.00219691
0.00207596
0.00190155
5.4147e-05
0.000399734
0.000647169
0.000797071
0.000902049
0.000991982
0.00108061
0.00117186
0.00126493
0.00135754
0.00144757
0.00153358
0.00161494
0.00169168
0.00176423
0.00183327
0.00189954
0.00196379
0.00202663
0.0020886
0.00215013
0.00221154
0.00227308
0.00233491
0.00239711
0.00245973
0.00252274
0.00258606
0.00264956
0.00271309
0.00277644
0.00283932
0.00290146
0.00296262
0.00302252
0.00308087
0.00313735
0.00319164
0.00324345
0.00329246
0.00333842
0.00338106
0.00342017
0.00345553
0.00348697
0.00351434
0.00353751
0.00355642
0.00357103
0.00358134
0.00358742
0.00358938
0.00358737
0.00358163
0.00357243
0.0035601
0.00354501
0.00352761
0.00350837
0.00348779
0.00346641
0.00344478
0.00342345
0.00340292
0.0033837
0.00336622
0.00335083
0.00333781
0.00332734
0.00331945
0.0033141
0.00331109
0.00331011
0.00331072
0.0033124
0.00331449
0.00331629
0.00331703
0.00331588
0.003312
0.00330454
0.00329265
0.00327551
0.00325234
0.00322239
0.00318498
0.00313953
0.00308551
0.00302253
0.00295031
0.00286874
0.00277787
0.00267806
0.00256979
0.00245415
0.00233208
0.00220619
0.00207649
0.00195568
0.00178341
5.40324e-05
0.000395415
0.000648776
0.000804848
0.000911479
0.000996421
0.00107285
0.00114538
0.00121467
0.00128016
0.00134149
0.00139885
0.00145295
0.00150483
0.00155558
0.00160619
0.00165746
0.00170996
0.00176402
0.00181981
0.00187735
0.00193658
0.00199736
0.00205951
0.00212284
0.00218712
0.00225213
0.00231761
0.00238333
0.00244897
0.0025142
0.00257878
0.00264242
0.00270484
0.00276574
0.0028248
0.0028817
0.00293613
0.00298777
0.00303632
0.00308152
0.00312312
0.00316088
0.00319461
0.00322413
0.00324932
0.00327005
0.00328629
0.00329801
0.00330524
0.00330809
0.00330669
0.00330125
0.00329205
0.0032794
0.00326371
0.00324541
0.00322502
0.00320307
0.00318015
0.00315687
0.00313384
0.00311169
0.00309099
0.0030723
0.0030561
0.00304278
0.00303266
0.0030259
0.00302257
0.00302258
0.0030257
0.00303157
0.00303969
0.00304943
0.00306006
0.00307075
0.00308061
0.00308869
0.003094
0.00309556
0.00309239
0.00308355
0.00306813
0.0030453
0.00301428
0.00297443
0.00292517
0.00286611
0.00279697
0.0027177
0.00262844
0.00252965
0.00242203
0.00230687
0.00218549
0.00206076
0.00193336
0.00181646
0.00165287
5.36667e-05
0.000384518
0.000633406
0.000779315
0.000869401
0.000931693
0.000980116
0.0010208
0.0010566
0.00108931
0.00112056
0.00115191
0.00118476
0.00122022
0.0012591
0.0013018
0.00134846
0.00139895
0.00145301
0.00151027
0.00157028
0.00163261
0.00169683
0.00176252
0.00182933
0.00189689
0.00196491
0.00203304
0.00210094
0.00216836
0.00223505
0.00230073
0.00236512
0.00242793
0.00248888
0.00254765
0.00260395
0.00265748
0.00270793
0.00275503
0.00279852
0.00283816
0.00287372
0.00290503
0.00293193
0.00295429
0.00297202
0.00298509
0.00299351
0.00299734
0.0029967
0.00299177
0.00298281
0.00297012
0.0029541
0.00293518
0.00291388
0.00289075
0.00286641
0.00284151
0.00281671
0.0027927
0.00277015
0.0027497
0.00273193
0.00271737
0.00270642
0.00269942
0.00269653
0.00269781
0.00270315
0.00271229
0.00272482
0.00274018
0.00275768
0.00277651
0.00279574
0.00281438
0.00283137
0.00284562
0.00285602
0.00286149
0.00286096
0.00285343
0.00283797
0.00281375
0.00278004
0.00273627
0.00268201
0.00261702
0.00254132
0.00245514
0.0023591
0.00225412
0.00214175
0.00202372
0.00190325
0.00178175
0.00167245
0.00152426
5.34528e-05
0.000374586
0.000592554
0.000697408
0.000743373
0.000762578
0.000771678
0.000778908
0.000788542
0.000802747
0.000822531
0.000848231
0.000879801
0.000916983
0.000959393
0.00100657
0.001058
0.00111315
0.0011715
0.00123255
0.0012958
0.00136078
0.00142709
0.00149436
0.00156222
0.00163034
0.00169845
0.00176629
0.00183361
0.00190016
0.00196569
0.00202992
0.00209261
0.00215348
0.00221225
0.00226865
0.00232239
0.00237318
0.00242076
0.00246484
0.00250518
0.00254154
0.00257373
0.00260156
0.00262489
0.00264359
0.00265762
0.00266693
0.00267157
0.00267163
0.00266724
0.00265864
0.00264611
0.00263
0.00261074
0.00258884
0.00256486
0.0025394
0.00251315
0.0024868
0.00246107
0.00243668
0.00241436
0.00239475
0.00237848
0.00236606
0.00235792
0.00235437
0.00235557
0.00236155
0.00237218
0.00238717
0.00240607
0.00242829
0.00245308
0.00247958
0.00250679
0.00253365
0.00255902
0.0025817
0.00260051
0.00261425
0.00262177
0.00262199
0.0026139
0.0025966
0.00256933
0.00253149
0.00248267
0.00242267
0.00235158
0.00226977
0.00217804
0.00207756
0.00197018
0.00185813
0.00174499
0.001633
0.00153497
0.00140844
5.33171e-05
0.000348031
0.000494078
0.000522264
0.000511754
0.000498804
0.000496084
0.000505612
0.000525779
0.000554199
0.00058878
0.000627997
0.000670841
0.000716683
0.000765139
0.000815958
0.000868917
0.000923831
0.000980532
0.00103885
0.00109853
0.00115935
0.00122109
0.00128351
0.00134639
0.00140952
0.00147263
0.00153549
0.00159784
0.00165944
0.00172004
0.00177936
0.00183716
0.00189316
0.00194709
0.00199866
0.00204761
0.00209364
0.00213649
0.00217589
0.00221159
0.00224335
0.00227097
0.00229429
0.00231315
0.00232745
0.00233714
0.00234221
0.00234271
0.00233875
0.00233051
0.00231824
0.00230225
0.00228296
0.00226084
0.00223642
0.00221032
0.00218321
0.00215579
0.0021288
0.002103
0.00207914
0.00205793
0.00204003
0.00202605
0.00201648
0.00201172
0.00201205
0.00201758
0.00202832
0.0020441
0.00206463
0.00208942
0.00211788
0.00214923
0.00218259
0.00221693
0.00225115
0.00228404
0.00231437
0.00234086
0.00236224
0.00237731
0.00238488
0.00238391
0.00237343
0.00235267
0.00232101
0.00227806
0.0022237
0.0021581
0.00208182
0.00199584
0.00190165
0.00180146
0.00169798
0.00159524
0.00149623
0.00141283
0.0013128
5.34562e-05
0.00029075
0.000309049
0.000290946
0.000290178
0.00031128
0.000346616
0.000388948
0.000433719
0.000478667
0.000522923
0.000566385
0.000609315
0.000652102
0.000695143
0.000738782
0.00078323
0.000828681
0.000875274
0.000923081
0.000972098
0.00102229
0.00107356
0.00112575
0.00117868
0.00123214
0.00128592
0.00133977
0.00139344
0.00144668
0.0014992
0.00155075
0.00160104
0.00164978
0.00169669
0.00174148
0.00178385
0.00182351
0.00186019
0.00189361
0.00192351
0.00194966
0.00197186
0.00198992
0.00200371
0.00201313
0.00201815
0.00201876
0.00201503
0.0020071
0.00199518
0.00197955
0.00196056
0.00193867
0.00191438
0.00188829
0.00186105
0.00183336
0.00180596
0.00177961
0.00175506
0.00173305
0.00171426
0.00169931
0.00168873
0.00168295
0.00168229
0.00168695
0.001697
0.0017124
0.00173297
0.00175839
0.00178822
0.00182188
0.00185862
0.00189759
0.00193777
0.00197805
0.00201723
0.00205402
0.00208711
0.00211519
0.00213698
0.00215125
0.00215689
0.00215292
0.00213852
0.00211311
0.00207632
0.00202811
0.00196879
0.00189909
0.00182025
0.00173409
0.00164322
0.00155084
0.00146138
0.00137837
0.00131216
0.00124075
5.48912e-05
0.000168462
0.000174649
0.000215999
0.000271579
0.000329303
0.000383149
0.00043101
0.000473057
0.000510589
0.000545028
0.000577574
0.00060914
0.000640395
0.00067182
0.00070376
0.000736462
0.000770121
0.000804867
0.000840778
0.000877885
0.000916194
0.000955668
0.000996232
0.00103776
0.00108011
0.00112307
0.00116643
0.00120996
0.0012534
0.00129649
0.00133894
0.00138048
0.00142081
0.00145962
0.00149661
0.0015315
0.00156397
0.00159374
0.00162053
0.00164409
0.00166417
0.00168058
0.00169313
0.00170171
0.00170622
0.00170664
0.00170299
0.00169538
0.00168396
0.00166899
0.00165078
0.00162974
0.00160635
0.00158119
0.00155488
0.00152811
0.00150161
0.00147612
0.00145238
0.00143109
0.00141292
0.00139844
0.00138816
0.00138245
0.00138162
0.00138584
0.0013952
0.00140971
0.00142929
0.00145376
0.00148285
0.00151621
0.00155334
0.0015936
0.00163623
0.0016803
0.00172475
0.0017684
0.00180997
0.00184815
0.00188157
0.00190891
0.0019289
0.00194039
0.00194236
0.001934
0.00191473
0.00188424
0.00184258
0.00179021
0.00172807
0.00165768
0.00158122
0.00150166
0.00142264
0.00134877
0.00128376
0.00123578
0.00119158
0.000194078
0.000112355
0.000210856
0.000289872
0.00034898
0.000393318
0.000428055
0.00045704
0.000482789
0.000506839
0.000530067
0.000553008
0.000576013
0.000599314
0.00062306
0.000647351
0.000672256
0.000697845
0.000724196
0.00075139
0.000779498
0.000808566
0.000838611
0.000869613
0.000901505
0.000934186
0.000967518
0.00100134
0.00103545
0.00106964
0.00110368
0.00113732
0.00117029
0.00120231
0.00123309
0.00126234
0.00128976
0.00131507
0.00133798
0.00135823
0.00137556
0.00138974
0.0014006
0.00140796
0.00141174
0.00141185
0.00140832
0.0014012
0.00139063
0.00137683
0.0013601
0.00134081
0.00131944
0.00129651
0.00127266
0.00124855
0.00122489
0.00120238
0.00118172
0.00116356
0.00114848
0.00113694
0.00112931
0.00112586
0.00112672
0.00113196
0.0011416
0.00115559
0.00117387
0.00119637
0.00122298
0.00125358
0.00128797
0.00132585
0.00136679
0.0014102
0.00145533
0.00150123
0.00154682
0.00159085
0.00163201
0.00166893
0.00170023
0.00172462
0.00174089
0.001748
0.00174513
0.00173171
0.0017075
0.00167266
0.00162781
0.00157409
0.00151332
0.00144799
0.00138139
0.00131734
0.00126035
0.00121368
0.00118293
0.00116114
)
;

boundaryField
{
    outlet
    {
        type            calculated;
        value           nonuniform List<scalar> 
55
(
0.00114445
0.0011347
0.00112728
0.00112036
0.00111275
0.00110394
0.00109411
0.00108379
0.00107367
0.0010643
0.00105605
0.00104904
0.00104318
0.00103831
0.00103416
0.00103049
0.00102706
0.00102364
0.00102007
0.00101617
0.00101183
0.00100694
0.00100141
0.000995161
0.000988047
0.000979717
0.000969221
0.000954206
0.000929383
0.000884185
0.000802073
0.000675821
0.00055393
0.000520644
0.000579911
0.000663745
0.000711537
0.000680132
0.000515134
0.000135554
0.000229129
0.00114252
0.00170445
0.00194814
0.00201782
0.00198846
0.00190155
0.00178341
0.00165287
0.00152426
0.00140844
0.0013128
0.00124075
0.00119158
0.00116114
)
;
    }
    inlet
    {
        type            calculated;
        value           uniform 0.00101695;
    }
    lowerWall
    {
        type            nutkWallFunction;
        Cmu             0.09;
        kappa           0.41;
        E               9.8;
        value           nonuniform List<scalar> 
148
(
0
0
0
0
0
0
0
0
0
0
0
0
0
0
0
0
0
0
0
0
0
0
0
0
0
0
0
0
0
0
0
0
0
0
0
0
1.21575e-07
6.46633e-07
9.6115e-07
1.11367e-06
1.1402e-06
1.12144e-06
1.06157e-06
1.0265e-06
1.00413e-06
1.02668e-06
1.26082e-06
0
0
4.35809e-06
4.22517e-06
3.88669e-06
3.41865e-06
2.89363e-06
2.88529e-06
4.94682e-06
7.925e-06
1.04896e-05
1.26649e-05
1.45558e-05
1.6228e-05
1.77255e-05
1.90803e-05
2.03168e-05
2.14547e-05
2.25103e-05
2.34974e-05
2.44281e-05
2.53126e-05
2.61595e-05
2.69757e-05
2.77668e-05
2.85369e-05
2.92886e-05
3.00238e-05
3.07431e-05
3.14464e-05
3.21332e-05
3.28025e-05
3.34529e-05
3.40831e-05
3.46915e-05
3.52769e-05
3.58391e-05
3.63796e-05
3.69009e-05
3.74016e-05
3.7876e-05
3.83248e-05
3.87469e-05
3.91412e-05
3.95064e-05
3.9841e-05
4.01436e-05
4.04129e-05
4.06476e-05
4.08462e-05
4.10076e-05
4.11306e-05
4.12143e-05
4.12578e-05
4.12603e-05
4.12212e-05
4.11403e-05
4.10175e-05
4.08529e-05
4.0647e-05
4.04007e-05
4.01154e-05
3.97935e-05
3.94412e-05
3.90796e-05
3.87858e-05
3.85779e-05
3.83662e-05
3.81327e-05
3.78765e-05
3.75996e-05
3.73043e-05
3.69931e-05
3.66686e-05
3.63332e-05
3.59895e-05
3.56396e-05
3.52856e-05
3.49295e-05
3.45727e-05
3.42165e-05
3.38617e-05
3.35089e-05
3.31583e-05
3.28095e-05
3.2462e-05
3.21148e-05
3.17668e-05
3.14163e-05
3.10619e-05
3.07016e-05
3.03339e-05
2.99566e-05
2.95687e-05
2.9168e-05
2.8755e-05
2.83274e-05
2.78901e-05
2.74319e-05
2.70301e-05
2.6315e-05
)
;
    }
    upperWall
    {
        type            nutkWallFunction;
        Cmu             0.09;
        kappa           0.41;
        E               9.8;
        value           nonuniform List<scalar> 
133
(
1.19999e-05
1.24864e-05
1.29535e-05
1.33991e-05
1.38234e-05
1.42272e-05
1.46114e-05
1.49769e-05
1.53243e-05
1.56544e-05
1.59679e-05
1.62656e-05
1.65481e-05
1.68161e-05
1.70703e-05
1.73113e-05
1.75396e-05
1.7756e-05
1.7961e-05
1.81551e-05
1.83389e-05
1.85129e-05
1.86776e-05
1.88335e-05
1.8981e-05
1.91205e-05
1.92526e-05
1.93774e-05
1.94955e-05
1.96072e-05
1.97129e-05
1.98128e-05
1.99073e-05
2.0011e-05
2.01242e-05
2.02333e-05
2.03382e-05
2.04389e-05
2.05351e-05
2.06269e-05
2.07141e-05
2.07968e-05
2.08747e-05
2.09479e-05
2.10163e-05
2.10797e-05
2.11382e-05
2.11916e-05
2.12399e-05
2.1283e-05
2.13207e-05
2.13531e-05
2.13799e-05
2.14012e-05
2.14168e-05
2.14265e-05
2.14303e-05
2.1428e-05
2.14196e-05
2.14047e-05
2.13833e-05
2.13552e-05
2.13203e-05
2.12782e-05
2.12289e-05
2.11721e-05
2.11076e-05
2.10352e-05
2.09545e-05
2.08655e-05
2.07679e-05
2.06614e-05
2.05459e-05
2.04211e-05
2.02868e-05
2.01431e-05
1.99897e-05
1.98266e-05
1.96539e-05
1.94717e-05
1.92803e-05
1.908e-05
1.88713e-05
1.8655e-05
1.8432e-05
1.82032e-05
1.79701e-05
1.77342e-05
1.74974e-05
1.72616e-05
1.70292e-05
1.68025e-05
1.65843e-05
1.63771e-05
1.61836e-05
1.60063e-05
1.58474e-05
1.5709e-05
1.55925e-05
1.5499e-05
1.5429e-05
1.53822e-05
1.53579e-05
1.5355e-05
1.53716e-05
1.54054e-05
1.54536e-05
1.55129e-05
1.55795e-05
1.56491e-05
1.57169e-05
1.57777e-05
1.58264e-05
1.58581e-05
1.58687e-05
1.58553e-05
1.58162e-05
1.57517e-05
1.56634e-05
1.55539e-05
1.54267e-05
1.52857e-05
1.51342e-05
1.49752e-05
1.4811e-05
1.46435e-05
1.44735e-05
1.43041e-05
1.41339e-05
1.39718e-05
1.38042e-05
1.3675e-05
1.3447e-05
)
;
    }
    frontAndBack
    {
        type            empty;
    }
}


// ************************************************************************* //
