/*--------------------------------*- C++ -*----------------------------------*\
  =========                 |
  \\      /  F ield         | OpenFOAM: The Open Source CFD Toolbox
   \\    /   O peration     | Website:  https://openfoam.org
    \\  /    A nd           | Version:  10
     \\/     M anipulation  |
\*---------------------------------------------------------------------------*/
FoamFile
{
    format      ascii;
    class       volScalarField;
    location    "0.165";
    object      nut;
}
// * * * * * * * * * * * * * * * * * * * * * * * * * * * * * * * * * * * * * //

dimensions      [0 2 -1 0 0 0 0];

internalField   nonuniform List<scalar> 
6820
(
0.000503209
0.000397066
0.000324483
0.000269312
0.000236414
0.000213996
0.000197345
0.000184593
0.000174276
0.0001656
0.000158115
0.000151527
0.000145639
0.000140313
0.000135446
0.00013096
0.000126797
0.000122909
0.000119258
0.000115813
0.000112548
0.00010944
0.00010647
0.00010362
0.000100876
9.8223e-05
9.56468e-05
9.31419e-05
9.0678e-05
8.83064e-05
8.58708e-05
8.36857e-05
8.05807e-05
8.18531e-05
0.000143728
0.000196421
0.000210837
0.000206409
0.000197547
0.000187287
0.000177385
0.00016843
0.000160407
0.000153212
0.00014673
0.000140849
0.000135482
0.000130555
0.000126008
0.000121791
0.000117863
0.000114188
0.000110737
0.000107484
0.000104408
0.000101491
9.87163e-05
9.60709e-05
9.35422e-05
9.11209e-05
8.87926e-05
8.65599e-05
8.43739e-05
8.23043e-05
8.00985e-05
7.83547e-05
3.85893e-05
2.73899e-05
4.30521e-05
7.44754e-05
9.58861e-05
0.000109249
0.000116497
0.000119797
0.000120728
0.000120191
0.000118748
0.000116749
0.000114415
0.00011189
0.000109267
0.000106607
0.000103951
0.000101326
9.87486e-05
9.62313e-05
9.37806e-05
9.14006e-05
8.9093e-05
8.68586e-05
8.4697e-05
8.26071e-05
8.05872e-05
7.86351e-05
7.67476e-05
7.4914e-05
7.31319e-05
7.13305e-05
6.96271e-05
1.99671e-05
2.35256e-05
2.20659e-05
1.27812e-05
2.90762e-06
1.24266e-05
2.29503e-05
3.16055e-05
3.85767e-05
4.41169e-05
4.84676e-05
5.18432e-05
5.44181e-05
5.63306e-05
5.77011e-05
5.8628e-05
5.91921e-05
5.94597e-05
5.94857e-05
5.93151e-05
5.89854e-05
5.85275e-05
5.79674e-05
5.73267e-05
5.66237e-05
5.58738e-05
5.50901e-05
5.42832e-05
5.34627e-05
5.26341e-05
5.18055e-05
5.09899e-05
5.02396e-05
1.32447e-05
1.50803e-05
1.99311e-05
2.2026e-05
2.1473e-05
1.95267e-05
1.68963e-05
1.39494e-05
1.09027e-05
7.88525e-06
4.98069e-06
2.26197e-06
6.57158e-07
2.77294e-06
4.88218e-06
6.79307e-06
8.50334e-06
1.00222e-05
1.13625e-05
1.25384e-05
1.35644e-05
1.44549e-05
1.52243e-05
1.58859e-05
1.64528e-05
1.69372e-05
1.73507e-05
1.77045e-05
1.80092e-05
1.82769e-05
1.85202e-05
1.87704e-05
1.90599e-05
1.01914e-05
1.10203e-05
1.18479e-05
1.26511e-05
1.32888e-05
1.38332e-05
1.42291e-05
1.44422e-05
1.44848e-05
1.43791e-05
1.4147e-05
1.38115e-05
1.33943e-05
1.29099e-05
1.23772e-05
1.18118e-05
1.12271e-05
1.06339e-05
1.0041e-05
9.45514e-06
8.88115e-06
8.32248e-06
7.78126e-06
7.25852e-06
6.75434e-06
6.26809e-06
5.79817e-06
5.34262e-06
4.89741e-06
4.45756e-06
4.01279e-06
3.54064e-06
3.01936e-06
7.53619e-06
8.25267e-06
8.67927e-06
8.9162e-06
8.81572e-06
8.61539e-06
8.45818e-06
8.37484e-06
8.35852e-06
8.38447e-06
8.42559e-06
8.46318e-06
8.48769e-06
8.49713e-06
8.48836e-06
8.46015e-06
8.41281e-06
8.34738e-06
8.2653e-06
8.16815e-06
8.05755e-06
7.93505e-06
7.80208e-06
7.65994e-06
7.50967e-06
7.35214e-06
7.18777e-06
7.01674e-06
6.83791e-06
6.64962e-06
6.44691e-06
6.225e-06
5.97304e-06
5.75395e-06
6.61516e-06
7.01447e-06
7.12808e-06
6.8784e-06
6.51976e-06
6.19293e-06
5.92224e-06
5.70607e-06
5.53519e-06
5.39744e-06
5.28311e-06
5.18502e-06
5.09782e-06
5.01799e-06
4.94308e-06
4.87107e-06
4.80029e-06
4.72945e-06
4.65755e-06
4.58385e-06
4.50781e-06
4.42898e-06
4.34704e-06
4.26164e-06
4.17246e-06
4.07899e-06
3.98061e-06
3.87598e-06
3.76368e-06
3.64049e-06
3.5065e-06
3.3536e-06
4.48022e-06
5.25355e-06
5.55301e-06
5.70825e-06
5.62832e-06
5.42262e-06
5.18154e-06
4.93934e-06
4.71536e-06
4.51755e-06
4.34422e-06
4.19102e-06
4.05395e-06
3.92971e-06
3.81562e-06
3.70952e-06
3.60966e-06
3.51468e-06
3.42351e-06
3.33525e-06
3.24913e-06
3.16446e-06
3.08059e-06
2.99691e-06
2.9128e-06
2.82761e-06
2.74058e-06
2.65087e-06
2.55731e-06
2.45895e-06
2.35417e-06
2.24532e-06
2.12864e-06
3.55154e-06
4.2448e-06
4.52841e-06
4.69337e-06
4.66126e-06
4.50263e-06
4.30496e-06
4.10688e-06
3.92491e-06
3.76371e-06
3.62077e-06
3.49229e-06
3.37526e-06
3.2673e-06
3.16657e-06
3.07171e-06
2.9817e-06
2.89568e-06
2.81292e-06
2.73277e-06
2.65463e-06
2.57795e-06
2.50222e-06
2.42697e-06
2.3517e-06
2.27593e-06
2.19915e-06
2.1209e-06
2.04068e-06
1.95855e-06
1.87456e-06
1.79284e-06
1.71237e-06
2.8616e-06
3.4684e-06
3.73266e-06
3.88514e-06
3.88843e-06
3.78653e-06
3.6432e-06
3.48854e-06
3.33703e-06
3.1959e-06
3.06677e-06
2.94893e-06
2.84117e-06
2.74207e-06
2.65028e-06
2.56461e-06
2.48402e-06
2.40759e-06
2.33456e-06
2.26426e-06
2.19612e-06
2.12966e-06
2.06443e-06
2.00006e-06
1.9362e-06
1.8726e-06
1.80906e-06
1.74557e-06
1.68233e-06
1.62035e-06
1.56093e-06
1.50911e-06
1.4654e-06
2.33563e-06
2.8618e-06
3.12289e-06
3.27939e-06
3.31452e-06
3.25105e-06
3.13798e-06
3.00573e-06
2.87137e-06
2.74409e-06
2.62685e-06
2.51964e-06
2.42157e-06
2.33147e-06
2.24814e-06
2.17053e-06
2.09774e-06
2.02902e-06
1.96373e-06
1.90131e-06
1.84129e-06
1.78328e-06
1.72696e-06
1.67205e-06
1.61841e-06
1.56599e-06
1.51493e-06
1.46564e-06
1.41891e-06
1.37636e-06
1.34002e-06
1.31492e-06
1.3019e-06
1.92498e-06
2.38281e-06
2.64438e-06
2.80357e-06
2.85831e-06
2.82451e-06
2.74107e-06
2.63541e-06
2.5231e-06
2.41273e-06
2.30798e-06
2.21005e-06
2.11911e-06
2.03483e-06
1.95663e-06
1.8839e-06
1.81599e-06
1.75232e-06
1.69237e-06
1.63566e-06
1.5818e-06
1.53048e-06
1.48146e-06
1.43463e-06
1.39e-06
1.34772e-06
1.30821e-06
1.2722e-06
1.24082e-06
1.21594e-06
1.19968e-06
1.19631e-06
1.20621e-06
1.59685e-06
1.99936e-06
2.26305e-06
2.42902e-06
2.50214e-06
2.49442e-06
2.43562e-06
2.35008e-06
2.2531e-06
2.15407e-06
2.05793e-06
1.96695e-06
1.88199e-06
1.80315e-06
1.73011e-06
1.66241e-06
1.59954e-06
1.541e-06
1.48635e-06
1.43523e-06
1.38733e-06
1.34244e-06
1.30045e-06
1.26136e-06
1.22531e-06
1.19267e-06
1.16398e-06
1.14014e-06
1.12234e-06
1.11234e-06
1.11191e-06
1.12422e-06
1.14908e-06
1.3288e-06
1.68901e-06
1.95566e-06
2.12998e-06
2.21785e-06
2.23035e-06
2.19161e-06
2.12379e-06
2.04179e-06
1.95493e-06
1.86849e-06
1.78522e-06
1.70645e-06
1.63271e-06
1.56404e-06
1.50031e-06
1.44123e-06
1.38652e-06
1.33588e-06
1.28908e-06
1.24591e-06
1.20627e-06
1.17014e-06
1.13762e-06
1.10895e-06
1.08455e-06
1.06502e-06
1.05122e-06
1.04421e-06
1.04539e-06
1.05599e-06
1.07815e-06
1.11126e-06
1.10515e-06
1.43513e-06
1.70534e-06
1.88904e-06
1.99045e-06
2.0207e-06
1.99993e-06
1.94788e-06
1.87871e-06
1.80174e-06
1.72274e-06
1.64512e-06
1.57082e-06
1.5008e-06
1.4355e-06
1.37497e-06
1.31914e-06
1.26784e-06
1.22086e-06
1.17806e-06
1.1393e-06
1.10453e-06
1.0738e-06
1.04725e-06
1.02513e-06
1.00786e-06
9.95974e-07
9.90179e-07
9.91272e-07
1.00023e-06
1.01779e-06
1.04525e-06
1.08184e-06
9.14795e-07
1.22559e-06
1.50037e-06
1.69391e-06
1.8077e-06
1.8531e-06
1.84761e-06
1.80909e-06
1.7512e-06
1.6833e-06
1.61147e-06
1.53954e-06
1.46979e-06
1.40353e-06
1.34142e-06
1.28377e-06
1.23066e-06
1.18208e-06
1.13795e-06
1.09821e-06
1.06281e-06
1.03177e-06
1.00514e-06
9.8309e-07
9.65849e-07
9.5375e-07
9.47207e-07
9.46721e-07
9.5281e-07
9.66067e-07
9.86847e-07
1.01587e-06
1.05233e-06
7.49715e-07
1.05165e-06
1.33238e-06
1.53577e-06
1.66112e-06
1.72001e-06
1.7282e-06
1.70199e-06
1.65441e-06
1.59471e-06
1.52921e-06
1.46208e-06
1.39599e-06
1.33259e-06
1.27285e-06
1.2173e-06
1.16621e-06
1.11969e-06
1.07777e-06
1.04046e-06
1.00773e-06
9.79637e-07
9.56229e-07
9.37626e-07
9.23994e-07
9.15554e-07
9.12566e-07
9.15323e-07
9.24098e-07
9.39183e-07
9.60663e-07
9.88854e-07
1.02306e-06
6.04247e-07
9.07337e-07
1.19556e-06
1.40852e-06
1.54466e-06
1.61557e-06
1.63585e-06
1.62049e-06
1.58195e-06
1.52943e-06
1.46944e-06
1.40645e-06
1.34347e-06
1.2824e-06
1.22447e-06
1.17039e-06
1.12059e-06
1.07529e-06
1.03461e-06
9.98607e-07
9.67325e-07
9.40795e-07
9.19065e-07
9.02205e-07
8.90309e-07
8.83491e-07
8.81871e-07
8.85574e-07
8.94684e-07
9.09284e-07
9.29287e-07
9.54755e-07
9.85124e-07
4.74819e-07
7.89112e-07
1.08612e-06
1.30809e-06
1.45418e-06
1.53594e-06
1.56713e-06
1.56168e-06
1.53152e-06
1.48575e-06
1.43099e-06
1.37194e-06
1.31186e-06
1.25291e-06
1.19651e-06
1.14356e-06
1.09464e-06
1.05009e-06
1.01008e-06
9.74737e-07
9.4411e-07
9.18233e-07
8.97129e-07
8.80818e-07
8.69321e-07
8.62656e-07
8.60833e-07
8.63846e-07
8.71651e-07
8.84189e-07
9.01279e-07
9.22807e-07
9.48399e-07
3.6055e-07
6.95782e-07
1.00186e-06
1.23185e-06
1.38686e-06
1.47822e-06
1.51897e-06
1.52213e-06
1.4991e-06
1.45884e-06
1.40808e-06
1.35173e-06
1.29326e-06
1.23511e-06
1.1789e-06
1.12573e-06
1.07629e-06
1.03103e-06
9.90198e-07
9.53957e-07
9.22383e-07
8.95504e-07
8.73322e-07
8.55818e-07
8.42956e-07
8.34688e-07
8.30944e-07
8.31637e-07
8.3664e-07
8.45811e-07
8.58922e-07
8.7577e-07
8.96099e-07
2.66043e-07
6.28489e-07
9.42023e-07
1.17861e-06
1.34149e-06
1.44153e-06
1.4911e-06
1.50243e-06
1.48643e-06
1.45188e-06
1.40554e-06
1.35243e-06
1.29621e-06
1.23946e-06
1.18396e-06
1.13092e-06
1.08115e-06
1.03516e-06
9.93284e-07
9.55708e-07
9.22534e-07
8.93802e-07
8.69509e-07
8.49619e-07
8.34074e-07
8.22793e-07
8.15674e-07
8.1259e-07
8.13385e-07
8.17884e-07
8.25858e-07
8.37045e-07
8.51377e-07
2.08566e-07
5.90123e-07
9.06759e-07
1.14772e-06
1.3168e-06
1.42389e-06
1.48043e-06
1.49791e-06
1.48674e-06
1.45558e-06
1.41123e-06
1.35888e-06
1.3024e-06
1.24456e-06
1.18735e-06
1.13212e-06
1.0798e-06
1.031e-06
9.86098e-07
9.45313e-07
9.08764e-07
8.76493e-07
8.4849e-07
8.24709e-07
8.05076e-07
7.89498e-07
7.77858e-07
7.70024e-07
7.65837e-07
7.65124e-07
7.67673e-07
7.73226e-07
7.8178e-07
2.16781e-07
5.84185e-07
8.97312e-07
1.14039e-06
1.31477e-06
1.42874e-06
1.49273e-06
1.51744e-06
1.51275e-06
1.487e-06
1.44687e-06
1.39756e-06
1.34298e-06
1.28598e-06
1.22866e-06
1.17247e-06
1.11844e-06
1.06724e-06
1.01933e-06
9.74994e-07
9.34389e-07
8.97597e-07
8.64642e-07
8.35507e-07
8.10148e-07
7.885e-07
7.70482e-07
7.56e-07
7.4494e-07
7.37173e-07
7.32553e-07
7.30842e-07
7.32209e-07
2.89196e-07
6.12647e-07
9.14484e-07
1.15612e-06
1.33279e-06
1.45022e-06
1.51756e-06
1.54478e-06
1.54141e-06
1.51576e-06
1.47464e-06
1.4234e-06
1.36615e-06
1.30593e-06
1.24496e-06
1.18478e-06
1.12647e-06
1.07076e-06
1.01809e-06
9.68751e-07
9.22897e-07
8.80599e-07
8.41874e-07
8.06706e-07
7.75064e-07
7.46908e-07
7.22195e-07
7.00882e-07
6.8292e-07
6.68255e-07
6.56822e-07
6.48479e-07
6.43417e-07
3.99436e-07
6.75538e-07
9.61169e-07
1.20052e-06
1.38099e-06
1.50525e-06
1.58077e-06
1.61636e-06
1.62071e-06
1.60152e-06
1.56531e-06
1.51731e-06
1.46164e-06
1.40145e-06
1.3391e-06
1.27631e-06
1.21431e-06
1.15398e-06
1.09589e-06
1.04043e-06
9.87823e-07
9.38211e-07
8.91655e-07
8.4818e-07
8.07793e-07
7.70495e-07
7.36292e-07
7.05204e-07
6.7726e-07
6.525e-07
6.30978e-07
6.12667e-07
5.97932e-07
5.34059e-07
7.70962e-07
1.0362e-06
1.26765e-06
1.44433e-06
1.56552e-06
1.63757e-06
1.66909e-06
1.66893e-06
1.64505e-06
1.60413e-06
1.55153e-06
1.4914e-06
1.42686e-06
1.36019e-06
1.29304e-06
1.22656e-06
1.16152e-06
1.09845e-06
1.03767e-06
9.79364e-07
9.23644e-07
8.70552e-07
8.20103e-07
7.72308e-07
7.27183e-07
6.84765e-07
6.45121e-07
6.08355e-07
5.74608e-07
5.44057e-07
5.16878e-07
4.9345e-07
6.90918e-07
8.998e-07
1.14881e-06
1.37979e-06
1.56512e-06
1.69956e-06
1.78626e-06
1.83159e-06
1.84288e-06
1.82733e-06
1.79143e-06
1.74073e-06
1.67974e-06
1.61206e-06
1.54044e-06
1.46692e-06
1.39301e-06
1.31975e-06
1.24785e-06
1.17778e-06
1.10982e-06
1.0441e-06
9.8071e-07
9.19652e-07
8.60923e-07
8.04513e-07
7.50427e-07
6.98699e-07
6.494e-07
6.02651e-07
5.5863e-07
5.17577e-07
4.79866e-07
8.73328e-07
1.06161e-06
1.28811e-06
1.50079e-06
1.66805e-06
1.78412e-06
1.85356e-06
1.88423e-06
1.88422e-06
1.86068e-06
1.81958e-06
1.76577e-06
1.70303e-06
1.6343e-06
1.56181e-06
1.48724e-06
1.41184e-06
1.33653e-06
1.26195e-06
1.18856e-06
1.11665e-06
1.04641e-06
9.7793e-07
9.11267e-07
8.46436e-07
7.83435e-07
7.22267e-07
6.62945e-07
6.05504e-07
5.50013e-07
4.96564e-07
4.45379e-07
3.96405e-07
1.08746e-06
1.26702e-06
1.49356e-06
1.72764e-06
1.92909e-06
2.08117e-06
2.18114e-06
2.23351e-06
2.24573e-06
2.22592e-06
2.18181e-06
2.12007e-06
2.04613e-06
1.96425e-06
1.87761e-06
1.78856e-06
1.69876e-06
1.60933e-06
1.52104e-06
1.43436e-06
1.34958e-06
1.26683e-06
1.18617e-06
1.10761e-06
1.03111e-06
9.56635e-07
8.84136e-07
8.13578e-07
7.44936e-07
6.78192e-07
6.13326e-07
5.50408e-07
4.8905e-07
1.34451e-06
1.51269e-06
1.69845e-06
1.87578e-06
2.01737e-06
2.11855e-06
2.18332e-06
2.21704e-06
2.22428e-06
2.209e-06
2.17491e-06
2.12549e-06
2.06396e-06
1.9932e-06
1.91572e-06
1.83367e-06
1.74879e-06
1.66245e-06
1.57575e-06
1.48947e-06
1.40419e-06
1.32031e-06
1.2381e-06
1.15771e-06
1.07925e-06
1.00279e-06
9.28358e-07
8.56006e-07
7.85787e-07
7.17781e-07
6.52056e-07
5.88915e-07
5.2763e-07
1.65677e-06
1.84594e-06
2.09579e-06
2.38148e-06
2.63066e-06
2.80707e-06
2.90884e-06
2.94789e-06
2.93826e-06
2.89296e-06
2.82286e-06
2.73628e-06
2.63922e-06
2.53589e-06
2.42919e-06
2.32106e-06
2.21281e-06
2.10533e-06
1.99921e-06
1.89485e-06
1.79255e-06
1.69248e-06
1.59477e-06
1.49953e-06
1.4068e-06
1.31665e-06
1.22913e-06
1.14431e-06
1.06227e-06
9.83099e-07
9.069e-07
8.33837e-07
7.63536e-07
2.05466e-06
2.20127e-06
2.28911e-06
2.37953e-06
2.48172e-06
2.58785e-06
2.68565e-06
2.76342e-06
2.81292e-06
2.831e-06
2.81877e-06
2.77994e-06
2.71929e-06
2.64174e-06
2.5518e-06
2.45333e-06
2.34945e-06
2.2426e-06
2.13462e-06
2.02686e-06
1.9203e-06
1.8156e-06
1.71323e-06
1.61348e-06
1.51657e-06
1.42261e-06
1.33173e-06
1.24404e-06
1.15969e-06
1.07891e-06
1.00189e-06
9.29322e-07
8.60081e-07
2.55801e-06
2.87807e-06
3.31124e-06
3.74271e-06
4.02967e-06
4.16099e-06
4.18346e-06
4.13781e-06
4.05039e-06
3.93834e-06
3.81179e-06
3.67624e-06
3.53479e-06
3.3895e-06
3.24196e-06
3.09359e-06
2.9457e-06
2.79952e-06
2.65612e-06
2.51641e-06
2.3811e-06
2.25071e-06
2.12562e-06
2.00604e-06
1.89206e-06
1.78372e-06
1.68098e-06
1.58376e-06
1.49203e-06
1.40579e-06
1.32508e-06
1.25028e-06
1.18086e-06
3.26405e-06
3.18566e-06
2.9289e-06
2.90098e-06
3.09964e-06
3.37861e-06
3.63259e-06
3.81455e-06
3.91451e-06
3.94405e-06
3.92299e-06
3.87083e-06
3.80329e-06
3.73164e-06
3.6629e-06
3.60078e-06
3.54662e-06
3.50028e-06
3.46088e-06
3.42717e-06
3.3979e-06
3.3719e-06
3.34818e-06
3.32593e-06
3.30449e-06
3.28331e-06
3.262e-06
3.24022e-06
3.21779e-06
3.19474e-06
3.17122e-06
3.14894e-06
3.12579e-06
4.30309e-06
5.54411e-06
6.31187e-06
6.56651e-06
6.47023e-06
6.25527e-06
6.11212e-06
6.125e-06
6.30159e-06
6.60414e-06
6.97976e-06
7.38134e-06
7.77435e-06
8.13638e-06
8.45479e-06
8.72394e-06
8.94279e-06
9.11315e-06
9.23843e-06
9.32283e-06
9.37081e-06
9.38677e-06
9.37486e-06
9.33882e-06
9.28195e-06
9.20707e-06
9.11655e-06
9.01219e-06
8.89568e-06
8.76772e-06
8.63034e-06
8.48441e-06
8.3334e-06
5.63135e-06
3.58372e-06
2.77379e-06
4.63718e-06
7.35537e-06
9.92388e-06
1.21066e-05
1.38384e-05
1.51309e-05
1.60253e-05
1.65682e-05
1.68076e-05
1.67916e-05
1.65651e-05
1.61695e-05
1.56415e-05
1.5013e-05
1.43115e-05
1.35598e-05
1.27768e-05
1.19778e-05
1.11748e-05
1.03771e-05
9.59175e-06
8.82394e-06
8.07708e-06
7.3533e-06
6.65305e-06
5.97663e-06
5.32041e-06
4.68726e-06
4.06259e-06
3.46802e-06
1.14397e-05
1.65194e-05
1.82842e-05
1.97903e-05
2.02519e-05
1.94911e-05
1.77303e-05
1.5246e-05
1.24006e-05
9.7532e-06
8.22753e-06
8.74725e-06
1.09814e-05
1.39571e-05
1.70997e-05
2.01589e-05
2.30265e-05
2.56567e-05
2.8034e-05
3.01594e-05
3.2042e-05
3.36961e-05
3.51378e-05
3.63841e-05
3.74519e-05
3.83574e-05
3.91163e-05
3.97434e-05
4.0254e-05
4.06632e-05
4.09917e-05
4.12584e-05
4.15151e-05
2.48877e-05
2.86667e-05
3.90272e-05
5.34847e-05
6.77709e-05
8.1723e-05
9.46049e-05
0.00010581
0.00011529
0.000123122
0.000129411
0.00013431
0.000137989
0.00014061
0.000142327
0.000143278
0.000143583
0.000143352
0.000142676
0.000141634
0.000140294
0.000138713
0.000136938
0.00013501
0.000132961
0.000130819
0.000128605
0.000126337
0.000124032
0.000121691
0.000119333
0.000116967
0.000114809
0.000543324
0.000510575
0.00049159
0.000467878
0.000443821
0.000421438
0.000399889
0.000379239
0.000359758
0.000341465
0.000324346
0.000308389
0.000293551
0.000279769
0.000266975
0.000255096
0.000244058
0.000233788
0.000224218
0.000215282
0.000206921
0.000199081
0.000191712
0.000184769
0.000178213
0.000172007
0.000166118
0.000160518
0.000155161
0.000150055
0.000145025
0.000140646
0.000136584
7.27781e-05
6.80591e-05
6.38435e-05
6.14982e-05
6.00433e-05
5.92756e-05
5.8402e-05
5.71397e-05
5.54447e-05
5.24105e-05
4.66766e-05
3.84903e-05
3.07637e-05
2.98648e-05
3.6834e-05
4.4795e-05
4.53462e-05
4.09631e-05
4.17164e-05
4.4043e-05
4.25427e-05
3.89692e-05
3.67212e-05
3.91744e-05
3.99111e-05
3.617e-05
3.35478e-05
3.05316e-05
2.52672e-05
1.98906e-05
1.59556e-05
1.3012e-05
1.007e-05
7.01606e-06
2.28977e-06
7.78295e-06
1.95829e-05
2.4429e-05
2.19842e-05
2.01598e-05
2.00599e-05
2.1901e-05
2.42361e-05
2.40902e-05
2.1948e-05
1.94953e-05
1.73827e-05
1.55625e-05
1.40007e-05
1.27581e-05
1.19106e-05
1.14925e-05
1.13483e-05
1.14878e-05
1.28515e-05
1.6074e-05
2.47528e-05
4.03096e-05
5.1198e-05
5.0858e-05
4.27518e-05
3.27368e-05
2.34042e-05
1.50674e-05
7.95338e-06
3.76074e-06
7.22034e-06
1.48972e-05
2.68748e-05
3.99488e-05
4.68644e-05
4.43782e-05
3.60245e-05
2.72702e-05
2.08921e-05
1.675e-05
1.38836e-05
1.16803e-05
9.88919e-06
8.43419e-06
7.30992e-06
6.52746e-06
6.08526e-06
6.00064e-06
6.33175e-06
7.19801e-06
9.09234e-06
1.33216e-05
2.13853e-05
3.21149e-05
4.0805e-05
4.34069e-05
3.93494e-05
3.01999e-05
1.81271e-05
1.11365e-05
2.43392e-05
3.46852e-05
4.83389e-05
3.17682e-05
9.9842e-05
9.69087e-05
9.35812e-05
9.08549e-05
8.81656e-05
8.51846e-05
8.12732e-05
7.59009e-05
6.91088e-05
6.13922e-05
5.29289e-05
4.42401e-05
3.88326e-05
4.12842e-05
4.76027e-05
4.76e-05
3.78964e-05
3.16822e-05
3.61416e-05
3.85304e-05
3.59378e-05
3.24079e-05
3.01777e-05
3.13991e-05
3.39653e-05
3.34984e-05
3.08308e-05
2.91821e-05
2.6453e-05
2.17968e-05
1.68369e-05
1.25679e-05
8.88852e-06
5.36669e-06
6.11023e-06
1.59047e-05
2.32312e-05
2.2483e-05
1.9561e-05
1.93849e-05
2.08933e-05
2.3806e-05
2.51076e-05
2.37813e-05
2.13741e-05
1.91091e-05
1.71708e-05
1.54672e-05
1.40142e-05
1.28744e-05
1.20999e-05
1.17329e-05
1.16497e-05
1.17581e-05
1.29242e-05
1.60339e-05
2.36228e-05
3.92547e-05
5.22227e-05
5.36097e-05
4.58931e-05
3.53007e-05
2.51284e-05
1.60203e-05
7.99668e-06
1.47064e-06
6.18126e-06
1.51204e-05
2.82708e-05
4.1802e-05
4.81446e-05
4.46974e-05
3.57967e-05
2.70781e-05
2.09546e-05
1.69816e-05
1.41705e-05
1.19651e-05
1.01481e-05
8.65582e-06
7.48716e-06
6.66437e-06
6.19967e-06
6.10175e-06
6.41297e-06
7.24334e-06
9.05561e-06
1.31091e-05
2.09944e-05
3.19182e-05
4.1323e-05
4.48117e-05
4.14388e-05
3.28798e-05
2.21016e-05
1.74153e-05
2.86558e-05
3.73627e-05
4.94904e-05
3.19947e-05
9.11104e-05
9.1706e-05
9.2134e-05
9.30396e-05
9.41832e-05
9.50392e-05
9.45992e-05
9.17517e-05
8.58566e-05
7.74424e-05
6.80347e-05
5.97629e-05
5.55379e-05
5.43163e-05
4.97476e-05
3.68319e-05
2.40389e-05
2.84852e-05
3.54346e-05
3.54931e-05
3.18723e-05
2.8763e-05
2.72487e-05
2.75834e-05
2.94426e-05
2.99882e-05
2.84518e-05
2.64997e-05
2.5396e-05
2.3452e-05
2.00919e-05
1.63084e-05
1.31772e-05
1.22387e-05
1.62022e-05
2.19266e-05
2.24203e-05
1.88122e-05
1.79683e-05
1.98538e-05
2.32081e-05
2.56842e-05
2.53284e-05
2.31269e-05
2.07226e-05
1.86876e-05
1.69267e-05
1.53588e-05
1.40252e-05
1.29848e-05
1.22744e-05
1.1943e-05
1.19126e-05
1.20251e-05
1.29593e-05
1.58671e-05
2.24026e-05
3.75193e-05
5.25211e-05
5.61583e-05
4.93246e-05
3.84354e-05
2.7554e-05
1.77862e-05
9.17507e-06
1.93569e-06
6.17168e-06
1.6128e-05
3.04206e-05
4.41542e-05
4.95177e-05
4.48336e-05
3.53566e-05
2.67735e-05
2.0983e-05
1.72109e-05
1.44675e-05
1.22634e-05
1.04188e-05
8.88599e-06
7.66753e-06
6.78656e-06
6.27196e-06
6.15074e-06
6.45824e-06
7.27248e-06
8.99928e-06
1.28392e-05
2.04603e-05
3.14874e-05
4.16383e-05
4.62117e-05
4.38491e-05
3.62313e-05
2.6933e-05
2.36509e-05
3.33648e-05
4.01649e-05
5.04878e-05
3.21129e-05
6.65041e-05
6.81682e-05
7.00921e-05
7.26186e-05
7.57302e-05
7.91865e-05
8.23256e-05
8.40729e-05
8.32418e-05
7.92398e-05
7.25946e-05
6.49899e-05
5.68004e-05
4.59518e-05
3.0263e-05
1.58901e-05
2.28558e-05
3.27984e-05
3.49301e-05
3.21772e-05
2.8779e-05
2.66806e-05
2.59827e-05
2.59642e-05
2.74223e-05
2.80478e-05
2.66464e-05
2.44356e-05
2.27587e-05
2.20262e-05
2.12021e-05
1.99092e-05
1.89247e-05
1.94036e-05
2.13149e-05
2.11762e-05
1.76465e-05
1.59559e-05
1.83147e-05
2.24923e-05
2.60077e-05
2.66134e-05
2.47536e-05
2.22434e-05
2.0086e-05
1.82939e-05
1.66922e-05
1.52527e-05
1.40333e-05
1.30861e-05
1.24364e-05
1.21344e-05
1.215e-05
1.22962e-05
1.30383e-05
1.56944e-05
2.12807e-05
3.52709e-05
5.21594e-05
5.86482e-05
5.33061e-05
4.24205e-05
3.08983e-05
2.0488e-05
1.15147e-05
5.18686e-06
7.78743e-06
1.81492e-05
3.33462e-05
4.68374e-05
5.07489e-05
4.46367e-05
3.46859e-05
2.64029e-05
2.1016e-05
1.74559e-05
1.4782e-05
1.25802e-05
1.07075e-05
9.13139e-06
7.86209e-06
6.92491e-06
6.35083e-06
6.18459e-06
6.47888e-06
7.29044e-06
8.94548e-06
1.25568e-05
1.98487e-05
3.08977e-05
4.18183e-05
4.76465e-05
4.65466e-05
4.01089e-05
3.23234e-05
3.00931e-05
3.83043e-05
4.28463e-05
5.11194e-05
3.20485e-05
2.62626e-05
2.82364e-05
3.05957e-05
3.35495e-05
3.71083e-05
4.11287e-05
4.52365e-05
4.87378e-05
5.06338e-05
4.98337e-05
4.57485e-05
3.80782e-05
2.6541e-05
1.19193e-05
9.25034e-06
2.33629e-05
3.21108e-05
3.39162e-05
3.15272e-05
2.8448e-05
2.63554e-05
2.51845e-05
2.47741e-05
2.47596e-05
2.55486e-05
2.72137e-05
2.67591e-05
2.42028e-05
2.14036e-05
1.94451e-05
1.85526e-05
1.82648e-05
1.83413e-05
1.8553e-05
1.78095e-05
1.52623e-05
1.38455e-05
1.66132e-05
2.18052e-05
2.63247e-05
2.77685e-05
2.62706e-05
2.367e-05
2.13399e-05
1.94971e-05
1.7909e-05
1.64502e-05
1.51371e-05
1.40275e-05
1.31657e-05
1.25714e-05
1.22916e-05
1.23407e-05
1.25355e-05
1.31241e-05
1.54686e-05
2.03207e-05
3.25747e-05
5.07865e-05
6.06239e-05
5.75604e-05
4.71789e-05
3.52097e-05
2.42344e-05
1.50773e-05
9.43065e-06
1.11704e-05
2.15452e-05
3.72366e-05
4.98239e-05
5.17022e-05
4.40005e-05
3.37458e-05
2.59464e-05
2.10274e-05
1.76938e-05
1.50967e-05
1.29007e-05
1.09992e-05
9.37589e-06
8.04893e-06
7.04842e-06
6.41087e-06
6.19275e-06
6.46665e-06
7.28242e-06
8.8824e-06
1.22588e-05
1.91433e-05
3.00634e-05
4.16783e-05
4.88678e-05
4.92729e-05
4.42738e-05
3.80628e-05
3.6535e-05
4.30907e-05
4.5133e-05
5.1249e-05
3.17394e-05
3.14329e-06
2.16275e-06
1.15089e-06
1.56359e-06
3.62322e-06
6.29349e-06
9.17908e-06
1.17813e-05
1.3411e-05
1.33946e-05
1.14575e-05
9.65297e-06
1.34953e-05
2.13835e-05
2.8408e-05
3.19241e-05
3.16902e-05
2.93529e-05
2.68832e-05
2.51383e-05
2.39964e-05
2.32072e-05
2.2803e-05
2.29352e-05
2.34046e-05
2.50711e-05
2.67755e-05
2.59685e-05
2.30468e-05
1.97788e-05
1.71844e-05
1.54343e-05
1.43603e-05
1.36116e-05
1.26843e-05
1.27861e-05
1.61063e-05
2.18504e-05
2.69335e-05
2.88867e-05
2.76523e-05
2.49776e-05
2.24526e-05
2.05214e-05
1.89569e-05
1.75357e-05
1.62092e-05
1.50162e-05
1.40073e-05
1.32213e-05
1.26778e-05
1.24168e-05
1.24862e-05
1.27386e-05
1.32305e-05
1.51989e-05
1.95125e-05
2.96655e-05
4.82037e-05
6.16097e-05
6.17473e-05
5.26371e-05
4.06167e-05
2.92451e-05
2.00099e-05
1.47856e-05
1.62152e-05
2.65722e-05
4.2137e-05
5.29162e-05
5.21424e-05
4.28208e-05
3.25522e-05
2.54387e-05
2.10348e-05
1.79349e-05
1.54191e-05
1.32308e-05
1.1299e-05
9.62384e-06
8.2324e-06
7.16089e-06
6.45256e-06
6.17509e-06
6.42192e-06
7.24669e-06
8.81125e-06
1.19595e-05
1.83688e-05
2.89722e-05
4.11165e-05
4.97021e-05
5.18283e-05
4.84958e-05
4.3818e-05
4.26337e-05
4.7336e-05
4.67372e-05
5.07234e-05
3.11397e-05
7.61098e-06
7.46353e-06
7.2902e-06
7.17661e-06
7.35303e-06
8.16018e-06
9.80559e-06
1.21818e-05
1.4982e-05
1.7913e-05
2.09105e-05
2.38876e-05
2.65728e-05
2.83152e-05
2.85758e-05
2.74927e-05
2.58446e-05
2.43801e-05
2.3266e-05
2.23088e-05
2.14366e-05
2.07736e-05
2.04381e-05
2.06081e-05
2.11703e-05
2.2293e-05
2.4527e-05
2.63704e-05
2.60005e-05
2.3672e-05
2.06846e-05
1.79933e-05
1.60349e-05
1.51222e-05
1.57816e-05
1.88413e-05
2.37804e-05
2.8225e-05
2.99725e-05
2.87676e-05
2.60559e-05
2.33915e-05
2.13646e-05
1.98108e-05
1.84514e-05
1.71676e-05
1.59645e-05
1.48838e-05
1.39665e-05
1.32483e-05
1.27521e-05
1.25091e-05
1.25854e-05
1.28922e-05
1.33483e-05
1.49194e-05
1.87802e-05
2.68671e-05
4.44281e-05
6.11523e-05
6.5414e-05
5.86054e-05
4.71702e-05
3.56875e-05
2.64589e-05
2.15143e-05
2.29777e-05
3.33303e-05
4.78889e-05
5.57507e-05
5.17824e-05
4.10255e-05
3.11486e-05
2.49067e-05
2.10416e-05
1.81791e-05
1.57495e-05
1.35708e-05
1.16067e-05
9.87478e-06
8.41137e-06
7.25845e-06
6.46816e-06
6.12215e-06
6.33655e-06
7.17573e-06
8.72795e-06
1.16692e-05
1.75609e-05
2.76505e-05
4.00733e-05
4.99745e-05
5.39389e-05
5.24109e-05
4.91677e-05
4.79773e-05
5.06206e-05
4.73672e-05
4.94231e-05
3.02408e-05
4.26256e-06
4.2004e-06
4.20213e-06
4.39497e-06
4.98721e-06
6.17908e-06
8.03597e-06
1.04684e-05
1.3259e-05
1.61059e-05
1.86779e-05
2.07712e-05
2.21253e-05
2.2638e-05
2.25041e-05
2.20831e-05
2.16099e-05
2.10818e-05
2.04196e-05
1.96535e-05
1.89311e-05
1.8424e-05
1.82341e-05
1.842e-05
1.90063e-05
1.98934e-05
2.14491e-05
2.38739e-05
2.59916e-05
2.66273e-05
2.5858e-05
2.45184e-05
2.34862e-05
2.34198e-05
2.48468e-05
2.75075e-05
2.99941e-05
3.07246e-05
2.93026e-05
2.6665e-05
2.40382e-05
2.19993e-05
2.04644e-05
1.91694e-05
1.7958e-05
1.67979e-05
1.57123e-05
1.47358e-05
1.39021e-05
1.32455e-05
1.27931e-05
1.25692e-05
1.26413e-05
1.29877e-05
1.34601e-05
1.46786e-05
1.80447e-05
2.4454e-05
3.97006e-05
5.8794e-05
6.78554e-05
6.45875e-05
5.4683e-05
4.359e-05
3.45508e-05
2.98446e-05
3.15463e-05
4.1663e-05
5.4011e-05
5.77598e-05
5.03142e-05
3.86098e-05
2.96154e-05
2.43821e-05
2.10566e-05
1.84317e-05
1.60916e-05
1.39237e-05
1.1925e-05
1.01307e-05
8.58741e-06
7.34332e-06
6.45948e-06
6.03343e-06
6.20751e-06
7.06433e-06
8.62819e-06
1.13949e-05
1.67551e-05
2.61427e-05
3.85072e-05
4.94911e-05
5.52662e-05
5.55798e-05
5.36106e-05
5.20733e-05
5.25207e-05
4.67682e-05
4.72873e-05
2.90865e-05
2.69142e-06
2.67349e-06
2.76495e-06
3.07844e-06
3.73728e-06
4.81303e-06
6.30489e-06
8.15765e-06
1.02674e-05
1.2473e-05
1.45387e-05
1.62423e-05
1.74812e-05
1.82831e-05
1.87249e-05
1.88626e-05
1.87279e-05
1.83606e-05
1.78301e-05
1.72407e-05
1.67152e-05
1.63664e-05
1.62833e-05
1.65057e-05
1.70474e-05
1.78722e-05
1.89633e-05
2.06429e-05
2.29651e-05
2.52473e-05
2.6833e-05
2.77171e-05
2.83101e-05
2.90091e-05
2.99204e-05
3.05918e-05
3.03034e-05
2.87799e-05
2.6495e-05
2.42081e-05
2.23482e-05
2.09001e-05
1.96789e-05
1.85489e-05
1.74627e-05
1.64225e-05
1.54488e-05
1.45686e-05
1.38122e-05
1.32128e-05
1.28005e-05
1.25966e-05
1.26575e-05
1.30194e-05
1.35387e-05
1.45056e-05
1.72858e-05
2.25245e-05
3.4568e-05
5.42776e-05
6.81883e-05
6.9715e-05
6.26066e-05
5.27159e-05
4.4228e-05
3.98259e-05
4.18098e-05
5.09927e-05
5.9607e-05
5.82155e-05
4.75061e-05
3.56819e-05
2.8059e-05
2.38909e-05
2.10856e-05
1.8696e-05
1.64486e-05
1.42924e-05
1.22563e-05
1.03937e-05
8.76185e-06
7.41514e-06
6.42402e-06
5.90506e-06
6.03083e-06
6.90815e-06
8.50821e-06
1.11431e-05
1.59905e-05
2.45284e-05
3.64431e-05
4.81126e-05
5.54878e-05
5.75396e-05
5.66081e-05
5.44301e-05
5.2671e-05
4.4767e-05
4.43559e-05
2.77846e-05
2.2014e-06
2.25572e-06
2.43417e-06
2.81489e-06
3.46355e-06
4.4102e-06
5.64478e-06
7.12502e-06
8.77647e-06
1.04908e-05
1.21382e-05
1.36039e-05
1.47909e-05
1.56297e-05
1.6109e-05
1.62753e-05
1.61976e-05
1.59368e-05
1.55505e-05
1.51146e-05
1.47266e-05
1.44827e-05
1.44612e-05
1.47128e-05
1.52364e-05
1.60247e-05
1.70101e-05
1.81954e-05
1.97652e-05
2.173e-05
2.37534e-05
2.54998e-05
2.68644e-05
2.781e-05
2.82209e-05
2.79299e-05
2.69005e-05
2.53789e-05
2.37608e-05
2.23113e-05
2.10688e-05
1.99606e-05
1.89217e-05
1.79242e-05
1.69621e-05
1.60399e-05
1.51719e-05
1.43814e-05
1.36976e-05
1.31517e-05
1.2775e-05
1.25901e-05
1.26378e-05
1.29882e-05
1.35575e-05
1.43941e-05
1.6562e-05
2.09616e-05
2.97893e-05
4.78163e-05
6.55741e-05
7.27601e-05
6.98825e-05
6.23327e-05
5.49906e-05
5.10982e-05
5.31175e-05
6.01054e-05
6.33656e-05
5.63877e-05
4.33397e-05
3.24793e-05
2.65865e-05
2.3451e-05
2.11343e-05
1.89768e-05
1.6825e-05
1.46814e-05
1.26046e-05
1.06672e-05
8.93751e-06
7.47602e-06
6.36281e-06
5.73626e-06
5.80489e-06
6.70513e-06
8.36501e-06
1.09186e-05
1.53032e-05
2.29135e-05
3.39932e-05
4.58099e-05
5.43654e-05
5.78756e-05
5.76731e-05
5.46427e-05
5.08306e-05
4.13272e-05
4.08097e-05
2.64956e-05
1.93507e-06
2.05738e-06
2.30029e-06
2.71202e-06
3.32726e-06
4.16066e-06
5.20387e-06
6.42581e-06
7.77114e-06
9.16811e-06
1.05236e-05
1.17311e-05
1.27035e-05
1.34025e-05
1.38348e-05
1.40272e-05
1.40127e-05
1.38314e-05
1.35365e-05
1.31993e-05
1.29053e-05
1.27387e-05
1.27664e-05
1.30345e-05
1.355e-05
1.42957e-05
1.52438e-05
1.6319e-05
1.75052e-05
1.88552e-05
2.03394e-05
2.17879e-05
2.30273e-05
2.38855e-05
2.42486e-05
2.40985e-05
2.35343e-05
2.27286e-05
2.18273e-05
2.09002e-05
1.997e-05
1.90519e-05
1.81592e-05
1.72957e-05
1.64587e-05
1.56497e-05
1.48811e-05
1.41751e-05
1.35594e-05
1.30632e-05
1.27175e-05
1.2548e-05
1.25838e-05
1.29006e-05
1.3496e-05
1.43006e-05
1.59585e-05
1.95875e-05
2.59767e-05
4.02865e-05
5.95951e-05
7.23213e-05
7.48844e-05
7.09885e-05
6.56019e-05
6.2489e-05
6.39188e-05
6.70545e-05
6.3781e-05
5.18506e-05
3.81456e-05
2.93283e-05
2.52756e-05
2.30701e-05
2.12064e-05
1.92792e-05
1.72267e-05
1.50963e-05
1.29755e-05
1.09562e-05
9.11819e-06
7.52815e-06
6.27563e-06
5.52419e-06
5.52699e-06
6.45435e-06
8.19637e-06
1.07242e-05
1.47219e-05
2.14106e-05
3.13521e-05
4.27081e-05
5.18347e-05
5.63363e-05
5.64992e-05
5.25103e-05
4.69675e-05
3.661e-05
3.69933e-05
2.5387e-05
1.76485e-06
1.93029e-06
2.20061e-06
2.6052e-06
3.16363e-06
3.88454e-06
4.7615e-06
5.77062e-06
6.87204e-06
8.0077e-06
9.10668e-06
1.00974e-05
1.0921e-05
1.1538e-05
1.19334e-05
1.21181e-05
1.21222e-05
1.19851e-05
1.17534e-05
1.14868e-05
1.12587e-05
1.11443e-05
1.12045e-05
1.14795e-05
1.19806e-05
1.26884e-05
1.358e-05
1.46089e-05
1.57119e-05
1.68475e-05
1.79978e-05
1.91083e-05
2.00847e-05
2.08339e-05
2.12887e-05
2.14283e-05
2.12793e-05
2.08938e-05
2.03284e-05
1.96432e-05
1.88987e-05
1.81429e-05
1.73994e-05
1.66709e-05
1.59543e-05
1.52522e-05
1.45774e-05
1.39511e-05
1.3399e-05
1.29486e-05
1.26291e-05
1.24695e-05
1.24947e-05
1.2767e-05
1.33481e-05
1.41677e-05
1.55044e-05
1.83558e-05
2.32121e-05
3.31249e-05
5.0758e-05
6.73304e-05
7.56569e-05
7.6488e-05
7.38892e-05
7.17688e-05
7.16414e-05
6.94297e-05
5.97158e-05
4.48783e-05
3.26219e-05
2.65307e-05
2.41536e-05
2.27453e-05
2.13052e-05
1.96104e-05
1.76619e-05
1.55453e-05
1.33762e-05
1.12672e-05
9.30923e-06
7.57592e-06
6.16481e-06
5.26739e-06
5.19456e-06
6.15609e-06
8.00033e-06
1.05581e-05
1.42646e-05
2.01171e-05
2.87677e-05
3.91072e-05
4.80886e-05
5.29636e-05
5.31038e-05
4.81485e-05
4.13373e-05
3.10227e-05
3.33731e-05
2.456e-05
1.66884e-06
1.85669e-06
2.13201e-06
2.51346e-06
3.01283e-06
3.6348e-06
4.37385e-06
5.21198e-06
6.11806e-06
7.04799e-06
7.94984e-06
8.76727e-06
9.44987e-06
9.9649e-06
1.0302e-05
1.04688e-05
1.04836e-05
1.03742e-05
1.01807e-05
9.95761e-06
9.77167e-06
9.6908e-06
9.7708e-06
1.00478e-05
1.05323e-05
1.12075e-05
1.20449e-05
1.30078e-05
1.40496e-05
1.51186e-05
1.61702e-05
1.71629e-05
1.80446e-05
1.87591e-05
1.92593e-05
1.95176e-05
1.95305e-05
1.93188e-05
1.89275e-05
1.84171e-05
1.78455e-05
1.72521e-05
1.66536e-05
1.60527e-05
1.54491e-05
1.48481e-05
1.42623e-05
1.37111e-05
1.3218e-05
1.28088e-05
1.25112e-05
1.23555e-05
1.23682e-05
1.25951e-05
1.31238e-05
1.39491e-05
1.51382e-05
1.73415e-05
2.11583e-05
2.76289e-05
4.08246e-05
5.78814e-05
7.06451e-05
7.635e-05
7.70092e-05
7.58365e-05
7.31497e-05
6.5306e-05
5.12765e-05
3.66761e-05
2.76108e-05
2.42352e-05
2.3196e-05
2.24667e-05
2.14366e-05
1.99811e-05
1.81418e-05
1.60388e-05
1.38166e-05
1.16087e-05
9.51801e-06
7.62546e-06
6.03427e-06
4.96461e-06
4.80416e-06
5.81189e-06
7.77592e-06
1.04126e-05
1.39346e-05
1.90959e-05
2.64819e-05
3.54405e-05
4.36057e-05
4.81967e-05
4.79334e-05
4.20737e-05
3.45352e-05
2.52041e-05
3.03837e-05
2.40018e-05
1.60991e-06
1.80409e-06
2.06961e-06
2.41864e-06
2.85861e-06
3.39171e-06
4.01303e-06
4.70848e-06
5.45359e-06
6.21524e-06
6.9531e-06
7.62435e-06
8.19096e-06
8.62529e-06
8.91308e-06
9.05433e-06
9.06245e-06
8.96264e-06
8.79119e-06
8.59635e-06
8.43706e-06
8.37533e-06
8.46382e-06
8.73638e-06
9.20195e-06
9.84556e-06
1.06385e-05
1.15426e-05
1.25163e-05
1.35178e-05
1.45065e-05
1.54417e-05
1.62785e-05
1.69732e-05
1.74896e-05
1.78042e-05
1.79113e-05
1.78275e-05
1.75896e-05
1.72445e-05
1.68349e-05
1.63899e-05
1.59235e-05
1.54406e-05
1.49438e-05
1.44388e-05
1.39374e-05
1.34567e-05
1.30181e-05
1.26457e-05
1.23658e-05
1.22084e-05
1.22031e-05
1.23873e-05
1.28422e-05
1.3629e-05
1.47584e-05
1.65573e-05
1.95562e-05
2.4043e-05
3.23052e-05
4.60118e-05
5.99588e-05
6.90401e-05
7.25089e-05
7.18286e-05
6.63766e-05
5.49127e-05
4.04701e-05
2.90395e-05
2.36656e-05
2.23865e-05
2.23452e-05
2.22288e-05
2.16134e-05
2.04067e-05
1.8681e-05
1.65905e-05
1.43088e-05
1.19915e-05
9.75448e-06
7.68576e-06
5.89172e-06
4.61727e-06
4.35258e-06
5.42562e-06
7.52479e-06
1.0274e-05
1.37153e-05
1.83641e-05
2.46628e-05
3.21598e-05
3.90674e-05
4.28396e-05
4.18591e-05
3.52179e-05
2.74562e-05
1.98703e-05
2.82101e-05
2.36206e-05
1.56624e-06
1.75654e-06
2.0048e-06
2.31922e-06
2.70433e-06
3.16091e-06
3.68439e-06
4.26335e-06
4.87876e-06
5.50458e-06
6.10956e-06
6.66024e-06
7.12552e-06
7.48172e-06
7.71614e-06
7.82772e-06
7.82584e-06
7.72984e-06
7.57018e-06
7.38995e-06
7.2433e-06
7.18858e-06
7.2766e-06
7.53991e-06
7.98655e-06
8.59995e-06
9.35168e-06
1.0205e-05
1.11204e-05
1.20601e-05
1.29878e-05
1.38673e-05
1.46618e-05
1.53369e-05
1.58644e-05
1.6225e-05
1.6414e-05
1.64436e-05
1.63403e-05
1.61378e-05
1.58679e-05
1.55537e-05
1.52078e-05
1.48354e-05
1.44398e-05
1.40261e-05
1.36045e-05
1.31899e-05
1.28015e-05
1.24615e-05
1.21951e-05
1.20309e-05
1.20008e-05
1.21412e-05
1.25186e-05
1.32228e-05
1.42943e-05
1.58822e-05
1.83199e-05
2.17411e-05
2.6746e-05
3.53409e-05
4.65482e-05
5.5891e-05
6.0507e-05
5.97325e-05
5.29865e-05
4.17991e-05
3.05629e-05
2.33185e-05
2.07428e-05
2.07928e-05
2.15513e-05
2.20423e-05
2.18559e-05
2.09068e-05
1.92978e-05
1.72164e-05
1.48669e-05
1.24276e-05
1.00306e-05
7.76905e-06
5.74941e-06
4.23058e-06
3.83704e-06
5.00541e-06
7.25447e-06
1.01299e-05
1.35722e-05
1.78923e-05
2.33673e-05
2.95906e-05
3.51516e-05
3.78519e-05
3.60233e-05
2.87932e-05
2.10688e-05
1.55015e-05
2.67234e-05
2.33431e-05
1.52696e-06
1.70731e-06
1.93461e-06
2.21434e-06
2.54895e-06
2.93839e-06
3.37853e-06
3.86e-06
4.36768e-06
4.88119e-06
5.3761e-06
5.82612e-06
6.20649e-06
6.49738e-06
6.68639e-06
6.76991e-06
6.75382e-06
6.65411e-06
6.49776e-06
6.32356e-06
6.18108e-06
6.12532e-06
6.20613e-06
6.45589e-06
6.88219e-06
7.46792e-06
8.18189e-06
8.9893e-06
9.85349e-06
1.07392e-05
1.16129e-05
1.24436e-05
1.32014e-05
1.3859e-05
1.43934e-05
1.47898e-05
1.50444e-05
1.51654e-05
1.51719e-05
1.50885e-05
1.49393e-05
1.47422e-05
1.45073e-05
1.42387e-05
1.39389e-05
1.36119e-05
1.32659e-05
1.29134e-05
1.25711e-05
1.22594e-05
1.20018e-05
1.18261e-05
1.17646e-05
1.18556e-05
1.21572e-05
1.27575e-05
1.37344e-05
1.51833e-05
1.72965e-05
2.01351e-05
2.36543e-05
2.85228e-05
3.52696e-05
4.19468e-05
4.56624e-05
4.46875e-05
3.90362e-05
3.10332e-05
2.38353e-05
1.95105e-05
1.83551e-05
1.92763e-05
2.08105e-05
2.19349e-05
2.21906e-05
2.15051e-05
2.00126e-05
1.79344e-05
1.55067e-05
1.29316e-05
1.03601e-05
7.89069e-06
5.62541e-06
3.81676e-06
3.25554e-06
4.56532e-06
6.97934e-06
9.97449e-06
1.34611e-05
1.76085e-05
2.25391e-05
2.78368e-05
3.22923e-05
3.40266e-05
3.1489e-05
2.38935e-05
1.60087e-05
1.20893e-05
2.56862e-05
2.31787e-05
1.4829e-06
1.64947e-06
1.85419e-06
2.10059e-06
2.38993e-06
2.72154e-06
3.09167e-06
3.49257e-06
3.91215e-06
4.3342e-06
4.73932e-06
5.10649e-06
5.41544e-06
5.64921e-06
5.79648e-06
5.85304e-06
5.82261e-06
5.71767e-06
5.56087e-06
5.38659e-06
5.24079e-06
5.17665e-06
5.24421e-06
5.47672e-06
5.88148e-06
6.44099e-06
7.12237e-06
7.88937e-06
8.70688e-06
9.54252e-06
1.03674e-05
1.11547e-05
1.18792e-05
1.25186e-05
1.30553e-05
1.34778e-05
1.3783e-05
1.39769e-05
1.40736e-05
1.40913e-05
1.40477e-05
1.3956e-05
1.38233e-05
1.3652e-05
1.34431e-05
1.31986e-05
1.29244e-05
1.26303e-05
1.23304e-05
1.20429e-05
1.17896e-05
1.15975e-05
1.14986e-05
1.15329e-05
1.17567e-05
1.22501e-05
1.31038e-05
1.4413e-05
1.63041e-05
1.88252e-05
2.17868e-05
2.50804e-05
2.88325e-05
3.25079e-05
3.45481e-05
3.36626e-05
2.99953e-05
2.49057e-05
1.99605e-05
1.66212e-05
1.60478e-05
1.77891e-05
2.01611e-05
2.19423e-05
2.26475e-05
2.22271e-05
2.08464e-05
1.87617e-05
1.62425e-05
1.35185e-05
1.07577e-05
8.06871e-06
5.54431e-06
3.4003e-06
2.60767e-06
4.1296e-06
6.72276e-06
9.8164e-06
1.33497e-05
1.74229e-05
2.20446e-05
2.67887e-05
3.05527e-05
3.16775e-05
2.87473e-05
2.09362e-05
1.22817e-05
9.27825e-06
2.50047e-05
2.32117e-05
1.43664e-06
1.58774e-06
1.76985e-06
1.98506e-06
2.23383e-06
2.51515e-06
2.82565e-06
3.15891e-06
3.50515e-06
3.8514e-06
4.18219e-06
4.48062e-06
4.73006e-06
4.91609e-06
5.02825e-06
5.06151e-06
5.01741e-06
4.90553e-06
4.74509e-06
4.56677e-06
4.41334e-06
4.33658e-06
4.3874e-06
4.60063e-06
4.98353e-06
5.51712e-06
6.16768e-06
6.8981e-06
7.67397e-06
8.46518e-06
9.24555e-06
9.99189e-06
1.06836e-05
1.1303e-05
1.18365e-05
1.22755e-05
1.26182e-05
1.28694e-05
1.304e-05
1.31432e-05
1.3192e-05
1.31952e-05
1.31568e-05
1.30771e-05
1.29546e-05
1.27891e-05
1.25834e-05
1.23444e-05
1.20834e-05
1.18161e-05
1.15627e-05
1.1349e-05
1.1207e-05
1.11774e-05
1.13176e-05
1.17042e-05
1.24272e-05
1.35854e-05
1.52784e-05
1.75574e-05
2.02834e-05
2.31391e-05
2.58493e-05
2.80715e-05
2.91209e-05
2.84211e-05
2.58705e-05
2.18647e-05
1.72746e-05
1.38379e-05
1.36816e-05
1.63848e-05
1.96546e-05
2.21035e-05
2.32579e-05
2.30964e-05
2.18167e-05
1.97128e-05
1.70869e-05
1.41997e-05
1.1237e-05
8.32159e-06
5.53569e-06
3.02615e-06
1.89416e-06
3.73474e-06
6.51162e-06
9.67388e-06
1.32257e-05
1.72547e-05
2.17182e-05
2.61962e-05
2.96514e-05
3.05485e-05
2.7504e-05
1.95176e-05
9.4719e-06
6.84431e-06
2.48029e-05
2.35683e-05
1.37712e-06
1.51169e-06
1.67162e-06
1.858e-06
2.07077e-06
2.30879e-06
2.5691e-06
2.84635e-06
3.13258e-06
3.41735e-06
3.68812e-06
3.93107e-06
4.13232e-06
4.27936e-06
4.36254e-06
4.37644e-06
4.32106e-06
4.20333e-06
4.03891e-06
3.85455e-06
3.68991e-06
3.59601e-06
3.62595e-06
3.81744e-06
4.17805e-06
4.68669e-06
5.30764e-06
6.0034e-06
6.74054e-06
7.49065e-06
8.22981e-06
8.93781e-06
9.59761e-06
1.01953e-05
1.07208e-05
1.11686e-05
1.1538e-05
1.18339e-05
1.20646e-05
1.22405e-05
1.23703e-05
1.24595e-05
1.25089e-05
1.25159e-05
1.24762e-05
1.23865e-05
1.22466e-05
1.20598e-05
1.18345e-05
1.15838e-05
1.1326e-05
1.10856e-05
1.08947e-05
1.07945e-05
1.08438e-05
1.11204e-05
1.17143e-05
1.27229e-05
1.4234e-05
1.62869e-05
1.88012e-05
2.15076e-05
2.40129e-05
2.58905e-05
2.67165e-05
2.61202e-05
2.37925e-05
1.97915e-05
1.48477e-05
1.09688e-05
1.13036e-05
1.51449e-05
1.93495e-05
2.24594e-05
2.40475e-05
2.41277e-05
2.29332e-05
2.07936e-05
1.80473e-05
1.4982e-05
1.18088e-05
8.66631e-06
5.63137e-06
2.77027e-06
1.12181e-06
3.43608e-06
6.3769e-06
9.57562e-06
1.31074e-05
1.70736e-05
2.14385e-05
2.58051e-05
2.91874e-05
3.01073e-05
2.71023e-05
1.90201e-05
7.47535e-06
5.22753e-06
2.53701e-05
2.44236e-05
1.3184e-06
1.43633e-06
1.57501e-06
1.73485e-06
1.91551e-06
2.11583e-06
2.33324e-06
2.56328e-06
2.79947e-06
3.0333e-06
3.25455e-06
3.45182e-06
3.61343e-06
3.72851e-06
3.78811e-06
3.78648e-06
3.72219e-06
3.59974e-06
3.43151e-06
3.24053e-06
3.06333e-06
2.95035e-06
2.95777e-06
3.12728e-06
3.46675e-06
3.95193e-06
4.54442e-06
5.20626e-06
5.90514e-06
6.61466e-06
7.31327e-06
7.98335e-06
8.61062e-06
9.18423e-06
9.6971e-06
1.01463e-05
1.05331e-05
1.08625e-05
1.11422e-05
1.138e-05
1.15818e-05
1.17496e-05
1.18813e-05
1.19709e-05
1.2011e-05
1.19948e-05
1.19182e-05
1.17813e-05
1.1589e-05
1.13517e-05
1.10856e-05
1.08137e-05
1.05678e-05
1.03902e-05
1.03414e-05
1.05025e-05
1.0968e-05
1.18352e-05
1.31864e-05
1.50478e-05
1.73517e-05
1.98924e-05
2.23075e-05
2.4158e-05
2.50205e-05
2.44726e-05
2.21564e-05
1.80382e-05
1.26697e-05
8.04961e-06
9.00021e-06
1.41828e-05
1.9311e-05
2.30399e-05
2.50271e-05
2.53249e-05
2.41977e-05
2.2006e-05
1.91241e-05
1.5868e-05
1.24797e-05
9.11642e-06
5.86038e-06
2.73422e-06
3.6463e-07
3.29873e-06
6.3389e-06
9.53814e-06
1.30145e-05
1.68879e-05
2.11569e-05
2.5468e-05
2.88915e-05
2.99641e-05
2.71411e-05
1.92309e-05
7.14744e-06
5.79257e-06
2.71404e-05
2.60476e-05
1.23868e-06
1.34004e-06
1.4587e-06
1.59456e-06
1.74716e-06
1.91545e-06
2.09722e-06
2.28879e-06
2.48481e-06
2.67833e-06
2.86089e-06
3.02293e-06
3.15445e-06
3.24576e-06
3.28849e-06
3.27658e-06
3.2074e-06
3.08321e-06
2.91313e-06
2.71617e-06
2.52519e-06
2.38986e-06
2.37079e-06
2.51617e-06
2.83481e-06
3.29802e-06
3.8636e-06
4.4928e-06
5.1545e-06
5.82427e-06
6.48274e-06
7.1146e-06
7.70817e-06
8.25533e-06
8.75174e-06
9.19686e-06
9.59381e-06
9.9485e-06
1.02682e-05
1.05593e-05
1.08256e-05
1.10662e-05
1.12758e-05
1.1445e-05
1.15627e-05
1.16182e-05
1.16034e-05
1.15146e-05
1.13534e-05
1.11271e-05
1.08495e-05
1.0542e-05
1.02354e-05
9.97312e-06
9.8181e-06
9.85677e-06
1.01914e-05
1.09253e-05
1.21382e-05
1.38495e-05
1.59887e-05
1.83708e-05
2.0685e-05
2.2534e-05
2.34699e-05
2.30331e-05
2.08332e-05
1.67184e-05
1.09571e-05
5.11988e-06
7.00765e-06
1.36468e-05
1.95874e-05
2.38613e-05
2.62102e-05
2.67048e-05
2.56229e-05
2.33597e-05
2.0321e-05
1.68625e-05
1.32573e-05
9.68539e-06
6.24838e-06
3.00244e-06
7.72557e-07
3.38926e-06
6.41862e-06
9.57762e-06
1.29724e-05
1.67379e-05
2.09072e-05
2.51892e-05
2.87158e-05
3.00494e-05
2.7629e-05
2.02622e-05
9.33398e-06
9.34793e-06
3.06651e-05
2.8758e-05
1.16846e-06
1.25339e-06
1.35278e-06
1.46629e-06
1.59348e-06
1.73344e-06
1.88434e-06
2.04312e-06
2.20541e-06
2.36542e-06
2.5161e-06
2.64936e-06
2.75653e-06
2.82897e-06
2.85883e-06
2.83988e-06
2.7685e-06
2.64496e-06
2.47535e-06
2.27456e-06
2.0712e-06
1.91334e-06
1.86683e-06
1.98882e-06
2.28922e-06
2.73259e-06
3.27201e-06
3.86831e-06
4.49211e-06
5.1212e-06
5.73845e-06
6.3307e-06
6.88847e-06
7.40596e-06
7.88127e-06
8.31625e-06
8.71607e-06
9.08802e-06
9.4397e-06
9.77691e-06
1.01016e-05
1.04104e-05
1.06947e-05
1.09414e-05
1.11354e-05
1.12618e-05
1.13082e-05
1.12669e-05
1.1136e-05
1.09196e-05
1.06287e-05
1.02824e-05
9.9103e-06
9.55636e-06
9.28614e-06
9.19319e-06
9.39158e-06
9.99636e-06
1.10897e-05
1.26855e-05
1.47093e-05
1.69828e-05
1.9235e-05
2.1107e-05
2.21575e-05
2.19119e-05
1.99322e-05
1.5944e-05
9.98315e-06
2.65815e-06
5.90636e-06
1.36613e-05
2.02365e-05
2.50083e-05
2.77072e-05
2.83752e-05
2.72985e-05
2.49133e-05
2.16749e-05
1.79888e-05
1.41609e-05
1.03949e-05
6.82328e-06
3.59734e-06
1.78435e-06
3.73941e-06
6.62033e-06
9.68252e-06
1.29692e-05
1.66213e-05
2.07089e-05
2.50069e-05
2.87059e-05
3.04578e-05
2.87066e-05
2.22577e-05
1.38507e-05
1.54945e-05
3.61692e-05
3.256e-05
1.06574e-06
1.13482e-06
1.21652e-06
1.31037e-06
1.41601e-06
1.53272e-06
1.65903e-06
1.7924e-06
1.92918e-06
2.06452e-06
2.19241e-06
2.30586e-06
2.39718e-06
2.4585e-06
2.48231e-06
2.46218e-06
2.39362e-06
2.27511e-06
2.10979e-06
1.90821e-06
1.69359e-06
1.51051e-06
1.4304e-06
1.52506e-06
1.80781e-06
2.23322e-06
2.74788e-06
3.31227e-06
3.89892e-06
4.48786e-06
5.06399e-06
5.61614e-06
6.13684e-06
6.62249e-06
7.0735e-06
7.4941e-06
7.89161e-06
8.275e-06
8.65283e-06
9.03076e-06
9.40948e-06
9.78334e-06
1.01404e-05
1.04638e-05
1.0734e-05
1.09317e-05
1.10402e-05
1.10476e-05
1.09479e-05
1.07417e-05
1.0437e-05
1.005e-05
9.60858e-06
9.15636e-06
8.76125e-06
8.52494e-06
8.57775e-06
9.05354e-06
1.00427e-05
1.15529e-05
1.34995e-05
1.57134e-05
1.79557e-05
1.98963e-05
2.11121e-05
2.11284e-05
1.94691e-05
1.57925e-05
1.01027e-05
3.25828e-06
6.36753e-06
1.44179e-05
2.15692e-05
2.68962e-05
2.99513e-05
3.07067e-05
2.95014e-05
2.68499e-05
2.33009e-05
1.93203e-05
1.52433e-05
1.12913e-05
7.62929e-06
4.50999e-06
2.9617e-06
4.36815e-06
6.97509e-06
9.87473e-06
1.30187e-05
1.65447e-05
2.05729e-05
2.49328e-05
2.89018e-05
3.12987e-05
3.04785e-05
2.55099e-05
2.05834e-05
2.33668e-05
4.26493e-05
3.65293e-05
9.88123e-07
1.04065e-06
1.10427e-06
1.17864e-06
1.26359e-06
1.35868e-06
1.46272e-06
1.57364e-06
1.68837e-06
1.80279e-06
1.91168e-06
2.0089e-06
2.0876e-06
2.14055e-06
2.16065e-06
2.14146e-06
2.07786e-06
1.96698e-06
1.80943e-06
1.61165e-06
1.39081e-06
1.18537e-06
1.0704e-06
1.1381e-06
1.40721e-06
1.81675e-06
2.30608e-06
2.8368e-06
3.38429e-06
3.9311e-06
4.46416e-06
4.97404e-06
5.455e-06
5.90535e-06
6.32766e-06
6.72859e-06
7.11798e-06
7.50699e-06
7.90563e-06
8.31991e-06
8.74951e-06
9.18654e-06
9.61582e-06
1.00165e-05
1.03646e-05
1.06361e-05
1.08095e-05
1.0868e-05
1.08012e-05
1.0606e-05
1.02869e-05
9.85757e-06
9.34349e-06
8.78737e-06
8.25849e-06
7.86606e-06
7.76018e-06
8.10157e-06
8.9966e-06
1.04444e-05
1.23464e-05
1.45423e-05
1.68166e-05
1.88662e-05
2.03013e-05
2.06613e-05
1.94589e-05
1.636e-05
1.14419e-05
6.26118e-06
8.65191e-06
1.67217e-05
2.46421e-05
3.063e-05
3.39459e-05
3.45357e-05
3.28468e-05
2.95785e-05
2.5448e-05
2.10061e-05
1.66039e-05
1.24547e-05
8.73463e-06
5.75182e-06
4.34331e-06
5.28145e-06
7.50539e-06
1.01592e-05
1.31094e-05
1.64966e-05
2.04895e-05
2.49573e-05
2.93731e-05
3.26863e-05
3.30919e-05
3.05578e-05
2.88211e-05
3.08595e-05
4.74611e-05
3.86004e-05
8.59495e-07
8.96169e-07
9.43478e-07
1.00126e-06
1.06962e-06
1.14836e-06
1.23656e-06
1.33245e-06
1.43332e-06
1.53548e-06
1.63425e-06
1.72403e-06
1.79849e-06
1.85086e-06
1.87427e-06
1.86223e-06
1.80916e-06
1.71106e-06
1.56642e-06
1.37791e-06
1.156e-06
9.29067e-07
7.68656e-07
7.97502e-07
1.05274e-06
1.44806e-06
1.91282e-06
2.41055e-06
2.91972e-06
3.42524e-06
3.9158e-06
4.3835e-06
4.82414e-06
5.23785e-06
5.62934e-06
6.0078e-06
6.38574e-06
6.77686e-06
7.19307e-06
7.64119e-06
8.12033e-06
8.62069e-06
9.12393e-06
9.60505e-06
1.00351e-05
1.03844e-05
1.06256e-05
1.07365e-05
1.07019e-05
1.05146e-05
1.01765e-05
9.69914e-06
9.10645e-06
8.44003e-06
7.7698e-06
7.21106e-06
6.93557e-06
7.13919e-06
7.95125e-06
9.35947e-06
1.12475e-05
1.3457e-05
1.57904e-05
1.79871e-05
1.97068e-05
2.05192e-05
1.99547e-05
1.76781e-05
1.3734e-05
1.02216e-05
1.3632e-05
2.24209e-05
3.12658e-05
3.77973e-05
4.10931e-05
4.10768e-05
3.83111e-05
3.37933e-05
2.85464e-05
2.32888e-05
1.83821e-05
1.39795e-05
1.02091e-05
7.3488e-06
5.98811e-06
6.51993e-06
8.29833e-06
1.06246e-05
1.33227e-05
1.65465e-05
2.0495e-05
2.51464e-05
3.02782e-05
3.46964e-05
3.68488e-05
3.73548e-05
3.62224e-05
3.46422e-05
4.72661e-05
3.65234e-05
7.84246e-07
8.01805e-07
8.29455e-07
8.67681e-07
9.17129e-07
9.78005e-07
1.04966e-06
1.13053e-06
1.21814e-06
1.30901e-06
1.39875e-06
1.48213e-06
1.55321e-06
1.60562e-06
1.63282e-06
1.62842e-06
1.5867e-06
1.503e-06
1.37441e-06
1.20077e-06
9.8693e-07
7.49803e-07
5.46007e-07
5.29822e-07
7.76707e-07
1.15804e-06
1.59488e-06
2.0559e-06
2.52352e-06
2.98497e-06
3.43049e-06
3.85335e-06
4.25059e-06
4.62387e-06
4.97997e-06
5.33075e-06
5.69188e-06
6.08032e-06
6.51065e-06
6.99119e-06
7.52087e-06
8.08786e-06
8.66998e-06
9.23683e-06
9.75291e-06
1.01815e-05
1.04884e-05
1.06456e-05
1.06335e-05
1.04421e-05
1.00717e-05
9.53302e-06
8.84957e-06
8.06231e-06
7.24144e-06
6.50787e-06
6.05721e-06
6.13268e-06
6.89115e-06
8.29728e-06
1.02034e-05
1.24486e-05
1.48698e-05
1.72681e-05
1.93625e-05
2.07605e-05
2.09964e-05
1.96469e-05
1.69565e-05
1.65075e-05
2.28685e-05
3.26673e-05
4.17508e-05
4.82851e-05
5.14451e-05
5.08077e-05
4.66974e-05
4.03131e-05
3.31938e-05
2.64965e-05
2.07169e-05
1.59111e-05
1.20549e-05
9.27918e-06
7.90507e-06
8.07443e-06
9.37286e-06
1.12954e-05
1.36937e-05
1.67227e-05
2.06231e-05
2.56452e-05
3.1665e-05
3.72962e-05
4.18806e-05
4.40715e-05
3.97029e-05
3.20174e-05
4.0087e-05
3.0224e-05
6.31546e-07
6.29609e-07
6.38376e-07
6.595e-07
6.94489e-07
7.44034e-07
8.07531e-07
8.83162e-07
9.6807e-07
1.05849e-06
1.14986e-06
1.23695e-06
1.314e-06
1.37485e-06
1.41318e-06
1.42276e-06
1.39782e-06
1.33341e-06
1.22577e-06
1.07296e-06
8.75756e-07
6.40578e-07
3.94817e-07
2.90131e-07
5.23287e-07
8.9097e-07
1.29985e-06
1.72514e-06
2.15282e-06
2.57192e-06
2.97372e-06
3.35234e-06
3.70583e-06
4.03727e-06
4.35566e-06
4.67601e-06
5.01802e-06
5.40302e-06
5.84931e-06
6.36702e-06
6.95417e-06
7.59515e-06
8.26169e-06
8.91582e-06
9.51411e-06
1.00124e-05
1.03705e-05
1.05558e-05
1.05459e-05
1.03294e-05
9.90588e-06
9.28604e-06
8.49302e-06
7.56716e-06
6.57861e-06
5.65566e-06
5.02976e-06
5.0212e-06
5.81542e-06
7.30335e-06
9.2799e-06
1.15964e-05
1.41488e-05
1.68113e-05
1.93601e-05
2.14231e-05
2.24905e-05
2.22367e-05
2.23587e-05
2.69439e-05
3.53249e-05
4.37596e-05
5.09527e-05
5.6925e-05
6.08261e-05
6.11387e-05
5.70117e-05
4.92382e-05
3.98901e-05
3.10267e-05
2.37457e-05
1.81907e-05
1.41207e-05
1.13784e-05
9.9791e-06
9.86802e-06
1.07341e-05
1.22305e-05
1.42726e-05
1.70237e-05
2.09104e-05
2.64259e-05
3.31364e-05
4.04151e-05
4.70909e-05
4.8153e-05
3.85772e-05
2.3934e-05
2.74177e-05
2.5641e-05
5.91173e-07
5.61399e-07
5.40497e-07
5.32561e-07
5.41778e-07
5.70891e-07
6.19992e-07
6.86653e-07
7.66821e-07
8.55603e-07
9.47698e-07
1.03756e-06
1.11941e-06
1.18731e-06
1.23525e-06
1.25733e-06
1.24799e-06
1.20232e-06
1.11636e-06
9.87388e-07
8.14356e-07
5.98554e-07
3.46848e-07
1.32142e-07
3.47965e-07
6.9515e-07
1.06809e-06
1.45134e-06
1.8339e-06
2.20599e-06
2.55951e-06
2.88912e-06
3.19373e-06
3.47808e-06
3.75413e-06
4.04132e-06
4.36493e-06
4.75158e-06
5.22255e-06
5.78717e-06
6.43881e-06
7.15479e-06
7.89919e-06
8.62712e-06
9.28953e-06
9.83799e-06
1.0229e-05
1.04275e-05
1.0409e-05
1.016e-05
9.67795e-06
8.9709e-06
8.05873e-06
6.97728e-06
5.79134e-06
4.63198e-06
3.79011e-06
3.76004e-06
4.75298e-06
6.45114e-06
8.57128e-06
1.10044e-05
1.37178e-05
1.66499e-05
1.96028e-05
2.22105e-05
2.41196e-05
2.63107e-05
3.15967e-05
3.87361e-05
4.35182e-05
4.57513e-05
4.83946e-05
5.37503e-05
6.06354e-05
6.55508e-05
6.51386e-05
5.86503e-05
4.82148e-05
3.7078e-05
2.76334e-05
2.07172e-05
1.60998e-05
1.32732e-05
1.18538e-05
1.15453e-05
1.20479e-05
1.31291e-05
1.47519e-05
1.71403e-05
2.10237e-05
2.67402e-05
3.41832e-05
4.34236e-05
5.06436e-05
5.00512e-05
3.78409e-05
1.88311e-05
1.8261e-05
3.2874e-05
4.60259e-07
4.00385e-07
3.43978e-07
2.98875e-07
2.77276e-07
2.91212e-07
3.42194e-07
4.21094e-07
5.17259e-07
6.22425e-07
7.30197e-07
8.35028e-07
9.31596e-07
1.01455e-06
1.0785e-06
1.1181e-06
1.12827e-06
1.10443e-06
1.0428e-06
9.40632e-07
7.96506e-07
6.10514e-07
3.84425e-07
1.21825e-07
1.61613e-07
4.81298e-07
8.1723e-07
1.16016e-06
1.50052e-06
1.82917e-06
2.13855e-06
2.42415e-06
2.68632e-06
2.9323e-06
3.17772e-06
3.44665e-06
3.76864e-06
4.17231e-06
4.67727e-06
5.28811e-06
5.99284e-06
6.76497e-06
7.56705e-06
8.35408e-06
9.07677e-06
9.6851e-06
1.01321e-05
1.03778e-05
1.03919e-05
1.01551e-05
9.65902e-06
8.90639e-06
7.9113e-06
6.70154e-06
5.32713e-06
3.89321e-06
2.70542e-06
2.59344e-06
3.87027e-06
5.7924e-06
8.01615e-06
1.0485e-05
1.32184e-05
1.61768e-05
1.92088e-05
2.22764e-05
2.62725e-05
3.30875e-05
4.06069e-05
4.2827e-05
3.80281e-05
3.05161e-05
2.69704e-05
3.21442e-05
4.41945e-05
5.72731e-05
6.52225e-05
6.45304e-05
5.61305e-05
4.40533e-05
3.24e-05
2.34619e-05
1.76753e-05
1.44498e-05
1.29662e-05
1.25697e-05
1.28252e-05
1.34925e-05
1.45407e-05
1.63697e-05
1.99544e-05
2.57534e-05
3.44909e-05
4.49986e-05
5.39066e-05
5.49279e-05
4.44992e-05
2.71975e-05
2.81656e-05
4.99439e-05
5.64483e-07
4.82312e-07
3.93772e-07
2.9989e-07
2.04316e-07
1.24857e-07
1.36889e-07
2.32377e-07
3.47442e-07
4.67363e-07
5.86779e-07
7.01575e-07
8.07618e-07
9.00528e-07
9.75706e-07
1.02848e-06
1.0543e-06
1.04898e-06
1.00898e-06
9.31654e-07
8.15572e-07
6.60792e-07
4.69408e-07
2.48256e-07
9.68522e-08
3.32024e-07
6.24003e-07
9.271e-07
1.23005e-06
1.5239e-06
1.80163e-06
2.05947e-06
2.29854e-06
2.52682e-06
2.76035e-06
3.02304e-06
3.34363e-06
3.74986e-06
4.26195e-06
4.88824e-06
5.62394e-06
6.45169e-06
7.34202e-06
8.25349e-06
9.13393e-06
9.92376e-06
1.05618e-05
1.09923e-05
1.11704e-05
1.1065e-05
1.066e-05
9.95416e-06
8.9608e-06
7.70768e-06
6.24013e-06
4.63331e-06
3.05656e-06
2.10652e-06
2.83164e-06
4.56367e-06
6.5914e-06
8.78134e-06
1.11603e-05
1.3794e-05
1.70396e-05
2.20239e-05
2.98031e-05
3.82336e-05
4.25786e-05
3.98195e-05
3.06761e-05
1.8543e-05
7.38531e-06
8.98266e-06
2.22063e-05
3.93401e-05
5.52842e-05
6.32353e-05
6.05659e-05
5.02525e-05
3.75201e-05
2.6413e-05
1.87188e-05
1.44574e-05
1.26621e-05
1.2187e-05
1.22693e-05
1.25186e-05
1.28357e-05
1.39142e-05
1.72792e-05
2.37728e-05
3.31251e-05
4.74246e-05
6.28715e-05
6.62973e-05
5.77734e-05
4.31405e-05
4.66438e-05
7.07162e-05
6.16244e-07
5.37557e-07
4.55109e-07
3.7099e-07
2.90856e-07
2.27635e-07
2.05864e-07
2.43541e-07
3.25793e-07
4.29844e-07
5.42153e-07
6.5486e-07
7.62209e-07
8.59123e-07
9.40716e-07
1.00221e-06
1.03901e-06
1.0469e-06
1.02228e-06
9.62455e-07
8.66006e-07
7.33334e-07
5.6789e-07
3.81078e-07
2.24693e-07
2.81825e-07
5.17553e-07
7.98187e-07
1.08957e-06
1.37721e-06
1.65119e-06
1.90457e-06
2.13426e-06
2.34298e-06
2.54188e-06
2.75377e-06
3.01524e-06
3.37478e-06
3.884e-06
4.58372e-06
5.49193e-06
6.59806e-06
7.86256e-06
9.21949e-06
1.05826e-05
1.18552e-05
1.29426e-05
1.37644e-05
1.42619e-05
1.43997e-05
1.41653e-05
1.35675e-05
1.26339e-05
1.14094e-05
9.95609e-06
8.35472e-06
6.71735e-06
5.2176e-06
4.14612e-06
3.87076e-06
4.45387e-06
5.64128e-06
7.42597e-06
1.02098e-05
1.49403e-05
2.23536e-05
3.13637e-05
4.21236e-05
5.3751e-05
5.70819e-05
5.00748e-05
3.98172e-05
3.29647e-05
3.18146e-05
3.28463e-05
3.63927e-05
4.6249e-05
5.71487e-05
6.02538e-05
5.37853e-05
4.18023e-05
2.927e-05
1.93403e-05
1.3213e-05
1.06878e-05
1.03674e-05
1.07293e-05
1.10162e-05
1.1114e-05
1.2084e-05
1.52995e-05
2.01094e-05
3.338e-05
5.93718e-05
7.95124e-05
8.1376e-05
7.38291e-05
6.19033e-05
6.76208e-05
9.24128e-05
9.22184e-07
8.46911e-07
7.69668e-07
6.92655e-07
6.2057e-07
5.59961e-07
5.19393e-07
5.07779e-07
5.29573e-07
5.81374e-07
6.54334e-07
7.38617e-07
8.25555e-07
9.07822e-07
9.79067e-07
1.03363e-06
1.06646e-06
1.07321e-06
1.05047e-06
9.96157e-07
9.102e-07
7.95772e-07
6.62223e-07
5.32821e-07
4.6016e-07
5.09878e-07
6.72928e-07
8.91066e-07
1.12304e-06
1.34292e-06
1.53123e-06
1.67305e-06
1.76121e-06
1.80596e-06
1.85449e-06
2.01326e-06
2.42868e-06
3.20097e-06
4.34407e-06
5.82513e-06
7.59231e-06
9.57615e-06
1.16864e-05
1.3814e-05
1.58395e-05
1.76458e-05
1.91323e-05
2.02259e-05
2.08844e-05
2.10936e-05
2.08646e-05
2.02293e-05
1.92374e-05
1.79553e-05
1.64667e-05
1.48684e-05
1.32738e-05
1.18059e-05
1.05863e-05
9.69e-06
9.07552e-06
8.59535e-06
8.21178e-06
8.72576e-06
1.33305e-05
2.42588e-05
4.36828e-05
7.13048e-05
8.95131e-05
8.58815e-05
7.06566e-05
5.68072e-05
5.01586e-05
5.02417e-05
5.26089e-05
5.37691e-05
5.45942e-05
5.78989e-05
6.00006e-05
5.54715e-05
4.46812e-05
3.15703e-05
1.97402e-05
1.12984e-05
7.77844e-06
8.79385e-06
1.11281e-05
1.31587e-05
1.44014e-05
1.45522e-05
1.23821e-05
1.81309e-05
4.91548e-05
8.21398e-05
9.84431e-05
9.66861e-05
9.12577e-05
8.15911e-05
8.80074e-05
0.000111876
1.05207e-06
9.84451e-07
9.19339e-07
8.57495e-07
8.02331e-07
7.58321e-07
7.30091e-07
7.21736e-07
7.35457e-07
7.70451e-07
8.22986e-07
8.87447e-07
9.57512e-07
1.02692e-06
1.08986e-06
1.14111e-06
1.17616e-06
1.19135e-06
1.18407e-06
1.15297e-06
1.09826e-06
1.02197e-06
9.28292e-07
8.23781e-07
7.17501e-07
6.20787e-07
5.46467e-07
5.08275e-07
5.23567e-07
6.20085e-07
8.3551e-07
1.20667e-06
1.76519e-06
2.53903e-06
3.5517e-06
4.81873e-06
6.3435e-06
8.11342e-06
1.00974e-05
1.22452e-05
1.44874e-05
1.67403e-05
1.89115e-05
2.09083e-05
2.26465e-05
2.40593e-05
2.51049e-05
2.57672e-05
2.60469e-05
2.59525e-05
2.54988e-05
2.471e-05
2.36226e-05
2.22894e-05
2.07639e-05
1.91138e-05
1.7419e-05
1.5746e-05
1.411e-05
1.24049e-05
1.02715e-05
7.08905e-06
3.70044e-06
1.11372e-05
2.75795e-05
5.2571e-05
8.78258e-05
0.000118961
0.000123026
0.000106422
8.60335e-05
7.37504e-05
7.16978e-05
7.30573e-05
7.42937e-05
7.46846e-05
7.39755e-05
7.19624e-05
6.83149e-05
6.08507e-05
4.88398e-05
3.45454e-05
2.10052e-05
1.0699e-05
7.51957e-06
1.12823e-05
1.54615e-05
1.7947e-05
1.7365e-05
1.16877e-05
9.34603e-06
3.9548e-05
7.9328e-05
0.000105854
0.000114601
0.000111014
0.000109101
9.86892e-05
0.000103122
0.000124694
1.48983e-06
1.45435e-06
1.42504e-06
1.40291e-06
1.3911e-06
1.39225e-06
1.40825e-06
1.44068e-06
1.49062e-06
1.55837e-06
1.64341e-06
1.74466e-06
1.86061e-06
1.98958e-06
2.12986e-06
2.27992e-06
2.43858e-06
2.60512e-06
2.7795e-06
2.96251e-06
3.15597e-06
3.36294e-06
3.58792e-06
3.83706e-06
4.11828e-06
4.44142e-06
4.81813e-06
5.26165e-06
5.78586e-06
6.40344e-06
7.12473e-06
7.95528e-06
8.89308e-06
9.92595e-06
1.10297e-05
1.21672e-05
1.32905e-05
1.43437e-05
1.52702e-05
1.60202e-05
1.6562e-05
1.68848e-05
1.70016e-05
1.69474e-05
1.67713e-05
1.65232e-05
1.62426e-05
1.59501e-05
1.56381e-05
1.52686e-05
1.47798e-05
1.4101e-05
1.31612e-05
1.19205e-05
1.03654e-05
8.45853e-06
6.16953e-06
3.55168e-06
1.75406e-06
4.87383e-06
1.04425e-05
1.85319e-05
3.04491e-05
4.76161e-05
7.1117e-05
0.000103292
0.000139011
0.000152538
0.000140834
0.000122174
0.000102445
9.67122e-05
9.96299e-05
0.000100903
9.90648e-05
9.66939e-05
9.5281e-05
9.27279e-05
8.6358e-05
7.50815e-05
5.97262e-05
4.28108e-05
2.72663e-05
1.5816e-05
1.17952e-05
1.43578e-05
1.69392e-05
1.59112e-05
9.96024e-06
1.25642e-05
3.85722e-05
7.56474e-05
0.00010804
0.000121492
0.000126257
0.000124084
0.000124907
0.000108247
0.00010945
0.000127045
4.16332e-06
4.31178e-06
4.47428e-06
4.64645e-06
4.82927e-06
5.02568e-06
5.23747e-06
5.46599e-06
5.71267e-06
5.97869e-06
6.26476e-06
6.57104e-06
6.89713e-06
7.24198e-06
7.6038e-06
7.98013e-06
8.36778e-06
8.76293e-06
9.16121e-06
9.55777e-06
9.94737e-06
1.03244e-05
1.06827e-05
1.10156e-05
1.13154e-05
1.15724e-05
1.17744e-05
1.19053e-05
1.19442e-05
1.18653e-05
1.16349e-05
1.12124e-05
1.05505e-05
9.59791e-06
8.30284e-06
6.61999e-06
4.51967e-06
2.0095e-06
1.06191e-06
4.30157e-06
7.85708e-06
1.15493e-05
1.52441e-05
1.88227e-05
2.21874e-05
2.52582e-05
2.79586e-05
3.0211e-05
3.19751e-05
3.32637e-05
3.41674e-05
3.4803e-05
3.53107e-05
3.58553e-05
3.66223e-05
3.78464e-05
3.97976e-05
4.27214e-05
4.68764e-05
5.2526e-05
6.00093e-05
6.98182e-05
8.25369e-05
9.87933e-05
0.000120209
0.000147836
0.000164844
0.000157266
0.000147897
0.000134782
0.000118692
0.000115636
0.000118197
0.000119193
0.000118073
0.000116039
0.000115159
0.000114093
0.000108619
9.64712e-05
7.90398e-05
5.98635e-05
4.25403e-05
2.97207e-05
2.25095e-05
1.94619e-05
1.75414e-05
1.86403e-05
2.97553e-05
5.08494e-05
7.90035e-05
0.000107096
0.000121622
0.000125514
0.000133377
0.00013523
0.000134473
0.000106791
0.000106855
0.000116366
1.0958e-05
1.11501e-05
1.1331e-05
1.1499e-05
1.16538e-05
1.17941e-05
1.1919e-05
1.20272e-05
1.21163e-05
1.21836e-05
1.22252e-05
1.22364e-05
1.22115e-05
1.21436e-05
1.20246e-05
1.18448e-05
1.15931e-05
1.12569e-05
1.08216e-05
1.02707e-05
9.58603e-06
8.74691e-06
7.7305e-06
6.51144e-06
5.06188e-06
3.35195e-06
1.3568e-06
9.59723e-07
3.64221e-06
6.75558e-06
1.0319e-05
1.43621e-05
1.89062e-05
2.39576e-05
2.95018e-05
3.54968e-05
4.18672e-05
4.85004e-05
5.52443e-05
6.19129e-05
6.83029e-05
7.42168e-05
7.94998e-05
8.40697e-05
8.79223e-05
9.11147e-05
9.36968e-05
9.56703e-05
9.70261e-05
9.78787e-05
9.83401e-05
9.85399e-05
9.8646e-05
9.8849e-05
9.93686e-05
0.000100423
0.000102205
0.000104873
0.00010848
0.000112927
0.000118087
0.000124013
0.000130966
0.000139418
0.000150145
0.000157063
0.000146588
0.000139482
0.000144411
0.000139746
0.000126559
0.000120691
0.000121733
0.00012523
0.000128336
0.000129909
0.000131651
0.000133097
0.000130079
0.000119438
0.000102287
8.26202e-05
6.44946e-05
5.05302e-05
4.18428e-05
3.92e-05
4.45036e-05
5.81198e-05
7.64013e-05
9.53466e-05
0.000111359
0.000117444
0.000113651
0.000119457
0.000136218
0.000143148
0.000133618
9.8716e-05
0.000101125
9.0565e-05
3.80281e-06
3.00754e-06
2.12891e-06
1.17047e-06
2.27005e-07
9.36362e-07
2.09813e-06
3.34351e-06
4.6699e-06
6.08209e-06
7.58614e-06
9.18904e-06
1.08988e-05
1.27246e-05
1.46764e-05
1.67656e-05
1.90049e-05
2.14086e-05
2.39922e-05
2.67729e-05
2.97693e-05
3.30012e-05
3.64894e-05
4.02548e-05
4.43182e-05
4.86984e-05
5.34113e-05
5.84673e-05
6.387e-05
6.96151e-05
7.56847e-05
8.20461e-05
8.86486e-05
9.54216e-05
0.000102274
0.000109093
0.000115749
0.000122098
0.000127987
0.000133262
0.000137778
0.00014143
0.000144196
0.000146166
0.000147527
0.000148497
0.000149266
0.000149854
0.000150245
0.000150397
0.000150326
0.000150134
0.000149921
0.000149805
0.000149927
0.000150417
0.000151343
0.000152639
0.000154022
0.000155001
0.000155027
0.000153608
0.000150104
0.000143443
0.000131409
0.000110016
9.46863e-05
0.000106872
0.000130885
0.000133691
0.000121996
0.000118093
0.000120392
0.000125287
0.000131727
0.000137633
0.000143219
0.000148036
0.000148198
0.000140152
0.00012466
0.000105968
8.89027e-05
7.71339e-05
7.34962e-05
7.97191e-05
9.32841e-05
0.000108157
0.00011896
0.000122026
0.00011414
9.73549e-05
8.96858e-05
0.000109247
0.000136435
0.000146537
0.000124045
0.000103228
8.03523e-05
5.66755e-05
5.58878e-05
5.81458e-05
6.05644e-05
6.30476e-05
6.55594e-05
6.81137e-05
7.07117e-05
7.33509e-05
7.60338e-05
7.87639e-05
8.15441e-05
8.43775e-05
8.72675e-05
9.02178e-05
9.32321e-05
9.63143e-05
9.94689e-05
0.0001027
0.000106012
0.00010941
0.000112895
0.000116471
0.000120138
0.000123893
0.00012773
0.000131639
0.000135601
0.000139595
0.000143587
0.000147537
0.000151392
0.000155094
0.000158575
0.000161765
0.000164593
0.000166996
0.000168923
0.000170343
0.000171243
0.000171619
0.000171488
0.000170915
0.000170046
0.000169072
0.000168182
0.00016754
0.000167154
0.000167058
0.000167032
0.000167016
0.00016702
0.000166958
0.000166746
0.000166303
0.000165539
0.000164344
0.000162571
0.000160003
0.000156284
0.000150793
0.000142635
0.000130693
0.000113642
9.04198e-05
6.33188e-05
4.42314e-05
4.11498e-05
7.48875e-05
0.000122528
0.000133362
0.000111072
0.00010236
0.000111571
0.000120953
0.000129507
0.000138525
0.000148037
0.00015629
0.000159134
0.000153892
0.000141801
0.000127699
0.000117308
0.000114998
0.000121612
0.000132089
0.000139452
0.000139468
0.000130756
0.000113381
9.05668e-05
7.30009e-05
7.50174e-05
0.000104264
0.000136156
0.000145681
0.00012124
0.000104332
3.75401e-05
7.01424e-05
0.000150345
0.000151957
0.000153768
0.0001555
0.000157154
0.000158764
0.000160329
0.000161847
0.000163321
0.000164753
0.00016614
0.000167483
0.00016878
0.00017003
0.000171228
0.000172372
0.000173458
0.00017448
0.00017543
0.000176302
0.000177084
0.000177764
0.000178326
0.000178752
0.000179019
0.000179101
0.000178971
0.000178597
0.000177948
0.000176991
0.000175702
0.00017406
0.000172057
0.000169704
0.000167033
0.000164104
0.000161012
0.000157888
0.000154897
0.000152232
0.000150068
0.000148494
0.000147476
0.000146866
0.00014647
0.000146084
0.000145669
0.000145003
0.000144042
0.000142816
0.000141331
0.000139534
0.000137303
0.000134448
0.000130774
0.000126108
0.000120318
0.000113328
0.00010506
9.53492e-05
8.3937e-05
7.07207e-05
5.68388e-05
4.73036e-05
4.63041e-05
4.01698e-05
2.94562e-05
6.6177e-05
0.00012473
0.000159989
0.000140327
8.65946e-05
5.2542e-05
6.79224e-05
9.45671e-05
0.000120199
0.000142538
0.000159243
0.00016769
0.000168132
0.000163805
0.000160656
0.000163439
0.000171232
0.000178104
0.000179041
0.00017317
0.000162009
0.000147467
0.000131917
0.000118958
0.000111275
0.000107976
0.000112475
0.000129744
0.000147383
0.000128864
8.00085e-05
5.40861e-05
0.000111371
0.000176133
0.000175414
0.000175016
0.00017461
0.000174161
0.000173655
0.000173083
0.000172441
0.000171724
0.000170921
0.000170023
0.00016902
0.000167901
0.000166654
0.000165268
0.00016373
0.000162029
0.000160149
0.000158076
0.000155794
0.000153286
0.000150534
0.000147518
0.000144219
0.000140616
0.000136692
0.000132429
0.000127815
0.00012284
0.0001175
0.000111798
0.000105745
9.93593e-05
9.26689e-05
8.57081e-05
7.85193e-05
7.11553e-05
6.36837e-05
5.61716e-05
4.86475e-05
4.11026e-05
3.35735e-05
2.61978e-05
1.9195e-05
1.28299e-05
7.63418e-06
4.88138e-06
5.75605e-06
7.54186e-06
9.16303e-06
1.1097e-05
1.4055e-05
1.83348e-05
2.38474e-05
3.0322e-05
3.7442e-05
4.49055e-05
5.24492e-05
5.98694e-05
6.71732e-05
7.49387e-05
8.47527e-05
9.90089e-05
0.00011945
0.00014516
0.000170764
0.000185255
0.000179099
0.000153444
0.000134037
0.000168791
0.000225821
0.000268973
0.000286896
0.000279332
0.000248883
0.000199841
0.000144115
0.00011433
0.000142462
0.000196362
0.000243829
0.000274024
0.000285732
0.000282864
0.000271769
0.000258131
0.000246002
0.000237993
0.000236977
0.000243816
0.000256543
0.000261667
0.000248703
0.00019851
0.000138378
0.000137779
0.000199923
0.000239855
0.000112689
1.90329e-05
1.509e-05
4.71645e-05
7.27383e-05
8.90476e-05
9.8532e-05
0.000104122
0.000107763
0.000109713
0.000109533
0.000106168
9.97038e-05
9.17707e-05
8.41568e-05
7.80987e-05
7.36287e-05
7.06223e-05
6.93776e-05
7.00064e-05
7.22174e-05
7.43387e-05
7.3854e-05
6.96833e-05
6.17131e-05
5.91838e-05
8.47354e-05
0.000134794
0.000193386
0.000249886
0.000299935
0.000341621
0.000374059
0.000396822
0.000409492
0.000410538
0.000401752
0.000384659
0.000359563
0.000327689
0.000290797
0.000250887
0.000210371
0.000172888
0.000144395
0.000132415
0.000139164
0.000158166
0.000181814
0.000206486
0.000232131
0.000257295
0.000275133
0.000279399
0.000272612
0.00026308
0.000256956
0.000254319
0.00024775
0.000229162
0.000200774
0.000177789
0.000180022
0.000208541
0.000246075
0.000275844
0.000287096
0.000277689
0.000249076
0.0002071
0.000166002
0.00014893
0.00016791
0.000206071
0.000243974
0.000272995
0.000292993
0.000307143
0.000316826
0.000321576
0.000321763
0.000318849
0.000314704
0.000310886
0.000308535
0.000308626
0.000312502
0.000321166
0.00033119
0.000332165
0.000311357
0.000263178
0.000209971
0.00020981
0.000264648
0.000310699
0.000315457
0.000280552
0.000218935
0.000234649
0.00039592
2.30842e-05
6.78085e-05
7.09476e-05
6.09821e-05
5.02082e-05
4.08345e-05
3.24545e-05
2.42612e-05
1.5775e-05
6.5254e-06
3.73111e-06
1.29227e-05
1.91601e-05
2.15051e-05
2.01029e-05
1.6572e-05
1.30467e-05
1.05213e-05
8.34215e-06
6.72429e-06
7.86076e-06
1.71472e-05
4.19666e-05
8.64112e-05
0.000141079
0.000186165
0.000209719
0.000211337
0.000193984
0.000163702
0.000127643
9.21704e-05
6.21765e-05
4.36415e-05
4.41347e-05
6.06333e-05
8.25284e-05
0.000102473
0.000118261
0.000129984
0.000138931
0.000145537
0.000148406
0.000145124
0.00013461
0.000118662
0.000100399
8.2797e-05
6.81061e-05
5.89336e-05
6.01002e-05
7.32064e-05
8.62272e-05
8.59707e-05
8.66304e-05
0.000101703
0.000108946
0.000110295
0.000132284
0.000175883
0.000206926
0.000204264
0.000175944
0.000135083
9.41054e-05
7.30351e-05
8.98258e-05
0.000125208
0.00015427
0.000167371
0.000164868
0.000153086
0.000139329
0.000128859
0.000123423
0.000123645
0.000130719
0.000143982
0.00015997
0.000174588
0.000184803
0.000188818
0.000186133
0.000177248
0.000162881
0.000143999
0.000123967
0.000107895
0.000103388
0.000129427
0.000183023
0.000224152
0.000216089
0.000157818
7.64023e-05
7.04641e-05
0.000159855
0.000216068
0.000296003
0.000263613
7.5414e-05
7.90954e-05
4.16737e-05
1.64718e-05
1.24981e-05
1.79446e-05
2.32275e-05
2.76427e-05
3.13413e-05
3.59344e-05
4.04229e-05
4.52916e-05
4.86107e-05
4.88756e-05
4.55356e-05
3.97538e-05
3.3358e-05
2.79214e-05
2.30703e-05
1.90297e-05
2.32265e-05
4.47656e-05
8.50666e-05
0.000130693
0.000161626
0.000168124
0.000151422
0.000120615
8.65325e-05
5.74275e-05
3.68758e-05
2.29282e-05
1.0054e-05
9.98198e-06
3.18174e-05
5.67163e-05
7.99174e-05
9.76717e-05
0.000107755
0.000111142
0.000112261
0.000115965
0.000122754
0.00012758
0.000124737
0.000113183
9.61483e-05
7.8071e-05
6.18144e-05
4.81798e-05
3.82825e-05
3.59074e-05
4.3228e-05
4.86606e-05
3.36654e-05
3.06492e-05
7.96084e-05
0.00012262
0.000160257
0.000188494
0.000189469
0.000167548
0.000140175
0.000110638
7.88199e-05
6.04671e-05
8.10017e-05
0.000119013
0.000150067
0.000164269
0.000160183
0.000143382
0.000121256
9.95778e-05
8.15932e-05
6.85158e-05
5.94833e-05
5.24498e-05
4.61802e-05
4.32142e-05
4.88337e-05
6.11946e-05
7.38189e-05
8.28199e-05
8.71821e-05
8.67521e-05
8.22629e-05
8.01354e-05
9.56312e-05
0.000138254
0.000185572
0.000200675
0.000174874
0.00012064
4.19042e-05
4.88274e-05
0.000143335
0.000186983
0.000251236
0.000209326
0.000103927
3.97108e-05
1.5821e-05
2.29041e-05
2.33543e-05
2.32387e-05
2.19868e-05
2.10207e-05
2.18697e-05
2.50566e-05
3.17531e-05
4.03801e-05
4.799e-05
5.29652e-05
5.42176e-05
5.19876e-05
4.69485e-05
3.92213e-05
2.90263e-05
2.1054e-05
3.01674e-05
6.00018e-05
9.81145e-05
0.000126387
0.000132219
0.000115106
8.41535e-05
5.36504e-05
3.56656e-05
3.26701e-05
3.47976e-05
3.27816e-05
2.30458e-05
1.35088e-05
3.12319e-05
5.85232e-05
8.48158e-05
0.000105268
0.000115121
0.000113226
0.000104569
9.74902e-05
9.82291e-05
0.000104824
0.000108551
0.000103144
8.93346e-05
7.20817e-05
5.62696e-05
4.41233e-05
3.53773e-05
2.94379e-05
2.77733e-05
3.08905e-05
3.03587e-05
2.33703e-05
5.97035e-05
0.000113915
0.000157039
0.000172488
0.000160055
0.000140692
0.000123666
9.92428e-05
6.35245e-05
3.42069e-05
5.79605e-05
0.000100342
0.000136812
0.000157258
0.000157943
0.000142708
0.000119626
9.55191e-05
7.38547e-05
5.5843e-05
4.21891e-05
3.35759e-05
2.98807e-05
2.80179e-05
2.35519e-05
1.43233e-05
4.37481e-06
1.51423e-05
2.965e-05
4.47025e-05
6.02647e-05
7.75204e-05
0.000102901
0.000139828
0.000170215
0.000172375
0.000148136
0.000102727
4.14523e-05
6.16388e-05
0.000136742
0.000175158
0.00021583
0.00015987
0.000102103
1.9409e-05
1.96342e-05
1.57444e-05
1.29365e-05
1.2017e-05
1.15301e-05
9.89406e-06
7.92833e-06
1.16117e-05
2.14196e-05
3.3664e-05
4.64887e-05
5.70293e-05
6.37045e-05
6.5518e-05
6.23499e-05
5.42341e-05
4.13255e-05
2.44141e-05
2.33438e-05
5.3288e-05
8.39941e-05
0.000100046
9.49325e-05
7.30797e-05
4.84666e-05
3.65255e-05
3.85168e-05
4.50746e-05
4.9729e-05
4.80364e-05
3.87814e-05
2.84132e-05
3.43182e-05
5.46663e-05
7.95778e-05
0.000103217
0.000117897
0.000117444
0.000104851
9.03043e-05
8.36645e-05
8.7088e-05
9.29955e-05
9.23845e-05
8.28391e-05
6.77484e-05
5.20988e-05
3.89993e-05
2.89825e-05
2.22504e-05
2.03306e-05
2.46739e-05
3.29287e-05
3.76516e-05
5.74022e-05
0.000103183
0.000142097
0.000149675
0.000135053
0.000121928
0.000109012
8.38322e-05
4.70939e-05
5.67957e-06
3.53635e-05
7.72702e-05
0.000115358
0.000141065
0.000147693
0.000136008
0.000113754
8.93441e-05
6.80122e-05
5.15173e-05
3.92605e-05
2.9842e-05
2.25003e-05
1.76936e-05
1.56788e-05
1.42924e-05
1.0551e-05
4.52334e-06
9.19423e-06
2.29381e-05
4.20363e-05
6.74446e-05
9.92935e-05
0.000132617
0.000152997
0.000150862
0.000130294
9.62929e-05
6.5315e-05
7.98272e-05
0.000128621
0.000157475
0.000182854
0.000132268
8.82646e-05
1.71738e-05
1.43095e-05
1.15904e-05
1.12707e-05
1.21114e-05
1.38859e-05
1.64191e-05
2.02805e-05
2.78102e-05
3.98821e-05
5.49487e-05
7.01066e-05
8.24796e-05
8.99518e-05
9.16939e-05
8.72483e-05
7.57191e-05
5.60768e-05
2.84525e-05
6.12653e-06
4.02936e-05
6.88127e-05
8.21924e-05
7.73946e-05
6.17359e-05
4.8931e-05
4.62253e-05
5.05765e-05
5.74482e-05
6.21192e-05
6.11405e-05
5.51913e-05
4.99977e-05
5.11569e-05
5.89427e-05
7.27564e-05
9.20219e-05
0.000109077
0.000113465
0.00010249
8.5299e-05
7.45031e-05
7.49167e-05
8.03344e-05
8.15448e-05
7.47567e-05
6.22404e-05
4.85362e-05
3.68404e-05
2.76112e-05
2.0225e-05
1.65839e-05
2.11605e-05
3.38756e-05
4.68168e-05
6.31584e-05
9.62528e-05
0.000126032
0.000128885
0.000115525
0.000105682
9.32582e-05
6.99016e-05
4.29843e-05
2.59648e-05
3.60002e-05
6.40167e-05
9.67285e-05
0.000124085
0.000135543
0.000128194
0.00010833
8.48728e-05
6.39922e-05
4.79435e-05
3.63664e-05
2.79695e-05
2.15391e-05
1.63183e-05
1.20754e-05
8.78753e-06
5.88752e-06
2.09849e-06
3.75826e-06
1.31707e-05
2.94836e-05
5.56374e-05
8.94361e-05
0.000120842
0.000137082
0.000133921
0.000116818
9.35011e-05
8.01966e-05
9.00825e-05
0.000121192
0.000139958
0.000158612
0.000116062
7.31381e-05
1.70851e-05
1.46264e-05
1.34917e-05
1.4754e-05
1.82409e-05
2.33072e-05
3.07255e-05
4.04705e-05
5.23767e-05
6.60897e-05
7.99257e-05
9.13091e-05
9.87111e-05
0.000102273
0.00010255
9.87572e-05
8.87745e-05
7.08325e-05
4.83718e-05
3.94172e-05
5.58867e-05
7.71619e-05
8.73247e-05
8.27799e-05
6.97499e-05
5.85509e-05
5.50759e-05
5.87731e-05
6.50795e-05
6.91552e-05
6.861e-05
6.49352e-05
6.21086e-05
6.19814e-05
6.41164e-05
6.95339e-05
8.19204e-05
9.71749e-05
0.000103749
9.53407e-05
7.88096e-05
6.7003e-05
6.59031e-05
7.05394e-05
7.22331e-05
6.68015e-05
5.59861e-05
4.39718e-05
3.38442e-05
2.61478e-05
2.00528e-05
1.66219e-05
1.97792e-05
3.30554e-05
5.08042e-05
6.82751e-05
9.23417e-05
0.000112798
0.000112255
0.000100019
9.08592e-05
7.85924e-05
5.99203e-05
4.40669e-05
3.80722e-05
4.2543e-05
5.79663e-05
8.29028e-05
0.000108646
0.000122521
0.000118554
0.000101183
7.9211e-05
5.94635e-05
4.46541e-05
3.44086e-05
2.71794e-05
2.16932e-05
1.73817e-05
1.39879e-05
1.11767e-05
8.68987e-06
6.79231e-06
7.06036e-06
1.16756e-05
2.34833e-05
4.63913e-05
7.84329e-05
0.000107929
0.000122497
0.000119243
0.000105496
8.98408e-05
8.22777e-05
8.85542e-05
0.000109499
0.000121071
0.000138811
0.000104143
5.89272e-05
1.90236e-05
1.65673e-05
1.74945e-05
2.06359e-05
2.55618e-05
3.23308e-05
4.14531e-05
5.29178e-05
6.5042e-05
7.48913e-05
8.03155e-05
8.07914e-05
7.84873e-05
7.68506e-05
7.78681e-05
8.15268e-05
8.5307e-05
8.51261e-05
7.93555e-05
7.69161e-05
8.64187e-05
9.82037e-05
0.00010207
9.42669e-05
7.91487e-05
6.54462e-05
5.9632e-05
6.18353e-05
6.69253e-05
6.98273e-05
6.86421e-05
6.45592e-05
6.05574e-05
5.89816e-05
5.91246e-05
6.1846e-05
7.13323e-05
8.53079e-05
9.24933e-05
8.57527e-05
7.09323e-05
6.00409e-05
5.85423e-05
6.24687e-05
6.40644e-05
5.92954e-05
4.98516e-05
3.9598e-05
3.11906e-05
2.50716e-05
2.04084e-05
1.77563e-05
1.96322e-05
3.06184e-05
5.02167e-05
6.99026e-05
8.92532e-05
0.000102703
9.95125e-05
8.75031e-05
7.79672e-05
6.63451e-05
5.21553e-05
4.27279e-05
4.03818e-05
4.35741e-05
5.3312e-05
7.26799e-05
9.60282e-05
0.000110661
0.000108946
9.37653e-05
7.34703e-05
5.50482e-05
4.13584e-05
3.20477e-05
2.56324e-05
2.09148e-05
1.73396e-05
1.4714e-05
1.27776e-05
1.12369e-05
1.02272e-05
1.04516e-05
1.31856e-05
2.15192e-05
4.01347e-05
6.84465e-05
9.55893e-05
0.000109183
0.000106273
9.50246e-05
8.28144e-05
7.65494e-05
7.97656e-05
9.45503e-05
0.000102703
0.000122523
9.30857e-05
4.68119e-05
2.10679e-05
1.92969e-05
2.04971e-05
2.34292e-05
2.89478e-05
3.69964e-05
4.69094e-05
5.67936e-05
6.33527e-05
6.2761e-05
5.28041e-05
3.50014e-05
1.51226e-05
1.05479e-05
2.30356e-05
3.83256e-05
5.87007e-05
8.16168e-05
0.000100033
0.000107819
0.00011119
0.000115099
0.000113287
0.000102067
8.46709e-05
6.86932e-05
6.0636e-05
6.06803e-05
6.3814e-05
6.52348e-05
6.27796e-05
5.69464e-05
5.11822e-05
4.8289e-05
4.77943e-05
5.04558e-05
5.99411e-05
7.37296e-05
8.09781e-05
7.5068e-05
6.22764e-05
5.3375e-05
5.22319e-05
5.57042e-05
5.68776e-05
5.22661e-05
4.39044e-05
3.53464e-05
2.86039e-05
2.38512e-05
2.03814e-05
1.84345e-05
1.97477e-05
2.78727e-05
4.6973e-05
6.84958e-05
8.59605e-05
9.49886e-05
8.98354e-05
7.75106e-05
6.73255e-05
5.64042e-05
4.50823e-05
3.85561e-05
3.7451e-05
4.01915e-05
4.78585e-05
6.41111e-05
8.54473e-05
0.000100041
9.96101e-05
8.60862e-05
6.73757e-05
5.03986e-05
3.7986e-05
2.97073e-05
2.40425e-05
1.98511e-05
1.66765e-05
1.44438e-05
1.30433e-05
1.21862e-05
1.17597e-05
1.21281e-05
1.42402e-05
2.06464e-05
3.57045e-05
5.99818e-05
8.44861e-05
9.72376e-05
9.49389e-05
8.50011e-05
7.36875e-05
6.62346e-05
6.64024e-05
7.80436e-05
8.55546e-05
0.000108466
8.23894e-05
3.68961e-05
2.31148e-05
2.04252e-05
2.02529e-05
2.26255e-05
2.85878e-05
3.74156e-05
4.74036e-05
5.54175e-05
5.78706e-05
5.23729e-05
4.19847e-05
3.95521e-05
5.00884e-05
6.06365e-05
6.54142e-05
6.71454e-05
7.30074e-05
8.69871e-05
0.000104942
0.000120789
0.000126358
0.000123541
0.000117091
0.000104077
8.58979e-05
6.88854e-05
5.90545e-05
5.67729e-05
5.7674e-05
5.75833e-05
5.40581e-05
4.71327e-05
3.99014e-05
3.57458e-05
3.51465e-05
3.88189e-05
4.93661e-05
6.3342e-05
7.00416e-05
6.4289e-05
5.36709e-05
4.70608e-05
4.67035e-05
5.00142e-05
5.05069e-05
4.57673e-05
3.84052e-05
3.14758e-05
2.62183e-05
2.25691e-05
1.99956e-05
1.85386e-05
1.96008e-05
2.52836e-05
4.21202e-05
6.46729e-05
8.20108e-05
8.87993e-05
8.24342e-05
6.97005e-05
5.88447e-05
4.83246e-05
3.84116e-05
3.30374e-05
3.24302e-05
3.50408e-05
4.19064e-05
5.65909e-05
7.65096e-05
9.07049e-05
9.08819e-05
7.85604e-05
6.1318e-05
4.58273e-05
3.46835e-05
2.73195e-05
2.22656e-05
1.85001e-05
1.56186e-05
1.35661e-05
1.2335e-05
1.17869e-05
1.17646e-05
1.23734e-05
1.42808e-05
1.95782e-05
3.20451e-05
5.28126e-05
7.47353e-05
8.67285e-05
8.51257e-05
7.57213e-05
6.39062e-05
5.43002e-05
5.16119e-05
6.19369e-05
7.0796e-05
9.65204e-05
7.24686e-05
2.99595e-05
2.35681e-05
1.93147e-05
1.75926e-05
2.0173e-05
2.81106e-05
3.90473e-05
5.04331e-05
5.94733e-05
6.37068e-05
6.31808e-05
6.25185e-05
6.74264e-05
7.55364e-05
8.10594e-05
8.36927e-05
8.47887e-05
9.13758e-05
0.000105051
0.000118134
0.000125382
0.000126316
0.000123886
0.000114415
0.000100395
8.31699e-05
6.66019e-05
5.56576e-05
5.13862e-05
5.03833e-05
4.90239e-05
4.50129e-05
3.80842e-05
3.04101e-05
2.52212e-05
2.45498e-05
2.9326e-05
4.09138e-05
5.4754e-05
6.0018e-05
5.40399e-05
4.57729e-05
4.12963e-05
4.20651e-05
4.52394e-05
4.47347e-05
3.98111e-05
3.3502e-05
2.80578e-05
2.39825e-05
2.1138e-05
1.92045e-05
1.80955e-05
1.89792e-05
2.31185e-05
3.67879e-05
5.921e-05
7.72788e-05
8.34635e-05
7.6665e-05
6.36999e-05
5.22433e-05
4.17952e-05
3.24115e-05
2.72822e-05
2.6709e-05
2.93431e-05
3.60635e-05
5.00067e-05
6.89078e-05
8.24865e-05
8.27743e-05
7.12865e-05
5.5386e-05
4.13847e-05
3.15144e-05
2.50368e-05
2.05454e-05
1.715e-05
1.4517e-05
1.26042e-05
1.14455e-05
1.0999e-05
1.11515e-05
1.18934e-05
1.36686e-05
1.81778e-05
2.86944e-05
4.66088e-05
6.62321e-05
7.76047e-05
7.6708e-05
6.75916e-05
5.48196e-05
4.24893e-05
3.68492e-05
4.75849e-05
5.91275e-05
8.65306e-05
6.37339e-05
2.38472e-05
2.06735e-05
1.71984e-05
1.7035e-05
2.22153e-05
3.19709e-05
4.40847e-05
5.63806e-05
6.64051e-05
7.20552e-05
7.31388e-05
7.19224e-05
7.1552e-05
7.26967e-05
7.51084e-05
7.55818e-05
7.68725e-05
8.57458e-05
0.000102843
0.000119096
0.000127855
0.000124854
0.000113705
0.000105787
9.34037e-05
7.7523e-05
6.22215e-05
5.1079e-05
4.53964e-05
4.30104e-05
4.0827e-05
3.68003e-05
3.05538e-05
2.34517e-05
1.80496e-05
1.73544e-05
2.26984e-05
3.50089e-05
4.80233e-05
5.08402e-05
4.47997e-05
3.89359e-05
3.63729e-05
3.84856e-05
4.10638e-05
3.93468e-05
3.4458e-05
2.92825e-05
2.50787e-05
2.18765e-05
1.96137e-05
1.81457e-05
1.73033e-05
1.79856e-05
2.1238e-05
3.16745e-05
5.27759e-05
7.17957e-05
7.85322e-05
7.20401e-05
5.91441e-05
4.72152e-05
3.66372e-05
2.73243e-05
2.18797e-05
2.10853e-05
2.38546e-05
3.07336e-05
4.43813e-05
6.24922e-05
7.52685e-05
7.52922e-05
6.43729e-05
4.97283e-05
3.72013e-05
2.85553e-05
2.28819e-05
1.88823e-05
1.58139e-05
1.34098e-05
1.16271e-05
1.04895e-05
1.00124e-05
1.01751e-05
1.0959e-05
1.26384e-05
1.65497e-05
2.55243e-05
4.1124e-05
5.88013e-05
6.97139e-05
6.95466e-05
6.08389e-05
4.72797e-05
3.2229e-05
2.32109e-05
3.62557e-05
5.08623e-05
7.82895e-05
5.63196e-05
1.76431e-05
1.70553e-05
1.96307e-05
2.33795e-05
2.93959e-05
3.82459e-05
4.9279e-05
6.05986e-05
6.98052e-05
7.46035e-05
7.41639e-05
6.98988e-05
6.49394e-05
6.3177e-05
6.42903e-05
6.42863e-05
6.69409e-05
7.66281e-05
9.14749e-05
0.000105358
0.000112046
0.000114287
0.000105318
9.09679e-05
8.25159e-05
7.08039e-05
5.70807e-05
4.59931e-05
3.93938e-05
3.60575e-05
3.34609e-05
2.97399e-05
2.44405e-05
1.83089e-05
1.35582e-05
1.29115e-05
1.84033e-05
3.16955e-05
4.25974e-05
4.2283e-05
3.69607e-05
3.32583e-05
3.27128e-05
3.58018e-05
3.70612e-05
3.42758e-05
2.97965e-05
2.57131e-05
2.24386e-05
1.98601e-05
1.80318e-05
1.69162e-05
1.62975e-05
1.67829e-05
1.94967e-05
2.72409e-05
4.60105e-05
6.56854e-05
7.3675e-05
6.8131e-05
5.56672e-05
4.34808e-05
3.27377e-05
2.33124e-05
1.72314e-05
1.59324e-05
1.88705e-05
2.60961e-05
3.96891e-05
5.71084e-05
6.89095e-05
6.83973e-05
5.78729e-05
4.44241e-05
3.33292e-05
2.58324e-05
2.08881e-05
1.73321e-05
1.45616e-05
1.23699e-05
1.0724e-05
9.64312e-06
9.14171e-06
9.23404e-06
9.93984e-06
1.14641e-05
1.48589e-05
2.25468e-05
3.62087e-05
5.22545e-05
6.28477e-05
6.3465e-05
5.54606e-05
4.17278e-05
2.46037e-05
1.1176e-05
2.8968e-05
4.56792e-05
7.14272e-05
5.01079e-05
1.5575e-05
1.40766e-05
2.371e-05
3.16545e-05
3.85153e-05
4.54913e-05
5.34974e-05
6.18762e-05
6.85275e-05
7.11755e-05
6.84558e-05
6.14192e-05
5.41662e-05
5.16384e-05
5.22889e-05
5.45221e-05
6.0373e-05
6.89046e-05
7.85214e-05
8.67386e-05
8.92892e-05
8.7939e-05
8.78905e-05
7.85388e-05
6.79097e-05
6.15561e-05
5.20579e-05
4.16286e-05
3.41172e-05
2.98827e-05
2.70144e-05
2.37278e-05
1.93565e-05
1.43521e-05
1.06399e-05
9.47013e-06
1.65004e-05
3.06589e-05
3.73846e-05
3.44338e-05
3.07347e-05
2.89033e-05
3.04913e-05
3.34027e-05
3.29682e-05
2.96428e-05
2.58637e-05
2.26778e-05
2.00581e-05
1.79496e-05
1.64701e-05
1.56297e-05
1.52008e-05
1.55274e-05
1.77996e-05
2.35646e-05
3.9389e-05
5.91574e-05
6.87671e-05
6.46857e-05
5.29806e-05
4.07449e-05
2.98572e-05
2.02678e-05
1.338e-05
1.13276e-05
1.4566e-05
2.226e-05
3.59065e-05
5.26164e-05
6.32613e-05
6.20329e-05
5.18247e-05
3.95433e-05
2.98154e-05
2.33623e-05
1.90582e-05
1.58933e-05
1.33904e-05
1.13927e-05
9.87359e-06
8.84126e-06
8.3124e-06
8.32468e-06
8.92509e-06
1.0277e-05
1.32176e-05
1.98056e-05
3.17878e-05
4.64291e-05
5.67878e-05
5.82166e-05
5.11855e-05
3.80101e-05
2.0429e-05
1.15863e-06
2.60694e-05
4.2749e-05
6.55297e-05
4.48591e-05
3.79507e-05
3.48964e-05
3.70518e-05
4.16146e-05
4.68901e-05
5.21666e-05
5.68557e-05
6.13926e-05
6.47546e-05
6.48165e-05
6.00331e-05
5.12611e-05
4.25654e-05
3.88843e-05
4.20655e-05
4.982e-05
5.72155e-05
6.00787e-05
6.33149e-05
6.70708e-05
6.69315e-05
6.28341e-05
6.18565e-05
6.27739e-05
5.61588e-05
5.02718e-05
4.58572e-05
3.84276e-05
3.06693e-05
2.52849e-05
2.18895e-05
1.88768e-05
1.52048e-05
1.13152e-05
7.92759e-06
6.3385e-06
1.84456e-05
3.02534e-05
3.13823e-05
2.78513e-05
2.61493e-05
2.63181e-05
2.91958e-05
3.06809e-05
2.88443e-05
2.55974e-05
2.25824e-05
2.00562e-05
1.7911e-05
1.61804e-05
1.49847e-05
1.4354e-05
1.40767e-05
1.43048e-05
1.61953e-05
2.06235e-05
3.33052e-05
5.24253e-05
6.36499e-05
6.14126e-05
5.08524e-05
3.89056e-05
2.8056e-05
1.84258e-05
1.07657e-05
7.53376e-06
1.10961e-05
1.93444e-05
3.30852e-05
4.898e-05
5.82644e-05
5.6177e-05
4.62453e-05
3.51071e-05
2.66618e-05
2.11383e-05
1.73917e-05
1.45727e-05
1.23111e-05
1.04906e-05
9.09581e-06
8.13386e-06
7.60596e-06
7.54532e-06
8.02077e-06
9.18139e-06
1.17054e-05
1.73389e-05
2.7841e-05
4.12439e-05
5.14246e-05
5.36988e-05
4.78731e-05
3.58978e-05
1.97069e-05
6.24596e-06
2.63692e-05
4.10823e-05
6.02483e-05
4.03282e-05
)
;

boundaryField
{
    outlet
    {
        type            zeroGradient;
    }
    inlet
    {
        type            zeroGradient;
    }
    lowerWall
    {
        type            zeroGradient;
    }
    upperWall
    {
        type            zeroGradient;
    }
    frontAndBack
    {
        type            empty;
    }
}


// ************************************************************************* //
