/*--------------------------------*- C++ -*----------------------------------*\
  =========                 |
  \\      /  F ield         | OpenFOAM: The Open Source CFD Toolbox
   \\    /   O peration     | Website:  https://openfoam.org
    \\  /    A nd           | Version:  10
     \\/     M anipulation  |
\*---------------------------------------------------------------------------*/
FoamFile
{
    format      ascii;
    class       volScalarField;
    location    "2000";
    object      epsilon;
}
// * * * * * * * * * * * * * * * * * * * * * * * * * * * * * * * * * * * * * //

dimensions      [0 2 -3 0 0 0 0];

internalField   nonuniform List<scalar> 
6820
(
23.348
22.8004
22.2986
21.7956
21.2906
20.7982
20.3323
19.9019
19.5115
19.1625
18.8539
18.5836
18.3489
18.1467
17.9741
17.8282
17.7063
17.6058
17.5246
17.4604
17.4114
17.3761
17.3527
17.34
17.3368
17.3425
17.3543
17.3764
17.4057
17.3281
17.8934
19.6167
17.1752
5.24751
7.40649
8.54818
9.16403
9.5505
9.84209
10.0968
10.3402
10.583
10.8293
11.08
11.3352
11.5943
11.8565
12.1213
12.3879
12.6557
12.9243
13.1932
13.4621
13.7308
13.9994
14.2681
14.5374
14.8084
15.083
15.3637
15.6567
15.9708
16.2617
16.8366
18.9256
9.81291
3.71892
4.27984
4.80505
5.21582
5.52699
5.76876
5.96505
6.13225
6.28119
6.41896
6.55022
6.67806
6.80447
6.93074
7.05767
7.18573
7.31516
7.44607
7.57847
7.71234
7.84766
7.98439
8.1226
8.26241
8.40413
8.54834
8.69585
8.84847
9.00835
9.17912
9.35578
10.0442
9.30219
3.53759
3.62334
3.7716
3.93765
4.09562
4.23626
4.35855
4.4647
4.55771
4.6405
4.71552
4.78478
4.84987
4.91202
4.97219
5.0311
5.0893
5.14719
5.20509
5.26322
5.32177
5.38089
5.44073
5.50144
5.56323
5.62642
5.69143
5.75901
5.83029
5.90852
5.98707
6.15769
6.27225
3.52015
3.50151
3.51115
3.54399
3.59071
3.64323
3.69626
3.74695
3.79409
3.83738
3.87702
3.9134
3.94701
3.97833
4.0078
4.03583
4.06276
4.08887
4.11442
4.1396
4.1646
4.18957
4.21466
4.24
4.26576
4.29213
4.31936
4.34784
4.37813
4.41145
4.44732
4.49629
4.56209
3.51931
3.48209
3.45346
3.43537
3.42736
3.42746
3.43328
3.44269
3.45406
3.46626
3.4786
3.49064
3.50219
3.51314
3.52352
3.53335
3.54271
3.55169
3.56036
3.56882
3.57715
3.58543
3.59375
3.60218
3.61081
3.61977
3.62919
3.63927
3.65029
3.66271
3.67684
3.69383
3.71662
3.51943
3.47964
3.44271
3.40975
3.38151
3.35815
3.33935
3.32446
3.31276
3.30356
3.29625
3.29035
3.28549
3.28138
3.27783
3.2747
3.2719
3.26936
3.26705
3.26495
3.26305
3.26135
3.25988
3.25865
3.25769
3.25705
3.2568
3.25703
3.25788
3.25952
3.2622
3.26614
3.27188
3.51947
3.47942
3.44105
3.40466
3.37057
3.33904
3.3102
3.28404
3.26042
3.23912
3.21989
3.20246
3.18658
3.17204
3.15865
3.14624
3.13469
3.12388
3.11372
3.10415
3.09512
3.08657
3.07849
3.07085
3.06364
3.05686
3.05053
3.04468
3.03937
3.03467
3.03072
3.02759
3.02535
3.51948
3.47941
3.44084
3.40381
3.36834
3.33453
3.30243
3.27208
3.24351
3.21666
3.19148
3.16788
3.14575
3.12497
3.10544
3.08704
3.06968
3.05327
3.03772
3.02297
3.00895
2.9956
2.98289
2.97077
2.95921
2.9482
2.93772
2.92779
2.9184
2.90959
2.90142
2.89393
2.88708
3.51948
3.47941
3.44082
3.40368
3.36795
3.3336
3.30062
3.26901
3.23875
3.20982
3.18221
3.15587
3.13077
3.10685
3.08406
3.06234
3.04163
3.02187
3.00301
2.98498
2.96775
2.95126
2.93548
2.92036
2.90587
2.89199
2.87871
2.866
2.85386
2.84231
2.83135
2.82101
2.81124
3.51948
3.4794
3.44081
3.40365
3.36787
3.33342
3.30025
3.26831
3.23756
3.20798
3.17954
3.15219
3.12591
3.10066
3.07641
3.05313
3.03076
3.00928
2.98864
2.96881
2.94976
2.93144
2.91382
2.89688
2.88058
2.86491
2.84984
2.83536
2.82146
2.80813
2.79538
2.78321
2.77156
3.51948
3.4794
3.4408
3.40364
3.36785
3.33338
3.30016
3.26815
3.23729
3.20753
3.17884
3.15117
3.1245
3.09877
3.07397
3.05005
3.02699
3.00474
2.98329
2.96261
2.94265
2.9234
2.90483
2.88691
2.86962
2.85294
2.83685
2.82134
2.8064
2.79202
2.77818
2.76489
2.7521
3.51948
3.4794
3.4408
3.40363
3.36784
3.33336
3.30013
3.2681
3.23721
3.20741
3.17866
3.15091
3.12411
3.09824
3.07325
3.04911
3.0258
3.00326
2.98149
2.96045
2.94011
2.92045
2.90144
2.88306
2.86529
2.84812
2.83152
2.81548
2.79999
2.78503
2.7706
2.75668
2.74324
3.51948
3.47939
3.44079
3.40362
3.36783
3.33335
3.30012
3.26808
3.23718
3.20737
3.1786
3.15082
3.12399
3.09808
3.07304
3.04884
3.02544
3.00281
2.98092
2.95975
2.93927
2.91945
2.90027
2.88171
2.86374
2.84635
2.82952
2.81323
2.79748
2.78224
2.76751
2.75327
2.73948
3.51947
3.47939
3.44079
3.40362
3.36782
3.33333
3.3001
3.26806
3.23716
3.20734
3.17856
3.15078
3.12394
3.09802
3.07296
3.04874
3.02531
3.00266
2.98074
2.95953
2.939
2.91913
2.89989
2.88125
2.86321
2.84574
2.82882
2.81243
2.79656
2.7812
2.76633
2.75193
2.73797
3.51947
3.47939
3.44078
3.40361
3.36781
3.33332
3.30009
3.26804
3.23714
3.20732
3.17854
3.15075
3.12391
3.09798
3.07292
3.04869
3.02526
3.00259
2.98067
2.95944
2.9389
2.91901
2.89975
2.8811
2.86303
2.84552
2.82857
2.81214
2.79623
2.78081
2.76587
2.75139
2.73734
3.51947
3.47939
3.44078
3.40361
3.36781
3.33332
3.30008
3.26803
3.23712
3.2073
3.17851
3.15072
3.12388
3.09795
3.07288
3.04865
3.02522
3.00255
2.98062
2.95939
2.93885
2.91895
2.89969
2.88102
2.86295
2.84543
2.82846
2.81202
2.79608
2.78063
2.76566
2.75114
2.73705
3.51947
3.47939
3.44078
3.4036
3.3678
3.33331
3.30007
3.26802
3.23711
3.20728
3.17849
3.1507
3.12386
3.09792
3.07285
3.04862
3.02518
3.00252
2.98058
2.95936
2.93881
2.91891
2.89964
2.88098
2.86289
2.84537
2.8284
2.81194
2.79599
2.78052
2.76553
2.75099
2.73687
3.51947
3.47939
3.44078
3.4036
3.3678
3.3333
3.30006
3.26801
3.23709
3.20727
3.17848
3.15068
3.12383
3.0979
3.07283
3.04859
3.02516
3.00249
2.98055
2.95932
2.93877
2.91887
2.8996
2.88093
2.86285
2.84532
2.82834
2.81188
2.79591
2.78044
2.76543
2.75086
2.73673
3.51947
3.47939
3.44078
3.4036
3.36779
3.3333
3.30005
3.268
3.23708
3.20725
3.17846
3.15066
3.12382
3.09788
3.0728
3.04857
3.02513
3.00246
2.98052
2.95929
2.93874
2.91884
2.89957
2.8809
2.86281
2.84528
2.82829
2.81182
2.79585
2.78036
2.76533
2.75076
2.73661
3.51947
3.47939
3.44077
3.4036
3.36779
3.33329
3.30005
3.26799
3.23707
3.20724
3.17845
3.15065
3.1238
3.09786
3.07279
3.04855
3.02511
3.00243
2.9805
2.95926
2.93871
2.91881
2.89953
2.88086
2.86277
2.84523
2.82824
2.81176
2.79578
2.78028
2.76525
2.75066
2.73649
3.51947
3.47939
3.44077
3.40359
3.36779
3.33329
3.30004
3.26798
3.23706
3.20723
3.17844
3.15064
3.12379
3.09784
3.07277
3.04853
3.02509
3.00241
2.98047
2.95924
2.93868
2.91878
2.8995
2.88082
2.86273
2.84519
2.82819
2.8117
2.79572
2.78021
2.76517
2.75057
2.73639
3.51947
3.47938
3.44077
3.40359
3.36778
3.33329
3.30004
3.26798
3.23706
3.20722
3.17843
3.15063
3.12377
3.09783
3.07275
3.04851
3.02507
3.00239
2.98045
2.95922
2.93866
2.91875
2.89947
2.88079
2.86269
2.84515
2.82814
2.81165
2.79566
2.78014
2.76509
2.75048
2.7363
3.51947
3.47938
3.44077
3.40359
3.36778
3.33328
3.30003
3.26797
3.23705
3.20722
3.17842
3.15062
3.12376
3.09782
3.07274
3.0485
3.02505
3.00238
2.98043
2.9592
2.93864
2.91873
2.89944
2.88076
2.86265
2.84511
2.82809
2.8116
2.7956
2.78008
2.76502
2.7504
2.73621
3.51947
3.47938
3.44077
3.40359
3.36778
3.33328
3.30003
3.26797
3.23705
3.20721
3.17842
3.15061
3.12376
3.09781
3.07273
3.04849
3.02504
3.00236
2.98042
2.95918
2.93861
2.9187
2.89942
2.88073
2.86262
2.84507
2.82805
2.81155
2.79554
2.78002
2.76495
2.75032
2.73612
3.51947
3.47938
3.44077
3.40359
3.36778
3.33328
3.30003
3.26797
3.23705
3.20721
3.17841
3.15061
3.12375
3.0978
3.07272
3.04848
3.02503
3.00235
2.9804
2.95916
2.9386
2.91868
2.89939
2.8807
2.86259
2.84503
2.82801
2.81151
2.79549
2.77996
2.76489
2.75026
2.73605
3.51947
3.47938
3.44077
3.40359
3.36778
3.33328
3.30003
3.26797
3.23704
3.20721
3.17841
3.1506
3.12374
3.0978
3.07272
3.04847
3.02502
3.00234
2.98039
2.95915
2.93858
2.91866
2.89937
2.88068
2.86256
2.845
2.82798
2.81146
2.79545
2.77991
2.76483
2.75019
2.73598
3.51947
3.47938
3.44077
3.40359
3.36778
3.33328
3.30003
3.26796
3.23704
3.20721
3.17841
3.1506
3.12374
3.09779
3.07271
3.04847
3.02502
3.00233
2.98038
2.95914
2.93857
2.91865
2.89935
2.88066
2.86254
2.84497
2.82794
2.81143
2.79541
2.77986
2.76478
2.75014
2.73592
3.51947
3.47938
3.44077
3.40359
3.36778
3.33328
3.30002
3.26796
3.23704
3.2072
3.17841
3.1506
3.12374
3.09779
3.07271
3.04846
3.02501
3.00233
2.98038
2.95913
2.93856
2.91864
2.89934
2.88064
2.86252
2.84495
2.82792
2.8114
2.79537
2.77982
2.76473
2.75009
2.73586
3.51947
3.47938
3.44077
3.40359
3.36778
3.33328
3.30002
3.26796
3.23704
3.2072
3.17841
3.1506
3.12374
3.09779
3.07271
3.04846
3.02501
3.00233
2.98037
2.95912
2.93855
2.91863
2.89933
2.88063
2.8625
2.84493
2.8279
2.81137
2.79535
2.77979
2.7647
2.75005
2.73582
3.51947
3.47938
3.44077
3.40359
3.36778
3.33328
3.30002
3.26796
3.23704
3.20721
3.17841
3.1506
3.12374
3.09779
3.07271
3.04846
3.02501
3.00232
2.98037
2.95912
2.93855
2.91863
2.89932
2.88062
2.8625
2.84493
2.82789
2.81136
2.79534
2.77978
2.76469
2.75004
2.73581
3.51947
3.47938
3.44077
3.40359
3.36778
3.33328
3.30003
3.26797
3.23704
3.20721
3.17841
3.15061
3.12375
3.0978
3.07272
3.04848
3.02503
3.00235
2.9804
2.95915
2.93858
2.91866
2.89937
2.88067
2.86255
2.84499
2.82796
2.81144
2.79542
2.77988
2.76479
2.75015
2.73594
3.51947
3.47938
3.44077
3.40359
3.36778
3.33328
3.30003
3.26797
3.23705
3.20722
3.17842
3.15062
3.12377
3.09783
3.07277
3.04853
3.0251
3.00244
2.98051
2.95929
2.93875
2.91886
2.8996
2.88094
2.86287
2.84535
2.82837
2.8119
2.79594
2.78045
2.76543
2.75085
2.7367
3.51947
3.47938
3.44077
3.40359
3.36778
3.33329
3.30005
3.26801
3.23712
3.20732
3.17857
3.15083
3.12404
3.09817
3.07319
3.04906
3.02573
3.00319
2.9814
2.96033
2.93995
2.92023
2.90116
2.8827
2.86483
2.84753
2.83078
2.81456
2.79884
2.78361
2.76885
2.75455
2.74067
3.51947
3.47938
3.44077
3.40361
3.36785
3.33343
3.30029
3.26839
3.23768
3.20812
3.17965
3.15224
3.12585
3.10044
3.07597
3.05239
3.02968
3.0078
2.98672
2.9664
2.94681
2.92792
2.9097
2.89212
2.87516
2.85878
2.84297
2.82771
2.81295
2.7987
2.78492
2.7716
2.75871
3.51947
3.47942
3.44096
3.40413
3.36894
3.33534
3.30328
3.2727
3.24355
3.21578
3.18932
3.16412
3.14013
3.11727
3.09551
3.07478
3.05502
3.03618
3.01821
3.00105
2.98467
2.96902
2.95404
2.93971
2.92599
2.91283
2.90021
2.88809
2.87645
2.86526
2.8545
2.84413
2.83414
3.5195
3.48076
3.44538
3.41321
3.38398
3.3575
3.33358
3.31206
3.29274
3.27544
3.25996
3.24612
3.23376
3.2227
3.2128
3.20393
3.19596
3.18878
3.18229
3.17641
3.17106
3.16617
3.16168
3.15754
3.1537
3.15012
3.14677
3.14361
3.14061
3.13776
3.13502
3.1324
3.12986
3.52508
3.51485
3.52108
3.53663
3.5586
3.58544
3.6161
3.64966
3.68531
3.72238
3.76029
3.79863
3.83703
3.8752
3.91293
3.95004
3.9864
4.02192
4.05651
4.09013
4.12274
4.15432
4.18487
4.21437
4.24285
4.27031
4.29676
4.32223
4.34674
4.37033
4.393
4.41479
4.43574
3.842
4.3878
4.87741
5.34234
5.79418
6.23448
6.66126
7.07319
7.47026
7.85307
8.22235
8.57887
8.92338
9.25659
9.57912
9.89153
10.1943
10.4879
10.7727
11.049
11.3171
11.5774
11.8301
12.0754
12.3136
12.5449
12.7695
12.9877
13.1996
13.4054
13.6053
13.7996
13.9885
30.2673
32.7691
35.3053
37.8487
40.3862
42.91
45.413
47.8885
50.3297
52.7306
55.0861
57.3914
59.6426
61.8364
63.9702
66.0416
68.0493
69.992
71.8691
73.6803
75.4258
77.1058
78.7212
80.2727
81.7614
83.1888
84.556
85.8648
87.1166
88.3132
89.4563
90.5475
91.5897
410.02
919.939
909.054
756.446
679.401
678.551
701.806
711.489
700.895
678.444
652.337
626.434
601.438
576.744
551.626
525.681
498.844
471.318
443.551
416.212
390.126
366.153
345.053
327.364
313.305
302.723
295.086
289.566
285.2
281.073
276.455
270.834
263.887
255.433
245.429
234.004
221.508
208.539
195.912
184.571
175.427
169.156
165.966
165.479
166.806
168.806
170.407
170.811
169.564
166.516
161.734
155.428
147.894
139.472
130.532
121.44
112.537
104.105
96.3332
89.307
83.0005
77.2995
72.0356
67.0254
62.1041
57.1487
52.0878
46.9034
41.6257
36.3251
31.104
26.088
21.4266
17.2826
13.6885
10.3909
7.79563
8.38653
13.648
21.8098
30.4443
38.1056
44.2771
48.9367
52.256
54.4568
55.7527
56.331
56.3478
55.9289
55.1715
54.1416
52.8919
51.4644
49.8905
48.1844
46.3693
44.3888
42.4962
39.0792
36.0044
188.75
308.166
332.518
318.637
309.201
316.472
338.5
366.713
393.002
413.471
427.336
434.712
435.644
430.22
418.913
402.69
382.909
361.111
338.833
317.461
298.135
281.702
268.684
259.26
253.234
250.036
248.763
248.322
247.622
245.741
242.03
236.121
227.901
217.491
205.242
191.736
177.757
164.231
152.138
142.395
135.701
132.35
132.064
134.008
137.003
139.855
141.614
141.691
139.842
136.091
130.645
123.821
116
107.589
98.9906
90.5724
82.6352
75.3873
68.927
63.2427
58.2309
53.7296
49.5576
45.5496
41.5802
37.5765
33.5189
29.4361
25.3949
21.488
17.8233
14.5174
11.6795
9.31065
7.18659
5.56955
6.56048
11.6251
19.3569
27.6115
35.0479
41.1535
45.8732
49.3391
51.7375
53.2545
54.0563
54.2843
54.0536
53.4533
52.5451
51.381
50.0044
48.4493
46.7342
44.8873
42.8562
40.9165
37.3983
4.70511
22.1893
60.7586
88.9701
100.681
102.422
101.518
103.163
110.689
125.34
145.977
169.703
192.994
212.691
226.604
233.792
234.531
229.996
221.84
211.801
201.445
192.028
184.471
179.372
177.024
177.392
180.073
184.291
188.98
192.966
195.188
194.86
191.55
185.19
176.04
164.644
151.78
138.371
125.396
113.794
104.391
97.838
94.4996
94.2956
96.6081
100.382
104.407
107.617
109.276
109.015
106.776
102.73
97.1897
90.5512
83.241
75.679
68.2445
61.2474
54.9051
49.329
44.5251
40.4102
36.8409
33.6504
30.6822
27.8145
24.9734
22.1343
19.3165
16.5718
13.9698
11.5854
9.49042
7.74441
6.33815
5.08917
4.08878
4.99398
9.36428
16.3029
23.9698
31.0849
37.0941
41.879
45.5149
48.1435
49.9175
50.9796
51.4547
51.447
51.0381
50.2857
49.2418
47.9516
46.4526
44.7686
42.9329
40.9011
38.9612
35.441
5.29797
5.60534
10.6316
17.4201
22.7023
25.688
26.779
27.0074
27.5659
29.5481
33.7789
40.573
49.5145
59.4272
68.8898
76.7
82.1391
85.1077
86.0171
85.5687
84.5455
83.6761
83.5776
84.7497
87.5726
92.2626
98.7696
106.667
115.127
123.039
129.244
132.782
133.066
129.957
123.743
115.062
104.791
93.9036
83.3315
73.8702
66.1418
60.6156
57.6222
57.28
59.3465
63.1388
67.6566
71.8531
74.8856
76.2402
75.7333
73.4473
69.6466
64.7025
59.0306
53.0425
47.107
41.5217
36.4936
32.1328
28.456
25.4023
22.8576
20.6841
18.7483
16.9428
15.1981
13.4845
11.807
10.1951
8.68956
7.33097
6.15423
5.18794
4.43033
3.75892
3.1415
3.74311
7.13835
13
19.8594
26.5077
32.333
37.1356
40.9207
43.7764
45.8165
47.1559
47.9007
48.1429
47.9559
47.3937
46.5074
45.3437
43.9439
42.337
40.5616
38.5826
36.692
33.2624
4.50629
4.36893
4.75075
5.70984
6.82058
7.74927
8.36836
8.69612
8.88425
9.15488
9.73105
10.7786
12.3597
14.4426
16.7981
19.0905
21.0582
22.5615
23.5985
24.282
24.7957
25.3559
26.1889
27.5293
29.6299
32.7635
37.174
42.9486
49.8481
57.2147
64.0647
69.3484
72.2473
72.3748
69.8285
65.1119
58.9768
52.2409
45.6339
39.7077
34.8248
31.2122
29.0425
28.4753
29.5882
32.221
35.8782
39.8143
43.2517
45.5856
46.484
45.8857
43.9421
40.9418
37.2391
33.195
29.1312
25.301
21.8743
18.9386
16.5085
14.5429
12.964
11.6767
10.5867
9.61483
8.70559
7.82962
6.98057
6.16851
5.41137
4.72734
4.13189
3.64032
3.26148
2.93189
2.56308
2.84373
5.18862
9.79259
15.6372
21.6405
27.1468
31.8714
35.7418
38.7857
41.072
42.6837
43.7046
44.2121
44.2707
43.929
43.2363
42.2398
40.9834
39.5012
37.8357
35.9623
34.1693
30.9102
3.73752
3.73589
3.76812
3.88574
4.06646
4.26017
4.42898
4.55212
4.6345
4.70725
4.81565
5.0015
5.29527
5.71212
6.21675
6.74735
7.24475
7.66788
8.00183
8.258
8.46861
8.67985
8.9472
9.33459
9.91867
10.798
12.1002
13.9665
16.4897
19.6094
23.0272
26.2298
28.6408
29.8246
29.6296
28.2061
25.9146
23.1886
20.4171
17.8812
15.7475
14.0986
12.9851
12.4764
12.6806
13.6937
15.4861
17.8162
20.2587
22.3398
23.6847
24.1016
23.5889
22.2922
20.4413
18.2897
16.0672
13.951
12.0555
10.4366
9.1038
8.03529
7.19031
6.51941
5.9724
5.5049
5.0829
4.685
4.30186
3.93373
3.58649
3.26766
2.98456
2.74638
2.56529
2.41852
2.21776
2.27543
3.67845
6.98032
11.6529
16.8262
21.8459
26.3568
30.2091
33.3665
35.8491
37.7034
38.9873
39.7608
40.0771
39.978
39.5088
38.7158
37.6438
36.3306
34.8216
33.1018
31.45
28.4268
3.28158
3.29168
3.30089
3.31524
3.33796
3.36699
3.3975
3.42451
3.44537
3.46298
3.48556
3.52375
3.58801
3.68418
3.80775
3.946
4.08391
4.20901
4.31445
4.39998
4.47136
4.53904
4.61676
4.72077
4.86984
5.08681
5.40139
5.85135
6.4751
7.28971
8.25894
9.273
10.1654
10.769
10.9802
10.7923
10.2837
9.57639
8.79297
8.02983
7.34943
6.78615
6.35903
6.08839
6.01209
6.18918
6.67518
7.47211
8.48697
9.53786
10.4118
10.9385
11.0378
10.7266
10.0927
9.25637
8.3362
7.42657
6.58983
5.85847
5.24239
4.73685
4.32871
4.00054
3.7334
3.50902
3.31181
3.13028
2.95774
2.79201
2.6342
2.4871
2.35413
2.24046
2.15561
2.09709
2.00526
1.96404
2.6597
4.77071
8.20995
12.3988
16.7561
20.891
24.5894
27.7533
30.3522
32.3931
33.9047
34.9263
35.4972
35.65
35.4238
34.8616
34.0072
32.9003
31.5872
30.0612
28.5872
25.8514
3.02475
3.02565
3.02583
3.02393
3.0205
3.01684
3.01368
3.01103
3.00841
3.00588
3.00472
3.00739
3.01698
3.03569
3.06337
3.09734
3.13358
3.1681
3.19812
3.22269
3.24285
3.26131
3.28214
3.31032
3.35146
3.41172
3.49823
3.61935
3.78371
3.99615
4.25109
4.52683
4.78663
4.98863
5.1003
5.10903
5.02357
4.86744
4.66954
4.45657
4.24922
4.06163
3.90295
3.78052
3.70455
3.69217
3.76616
3.94413
4.22186
4.56224
4.9006
5.16565
5.3042
5.29607
5.15376
4.91131
4.60994
4.287
3.97029
3.67721
3.41649
3.19078
2.9989
2.8373
2.70111
2.58475
2.48274
2.39038
2.30432
2.2229
2.14599
2.07447
2.00986
1.95484
1.91516
1.89462
1.86393
1.81205
2.07391
3.23926
5.51624
8.64261
12.1879
15.7805
19.1698
22.2075
24.8157
26.9614
28.6417
29.8722
30.6757
31.0733
31.0952
30.7784
30.1634
29.2892
28.2017
26.8999
25.6309
23.2207
2.88035
2.87382
2.86724
2.8593
2.84958
2.83861
2.82717
2.81591
2.80514
2.79496
2.78558
2.77748
2.77139
2.76794
2.7673
2.76892
2.77174
2.77452
2.77622
2.77634
2.77503
2.77308
2.77189
2.77326
2.77928
2.79212
2.814
2.84718
2.89368
2.95447
3.02796
3.10873
3.18753
3.25327
3.29617
3.31061
3.29617
3.25682
3.19909
3.13016
3.05655
2.98354
2.91511
2.85442
2.8048
2.77109
2.76028
2.77981
2.83326
2.91574
3.01245
3.10231
3.16486
3.18665
3.16411
3.10235
3.01156
2.90321
2.78747
2.67197
2.5617
2.45951
2.36673
2.28358
2.20958
2.14371
2.08463
2.03097
1.98156
1.93573
1.89335
1.85476
1.82068
1.79259
1.77357
1.7673
1.76342
1.73493
1.79343
2.32259
3.64086
5.74324
8.3954
11.3076
14.2346
17.0007
19.4912
21.6372
23.4041
24.7825
25.7762
26.3923
26.6497
26.577
26.2087
25.5805
24.7357
23.677
22.6299
20.5703
2.80075
2.78953
2.77843
2.76669
2.75392
2.74022
2.72599
2.71166
2.6976
2.68401
2.67099
2.65863
2.64705
2.63632
2.62644
2.61724
2.60839
2.59947
2.59012
2.58012
2.5695
2.55851
2.5477
2.53782
2.52977
2.52452
2.52302
2.52611
2.53444
2.54821
2.56689
2.58882
2.61125
2.63074
2.644
2.6486
2.64351
2.62898
2.60627
2.57718
2.54363
2.50748
2.47038
2.43378
2.39916
2.36825
2.34343
2.32752
2.3228
2.32956
2.34508
2.36393
2.37951
2.3861
2.38029
2.36143
2.33099
2.29166
2.2464
2.19788
2.14818
2.09883
2.0509
2.00509
1.96184
1.92137
1.88373
1.84884
1.81656
1.78688
1.75992
1.73595
1.71543
1.69929
1.68924
1.68737
1.69101
1.6833
1.68
1.86081
2.50298
3.74385
5.52785
7.688
10.0318
12.3895
14.6291
16.6562
18.4092
19.8539
20.9747
21.763
22.2245
22.3768
22.2458
21.8616
21.2627
20.4533
19.6338
17.9361
2.75872
2.7446
2.7306
2.71633
2.70153
2.68616
2.67041
2.65452
2.63875
2.62328
2.60822
2.5936
2.57944
2.56568
2.55224
2.53898
2.52575
2.51235
2.49862
2.48446
2.46986
2.45493
2.4399
2.42513
2.41105
2.39819
2.38706
2.37812
2.37173
2.36803
2.36687
2.36771
2.3696
2.37133
2.37158
2.36921
2.36339
2.35369
2.34004
2.32268
2.30201
2.27859
2.25308
2.22619
2.19872
2.17158
2.14585
2.1228
2.10365
2.08917
2.07928
2.07286
2.06803
2.0627
2.05513
2.04423
2.0296
2.01142
1.99016
1.96643
1.94084
1.91395
1.8863
1.85837
1.83062
1.80344
1.77721
1.75224
1.72878
1.70708
1.68745
1.67017
1.65563
1.64449
1.63781
1.63652
1.63982
1.64048
1.63181
1.66891
1.91539
2.53663
3.58943
5.02435
6.73134
8.58123
10.4521
12.2414
13.8705
15.2858
16.4531
17.3487
17.9638
18.3034
18.3831
18.2247
17.8602
17.2931
16.6955
15.3567
2.73784
2.72196
2.70618
2.69028
2.6741
2.6576
2.64084
2.62398
2.60717
2.59054
2.5742
2.55818
2.54249
2.52707
2.51185
2.49672
2.48153
2.46619
2.45057
2.43462
2.4183
2.40167
2.38483
2.36797
2.35133
2.33523
2.31999
2.30595
2.29337
2.28244
2.27318
2.26543
2.25884
2.2529
2.24698
2.24043
2.23263
2.22307
2.21139
2.19735
2.18087
2.16203
2.14107
2.11834
2.09436
2.06972
2.04512
2.02133
1.99912
1.97913
1.96172
1.94688
1.9342
1.92298
1.91246
1.90191
1.89073
1.87853
1.86506
1.85022
1.83399
1.81649
1.79788
1.77841
1.7584
1.73819
1.71815
1.69862
1.67995
1.66246
1.6465
1.63237
1.62042
1.61112
1.60517
1.60298
1.60389
1.60489
1.60019
1.59816
1.66304
1.91191
2.43982
3.27395
4.38163
5.69274
7.12007
8.57483
9.97732
11.2638
12.3873
13.3114
14.0137
14.4864
14.7335
14.7671
14.6105
14.265
13.8725
12.8749
2.72816
2.71127
2.69444
2.67756
2.66052
2.64329
2.6259
2.60843
2.59098
2.57364
2.55649
2.53958
2.52291
2.50646
2.49016
2.47393
2.45768
2.4413
2.42473
2.40789
2.39076
2.37335
2.35573
2.33799
2.3203
2.30285
2.28588
2.26964
2.25436
2.24024
2.22738
2.21576
2.20526
2.19562
2.18646
2.17735
2.16781
2.15738
2.14565
2.13228
2.11707
2.09991
2.08086
2.06012
2.03803
2.01504
1.99168
1.96854
1.94619
1.92516
1.90585
1.88847
1.87302
1.8593
1.84695
1.83554
1.82459
1.81366
1.80236
1.7904
1.77758
1.76379
1.74906
1.73348
1.71726
1.70063
1.68389
1.66735
1.65132
1.63611
1.62204
1.60939
1.59845
1.58959
1.58325
1.5796
1.57798
1.57668
1.57284
1.56528
1.57009
1.64057
1.85289
2.26397
2.89065
3.71426
4.69108
5.76249
6.86457
7.93728
8.92995
9.79936
10.5133
11.0527
11.4103
11.588
11.5995
11.4425
11.2274
10.5388
2.72397
2.70653
2.68912
2.67168
2.65415
2.6365
2.61875
2.60093
2.58311
2.56537
2.54775
2.53029
2.51301
2.4959
2.47891
2.46199
2.44506
2.42805
2.4109
2.39356
2.37599
2.3582
2.34022
2.32212
2.304
2.28601
2.26832
2.25113
2.23464
2.21903
2.20442
2.19086
2.17831
2.16661
2.15552
2.14471
2.1338
2.12238
2.11009
2.0966
2.08165
2.06512
2.04698
2.02735
2.00647
1.98468
1.96242
1.94016
1.91839
1.89756
1.87803
1.86004
1.84369
1.82893
1.81559
1.80338
1.79193
1.78089
1.76988
1.75859
1.74678
1.73431
1.72112
1.70724
1.6928
1.67796
1.66295
1.64802
1.63343
1.61944
1.60631
1.5943
1.58365
1.57461
1.56746
1.56223
1.55834
1.55453
1.54927
1.54119
1.53256
1.53938
1.59933
1.76062
2.05938
2.50826
3.09777
3.80111
4.5795
5.38859
6.18482
6.92678
7.57888
8.1149
8.51884
8.78346
8.9128
8.90045
8.82632
8.40113
2.72223
2.70451
2.6868
2.66906
2.65127
2.6334
2.61545
2.59746
2.57947
2.56151
2.54363
2.52586
2.50822
2.4907
2.47328
2.45591
2.43854
2.42113
2.40362
2.38597
2.36815
2.35016
2.33202
2.31378
2.2955
2.27731
2.25934
2.24174
2.22467
2.2083
2.19275
2.17808
2.16428
2.15127
2.13886
2.12679
2.11477
2.10246
2.08952
2.07567
2.06068
2.04439
2.02676
2.00786
1.98786
1.96703
1.94572
1.92433
1.90328
1.88295
1.86366
1.84565
1.82903
1.81381
1.79988
1.78704
1.77501
1.76348
1.75216
1.74076
1.72906
1.71691
1.70423
1.69103
1.67738
1.6634
1.64927
1.63518
1.62134
1.60797
1.59528
1.58348
1.57275
1.56328
1.55521
1.5485
1.54264
1.53667
1.52955
1.52048
1.50945
1.49984
1.50405
1.54663
1.65784
1.86159
2.16803
2.57303
3.06043
3.60534
4.17826
4.74737
5.28117
5.75259
6.14132
6.43383
6.6263
6.70874
6.73316
6.51497
2.72149
2.70362
2.68576
2.66787
2.64995
2.63197
2.61394
2.59587
2.57779
2.55973
2.54173
2.5238
2.50595
2.48819
2.4705
2.45285
2.43521
2.41754
2.39981
2.38197
2.36401
2.34592
2.32772
2.30943
2.29113
2.27288
2.25481
2.23703
2.21967
2.20288
2.18675
2.17136
2.15671
2.14274
2.12933
2.11628
2.10333
2.09023
2.07668
2.06243
2.04728
2.03108
2.01378
1.99541
1.9761
1.95607
1.93559
1.915
1.89465
1.87486
1.85593
1.83806
1.82137
1.80589
1.79155
1.77819
1.7656
1.75354
1.74174
1.72998
1.71806
1.70583
1.69322
1.68023
1.66689
1.6533
1.63959
1.62592
1.61245
1.59937
1.58683
1.57501
1.56403
1.55403
1.54507
1.53704
1.52952
1.52176
1.51297
1.50265
1.49064
1.47756
1.46646
1.46577
1.49069
1.56008
1.68991
1.88828
2.15399
2.47764
2.84373
3.23275
3.62223
3.98999
4.31661
4.58662
4.79148
4.9192
4.99892
4.92596
2.72114
2.70319
2.68524
2.66727
2.64927
2.63124
2.61317
2.59507
2.57697
2.55887
2.5408
2.52278
2.50482
2.48692
2.46907
2.45125
2.43344
2.41561
2.39773
2.37978
2.36175
2.34362
2.32541
2.30714
2.28885
2.27062
2.25253
2.23468
2.21717
2.20011
2.1836
2.16769
2.15241
2.13771
2.1235
2.10964
2.09591
2.08211
2.068
2.05336
2.03802
2.02184
2.00477
1.98681
1.96806
1.94869
1.92893
1.90904
1.88932
1.87005
1.85147
1.83378
1.81708
1.80143
1.78676
1.77297
1.75988
1.7473
1.73502
1.72283
1.71057
1.69812
1.6854
1.6724
1.65914
1.6457
1.63217
1.61869
1.60538
1.59239
1.57985
1.56788
1.55658
1.54603
1.53624
1.52708
1.51817
1.50893
1.49877
1.48729
1.47441
1.46029
1.44566
1.43277
1.42691
1.43716
1.47502
1.55101
1.67134
1.83639
2.041
2.2757
2.52756
2.78169
3.02323
3.23862
3.41821
3.55031
3.64769
3.66049
2.72092
2.70292
2.68492
2.6669
2.64887
2.6308
2.61271
2.5946
2.57648
2.55837
2.54027
2.5222
2.50417
2.48618
2.46823
2.45031
2.43239
2.41446
2.39649
2.37848
2.36041
2.34227
2.32407
2.30584
2.2876
2.26941
2.25134
2.23346
2.21586
2.19863
2.18184
2.16555
2.14978
2.1345
2.11965
2.1051
2.09072
2.07632
2.06171
2.04671
2.03117
2.01496
1.99804
1.9804
1.96211
1.94329
1.92413
1.90484
1.88568
1.86687
1.84862
1.83111
1.81443
1.79864
1.78371
1.76954
1.75602
1.74297
1.73022
1.71761
1.705
1.69228
1.67937
1.66626
1.65297
1.63955
1.62608
1.61265
1.59938
1.58637
1.57373
1.56156
1.54992
1.53884
1.5283
1.51816
1.5081
1.49765
1.48635
1.47392
1.46026
1.4455
1.42989
1.41404
1.39944
1.38923
1.38866
1.40454
1.44355
1.51023
1.60564
1.72723
1.86933
2.02373
2.18093
2.33115
2.46624
2.57658
2.66529
2.71504
2.72075
2.70272
2.68469
2.66664
2.64857
2.63049
2.61238
2.59426
2.57613
2.558
2.53989
2.52179
2.50372
2.48567
2.46765
2.44965
2.43166
2.41366
2.39565
2.37759
2.3595
2.34137
2.32319
2.305
2.28681
2.26867
2.25062
2.23274
2.21509
2.19773
2.18074
2.16415
2.14799
2.13225
2.11687
2.10177
2.08684
2.07192
2.05687
2.04154
2.0258
2.00955
1.99273
1.97533
1.95739
1.93902
1.92036
1.90159
1.8829
1.86449
1.84654
1.8292
1.81256
1.79667
1.78151
1.76704
1.75313
1.73966
1.7265
1.7135
1.70054
1.68753
1.67441
1.66116
1.64778
1.63431
1.62081
1.60737
1.59406
1.58098
1.5682
1.55578
1.54379
1.53221
1.52101
1.51003
1.499
1.48756
1.47534
1.46211
1.44782
1.43255
1.41646
1.39979
1.383
1.36699
1.35358
1.3457
1.34724
1.36226
1.39385
1.44317
1.50925
1.58886
1.67708
1.76796
1.8558
1.93372
2.00051
2.05434
2.72061
2.70256
2.68449
2.66642
2.64833
2.63022
2.6121
2.59397
2.57583
2.55769
2.53956
2.52144
2.50334
2.48525
2.46718
2.44913
2.43109
2.41304
2.39498
2.37691
2.3588
2.34067
2.32252
2.30436
2.28621
2.26811
2.25009
2.23221
2.21452
2.19707
2.17992
2.1631
2.14664
2.13052
2.11471
2.09916
2.08376
2.06841
2.05298
2.03736
2.02143
2.00512
1.98835
1.97113
1.95348
1.93547
1.91722
1.89887
1.88058
1.86252
1.84483
1.82764
1.81104
1.79508
1.77975
1.765
1.75077
1.73695
1.72341
1.71006
1.69678
1.6835
1.67016
1.65674
1.64323
1.62968
1.61611
1.60261
1.58922
1.57602
1.56307
1.55041
1.53807
1.52603
1.51423
1.50254
1.49071
1.47844
1.46546
1.45159
1.43678
1.42109
1.40466
1.38765
1.37025
1.35276
1.33575
1.3202
1.30772
1.30045
1.30074
1.31051
1.33081
1.36138
1.40062
1.44569
1.49335
1.53925
1.58122
1.62188
2.72048
2.70241
2.68432
2.66623
2.64812
2.62999
2.61186
2.59372
2.57557
2.55741
2.53926
2.52112
2.50299
2.48487
2.46677
2.44868
2.43059
2.41251
2.39442
2.37632
2.35821
2.34008
2.32194
2.30381
2.28569
2.26762
2.24962
2.23174
2.21402
2.1965
2.17922
2.16222
2.1455
2.12908
2.11293
2.097
2.08121
2.0655
2.04975
2.03387
2.01777
2.00137
1.98464
1.96754
1.95011
1.93239
1.91448
1.89648
1.87852
1.86075
1.84329
1.82624
1.80969
1.79367
1.77819
1.76323
1.74872
1.73459
1.72073
1.70706
1.69349
1.67995
1.6664
1.6528
1.63916
1.6255
1.61184
1.59824
1.58475
1.57141
1.55828
1.54537
1.5327
1.52024
1.50791
1.4956
1.48309
1.47014
1.45654
1.44214
1.4269
1.41089
1.3942
1.37697
1.35933
1.34144
1.32349
1.30582
1.28897
1.27379
1.26142
1.25314
1.25008
1.253
1.26198
1.27626
1.29453
1.31447
1.3347
1.35639
2.72036
2.70227
2.68417
2.66605
2.64793
2.62979
2.61164
2.59348
2.57532
2.55715
2.53899
2.52082
2.50267
2.48452
2.46639
2.44826
2.43014
2.41203
2.39391
2.3758
2.35767
2.33955
2.32142
2.3033
2.2852
2.26715
2.24917
2.23128
2.21353
2.19594
2.17856
2.1614
2.14449
2.12782
2.11139
2.09514
2.07904
2.06302
2.04699
2.03089
2.01463
1.99816
1.98143
1.96442
1.94715
1.92966
1.91201
1.8943
1.87662
1.8591
1.84183
1.8249
1.80839
1.79234
1.77675
1.76161
1.74687
1.73247
1.71833
1.70438
1.69055
1.67678
1.66302
1.64925
1.63547
1.62168
1.60792
1.59421
1.58059
1.56711
1.55378
1.54063
1.52765
1.5148
1.50201
1.48916
1.47608
1.46257
1.44845
1.43362
1.41804
1.40176
1.38487
1.36748
1.34972
1.33168
1.31349
1.29528
1.27724
1.25967
1.24301
1.22786
1.21487
1.20469
1.19779
1.19429
1.19402
1.19595
1.20011
1.20386
2.72026
2.70215
2.68403
2.6659
2.64776
2.6296
2.61144
2.59327
2.57509
2.55691
2.53872
2.52054
2.50237
2.4842
2.46603
2.44788
2.42973
2.41159
2.39345
2.37532
2.35718
2.33905
2.32093
2.30282
2.28473
2.26669
2.24871
2.23081
2.21303
2.19539
2.17792
2.16063
2.14356
2.12669
2.11002
2.09352
2.07715
2.06087
2.04461
2.02831
2.01191
1.99536
1.97862
1.96167
1.94452
1.92721
1.90977
1.89229
1.87484
1.85752
1.84041
1.82359
1.80712
1.79104
1.77536
1.76007
1.74514
1.73052
1.71614
1.70195
1.68789
1.6739
1.65995
1.64602
1.63209
1.61818
1.6043
1.59047
1.57672
1.56309
1.54957
1.53618
1.52291
1.50971
1.49651
1.48321
1.46964
1.45566
1.44112
1.42593
1.41007
1.39358
1.37655
1.35905
1.34121
1.32311
1.30485
1.2865
1.26817
1.24997
1.23207
1.2147
1.19814
1.18274
1.16884
1.15668
1.14649
1.13779
1.13184
1.12204
2.72016
2.70204
2.6839
2.66576
2.6476
2.62943
2.61125
2.59307
2.57487
2.55668
2.53848
2.52028
2.50208
2.48389
2.46571
2.44753
2.42935
2.41119
2.39303
2.37487
2.35673
2.33859
2.32046
2.30235
2.28427
2.26623
2.24824
2.23033
2.21252
2.19483
2.17728
2.15989
2.14268
2.12564
2.10878
2.09207
2.07548
2.05898
2.04252
2.02605
2.00952
1.99289
1.97613
1.95922
1.94216
1.92498
1.90771
1.89041
1.87315
1.85599
1.83902
1.82229
1.80587
1.78977
1.77402
1.75861
1.74351
1.7287
1.71412
1.69972
1.68545
1.67127
1.65715
1.64306
1.62899
1.61496
1.60096
1.58701
1.57313
1.55934
1.54565
1.53204
1.51851
1.505
1.49144
1.47774
1.46377
1.4494
1.43451
1.41904
1.40296
1.38631
1.36916
1.3516
1.33371
1.31559
1.29731
1.27894
1.26055
1.24222
1.22401
1.20601
1.18836
1.17118
1.15465
1.13892
1.12424
1.11023
1.09893
1.08063
2.72006
2.70194
2.68379
2.66563
2.64746
2.62927
2.61108
2.59288
2.57467
2.55646
2.53825
2.52003
2.50182
2.48361
2.4654
2.4472
2.429
2.41082
2.39264
2.37447
2.3563
2.33815
2.32002
2.3019
2.28382
2.26577
2.24778
2.22985
2.21201
2.19427
2.17666
2.15918
2.14185
2.12468
2.10765
2.09076
2.07399
2.05731
2.04068
2.02406
2.00742
1.99071
1.97392
1.95703
1.94004
1.92295
1.90581
1.88866
1.87155
1.85453
1.83767
1.82102
1.80463
1.78852
1.77271
1.75721
1.74198
1.72701
1.71225
1.69767
1.68323
1.66888
1.6546
1.64037
1.62618
1.61203
1.59791
1.58385
1.56985
1.55592
1.54206
1.52825
1.51448
1.5007
1.48684
1.47281
1.45851
1.44382
1.42865
1.41295
1.3967
1.37993
1.36271
1.3451
1.3272
1.30907
1.2908
1.27244
1.25407
1.23572
1.21746
1.19933
1.18138
1.16368
1.1463
1.12931
1.11289
1.09661
1.08292
1.06013
2.71998
2.70184
2.68368
2.66551
2.64733
2.62913
2.61093
2.59271
2.57449
2.55626
2.53803
2.5198
2.50157
2.48334
2.46512
2.4469
2.42868
2.41047
2.39228
2.37409
2.35591
2.33775
2.3196
2.30148
2.28338
2.26533
2.24732
2.22937
2.2115
2.19373
2.17605
2.1585
2.14107
2.12378
2.10662
2.08959
2.07266
2.05582
2.03905
2.0223
2.00556
1.98878
1.97196
1.95507
1.93812
1.92112
1.90408
1.88704
1.87004
1.85314
1.83637
1.81979
1.80343
1.78732
1.77148
1.75589
1.74056
1.72546
1.71056
1.69583
1.68124
1.66675
1.65234
1.63799
1.62369
1.60943
1.59522
1.58106
1.56695
1.55289
1.53889
1.52492
1.51095
1.49694
1.48283
1.46854
1.45396
1.43902
1.42363
1.40775
1.39137
1.37452
1.35725
1.33963
1.32172
1.3036
1.28535
1.26702
1.24867
1.23035
1.21209
1.19395
1.17595
1.15813
1.14052
1.12314
1.10613
1.08902
1.07441
1.04959
2.7199
2.70175
2.68359
2.66541
2.64721
2.629
2.61079
2.59256
2.57432
2.55608
2.53784
2.51959
2.50134
2.4831
2.46486
2.44662
2.42838
2.41016
2.39194
2.37374
2.35554
2.33737
2.31921
2.30108
2.28297
2.2649
2.24688
2.22891
2.21101
2.1932
2.17547
2.15785
2.14034
2.12295
2.10568
2.08853
2.07147
2.05451
2.03761
2.02076
2.00392
1.98709
1.97023
1.95334
1.93642
1.91947
1.90251
1.88557
1.86867
1.85186
1.83518
1.81866
1.80234
1.78624
1.77036
1.75473
1.73932
1.72413
1.70912
1.69428
1.67957
1.66497
1.65046
1.63602
1.62164
1.60731
1.59303
1.57879
1.5646
1.55046
1.53634
1.52224
1.50812
1.49393
1.47962
1.46511
1.45033
1.43519
1.41963
1.40362
1.38715
1.37024
1.35293
1.3353
1.3174
1.2993
1.28107
1.26277
1.24444
1.22615
1.20791
1.18979
1.17179
1.15395
1.13629
1.11882
1.10165
1.08427
1.06937
1.04378
2.71984
2.70168
2.6835
2.66531
2.6471
2.62889
2.61066
2.59242
2.57417
2.55592
2.53766
2.5194
2.50114
2.48288
2.46462
2.44636
2.42812
2.40987
2.39164
2.37342
2.35521
2.33702
2.31885
2.3007
2.28259
2.2645
2.24647
2.22848
2.21056
2.1927
2.17494
2.15726
2.13968
2.12222
2.10485
2.0876
2.07044
2.05337
2.03638
2.01943
2.00253
1.98564
1.96876
1.95187
1.93497
1.91807
1.90118
1.88432
1.86752
1.8508
1.8342
1.81775
1.80148
1.7854
1.76954
1.75388
1.73844
1.72319
1.70813
1.69322
1.67845
1.66379
1.64923
1.63474
1.62032
1.60596
1.59165
1.57738
1.56315
1.54895
1.53477
1.52058
1.50635
1.49203
1.47757
1.4629
1.44795
1.43266
1.41696
1.40085
1.38429
1.36733
1.35
1.33236
1.31446
1.29638
1.27816
1.25988
1.24157
1.2233
1.20509
1.18698
1.169
1.15118
1.13353
1.11605
1.09887
1.08145
1.0665
1.04072
2.71978
2.70161
2.68343
2.66523
2.64701
2.62879
2.61055
2.5923
2.57404
2.55578
2.53751
2.51924
2.50096
2.48269
2.46441
2.44615
2.42788
2.40963
2.39138
2.37315
2.35493
2.33673
2.31855
2.30039
2.28226
2.26417
2.24612
2.22811
2.21017
2.19229
2.17449
2.15678
2.13915
2.12162
2.1042
2.08687
2.06964
2.05249
2.03542
2.01842
2.00147
1.98455
1.96766
1.95079
1.93393
1.91709
1.90028
1.88352
1.86682
1.85021
1.83372
1.81736
1.80117
1.78517
1.76935
1.75373
1.73831
1.72308
1.70802
1.69312
1.67835
1.6637
1.64915
1.63468
1.62029
1.60595
1.59166
1.57742
1.56319
1.54899
1.53478
1.52053
1.50622
1.4918
1.47722
1.46241
1.44732
1.43189
1.41607
1.39985
1.38322
1.3662
1.34883
1.33116
1.31326
1.29518
1.27697
1.25871
1.24043
1.22218
1.204
1.18594
1.16801
1.15023
1.13265
1.11524
1.09813
1.08079
1.06592
1.04026
2.71973
2.70156
2.68337
2.66516
2.64694
2.62871
2.61046
2.59221
2.57394
2.55567
2.53739
2.51911
2.50083
2.48255
2.46427
2.44599
2.42772
2.40946
2.39121
2.37297
2.35475
2.33654
2.31836
2.3002
2.28208
2.26398
2.24593
2.22793
2.20999
2.1921
2.17429
2.15656
2.13892
2.12137
2.10391
2.08656
2.06929
2.05212
2.03503
2.01801
2.00106
1.98417
1.96732
1.95051
1.93373
1.917
1.90032
1.8837
1.86715
1.85071
1.83438
1.81818
1.80215
1.78629
1.77061
1.75511
1.73981
1.72468
1.70972
1.69491
1.68024
1.66569
1.65124
1.63686
1.62256
1.60831
1.5941
1.57991
1.56572
1.55153
1.5373
1.52301
1.50862
1.49408
1.47936
1.4644
1.44914
1.43354
1.41758
1.40122
1.38449
1.36739
1.34997
1.33228
1.31437
1.29631
1.27815
1.25994
1.24174
1.22359
1.20553
1.1876
1.16981
1.15221
1.13481
1.11762
1.10074
1.08366
1.06903
1.04387
2.71972
2.70155
2.68336
2.66515
2.64693
2.62869
2.61045
2.5922
2.57393
2.55567
2.53739
2.51912
2.50085
2.48257
2.4643
2.44604
2.42778
2.40953
2.3913
2.37308
2.35488
2.33671
2.31855
2.30043
2.28234
2.26429
2.24628
2.22832
2.21042
2.19259
2.17482
2.15714
2.13955
2.12204
2.10464
2.08733
2.07012
2.05301
2.036
2.01907
2.00222
1.98544
1.96873
1.95209
1.93551
1.91899
1.90254
1.88616
1.86988
1.8537
1.83765
1.82173
1.80597
1.79037
1.77495
1.7597
1.74463
1.72973
1.71498
1.70037
1.68589
1.67152
1.65723
1.643
1.62883
1.61467
1.60053
1.58638
1.5722
1.55796
1.54365
1.52923
1.51467
1.49994
1.48499
1.46979
1.4543
1.43848
1.42233
1.40582
1.38898
1.37183
1.35442
1.33679
1.319
1.30111
1.28316
1.26522
1.24733
1.22952
1.21185
1.19433
1.177
1.15988
1.143
1.12636
1.11007
1.09364
1.07959
1.05556
2.71986
2.70171
2.68354
2.66535
2.64716
2.62895
2.61074
2.59252
2.5743
2.55608
2.53785
2.51963
2.50141
2.4832
2.46499
2.4468
2.42862
2.41046
2.39232
2.3742
2.35611
2.33804
2.32001
2.30202
2.28406
2.26616
2.2483
2.23051
2.21278
2.19512
2.17754
2.16005
2.14265
2.12535
2.10816
2.09107
2.07409
2.05723
2.04047
2.02381
2.00725
1.99079
1.97441
1.95812
1.94191
1.92579
1.90975
1.8938
1.87795
1.86221
1.8466
1.83111
1.81577
1.80058
1.78554
1.77066
1.75592
1.74133
1.72686
1.7125
1.69823
1.68402
1.66986
1.65571
1.64157
1.62739
1.61317
1.59889
1.58452
1.57004
1.55544
1.5407
1.52579
1.5107
1.4954
1.47988
1.46411
1.4481
1.43184
1.41534
1.39863
1.38173
1.3647
1.34757
1.3304
1.31324
1.29612
1.27909
1.26218
1.24543
1.22886
1.2125
1.19637
1.1805
1.1649
1.14958
1.13465
1.11968
1.10692
1.08534
2.72071
2.70266
2.68459
2.66653
2.64846
2.63039
2.61233
2.59427
2.57621
2.55817
2.54013
2.52211
2.50411
2.48613
2.46817
2.45023
2.43232
2.41445
2.3966
2.3788
2.36103
2.34331
2.32564
2.30802
2.29045
2.27295
2.25552
2.23815
2.22087
2.20367
2.18656
2.16956
2.15266
2.13586
2.11919
2.10263
2.0862
2.06988
2.05369
2.03761
2.02164
2.00577
1.99001
1.97434
1.95875
1.94325
1.92784
1.91251
1.89727
1.88212
1.86706
1.85211
1.83726
1.82251
1.80786
1.79332
1.77885
1.76446
1.75012
1.73582
1.72152
1.70721
1.69286
1.67846
1.66397
1.64938
1.63469
1.61988
1.60495
1.5899
1.57473
1.55945
1.54408
1.52861
1.51308
1.4975
1.48188
1.46626
1.45065
1.43508
1.41958
1.40419
1.38891
1.3738
1.35885
1.34409
1.32952
1.31516
1.30101
1.28708
1.27338
1.25991
1.24669
1.23375
1.2211
1.20876
1.19683
1.18501
1.17499
1.15859
2.72501
2.70735
2.68971
2.67208
2.65448
2.6369
2.61935
2.60183
2.58434
2.56689
2.54947
2.53209
2.51475
2.49746
2.48021
2.46301
2.44586
2.42877
2.41173
2.39475
2.37782
2.36097
2.34418
2.32745
2.31081
2.29423
2.27774
2.26133
2.24501
2.22878
2.21265
2.19662
2.1807
2.16488
2.14918
2.13359
2.11811
2.10274
2.08747
2.0723
2.05721
2.04221
2.02727
2.01239
1.99756
1.98277
1.96801
1.95327
1.93856
1.92386
1.90917
1.8945
1.87983
1.86516
1.85049
1.83579
1.82107
1.80629
1.79146
1.77654
1.76153
1.74641
1.73118
1.71584
1.7004
1.68486
1.66927
1.65364
1.63803
1.62249
1.60708
1.59188
1.57695
1.56237
1.54823
1.53459
1.52152
1.50908
1.49729
1.48618
1.47573
1.46591
1.45669
1.448
1.43977
1.43194
1.42442
1.41716
1.41009
1.40318
1.39641
1.38977
1.38329
1.37699
1.37093
1.36519
1.35983
1.35495
1.35086
1.34588
2.74419
2.72787
2.71161
2.69541
2.67927
2.6632
2.6472
2.63126
2.61539
2.59958
2.58384
2.56816
2.55255
2.537
2.52151
2.50609
2.49074
2.47544
2.4602
2.44503
2.42991
2.41485
2.39985
2.3849
2.37001
2.35517
2.34039
2.32566
2.31098
2.29635
2.28177
2.26724
2.25275
2.23831
2.2239
2.20952
2.19517
2.18083
2.1665
2.15215
2.13779
2.12338
2.10892
2.0944
2.0798
2.06511
2.05032
2.03542
2.02041
2.00529
1.99004
1.97468
1.95919
1.94358
1.92784
1.912
1.89604
1.87999
1.86386
1.84768
1.83149
1.81534
1.7993
1.78343
1.76785
1.75265
1.73796
1.72392
1.71069
1.69843
1.68733
1.67757
1.66933
1.6628
1.65813
1.65543
1.65477
1.65616
1.65953
1.66473
1.67158
1.67984
1.68921
1.69942
1.71016
1.72116
1.73217
1.74301
1.75353
1.76364
1.77334
1.78267
1.79172
1.80066
1.80966
1.81898
1.82867
1.83979
1.84929
1.87124
2.82294
2.81039
2.79793
2.78556
2.77327
2.76105
2.74889
2.7368
2.72476
2.71276
2.7008
2.68887
2.67696
2.66506
2.65317
2.64127
2.62936
2.61742
2.60546
2.59346
2.58141
2.5693
2.55713
2.54487
2.53254
2.5201
2.50757
2.49491
2.48214
2.46922
2.45617
2.44295
2.42958
2.41603
2.4023
2.38839
2.37428
2.35998
2.34548
2.33079
2.3159
2.30083
2.28558
2.27018
2.25465
2.23899
2.22325
2.20745
2.19163
2.17583
2.1601
2.14449
2.12907
2.11392
2.09912
2.08479
2.07106
2.05806
2.04598
2.035
2.02532
2.0172
2.01087
2.00663
2.00477
2.00562
2.00951
2.01681
2.0279
2.04315
2.06294
2.0876
2.1174
2.15252
2.19301
2.23875
2.28945
2.34458
2.40348
2.46531
2.52916
2.59407
2.65906
2.72323
2.78577
2.84599
2.90343
2.95777
3.00892
3.057
3.10226
3.1451
3.18602
3.2256
3.26438
3.30306
3.34165
3.38291
3.41756
3.48759
3.12699
3.12374
3.12045
3.1171
3.11367
3.11013
3.10647
3.10267
3.09869
3.09454
3.09018
3.08559
3.08076
3.07567
3.07031
3.06465
3.05867
3.05237
3.04574
3.03875
3.03139
3.02367
3.01556
3.00707
2.99818
2.98891
2.97925
2.9692
2.95879
2.94803
2.93695
2.92558
2.91398
2.9022
2.89031
2.8784
2.86657
2.85494
2.84363
2.83278
2.82257
2.81314
2.80468
2.79738
2.79145
2.78708
2.78452
2.784
2.7858
2.79022
2.79758
2.80826
2.82266
2.84125
2.8645
2.89296
2.92721
2.96784
3.0155
3.07081
3.13445
3.20708
3.28935
3.38194
3.48547
3.60057
3.72779
3.86762
4.02042
4.18637
4.36538
4.55705
4.76056
4.97462
5.19742
5.42666
5.65962
5.89322
6.12433
6.34984
6.56672
6.77206
6.96332
7.13849
7.29621
7.43578
7.5571
7.66075
7.74792
7.82006
7.87867
7.92535
7.96197
7.99004
8.01089
8.0258
8.0356
8.04198
8.04296
8.04558
4.45921
4.48535
4.51113
4.53651
4.56148
4.58602
4.61012
4.63376
4.65696
4.67971
4.70201
4.7239
4.74539
4.7665
4.78728
4.80778
4.82804
4.84815
4.86818
4.88821
4.90837
4.92876
4.94954
4.97085
4.99288
5.01582
5.03991
5.0654
5.09256
5.12173
5.15323
5.18745
5.22479
5.26572
5.31068
5.36019
5.41478
5.47498
5.54137
5.61455
5.69514
5.78378
5.88115
5.988
6.10512
6.23337
6.37371
6.52719
6.69496
6.8783
7.07857
7.29724
7.53584
7.79598
8.07925
8.38724
8.72148
9.08336
9.47415
9.89487
10.3463
10.8289
11.3428
11.8875
12.462
13.0648
13.6934
14.3444
15.0133
15.6946
16.3815
17.0658
17.7384
18.3893
19.008
19.584
20.1074
20.5695
20.9641
21.2866
21.5324
21.6993
21.7875
21.7995
21.7402
21.6159
21.4333
21.2027
20.9339
20.6327
20.3049
19.9562
19.5918
19.217
18.8369
18.4552
18.0783
17.6965
17.3686
16.8223
14.202
14.4434
14.6853
14.9276
15.1706
15.4141
15.6581
15.9029
16.1484
16.3947
16.6419
16.8901
17.1396
17.3903
17.6426
17.8966
18.1526
18.4108
18.6716
18.9352
19.202
19.4725
19.747
20.0261
20.3102
20.6
20.896
21.1988
21.509
21.8273
22.1543
22.4907
22.837
23.1938
23.5617
23.9413
24.3331
24.7379
25.1563
25.589
26.037
26.5015
26.9837
27.4853
28.008
28.554
29.1256
29.7256
30.3568
31.0222
31.7251
32.4687
33.2561
34.0905
34.9746
35.9112
36.9021
37.9487
39.0516
40.21
41.4219
42.6832
43.988
45.3275
46.6903
48.0615
49.423
50.7532
52.0274
53.2182
54.2964
55.232
55.9958
56.5608
56.9041
57.0086
56.8641
56.4689
55.8286
54.9583
53.8838
52.6399
51.2651
49.7966
48.2682
46.7096
45.1472
43.5984
42.0771
40.5983
39.1734
37.8103
36.5138
35.2865
34.129
33.0385
32.02
31.0381
30.228
28.9375
92.7444
94.0182
95.2596
96.466
97.6351
98.7651
99.8538
100.899
101.9
102.854
103.76
104.615
105.419
106.17
106.866
107.506
108.088
108.611
109.075
109.477
109.816
110.092
110.303
110.448
110.526
110.537
110.478
110.35
110.151
109.879
109.535
109.117
108.625
108.057
107.414
106.694
105.897
105.024
104.074
103.049
101.948
100.773
99.5251
98.2068
96.8199
95.3669
93.8507
92.2745
90.6417
88.9563
87.2227
85.4458
83.6309
81.7844
79.913
78.0246
76.1279
74.2328
72.3498
70.4906
68.6678
66.8944
65.1838
63.5496
62.0051
60.5626
59.2335
58.0275
56.952
56.0122
55.2099
54.5441
54.0103
53.6007
53.3043
53.1072
52.9931
52.9456
52.9428
52.9654
53.0157
53.0733
53.1191
53.1397
53.1267
53.076
52.9869
52.8595
52.6955
52.4979
52.2711
52.0197
51.7483
51.4608
51.1613
50.8503
50.5374
50.1988
49.9253
49.3844
0.371295
0.512159
0.524687
0.540866
0.535984
0.517162
0.498298
0.492717
0.516421
0.601377
0.85565
1.49846
2.63497
4.27219
6.38442
8.92883
11.8559
15.1173
18.669
22.4716
26.4907
30.6958
35.0611
39.5653
44.191
48.9242
53.7521
58.6617
63.6365
68.6551
73.6891
78.7028
83.6548
88.5028
93.2126
97.7676
102.16
106.291
110.148
113.72
117.008
120.027
122.805
125.384
127.813
130.139
132.405
134.639
136.852
139.036
141.162
143.185
145.042
146.665
147.978
148.911
149.405
149.417
148.926
147.936
146.471
144.578
142.319
139.765
136.989
134.054
131.015
127.915
124.799
121.709
118.677
115.809
113.765
113.658
114.78
116.91
119.885
123.477
127.343
130.96
133.636
134.691
133.697
130.599
125.673
119.385
112.241
104.695
97.0996
89.7044
82.6688
76.086
70.0059
64.4295
59.3034
54.6064
50.3456
46.4684
43.21
38.8565
0.853645
0.629326
0.588044
0.615641
0.69303
0.828913
1.05481
1.422
1.9757
2.73608
3.70818
4.89898
6.29624
7.8682
9.58447
11.425
13.3815
15.4542
17.6469
19.9632
22.4024
24.9587
27.6213
30.3754
33.2039
36.089
39.014
41.9642
44.9279
47.8965
50.8643
53.8288
56.7899
59.7501
62.7153
65.6931
68.6738
71.598
74.4242
77.1218
79.6631
82.0292
84.2129
86.2203
88.0688
89.7846
91.3986
92.9412
94.4377
95.9047
97.3476
98.7595
100.122
101.405
102.571
103.578
104.38
104.938
105.222
105.214
104.913
104.331
103.494
102.435
101.197
99.8214
98.3493
96.8204
95.265
93.7079
92.1689
90.6772
89.3517
88.3572
87.7139
87.4312
87.4801
87.754
88.0373
88.0073
87.307
85.673
83.0264
79.4721
75.2302
70.5567
65.6878
60.8126
56.0685
51.5463
47.3001
43.3578
39.73
36.4124
33.3875
30.6471
28.2039
26.0228
24.1673
21.8302
1.26814
0.965796
0.967157
1.06839
1.2637
1.58114
2.05054
2.68599
3.48028
4.41358
5.46683
6.6283
7.89387
9.26654
10.7581
12.3868
14.1726
16.1319
18.2731
20.5951
23.0872
25.7303
28.4998
31.368
34.3081
37.2968
40.3175
43.3625
46.4343
49.5455
52.7165
55.972
59.3355
62.8225
66.4322
70.1427
73.9172
77.6995
81.4153
84.985
88.3342
91.4039
94.1581
96.5882
98.7139
100.578
102.242
103.773
105.236
106.686
108.158
109.668
111.207
112.748
114.243
115.634
116.85
117.82
118.485
118.8
118.745
118.323
117.546
116.452
115.087
113.506
111.757
109.882
107.912
105.864
103.744
101.554
99.3212
97.1186
95.0382
93.1799
91.6073
90.2861
89.0319
87.5266
85.4447
82.6038
79.0169
74.8371
70.273
65.5281
60.7713
56.129
51.688
47.5024
43.6018
39.9981
36.692
33.676
30.9353
28.4498
26.1961
24.1777
22.4261
20.3724
1.58094
1.36291
1.4346
1.60352
1.88447
2.29917
2.85332
3.53543
4.3268
5.21358
6.19264
7.27087
8.4628
9.78755
11.2664
12.9202
14.7674
16.8216
19.0907
21.5754
24.2685
27.1547
30.2112
33.4089
36.7159
40.1026
43.5461
47.0361
50.5772
54.1907
57.9119
61.7853
65.8561
70.16
74.7116
79.4962
84.4647
89.5297
94.5702
99.4442
104.009
108.144
111.764
114.837
117.379
119.458
121.172
122.646
124.003
125.348
126.762
128.289
129.936
131.674
133.445
135.169
136.741
138.049
138.994
139.501
139.526
139.055
138.104
136.713
134.938
132.839
130.475
127.89
125.112
122.156
119.015
115.672
112.125
108.415
104.652
101.005
97.648
94.6633
91.9375
89.1809
86.0993
82.5528
78.5627
74.2352
69.7011
65.0884
60.5094
56.0552
51.7934
47.7697
44.0115
40.5319
37.3335
34.4117
31.7551
29.3493
27.18
25.2491
23.5636
21.6678
1.79999
1.79993
1.88152
2.06057
2.35873
2.78296
3.32563
3.97278
4.71462
5.55063
6.48883
7.54269
8.72893
10.0665
11.5766
13.282
15.2067
17.3741
19.8043
22.5111
25.4985
28.7578
32.2651
35.9826
39.8627
43.8563
47.9227
52.0384
56.2036
60.4447
64.8122
69.3744
74.2064
79.3773
84.9334
90.8828
97.1733
103.69
110.257
116.652
122.643
128.021
132.637
136.418
139.377
141.604
143.246
144.496
145.551
146.583
147.725
149.057
150.604
152.336
154.179
156.02
157.721
159.139
160.143
160.628
160.529
159.82
158.512
156.648
154.286
151.493
148.332
144.851
141.08
137.026
132.679
128.009
122.989
117.636
112.056
106.469
101.167
96.3854
92.1499
88.2863
84.5862
80.9097
77.1631
73.2858
69.2666
65.145
60.9922
56.8876
52.903
49.0947
45.5022
42.1501
39.051
36.2081
33.6179
31.2768
29.1758
27.3203
25.7003
23.9318
8.4651
2.80102
2.2992
2.38197
2.64981
3.04954
3.56461
4.18506
4.90849
5.73922
6.68598
7.76061
8.97872
10.3614
11.9363
13.7376
15.8044
18.1773
20.8945
23.9848
27.4619
31.3173
35.516
39.9959
44.6756
49.4707
54.311
59.1553
64.0006
68.8841
73.8787
79.0839
84.6121
90.5739
97.0599
104.11
111.677
119.624
127.716
135.635
143.044
149.636
155.184
159.574
162.818
165.038
166.442
167.286
167.833
168.322
168.936
169.793
170.938
172.344
173.926
175.549
177.053
178.267
179.033
179.226
178.761
177.602
175.754
173.256
170.17
166.563
162.5
158.031
153.184
147.969
142.371
136.356
129.884
122.943
115.62
108.159
100.946
94.3763
88.7014
84.007
80.2311
77.118
74.2848
71.4026
68.3016
64.958
61.434
57.824
54.2219
50.7071
47.3394
44.1602
41.196
38.4611
35.9637
33.7088
31.6913
29.9208
28.3756
26.7142
1.82883
2.69399
2.48988
2.5632
2.81069
3.2005
3.71879
4.35932
5.12224
6.01152
7.03351
8.19841
9.52386
11.0386
12.7841
14.8141
17.1901
19.9776
23.2366
27.0105
31.3156
36.1294
41.384
46.9643
52.721
58.5115
64.2278
69.8177
75.2926
80.7226
86.2227
91.9361
98.0178
104.62
111.876
119.849
128.487
137.614
146.935
156.061
164.573
172.084
178.304
183.08
186.412
188.444
189.426
189.669
189.496
189.203
189.02
189.099
189.505
190.221
191.158
192.175
193.097
193.74
193.932
193.533
192.447
190.626
188.069
184.809
180.904
176.418
171.413
165.937
160.018
153.666
146.87
139.603
131.819
123.489
114.672
105.608
96.7249
88.5542
81.6898
76.6664
73.5487
71.734
70.3776
68.8622
66.9128
64.4983
61.7091
58.675
55.5232
52.3603
49.2687
46.3083
43.5198
40.9304
38.5588
36.4155
34.4989
32.8207
31.3522
29.7641
8.92157
3.27532
2.67162
2.69089
2.9487
3.38377
3.98077
4.73693
5.65518
6.73916
7.99179
9.41936
11.0401
12.8932
15.0442
17.5792
20.5954
24.1963
28.4663
33.4521
39.1472
45.4755
52.2848
59.3583
66.4522
73.3507
79.9141
86.1032
91.9783
97.6773
103.385
109.304
115.634
122.561
130.242
138.735
147.969
157.733
167.69
177.412
186.44
194.349
200.806
205.624
208.782
210.422
210.813
210.298
209.244
207.984
206.784
205.824
205.186
204.865
204.78
204.797
204.746
204.446
203.727
202.448
200.508
197.85
194.462
190.368
185.612
180.251
174.337
167.913
161.005
153.625
145.77
137.426
128.561
119.139
109.202
98.9609
88.8116
79.3944
71.8166
67.2235
65.596
65.6826
66.1209
66.1044
65.3525
63.8846
61.8447
59.4066
56.7311
53.9511
51.1693
48.4615
45.8819
43.4689
41.2475
39.232
37.4228
35.8312
34.4274
32.8579
9.47505
3.42022
2.80182
2.86568
3.23866
3.8638
4.73362
5.85731
7.24822
8.90876
10.8228
12.9665
15.3389
17.9889
21.0355
24.6325
28.9359
34.0816
40.1534
47.1557
54.9951
63.4716
72.2879
81.0873
89.514
97.2954
104.302
110.564
116.245
121.6
126.912
132.459
138.48
145.181
152.699
161.058
170.141
179.7
189.384
198.782
207.463
215.021
221.123
225.553
228.254
229.33
229.031
227.697
225.703
223.396
221.061
218.889
216.98
215.343
213.917
212.592
211.222
209.655
207.741
205.35
202.385
198.782
194.515
189.589
184.03
177.877
171.168
163.936
156.205
147.988
139.294
130.128
120.482
110.336
99.7309
88.8312
77.9229
67.7673
60.2139
56.9956
57.5694
59.8418
62.0817
63.4698
63.8131
63.2131
61.873
60.0065
57.8018
55.4117
52.9543
50.518
48.1674
45.9469
43.8854
41.9986
40.2887
38.7619
37.3968
35.7724
8.70899
3.45149
3.01395
3.30784
4.11133
5.41351
7.22798
9.58671
12.519
15.9836
19.8357
23.8823
28.0339
32.401
37.2245
42.7896
49.3371
57.0044
65.7923
75.5528
85.9991
96.7346
107.291
117.2
126.063
133.652
139.951
145.139
149.534
153.528
157.51
161.82
166.724
172.403
178.933
186.254
194.176
202.419
210.664
218.585
225.867
232.2
237.291
240.905
242.92
243.358
242.394
240.314
237.46
234.162
230.698
227.264
223.969
220.844
217.862
214.952
212.02
208.961
205.664
202.028
197.964
193.402
188.298
182.63
176.399
169.617
162.305
154.482
146.167
137.379
128.139
118.475
108.409
97.9578
87.1818
76.1786
65.0668
54.8397
48.2841
47.3371
50.4413
54.7858
58.5714
61.1221
62.3751
62.5144
61.7907
60.4456
58.6848
56.6733
54.5387
52.3775
50.2595
48.231
46.3227
44.5503
42.9168
41.4199
40.0576
38.2955
9.01753
3.78226
3.56731
4.72389
7.45089
11.8107
17.6145
24.6718
32.8452
41.6792
50.4198
58.4719
65.6906
72.4545
79.4034
87.1384
96.0252
106.128
117.233
128.923
140.663
151.892
162.067
170.721
177.632
182.829
186.519
189.035
190.799
192.273
193.896
196.024
198.903
202.642
207.207
212.424
218.024
223.718
229.271
234.525
239.363
243.642
247.154
249.642
250.881
250.757
249.308
246.708
243.217
239.119
234.665
230.045
225.379
220.728
216.11
211.516
206.92
202.284
197.556
192.67
187.55
182.122
176.317
170.084
163.387
156.21
148.549
140.413
131.816
122.781
113.345
103.559
93.4797
83.1723
72.7354
62.1724
51.436
41.9637
37.434
39.2621
44.7174
50.7105
55.6494
59.0667
61.0214
61.7583
61.5566
60.6714
59.3154
57.6583
55.8314
53.9344
52.0364
50.1841
48.4082
46.7229
45.1326
43.6234
42.2247
40.2447
10.1611
4.66269
5.48127
12.3959
27.7084
47.8708
69.0333
89.3741
108.854
126.548
141.07
151.801
159.304
164.972
170.352
176.575
184.122
192.872
202.301
211.708
220.414
227.714
233.157
236.686
238.502
238.917
238.265
236.88
235.122
233.374
232.008
231.32
231.476
232.478
234.168
236.266
238.454
240.486
242.277
243.902
245.505
247.159
248.76
250.026
250.593
250.154
248.548
245.784
242.001
237.406
232.21
226.595
220.699
214.622
208.443
202.228
196.036
189.907
183.854
177.854
171.847
165.75
159.469
152.915
146.017
138.727
131.019
122.887
114.345
105.422
96.1723
86.6692
77.0029
67.2966
57.6852
48.0575
38.2928
30.4714
28.6938
33.1797
40.4173
47.5137
53.2027
57.2074
59.6723
60.875
61.1041
60.6153
59.6192
58.2835
56.7386
55.0818
53.3788
51.6749
50.0004
48.3676
46.7829
45.2194
43.7485
41.4862
8.21132
10.5497
32.5409
86.6776
154.773
212.497
255.287
286.234
308.122
321.83
327.956
327.901
323.925
318.431
313.474
310.265
309.064
309.391
310.426
311.228
310.861
308.907
305.434
300.825
295.572
290.088
284.626
279.316
274.249
269.555
265.403
261.936
259.193
257.068
255.31
253.592
251.625
249.287
246.705
244.223
242.267
241.136
240.832
241.038
241.227
240.856
239.521
237.025
233.357
228.632
223.016
216.687
209.81
202.539
195.026
187.422
179.873
172.502
165.385
158.541
151.925
145.441
138.97
132.388
125.588
118.491
111.052
103.255
95.1126
86.6676
77.9887
69.1709
60.3363
51.6605
43.2958
35.0229
26.8057
21.3491
22.4069
28.9123
37.2396
44.9352
51.0361
55.4003
58.2185
59.7762
60.356
60.2036
59.5211
58.4692
57.1731
55.7239
54.1826
52.5929
50.9846
49.3683
47.7535
46.1006
44.5305
41.9474
1.54875
128.856
294.262
431.392
537.704
602.038
628.69
630.628
617.294
595.19
568.896
541.491
514.903
490.522
469.204
451.172
436.024
422.883
410.597
398.198
385.243
371.793
358.298
345.37
333.545
323.118
314.088
306.232
299.248
292.888
287.01
281.532
276.346
271.259
266.004
260.31
254.025
247.239
240.327
233.904
228.641
225.029
223.167
222.694
222.917
223.046
222.42
220.618
217.469
212.99
207.307
200.604
193.085
184.969
176.485
167.871
159.358
151.139
143.347
136.032
129.159
122.623
116.279
109.974
103.571
96.9667
90.1002
82.9509
75.5367
67.9106
60.1581
52.3926
44.7617
37.4729
30.6639
24.0514
17.8044
14.9221
18.2474
25.954
34.7669
42.6747
48.9377
53.4935
56.5472
58.3736
59.2378
59.3693
58.9565
58.1499
57.0666
55.7887
54.3733
52.863
51.2872
49.656
47.9831
46.2186
44.5344
41.625
117.633
905.04
957.526
898.545
906.359
925.116
913.288
875.432
824.698
771.139
720.652
675.502
635.702
600.428
568.809
540.097
513.532
488.328
463.87
439.877
416.506
394.257
373.797
355.741
340.476
328.048
318.14
310.164
303.419
297.271
291.242
285.004
278.313
270.95
262.723
253.531
243.463
232.871
222.386
212.83
205.049
199.659
196.825
196.156
196.822
197.82
198.248
197.477
195.182
191.289
185.894
179.192
171.438
162.915
153.934
144.806
135.83
127.255
119.251
111.891
105.143
98.8963
92.9876
87.242
81.5031
75.653
69.6223
63.3904
56.982
50.4611
43.9261
37.503
31.351
25.6733
20.5604
15.7272
11.5284
10.8158
15.5406
23.7375
32.5981
40.4543
46.7127
51.348
54.5566
56.59
57.6889
58.0619
57.8813
57.2852
56.3804
55.2404
53.9193
52.459
50.8893
49.2216
47.4744
45.5917
43.7922
40.5871
)
;

boundaryField
{
    outlet
    {
        type            zeroGradient;
    }
    inlet
    {
        type            fixedValue;
        value           uniform 3.54;
    }
    lowerWall
    {
        type            epsilonWallFunction;
        value           nonuniform List<scalar> 
148
(
23.348
22.8004
22.2986
21.7956
21.2906
20.7982
20.3323
19.9019
19.5115
19.1625
18.8539
18.5836
18.3489
18.1467
17.9741
17.8282
17.7063
17.6058
17.5246
17.4604
17.4114
17.3761
17.3527
17.34
17.3368
17.3425
17.3543
17.3764
17.4057
17.3281
17.8934
19.6167
17.1752
0.371295
0.853645
1.26814
1.58094
1.79999
8.4651
1.82883
8.92157
9.47505
8.70899
9.01753
10.1611
8.21132
1.54875
117.633
0.371295
0.512159
0.524687
0.540866
0.535984
0.517162
0.498298
0.492717
0.516421
0.601377
0.85565
1.49846
2.63497
4.27219
6.38442
8.92883
11.8559
15.1173
18.669
22.4716
26.4907
30.6958
35.0611
39.5653
44.191
48.9242
53.7521
58.6617
63.6365
68.6551
73.6891
78.7028
83.6548
88.5028
93.2126
97.7676
102.16
106.291
110.148
113.72
117.008
120.027
122.805
125.384
127.813
130.139
132.405
134.639
136.852
139.036
141.162
143.185
145.042
146.665
147.978
148.911
149.405
149.417
148.926
147.936
146.471
144.578
142.319
139.765
136.989
134.054
131.015
127.915
124.799
121.709
118.677
115.809
113.765
113.658
114.78
116.91
119.885
123.477
127.343
130.96
133.636
134.691
133.697
130.599
125.673
119.385
112.241
104.695
97.0996
89.7044
82.6688
76.086
70.0059
64.4295
59.3034
54.6064
50.3456
46.4684
43.21
38.8565
)
;
    }
    upperWall
    {
        type            epsilonWallFunction;
        value           nonuniform List<scalar> 
133
(
30.2673
32.7691
35.3053
37.8487
40.3862
42.91
45.413
47.8885
50.3297
52.7306
55.0861
57.3914
59.6426
61.8364
63.9702
66.0416
68.0493
69.992
71.8691
73.6803
75.4258
77.1058
78.7212
80.2727
81.7614
83.1888
84.556
85.8648
87.1166
88.3132
89.4563
90.5475
91.5897
92.7444
94.0182
95.2596
96.466
97.6351
98.7651
99.8538
100.899
101.9
102.854
103.76
104.615
105.419
106.17
106.866
107.506
108.088
108.611
109.075
109.477
109.816
110.092
110.303
110.448
110.526
110.537
110.478
110.35
110.151
109.879
109.535
109.117
108.625
108.057
107.414
106.694
105.897
105.024
104.074
103.049
101.948
100.773
99.5251
98.2068
96.8199
95.3669
93.8507
92.2745
90.6417
88.9563
87.2227
85.4458
83.6309
81.7844
79.913
78.0246
76.1279
74.2328
72.3498
70.4906
68.6678
66.8944
65.1838
63.5496
62.0051
60.5626
59.2335
58.0275
56.952
56.0122
55.2099
54.5441
54.0103
53.6007
53.3043
53.1072
52.9931
52.9456
52.9428
52.9654
53.0157
53.0733
53.1191
53.1397
53.1267
53.076
52.9869
52.8595
52.6955
52.4979
52.2711
52.0197
51.7483
51.4608
51.1613
50.8503
50.5374
50.1988
49.9253
49.3844
)
;
    }
    frontAndBack
    {
        type            empty;
    }
}


// ************************************************************************* //
