/*--------------------------------*- C++ -*----------------------------------*\
  =========                 |
  \\      /  F ield         | OpenFOAM: The Open Source CFD Toolbox
   \\    /   O peration     | Website:  https://openfoam.org
    \\  /    A nd           | Version:  10
     \\/     M anipulation  |
\*---------------------------------------------------------------------------*/
FoamFile
{
    format      ascii;
    class       volScalarField;
    location    "1000";
    object      k;
}
// * * * * * * * * * * * * * * * * * * * * * * * * * * * * * * * * * * * * * //

dimensions      [0 2 -2 0 0 0 0];

internalField   nonuniform List<scalar> 
6820
(
0.318932
0.614648
0.847397
0.983377
1.04836
1.06927
1.06475
1.0465
1.0217
0.994572
0.967459
0.941556
0.917413
0.895216
0.874952
0.856514
0.839751
0.824502
0.81061
0.797926
0.78632
0.775671
0.765876
0.756844
0.748493
0.740751
0.733554
0.726849
0.720561
0.714753
0.708804
0.705434
0.691376
0.838908
1.45739
1.5306
1.40689
1.25037
1.11087
0.996111
0.903238
0.827887
0.76631
0.715544
0.673419
0.638187
0.608546
0.583483
0.562195
0.544041
0.528503
0.515164
0.50368
0.493771
0.485204
0.477784
0.471351
0.465767
0.46092
0.456713
0.453069
0.449916
0.447224
0.444881
0.443159
0.441275
0.379893
0.662258
0.793337
0.827975
0.818186
0.790402
0.756381
0.721169
0.686891
0.654427
0.624111
0.596043
0.570195
0.546474
0.524757
0.504903
0.48677
0.470214
0.455101
0.441303
0.428703
0.417192
0.406671
0.397051
0.388251
0.380196
0.37282
0.366064
0.359872
0.354201
0.349
0.344258
0.339892
0.246132
0.3393
0.411878
0.458885
0.485704
0.49888
0.503287
0.502158
0.497535
0.490704
0.482486
0.473435
0.46393
0.454239
0.44455
0.434992
0.425659
0.41661
0.407887
0.399514
0.391503
0.383859
0.376578
0.369655
0.363079
0.356841
0.350925
0.34532
0.340011
0.334984
0.330224
0.325725
0.321457
0.216724
0.25341
0.285799
0.312244
0.332455
0.347125
0.357301
0.364011
0.368096
0.370197
0.370789
0.37023
0.368792
0.366686
0.364075
0.361089
0.357829
0.354377
0.350797
0.347142
0.343452
0.339759
0.33609
0.332464
0.328898
0.325402
0.321986
0.318658
0.315421
0.312279
0.309233
0.306287
0.30344
0.2067
0.22375
0.239981
0.254416
0.266684
0.276738
0.28477
0.291069
0.295923
0.299585
0.302262
0.304127
0.305322
0.305962
0.306143
0.305944
0.305432
0.304663
0.303682
0.30253
0.30124
0.299841
0.298355
0.296804
0.295204
0.29357
0.291915
0.290249
0.28858
0.286916
0.285265
0.28363
0.282018
0.202776
0.211442
0.220463
0.228911
0.236465
0.243012
0.248579
0.253258
0.257158
0.260378
0.263012
0.265139
0.26683
0.268145
0.269136
0.269846
0.270314
0.270573
0.270652
0.270576
0.270366
0.270042
0.26962
0.269115
0.268539
0.267905
0.267221
0.266497
0.26574
0.264958
0.264155
0.263338
0.262512
0.201168
0.205683
0.210952
0.216189
0.221064
0.22544
0.229296
0.232659
0.235575
0.238089
0.240245
0.242083
0.243642
0.244952
0.246043
0.246939
0.247664
0.248237
0.248675
0.248995
0.249208
0.249329
0.249367
0.249332
0.249234
0.24908
0.248876
0.24863
0.248347
0.248032
0.24769
0.247324
0.246941
0.200484
0.202809
0.205913
0.20924
0.212483
0.215494
0.218222
0.220663
0.222834
0.224755
0.226448
0.227934
0.229235
0.230369
0.231352
0.232201
0.232928
0.233546
0.234066
0.234497
0.234849
0.23513
0.235347
0.235505
0.235613
0.235673
0.235692
0.235674
0.235624
0.235544
0.235438
0.235309
0.235162
0.200184
0.20134
0.203132
0.205234
0.207404
0.209501
0.211457
0.21325
0.214879
0.216349
0.217669
0.218852
0.219908
0.220849
0.221684
0.222423
0.223075
0.223648
0.224148
0.224583
0.224958
0.225279
0.225551
0.225778
0.225964
0.226113
0.226229
0.226315
0.226373
0.226407
0.226419
0.226411
0.226386
0.200051
0.200588
0.201579
0.202869
0.204298
0.205746
0.207146
0.208465
0.209689
0.210815
0.211845
0.212781
0.213631
0.214399
0.215093
0.215717
0.216278
0.21678
0.217229
0.217628
0.217983
0.218295
0.21857
0.21881
0.219018
0.219197
0.219349
0.219477
0.219583
0.219669
0.219737
0.219789
0.219826
0.199992
0.200208
0.200718
0.201471
0.202377
0.203351
0.204335
0.205293
0.206205
0.207061
0.207858
0.208595
0.209273
0.209895
0.210464
0.210983
0.211456
0.211885
0.212274
0.212626
0.212943
0.213229
0.213485
0.213714
0.213918
0.214099
0.214259
0.2144
0.214523
0.21463
0.214722
0.214801
0.214867
0.199966
0.200017
0.200248
0.200654
0.201196
0.201823
0.202489
0.203165
0.203829
0.204469
0.205076
0.205648
0.206182
0.206679
0.20714
0.207565
0.207957
0.208317
0.208647
0.208949
0.209225
0.209477
0.209706
0.209915
0.210103
0.210274
0.210428
0.210566
0.21069
0.210802
0.210901
0.21099
0.211068
0.199954
0.199924
0.199997
0.200187
0.200483
0.200858
0.201286
0.201741
0.202206
0.202669
0.203119
0.203552
0.203964
0.204353
0.204718
0.20506
0.205379
0.205675
0.20595
0.206204
0.206439
0.206655
0.206855
0.207038
0.207206
0.207359
0.2075
0.207629
0.207746
0.207853
0.207951
0.20804
0.208121
0.199949
0.199879
0.199866
0.199926
0.200061
0.200262
0.200513
0.200799
0.201107
0.201425
0.201744
0.20206
0.202367
0.202662
0.202944
0.203212
0.203464
0.203702
0.203925
0.204134
0.204329
0.20451
0.204678
0.204835
0.20498
0.205114
0.205239
0.205354
0.20546
0.205558
0.205649
0.205733
0.20581
0.199947
0.199858
0.199799
0.199785
0.19982
0.199903
0.200029
0.200189
0.200374
0.200577
0.200789
0.201006
0.201223
0.201437
0.201646
0.201847
0.202041
0.202225
0.202401
0.202566
0.202723
0.20287
0.203009
0.203138
0.20326
0.203373
0.20348
0.203579
0.203672
0.203758
0.203839
0.203914
0.203985
0.199947
0.199848
0.199766
0.19971
0.199685
0.199693
0.199734
0.199804
0.199898
0.20001
0.200137
0.200273
0.200415
0.20056
0.200704
0.200848
0.200988
0.201124
0.201256
0.201382
0.201503
0.201618
0.201727
0.201831
0.201929
0.202021
0.202109
0.202191
0.202269
0.202343
0.202412
0.202478
0.202539
0.199946
0.199843
0.19975
0.199672
0.199612
0.199575
0.19956
0.199568
0.199596
0.199642
0.199702
0.199774
0.199855
0.199941
0.200032
0.200125
0.200219
0.200312
0.200404
0.200494
0.200582
0.200667
0.200749
0.200827
0.200903
0.200975
0.201044
0.20111
0.201172
0.201232
0.201289
0.201344
0.201396
0.199946
0.199841
0.199743
0.199652
0.199574
0.199509
0.19946
0.199428
0.199411
0.199409
0.19942
0.199443
0.199475
0.199515
0.199562
0.199612
0.199666
0.199723
0.19978
0.199838
0.199896
0.199954
0.20001
0.200066
0.20012
0.200172
0.200223
0.200273
0.200321
0.200367
0.200412
0.200455
0.200497
0.199946
0.199841
0.199739
0.199643
0.199554
0.199474
0.199405
0.199347
0.199301
0.199266
0.199243
0.19923
0.199226
0.19923
0.199241
0.199257
0.199279
0.199304
0.199332
0.199363
0.199395
0.199428
0.199462
0.199497
0.199532
0.199567
0.199601
0.199635
0.199669
0.199703
0.199736
0.199768
0.1998
0.199946
0.19984
0.199737
0.199638
0.199544
0.199456
0.199375
0.199302
0.199237
0.199181
0.199135
0.199097
0.199067
0.199044
0.199029
0.199019
0.199015
0.199016
0.19902
0.199028
0.199039
0.199052
0.199067
0.199084
0.199102
0.199121
0.199141
0.199162
0.199183
0.199205
0.199227
0.19925
0.199272
0.199946
0.19984
0.199736
0.199636
0.199539
0.199446
0.199359
0.199277
0.199202
0.199133
0.199071
0.199017
0.19897
0.198929
0.198895
0.198866
0.198843
0.198825
0.198812
0.198802
0.198796
0.198793
0.198793
0.198796
0.1988
0.198807
0.198815
0.198825
0.198836
0.198848
0.198861
0.198875
0.19889
0.199946
0.19984
0.199736
0.199635
0.199536
0.199441
0.19935
0.199264
0.199182
0.199106
0.199036
0.198972
0.198914
0.198861
0.198815
0.198774
0.198739
0.198708
0.198682
0.198661
0.198643
0.198629
0.198618
0.19861
0.198605
0.198602
0.198602
0.198603
0.198607
0.198611
0.198618
0.198625
0.198634
0.199946
0.19984
0.199736
0.199634
0.199535
0.199439
0.199346
0.199257
0.199173
0.199093
0.199019
0.19895
0.198886
0.198828
0.198775
0.198728
0.198686
0.198648
0.198616
0.198587
0.198563
0.198543
0.198526
0.198512
0.198501
0.198493
0.198488
0.198484
0.198483
0.198483
0.198485
0.198489
0.198494
0.199946
0.19984
0.199735
0.199633
0.199534
0.199438
0.199345
0.199255
0.19917
0.19909
0.199015
0.198945
0.19888
0.198821
0.198767
0.198719
0.198676
0.198637
0.198603
0.198574
0.198549
0.198527
0.198509
0.198494
0.198482
0.198473
0.198466
0.198462
0.198459
0.198459
0.19846
0.198462
0.198466
0.199946
0.199839
0.199735
0.199633
0.199534
0.199438
0.199346
0.199258
0.199175
0.199097
0.199024
0.198958
0.198897
0.198842
0.198793
0.198749
0.19871
0.198676
0.198647
0.198622
0.198601
0.198584
0.19857
0.198559
0.198551
0.198545
0.198541
0.198539
0.19854
0.198541
0.198544
0.198549
0.198554
0.199946
0.19984
0.199735
0.199634
0.199536
0.199442
0.199352
0.199268
0.19919
0.199118
0.199053
0.198995
0.198944
0.198899
0.198861
0.198828
0.198801
0.198778
0.19876
0.198746
0.198736
0.198728
0.198724
0.198722
0.198722
0.198724
0.198728
0.198733
0.198739
0.198747
0.198755
0.198764
0.198774
0.199946
0.19984
0.199736
0.199636
0.199541
0.199451
0.199368
0.199292
0.199225
0.199167
0.199117
0.199075
0.199042
0.199016
0.198996
0.198983
0.198975
0.198971
0.198971
0.198975
0.198981
0.19899
0.199001
0.199013
0.199026
0.199041
0.199056
0.199072
0.199087
0.199104
0.19912
0.199136
0.199153
0.199946
0.199841
0.199739
0.199643
0.199554
0.199475
0.199405
0.199348
0.199302
0.199268
0.199245
0.199232
0.199229
0.199233
0.199243
0.19926
0.19928
0.199304
0.199331
0.19936
0.19939
0.199421
0.199452
0.199483
0.199514
0.199544
0.199574
0.199603
0.199631
0.199658
0.199684
0.19971
0.199734
0.199947
0.199843
0.199747
0.19966
0.199587
0.19953
0.199491
0.199468
0.199463
0.199472
0.199495
0.199529
0.199572
0.199622
0.199677
0.199736
0.199796
0.199858
0.199919
0.19998
0.20004
0.200098
0.200154
0.200208
0.200259
0.200308
0.200354
0.200398
0.20044
0.200478
0.200515
0.200549
0.200582
0.199948
0.19985
0.199767
0.199705
0.199669
0.199661
0.19968
0.199725
0.199791
0.199875
0.199972
0.200078
0.200189
0.200304
0.20042
0.200534
0.200645
0.200753
0.200857
0.200955
0.201049
0.201137
0.20122
0.201298
0.20137
0.201438
0.201501
0.201559
0.201612
0.201662
0.201708
0.20175
0.201788
0.199951
0.199869
0.199823
0.199821
0.199868
0.199962
0.200096
0.200262
0.200449
0.20065
0.200858
0.201067
0.201273
0.201472
0.201663
0.201844
0.202015
0.202175
0.202324
0.202462
0.202589
0.202707
0.202815
0.202914
0.203005
0.203088
0.203164
0.203232
0.203295
0.203351
0.203402
0.203447
0.203488
0.199959
0.199926
0.199977
0.200121
0.200351
0.200649
0.200993
0.201362
0.201739
0.202113
0.202473
0.202816
0.203137
0.203435
0.20371
0.203963
0.204193
0.204403
0.204593
0.204765
0.204921
0.205061
0.205187
0.205301
0.205402
0.205492
0.205573
0.205644
0.205707
0.205762
0.205811
0.205853
0.205889
0.199987
0.200103
0.200415
0.200903
0.201515
0.202193
0.20289
0.203572
0.204217
0.204816
0.205363
0.205858
0.206302
0.206698
0.207052
0.207365
0.207643
0.207888
0.208104
0.208295
0.208463
0.208609
0.208738
0.208849
0.208946
0.209029
0.2091
0.20916
0.20921
0.209252
0.209285
0.209311
0.20933
0.200091
0.200674
0.201674
0.202931
0.204281
0.205607
0.206838
0.207945
0.208922
0.209772
0.210508
0.211141
0.211683
0.212148
0.212546
0.212885
0.213174
0.213421
0.213629
0.213806
0.213954
0.214077
0.214179
0.214261
0.214327
0.214377
0.214415
0.21444
0.214455
0.21446
0.214457
0.214446
0.214429
0.200506
0.202612
0.20538
0.20823
0.210863
0.213156
0.215082
0.216669
0.217964
0.219015
0.219866
0.220552
0.221105
0.22155
0.221907
0.222191
0.222416
0.222592
0.222726
0.222824
0.222893
0.222937
0.222958
0.22296
0.222946
0.222917
0.222875
0.222821
0.222758
0.222686
0.222606
0.222518
0.222425
0.202133
0.209235
0.216717
0.222799
0.227378
0.23075
0.233208
0.234988
0.236273
0.237193
0.237847
0.238306
0.238619
0.238825
0.238946
0.239003
0.239008
0.238971
0.2389
0.238799
0.238674
0.238527
0.238362
0.238181
0.237986
0.237778
0.237559
0.237331
0.237094
0.23685
0.236599
0.236343
0.236082
0.208298
0.22678
0.244129
0.257372
0.266317
0.271773
0.274802
0.276303
0.276882
0.276921
0.276649
0.276201
0.275653
0.275051
0.274418
0.273765
0.273101
0.272428
0.271747
0.27106
0.270365
0.269665
0.268959
0.268248
0.267533
0.266815
0.266095
0.265374
0.264653
0.263933
0.263215
0.2625
0.261789
0.245775
0.310442
0.343758
0.358932
0.365581
0.368297
0.368993
0.368462
0.367138
0.3653
0.363136
0.360774
0.358305
0.355793
0.353284
0.350808
0.348387
0.346036
0.343763
0.341573
0.339469
0.337451
0.33552
0.333674
0.33191
0.330227
0.328621
0.32709
0.32563
0.32424
0.322916
0.321656
0.320455
0.214305
0.253643
0.294732
0.333812
0.370031
0.403432
0.434077
0.462012
0.487322
0.510132
0.530592
0.548865
0.565116
0.579516
0.592228
0.603409
0.613209
0.621766
0.629207
0.635651
0.641203
0.64596
0.650011
0.653433
0.656298
0.658668
0.660601
0.662147
0.66335
0.664251
0.664886
0.665285
0.665483
0.749072
0.841646
0.994052
1.18654
1.38849
1.57764
1.74545
1.88843
2.0043
2.09232
2.15376
2.19223
2.21283
2.22072
2.22025
2.21461
2.20588
2.19526
2.1834
2.17064
2.15718
2.1432
2.12886
2.11427
2.0995
2.08459
2.06946
2.05404
2.03817
2.0217
2.00445
1.98624
1.96689
1.9462
1.92397
1.90007
1.87437
1.84678
1.81723
1.78568
1.75214
1.71663
1.67921
1.64
1.59914
1.55684
1.51332
1.46886
1.42374
1.3783
1.33287
1.28783
1.24352
1.20031
1.15852
1.11847
1.08046
1.04472
1.01147
0.980867
0.953027
0.928024
0.90589
0.886618
0.870168
0.85647
0.845432
0.836941
0.830872
0.827084
0.82543
0.825753
0.827891
0.831677
0.836938
0.843497
0.851176
0.859796
0.869176
0.879135
0.8895
0.900096
0.910758
0.921325
0.931647
0.941587
0.951017
0.959824
0.967905
0.975176
0.981558
0.986994
0.991425
0.994828
0.997151
0.998407
0.998578
0.997613
0.996065
0.992132
0.439911
0.448717
0.469604
0.505706
0.557171
0.622921
0.701462
0.79119
0.89083
0.998047
1.1079
1.21547
1.31643
1.40735
1.48621
1.55227
1.60591
1.64804
1.68008
1.70351
1.71974
1.72997
1.7353
1.73661
1.73456
1.72969
1.7224
1.71298
1.70162
1.68848
1.67363
1.65713
1.63899
1.61921
1.59778
1.57466
1.54986
1.52338
1.49524
1.46547
1.43416
1.40139
1.36727
1.33196
1.29562
1.25847
1.22074
1.18268
1.14456
1.10666
1.06927
1.03268
0.997163
0.962987
0.930394
0.899603
0.870802
0.844145
0.819754
0.797712
0.778073
0.760856
0.746054
0.733633
0.723539
0.715701
0.710035
0.706447
0.704832
0.705084
0.707087
0.710724
0.715871
0.722401
0.730182
0.739077
0.748944
0.759643
0.771024
0.782936
0.795231
0.807757
0.820364
0.832906
0.845242
0.857241
0.868776
0.879734
0.890011
0.899515
0.908163
0.91589
0.922629
0.928348
0.932989
0.936553
0.939017
0.940336
0.940914
0.940017
0.33526
0.33073
0.327051
0.324907
0.325392
0.329492
0.337955
0.351519
0.371337
0.398809
0.434867
0.479912
0.533606
0.594765
0.66153
0.731627
0.802565
0.871882
0.937525
0.997402
1.05038
1.09602
1.13436
1.16573
1.19063
1.20978
1.22378
1.23317
1.23844
1.24004
1.23836
1.23371
1.22634
1.21649
1.20433
1.19002
1.17371
1.15553
1.13562
1.11411
1.09116
1.06693
1.04158
1.0153
0.988281
0.960733
0.932875
0.904935
0.877142
0.849727
0.822918
0.796929
0.771966
0.748216
0.725843
0.704991
0.685779
0.6683
0.652621
0.638788
0.626821
0.616723
0.608476
0.60205
0.597403
0.594481
0.593226
0.593574
0.595456
0.598801
0.603533
0.609575
0.616845
0.625255
0.634714
0.645125
0.656384
0.668387
0.681014
0.694148
0.707666
0.721438
0.735333
0.749221
0.762972
0.77646
0.789564
0.802171
0.814174
0.825478
0.835992
0.845644
0.85436
0.862095
0.868784
0.874417
0.878962
0.882378
0.884924
0.88687
0.316776
0.311658
0.306655
0.301807
0.297268
0.293229
0.289893
0.287477
0.286277
0.286605
0.288942
0.293843
0.301886
0.313595
0.329413
0.349612
0.374308
0.403302
0.436236
0.472247
0.510328
0.549187
0.587722
0.624628
0.659175
0.690555
0.718233
0.742113
0.762156
0.778484
0.791258
0.800659
0.806901
0.810206
0.810795
0.808884
0.80468
0.798385
0.790195
0.780301
0.768895
0.756166
0.742308
0.727513
0.711976
0.695894
0.679461
0.662871
0.646316
0.629976
0.614028
0.598633
0.583941
0.570086
0.557184
0.545335
0.534623
0.52511
0.516846
0.509863
0.504179
0.4998
0.496722
0.494932
0.494411
0.495132
0.497069
0.500187
0.504454
0.509833
0.516285
0.523769
0.532239
0.541644
0.551928
0.56303
0.574882
0.587411
0.600529
0.614148
0.628171
0.642491
0.656997
0.671575
0.686109
0.700482
0.714578
0.728285
0.741497
0.754115
0.766042
0.777199
0.787503
0.796898
0.805313
0.812723
0.819087
0.824364
0.828675
0.833212
0.300239
0.296664
0.293115
0.289576
0.286051
0.282568
0.279171
0.275911
0.272849
0.270061
0.267639
0.265696
0.264379
0.26386
0.264337
0.266021
0.269146
0.273927
0.280585
0.289258
0.300031
0.312821
0.327497
0.343708
0.361128
0.379267
0.397622
0.415661
0.433
0.44923
0.46401
0.477155
0.488526
0.498056
0.505732
0.511585
0.515675
0.51809
0.518933
0.518324
0.516391
0.513273
0.509113
0.504058
0.498257
0.491862
0.485021
0.477881
0.470585
0.46327
0.456064
0.449089
0.442455
0.436261
0.430595
0.425535
0.421146
0.417482
0.414586
0.412493
0.411228
0.410808
0.411244
0.412541
0.414702
0.417725
0.421605
0.426335
0.43191
0.438318
0.44555
0.45359
0.462422
0.472022
0.482365
0.493419
0.505146
0.517497
0.530418
0.543847
0.557707
0.571917
0.586387
0.601022
0.61572
0.630373
0.644876
0.659121
0.673002
0.686419
0.699273
0.711478
0.722943
0.7336
0.743374
0.752222
0.7601
0.766956
0.772789
0.779605
0.280166
0.278051
0.275914
0.27374
0.27152
0.269257
0.266963
0.264657
0.262357
0.260085
0.257864
0.255721
0.253689
0.25181
0.250133
0.248717
0.247633
0.246959
0.246789
0.247216
0.248339
0.250241
0.252995
0.256633
0.26117
0.266566
0.272755
0.279599
0.286967
0.294675
0.302526
0.310327
0.317896
0.325077
0.331733
0.337757
0.343073
0.347629
0.351403
0.354394
0.356623
0.358125
0.358953
0.35917
0.358848
0.358067
0.356909
0.35546
0.353808
0.352038
0.350234
0.348476
0.346839
0.345393
0.344203
0.343326
0.342813
0.34271
0.343055
0.343883
0.34522
0.34709
0.349512
0.352502
0.356075
0.36024
0.365008
0.370388
0.376389
0.383017
0.390277
0.398175
0.406711
0.415883
0.425688
0.436113
0.44715
0.458763
0.470929
0.483607
0.496745
0.510283
0.524152
0.538279
0.552576
0.56695
0.581307
0.595547
0.609568
0.623272
0.636559
0.649339
0.661516
0.673014
0.683749
0.693665
0.702713
0.71083
0.717904
0.726642
0.261538
0.260398
0.259217
0.25799
0.256707
0.255366
0.253973
0.252534
0.251059
0.249556
0.248034
0.246503
0.244971
0.243451
0.241956
0.240502
0.239111
0.237807
0.236617
0.235577
0.234723
0.234097
0.233741
0.233695
0.233996
0.234671
0.235742
0.237214
0.23908
0.241317
0.243889
0.246742
0.249811
0.253028
0.256319
0.259611
0.262838
0.265939
0.268864
0.271575
0.274043
0.276254
0.278202
0.279894
0.281345
0.282577
0.283622
0.284513
0.285291
0.285997
0.286675
0.28737
0.288124
0.28898
0.289979
0.291159
0.292555
0.294199
0.296122
0.29835
0.300906
0.303812
0.307087
0.310749
0.314813
0.319295
0.32421
0.329572
0.335396
0.341697
0.348489
0.355784
0.363595
0.371934
0.380813
0.39023
0.400195
0.410691
0.421711
0.433239
0.445242
0.457683
0.470512
0.483675
0.497104
0.510724
0.524451
0.5382
0.551876
0.565386
0.578633
0.591526
0.603969
0.615878
0.627166
0.637763
0.647614
0.656652
0.66466
0.674921
0.246471
0.245903
0.245294
0.244643
0.243943
0.24319
0.242386
0.241535
0.240641
0.239709
0.238745
0.23775
0.236731
0.23569
0.234633
0.233565
0.232494
0.231427
0.230374
0.229347
0.228359
0.227426
0.226567
0.225802
0.225149
0.224632
0.224268
0.224077
0.224072
0.224262
0.224654
0.225247
0.226032
0.226996
0.228121
0.229385
0.23076
0.232221
0.23374
0.235293
0.236859
0.238418
0.239958
0.241468
0.242947
0.244394
0.245815
0.24722
0.248622
0.250038
0.251486
0.252987
0.254563
0.256235
0.258026
0.259957
0.26205
0.264324
0.266799
0.269492
0.272419
0.275595
0.279036
0.282755
0.286765
0.29108
0.295715
0.300683
0.306
0.311682
0.317744
0.324203
0.331081
0.338391
0.346153
0.354376
0.363077
0.372259
0.381925
0.392074
0.402695
0.413768
0.425263
0.437144
0.449364
0.461865
0.474581
0.487439
0.500358
0.513255
0.526039
0.538623
0.550913
0.562822
0.574263
0.585155
0.595439
0.605045
0.613669
0.625024
0.234967
0.234715
0.23443
0.23411
0.233751
0.23335
0.232906
0.232421
0.231898
0.23134
0.230749
0.230127
0.229477
0.228801
0.228101
0.227381
0.226642
0.225888
0.225123
0.22435
0.223576
0.222807
0.222049
0.221312
0.220607
0.219943
0.219333
0.218789
0.218322
0.217944
0.217666
0.217495
0.217439
0.217501
0.217683
0.217984
0.2184
0.218925
0.219554
0.220278
0.221088
0.221978
0.22294
0.223969
0.225062
0.226215
0.22743
0.228708
0.230053
0.231473
0.232973
0.234564
0.236255
0.238056
0.239978
0.242033
0.244231
0.246584
0.2491
0.251791
0.254666
0.257733
0.261002
0.26448
0.268179
0.272106
0.276274
0.280693
0.285376
0.290337
0.295592
0.301157
0.307054
0.313299
0.319914
0.326913
0.334317
0.342142
0.350399
0.359098
0.368242
0.377827
0.387842
0.398265
0.40907
0.420216
0.431656
0.443333
0.455183
0.467133
0.479105
0.491018
0.502787
0.514326
0.52555
0.536373
0.546734
0.556559
0.565485
0.577495
0.226336
0.226256
0.22615
0.226016
0.225852
0.225656
0.225426
0.225163
0.224869
0.224546
0.224194
0.223815
0.223412
0.222985
0.222536
0.222067
0.22158
0.221075
0.220556
0.220022
0.219478
0.218924
0.218366
0.217806
0.21725
0.216703
0.216173
0.215664
0.215187
0.214747
0.214355
0.214017
0.213741
0.213534
0.213404
0.213354
0.213389
0.213513
0.213727
0.214033
0.214431
0.214921
0.215504
0.216178
0.216944
0.217803
0.218756
0.219804
0.22095
0.222196
0.223547
0.225008
0.226582
0.228274
0.23009
0.232035
0.234114
0.236331
0.238691
0.241198
0.243857
0.246671
0.249645
0.252782
0.256088
0.259567
0.263228
0.267078
0.271126
0.275383
0.279864
0.284583
0.289557
0.294803
0.300341
0.306192
0.312375
0.318911
0.325818
0.333113
0.340809
0.348912
0.357426
0.366344
0.375655
0.385336
0.395357
0.405679
0.416252
0.427022
0.437924
0.448888
0.459838
0.470696
0.481384
0.491813
0.501927
0.511645
0.520574
0.532811
0.219852
0.219862
0.219853
0.219824
0.219771
0.219693
0.219589
0.21946
0.219307
0.219129
0.218928
0.218706
0.218463
0.218202
0.217922
0.217626
0.217315
0.21699
0.216652
0.216301
0.215939
0.215567
0.215187
0.214802
0.214412
0.214023
0.213636
0.213257
0.21289
0.21254
0.212213
0.211914
0.211651
0.211429
0.211254
0.211134
0.211072
0.211076
0.211151
0.2113
0.211529
0.21184
0.212238
0.212726
0.213307
0.213984
0.214759
0.215635
0.216616
0.217703
0.2189
0.22021
0.221635
0.223177
0.22484
0.226624
0.228532
0.230564
0.232722
0.235006
0.237417
0.239955
0.24262
0.245413
0.248336
0.25139
0.25458
0.257908
0.261383
0.265011
0.268804
0.272773
0.276932
0.281296
0.285885
0.290716
0.295812
0.301192
0.306879
0.312891
0.319248
0.325966
0.333054
0.340519
0.348362
0.356574
0.365142
0.374041
0.38324
0.392698
0.402368
0.412192
0.42211
0.432051
0.441948
0.451716
0.461304
0.470631
0.479293
0.491361
0.214931
0.214988
0.215031
0.215058
0.215067
0.215058
0.215029
0.21498
0.214912
0.214825
0.21472
0.214598
0.214461
0.214308
0.214142
0.213964
0.213774
0.213574
0.213364
0.213145
0.212918
0.212683
0.212442
0.212197
0.211947
0.211697
0.211447
0.2112
0.210959
0.210728
0.210511
0.210312
0.210135
0.209985
0.209869
0.20979
0.209755
0.209769
0.209838
0.209967
0.210162
0.210428
0.210769
0.21119
0.211696
0.212291
0.212979
0.213763
0.214647
0.215633
0.216725
0.217924
0.219232
0.220651
0.222182
0.223824
0.225577
0.22744
0.229413
0.231493
0.233679
0.235968
0.238357
0.240846
0.243433
0.246117
0.248899
0.25178
0.254765
0.257858
0.261065
0.264397
0.267865
0.271481
0.275261
0.279223
0.283385
0.287769
0.292394
0.297283
0.302457
0.307934
0.313731
0.319863
0.326337
0.333159
0.340324
0.347824
0.355641
0.36375
0.372118
0.380703
0.389459
0.398327
0.407253
0.416159
0.425004
0.433706
0.441872
0.453425
0.211149
0.211228
0.211297
0.211354
0.211397
0.211426
0.211441
0.21144
0.211424
0.211394
0.21135
0.211293
0.211224
0.211144
0.211054
0.210955
0.210848
0.210735
0.210615
0.210489
0.210359
0.210225
0.210088
0.209949
0.209808
0.209668
0.20953
0.209396
0.209267
0.209147
0.209038
0.208944
0.208867
0.208812
0.208783
0.208784
0.208821
0.208898
0.209019
0.209192
0.209419
0.209708
0.210062
0.210488
0.210988
0.211569
0.212234
0.212987
0.213832
0.214771
0.215808
0.216943
0.218178
0.219513
0.22095
0.222486
0.22412
0.225851
0.227675
0.229588
0.231588
0.233671
0.235832
0.238067
0.240375
0.242751
0.245194
0.247704
0.250282
0.252931
0.255654
0.258459
0.261354
0.264349
0.267458
0.270694
0.274076
0.277622
0.281351
0.285285
0.289443
0.293847
0.298517
0.30347
0.30872
0.314279
0.320152
0.326341
0.33284
0.339637
0.346712
0.354038
0.361582
0.369299
0.377149
0.385062
0.393011
0.400916
0.408409
0.419165
0.208206
0.208294
0.208373
0.208444
0.208504
0.208554
0.208593
0.20862
0.208636
0.208641
0.208636
0.208621
0.208597
0.208565
0.208526
0.208481
0.208432
0.208378
0.208322
0.208263
0.208202
0.208141
0.20808
0.208019
0.207961
0.207906
0.207855
0.20781
0.207773
0.207746
0.20773
0.207729
0.207745
0.207781
0.207841
0.207928
0.208047
0.208202
0.208396
0.208636
0.208924
0.209267
0.209668
0.210134
0.210667
0.211272
0.211954
0.212715
0.21356
0.214491
0.215509
0.216617
0.217815
0.219103
0.220481
0.221946
0.223497
0.22513
0.226841
0.228626
0.230481
0.2324
0.234377
0.236409
0.23849
0.240616
0.242783
0.244991
0.247237
0.249523
0.251851
0.254226
0.256652
0.25914
0.261698
0.26434
0.26708
0.269934
0.27292
0.276056
0.279364
0.282862
0.286572
0.290512
0.294699
0.299149
0.303873
0.30888
0.314173
0.319748
0.325599
0.331709
0.338059
0.344615
0.351352
0.358211
0.365175
0.372174
0.37887
0.388621
0.205893
0.20598
0.206062
0.206137
0.206204
0.206264
0.206315
0.206358
0.206393
0.206419
0.206438
0.206449
0.206455
0.206455
0.206451
0.206443
0.206433
0.206421
0.206409
0.206397
0.206386
0.206377
0.206372
0.20637
0.206373
0.206381
0.206398
0.206422
0.206457
0.206504
0.206564
0.206641
0.206736
0.206851
0.206991
0.207158
0.207355
0.207586
0.207855
0.208166
0.208523
0.20893
0.209391
0.209911
0.210493
0.211142
0.211861
0.212652
0.21352
0.214465
0.21549
0.216596
0.217782
0.219049
0.220394
0.221815
0.22331
0.224875
0.226504
0.228194
0.229937
0.231728
0.233561
0.235431
0.23733
0.239255
0.2412
0.243163
0.245141
0.247133
0.24914
0.251165
0.253212
0.255287
0.257399
0.259557
0.261773
0.264062
0.266439
0.268921
0.271526
0.274273
0.27718
0.280268
0.283553
0.287053
0.290784
0.294755
0.298978
0.303456
0.30819
0.313172
0.318395
0.323836
0.32948
0.335282
0.341233
0.347274
0.353105
0.361716
0.204062
0.204144
0.204222
0.204295
0.204363
0.204426
0.204482
0.204533
0.204577
0.204616
0.204649
0.204677
0.204702
0.204723
0.204741
0.204758
0.204775
0.204793
0.204812
0.204833
0.204858
0.204887
0.204921
0.204962
0.205011
0.205068
0.205134
0.205212
0.205303
0.205408
0.205529
0.205668
0.205827
0.206009
0.206215
0.20645
0.206716
0.207016
0.207353
0.207731
0.208153
0.208624
0.209146
0.209723
0.21036
0.211058
0.211822
0.212653
0.213553
0.214526
0.21557
0.216688
0.217878
0.219139
0.220469
0.221866
0.223325
0.224843
0.226413
0.22803
0.229688
0.23138
0.2331
0.23484
0.236594
0.238357
0.240123
0.241888
0.243649
0.245403
0.24715
0.248892
0.250632
0.252373
0.254123
0.255889
0.257681
0.259512
0.261394
0.263343
0.265374
0.267504
0.269751
0.272132
0.274665
0.277368
0.280255
0.283342
0.28664
0.290158
0.293903
0.297873
0.302069
0.306477
0.311092
0.315879
0.320838
0.325921
0.33087
0.338277
0.202607
0.202681
0.202752
0.20282
0.202885
0.202945
0.203002
0.203055
0.203104
0.203148
0.20319
0.203228
0.203264
0.203298
0.203332
0.203366
0.203401
0.203438
0.203478
0.203523
0.203573
0.203629
0.203693
0.203765
0.203847
0.203939
0.204044
0.204162
0.204295
0.204445
0.204613
0.204801
0.205011
0.205246
0.205508
0.205798
0.206121
0.206479
0.206875
0.207311
0.207791
0.208319
0.208897
0.209529
0.210216
0.210963
0.211772
0.212643
0.21358
0.214583
0.215653
0.216788
0.217989
0.219254
0.220579
0.221962
0.223397
0.224881
0.226408
0.22797
0.229561
0.231175
0.232804
0.23444
0.236077
0.237709
0.239329
0.240933
0.242517
0.244078
0.245614
0.247127
0.248616
0.250087
0.251544
0.252993
0.254443
0.255903
0.257385
0.258902
0.260467
0.262096
0.263803
0.265606
0.26752
0.269562
0.271748
0.274091
0.276606
0.279303
0.282192
0.285277
0.288563
0.292044
0.295721
0.29957
0.303595
0.307759
0.311847
0.318047
0.201453
0.201517
0.201579
0.20164
0.201698
0.201754
0.201808
0.201859
0.201908
0.201955
0.202
0.202043
0.202086
0.202128
0.202171
0.202216
0.202263
0.202313
0.202368
0.202429
0.202497
0.202572
0.202656
0.20275
0.202856
0.202975
0.203107
0.203255
0.20342
0.203603
0.203807
0.204033
0.204283
0.204559
0.204863
0.205199
0.205568
0.205972
0.206416
0.206901
0.20743
0.208006
0.208631
0.209309
0.210042
0.210832
0.21168
0.212589
0.213559
0.214591
0.215684
0.216839
0.218052
0.219323
0.220647
0.22202
0.223439
0.224897
0.226389
0.227907
0.229445
0.230994
0.232548
0.234099
0.235639
0.237162
0.238662
0.240134
0.241572
0.242974
0.244337
0.245662
0.246949
0.248199
0.249418
0.250611
0.251783
0.252944
0.254104
0.255272
0.256461
0.257684
0.258955
0.260287
0.261697
0.263198
0.264805
0.266533
0.268394
0.270402
0.272565
0.274893
0.277392
0.280062
0.282907
0.285912
0.289085
0.292399
0.295678
0.300718
0.200544
0.200596
0.200649
0.2007
0.200751
0.200801
0.20085
0.200898
0.200944
0.20099
0.201035
0.201081
0.201126
0.201173
0.201221
0.201272
0.201326
0.201385
0.20145
0.201521
0.2016
0.201688
0.201787
0.201896
0.202019
0.202155
0.202308
0.202477
0.202664
0.202872
0.203102
0.203356
0.203635
0.203943
0.20428
0.204649
0.205053
0.205495
0.205975
0.206498
0.207065
0.20768
0.208344
0.209059
0.209828
0.210652
0.211534
0.212473
0.21347
0.214525
0.215638
0.216808
0.218031
0.219305
0.220628
0.221993
0.223396
0.224831
0.226292
0.227772
0.229262
0.230756
0.232246
0.233723
0.235181
0.236612
0.23801
0.23937
0.240686
0.241956
0.243176
0.244346
0.245466
0.246537
0.247562
0.248545
0.249493
0.250412
0.251311
0.252198
0.253084
0.25398
0.254899
0.255852
0.256853
0.257915
0.259051
0.260275
0.261598
0.263034
0.264592
0.266283
0.268114
0.270087
0.272212
0.274477
0.276894
0.279442
0.281985
0.285948
0.199836
0.199878
0.19992
0.199962
0.200005
0.200048
0.20009
0.200133
0.200176
0.20022
0.200263
0.200308
0.200354
0.200402
0.200453
0.200507
0.200565
0.200629
0.200699
0.200777
0.200863
0.200959
0.201066
0.201186
0.201319
0.201468
0.201633
0.201816
0.202019
0.202244
0.202492
0.202765
0.203065
0.203394
0.203754
0.204148
0.204578
0.205045
0.205553
0.206104
0.206699
0.207342
0.208033
0.208776
0.209572
0.210422
0.211326
0.212287
0.213303
0.214374
0.2155
0.216678
0.217905
0.219179
0.220495
0.221848
0.223234
0.224645
0.226076
0.227518
0.228964
0.230406
0.231837
0.233249
0.234633
0.235983
0.237293
0.238556
0.239768
0.240925
0.242025
0.243065
0.244045
0.244967
0.245833
0.246646
0.24741
0.248133
0.248821
0.249481
0.250123
0.250756
0.251392
0.25204
0.252712
0.25342
0.254175
0.25499
0.255875
0.256843
0.257903
0.259065
0.260337
0.261725
0.263237
0.264867
0.266628
0.268503
0.270394
0.273382
0.199299
0.19933
0.199363
0.199396
0.199431
0.199466
0.199503
0.19954
0.199578
0.199618
0.199659
0.199702
0.199747
0.199794
0.199845
0.1999
0.19996
0.200026
0.200099
0.20018
0.200269
0.20037
0.200482
0.200606
0.200746
0.200901
0.201073
0.201265
0.201477
0.201711
0.20197
0.202255
0.202567
0.20291
0.203285
0.203694
0.20414
0.204625
0.20515
0.205718
0.206332
0.206992
0.207702
0.208462
0.209274
0.210139
0.211057
0.212029
0.213055
0.214133
0.215262
0.216439
0.217663
0.218928
0.220232
0.221568
0.22293
0.224314
0.22571
0.227113
0.228514
0.229906
0.23128
0.232629
0.233944
0.23522
0.23645
0.237627
0.238747
0.239805
0.2408
0.241729
0.242592
0.243389
0.244122
0.244793
0.245408
0.24597
0.246486
0.246963
0.247408
0.24783
0.248238
0.248641
0.249049
0.249473
0.249922
0.250407
0.250939
0.251527
0.252181
0.25291
0.253723
0.254624
0.255623
0.256718
0.25792
0.259217
0.260542
0.262671
0.198908
0.19893
0.198954
0.198979
0.199007
0.199036
0.199066
0.199098
0.199132
0.199168
0.199205
0.199245
0.199288
0.199334
0.199383
0.199438
0.199497
0.199563
0.199636
0.199717
0.199808
0.199909
0.200022
0.200149
0.20029
0.200447
0.200622
0.200816
0.201032
0.20127
0.201533
0.201823
0.202142
0.202491
0.202872
0.203289
0.203742
0.204234
0.204768
0.205345
0.205966
0.206635
0.207352
0.208118
0.208936
0.209805
0.210727
0.2117
0.212724
0.213798
0.21492
0.216088
0.217298
0.218546
0.219828
0.221139
0.222472
0.22382
0.225178
0.226537
0.227889
0.229227
0.230543
0.231829
0.233078
0.234282
0.235436
0.236532
0.237568
0.238538
0.23944
0.240271
0.241032
0.241721
0.242341
0.242894
0.243383
0.243813
0.244189
0.244516
0.244802
0.245053
0.245278
0.245485
0.245682
0.245878
0.246083
0.246304
0.246552
0.246835
0.247161
0.247539
0.247977
0.24848
0.249056
0.249706
0.25044
0.251248
0.252094
0.253479
0.198646
0.198661
0.198678
0.198697
0.198719
0.198742
0.198767
0.198795
0.198824
0.198856
0.19889
0.198927
0.198967
0.199011
0.199059
0.199111
0.199169
0.199233
0.199304
0.199384
0.199473
0.199572
0.199684
0.199808
0.199947
0.200103
0.200276
0.200469
0.200683
0.20092
0.201182
0.20147
0.201787
0.202136
0.202517
0.202932
0.203385
0.203877
0.20441
0.204985
0.205606
0.206272
0.206986
0.207749
0.208562
0.209425
0.210338
0.211301
0.212312
0.213371
0.214476
0.215622
0.216808
0.218029
0.219279
0.220555
0.221848
0.223154
0.224464
0.225772
0.22707
0.22835
0.229604
0.230825
0.232004
0.233137
0.234216
0.235235
0.23619
0.237077
0.237893
0.238636
0.239305
0.2399
0.240422
0.240872
0.241255
0.241574
0.241832
0.242036
0.242192
0.242305
0.242382
0.242431
0.242459
0.242473
0.242482
0.242493
0.242514
0.242552
0.242616
0.242712
0.242847
0.243027
0.243259
0.243544
0.243893
0.244294
0.244739
0.245493
0.198502
0.198512
0.198525
0.19854
0.198557
0.198577
0.198599
0.198623
0.198649
0.198677
0.198709
0.198743
0.19878
0.198821
0.198866
0.198915
0.19897
0.199031
0.199099
0.199176
0.199261
0.199356
0.199463
0.199583
0.199718
0.199868
0.200035
0.200222
0.20043
0.200661
0.200916
0.201197
0.201508
0.201848
0.202222
0.202629
0.203074
0.203557
0.20408
0.204645
0.205255
0.205909
0.20661
0.207359
0.208156
0.209001
0.209894
0.210835
0.211822
0.212855
0.213929
0.215043
0.216193
0.217374
0.218582
0.219811
0.221055
0.222308
0.223562
0.22481
0.226045
0.227259
0.228445
0.229595
0.230702
0.23176
0.232762
0.233703
0.234578
0.235384
0.236118
0.236777
0.237361
0.237869
0.238303
0.238663
0.238953
0.239176
0.239335
0.239436
0.239483
0.239481
0.239438
0.239359
0.23925
0.239118
0.23897
0.238813
0.238653
0.238497
0.238351
0.238221
0.238114
0.238035
0.237989
0.237979
0.238013
0.238081
0.238199
0.238423
0.198472
0.198481
0.198492
0.198506
0.198521
0.198539
0.198558
0.19858
0.198604
0.198631
0.19866
0.198691
0.198726
0.198764
0.198806
0.198852
0.198903
0.19896
0.199023
0.199094
0.199174
0.199263
0.199364
0.199476
0.199603
0.199744
0.199903
0.20008
0.200277
0.200497
0.20074
0.20101
0.201307
0.201634
0.201993
0.202385
0.202814
0.20328
0.203785
0.204331
0.20492
0.205553
0.206231
0.206954
0.207724
0.20854
0.209402
0.210309
0.21126
0.212252
0.213284
0.214353
0.215454
0.216583
0.217736
0.218906
0.220089
0.221277
0.222463
0.223642
0.224804
0.225943
0.227052
0.228124
0.229151
0.230128
0.231049
0.231908
0.232701
0.233425
0.234077
0.234654
0.235155
0.235581
0.235932
0.236209
0.236415
0.236552
0.236624
0.236635
0.236589
0.236492
0.236348
0.236162
0.235942
0.235691
0.235417
0.235124
0.234819
0.234507
0.234194
0.233885
0.233585
0.233298
0.23303
0.232782
0.232564
0.232361
0.232214
0.232003
0.198562
0.198573
0.198585
0.198599
0.198615
0.198633
0.198652
0.198674
0.198697
0.198722
0.198749
0.198779
0.198811
0.198846
0.198884
0.198926
0.198973
0.199024
0.199082
0.199146
0.199219
0.1993
0.199391
0.199494
0.19961
0.19974
0.199886
0.200049
0.200232
0.200436
0.200663
0.200915
0.201193
0.2015
0.201838
0.202209
0.202614
0.203055
0.203533
0.204052
0.204611
0.205212
0.205856
0.206543
0.207275
0.20805
0.208868
0.209729
0.21063
0.21157
0.212546
0.213555
0.214594
0.215658
0.216742
0.21784
0.218948
0.220058
0.221164
0.22226
0.223338
0.224391
0.225413
0.226397
0.227335
0.228224
0.229056
0.229827
0.230533
0.23117
0.231736
0.232229
0.232647
0.232991
0.23326
0.233457
0.233583
0.23364
0.233631
0.233561
0.233433
0.233251
0.23302
0.232745
0.23243
0.23208
0.231702
0.231298
0.230875
0.230438
0.22999
0.229536
0.229082
0.22863
0.228185
0.227747
0.227327
0.226907
0.226549
0.225981
0.198786
0.198801
0.198817
0.198835
0.198853
0.198873
0.198894
0.198916
0.198939
0.198964
0.19899
0.199017
0.199047
0.199078
0.199113
0.19915
0.199191
0.199237
0.199287
0.199343
0.199406
0.199477
0.199557
0.199648
0.19975
0.199865
0.199995
0.200141
0.200305
0.200489
0.200695
0.200923
0.201178
0.201459
0.201769
0.202111
0.202484
0.202892
0.203336
0.203817
0.204337
0.204896
0.205496
0.206136
0.206817
0.207539
0.208301
0.209102
0.20994
0.210813
0.21172
0.212656
0.213617
0.2146
0.215601
0.216613
0.21763
0.218649
0.21966
0.22066
0.22164
0.222594
0.223516
0.224399
0.225238
0.226027
0.22676
0.227434
0.228044
0.228588
0.229062
0.229464
0.229795
0.230053
0.230239
0.230354
0.230399
0.230377
0.230291
0.230143
0.229937
0.229677
0.229366
0.22901
0.228612
0.228177
0.227709
0.227212
0.226691
0.226149
0.225591
0.22502
0.224441
0.223855
0.223268
0.222679
0.222098
0.221504
0.220981
0.220123
0.199171
0.199193
0.199215
0.199237
0.19926
0.199283
0.199306
0.19933
0.199354
0.199378
0.199403
0.199428
0.199455
0.199483
0.199512
0.199544
0.199578
0.199615
0.199656
0.199703
0.199754
0.199813
0.199879
0.199954
0.200039
0.200136
0.200246
0.200371
0.200513
0.200672
0.200851
0.201052
0.201276
0.201525
0.201801
0.202106
0.202441
0.202808
0.203208
0.203642
0.204112
0.204619
0.205162
0.205744
0.206362
0.207018
0.20771
0.208438
0.209198
0.209991
0.210812
0.211659
0.212528
0.213415
0.214315
0.215224
0.216136
0.217046
0.217948
0.218835
0.219701
0.220541
0.221348
0.222117
0.222842
0.223518
0.22414
0.224705
0.225207
0.225646
0.226018
0.226321
0.226556
0.22672
0.226816
0.226843
0.226803
0.226698
0.22653
0.226303
0.226019
0.225682
0.225294
0.224861
0.224385
0.223871
0.223322
0.222741
0.222134
0.221502
0.22085
0.220181
0.219498
0.218803
0.218101
0.21739
0.21668
0.215947
0.215295
0.214204
0.199761
0.19979
0.199819
0.199847
0.199875
0.199901
0.199927
0.199952
0.199976
0.199999
0.200022
0.200044
0.200067
0.200089
0.200112
0.200136
0.200161
0.200188
0.200218
0.200251
0.200289
0.200332
0.200381
0.200437
0.200502
0.200578
0.200664
0.200763
0.200877
0.201007
0.201154
0.201321
0.201509
0.201719
0.201953
0.202214
0.202501
0.202818
0.203164
0.203542
0.203952
0.204395
0.204871
0.205381
0.205924
0.2065
0.207108
0.207747
0.208415
0.20911
0.20983
0.210571
0.21133
0.212103
0.212886
0.213675
0.214463
0.215247
0.21602
0.216777
0.217512
0.21822
0.218895
0.219532
0.220126
0.220673
0.221167
0.221607
0.221987
0.222306
0.222562
0.222752
0.222877
0.222936
0.22293
0.222858
0.222723
0.222526
0.22227
0.221956
0.221588
0.221168
0.2207
0.220187
0.219632
0.219039
0.218411
0.217752
0.217063
0.21635
0.215614
0.214858
0.214086
0.213299
0.2125
0.211689
0.210876
0.210032
0.209281
0.208004
0.200616
0.200654
0.200689
0.200722
0.200753
0.200782
0.200809
0.200833
0.200856
0.200876
0.200895
0.200912
0.200928
0.200942
0.200956
0.200969
0.200982
0.200996
0.201011
0.201028
0.201048
0.201072
0.2011
0.201133
0.201174
0.201222
0.20128
0.201349
0.201429
0.201523
0.201633
0.201759
0.201903
0.202066
0.202251
0.202458
0.20269
0.202946
0.203229
0.203539
0.203877
0.204243
0.204638
0.205063
0.205516
0.205997
0.206505
0.207039
0.207598
0.208179
0.208779
0.209396
0.210026
0.210667
0.211313
0.211961
0.212606
0.213242
0.213866
0.214472
0.215055
0.215611
0.216133
0.216617
0.21706
0.217457
0.217804
0.218098
0.218336
0.218516
0.218636
0.218696
0.218693
0.218629
0.218504
0.218317
0.218071
0.217768
0.217408
0.216995
0.216531
0.216018
0.215459
0.214859
0.214218
0.213541
0.212831
0.21209
0.211321
0.210528
0.209712
0.208877
0.208025
0.207157
0.206277
0.205383
0.204486
0.203555
0.202731
0.201311
0.201829
0.201872
0.201911
0.201946
0.201977
0.202005
0.20203
0.202051
0.202068
0.202082
0.202092
0.2021
0.202105
0.202107
0.202107
0.202106
0.202102
0.202098
0.202094
0.20209
0.202087
0.202086
0.202087
0.202093
0.202103
0.202118
0.202141
0.202172
0.202212
0.202263
0.202327
0.202403
0.202495
0.202603
0.202728
0.202872
0.203036
0.203221
0.203427
0.203656
0.203909
0.204184
0.204484
0.204807
0.205154
0.205523
0.205914
0.206325
0.206754
0.2072
0.207661
0.208133
0.208613
0.209098
0.209585
0.210069
0.210547
0.211013
0.211464
0.211894
0.212301
0.212678
0.213022
0.213329
0.213595
0.213816
0.21399
0.214113
0.214184
0.2142
0.21416
0.214063
0.213909
0.213698
0.21343
0.213106
0.212727
0.212295
0.211813
0.211281
0.210702
0.21008
0.209416
0.208714
0.207976
0.207205
0.206404
0.205576
0.204724
0.203849
0.202956
0.202045
0.20112
0.200182
0.199234
0.198275
0.197316
0.196322
0.195451
0.193939
0.20353
0.203573
0.20361
0.203642
0.203668
0.203689
0.203705
0.203716
0.203722
0.203724
0.20372
0.203712
0.2037
0.203683
0.203663
0.20364
0.203613
0.203584
0.203553
0.203521
0.203487
0.203454
0.203421
0.203389
0.20336
0.203334
0.203313
0.203296
0.203287
0.203285
0.203291
0.203308
0.203336
0.203375
0.203428
0.203495
0.203578
0.203676
0.203791
0.203923
0.204073
0.204241
0.204426
0.204629
0.204849
0.205085
0.205337
0.205602
0.20588
0.206168
0.206464
0.206765
0.20707
0.207373
0.207673
0.207966
0.208247
0.208514
0.208762
0.208987
0.209186
0.209355
0.209489
0.209587
0.209644
0.209658
0.209626
0.209546
0.209416
0.209236
0.209003
0.208718
0.208381
0.207991
0.207551
0.20706
0.20652
0.205933
0.205301
0.204626
0.203911
0.203158
0.202371
0.201551
0.200702
0.199826
0.198927
0.198007
0.197069
0.196115
0.19515
0.194173
0.19319
0.1922
0.191207
0.19021
0.189221
0.188202
0.187321
0.185794
0.205924
0.205957
0.205982
0.206001
0.206013
0.206018
0.206016
0.206008
0.205992
0.205971
0.205943
0.205909
0.20587
0.205824
0.205773
0.205717
0.205657
0.205591
0.205522
0.20545
0.205374
0.205296
0.205216
0.205135
0.205054
0.204973
0.204894
0.204816
0.204742
0.204671
0.204606
0.204546
0.204492
0.204446
0.204409
0.20438
0.204361
0.204353
0.204355
0.204368
0.204392
0.204428
0.204474
0.204532
0.204599
0.204675
0.204759
0.20485
0.204945
0.205044
0.205144
0.205242
0.205337
0.205425
0.205502
0.205568
0.205617
0.205646
0.205654
0.205635
0.205587
0.205507
0.205392
0.205239
0.205047
0.204812
0.204533
0.204209
0.203838
0.203421
0.202956
0.202444
0.201885
0.201281
0.200632
0.199941
0.199208
0.198437
0.19763
0.196789
0.195917
0.195017
0.194093
0.193147
0.192183
0.191203
0.190211
0.18921
0.188204
0.187194
0.186185
0.185178
0.184177
0.183183
0.182201
0.181228
0.180278
0.179316
0.178499
0.177108
0.209345
0.209353
0.209352
0.209342
0.209324
0.209297
0.209261
0.209217
0.209165
0.209105
0.209036
0.20896
0.208876
0.208784
0.208685
0.208578
0.208465
0.208345
0.208219
0.208087
0.207949
0.207807
0.207659
0.207507
0.207352
0.207194
0.207033
0.206871
0.206708
0.206544
0.20638
0.206217
0.206055
0.205896
0.205739
0.205585
0.205434
0.205287
0.205144
0.205005
0.204869
0.204737
0.204608
0.204482
0.204358
0.204234
0.20411
0.203984
0.203855
0.203721
0.20358
0.203429
0.203267
0.203091
0.202899
0.202687
0.202454
0.202196
0.201911
0.201597
0.201251
0.200871
0.200455
0.200001
0.199508
0.198975
0.198401
0.197785
0.197128
0.196431
0.195693
0.194916
0.194102
0.193253
0.19237
0.191458
0.190517
0.189552
0.188566
0.187561
0.186544
0.185515
0.18448
0.183443
0.182407
0.181375
0.180353
0.179343
0.178351
0.177376
0.176427
0.175501
0.174608
0.173744
0.172919
0.172127
0.171385
0.170664
0.170075
0.16915
0.2144
0.214357
0.214304
0.214239
0.214164
0.214078
0.213981
0.213874
0.213756
0.213627
0.213488
0.213339
0.213179
0.21301
0.21283
0.21264
0.212441
0.212232
0.212013
0.211785
0.211549
0.211303
0.21105
0.210788
0.210518
0.210242
0.209958
0.209667
0.209371
0.209068
0.20876
0.208448
0.20813
0.207807
0.207481
0.20715
0.206815
0.206476
0.206133
0.205785
0.205432
0.205075
0.204711
0.204341
0.203963
0.203577
0.203181
0.202775
0.202355
0.201922
0.201473
0.201007
0.200521
0.200015
0.199485
0.19893
0.198349
0.19774
0.197101
0.196431
0.195729
0.194995
0.194227
0.193425
0.192591
0.191723
0.190825
0.189896
0.188939
0.187956
0.18695
0.185924
0.184881
0.183824
0.182759
0.181689
0.180618
0.179552
0.178495
0.177451
0.176427
0.175425
0.174453
0.173513
0.172612
0.171752
0.17094
0.170177
0.16947
0.168819
0.168232
0.167706
0.167251
0.166861
0.166549
0.166305
0.166145
0.166061
0.16604
0.166221
0.222309
0.222164
0.222006
0.221834
0.221648
0.221447
0.221233
0.221005
0.220762
0.220505
0.220234
0.219949
0.219649
0.219336
0.219008
0.218665
0.218309
0.217939
0.217554
0.217156
0.216744
0.216319
0.21588
0.215427
0.214961
0.214483
0.213991
0.213487
0.212971
0.212442
0.2119
0.211347
0.210782
0.210204
0.209615
0.209013
0.208399
0.207773
0.207133
0.206481
0.205816
0.205136
0.204443
0.203734
0.20301
0.202269
0.201512
0.200737
0.199944
0.199131
0.198299
0.197447
0.196575
0.195681
0.194766
0.19383
0.192874
0.191898
0.190903
0.18989
0.188861
0.187818
0.186764
0.185701
0.184633
0.183563
0.182495
0.181434
0.180384
0.179351
0.17834
0.177357
0.176406
0.175494
0.174626
0.173809
0.173047
0.172347
0.171714
0.171151
0.170666
0.170261
0.169941
0.169708
0.169568
0.169519
0.169567
0.16971
0.169952
0.170288
0.170724
0.171251
0.171877
0.172589
0.173398
0.174286
0.175261
0.176347
0.177333
0.179295
0.235771
0.235402
0.235013
0.234603
0.234173
0.233722
0.23325
0.232758
0.232244
0.231711
0.231156
0.23058
0.229984
0.229368
0.228731
0.228074
0.227397
0.2267
0.225983
0.225247
0.224492
0.223718
0.222925
0.222115
0.221286
0.22044
0.219577
0.218697
0.217801
0.216889
0.215961
0.215018
0.214061
0.21309
0.212106
0.211108
0.210099
0.209078
0.208046
0.207004
0.205954
0.204896
0.203831
0.202762
0.201688
0.200612
0.199537
0.198463
0.197394
0.196331
0.195279
0.194239
0.193216
0.192213
0.191235
0.190285
0.189369
0.188491
0.187657
0.186872
0.186141
0.18547
0.184865
0.184332
0.183875
0.183501
0.183216
0.183023
0.182927
0.182933
0.183045
0.183265
0.183597
0.184041
0.1846
0.185275
0.186064
0.186967
0.187982
0.189107
0.190339
0.191672
0.193102
0.194623
0.196228
0.19791
0.199659
0.201467
0.203322
0.205215
0.207135
0.209071
0.211012
0.212948
0.214868
0.216765
0.21862
0.220475
0.222057
0.224722
0.260963
0.260006
0.259022
0.258012
0.256976
0.255914
0.254829
0.253721
0.252591
0.25144
0.25027
0.249082
0.247878
0.246658
0.245426
0.244181
0.242926
0.241664
0.240395
0.239121
0.237845
0.236568
0.235294
0.234023
0.232759
0.231504
0.230261
0.229031
0.227819
0.226626
0.225457
0.224314
0.223202
0.222122
0.22108
0.22008
0.219125
0.21822
0.21737
0.216579
0.215854
0.215199
0.214619
0.214121
0.21371
0.213394
0.213177
0.213066
0.213068
0.213188
0.213434
0.213811
0.214326
0.214983
0.215788
0.216746
0.21786
0.219134
0.220569
0.222168
0.22393
0.225854
0.227937
0.230176
0.232565
0.235098
0.237766
0.240558
0.243465
0.246472
0.249567
0.252732
0.255952
0.259209
0.262485
0.265761
0.269018
0.272237
0.275398
0.278483
0.281472
0.284349
0.287093
0.289691
0.292124
0.294384
0.29645
0.298319
0.299964
0.301404
0.302603
0.303594
0.304333
0.304873
0.305155
0.305256
0.305112
0.30476
0.304348
0.303122
0.319127
0.317665
0.316244
0.314865
0.313531
0.312244
0.311006
0.309819
0.308685
0.307605
0.306583
0.30562
0.304718
0.303881
0.30311
0.302409
0.301779
0.301223
0.300744
0.300346
0.300029
0.299799
0.299656
0.299605
0.299648
0.299789
0.30003
0.300374
0.300825
0.301385
0.302057
0.302845
0.30375
0.304777
0.305928
0.307206
0.308613
0.310152
0.311825
0.313635
0.315584
0.317674
0.319906
0.322284
0.324807
0.327476
0.330294
0.333259
0.336372
0.339632
0.343037
0.346587
0.350276
0.354103
0.358062
0.362148
0.366353
0.370668
0.375083
0.379586
0.384163
0.388799
0.393474
0.398169
0.40286
0.407524
0.412129
0.416651
0.421049
0.425309
0.429378
0.433214
0.436783
0.440053
0.442985
0.445545
0.447697
0.449413
0.450664
0.451431
0.451691
0.451442
0.450668
0.449384
0.447581
0.445295
0.442522
0.439318
0.435678
0.431683
0.427314
0.422685
0.417749
0.412663
0.407329
0.401958
0.396429
0.390769
0.385889
0.377132
0.66547
0.665192
0.664652
0.663859
0.662828
0.661571
0.660101
0.658432
0.656575
0.654542
0.652341
0.649984
0.64748
0.644835
0.642058
0.639154
0.636131
0.632991
0.62974
0.626381
0.622917
0.619348
0.615677
0.611904
0.608028
0.604048
0.599964
0.595772
0.591471
0.587058
0.582529
0.577881
0.573111
0.568213
0.563185
0.558022
0.552722
0.547279
0.541691
0.535955
0.53007
0.524033
0.517843
0.511502
0.505009
0.498367
0.49158
0.484653
0.477591
0.470402
0.463095
0.455682
0.448176
0.44059
0.43294
0.425246
0.417526
0.409801
0.402094
0.394429
0.38683
0.379323
0.371935
0.364692
0.357618
0.350741
0.344084
0.33767
0.33152
0.325654
0.320086
0.31483
0.309894
0.305286
0.301007
0.297056
0.293428
0.290115
0.287105
0.284383
0.281931
0.27973
0.277759
0.275995
0.274414
0.272994
0.271709
0.27054
0.269461
0.268455
0.267497
0.266574
0.265663
0.264755
0.263827
0.262867
0.261879
0.260758
0.259853
0.257856
7.81014e-05
0.0012918
0.00283677
0.00377707
0.00402305
0.00384611
0.00345526
0.00297858
0.00239691
0.00124029
0.00501266
0.00240318
0.0111768
0.0222046
0.0393932
0.0559739
0.0722796
0.0882607
0.103865
0.119016
0.13362
0.147588
0.160861
0.173421
0.185293
0.196534
0.207227
0.217458
0.227317
0.236881
0.246214
0.255368
0.264382
0.273287
0.282113
0.290897
0.29969
0.308561
0.31757
0.326525
0.335489
0.344458
0.353422
0.36236
0.371249
0.380061
0.388768
0.397338
0.405736
0.413926
0.42187
0.429525
0.436852
0.443806
0.450343
0.456419
0.461992
0.467017
0.471459
0.475283
0.478464
0.480973
0.482794
0.48392
0.484333
0.484033
0.483019
0.481284
0.478818
0.475555
0.472078
0.468608
0.464453
0.459627
0.454274
0.448511
0.44243
0.436089
0.429546
0.422853
0.416055
0.409196
0.402318
0.395458
0.388648
0.381917
0.37529
0.368787
0.362426
0.356226
0.350196
0.344359
0.338714
0.333303
0.328101
0.323204
0.318566
0.314388
0.310767
0.307843
0.0023032
0.00723023
0.0104971
0.0103969
0.0089046
0.00717716
0.00523479
0.000835129
0.0113234
0.0318284
0.0484077
0.063904
0.0794634
0.0980183
0.120871
0.147632
0.179044
0.214967
0.25485
0.297867
0.342862
0.3886
0.433988
0.478189
0.520707
0.561331
0.600097
0.637186
0.672862
0.7074
0.741049
0.774008
0.806413
0.838334
0.86979
0.90075
0.931153
0.960969
0.990346
1.0199
1.04957
1.07936
1.10923
1.13909
1.16887
1.19849
1.22784
1.25684
1.28536
1.31329
1.34051
1.36687
1.39223
1.41645
1.43936
1.46081
1.48065
1.49872
1.51488
1.529
1.54097
1.5507
1.5581
1.56311
1.56567
1.56574
1.56332
1.55844
1.55121
1.54181
1.53073
1.51805
1.50338
1.48675
1.46836
1.44846
1.42726
1.40496
1.38173
1.35772
1.3331
1.30802
1.28261
1.257
1.23131
1.20563
1.18006
1.15466
1.12951
1.10467
1.08019
1.05611
1.03246
1.00933
0.986653
0.964586
0.943093
0.921779
0.903331
0.873884
0.00748661
0.0194791
0.0212524
0.0166562
0.0111582
0.0110458
0.0184515
0.0331188
0.0548815
0.0757303
0.0936764
0.112275
0.135187
0.165372
0.204388
0.252237
0.307751
0.369104
0.434307
0.500893
0.566685
0.630072
0.690095
0.746375
0.798991
0.848309
0.894842
0.93914
0.981724
1.02305
1.06349
1.10334
1.14283
1.18214
1.2214
1.26073
1.30024
1.34004
1.38017
1.42059
1.46124
1.50202
1.54282
1.58352
1.624
1.66413
1.70378
1.7428
1.78103
1.81832
1.85448
1.88935
1.92273
1.95442
1.9842
2.01189
2.03726
2.06014
2.08032
2.09764
2.11195
2.12317
2.13124
2.13607
2.13759
2.13578
2.13067
2.1223
2.11078
2.09617
2.07868
2.05864
2.0363
2.01179
1.98524
1.95686
1.92688
1.89555
1.86308
1.82968
1.79553
1.76083
1.72577
1.6905
1.65516
1.61988
1.58478
1.54994
1.51546
1.48141
1.44784
1.41483
1.38239
1.3506
1.31941
1.28895
1.2591
1.22961
1.20281
1.16169
0.0134721
0.0323995
0.0295868
0.024448
0.0252698
0.0333542
0.0483115
0.0674983
0.0869798
0.104954
0.124886
0.150929
0.186103
0.231579
0.28646
0.348984
0.416605
0.487147
0.558699
0.629713
0.699124
0.766248
0.830715
0.892399
0.95137
1.00784
1.06211
1.11455
1.16553
1.21541
1.26451
1.31313
1.36148
1.40975
1.45808
1.50658
1.55529
1.60419
1.65325
1.70244
1.75171
1.80097
1.85008
1.89892
1.94731
1.99509
2.04209
2.08812
2.13298
2.17647
2.21835
2.25842
2.29643
2.33217
2.36538
2.39586
2.42338
2.44772
2.46868
2.48608
2.49979
2.50972
2.51582
2.51804
2.51635
2.51078
2.50141
2.48834
2.47171
2.45167
2.42843
2.40229
2.37356
2.34247
2.30926
2.27416
2.23744
2.1994
2.16028
2.12026
2.07957
2.03841
1.99697
1.95542
1.91389
1.87252
1.83144
1.79073
1.75049
1.7108
1.6717
1.63326
1.59549
1.55847
1.52214
1.48661
1.45171
1.41728
1.38536
1.33799
0.0197178
0.0445324
0.042968
0.0411475
0.0461649
0.0574884
0.0725907
0.0891253
0.106388
0.126736
0.153895
0.190401
0.236815
0.291804
0.35302
0.418422
0.486349
0.555826
0.626243
0.697135
0.768061
0.838542
0.908106
0.976342
1.04296
1.10782
1.17092
1.23241
1.29251
1.35148
1.40957
1.46705
1.52413
1.58099
1.63778
1.69459
1.75139
1.80814
1.86478
1.92127
1.97753
2.03348
2.08897
2.14383
2.19789
2.25093
2.30274
2.3531
2.40177
2.44851
2.49306
2.53515
2.57456
2.61102
2.64427
2.67412
2.70032
2.72269
2.74103
2.75522
2.76518
2.77088
2.77229
2.76944
2.76237
2.7512
2.73606
2.71713
2.69462
2.66875
2.63979
2.60805
2.57382
2.53738
2.499
2.45894
2.41747
2.37481
2.33123
2.28697
2.24224
2.19722
2.15209
2.107
2.06207
2.01744
1.9732
1.92944
1.88624
1.84366
1.80175
1.76056
1.72009
1.68042
1.64146
1.60332
1.56581
1.52882
1.49428
1.44399
0.0258455
0.0580226
0.0579557
0.0577428
0.0637744
0.0744582
0.087849
0.103853
0.124085
0.151109
0.186783
0.231216
0.282916
0.339754
0.399939
0.462578
0.527357
0.594359
0.663658
0.735133
0.808408
0.882902
0.957932
1.03281
1.10694
1.17991
1.25149
1.32164
1.3904
1.45794
1.52444
1.59012
1.65516
1.71975
1.78398
1.84791
1.9115
1.97468
2.03736
2.09947
2.16089
2.22152
2.28119
2.33973
2.39691
2.45249
2.50624
2.5579
2.60719
2.65385
2.69761
2.73818
2.77533
2.8088
2.83833
2.86379
2.88493
2.90165
2.91379
2.92137
2.92438
2.92284
2.91684
2.90651
2.892
2.87351
2.85131
2.82563
2.79674
2.76493
2.73052
2.69382
2.65513
2.61472
2.57286
2.52977
2.48566
2.44076
2.39528
2.34945
2.30344
2.2574
2.21146
2.16572
2.1203
2.07527
2.03071
1.98669
1.94326
1.90047
1.85835
1.81693
1.77622
1.73625
1.69696
1.65843
1.62048
1.58302
1.54796
1.4974
0.0323928
0.070151
0.0704686
0.0700817
0.0755399
0.0858054
0.100499
0.120573
0.147482
0.182226
0.224412
0.272631
0.325061
0.380327
0.437829
0.497716
0.560437
0.626429
0.695928
0.768841
0.844755
0.923007
1.00279
1.08329
1.16377
1.24367
1.32259
1.4003
1.47672
1.55184
1.62575
1.69856
1.77041
1.8414
1.91159
1.98098
2.04955
2.1172
2.18381
2.24926
2.3134
2.37608
2.43714
2.49634
2.55347
2.60824
2.66042
2.70973
2.75586
2.79856
2.83756
2.87256
2.90339
2.92982
2.95161
2.96876
2.98103
2.98845
2.99105
2.98888
2.98206
2.97076
2.95522
2.93567
2.91238
2.88573
2.85603
2.82356
2.78864
2.7516
2.71272
2.67228
2.63061
2.58799
2.54464
2.50076
2.45652
2.41204
2.36747
2.32293
2.27852
2.23433
2.19045
2.14692
2.10379
2.06112
2.01894
1.97729
1.93618
1.89565
1.85569
1.81635
1.77759
1.73947
1.70189
1.66494
1.62846
1.59235
1.55853
1.5099
0.0397199
0.0800941
0.0793009
0.0779952
0.0842337
0.0980795
0.119623
0.148924
0.185515
0.228279
0.2756
0.326024
0.378516
0.432745
0.488966
0.547829
0.609996
0.675998
0.746103
0.820249
0.898053
0.978882
1.06195
1.14643
1.23152
1.31658
1.40107
1.48459
1.56688
1.64779
1.72726
1.8053
1.88193
1.95717
2.03101
2.10344
2.17439
2.24373
2.31133
2.37703
2.44064
2.50199
2.56089
2.61708
2.67033
2.72034
2.76692
2.80975
2.84853
2.88307
2.91313
2.93842
2.95889
2.97436
2.98466
2.98993
2.99012
2.98534
2.97577
2.96162
2.94319
2.92084
2.89488
2.86562
2.83346
2.79872
2.7618
2.72314
2.68314
2.64213
2.60042
2.55828
2.51592
2.47352
2.43124
2.38919
2.34744
2.30604
2.26503
2.22444
2.18428
2.14457
2.10531
2.0665
2.02812
1.99019
1.95269
1.91561
1.87897
1.84275
1.80694
1.77157
1.73659
1.70204
1.66785
1.63408
1.6006
1.56732
1.53611
1.49115
0.0477421
0.0871118
0.0848621
0.0858253
0.10095
0.129681
0.168942
0.215074
0.264964
0.31657
0.368719
0.42103
0.473697
0.527337
0.582778
0.640904
0.702457
0.767972
0.837744
0.911763
0.98972
1.07107
1.1551
1.24104
1.32808
1.41549
1.50262
1.58896
1.67408
1.7577
1.83962
1.9197
1.99785
2.07399
2.14806
2.21998
2.28965
2.35693
2.42164
2.48361
2.54263
2.59851
2.65105
2.69997
2.74504
2.786
2.82271
2.85483
2.88211
2.90446
2.92171
2.93363
2.94028
2.94166
2.93778
2.92881
2.91496
2.89656
2.87384
2.84712
2.81677
2.78316
2.74681
2.70824
2.66796
2.62645
2.58414
2.54141
2.49861
2.45604
2.41396
2.37256
2.33197
2.29228
2.25354
2.21575
2.17888
2.14289
2.10771
2.07327
2.03949
2.00631
1.97365
1.94146
1.90966
1.87821
1.84706
1.81618
1.78553
1.7551
1.72486
1.6948
1.6649
1.63518
1.60556
1.57611
1.54674
1.51734
1.4897
1.44966
0.0573938
0.0909588
0.0921125
0.110985
0.157437
0.221368
0.2919
0.361482
0.426486
0.486235
0.541636
0.594112
0.645284
0.696688
0.749651
0.805237
0.864218
0.927086
0.99411
1.06529
1.14038
1.21892
1.30028
1.38372
1.46849
1.55383
1.63906
1.72356
1.80682
1.88841
1.96799
2.04532
2.1202
2.19249
2.26204
2.32873
2.39241
2.45289
2.50998
2.56352
2.61329
2.6591
2.70077
2.73798
2.77058
2.79834
2.82122
2.83887
2.85117
2.85813
2.85973
2.85592
2.84682
2.83271
2.81371
2.79003
2.76194
2.72976
2.69398
2.65518
2.6139
2.57073
2.52619
2.48082
2.43514
2.38961
2.34466
2.30063
2.25782
2.21644
2.17665
2.13854
2.10216
2.06748
2.03442
2.0029
1.97277
1.94391
1.91614
1.88932
1.86329
1.83791
1.81304
1.78857
1.7644
1.74042
1.71657
1.69277
1.66898
1.64516
1.62127
1.59729
1.5732
1.54901
1.52466
1.5002
1.47558
1.45068
1.42717
1.39279
0.0567596
0.0938175
0.117727
0.190767
0.299475
0.41636
0.525595
0.61994
0.698524
0.76393
0.819906
0.869916
0.917039
0.963623
1.01137
1.06143
1.11457
1.17125
1.23165
1.29573
1.36325
1.43387
1.50708
1.58224
1.65874
1.73584
1.81282
1.88903
1.96391
2.03699
2.10787
2.17621
2.24174
2.30426
2.36355
2.41942
2.4717
2.52015
2.56457
2.60482
2.6407
2.67204
2.69867
2.72029
2.73686
2.74824
2.75439
2.75522
2.75067
2.74096
2.72614
2.70625
2.68147
2.65196
2.61811
2.58039
2.53932
2.49544
2.44929
2.40146
2.35256
2.30318
2.25389
2.20521
2.15762
2.11153
2.06729
2.02515
1.98531
1.94787
1.91288
1.88033
1.85014
1.82219
1.79632
1.77234
1.75003
1.72918
1.70957
1.69098
1.6732
1.65604
1.63932
1.62288
1.60659
1.59032
1.57397
1.55746
1.54073
1.52371
1.50637
1.48868
1.47061
1.45217
1.43331
1.41407
1.39443
1.37427
1.35511
1.32667
0.0593862
0.104786
0.203579
0.385372
0.582856
0.759504
0.903967
1.01548
1.09923
1.16284
1.21339
1.25615
1.29523
1.33327
1.37192
1.4122
1.4547
1.49978
1.54765
1.59836
1.65178
1.70773
1.76587
1.82568
1.88651
1.94778
2.00889
2.06927
2.12839
2.18576
2.24097
2.29362
2.3434
2.39007
2.43333
2.47296
2.50875
2.54042
2.56779
2.59078
2.60917
2.62284
2.63167
2.63549
2.63435
2.62827
2.6172
2.60114
2.5801
2.55412
2.52346
2.48846
2.4495
2.40701
2.36143
2.31328
2.26311
2.21153
2.15915
2.10656
2.05436
2.0031
1.9533
1.9054
1.85978
1.81673
1.77648
1.73918
1.7049
1.67363
1.64532
1.61984
1.59704
1.57673
1.55868
1.54264
1.52835
1.51556
1.504
1.49342
1.4836
1.47431
1.46534
1.45653
1.44771
1.43874
1.42951
1.41993
1.40991
1.39938
1.38831
1.37667
1.3644
1.35153
1.338
1.32387
1.30911
1.29363
1.27874
1.25618
0.0687622
0.14906
0.468735
0.816764
1.10794
1.32223
1.47048
1.56835
1.63197
1.67495
1.70669
1.73234
1.75561
1.77826
1.80119
1.82493
1.84982
1.87625
1.90453
1.93481
1.96711
2.00129
2.03709
2.07424
2.11233
2.15089
2.18944
2.22751
2.26463
2.30033
2.33422
2.36587
2.39498
2.42125
2.44436
2.46403
2.48008
2.49227
2.50039
2.50442
2.50426
2.49978
2.49083
2.47737
2.45927
2.43654
2.40932
2.37782
2.34225
2.30289
2.26004
2.21406
2.16539
2.11452
2.06198
2.00832
1.95411
1.89994
1.84639
1.79399
1.74325
1.69463
1.64851
1.6052
1.56496
1.52794
1.49424
1.46389
1.43686
1.41304
1.39231
1.37448
1.35934
1.34667
1.3362
1.32768
1.32083
1.31539
1.31109
1.30767
1.3049
1.30255
1.30042
1.29832
1.29609
1.29357
1.29065
1.28722
1.28319
1.2785
1.27309
1.26691
1.25994
1.25218
1.24357
1.23417
1.22396
1.21286
1.20197
1.18495
0.073499
0.532361
1.20064
1.70559
2.00153
2.15024
2.21481
2.23407
2.23282
2.2263
2.22052
2.21681
2.21487
2.21398
2.21364
2.21372
2.21441
2.21602
2.21887
2.22331
2.22953
2.23754
2.24719
2.25827
2.27043
2.28331
2.29654
2.30975
2.32252
2.33445
2.34515
2.35422
2.36143
2.36647
2.36906
2.3689
2.36575
2.35935
2.3496
2.33616
2.31895
2.29797
2.27325
2.24482
2.21278
2.17722
2.1383
2.09622
2.05127
2.00377
1.9541
1.90268
1.84997
1.79647
1.7427
1.68917
1.63641
1.58491
1.53514
1.48752
1.44243
1.40016
1.36097
1.32503
1.29244
1.26326
1.23748
1.21502
1.19579
1.17964
1.1664
1.15585
1.1478
1.142
1.1382
1.13616
1.13561
1.13632
1.13804
1.14052
1.14354
1.14689
1.15037
1.15379
1.15699
1.15983
1.16217
1.16391
1.16496
1.16523
1.16467
1.16323
1.16087
1.15758
1.15333
1.14813
1.14199
1.13483
1.12757
1.11558
0.109529
1.91765
2.78983
3.09544
3.095
2.9744
2.83625
2.72018
2.63455
2.57535
2.53459
2.50454
2.47971
2.45696
2.43497
2.41352
2.39291
2.37352
2.35565
2.33946
2.32498
2.31213
2.30078
2.29076
2.28189
2.27392
2.26657
2.25953
2.25243
2.24497
2.23677
2.22759
2.21699
2.20463
2.19032
2.17388
2.15515
2.13396
2.1102
2.08378
2.05462
2.02269
1.98801
1.95064
1.91072
1.8684
1.8239
1.77747
1.72942
1.68009
1.62987
1.57917
1.52842
1.47807
1.42854
1.38028
1.33368
1.28911
1.24691
1.20735
1.17066
1.137
1.1065
1.07921
1.05514
1.03425
1.01648
1.00171
0.989817
0.980635
0.973994
0.969706
0.967573
0.967389
0.96894
0.972009
0.976378
0.98183
0.988151
0.995129
1.00256
1.01026
1.01803
1.02571
1.03313
1.04016
1.04666
1.05252
1.05765
1.06196
1.06538
1.06787
1.06936
1.06986
1.06931
1.06772
1.06511
1.06139
1.05729
1.04976
)
;

boundaryField
{
    outlet
    {
        type            zeroGradient;
    }
    inlet
    {
        type            fixedValue;
        value           uniform 0.2;
    }
    lowerWall
    {
        type            kqRWallFunction;
        value           nonuniform List<scalar> 
148
(
0.318932
0.614648
0.847397
0.983377
1.04836
1.06927
1.06475
1.0465
1.0217
0.994572
0.967459
0.941556
0.917413
0.895216
0.874952
0.856514
0.839751
0.824502
0.81061
0.797926
0.78632
0.775671
0.765876
0.756844
0.748493
0.740751
0.733554
0.726849
0.720561
0.714753
0.708804
0.705434
0.691376
7.81014e-05
0.0023032
0.00748661
0.0134721
0.0197178
0.0258455
0.0323928
0.0397199
0.0477421
0.0573938
0.0567596
0.0593862
0.0687622
0.073499
0.109529
7.81014e-05
0.0012918
0.00283677
0.00377707
0.00402305
0.00384611
0.00345526
0.00297858
0.00239691
0.00124029
2.22045e-16
0.00240318
0.0111768
0.0222046
0.0393932
0.0559739
0.0722796
0.0882607
0.103865
0.119016
0.13362
0.147588
0.160861
0.173421
0.185293
0.196534
0.207227
0.217458
0.227317
0.236881
0.246214
0.255368
0.264382
0.273287
0.282113
0.290897
0.29969
0.308561
0.31757
0.326525
0.335489
0.344458
0.353422
0.36236
0.371249
0.380061
0.388768
0.397338
0.405736
0.413926
0.42187
0.429525
0.436852
0.443806
0.450343
0.456419
0.461992
0.467017
0.471459
0.475283
0.478464
0.480973
0.482794
0.48392
0.484333
0.484033
0.483019
0.481284
0.478818
0.475555
0.472078
0.468608
0.464453
0.459627
0.454274
0.448511
0.44243
0.436089
0.429546
0.422853
0.416055
0.409196
0.402318
0.395458
0.388648
0.381917
0.37529
0.368787
0.362426
0.356226
0.350196
0.344359
0.338714
0.333303
0.328101
0.323204
0.318566
0.314388
0.310767
0.307843
)
;
    }
    upperWall
    {
        type            kqRWallFunction;
        value           nonuniform List<scalar> 
133
(
0.214305
0.253643
0.294732
0.333812
0.370031
0.403432
0.434077
0.462012
0.487322
0.510132
0.530592
0.548865
0.565116
0.579516
0.592228
0.603409
0.613209
0.621766
0.629207
0.635651
0.641203
0.64596
0.650011
0.653433
0.656298
0.658668
0.660601
0.662147
0.66335
0.664251
0.664886
0.665285
0.665483
0.66547
0.665192
0.664652
0.663859
0.662828
0.661571
0.660101
0.658432
0.656575
0.654542
0.652341
0.649984
0.64748
0.644835
0.642058
0.639154
0.636131
0.632991
0.62974
0.626381
0.622917
0.619348
0.615677
0.611904
0.608028
0.604048
0.599964
0.595772
0.591471
0.587058
0.582529
0.577881
0.573111
0.568213
0.563185
0.558022
0.552722
0.547279
0.541691
0.535955
0.53007
0.524033
0.517843
0.511502
0.505009
0.498367
0.49158
0.484653
0.477591
0.470402
0.463095
0.455682
0.448176
0.44059
0.43294
0.425246
0.417526
0.409801
0.402094
0.394429
0.38683
0.379323
0.371935
0.364692
0.357618
0.350741
0.344084
0.33767
0.33152
0.325654
0.320086
0.31483
0.309894
0.305286
0.301007
0.297056
0.293428
0.290115
0.287105
0.284383
0.281931
0.27973
0.277759
0.275995
0.274414
0.272994
0.271709
0.27054
0.269461
0.268455
0.267497
0.266574
0.265663
0.264755
0.263827
0.262867
0.261879
0.260758
0.259853
0.257856
)
;
    }
    frontAndBack
    {
        type            empty;
    }
}


// ************************************************************************* //
