/*--------------------------------*- C++ -*----------------------------------*\
  =========                 |
  \\      /  F ield         | OpenFOAM: The Open Source CFD Toolbox
   \\    /   O peration     | Website:  https://openfoam.org
    \\  /    A nd           | Version:  10
     \\/     M anipulation  |
\*---------------------------------------------------------------------------*/
FoamFile
{
    format      ascii;
    class       volScalarField;
    location    "1000";
    object      nut;
}
// * * * * * * * * * * * * * * * * * * * * * * * * * * * * * * * * * * * * * //

dimensions      [0 2 -1 0 0 0 0];

internalField   nonuniform List<scalar> 
6820
(
5.21161e-05
7.23496e-05
8.49506e-05
9.15131e-05
9.44881e-05
9.54259e-05
9.5224e-05
9.44044e-05
9.32791e-05
9.20324e-05
9.07693e-05
8.95459e-05
8.83905e-05
8.73146e-05
8.63207e-05
8.54063e-05
8.45664e-05
8.37951e-05
8.30862e-05
8.24336e-05
8.18318e-05
8.12758e-05
8.07611e-05
8.02834e-05
7.98392e-05
7.94252e-05
7.90385e-05
7.86764e-05
7.83353e-05
7.80191e-05
7.76959e-05
7.75072e-05
7.67939e-05
0.00148779
0.000914493
0.000722323
0.000566086
0.000444965
0.000364554
0.000311028
0.000273876
0.000246823
0.000226542
0.000210742
0.000198386
0.000188225
0.000179921
0.000173043
0.000167268
0.000162375
0.000158201
0.000154618
0.000151527
0.000148847
0.000146516
0.000144481
0.000142701
0.000141136
0.000139761
0.000138547
0.000137477
0.000136512
0.000135662
0.000134889
0.000134215
0.000133413
0.00388235
0.00172611
0.00129522
0.00105715
0.000883653
0.000756982
0.000663656
0.000593356
0.000538662
0.00049523
0.000459793
0.000430501
0.000405787
0.000384676
0.000366437
0.000350537
0.00033655
0.00032417
0.000313134
0.000303255
0.000294361
0.00028633
0.000279045
0.00027242
0.000266375
0.000260844
0.000255771
0.000251109
0.000246804
0.000242842
0.000239124
0.000235734
0.000232383
0.00701486
0.0030933
0.00211865
0.00169399
0.00142842
0.00124177
0.00110356
0.000997707
0.000914036
0.000846515
0.000790842
0.000744244
0.000704627
0.00067054
0.000640857
0.000614798
0.00059169
0.000571093
0.000552563
0.000535857
0.000520649
0.000506821
0.000494103
0.000482471
0.000471668
0.000461754
0.000452452
0.000443908
0.000435796
0.000428356
0.000421184
0.000414635
0.000408169
0.00947863
0.00539464
0.00361892
0.00279676
0.00231358
0.00199145
0.00176049
0.00158676
0.00145105
0.00134224
0.00125305
0.0011787
0.00111573
0.00106176
0.00101494
0.000973977
0.000937768
0.000905591
0.000876724
0.000850759
0.000827179
0.00080577
0.000786122
0.000768156
0.000751513
0.000736212
0.000721911
0.00070871
0.000696268
0.000684736
0.000673777
0.000663577
0.000653784
0.0106282
0.0077634
0.00561755
0.00439956
0.00363522
0.00311496
0.00273997
0.0024579
0.00223822
0.00206258
0.00191909
0.00179982
0.00169916
0.00161316
0.00153881
0.00147397
0.00141689
0.00136632
0.00132114
0.00128061
0.00124397
0.00121077
0.00118045
0.00115276
0.00112725
0.0011038
0.00108203
0.0010619
0.00104308
0.00102558
0.00100912
0.000993731
0.000979159
0.0110845
0.00948062
0.00757881
0.00621462
0.00525
0.00454844
0.00402207
0.00361581
0.00329415
0.00303404
0.00281986
0.00264081
0.0024891
0.00235911
0.00224655
0.00214826
0.00206171
0.001985
0.00191653
0.00185511
0.00179967
0.00174945
0.00170371
0.00166192
0.00162356
0.00158827
0.00155565
0.00152546
0.00149738
0.00147125
0.0014468
0.00142393
0.00140243
0.0112619
0.0104723
0.00911496
0.00788286
0.00688557
0.00609514
0.00546645
0.00496065
0.00454794
0.00420654
0.00392048
0.00367801
0.0034703
0.00329072
0.00313412
0.00299655
0.00287483
0.00276649
0.00266949
0.00258223
0.00250332
0.00243168
0.00236636
0.00230661
0.00225174
0.00220121
0.00215451
0.00211126
0.00207107
0.00203365
0.00199871
0.00196602
0.00193536
0.0113319
0.0109613
0.0101483
0.00919368
0.00831236
0.00754597
0.00689415
0.00634289
0.00587565
0.00547744
0.00513576
0.00484048
0.00458348
0.0043583
0.00415971
0.00398356
0.00382644
0.00368559
0.00355871
0.00344394
0.00333968
0.00324464
0.00315768
0.00307786
0.00300437
0.00293653
0.00287371
0.00281542
0.00276118
0.00271061
0.00266336
0.00261913
0.00257764
0.0113604
0.011191
0.0107577
0.0101061
0.00941912
0.00876179
0.00816143
0.00762515
0.00715071
0.0067323
0.00636312
0.00603663
0.00574692
0.00548886
0.00525806
0.00505083
0.00486401
0.00469497
0.00454145
0.00440155
0.00427366
0.00415638
0.00404852
0.00394906
0.0038571
0.00377187
0.00369271
0.00361901
0.00355026
0.003486
0.00342584
0.00336941
0.0033164
0.0113724
0.0112961
0.0110835
0.0106835
0.0102001
0.00969075
0.00919015
0.00871656
0.00827792
0.00787638
0.00751102
0.00717947
0.00687877
0.00660587
0.00635783
0.00613194
0.00592576
0.00573715
0.00556418
0.00540518
0.00525868
0.00512338
0.00499816
0.004882
0.00477405
0.00467352
0.00457972
0.00449206
0.00440998
0.00433302
0.00426073
0.00419276
0.00412875
0.0113776
0.0113432
0.0112429
0.0110225
0.0107093
0.010347
0.00996381
0.0095792
0.00920549
0.00884962
0.00851496
0.0082027
0.00791267
0.007644
0.0073954
0.00716543
0.00695262
0.00675551
0.00657276
0.00640311
0.00624538
0.00609854
0.00596163
0.00583379
0.00571424
0.00560228
0.00549728
0.00539868
0.00530596
0.00521867
0.00513638
0.00505873
0.00498539
0.01138
0.0113641
0.0113177
0.0112066
0.0110186
0.0107798
0.0105077
0.0102177
0.00992165
0.00962789
0.0093419
0.00906704
0.00880518
0.0085572
0.00832327
0.00810316
0.00789638
0.00770227
0.00752011
0.00734916
0.00718865
0.00703788
0.00689615
0.00676282
0.00663727
0.00651896
0.00640736
0.00630198
0.00620241
0.00610823
0.00601907
0.0059346
0.00585451
0.0113814
0.0113732
0.0113518
0.0112994
0.0111948
0.0110479
0.0108673
0.0106628
0.0104433
0.010216
0.00998659
0.00975918
0.00953664
0.00932089
0.00911314
0.00891408
0.00872402
0.00854299
0.00837089
0.00820745
0.00805236
0.00790524
0.00776571
0.00763337
0.00750782
0.00738867
0.00727556
0.00716813
0.00706605
0.006969
0.00687669
0.00678884
0.0067052
0.0113823
0.0113772
0.011367
0.0113426
0.0112898
0.0112045
0.0110919
0.0109563
0.0108031
0.0106375
0.010464
0.0102863
0.0101076
0.00992993
0.00975513
0.00958437
0.0094185
0.00925806
0.00910337
0.00895461
0.00881181
0.00867492
0.00854384
0.0084184
0.00829843
0.00818372
0.00807406
0.00796923
0.00786902
0.00777321
0.0076816
0.00759398
0.00751018
0.0113826
0.0113796
0.0113738
0.0113622
0.0113373
0.011291
0.0112247
0.0111398
0.0110388
0.0109247
0.0108005
0.0106691
0.0105329
0.0103941
0.0102543
0.010115
0.00997717
0.00984165
0.00970905
0.00957979
0.00945418
0.00933242
0.0092146
0.00910079
0.00899098
0.00888513
0.00878317
0.00868502
0.00859058
0.00849974
0.00841238
0.00832838
0.00824762
0.0113825
0.0113808
0.0113772
0.011371
0.0113592
0.0113362
0.0112992
0.0112488
0.0111857
0.0111111
0.0110267
0.0109344
0.0108358
0.0107325
0.0106261
0.0105178
0.0104085
0.0102992
0.0101906
0.0100832
0.00997743
0.00987368
0.0097722
0.00967316
0.0095767
0.0094829
0.00939183
0.00930349
0.00921789
0.00913501
0.00905481
0.00897725
0.00890227
0.0113825
0.0113812
0.0113791
0.0113752
0.0113691
0.0113581
0.0113388
0.0113103
0.0112727
0.0112264
0.0111719
0.0111101
0.0110421
0.0109689
0.0108916
0.0108111
0.0107284
0.0106441
0.0105589
0.0104734
0.0103881
0.0103033
0.0102194
0.0101366
0.0100552
0.00997526
0.00989698
0.00982044
0.00974571
0.00967283
0.00960183
0.00953275
0.00946556
0.0113825
0.0113813
0.0113798
0.0113776
0.0113737
0.011368
0.0113586
0.0113433
0.0113219
0.0112944
0.0112608
0.0112213
0.0111765
0.011127
0.0110734
0.0110162
0.0109562
0.010894
0.01083
0.0107647
0.0106987
0.0106321
0.0105654
0.0104989
0.0104327
0.0103672
0.0103023
0.0102384
0.0101754
0.0101136
0.0100529
0.00999342
0.00993522
0.0113824
0.0113813
0.01138
0.0113785
0.0113762
0.0113727
0.0113676
0.0113599
0.0113483
0.0113326
0.0113127
0.0112886
0.0112604
0.0112283
0.0111927
0.0111538
0.0111121
0.011068
0.0110219
0.0109741
0.0109249
0.0108746
0.0108236
0.0107721
0.0107203
0.0106683
0.0106165
0.0105649
0.0105136
0.0104628
0.0104126
0.010363
0.0103142
0.0113824
0.0113813
0.0113801
0.0113788
0.0113773
0.0113751
0.0113721
0.0113676
0.0113616
0.0113531
0.0113418
0.0113275
0.0113104
0.0112904
0.0112677
0.0112423
0.0112145
0.0111844
0.0111524
0.0111186
0.0110833
0.0110467
0.011009
0.0109704
0.0109311
0.0108913
0.0108512
0.0108108
0.0107702
0.0107297
0.0106894
0.0106492
0.0106092
0.0113824
0.0113812
0.0113801
0.0113789
0.0113776
0.0113761
0.0113742
0.0113716
0.011368
0.0113633
0.0113572
0.0113489
0.0113389
0.0113268
0.0113127
0.0112967
0.0112787
0.0112588
0.0112373
0.0112141
0.0111895
0.0111636
0.0111365
0.0111083
0.0110793
0.0110495
0.0110191
0.0109882
0.0109568
0.0109252
0.0108933
0.0108613
0.0108293
0.0113824
0.0113812
0.0113801
0.0113789
0.0113778
0.0113765
0.0113751
0.0113734
0.0113712
0.0113684
0.0113646
0.01136
0.0113543
0.011347
0.0113384
0.0113284
0.0113169
0.0113039
0.0112896
0.0112739
0.0112569
0.0112387
0.0112193
0.011199
0.0111776
0.0111555
0.0111325
0.011109
0.0110848
0.0110601
0.011035
0.0110096
0.010984
0.0113824
0.0113812
0.0113801
0.0113789
0.0113778
0.0113766
0.0113754
0.0113741
0.0113726
0.0113707
0.0113683
0.0113653
0.0113615
0.0113571
0.0113517
0.0113452
0.0113376
0.0113288
0.0113189
0.0113078
0.0112957
0.0112824
0.0112681
0.0112528
0.0112366
0.0112195
0.0112017
0.0111831
0.0111638
0.011144
0.0111236
0.0111028
0.0110815
0.0113824
0.0113812
0.0113801
0.0113789
0.0113778
0.0113767
0.0113755
0.0113743
0.011373
0.0113715
0.0113696
0.0113674
0.0113644
0.0113609
0.011357
0.0113521
0.0113461
0.0113392
0.0113314
0.0113225
0.0113126
0.0113017
0.0112898
0.011277
0.0112633
0.0112488
0.0112334
0.0112173
0.0112006
0.0111832
0.0111652
0.0111467
0.0111278
0.0113824
0.0113812
0.0113801
0.0113789
0.0113778
0.0113766
0.0113755
0.0113742
0.0113729
0.0113712
0.0113693
0.0113668
0.0113637
0.0113601
0.011356
0.0113507
0.0113446
0.0113375
0.0113294
0.0113204
0.0113103
0.0112992
0.0112872
0.0112743
0.0112604
0.0112458
0.0112303
0.0112141
0.0111972
0.0111797
0.0111617
0.0111431
0.0111241
0.0113824
0.0113812
0.0113801
0.0113789
0.0113778
0.0113766
0.0113753
0.0113738
0.0113719
0.0113697
0.0113669
0.0113633
0.0113591
0.0113538
0.0113475
0.0113402
0.0113317
0.0113221
0.0113114
0.0112996
0.0112867
0.0112727
0.0112577
0.0112418
0.011225
0.0112073
0.0111889
0.0111698
0.0111501
0.0111298
0.011109
0.0110878
0.0110661
0.0113824
0.0113812
0.0113801
0.0113789
0.0113777
0.0113763
0.0113745
0.0113723
0.0113693
0.0113655
0.0113608
0.0113545
0.0113468
0.0113377
0.0113272
0.0113151
0.0113015
0.0112865
0.01127
0.0112523
0.0112333
0.0112132
0.011192
0.0111699
0.0111468
0.0111231
0.0110986
0.0110735
0.0110479
0.0110219
0.0109955
0.0109688
0.0109419
0.0113824
0.0113813
0.0113801
0.0113789
0.0113773
0.0113753
0.0113724
0.0113683
0.011363
0.0113555
0.0113458
0.0113338
0.0113196
0.0113031
0.0112845
0.0112637
0.0112409
0.0112163
0.01119
0.0111622
0.0111331
0.0111028
0.0110715
0.0110393
0.0110063
0.0109728
0.0109388
0.0109044
0.0108698
0.0108349
0.0108
0.0107651
0.0107302
0.0113825
0.0113813
0.0113801
0.0113784
0.011376
0.0113722
0.0113667
0.0113583
0.0113461
0.0113304
0.0113111
0.0112881
0.0112616
0.0112318
0.011199
0.0111635
0.0111257
0.0110857
0.011044
0.0110009
0.0109565
0.0109111
0.0108651
0.0108185
0.0107716
0.0107245
0.0106773
0.0106303
0.0105834
0.0105368
0.0104906
0.0104448
0.0103996
0.0113825
0.0113814
0.0113798
0.0113765
0.011372
0.011364
0.0113499
0.0113298
0.0113037
0.0112714
0.0112333
0.0111899
0.0111418
0.0110896
0.0110339
0.0109753
0.0109144
0.0108517
0.0107878
0.0107229
0.0106575
0.0105919
0.0105263
0.010461
0.0103962
0.010332
0.0102686
0.010206
0.0101443
0.0100837
0.0100242
0.0099658
0.00990853
0.0113826
0.011381
0.0113775
0.0113716
0.0113594
0.0113357
0.0113013
0.0112563
0.0112012
0.0111371
0.0110652
0.0109869
0.0109036
0.0108164
0.0107263
0.0106345
0.0105415
0.0104482
0.010355
0.0102625
0.0101709
0.0100807
0.00999191
0.00990484
0.0098196
0.00973626
0.0096549
0.00957555
0.00949824
0.00942297
0.00934973
0.0092785
0.00920925
0.0113825
0.0113788
0.0113715
0.0113527
0.0113123
0.0112512
0.0111713
0.0110751
0.0109656
0.0108458
0.0107187
0.0105868
0.0104521
0.0103163
0.0101807
0.0100464
0.0099142
0.00978461
0.0096581
0.00953494
0.00941533
0.00929937
0.00918713
0.0090786
0.00897374
0.00887249
0.00877479
0.00868052
0.0085896
0.00850191
0.00841733
0.00833576
0.00825707
0.0113813
0.0113725
0.0113446
0.0112755
0.0111624
0.0110161
0.0108447
0.0106562
0.0104574
0.0102539
0.0100496
0.00984759
0.00964987
0.00945783
0.00927233
0.00909388
0.00892271
0.00875888
0.00860229
0.00845278
0.00831011
0.00817402
0.00804421
0.00792039
0.00780226
0.00768953
0.00758191
0.00747912
0.0073809
0.00728701
0.0071972
0.00711125
0.00702894
0.0113782
0.0113392
0.0112229
0.0110038
0.0107266
0.0104167
0.0100938
0.00977088
0.00945631
0.00915473
0.00886847
0.00859844
0.00834473
0.0081069
0.00788423
0.00767584
0.0074808
0.00729817
0.00712704
0.00696653
0.00681584
0.00667421
0.00654095
0.00641543
0.00629704
0.00618527
0.00607961
0.00597963
0.00588491
0.00579509
0.00570982
0.00562879
0.00555171
0.0113586
0.011167
0.0107276
0.0101788
0.00961591
0.00907913
0.00858445
0.00813532
0.00773015
0.00736507
0.0070357
0.00673806
0.00646846
0.00622361
0.00600061
0.00579694
0.00561039
0.00543907
0.0052813
0.00513565
0.00500085
0.00487581
0.00475956
0.00465126
0.00455016
0.0044556
0.00436699
0.00428382
0.00420563
0.004132
0.00406255
0.00399697
0.00393495
0.0112033
0.010286
0.00914596
0.00815385
0.00734259
0.00668178
0.00613782
0.00568277
0.00529722
0.00496617
0.00467942
0.0044291
0.00420901
0.00401425
0.00384087
0.00368569
0.0035461
0.00341996
0.00330548
0.00320118
0.00310579
0.00301827
0.00293771
0.00286334
0.00279448
0.00273057
0.00267111
0.00261566
0.00256383
0.0025153
0.00246977
0.00242697
0.00238668
0.00988212
0.00703463
0.00556295
0.00467247
0.00408052
0.00363708
0.00328471
0.0029951
0.00275426
0.00255229
0.00238143
0.00223562
0.00211012
0.00200124
0.00190603
0.00182219
0.00174785
0.00168155
0.00162207
0.00156843
0.00151982
0.00147559
0.00143516
0.00139808
0.00136394
0.00133242
0.00130322
0.00127611
0.00125085
0.00122728
0.00120523
0.00118455
0.00116514
0.00388335
0.00236715
0.00190983
0.00162451
0.00144088
0.0012837
0.00115041
0.00104218
0.000954483
0.000882867
0.000823743
0.000774363
0.00073264
0.000697013
0.000666295
0.000639586
0.000616175
0.000595518
0.000577168
0.000560783
0.000546067
0.000532798
0.000520769
0.000509835
0.000499845
0.000490702
0.000482291
0.00047455
0.000467385
0.00046076
0.000454594
0.00044887
0.000443515
0.000128162
0.00013943
0.000150299
0.000159954
0.000168408
0.000175845
0.000182401
0.000188179
0.000193265
0.000197736
0.000201662
0.000205105
0.00020812
0.000210755
0.000213053
0.000215055
0.000216795
0.000218302
0.000219604
0.000220726
0.000221688
0.000222509
0.000223205
0.000223792
0.000224282
0.000224687
0.000225016
0.000225279
0.000225484
0.000225637
0.000225745
0.000225812
0.000225846
8.36426e-05
9.99981e-05
0.000125987
0.000161143
0.000202486
0.0002471
0.000293321
0.000339877
0.000385599
0.000429565
0.000470774
0.000508971
0.000544464
0.000577759
0.000609484
0.000640145
0.000670197
0.000699796
0.000729131
0.000758162
0.000786887
0.000815269
0.000843374
0.000871212
0.00089886
0.000926412
0.000953897
0.000981351
0.00100878
0.00103622
0.00106367
0.00109111
0.0011188
0.0011466
0.00117443
0.0012023
0.00123021
0.00125821
0.00128628
0.00131454
0.00134309
0.00137195
0.0014012
0.00143089
0.00146115
0.0014921
0.00152388
0.00155667
0.00159062
0.00162591
0.00166276
0.00170138
0.00174199
0.00178483
0.00183012
0.0018781
0.001929
0.00198303
0.00204037
0.00210119
0.00216562
0.00223377
0.00230567
0.00238134
0.00246074
0.00254377
0.0026303
0.00272013
0.00281306
0.0029088
0.00300708
0.00310752
0.00320986
0.0033136
0.00341855
0.00352411
0.00363016
0.00373613
0.00384168
0.00394655
0.00405032
0.00415265
0.00425313
0.00435164
0.00444777
0.00454129
0.00463194
0.00471958
0.00480389
0.00488498
0.00496224
0.0050364
0.00510605
0.00517326
0.00523413
0.00529582
0.0053456
0.00540588
0.00543958
0.00550915
0.000132951
0.000134166
0.000137362
0.000144743
0.000156117
0.000170864
0.000188982
0.000210071
0.000235104
0.000263976
0.000295178
0.000328962
0.000364784
0.000401625
0.000438832
0.000475844
0.000512382
0.000548036
0.000582951
0.000616751
0.000649552
0.000681419
0.000712606
0.000743119
0.000773122
0.000802759
0.000832047
0.000861065
0.000889876
0.000918552
0.000947155
0.000975698
0.00100428
0.00103294
0.00106169
0.00109058
0.00111962
0.00114887
0.00117835
0.00120814
0.00123833
0.00126899
0.00130023
0.00133213
0.00136482
0.00139843
0.0014331
0.001469
0.00150632
0.00154523
0.00158593
0.00162864
0.00167357
0.00172093
0.00177095
0.00182383
0.00187976
0.00193892
0.00200146
0.0020675
0.00213712
0.00221036
0.00228721
0.00236764
0.00245154
0.00253877
0.00262916
0.00272247
0.00281849
0.00291688
0.00301741
0.00311967
0.00322343
0.0033282
0.00343388
0.0035398
0.00364607
0.00375196
0.0038573
0.0039619
0.0040653
0.00416721
0.00426726
0.00436546
0.00446131
0.00455463
0.00464518
0.00473284
0.00481731
0.00489865
0.00497631
0.00505097
0.00512131
0.00518904
0.00525102
0.00531307
0.00536486
0.00542446
0.00546192
0.00553149
0.000228932
0.000224949
0.000220712
0.000217211
0.000215532
0.000215767
0.000217987
0.000222132
0.000228599
0.000238212
0.000251224
0.000267986
0.000288366
0.000311862
0.000338015
0.000366381
0.000396448
0.000427931
0.000460823
0.000492956
0.000525522
0.000558269
0.000591087
0.000623279
0.000655303
0.000686965
0.000718055
0.000748804
0.000779284
0.000809612
0.000839807
0.00086994
0.000900071
0.000930267
0.000960593
0.000991114
0.00102189
0.001053
0.00108451
0.00111651
0.00114907
0.00118232
0.00121634
0.00125127
0.00128724
0.00132438
0.00136285
0.00140282
0.00144446
0.00148796
0.00153352
0.00158132
0.00163156
0.00168444
0.00174014
0.00179883
0.00186065
0.00192574
0.00199417
0.00206602
0.0021413
0.00221997
0.00230198
0.00238721
0.00247551
0.00256668
0.00266053
0.00275676
0.00285516
0.00295538
0.00305721
0.00316023
0.00326428
0.00336886
0.00347402
0.00357898
0.00368419
0.0037886
0.00389239
0.0039954
0.0040971
0.00419725
0.00429562
0.00439232
0.00448669
0.00457869
0.0046681
0.00475478
0.00483845
0.00491917
0.00499641
0.00507084
0.00514115
0.0052087
0.00527126
0.00533304
0.00538647
0.00544471
0.00548571
0.00555461
0.000401284
0.000393449
0.000385294
0.000377476
0.00037059
0.000364508
0.000359266
0.000354711
0.000351087
0.000348337
0.000346924
0.000347032
0.000349327
0.000353874
0.000361329
0.000371492
0.000385072
0.000401437
0.000421537
0.000443999
0.000469145
0.00049531
0.000523788
0.000551752
0.000582317
0.000611713
0.000640806
0.000670906
0.000701402
0.00073219
0.00076302
0.000794077
0.00082534
0.000856875
0.000888751
0.000921038
0.000953809
0.000987144
0.00102113
0.00105585
0.0010914
0.0011279
0.00116546
0.00120421
0.00124428
0.00128583
0.00132899
0.00137395
0.00142085
0.00146988
0.00152121
0.001575
0.00163142
0.00169063
0.00175275
0.0018179
0.00188617
0.00195761
0.00203225
0.00211007
0.00219101
0.00227497
0.00236182
0.00245137
0.00254343
0.00263775
0.00273411
0.00283218
0.00293178
0.00303251
0.00313424
0.00323652
0.00333929
0.00344207
0.00354507
0.00364738
0.00374992
0.00385104
0.00395166
0.00405148
0.00414979
0.00424654
0.00434169
0.00443547
0.00452689
0.0046162
0.00470317
0.00478765
0.0048694
0.00494842
0.00502426
0.00509755
0.00516692
0.00523344
0.00529593
0.0053567
0.00541133
0.00546737
0.00551156
0.00557908
0.000643099
0.000631244
0.000619457
0.000608092
0.000597628
0.00058787
0.000578849
0.000570304
0.000562416
0.000554942
0.000548139
0.000541705
0.000536054
0.000530908
0.000526908
0.000523797
0.000522462
0.00052262
0.000525364
0.000530363
0.000538648
0.000549413
0.00056373
0.00058036
0.000600303
0.00062243
0.000647079
0.00067195
0.000699697
0.000727343
0.000755254
0.000784668
0.0008148
0.000845912
0.000877975
0.000910988
0.000944973
0.000979974
0.00101605
0.00105327
0.00109173
0.00113151
0.00117274
0.00121551
0.00125997
0.00130624
0.00135446
0.00140477
0.00145732
0.00151225
0.00156969
0.00162976
0.00169258
0.00175825
0.00182683
0.00189838
0.00197289
0.00205036
0.00213073
0.00221389
0.00229971
0.00238803
0.00247865
0.00257132
0.00266582
0.00276185
0.00285917
0.00295746
0.00305655
0.003156
0.0032558
0.00335544
0.00345499
0.00355403
0.00365291
0.00375062
0.00384861
0.00394425
0.00403996
0.00413467
0.00422755
0.00431917
0.00440929
0.00449812
0.00458505
0.0046701
0.00475311
0.00483395
0.00491242
0.00498845
0.00506172
0.00513254
0.00520016
0.00526485
0.00532627
0.00538516
0.00544042
0.00549325
0.00554006
0.0056056
0.00096319
0.000945704
0.000928699
0.000912358
0.000897084
0.000882716
0.000869289
0.000856545
0.000844634
0.000833294
0.000822714
0.000812572
0.000803115
0.000794022
0.000785664
0.000777758
0.000770797
0.000764555
0.000759613
0.000755673
0.000753493
0.000752798
0.000754393
0.00075798
0.000764325
0.000773056
0.000784981
0.000799216
0.000816566
0.00083645
0.000859155
0.000883349
0.000909643
0.000937942
0.000967892
0.00099948
0.0010327
0.00106758
0.00110413
0.00114241
0.00118247
0.00122439
0.00126823
0.00131409
0.00136207
0.00141227
0.00146478
0.00151972
0.00157717
0.00163723
0.00169998
0.00176548
0.00183378
0.00190492
0.00197887
0.00205562
0.00213509
0.00221719
0.00230179
0.0023887
0.00247774
0.00256867
0.00266123
0.00275515
0.00285015
0.00294592
0.00304223
0.00313871
0.00323524
0.00333135
0.00342716
0.00352202
0.00361628
0.00370953
0.00380223
0.0038933
0.00398472
0.0040733
0.00416129
0.00424847
0.00433419
0.00441868
0.00450183
0.00458383
0.00466436
0.00474334
0.00482068
0.00489623
0.00496986
0.00504144
0.00511076
0.00517784
0.00524247
0.00530419
0.00536357
0.00541962
0.00547411
0.00552381
0.00557173
0.00563513
0.00137888
0.00135329
0.00132865
0.00130507
0.00128283
0.00126184
0.00124209
0.00122338
0.00120579
0.00118912
0.00117346
0.00115858
0.00114463
0.00113136
0.00111902
0.0011074
0.00109681
0.00108706
0.00107851
0.00107096
0.00106479
0.00105986
0.00105654
0.0010548
0.00105497
0.00105702
0.00106136
0.0010681
0.00107706
0.00108843
0.00110273
0.00111966
0.00113926
0.00116163
0.0011865
0.00121383
0.00124359
0.00127578
0.00131038
0.00134739
0.00138685
0.00142876
0.00147319
0.00152015
0.00156972
0.00162194
0.00167685
0.00173452
0.00179498
0.00185825
0.00192436
0.00199331
0.00206507
0.00213959
0.0022168
0.00229659
0.00237883
0.00246334
0.00254992
0.00263834
0.00272833
0.00281962
0.0029119
0.00300486
0.0030982
0.00319158
0.00328476
0.00337738
0.00346932
0.00356005
0.0036499
0.00373793
0.00382501
0.00391063
0.00399602
0.00407816
0.00416002
0.00423985
0.00431848
0.00439617
0.00447261
0.00454795
0.00462215
0.0046954
0.00476756
0.00483858
0.0049084
0.00497689
0.00504398
0.00510948
0.00517334
0.00523525
0.0052955
0.00535295
0.00540915
0.00546125
0.00551408
0.00555938
0.00560827
0.00566758
0.00190183
0.0018655
0.00183067
0.00179738
0.00176581
0.00173589
0.00170761
0.00168079
0.00165545
0.00163144
0.00160879
0.00158733
0.00156712
0.00154804
0.0015302
0.00151353
0.0014982
0.00148413
0.00147155
0.00146033
0.00145074
0.00144258
0.00143625
0.00143167
0.00142857
0.00142749
0.0014284
0.00143147
0.00143673
0.00144421
0.00145413
0.00146658
0.00148163
0.0014994
0.00151991
0.00154319
0.00156927
0.00159816
0.00162988
0.00166447
0.00170194
0.00174232
0.00178563
0.0018319
0.00188114
0.00193338
0.00198862
0.00204687
0.00210813
0.00217236
0.00223952
0.00230956
0.00238239
0.00245791
0.00253596
0.00261639
0.00269898
0.00278352
0.00286974
0.00295736
0.00304606
0.00313551
0.0032254
0.00331535
0.00340506
0.00349417
0.0035824
0.00366943
0.00375505
0.00383876
0.00392103
0.00400054
0.00408005
0.00415665
0.00423147
0.0043038
0.00437491
0.00444418
0.00451192
0.0045785
0.00464392
0.00470832
0.00477178
0.00483448
0.00489645
0.00495767
0.00501816
0.00507781
0.00513664
0.00519437
0.00525114
0.00530634
0.00536075
0.00541249
0.00546426
0.00551116
0.00556132
0.00560088
0.00565031
0.00570371
0.00253226
0.00248311
0.00243602
0.00239097
0.00234807
0.00230725
0.00226848
0.00223162
0.00219664
0.00216342
0.00213195
0.0021021
0.00207389
0.00204723
0.00202221
0.00199878
0.0019771
0.00195711
0.00193899
0.00192267
0.00190835
0.0018959
0.00188558
0.00187719
0.00187141
0.00186705
0.00186491
0.0018653
0.00186791
0.00187291
0.00188029
0.0018902
0.00190266
0.00191778
0.00193564
0.00195629
0.0019798
0.00200622
0.00203559
0.00206797
0.0021034
0.00214191
0.00218354
0.00222831
0.00227622
0.00232729
0.00238151
0.00243885
0.00249928
0.00256274
0.00262915
0.0026984
0.00277037
0.0028449
0.0029218
0.00300086
0.00308183
0.00316443
0.00324836
0.00333329
0.00341888
0.00350476
0.00359057
0.00367594
0.00376051
0.00384394
0.00392591
0.00400608
0.00408413
0.0041597
0.00423337
0.00430551
0.00437423
0.00444055
0.00450469
0.00456619
0.00462577
0.00468338
0.0047392
0.00479361
0.00484679
0.00489897
0.00495031
0.00500104
0.00505131
0.00510117
0.00515073
0.00519992
0.00524885
0.00529719
0.00534529
0.00539225
0.0054393
0.00548389
0.00552986
0.00557024
0.00561661
0.00564909
0.00569835
0.00574411
0.00325836
0.0031954
0.00313497
0.00307704
0.00302164
0.00296872
0.00291823
0.00287006
0.00282415
0.00278041
0.00273879
0.0026992
0.00266163
0.00262603
0.00259244
0.00256087
0.00253141
0.00250406
0.00247895
0.00245606
0.00243555
0.00241732
0.00240161
0.00238818
0.00237751
0.00236916
0.00236374
0.00236006
0.00235918
0.00236119
0.00236569
0.00237294
0.00238287
0.00239557
0.00241109
0.00242947
0.00245077
0.00247503
0.00250231
0.00253264
0.00256606
0.00260262
0.00264234
0.00268524
0.00273131
0.00278057
0.00283298
0.0028885
0.00294709
0.00300865
0.00307308
0.00314025
0.00321001
0.00328216
0.00335648
0.00343272
0.00351061
0.00358983
0.00367006
0.00375094
0.00383209
0.00391311
0.00399367
0.00407332
0.00415172
0.00422852
0.00430333
0.00437579
0.00444541
0.00451297
0.00457847
0.00464019
0.00469894
0.00475476
0.0048079
0.00485817
0.00490601
0.00495156
0.00499506
0.00503686
0.00507725
0.00511654
0.005155
0.00519288
0.00523045
0.00526786
0.0053053
0.00534274
0.00538043
0.005418
0.00545601
0.0054933
0.00553159
0.00556762
0.00560645
0.00563899
0.00568036
0.00570451
0.00575256
0.0057891
0.0040585
0.00398209
0.00390853
0.00383779
0.00376987
0.0037047
0.00364225
0.00358243
0.00352518
0.00347042
0.00341809
0.00336814
0.00332053
0.00327524
0.0032323
0.00319172
0.00315358
0.0031179
0.00308478
0.00305424
0.0030264
0.00300121
0.00297886
0.00295918
0.0029425
0.0029285
0.00291771
0.00290938
0.00290466
0.00290183
0.00290211
0.00290579
0.00291214
0.00292159
0.00293401
0.00294943
0.00296791
0.00298947
0.00301412
0.00304189
0.00307282
0.00310691
0.00314417
0.00318461
0.00322822
0.00327498
0.00332484
0.00337775
0.00343363
0.00349239
0.00355388
0.00361796
0.00368445
0.00375314
0.00382378
0.00389609
0.00396979
0.00404453
0.00411997
0.00419574
0.00427143
0.00434665
0.00442105
0.00449413
0.00456563
0.0046351
0.00470212
0.00476619
0.00482801
0.00488732
0.00494276
0.00499487
0.00504364
0.00508906
0.00513136
0.00517052
0.00520682
0.00524052
0.00527185
0.00530119
0.00532887
0.00535526
0.00538068
0.00540548
0.00542999
0.00545442
0.00547908
0.005504
0.00552956
0.00555536
0.00558219
0.00560869
0.00563703
0.00566328
0.00569372
0.00571724
0.00575238
0.00576717
0.00581261
0.00583861
0.00490465
0.0048165
0.00473133
0.00464911
0.00456981
0.0044934
0.00441985
0.00434908
0.00428106
0.00421572
0.00415301
0.00409291
0.00403538
0.00398042
0.00392805
0.00387829
0.00383122
0.00378686
0.00374531
0.00370659
0.00367082
0.00363799
0.00360822
0.00358145
0.00355789
0.00353732
0.00352014
0.00350583
0.00349518
0.00348709
0.0034831
0.00348135
0.00348258
0.00348782
0.00349596
0.0035073
0.00352193
0.00353974
0.00356074
0.00358499
0.00361248
0.00364318
0.00367707
0.00371415
0.00375439
0.00379773
0.00384412
0.00389349
0.00394572
0.0040007
0.00405827
0.00411827
0.00418049
0.0042447
0.00431063
0.004378
0.00444651
0.00451578
0.00458548
0.0046552
0.00472452
0.00479312
0.00486059
0.00492635
0.00499032
0.00505185
0.0051104
0.00516679
0.0052202
0.00526983
0.00531597
0.00535851
0.00539743
0.00543272
0.00546455
0.005493
0.00551827
0.00554064
0.00556038
0.00557783
0.00559336
0.00560735
0.00562019
0.00563225
0.00564391
0.00565547
0.00566732
0.00567953
0.0056926
0.00570616
0.00572119
0.00573617
0.00575371
0.00576929
0.00579035
0.00580389
0.00583165
0.00583633
0.00587745
0.0058921
0.00576603
0.00566902
0.00557487
0.00548358
0.00539513
0.00530951
0.0052267
0.00514667
0.00506939
0.00499482
0.00492296
0.00485376
0.00478725
0.00472341
0.00466228
0.0046039
0.00454832
0.00449561
0.00444584
0.00439905
0.00435535
0.00431475
0.00427737
0.00424318
0.00421233
0.00418472
0.00416058
0.00413964
0.00412234
0.00410813
0.00409768
0.00409038
0.00408648
0.00408619
0.00408851
0.00409473
0.00410451
0.00411739
0.00413363
0.0041533
0.00417626
0.00420244
0.00423187
0.00426451
0.00430029
0.00433915
0.00438101
0.00442576
0.00447327
0.00452341
0.004576
0.00463085
0.00468775
0.00474642
0.00480661
0.00486801
0.00493032
0.00499313
0.00505614
0.00511888
0.00518093
0.00524212
0.00530185
0.00535955
0.0054154
0.00546821
0.0055191
0.00556639
0.00561041
0.00565087
0.00568765
0.00572067
0.0057499
0.00577533
0.0057971
0.00581532
0.00583016
0.00584189
0.00585078
0.00585716
0.00586138
0.00586383
0.00586492
0.00586502
0.00586457
0.00586388
0.00586342
0.00586328
0.0058641
0.00586549
0.00586863
0.00587187
0.00587824
0.00588269
0.0058937
0.00589668
0.00591609
0.00591029
0.00594538
0.00594814
0.00661242
0.0065102
0.0064105
0.00631336
0.00621877
0.00612677
0.00603735
0.00595051
0.00586626
0.0057846
0.00570552
0.00562905
0.00555518
0.00548397
0.00541543
0.00534964
0.00528665
0.00522653
0.00516936
0.00511521
0.00506416
0.00501626
0.00497161
0.00493023
0.00489223
0.00485757
0.00482641
0.00479862
0.00477444
0.00475363
0.00473645
0.00472277
0.0047125
0.00470597
0.00470249
0.00470302
0.00470674
0.00471343
0.00472404
0.00473824
0.00475559
0.00477616
0.00480006
0.00482719
0.00485743
0.00489072
0.00492695
0.00496596
0.00500764
0.00505183
0.00509833
0.00514694
0.00519742
0.00524946
0.00530284
0.00535724
0.00541231
0.00546764
0.005523
0.00557775
0.00563167
0.00568467
0.00573576
0.00578464
0.00583202
0.00587609
0.00591739
0.00595545
0.0059901
0.00602113
0.00604842
0.00607188
0.0060915
0.00610729
0.00611933
0.00612775
0.00613273
0.00613449
0.0061333
0.00612946
0.00612331
0.00611522
0.00610559
0.00609479
0.00608326
0.00607131
0.00605945
0.00604781
0.00603709
0.00602689
0.00601857
0.00601037
0.00600567
0.00599903
0.00599974
0.00599203
0.00600242
0.00598616
0.00601387
0.0060043
0.00741679
0.00731335
0.00721192
0.00711256
0.00701531
0.00692022
0.00682733
0.00673666
0.00664825
0.00656214
0.00647836
0.00639694
0.00631792
0.00624136
0.00616733
0.00609587
0.00602708
0.00596104
0.00589782
0.00583752
0.00578021
0.00572598
0.00567491
0.00562706
0.00558251
0.00554129
0.0055035
0.00546911
0.00543824
0.00541083
0.00538696
0.00536665
0.0053498
0.00533662
0.00532678
0.0053206
0.00531793
0.00531852
0.0053225
0.00533057
0.00534117
0.00535519
0.00537274
0.00539343
0.00541714
0.00544388
0.00547344
0.00550565
0.00554045
0.00557763
0.00561697
0.00565826
0.00570124
0.00574558
0.00579112
0.00583748
0.00588429
0.00593115
0.00597788
0.00602361
0.00606859
0.00611264
0.00615442
0.00619394
0.00623146
0.00626604
0.00629764
0.00632598
0.00635089
0.0063722
0.0063898
0.00640361
0.00641363
0.00641986
0.0064224
0.00642137
0.00641693
0.0064093
0.00639871
0.00638545
0.00636984
0.0063522
0.00633292
0.00631234
0.00629088
0.00626886
0.00624678
0.00622476
0.00620354
0.00618274
0.00616381
0.00614493
0.00612972
0.00611248
0.00610311
0.00608503
0.00608613
0.00605982
0.00607919
0.00605721
0.0081572
0.00805644
0.00795706
0.00785915
0.00776278
0.00766802
0.00757494
0.00748361
0.00739409
0.00730643
0.00722071
0.00713699
0.00705533
0.0069758
0.0068985
0.0068235
0.00675089
0.00668077
0.00661323
0.00654837
0.0064863
0.00642709
0.00637084
0.00631763
0.00626754
0.00622063
0.00617699
0.00613663
0.00609963
0.00606602
0.00603582
0.00600908
0.00598576
0.00596596
0.00594956
0.00593664
0.00592718
0.0059211
0.00591827
0.00591909
0.005923
0.00593006
0.00594037
0.00595379
0.00597016
0.00598953
0.0060115
0.00603597
0.00606299
0.0060922
0.00612342
0.00615641
0.00619088
0.0062265
0.00626329
0.00630065
0.00633819
0.00637565
0.00641278
0.00644897
0.00648402
0.00651784
0.00654968
0.00657919
0.00660638
0.00663077
0.00665215
0.00667032
0.00668511
0.00669639
0.00670406
0.00670807
0.00670842
0.00670515
0.00669833
0.00668809
0.00667458
0.00665801
0.00663859
0.00661659
0.0065923
0.00656601
0.00653806
0.00650878
0.00647855
0.00644766
0.00641659
0.00638545
0.00635499
0.00632479
0.00629639
0.0062679
0.00624312
0.00621617
0.00619734
0.00616961
0.00616155
0.00612599
0.0061365
0.00610249
0.00881786
0.0087232
0.00862925
0.00853611
0.00844388
0.00835265
0.00826251
0.00817356
0.00808588
0.00799955
0.00791467
0.00783131
0.00774958
0.00766955
0.00759134
0.00751504
0.00744075
0.00736859
0.00729866
0.00723106
0.00716592
0.00710333
0.00704339
0.00698619
0.00693183
0.00688038
0.00683194
0.00678654
0.00674426
0.00670515
0.00666925
0.0066366
0.0066072
0.00658112
0.0065583
0.00653879
0.00652257
0.00650962
0.00649983
0.00649334
0.00648998
0.00648965
0.00649235
0.006498
0.00650646
0.00651768
0.00653145
0.00654757
0.00656596
0.0065864
0.00660866
0.0066325
0.00665766
0.00668381
0.00671078
0.00673821
0.00676571
0.00679296
0.00681968
0.00684544
0.00686991
0.00689291
0.00691401
0.00693282
0.00694919
0.00696283
0.00697353
0.00698111
0.00698544
0.00698641
0.00698395
0.00697802
0.00696864
0.00695587
0.00693979
0.00692052
0.00689822
0.00687308
0.0068453
0.00681513
0.00678282
0.00674865
0.00671291
0.00667589
0.00663794
0.00659931
0.00656046
0.00652145
0.00648302
0.00644473
0.00640812
0.00637128
0.0063381
0.0063026
0.00627522
0.00623892
0.00622219
0.00617848
0.00618005
0.00613485
0.00938949
0.00930358
0.00921773
0.00913205
0.00904664
0.00896162
0.00887708
0.00879315
0.00870991
0.00862747
0.00854593
0.0084654
0.00838598
0.00830778
0.0082309
0.00815547
0.0080816
0.0080094
0.007939
0.00787051
0.00780405
0.00773973
0.00767767
0.00761796
0.00756071
0.00750602
0.00745396
0.00740462
0.00735806
0.00731436
0.00727355
0.0072357
0.00720083
0.00716898
0.00714015
0.00711437
0.00709163
0.00707193
0.00705519
0.00704146
0.00703066
0.00702272
0.00701756
0.00701512
0.00701528
0.00701795
0.00702297
0.00703017
0.00703939
0.00705043
0.00706308
0.0070771
0.00709224
0.00710819
0.00712471
0.00714151
0.00715824
0.00717457
0.00719024
0.00720488
0.00721817
0.00722985
0.00723963
0.00724719
0.00725231
0.00725479
0.00725444
0.00725113
0.00724476
0.00723524
0.00722251
0.00720656
0.00718745
0.00716522
0.00713999
0.00711188
0.00708105
0.00704767
0.00701195
0.0069741
0.00693435
0.00689295
0.00685018
0.00680626
0.00676153
0.00671618
0.00667064
0.00662492
0.00657975
0.00653462
0.0064911
0.00644723
0.00640688
0.00636413
0.00632932
0.00628571
0.00626111
0.00621054
0.00620351
0.00614832
0.00986891
0.00979346
0.00971749
0.00964111
0.00956443
0.00948757
0.00941063
0.00933372
0.00925694
0.00918042
0.00910425
0.00902855
0.00895342
0.008879
0.00880538
0.0087327
0.00866108
0.00859063
0.00852149
0.00845378
0.00838761
0.00832312
0.00826041
0.00819961
0.00814082
0.00808413
0.00802966
0.00797748
0.00792768
0.00788033
0.00783549
0.00779323
0.00775358
0.00771659
0.00768228
0.00765068
0.00762178
0.00759561
0.00757212
0.0075513
0.00753312
0.00751751
0.0075044
0.00749373
0.00748538
0.00747924
0.0074752
0.00747309
0.00747274
0.00747396
0.00747654
0.00748024
0.00748484
0.00749005
0.00749561
0.00750126
0.00750669
0.0075116
0.00751575
0.0075188
0.00752045
0.00752045
0.00751854
0.00751448
0.00750808
0.00749915
0.00748754
0.00747322
0.00745607
0.00743599
0.00741297
0.00738704
0.00735827
0.00732673
0.00729255
0.00725584
0.00721677
0.00717552
0.00713226
0.0070872
0.00704056
0.00699255
0.00694341
0.00689336
0.00684267
0.0067915
0.00674024
0.00668887
0.00663806
0.00658729
0.00653806
0.00648841
0.00644217
0.00639348
0.00635243
0.00630284
0.00627137
0.00621532
0.00620036
0.00613665
0.0102581
0.0101938
0.0101286
0.0100624
0.00999548
0.00992788
0.0098597
0.00979105
0.00972203
0.00965275
0.00958331
0.00951382
0.00944441
0.00937517
0.00930623
0.00923771
0.00916974
0.00910242
0.0090359
0.0089703
0.00890574
0.00884234
0.00878023
0.00871952
0.00866033
0.00860275
0.00854691
0.00849288
0.00844077
0.00839064
0.00834258
0.00829665
0.00825291
0.0082114
0.00817216
0.00813522
0.0081006
0.0080683
0.00803832
0.00801064
0.00798523
0.00796205
0.00794103
0.00792209
0.00790516
0.00789012
0.00787686
0.00786524
0.00785509
0.00784622
0.00783843
0.00783151
0.00782524
0.00781937
0.00781365
0.00780784
0.00780165
0.00779485
0.00778722
0.00777843
0.0077682
0.00775631
0.00774256
0.00772675
0.00770873
0.00768835
0.0076655
0.00764025
0.0076124
0.00758187
0.00754871
0.007513
0.00747481
0.00743424
0.00739142
0.00734647
0.00729956
0.00725086
0.00720054
0.00714879
0.00709581
0.00704179
0.00698695
0.00693146
0.00687558
0.00681941
0.00676333
0.00670724
0.00665182
0.00659646
0.00654265
0.0064884
0.00643745
0.00638406
0.00633798
0.00628371
0.00624649
0.00618628
0.00616434
0.00609369
0.0105631
0.0105097
0.010455
0.010399
0.0103419
0.0102838
0.0102247
0.0101647
0.0101039
0.0100424
0.0099803
0.00991769
0.00985469
0.00979139
0.00972791
0.00966436
0.00960086
0.00953753
0.00947448
0.00941185
0.00934975
0.0092883
0.00922763
0.00916785
0.00910907
0.0090514
0.00899496
0.00893983
0.00888611
0.0088339
0.00878326
0.00873426
0.00868699
0.00864148
0.00859778
0.00855593
0.00851596
0.00847788
0.0084417
0.0084074
0.00837496
0.00834435
0.00831552
0.0082884
0.00826291
0.00823897
0.00821649
0.00819531
0.00817527
0.0081562
0.00813792
0.00812025
0.00810298
0.0080859
0.00806877
0.00805138
0.00803348
0.00801493
0.00799552
0.00797484
0.00795271
0.00792896
0.00790343
0.00787599
0.0078465
0.00781487
0.00778104
0.00774479
0.00770615
0.00766515
0.00762194
0.00757661
0.00752924
0.00747993
0.00742882
0.00737604
0.00732175
0.0072661
0.00720928
0.00715145
0.00709279
0.00703346
0.00697367
0.00691355
0.00685334
0.00679308
0.00673314
0.00667335
0.00661438
0.00655556
0.00649835
0.00644071
0.00638632
0.00632955
0.00627974
0.00622217
0.00618047
0.00611753
0.00608979
0.00601386
0.010792
0.0107484
0.0107032
0.0106566
0.0106087
0.0105593
0.0105088
0.010457
0.010404
0.01035
0.0102951
0.0102392
0.0101826
0.0101253
0.0100673
0.0100088
0.00994999
0.00989086
0.00983154
0.00977217
0.00971285
0.00965369
0.00959482
0.00953634
0.00947836
0.009421
0.00936435
0.00930852
0.0092536
0.00919968
0.00914685
0.00909517
0.00904471
0.00899554
0.00894771
0.00890126
0.00885622
0.00881262
0.00877046
0.00872975
0.00869048
0.00865261
0.00861611
0.00858093
0.00854698
0.00851425
0.00848266
0.008452
0.00842211
0.00839288
0.00836415
0.00833577
0.00830756
0.00827933
0.00825089
0.00822204
0.00819259
0.00816227
0.00813079
0.00809791
0.00806367
0.00802793
0.00799058
0.00795151
0.00791062
0.00786786
0.0078232
0.00777654
0.0077281
0.00767801
0.00762614
0.00757253
0.00751725
0.00746043
0.00740218
0.00734266
0.00728201
0.00722039
0.00715797
0.0070949
0.00703136
0.00696748
0.00690346
0.00683939
0.0067755
0.0067118
0.00664864
0.0065858
0.00652393
0.00646231
0.00640239
0.00634209
0.006285
0.00622561
0.00617286
0.00611281
0.00606746
0.0060028
0.00597045
0.0058909
0.0109538
0.0109181
0.0108809
0.0108421
0.0108017
0.0107597
0.0107164
0.0106715
0.0106254
0.0105778
0.0105291
0.0104791
0.010428
0.0103759
0.0103228
0.0102689
0.0102142
0.0101588
0.0101028
0.0100464
0.00998956
0.00993247
0.00987522
0.00981791
0.00976064
0.00970352
0.00964665
0.00959012
0.00953403
0.00947846
0.0094235
0.00936922
0.00931569
0.00926298
0.00921114
0.00916021
0.00911024
0.00906126
0.00901328
0.0089663
0.00892033
0.00887536
0.00883134
0.00878824
0.00874602
0.00870453
0.0086637
0.00862332
0.00858337
0.00854378
0.00850443
0.00846518
0.00842588
0.00838638
0.00834652
0.00830614
0.00826508
0.00822318
0.00818027
0.00813665
0.00809191
0.00804585
0.00799835
0.00794932
0.0078987
0.00784646
0.00779258
0.00773707
0.00767991
0.0076212
0.00756105
0.00749957
0.00743685
0.00737301
0.00730819
0.00724253
0.00717617
0.00710927
0.00704197
0.00697442
0.00690679
0.00683918
0.00677177
0.00670462
0.00663795
0.00657173
0.00650629
0.00644136
0.00637759
0.00631418
0.0062526
0.0061907
0.00613203
0.00607114
0.00601666
0.00595528
0.00590758
0.00584202
0.00580604
0.00572385
0.0110564
0.0110264
0.0109948
0.0109615
0.0109266
0.01089
0.0108518
0.0108121
0.0107708
0.010728
0.0106838
0.0106381
0.0105911
0.0105428
0.0104933
0.0104426
0.0103908
0.0103381
0.0102845
0.01023
0.0101748
0.0101189
0.0100625
0.0100057
0.00994852
0.00989106
0.00983344
0.00977573
0.00971802
0.0096604
0.00960295
0.00954573
0.00948882
0.00943228
0.00937616
0.00932052
0.00926538
0.00921079
0.00915677
0.00910334
0.00905048
0.00899821
0.0089465
0.00889532
0.00884464
0.0087944
0.00874446
0.00869507
0.00864605
0.00859723
0.00854849
0.00849969
0.00845071
0.00840143
0.00835172
0.00830144
0.00825047
0.0081987
0.00814595
0.00809209
0.00803713
0.00798099
0.00792361
0.00786494
0.00780495
0.00774364
0.00768104
0.00761717
0.00755206
0.00748581
0.00741851
0.00735028
0.00728124
0.00721151
0.00714123
0.00707053
0.00699956
0.00692845
0.00685735
0.00678637
0.00671567
0.00664534
0.00657554
0.00650629
0.00643781
0.00637001
0.00630324
0.00623714
0.00617242
0.00610815
0.00604586
0.00598329
0.00592401
0.00586258
0.00580736
0.00574563
0.00569665
0.00563129
0.005593
0.00550982
0.0111052
0.0110782
0.0110494
0.011019
0.0109869
0.0109531
0.0109176
0.0108805
0.0108417
0.0108013
0.0107593
0.0107158
0.0106707
0.0106242
0.0105763
0.010527
0.0104764
0.0104246
0.0103717
0.0103177
0.0102627
0.0102067
0.01015
0.0100925
0.0100343
0.00997554
0.00991629
0.00985663
0.00979663
0.00973638
0.00967595
0.00961541
0.00955483
0.00949427
0.00943379
0.00937345
0.00931327
0.00925331
0.0091936
0.00913414
0.00907496
0.00901606
0.00895744
0.00889907
0.00884093
0.00878299
0.00872518
0.0086674
0.00860965
0.00855186
0.00849395
0.00843583
0.00837742
0.00831862
0.00825933
0.00819947
0.00813893
0.00807764
0.00801551
0.00795244
0.00788842
0.0078234
0.00775736
0.0076903
0.00762223
0.00755317
0.00748315
0.00741225
0.00734053
0.00726806
0.00719497
0.00712135
0.00704734
0.00697306
0.00689865
0.00682422
0.00674992
0.00667586
0.00660219
0.00652899
0.00645642
0.00638451
0.00631345
0.00624319
0.00617399
0.00610565
0.00603858
0.00597232
0.00590764
0.00584347
0.00578146
0.00571916
0.00566025
0.00559922
0.00554426
0.00548311
0.0054339
0.00536962
0.00533017
0.00524732
0.0111015
0.0110743
0.0110455
0.0110149
0.0109827
0.0109487
0.0109131
0.0108757
0.0108367
0.010796
0.0107536
0.0107097
0.0106641
0.010617
0.0105685
0.0105184
0.010467
0.0104142
0.0103602
0.0103049
0.0102485
0.010191
0.0101324
0.010073
0.0100127
0.00995153
0.00988968
0.00982718
0.00976411
0.00970054
0.00963653
0.00957215
0.00950746
0.00944252
0.00937738
0.0093121
0.00924671
0.00918126
0.00911578
0.00905029
0.00898481
0.00891934
0.0088539
0.00878848
0.00872306
0.00865762
0.00859212
0.00852652
0.00846078
0.00839485
0.00832868
0.00826223
0.00819541
0.00812818
0.00806046
0.00799221
0.00792336
0.00785387
0.00778368
0.00771277
0.0076411
0.00756868
0.0074955
0.0074216
0.00734701
0.00727177
0.00719595
0.00711961
0.00704285
0.00696576
0.00688845
0.00681102
0.00673361
0.00665631
0.00657928
0.00650261
0.00642645
0.00635087
0.00627602
0.00620195
0.00612882
0.00605662
0.00598555
0.00591549
0.00584672
0.00577898
0.00571273
0.00564737
0.00558379
0.00552073
0.00546002
0.00539896
0.00534143
0.00528173
0.00522803
0.00516837
0.00511996
0.00505763
0.0050181
0.0049369
0.0110405
0.01101
0.0109778
0.0109439
0.0109083
0.010871
0.0108321
0.0107914
0.0107491
0.0107052
0.0106596
0.0106124
0.0105637
0.0105135
0.0104618
0.0104086
0.010354
0.0102981
0.0102408
0.0101823
0.0101226
0.0100618
0.00999993
0.00993702
0.00987316
0.00980841
0.00974283
0.00967649
0.00960944
0.00954176
0.00947349
0.00940471
0.00933545
0.00926578
0.00919575
0.0091254
0.00905477
0.0089839
0.00891281
0.00884155
0.00877012
0.00869855
0.00862683
0.00855498
0.00848299
0.00841085
0.00833855
0.00826605
0.00819334
0.00812039
0.00804716
0.00797362
0.00789973
0.00782547
0.00775079
0.00767567
0.00760009
0.00752402
0.00744744
0.00737037
0.00729279
0.00721473
0.00713621
0.00705729
0.00697801
0.00689843
0.00681864
0.00673871
0.00665875
0.00657884
0.0064991
0.00641962
0.00634054
0.00626194
0.00618397
0.0061067
0.00603026
0.00595471
0.0058802
0.00580673
0.00573447
0.00566334
0.00559358
0.00552499
0.00545792
0.00539196
0.0053277
0.00526434
0.00520297
0.00514206
0.00508369
0.00502486
0.0049697
0.00491229
0.00486083
0.00480359
0.00475696
0.00469746
0.00465886
0.00458061
0.0109103
0.010873
0.0108341
0.0107935
0.0107513
0.0107075
0.0106621
0.0106151
0.0105666
0.0105165
0.0104649
0.0104119
0.0103574
0.0103015
0.0102442
0.0101856
0.0101257
0.0100646
0.0100022
0.00993872
0.0098741
0.00980842
0.00974173
0.00967407
0.0096055
0.00953607
0.00946583
0.00939484
0.00932314
0.00925079
0.00917784
0.00910433
0.00903031
0.00895583
0.00888093
0.00880565
0.00873003
0.00865409
0.00857788
0.00850141
0.0084247
0.00834779
0.00827067
0.00819335
0.00811585
0.00803816
0.00796027
0.00788219
0.00780389
0.00772537
0.00764661
0.0075676
0.00748833
0.00740878
0.00732895
0.00724882
0.00716841
0.0070877
0.00700673
0.0069255
0.00684404
0.00676239
0.0066806
0.00659872
0.00651683
0.00643499
0.00635328
0.0062718
0.00619064
0.00610989
0.00602967
0.00595006
0.00587119
0.00579312
0.00571599
0.00563984
0.00556482
0.00549093
0.00541834
0.00534698
0.00527706
0.00520842
0.00514136
0.00507555
0.00501144
0.00494847
0.00488738
0.00482714
0.00476909
0.00471136
0.00465637
0.00460075
0.00454895
0.00449475
0.00444648
0.00439255
0.00434864
0.00429284
0.00425609
0.00418208
0.0106896
0.0106423
0.0105935
0.0105431
0.0104913
0.010438
0.0103834
0.0103273
0.0102699
0.0102112
0.0101512
0.01009
0.0100276
0.00996404
0.00989933
0.00983353
0.00976667
0.00969879
0.00962993
0.00956013
0.00948942
0.00941785
0.00934545
0.00927226
0.00919833
0.00912369
0.00904838
0.00897245
0.00889592
0.00881886
0.00874128
0.00866323
0.00858474
0.00850586
0.00842661
0.00834703
0.00826715
0.00818699
0.00810658
0.00802595
0.00794511
0.00786408
0.00778287
0.00770151
0.00761999
0.00753833
0.00745653
0.00737459
0.00729252
0.00721031
0.00712797
0.0070455
0.0069629
0.00688018
0.00679735
0.00671442
0.00663141
0.00654834
0.00646524
0.00638215
0.00629912
0.00621618
0.00613341
0.00605087
0.00596863
0.00588676
0.00580536
0.00572451
0.0056443
0.00556481
0.00548617
0.00540842
0.0053317
0.00525603
0.00518158
0.00510832
0.00503643
0.00496583
0.00489675
0.00482901
0.0047629
0.00469814
0.00463512
0.00457336
0.00451347
0.00445465
0.00439789
0.00434184
0.00428816
0.00423461
0.00418399
0.00413249
0.00408497
0.00403486
0.00399065
0.0039409
0.00390055
0.00384929
0.0038152
0.00374669
0.0103474
0.0102873
0.0102258
0.0101632
0.0100994
0.0100345
0.00996852
0.0099015
0.00983349
0.00976454
0.00969468
0.00962396
0.0095524
0.00948005
0.00940694
0.00933309
0.00925855
0.00918334
0.00910749
0.00903103
0.008954
0.00887641
0.00879829
0.00871967
0.00864058
0.00856105
0.0084811
0.00840075
0.00832004
0.00823899
0.00815762
0.00807597
0.00799405
0.00791189
0.00782952
0.00774695
0.0076642
0.00758131
0.00749829
0.00741514
0.0073319
0.00724858
0.00716519
0.00708174
0.00699825
0.00691472
0.00683117
0.0067476
0.00666402
0.00658046
0.0064969
0.00641338
0.0063299
0.00624649
0.00616316
0.00607994
0.00599686
0.00591396
0.00583128
0.00574887
0.00566677
0.00558505
0.00550377
0.00542299
0.0053428
0.00526326
0.00518448
0.00510649
0.00502943
0.00495333
0.00487833
0.00480443
0.0047318
0.00466039
0.00459041
0.00452175
0.00445464
0.0043889
0.00432484
0.00426216
0.00420125
0.00414166
0.00408395
0.00402741
0.00397289
0.00391928
0.00386789
0.00381699
0.00376865
0.00372015
0.00367477
0.00362823
0.0035858
0.00354058
0.00350116
0.00345636
0.0034203
0.00337434
0.00334361
0.00328176
0.00984313
0.00976852
0.00969311
0.00961699
0.00954019
0.00946278
0.00938481
0.00930632
0.00922736
0.00914797
0.00906819
0.00898804
0.00890756
0.00882678
0.00874572
0.00866441
0.00858287
0.00850111
0.00841915
0.00833701
0.0082547
0.00817224
0.00808964
0.0080069
0.00792405
0.00784109
0.00775804
0.0076749
0.00759169
0.00750841
0.00742508
0.00734172
0.00725832
0.00717491
0.00709149
0.00700808
0.00692468
0.00684131
0.00675798
0.0066747
0.00659148
0.00650833
0.00642527
0.00634229
0.00625942
0.00617666
0.00609402
0.00601152
0.00592918
0.00584699
0.005765
0.0056832
0.00560163
0.0055203
0.00543926
0.00535853
0.00527815
0.00519815
0.0051186
0.00503953
0.00496101
0.00488308
0.00480583
0.0047293
0.00465358
0.00457872
0.00450483
0.00443194
0.00436016
0.0042895
0.00422013
0.00415198
0.00408525
0.00401984
0.00395599
0.00389349
0.00383267
0.00377321
0.00371553
0.00365916
0.00360467
0.00355137
0.00350007
0.00344974
0.00340157
0.00335406
0.00330892
0.00326397
0.00322175
0.00317904
0.00313962
0.00309871
0.00306201
0.00302233
0.00298831
0.00294912
0.00291791
0.00287791
0.0028511
0.00279694
0.00913081
0.00904219
0.00895349
0.00886477
0.00877609
0.00868748
0.00859898
0.00851064
0.00842247
0.00833451
0.00824678
0.0081593
0.00807208
0.00798513
0.00789846
0.00781208
0.00772599
0.0076402
0.00755469
0.00746947
0.00738454
0.00729989
0.00721551
0.0071314
0.00704756
0.00696398
0.00688064
0.00679756
0.00671471
0.0066321
0.00654972
0.00646757
0.00638565
0.00630394
0.00622246
0.0061412
0.00606017
0.00597935
0.00589876
0.0058184
0.00573826
0.00565836
0.0055787
0.00549928
0.00542012
0.00534122
0.00526259
0.00518424
0.00510619
0.00502845
0.00495105
0.004874
0.00479732
0.00472106
0.00464523
0.00456987
0.00449502
0.00442072
0.00434703
0.00427398
0.00420164
0.00413005
0.00405929
0.0039894
0.00392046
0.0038525
0.00378565
0.00371987
0.00365534
0.00359199
0.00353002
0.0034693
0.00341008
0.00335216
0.00329586
0.00324086
0.00318759
0.00313558
0.00308539
0.00303636
0.00298927
0.00294314
0.0028991
0.00285576
0.00281468
0.00277394
0.00273571
0.00269731
0.00266179
0.00262541
0.00259246
0.0025577
0.00252718
0.00249358
0.00246538
0.00243231
0.00240641
0.00237288
0.00235046
0.00230493
0.00816864
0.00806962
0.00797141
0.00787402
0.00777749
0.00768183
0.00758705
0.00749314
0.00740013
0.00730799
0.00721674
0.00712636
0.00703683
0.00694816
0.00686031
0.00677327
0.00668703
0.00660156
0.00651684
0.00643285
0.00634956
0.00626694
0.00618498
0.00610365
0.00602292
0.00594278
0.00586319
0.00578414
0.0057056
0.00562755
0.00554998
0.00547287
0.0053962
0.00531996
0.00524413
0.0051687
0.00509367
0.00501901
0.00494473
0.00487081
0.00479727
0.00472408
0.00465125
0.00457879
0.00450669
0.00443495
0.0043636
0.00429263
0.00422206
0.0041519
0.00408218
0.0040129
0.00394409
0.00387579
0.00380802
0.0037408
0.0036742
0.00360822
0.00354294
0.00347837
0.0034146
0.00335163
0.00328957
0.0032284
0.00316827
0.00310912
0.00305112
0.0029942
0.00293855
0.00288404
0.00283092
0.00277898
0.00272854
0.00267929
0.00263165
0.00258517
0.0025404
0.0024967
0.00245482
0.00241386
0.00237485
0.00233655
0.00230034
0.00226455
0.00223105
0.00219757
0.00216666
0.00213526
0.00210679
0.00207717
0.002051
0.00202283
0.0019988
0.0019717
0.00194965
0.00192316
0.00190298
0.00187637
0.00185882
0.00182291
0.00693711
0.00683513
0.00673483
0.00663616
0.00653912
0.00644367
0.00634978
0.00625742
0.00616655
0.00607713
0.00598913
0.0059025
0.00581721
0.00573321
0.00565046
0.00556891
0.00548853
0.00540928
0.00533109
0.00525395
0.00517779
0.00510258
0.00502828
0.00495484
0.00488223
0.00481041
0.00473933
0.00466898
0.0045993
0.00453027
0.00446187
0.00439405
0.00432679
0.00426008
0.00419388
0.00412818
0.00406295
0.00399818
0.00393386
0.00386997
0.0038065
0.00374344
0.0036808
0.00361856
0.00355672
0.00349528
0.00343426
0.00337365
0.00331346
0.00325371
0.00319441
0.00313557
0.00307723
0.0030194
0.00296211
0.00290539
0.00284928
0.00279379
0.002739
0.00268491
0.0026316
0.00257906
0.00252742
0.00247662
0.00242682
0.00237794
0.00233017
0.00228337
0.0022378
0.00219325
0.00215002
0.00210783
0.00206706
0.00202732
0.0019891
0.00195185
0.00191622
0.00188145
0.00184842
0.00181609
0.00178561
0.00175562
0.00172763
0.00169984
0.00167425
0.00164849
0.00162519
0.00160124
0.0015801
0.00155774
0.00153862
0.00151757
0.00150034
0.00148031
0.00146482
0.00144549
0.00143159
0.0014125
0.00140048
0.0013755
0.00546627
0.00537211
0.00528018
0.00519042
0.00510274
0.00501709
0.00493338
0.00485155
0.00477153
0.00469325
0.00461663
0.00454163
0.00446817
0.00439618
0.00432562
0.0042564
0.00418848
0.00412179
0.00405629
0.0039919
0.00392858
0.00386627
0.00380493
0.0037445
0.00368493
0.00362619
0.00356821
0.00351097
0.00345442
0.00339853
0.00334325
0.00328856
0.00323442
0.0031808
0.00312768
0.00307504
0.00302284
0.00297107
0.00291971
0.00286874
0.00281816
0.00276795
0.0027181
0.00266861
0.00261948
0.00257069
0.00252227
0.0024742
0.0024265
0.00237918
0.00233226
0.00228574
0.00223966
0.00219402
0.00214887
0.00210421
0.0020601
0.00201654
0.00197361
0.0019313
0.00188969
0.00184877
0.00180866
0.0017693
0.00173083
0.00169318
0.00165653
0.00162075
0.00158605
0.00155226
0.00151965
0.00148794
0.0014575
0.00142795
0.00139975
0.00137239
0.00134645
0.00132126
0.00129759
0.00127452
0.00125306
0.00123204
0.00121274
0.00119364
0.00117642
0.00115911
0.00114387
0.00112818
0.00111483
0.00110057
0.00108901
0.00107598
0.00106609
0.00105407
0.00104577
0.00103452
0.00102766
0.00101696
0.00101129
0.000998724
0.00386658
0.00379173
0.00371913
0.00364869
0.00358029
0.00351386
0.00344928
0.00338649
0.0033254
0.00326592
0.00320798
0.0031515
0.00309641
0.00304264
0.00299014
0.00293882
0.00288862
0.0028395
0.00279139
0.00274423
0.00269797
0.00265256
0.00260795
0.00256409
0.00252094
0.00247844
0.00243657
0.00239528
0.00235453
0.00231429
0.00227452
0.00223519
0.00219628
0.00215776
0.00211961
0.00208179
0.00204429
0.0020071
0.0019702
0.00193358
0.00189722
0.00186111
0.00182526
0.00178966
0.00175431
0.00171921
0.00168437
0.0016498
0.00161551
0.0015815
0.00154781
0.00151444
0.00148142
0.00144878
0.00141654
0.00138473
0.0013534
0.00132256
0.00129226
0.00126252
0.00123341
0.00120492
0.00117715
0.00115006
0.00112377
0.00109823
0.00107356
0.00104968
0.00102675
0.00100464
0.000983535
0.000963268
0.000944058
0.000925675
0.00090839
0.000891899
0.000876538
0.000861916
0.000848453
0.000835645
0.000824028
0.000812956
0.000803113
0.000793675
0.000785521
0.000777595
0.00077104
0.000764488
0.000759434
0.000754098
0.000750449
0.000746157
0.00074382
0.000740377
0.000739266
0.000736461
0.000736475
0.00073419
0.000734662
0.000733859
0.00234244
0.00229425
0.00224774
0.00220281
0.00215938
0.00211735
0.00207665
0.00203721
0.00199896
0.00196184
0.00192576
0.00189069
0.00185656
0.00182332
0.00179091
0.00175928
0.00172839
0.00169819
0.00166864
0.0016397
0.00161132
0.00158348
0.00155613
0.00152924
0.00150277
0.00147671
0.00145101
0.00142566
0.00140062
0.00137588
0.00135141
0.00132719
0.00130321
0.00127945
0.0012559
0.00123255
0.00120939
0.00118641
0.0011636
0.00114098
0.00111852
0.00109625
0.00107416
0.00105226
0.00103057
0.00100908
0.000987821
0.000966806
0.000946052
0.000925583
0.000905416
0.000885582
0.000866102
0.000847006
0.00082832
0.000810075
0.000792298
0.000775019
0.000758268
0.000742071
0.000726458
0.000711449
0.000697076
0.00068335
0.000670303
0.000657934
0.000646278
0.000635319
0.000625095
0.000615573
0.000606795
0.000598714
0.00059137
0.000584705
0.000578762
0.000573467
0.00056887
0.000564881
0.000561556
0.000558792
0.000556653
0.000555023
0.000553971
0.000553374
0.000553302
0.000553631
0.000554436
0.000555573
0.000557121
0.000558933
0.000561131
0.000563483
0.00056622
0.000568966
0.000572142
0.000575121
0.000578639
0.000581741
0.000585114
0.000590222
0.00114385
0.00112073
0.00109845
0.00107698
0.00105625
0.00103622
0.00101685
0.000998106
0.000979939
0.000962321
0.000945216
0.000928596
0.00091243
0.000896693
0.000881357
0.0008664
0.000851799
0.000837533
0.000823582
0.000809928
0.000796552
0.000783441
0.000770578
0.00075795
0.000745545
0.000733353
0.000721362
0.000709566
0.000697956
0.000686527
0.000675274
0.000664195
0.000653285
0.000642546
0.000631977
0.000621581
0.000611359
0.000601319
0.000591462
0.000581799
0.000572333
0.000563078
0.000554037
0.000545226
0.000536652
0.00052833
0.000520267
0.000512483
0.000504981
0.000497783
0.000490892
0.000484329
0.000478097
0.000472216
0.000466686
0.000461528
0.000456737
0.000452334
0.000448308
0.000444682
0.00044144
0.000438601
0.000436146
0.000434093
0.000432416
0.000431134
0.000430215
0.000429677
0.000429484
0.000429651
0.000430151
0.000430971
0.000432094
0.000433517
0.00043521
0.000437174
0.000439373
0.00044181
0.000444445
0.000447286
0.000450283
0.000453452
0.000456733
0.000460151
0.000463633
0.000467293
0.000470859
0.000474538
0.000477993
0.000481845
0.000485154
0.000488998
0.000492033
0.000495824
0.000498447
0.000502153
0.00050423
0.00050776
0.000509442
0.000512812
0.000437711
0.000431461
0.000425497
0.000419803
0.000414363
0.000409163
0.000404188
0.000399425
0.000394863
0.00039049
0.000386296
0.000382272
0.000378407
0.000374695
0.000371128
0.000367697
0.000364396
0.000361219
0.000358161
0.000355215
0.000352378
0.000349644
0.000347009
0.00034447
0.000342023
0.000339666
0.000337396
0.000335211
0.000333109
0.000331089
0.00032915
0.000327291
0.000325512
0.000323814
0.000322195
0.000320659
0.000319204
0.000317834
0.00031655
0.000315354
0.000314249
0.000313238
0.000312323
0.000311509
0.000310798
0.000310197
0.000309707
0.000309335
0.000309085
0.000308963
0.000308972
0.000309122
0.000309413
0.000309857
0.000310454
0.000311217
0.000312143
0.000313248
0.000314526
0.000315995
0.000317646
0.000319498
0.000321535
0.000323784
0.000326215
0.000328864
0.000331685
0.000334727
0.000337918
0.000341397
0.000344919
0.000348575
0.000352411
0.000356369
0.000360411
0.000364529
0.000368674
0.000372843
0.000376967
0.000381057
0.00038502
0.000388893
0.000392549
0.000396068
0.000399269
0.000402312
0.000404926
0.000407398
0.000409307
0.000411151
0.000412269
0.000413479
0.000413732
0.000414364
0.000413682
0.000413856
0.000412182
0.000411937
0.000409953
0.000407025
0.000225844
0.000225797
0.000225705
0.00022557
0.000225395
0.000225181
0.000224931
0.000224647
0.00022433
0.000223982
0.000223605
0.000223201
0.00022277
0.000222315
0.000221836
0.000221333
0.000220809
0.000220264
0.000219697
0.000219111
0.000218504
0.000217877
0.00021723
0.000216564
0.000215877
0.000215169
0.00021444
0.00021369
0.000212917
0.000212122
0.000211302
0.000210457
0.000209587
0.000208689
0.000207764
0.000206809
0.000205825
0.000204809
0.00020376
0.000202679
0.000201563
0.000200412
0.000199225
0.000198001
0.000196741
0.000195443
0.000194107
0.000192735
0.000191325
0.00018988
0.000188399
0.000186885
0.00018534
0.000183764
0.000182162
0.000180536
0.00017889
0.000177227
0.000175553
0.000173872
0.000172189
0.00017051
0.000168841
0.000167189
0.000165559
0.00016396
0.000162396
0.000160876
0.000159404
0.000157987
0.000156631
0.00015534
0.000154117
0.000152967
0.000151891
0.000150891
0.000149967
0.000149118
0.000148342
0.000147637
0.000146999
0.000146425
0.000145908
0.000145444
0.000145026
0.000144651
0.00014431
0.000143999
0.000143712
0.000143443
0.000143187
0.00014294
0.000142695
0.000142451
0.000142201
0.000141942
0.000141676
0.000141372
0.000141126
0.000140583
6.61478e-08
4.69722e-06
1.0315e-05
1.37341e-05
1.46286e-05
1.39852e-05
1.2564e-05
1.08307e-05
8.71565e-06
4.50993e-06
1.8227e-05
8.73844e-06
4.06408e-05
5.70605e-05
7.59913e-05
9.06121e-05
0.00010297
0.000113787
0.000123437
0.000132134
0.000140006
0.000147142
0.000153616
0.000159501
0.00016487
0.000169798
0.000174355
0.000178608
0.000182612
0.000186414
0.000190051
0.000193551
0.000196938
0.000200227
0.000203435
0.000206577
0.000209676
0.000212757
0.00021584
0.000218862
0.000221846
0.000224792
0.000227698
0.000230559
0.00023337
0.000236123
0.000238813
0.000241431
0.000243969
0.000246419
0.000248772
0.000251019
0.000253151
0.000255158
0.00025703
0.000258759
0.000260333
0.000261746
0.000262988
0.000264052
0.000264935
0.000265628
0.000266131
0.000266441
0.000266554
0.000266472
0.000266193
0.000265714
0.000265032
0.000264127
0.00026316
0.000262191
0.000261026
0.000259666
0.000258149
0.000256507
0.000254762
0.00025293
0.000251025
0.000249062
0.000247052
0.000245007
0.00024294
0.000240859
0.000238777
0.0002367
0.000234637
0.000232595
0.000230581
0.0002286
0.000226657
0.00022476
0.00022291
0.000221122
0.00021939
0.000217747
0.000216178
0.000214756
0.000213516
0.000212509
1.95069e-06
1.14952e-05
2.85886e-05
3.92272e-05
4.09786e-05
3.7615e-05
2.70322e-05
3.7527e-06
3.89072e-05
9.09835e-05
0.000114885
0.000138947
0.000161205
0.000180903
0.000208151
0.00024181
0.000285313
0.000339782
0.000401981
0.000469578
0.000540872
0.000613239
0.000684889
0.000753586
0.000818604
0.000879286
0.000935742
0.000988294
0.00103751
0.00108399
0.00112827
0.00117081
0.0012119
0.00125167
0.00129007
0.00132684
0.0013615
0.00139324
0.00142122
0.00144992
0.00147824
0.00150653
0.00153466
0.00156261
0.00159032
0.00161772
0.00164476
0.00167136
0.00169746
0.00172297
0.00174783
0.00177192
0.00179513
0.00181741
0.00183867
0.00185882
0.00187776
0.00189538
0.00191159
0.00192629
0.00193957
0.00195117
0.00196095
0.00196912
0.00197552
0.0019801
0.00198284
0.00198375
0.00198286
0.00198016
0.001976
0.0019705
0.00196333
0.00195444
0.00194399
0.00193212
0.00191903
0.00190459
0.00188904
0.0018725
0.00185508
0.00183693
0.00181817
0.00179891
0.00177924
0.00175923
0.00173894
0.00171847
0.00169784
0.00167717
0.00165639
0.00163582
0.00161502
0.00159499
0.00157408
0.00155537
0.00153407
0.00151763
0.0014986
0.00147809
6.34077e-06
4.64662e-05
8.89895e-05
8.98637e-05
6.36054e-05
5.51517e-05
7.82884e-05
0.000106565
0.000141209
0.000175657
0.000206189
0.000238124
0.000274637
0.000323964
0.000397214
0.000499595
0.00062469
0.000753629
0.000888717
0.00102567
0.00115854
0.00128295
0.00139732
0.00150073
0.00159381
0.0016776
0.00175352
0.00182298
0.0018873
0.00194754
0.00200458
0.00205903
0.00211133
0.0021617
0.00221027
0.00225707
0.00230204
0.00234528
0.00238744
0.00242945
0.00247097
0.00251202
0.0025525
0.00259237
0.00263154
0.00266997
0.00270759
0.00274436
0.0027802
0.00281508
0.00284897
0.00288184
0.00291381
0.00294457
0.00297401
0.00300205
0.00302861
0.0030536
0.00307691
0.00309858
0.00311844
0.00313673
0.00315377
0.0031693
0.00318305
0.00319497
0.00320501
0.00321313
0.0032193
0.00322342
0.00322551
0.00322573
0.00322405
0.00322045
0.0032149
0.00320747
0.0031983
0.00318685
0.00317367
0.00315861
0.00314193
0.00312391
0.00310467
0.00308429
0.00306287
0.00304048
0.00301722
0.0029932
0.00296845
0.00294319
0.00291724
0.00289125
0.00286435
0.00283848
0.00281023
0.00278598
0.00275518
0.00273526
0.0027036
0.00267565
1.14102e-05
9.72207e-05
0.00013206
0.000117867
0.000114339
0.000125474
0.000149611
0.000181382
0.000215385
0.000246633
0.000283849
0.000337517
0.000414388
0.000527237
0.00066072
0.000816015
0.000980487
0.00114818
0.00131405
0.0014725
0.00162035
0.00175576
0.0018785
0.00198907
0.00208866
0.00217866
0.00226049
0.00233554
0.00240503
0.00246994
0.00253117
0.00258939
0.00264506
0.00269849
0.00274984
0.00279922
0.00284688
0.00289315
0.00293837
0.00298283
0.00302649
0.00306936
0.00311138
0.00315252
0.00319272
0.00323194
0.00327016
0.00330734
0.00334344
0.00337845
0.00341237
0.00344514
0.00347672
0.00350714
0.0035364
0.00356457
0.00359159
0.00361753
0.0036423
0.0036659
0.00368814
0.00370928
0.00372969
0.00374894
0.00376704
0.00378392
0.00379955
0.00381393
0.00382702
0.00383872
0.00384913
0.0038582
0.00386571
0.00387165
0.00387597
0.0038788
0.00388007
0.00388179
0.003882
0.00387987
0.00387603
0.00387065
0.00386362
0.00385495
0.00384465
0.00383279
0.00381941
0.0038046
0.00378838
0.00377097
0.00375216
0.00373261
0.00371113
0.00369023
0.00366568
0.0036457
0.00361599
0.00360149
0.00356511
0.00354079
1.66999e-05
0.00012993
0.000163256
0.000160482
0.00016512
0.000182951
0.000209549
0.000239422
0.000271171
0.000316602
0.000382717
0.000475298
0.000594116
0.000741657
0.000903692
0.00107603
0.00125175
0.0014244
0.00159038
0.00174694
0.00189245
0.00202609
0.00214771
0.00225765
0.00235712
0.00244717
0.00252896
0.00260374
0.00267268
0.00273695
0.00279705
0.00285347
0.00290677
0.00295737
0.00300568
0.00305223
0.0030971
0.00314045
0.00318247
0.00322331
0.00326302
0.00330162
0.00333912
0.00337552
0.00341079
0.00344493
0.00347798
0.00350992
0.00354078
0.00357061
0.00359945
0.00362731
0.00365432
0.00368051
0.00370591
0.00373083
0.00375508
0.00377902
0.00380247
0.0038252
0.00384775
0.00387076
0.00389368
0.0039166
0.00393954
0.00396238
0.00398513
0.00400781
0.00403034
0.00405257
0.00407476
0.0040966
0.00411743
0.00413743
0.0041565
0.00417485
0.00419261
0.00420852
0.00422307
0.00423658
0.00424845
0.00425839
0.00426649
0.00427275
0.00427714
0.00427966
0.00428029
0.00427907
0.00427594
0.00427112
0.00426431
0.00425625
0.00424565
0.00423519
0.00422
0.00420955
0.00418673
0.00418241
0.00414709
0.0041333
2.18898e-05
0.000159477
0.00019891
0.000202088
0.000210857
0.000230901
0.00025573
0.000289333
0.000340328
0.000411275
0.000505058
0.000623994
0.000764111
0.000921465
0.00108613
0.00125428
0.00142042
0.00158191
0.0017368
0.00188334
0.00202026
0.00214684
0.00226316
0.00236988
0.00246605
0.00255232
0.00262979
0.0026997
0.00276323
0.00282133
0.002875
0.00292513
0.0029724
0.00301741
0.00306054
0.00310192
0.00314168
0.00317991
0.00321672
0.00325221
0.00328645
0.00331949
0.00335136
0.00338208
0.00341167
0.00344015
0.00346762
0.00349409
0.00351959
0.00354425
0.00356818
0.00359132
0.00361406
0.00363635
0.00365817
0.00368032
0.00370203
0.00372439
0.00374588
0.00376878
0.00379247
0.00381681
0.00384214
0.00386854
0.003896
0.00392434
0.00395368
0.00398413
0.00401549
0.00404761
0.00408113
0.00411573
0.00415101
0.00418629
0.0042213
0.0042551
0.00428672
0.00431673
0.00434568
0.00437404
0.00440131
0.00442709
0.00445117
0.00447338
0.00449359
0.00451173
0.00452768
0.00454145
0.00455292
0.00456226
0.00456911
0.00457425
0.00457624
0.00457798
0.00457408
0.004575
0.0045614
0.00456883
0.00453799
0.00453765
2.7435e-05
0.000185971
0.000232012
0.000237546
0.000250137
0.000270634
0.000306831
0.000360347
0.000428093
0.000517946
0.000627728
0.000755569
0.000896361
0.00104565
0.00119799
0.00135118
0.00150396
0.00165304
0.00179601
0.00193106
0.00205679
0.0021723
0.00227715
0.00237105
0.00245508
0.00253029
0.00259773
0.00265863
0.00271417
0.00276525
0.00281268
0.0028571
0.002899
0.00293879
0.00297678
0.00301314
0.003048
0.00308145
0.00311355
0.00314438
0.00317399
0.00320243
0.00322978
0.00325604
0.00328125
0.00330545
0.00332883
0.00335136
0.00337305
0.00339418
0.00341485
0.00343484
0.00345501
0.00347498
0.00349463
0.00351572
0.00353571
0.0035571
0.00357978
0.00360369
0.0036288
0.00365523
0.00368368
0.00371406
0.00374627
0.00378243
0.00382135
0.00386203
0.00390419
0.00394788
0.00399123
0.00403421
0.00407782
0.00412213
0.00416694
0.00421216
0.00425757
0.00430251
0.00434667
0.00438999
0.00443223
0.00447308
0.00451229
0.00454963
0.00458488
0.0046179
0.00464853
0.00467671
0.00470227
0.00472537
0.00474556
0.00476365
0.00477808
0.00479194
0.00479938
0.0048117
0.00480783
0.00482678
0.00480225
0.00481568
3.36407e-05
0.000208492
0.000259687
0.000265697
0.000285747
0.000319597
0.000372465
0.000444746
0.000534563
0.000640393
0.000757881
0.000884833
0.00101779
0.00115403
0.00129046
0.00142547
0.00155689
0.00168306
0.00180259
0.00191441
0.00201775
0.00211226
0.00219802
0.00227518
0.0023447
0.00240778
0.00246546
0.00251846
0.00256732
0.00261264
0.00265496
0.00269477
0.00273244
0.00276824
0.00280242
0.00283515
0.00286654
0.00289667
0.00292556
0.00295329
0.00297988
0.00300542
0.00303
0.00305354
0.00307618
0.00309786
0.00311905
0.00313945
0.00315909
0.00317855
0.00319779
0.00321625
0.00323581
0.00325498
0.00327366
0.00329465
0.00331603
0.00333839
0.00336263
0.0033887
0.00341776
0.00345134
0.0034874
0.00352564
0.00356637
0.00360687
0.00364846
0.00369205
0.00373786
0.0037859
0.00383642
0.00388908
0.00394341
0.00399911
0.00405586
0.00411334
0.00417128
0.00422922
0.00428675
0.00434356
0.00439935
0.0044538
0.00450662
0.00455753
0.00460629
0.0046527
0.00469654
0.00473774
0.00477606
0.00481164
0.00484398
0.00487393
0.00489977
0.00492481
0.00494278
0.00496565
0.00497114
0.00500046
0.00498311
0.0050093
4.0435e-05
0.000225276
0.000280204
0.000296355
0.000341716
0.000413338
0.000504955
0.00060692
0.000712439
0.000820753
0.000930264
0.00104064
0.0011509
0.00126002
0.00136675
0.0014702
0.00156914
0.00166286
0.00175117
0.00183394
0.0019109
0.00198205
0.00204806
0.00210943
0.00216661
0.0022198
0.00226942
0.00231583
0.00235937
0.00240035
0.00243908
0.00247581
0.00251077
0.00254415
0.00257612
0.00260679
0.0026363
0.00266464
0.00269183
0.00271799
0.00274311
0.0027673
0.00279069
0.00281303
0.00283462
0.00285529
0.00287598
0.00289567
0.00291471
0.00293416
0.00295336
0.0029716
0.00299135
0.00301131
0.0030321
0.00305431
0.00307915
0.00310807
0.00313915
0.0031723
0.00320673
0.0032408
0.00327652
0.00331465
0.00335546
0.00339982
0.00344746
0.00349813
0.00355173
0.00360812
0.00366723
0.00372885
0.00379268
0.00385835
0.0039255
0.00399374
0.00406267
0.0041319
0.00420096
0.00426947
0.00433704
0.00440331
0.00446796
0.00453066
0.00459115
0.00464918
0.00470451
0.00475703
0.00480647
0.00485296
0.00489594
0.00493629
0.0049722
0.00500709
0.00503445
0.00506662
0.00508072
0.00511888
0.00510902
0.00514634
4.86095e-05
0.000235313
0.000303568
0.000374612
0.000492737
0.000619749
0.000739733
0.00084594
0.000939172
0.00102414
0.00110386
0.00117993
0.00125335
0.00132454
0.00139359
0.00146041
0.00152462
0.00158562
0.0016442
0.00170067
0.0017553
0.00180824
0.0018592
0.00190814
0.00195511
0.00200012
0.00204322
0.00208448
0.00212397
0.00216175
0.00219794
0.00223263
0.0022659
0.00229792
0.00232873
0.00235841
0.0023871
0.00241468
0.00244117
0.00246682
0.00249147
0.00251541
0.00253869
0.00256077
0.00258238
0.00260315
0.00262467
0.00264433
0.00266393
0.00268382
0.00270418
0.00272481
0.00274689
0.00277281
0.00280025
0.00282921
0.00285864
0.00288712
0.00291665
0.00294802
0.00298194
0.00301926
0.00305967
0.00310326
0.00315008
0.00320039
0.00325426
0.00331162
0.00337236
0.00343631
0.00350329
0.00357307
0.00364535
0.00371978
0.00379597
0.00387348
0.00395189
0.00403075
0.00410961
0.00418802
0.00426556
0.00434184
0.00441648
0.00448916
0.00455955
0.00462741
0.00469245
0.00475455
0.00481341
0.00486917
0.00492121
0.00497043
0.00501496
0.00505827
0.00509377
0.00513386
0.00515568
0.00520105
0.00519866
0.00524529
4.08588e-05
0.000237432
0.000369149
0.000549351
0.000720377
0.000849238
0.000946015
0.00102009
0.00107932
0.00113026
0.00117669
0.00121968
0.00126089
0.00130126
0.00134123
0.00138101
0.00142072
0.00146082
0.00150099
0.00154113
0.0015812
0.0016212
0.001661
0.00170047
0.00173953
0.00177799
0.0018157
0.00185254
0.00188843
0.00192332
0.0019572
0.00199004
0.00202187
0.0020528
0.00208275
0.00211179
0.00214008
0.00216722
0.00219342
0.00221911
0.00224379
0.00226814
0.00229181
0.00231402
0.00233637
0.00235803
0.00237988
0.00240159
0.00242366
0.00244885
0.00247512
0.00250215
0.00252938
0.00255483
0.00258045
0.00260705
0.0026354
0.00266636
0.00269973
0.00273568
0.00277445
0.00281645
0.00286186
0.00291082
0.0029634
0.00301969
0.00307975
0.00314352
0.00321092
0.00328178
0.00335588
0.00343296
0.00351271
0.00359476
0.0036787
0.0037641
0.00385049
0.00393743
0.00402443
0.00411104
0.00419681
0.00428133
0.0043642
0.00444507
0.00452361
0.00459954
0.00467258
0.00474259
0.00480923
0.00487265
0.0049322
0.0049888
0.00504053
0.00509086
0.00513327
0.0051799
0.00520851
0.00525949
0.00526435
0.00531848
4.14737e-05
0.000246853
0.000501433
0.000727558
0.000863519
0.000945953
0.00100165
0.00104199
0.00107273
0.00109978
0.00112575
0.00115108
0.00117703
0.00120353
0.00123061
0.00125835
0.00128675
0.00131593
0.00134587
0.0013765
0.00140775
0.00143963
0.00147205
0.0015049
0.00153793
0.001571
0.00160396
0.00163666
0.00166902
0.00170091
0.00173232
0.00176308
0.00179329
0.00182301
0.00185193
0.00188032
0.00190816
0.00193465
0.00196076
0.00198674
0.00201165
0.00203619
0.00206047
0.00208419
0.00210906
0.00213546
0.00216234
0.00218958
0.00221643
0.00224121
0.0022656
0.00229025
0.00231571
0.00234295
0.00237177
0.00240229
0.00243481
0.00246976
0.0025074
0.00254796
0.00259166
0.00263874
0.00268941
0.00274382
0.00280207
0.0028642
0.00293022
0.00300009
0.00307368
0.00315084
0.00323132
0.00331483
0.00340106
0.00348962
0.00358011
0.00367206
0.00376503
0.00385855
0.00395213
0.00404532
0.00413767
0.00422876
0.00431818
0.00440557
0.00449058
0.00457295
0.00465236
0.00472867
0.00480155
0.00487112
0.00493673
0.00499927
0.00505688
0.0051129
0.00516104
0.00521289
0.00524739
0.00530253
0.00531427
0.0053742
5.8238e-05
0.000270501
0.000620436
0.000781261
0.00086082
0.000905084
0.000934079
0.000954674
0.000972214
0.000989817
0.0010089
0.00102715
0.00104778
0.00106936
0.00109183
0.00111513
0.00113917
0.00116393
0.00118942
0.00121556
0.00124233
0.00126966
0.0012975
0.00132585
0.00135454
0.00138348
0.00141258
0.00144176
0.00147094
0.00150003
0.00152903
0.00155768
0.00158633
0.00161481
0.00164259
0.00166994
0.00169708
0.00172373
0.00174998
0.00177712
0.00180522
0.00183353
0.00186177
0.0018903
0.0019171
0.00194247
0.00196733
0.00199211
0.00201715
0.00204324
0.00207019
0.00209811
0.00212717
0.00215781
0.00219027
0.00222479
0.00226161
0.00230104
0.00234334
0.00238877
0.00243754
0.00248987
0.00254591
0.0026058
0.00266962
0.0027374
0.00280912
0.0028847
0.002964
0.00304683
0.00313295
0.00322205
0.0033138
0.00340779
0.00350365
0.00360089
0.00369907
0.00379774
0.00389643
0.00399467
0.00409204
0.00418813
0.0042825
0.00437482
0.00446474
0.00455199
0.00463625
0.00471739
0.00479504
0.00486936
0.00493967
0.00500685
0.0050691
0.00512955
0.00518233
0.00523819
0.00527772
0.0053357
0.00535386
0.00541807
6.22498e-05
0.00041173
0.00062254
0.000722052
0.000766367
0.00078843
0.00080488
0.000815716
0.00082579
0.000839744
0.000856262
0.000874669
0.000894853
0.000916307
0.000938669
0.00096168
0.000985189
0.00100907
0.00103327
0.00105781
0.00108271
0.00110799
0.00113369
0.00115976
0.00118595
0.00121233
0.00123893
0.00126573
0.00129271
0.00131984
0.00134707
0.00137424
0.00140215
0.00143052
0.00145951
0.00148869
0.00151802
0.00154721
0.00157681
0.00160457
0.00163131
0.00165753
0.00168348
0.00170922
0.00173532
0.00176187
0.00178879
0.00181616
0.0018441
0.00187295
0.0019029
0.00193415
0.00196689
0.0020014
0.00203794
0.00207678
0.00211816
0.00216235
0.00220958
0.0022601
0.00231411
0.00237177
0.00243323
0.00249857
0.00256786
0.00264108
0.0027182
0.00279907
0.00288357
0.00297145
0.00306247
0.00315629
0.00325261
0.00335097
0.00345104
0.00355231
0.00365441
0.00375687
0.00385922
0.00396106
0.00406196
0.00416154
0.00425936
0.00435512
0.00444847
0.00453915
0.00462684
0.00471141
0.00479251
0.00487026
0.00494403
0.00501462
0.00508038
0.00514412
0.00520052
0.0052593
0.00530304
0.00536271
0.00538675
0.00545389
9.2765e-05
0.000455022
0.000547692
0.000604858
0.000616704
0.000620125
0.00062235
0.000628052
0.000638857
0.0006549
0.000674975
0.000697657
0.000721852
0.000746789
0.000772042
0.000797389
0.000822789
0.000848212
0.000873698
0.000899262
0.000924935
0.000950732
0.000976683
0.00100282
0.00102936
0.00105627
0.00108351
0.0011111
0.00113898
0.00116717
0.00119553
0.00122439
0.00125246
0.00127995
0.00130719
0.00133429
0.0013613
0.00138822
0.00141501
0.00144213
0.00146943
0.00149685
0.00152442
0.00155217
0.00158027
0.00160888
0.00163813
0.00166816
0.00169909
0.00173114
0.00176452
0.00179945
0.00183614
0.00187484
0.0019158
0.00195926
0.00200547
0.00205467
0.00210707
0.00216287
0.00222224
0.00228532
0.00235221
0.00242296
0.00249758
0.00257602
0.00265819
0.00274394
0.00283309
0.00292536
0.00302052
0.0031182
0.0032181
0.00331976
0.00342289
0.00352696
0.00363168
0.00373658
0.00384121
0.00394524
0.00404826
0.0041499
0.00424973
0.00434752
0.00444292
0.00453566
0.00462545
0.00471217
0.00479547
0.00487546
0.00495153
0.00502443
0.00509266
0.00515864
0.00521775
0.00527844
0.00532564
0.00538603
0.00541536
0.00548423
)
;

boundaryField
{
    outlet
    {
        type            calculated;
        value           nonuniform List<scalar> 
55
(
0.00550915
0.00553149
0.00555461
0.00557908
0.0056056
0.00563513
0.00566758
0.00570371
0.00574411
0.0057891
0.00583861
0.0058921
0.00594814
0.0060043
0.00605721
0.00610249
0.00613485
0.00614832
0.00613665
0.00609369
0.00601386
0.0058909
0.00572385
0.00550982
0.00524732
0.0049369
0.00458061
0.00418208
0.00374669
0.00328176
0.00279694
0.00230493
0.00182291
0.0013755
0.000998724
0.000733859
0.000590222
0.000512812
0.000407025
0.000140583
0.000212509
0.00147809
0.00267565
0.00354079
0.0041333
0.00453765
0.00481568
0.0050093
0.00514634
0.00524529
0.00531848
0.0053742
0.00541807
0.00545389
0.00548423
)
;
    }
    inlet
    {
        type            calculated;
        value           uniform 0.011383;
    }
    lowerWall
    {
        type            nutkWallFunction;
        Cmu             0.09;
        kappa           0.41;
        E               9.8;
        value           nonuniform List<scalar> 
148
(
8.01563e-07
4.04055e-06
5.98779e-06
6.98499e-06
7.43365e-06
7.57465e-06
7.54431e-06
7.42105e-06
7.25157e-06
7.06347e-06
6.87251e-06
6.68719e-06
6.51183e-06
6.34825e-06
6.19688e-06
6.0574e-06
5.92909e-06
5.81109e-06
5.70249e-06
5.60241e-06
5.51003e-06
5.42458e-06
5.34539e-06
5.27184e-06
5.2034e-06
5.13955e-06
5.07986e-06
5.02394e-06
4.97124e-06
4.92232e-06
4.87197e-06
4.84335e-06
4.72308e-06
0
0
0
0
0
0
0
0
0
0
0
0
1.9955e-07
4.71611e-07
2.27166e-06
0
0
0
0
0
0
0
0
0
0
0
0
0
1.61037e-06
4.6124e-06
6.84933e-06
8.70234e-06
1.02985e-05
1.17047e-05
1.29591e-05
1.40847e-05
1.50977e-05
1.60109e-05
1.68365e-05
1.75862e-05
1.82713e-05
1.89027e-05
1.94899e-05
2.0041e-05
2.05628e-05
2.10607e-05
2.15387e-05
2.20001e-05
2.24472e-05
2.28824e-05
2.33078e-05
2.37265e-05
2.41419e-05
2.4557e-05
2.4963e-05
2.53631e-05
2.57575e-05
2.61459e-05
2.65277e-05
2.69022e-05
2.72685e-05
2.76257e-05
2.79729e-05
2.83091e-05
2.86332e-05
2.89441e-05
2.92406e-05
2.95216e-05
2.97859e-05
3.00322e-05
3.02594e-05
3.04662e-05
3.06515e-05
3.08144e-05
3.09539e-05
3.10695e-05
3.11603e-05
3.12261e-05
3.12667e-05
3.12815e-05
3.12708e-05
3.12342e-05
3.11716e-05
3.10823e-05
3.09638e-05
3.0837e-05
3.07099e-05
3.05571e-05
3.03786e-05
3.01794e-05
2.99634e-05
2.97338e-05
2.94925e-05
2.92414e-05
2.89824e-05
2.87169e-05
2.84465e-05
2.81727e-05
2.78971e-05
2.76208e-05
2.7345e-05
2.70708e-05
2.6799e-05
2.65305e-05
2.62663e-05
2.60068e-05
2.57532e-05
2.55056e-05
2.52661e-05
2.50338e-05
2.48131e-05
2.46024e-05
2.44111e-05
2.42442e-05
2.41085e-05
)
;
    }
    upperWall
    {
        type            nutkWallFunction;
        Cmu             0.09;
        kappa           0.41;
        E               9.8;
        value           nonuniform List<scalar> 
133
(
1.23876e-05
1.40026e-05
1.55437e-05
1.68998e-05
1.80784e-05
1.91086e-05
2.0012e-05
2.08046e-05
2.14996e-05
2.21087e-05
2.26421e-05
2.31086e-05
2.35163e-05
2.3872e-05
2.41819e-05
2.44513e-05
2.46852e-05
2.48877e-05
2.50625e-05
2.5213e-05
2.53419e-05
2.54519e-05
2.55451e-05
2.56237e-05
2.56893e-05
2.57434e-05
2.57875e-05
2.58227e-05
2.585e-05
2.58705e-05
2.58849e-05
2.5894e-05
2.58985e-05
2.58982e-05
2.58919e-05
2.58796e-05
2.58616e-05
2.58382e-05
2.58096e-05
2.57761e-05
2.5738e-05
2.56956e-05
2.56491e-05
2.55987e-05
2.55445e-05
2.54869e-05
2.54259e-05
2.53617e-05
2.52944e-05
2.52241e-05
2.5151e-05
2.5075e-05
2.49963e-05
2.49148e-05
2.48307e-05
2.47438e-05
2.46542e-05
2.45618e-05
2.44667e-05
2.43686e-05
2.42676e-05
2.41635e-05
2.40563e-05
2.39458e-05
2.38319e-05
2.37144e-05
2.35932e-05
2.34682e-05
2.33392e-05
2.3206e-05
2.30685e-05
2.29265e-05
2.27799e-05
2.26286e-05
2.24723e-05
2.23111e-05
2.21448e-05
2.19733e-05
2.17965e-05
2.16145e-05
2.14273e-05
2.12349e-05
2.10373e-05
2.08348e-05
2.06274e-05
2.04155e-05
2.01993e-05
1.99792e-05
1.97555e-05
1.95287e-05
1.92994e-05
1.90682e-05
1.88358e-05
1.86028e-05
1.83701e-05
1.81385e-05
1.79089e-05
1.76822e-05
1.74593e-05
1.72412e-05
1.70287e-05
1.68229e-05
1.66245e-05
1.64343e-05
1.6253e-05
1.60813e-05
1.59195e-05
1.5768e-05
1.56271e-05
1.54967e-05
1.53769e-05
1.52673e-05
1.51676e-05
1.50774e-05
1.49961e-05
1.49229e-05
1.48571e-05
1.4798e-05
1.47447e-05
1.46964e-05
1.46523e-05
1.46115e-05
1.45734e-05
1.4537e-05
1.45019e-05
1.44672e-05
1.44325e-05
1.4397e-05
1.43602e-05
1.43223e-05
1.42791e-05
1.42441e-05
1.41668e-05
)
;
    }
    frontAndBack
    {
        type            empty;
    }
}


// ************************************************************************* //
