/*--------------------------------*- C++ -*----------------------------------*\
  =========                 |
  \\      /  F ield         | OpenFOAM: The Open Source CFD Toolbox
   \\    /   O peration     | Website:  https://openfoam.org
    \\  /    A nd           | Version:  10
     \\/     M anipulation  |
\*---------------------------------------------------------------------------*/
FoamFile
{
    format      ascii;
    class       volScalarField;
    location    "0.105";
    object      p;
}
// * * * * * * * * * * * * * * * * * * * * * * * * * * * * * * * * * * * * * //

dimensions      [0 2 -2 0 0 0 0];

internalField   nonuniform List<scalar> 
6820
(
-8.82418
-10.1883
-10.6019
-10.6976
-10.7787
-10.8304
-10.8617
-10.8865
-10.908
-10.9271
-10.9448
-10.9617
-10.9781
-10.994
-11.0097
-11.0251
-11.0403
-11.0554
-11.0703
-11.0851
-11.0998
-11.1144
-11.1287
-11.1428
-11.1564
-11.1693
-11.181
-11.1906
-11.1973
-11.1948
-11.185
-11.1352
-11.021
-11.6243
-11.22
-10.9262
-10.831
-10.8327
-10.8498
-10.8683
-10.8884
-10.9084
-10.9271
-10.9448
-10.9617
-10.9778
-10.9935
-11.0087
-11.0237
-11.0384
-11.053
-11.0675
-11.0819
-11.0963
-11.1105
-11.1246
-11.1385
-11.152
-11.1652
-11.1775
-11.1894
-11.1989
-11.2119
-11.2153
-11.2679
-11.2995
-10.4813
-10.3531
-10.5782
-10.7161
-10.7779
-10.8226
-10.8551
-10.8809
-10.9031
-10.9227
-10.9408
-10.9578
-10.9742
-10.9901
-11.0057
-11.021
-11.0361
-11.0511
-11.066
-11.0808
-11.0955
-11.11
-11.1245
-11.1388
-11.1527
-11.1663
-11.1794
-11.1919
-11.2032
-11.2152
-11.2242
-11.243
-11.2425
-10.8478
-10.8646
-10.8404
-10.8178
-10.8262
-10.847
-10.8674
-10.8871
-10.9063
-10.9245
-10.9419
-10.9586
-10.9748
-10.9905
-11.0059
-11.0211
-11.036
-11.0509
-11.0656
-11.0803
-11.0949
-11.1094
-11.1238
-11.138
-11.1522
-11.1661
-11.1798
-11.1934
-11.2068
-11.222
-11.2371
-11.2641
-11.2918
-10.7379
-10.6839
-10.7279
-10.7729
-10.8083
-10.8387
-10.8637
-10.8855
-10.9056
-10.9241
-10.9415
-10.9582
-10.9742
-10.9899
-11.0052
-11.0204
-11.0353
-11.0502
-11.065
-11.0797
-11.0943
-11.1089
-11.1235
-11.138
-11.1525
-11.1669
-11.1813
-11.1959
-11.2108
-11.2274
-11.2452
-11.2695
-11.295
-10.7785
-10.7718
-10.7903
-10.8075
-10.826
-10.8478
-10.8688
-10.8885
-10.9073
-10.9251
-10.9421
-10.9585
-10.9744
-10.9899
-11.0052
-11.0202
-11.0351
-11.0499
-11.0646
-11.0793
-11.094
-11.1086
-11.1232
-11.1379
-11.1526
-11.1673
-11.1823
-11.1977
-11.2138
-11.2315
-11.251
-11.2751
-11.302
-10.7777
-10.767
-10.7819
-10.8037
-10.8259
-10.8486
-10.8698
-10.8894
-10.9079
-10.9255
-10.9423
-10.9585
-10.9743
-10.9897
-11.0048
-11.0198
-11.0346
-11.0494
-11.0641
-11.0787
-11.0934
-11.1081
-11.1228
-11.1376
-11.1525
-11.1677
-11.1832
-11.1992
-11.2161
-11.2345
-11.2547
-11.2781
-11.3039
-10.7873
-10.7843
-10.7975
-10.8156
-10.8341
-10.8537
-10.873
-10.8914
-10.9092
-10.9262
-10.9427
-10.9586
-10.9742
-10.9894
-11.0045
-11.0193
-11.0341
-11.0488
-11.0634
-11.078
-11.0927
-11.1074
-11.1222
-11.1371
-11.1523
-11.1677
-11.1835
-11.2
-11.2174
-11.2362
-11.2566
-11.2793
-11.304
-10.7957
-10.7946
-10.8052
-10.8212
-10.8385
-10.8569
-10.8753
-10.8931
-10.9103
-10.9269
-10.943
-10.9587
-10.974
-10.9891
-11.004
-11.0187
-11.0334
-11.048
-11.0625
-11.0771
-11.0918
-11.1065
-11.1213
-11.1363
-11.1516
-11.1672
-11.1833
-11.2001
-11.2178
-11.2366
-11.2569
-11.2789
-11.3025
-10.8041
-10.8047
-10.8141
-10.8285
-10.8442
-10.8611
-10.8782
-10.8951
-10.9116
-10.9277
-10.9434
-10.9587
-10.9738
-10.9887
-11.0034
-11.018
-11.0325
-11.047
-11.0615
-11.076
-11.0906
-11.1053
-11.1202
-11.1352
-11.1506
-11.1663
-11.1825
-11.1994
-11.2172
-11.2359
-11.2559
-11.2772
-11.2997
-10.8123
-10.8137
-10.8221
-10.8348
-10.8492
-10.8648
-10.8809
-10.897
-10.9128
-10.9284
-10.9437
-10.9588
-10.9736
-10.9882
-11.0028
-11.0172
-11.0316
-11.0459
-11.0603
-11.0748
-11.0893
-11.1039
-11.1187
-11.1338
-11.1491
-11.1649
-11.1811
-11.198
-11.2156
-11.2342
-11.2537
-11.2743
-11.2958
-10.8201
-10.8219
-10.8295
-10.841
-10.8542
-10.8686
-10.8837
-10.899
-10.9141
-10.9292
-10.9441
-10.9588
-10.9733
-10.9877
-11.002
-11.0163
-11.0305
-11.0447
-11.0589
-11.0733
-11.0877
-11.1022
-11.1169
-11.1319
-11.1472
-11.1629
-11.1791
-11.1958
-11.2132
-11.2314
-11.2504
-11.2703
-11.2909
-10.8274
-10.8294
-10.8363
-10.8467
-10.8588
-10.8722
-10.8864
-10.9009
-10.9154
-10.9299
-10.9444
-10.9587
-10.9729
-10.9871
-11.0012
-11.0152
-11.0292
-11.0433
-11.0574
-11.0715
-11.0858
-11.1002
-11.1148
-11.1297
-11.1448
-11.1604
-11.1764
-11.1929
-11.21
-11.2277
-11.2462
-11.2652
-11.285
-10.8343
-10.8362
-10.8426
-10.8521
-10.8632
-10.8757
-10.889
-10.9027
-10.9167
-10.9307
-10.9446
-10.9586
-10.9725
-10.9864
-11.0002
-11.014
-11.0278
-11.0417
-11.0556
-11.0695
-11.0836
-11.0979
-11.1123
-11.127
-11.142
-11.1573
-11.173
-11.1892
-11.2059
-11.2231
-11.241
-11.2593
-11.2781
-10.8406
-10.8425
-10.8484
-10.857
-10.8673
-10.879
-10.8915
-10.9045
-10.9178
-10.9313
-10.9448
-10.9584
-10.9719
-10.9855
-10.9991
-11.0126
-11.0262
-11.0398
-11.0535
-11.0673
-11.0812
-11.0952
-11.1094
-11.1239
-11.1386
-11.1536
-11.169
-11.1848
-11.201
-11.2177
-11.2349
-11.2524
-11.2704
-10.8463
-10.8482
-10.8536
-10.8615
-10.8711
-10.882
-10.8937
-10.9061
-10.9188
-10.9318
-10.9449
-10.9581
-10.9713
-10.9845
-10.9978
-11.0111
-11.0244
-11.0378
-11.0512
-11.0647
-11.0784
-11.0922
-11.1061
-11.1203
-11.1347
-11.1494
-11.1644
-11.1797
-11.1954
-11.2115
-11.2279
-11.2447
-11.2618
-10.8516
-10.8533
-10.8583
-10.8657
-10.8745
-10.8847
-10.8958
-10.9075
-10.9197
-10.9322
-10.9448
-10.9576
-10.9704
-10.9833
-10.9963
-11.0093
-11.0224
-11.0355
-11.0486
-11.0619
-11.0753
-11.0888
-11.1024
-11.1162
-11.1303
-11.1446
-11.1591
-11.1739
-11.189
-11.2044
-11.2201
-11.2361
-11.2523
-10.8562
-10.8578
-10.8625
-10.8693
-10.8776
-10.8871
-10.8976
-10.9087
-10.9204
-10.9324
-10.9446
-10.9569
-10.9694
-10.982
-10.9946
-11.0073
-11.0201
-11.0329
-11.0458
-11.0587
-11.0718
-11.085
-11.0983
-11.1117
-11.1253
-11.1392
-11.1532
-11.1674
-11.1819
-11.1966
-11.2115
-11.2266
-11.2419
-10.8603
-10.8618
-10.8662
-10.8725
-10.8802
-10.8892
-10.8991
-10.9097
-10.9208
-10.9323
-10.9441
-10.9561
-10.9682
-10.9805
-10.9928
-11.0051
-11.0176
-11.0301
-11.0426
-11.0553
-11.068
-11.0808
-11.0937
-11.1067
-11.1199
-11.1332
-11.1467
-11.1603
-11.1741
-11.1881
-11.2022
-11.2164
-11.2308
-10.8638
-10.8652
-10.8693
-10.8752
-10.8825
-10.8909
-10.9003
-10.9104
-10.921
-10.9321
-10.9435
-10.9551
-10.9668
-10.9787
-10.9907
-11.0027
-11.0148
-11.027
-11.0392
-11.0514
-11.0638
-11.0762
-11.0886
-11.1012
-11.1139
-11.1267
-11.1395
-11.1525
-11.1656
-11.1788
-11.1921
-11.2054
-11.2188
-10.8668
-10.8681
-10.8719
-10.8774
-10.8842
-10.8922
-10.9011
-10.9108
-10.921
-10.9316
-10.9426
-10.9538
-10.9652
-10.9767
-10.9883
-11
-11.0117
-11.0235
-11.0354
-11.0473
-11.0592
-11.0712
-11.0832
-11.0953
-11.1074
-11.1196
-11.1318
-11.1441
-11.1565
-11.1689
-11.1813
-11.1938
-11.2062
-10.8691
-10.8704
-10.8739
-10.8791
-10.8856
-10.8931
-10.9016
-10.9108
-10.9206
-10.9308
-10.9414
-10.9522
-10.9632
-10.9744
-10.9857
-10.997
-11.0084
-11.0198
-11.0313
-11.0428
-11.0542
-11.0658
-11.0773
-11.0888
-11.1004
-11.112
-11.1236
-11.1352
-11.1468
-11.1584
-11.1699
-11.1814
-11.1929
-10.8709
-10.872
-10.8754
-10.8803
-10.8864
-10.8936
-10.9016
-10.9105
-10.9199
-10.9297
-10.9399
-10.9504
-10.9611
-10.9719
-10.9828
-10.9938
-11.0048
-11.0158
-11.0269
-11.0379
-11.049
-11.06
-11.071
-11.082
-11.093
-11.104
-11.1149
-11.1257
-11.1365
-11.1473
-11.158
-11.1685
-11.179
-10.872
-10.8731
-10.8763
-10.8809
-10.8867
-10.8935
-10.9012
-10.9097
-10.9187
-10.9282
-10.9381
-10.9482
-10.9585
-10.969
-10.9795
-10.9901
-11.0008
-11.0114
-11.0221
-11.0327
-11.0433
-11.0538
-11.0643
-11.0748
-11.0851
-11.0954
-11.1056
-11.1158
-11.1258
-11.1357
-11.1455
-11.1551
-11.1646
-10.8725
-10.8735
-10.8765
-10.8809
-10.8865
-10.893
-10.9004
-10.9086
-10.9173
-10.9265
-10.936
-10.9458
-10.9558
-10.9659
-10.9761
-10.9864
-10.9966
-11.0069
-11.0171
-11.0273
-11.0374
-11.0474
-11.0574
-11.0672
-11.0769
-11.0866
-11.0961
-11.1054
-11.1146
-11.1237
-11.1326
-11.1413
-11.1497
-10.8723
-10.8733
-10.8761
-10.8803
-10.8855
-10.8918
-10.8989
-10.9068
-10.9152
-10.924
-10.9333
-10.9428
-10.9525
-10.9623
-10.9721
-10.982
-10.9919
-11.0018
-11.0116
-11.0213
-11.031
-11.0405
-11.0499
-11.0591
-11.0683
-11.0772
-11.086
-11.0946
-11.103
-11.1112
-11.1192
-11.127
-11.1345
-10.8715
-10.8724
-10.8752
-10.8792
-10.8843
-10.8904
-10.8974
-10.905
-10.9132
-10.9218
-10.9308
-10.94
-10.9494
-10.9589
-10.9684
-10.978
-10.9875
-10.9969
-11.0063
-11.0155
-11.0246
-11.0336
-11.0424
-11.0511
-11.0596
-11.0678
-11.0759
-11.0837
-11.0913
-11.0987
-11.1058
-11.1126
-11.1191
-10.8699
-10.8707
-10.8732
-10.8769
-10.8817
-10.8874
-10.8941
-10.9015
-10.9094
-10.9179
-10.9266
-10.9356
-10.9448
-10.954
-10.9633
-10.9726
-10.9818
-10.9909
-10.9999
-11.0087
-11.0174
-11.0259
-11.0342
-11.0423
-11.0502
-11.0578
-11.0652
-11.0723
-11.0791
-11.0857
-11.0919
-11.0979
-11.1035
-10.8677
-10.8688
-10.8714
-10.8753
-10.8802
-10.886
-10.8927
-10.9
-10.9078
-10.916
-10.9245
-10.9332
-10.942
-10.9509
-10.9598
-10.9687
-10.9775
-10.9861
-10.9946
-11.003
-11.0111
-11.019
-11.0267
-11.0342
-11.0414
-11.0483
-11.055
-11.0613
-11.0673
-11.073
-11.0784
-11.0834
-11.0881
-10.8644
-10.8646
-10.8663
-10.8693
-10.8736
-10.8791
-10.8855
-10.8928
-10.9006
-10.9089
-10.9175
-10.9262
-10.9351
-10.944
-10.9528
-10.9616
-10.9702
-10.9787
-10.987
-10.995
-11.0029
-11.0104
-11.0177
-11.0247
-11.0313
-11.0377
-11.0437
-11.0494
-11.0548
-11.0597
-11.0644
-11.0686
-11.0724
-10.8618
-10.8638
-10.8669
-10.8708
-10.8756
-10.8812
-10.8875
-10.8945
-10.9019
-10.9097
-10.9178
-10.926
-10.9343
-10.9427
-10.9509
-10.9591
-10.9672
-10.975
-10.9827
-10.9901
-10.9973
-11.0042
-11.0108
-11.0171
-11.0231
-11.0287
-11.034
-11.0389
-11.0434
-11.0476
-11.0513
-11.0547
-11.0576
-10.8537
-10.8516
-10.8512
-10.8533
-10.8576
-10.8635
-10.8705
-10.8784
-10.8868
-10.8956
-10.9045
-10.9136
-10.9226
-10.9315
-10.9403
-10.9489
-10.9572
-10.9653
-10.973
-10.9804
-10.9876
-10.9943
-11.0007
-11.0067
-11.0124
-11.0176
-11.0224
-11.0268
-11.0308
-11.0344
-11.0375
-11.0402
-11.0424
-10.8586
-10.864
-10.8681
-10.8711
-10.8747
-10.8793
-10.8847
-10.8909
-10.8976
-10.9047
-10.9121
-10.9197
-10.9273
-10.935
-10.9426
-10.95
-10.9573
-10.9643
-10.9712
-10.9777
-10.9839
-10.9898
-10.9954
-11.0006
-11.0054
-11.0098
-11.0138
-11.0174
-11.0206
-11.0233
-11.0256
-11.0274
-11.0288
-10.8293
-10.8182
-10.8148
-10.8184
-10.8256
-10.8344
-10.8443
-10.8546
-10.8653
-10.8759
-10.8864
-10.8967
-10.9066
-10.9162
-10.9255
-10.9343
-10.9427
-10.9507
-10.9583
-10.9654
-10.972
-10.9783
-10.984
-10.9893
-10.9941
-10.9984
-11.0023
-11.0056
-11.0085
-11.0108
-11.0127
-11.0141
-11.015
-10.8762
-10.8922
-10.8934
-10.8875
-10.8851
-10.8858
-10.8884
-10.8923
-10.8972
-10.9028
-10.9089
-10.9154
-10.922
-10.9287
-10.9354
-10.942
-10.9484
-10.9546
-10.9605
-10.9662
-10.9715
-10.9764
-10.981
-10.9852
-10.9889
-10.9923
-10.9951
-10.9976
-10.9995
-11.001
-11.002
-11.0026
-11.0026
-10.7664
-10.7283
-10.7227
-10.7462
-10.766
-10.7838
-10.8015
-10.8182
-10.834
-10.8487
-10.8625
-10.8753
-10.8873
-10.8985
-10.9089
-10.9186
-10.9277
-10.9361
-10.9438
-10.951
-10.9576
-10.9635
-10.9689
-10.9738
-10.978
-10.9817
-10.9848
-10.9874
-10.9894
-10.9909
-10.9918
-10.9921
-10.9919
-10.9782
-11.0026
-10.9732
-10.9363
-10.9126
-10.9045
-10.901
-10.8998
-10.901
-10.9039
-10.9079
-10.9126
-10.9178
-10.9232
-10.9288
-10.9343
-10.9398
-10.9451
-10.9502
-10.955
-10.9595
-10.9636
-10.9673
-10.9707
-10.9736
-10.976
-10.978
-10.9796
-10.9806
-10.9812
-10.9813
-10.9808
-10.9799
-10.5626
-10.4808
-10.5377
-10.6184
-10.6745
-10.7124
-10.7453
-10.7739
-10.7983
-10.8195
-10.8382
-10.8548
-10.8696
-10.883
-10.8951
-10.906
-10.9159
-10.925
-10.9331
-10.9405
-10.9472
-10.9531
-10.9583
-10.9629
-10.9668
-10.97
-10.9726
-10.9746
-10.976
-10.9768
-10.977
-10.9765
-10.9755
-11.5388
-11.2607
-11.0548
-10.9633
-10.926
-10.905
-10.8918
-10.8857
-10.8844
-10.8859
-10.8892
-10.8937
-10.8989
-10.9046
-10.9104
-10.9163
-10.9221
-10.9277
-10.933
-10.938
-10.9427
-10.9469
-10.9507
-10.9541
-10.957
-10.9593
-10.9612
-10.9626
-10.9634
-10.9638
-10.9635
-10.9628
-10.9615
-9.58071
-10.1422
-10.4467
-10.5625
-10.6437
-10.7068
-10.7514
-10.7849
-10.8116
-10.8334
-10.8515
-10.867
-10.8805
-10.8924
-10.903
-10.9125
-10.9211
-10.9289
-10.9359
-10.9421
-10.9477
-10.9527
-10.9569
-10.9606
-10.9636
-10.9661
-10.9679
-10.9691
-10.9697
-10.9697
-10.9692
-10.968
-10.9663
-10.8574
-11.0972
-11.2282
-11.3316
-11.4211
-11.4918
-11.5596
-11.6391
-11.7403
-11.8606
-11.9972
-12.1449
-12.2976
-12.4496
-12.5946
-12.7278
-12.8454
-12.945
-13.025
-13.0851
-13.1254
-13.1466
-13.1496
-13.1357
-13.1057
-13.0609
-13.0022
-12.9307
-12.847
-12.7522
-12.6467
-12.5312
-12.4063
-12.2721
-12.1288
-11.9764
-11.8144
-11.6422
-11.459
-11.2634
-11.0537
-10.828
-10.584
-10.3191
-10.0306
-9.71543
-9.37077
-8.99383
-8.58217
-8.13397
-7.64825
-7.12522
-6.56677
-5.97695
-5.36266
-4.73428
-4.10548
-3.49104
-2.90429
-2.3564
-1.85649
-1.41113
-1.02396
-0.695537
-0.423756
-0.204425
-0.0320165
0.0996416
0.196813
0.265459
0.311005
0.338229
0.351222
0.353419
0.347644
0.336179
0.320835
0.303024
0.283817
0.264016
0.244196
0.224756
0.205958
0.187963
0.170861
0.154675
0.139406
0.125006
0.11145
0.0986353
0.0866041
0.0750875
0.0644693
0.0537896
0.0449081
0.03388
0.028769
0.0129992
0.0203764
-0.01812
-11.6329
-11.729
-11.6518
-11.5799
-11.5433
-11.5326
-11.5508
-11.6014
-11.6847
-11.7969
-11.9326
-12.0826
-12.2372
-12.3901
-12.5343
-12.6653
-12.7797
-12.8758
-12.9526
-13.0101
-13.0485
-13.0684
-13.0707
-13.0563
-13.0261
-12.9813
-12.9227
-12.8513
-12.768
-12.6735
-12.5685
-12.4537
-12.3294
-12.1959
-12.0533
-11.9016
-11.7403
-11.5689
-11.3862
-11.191
-10.9817
-10.7563
-10.5125
-10.2478
-9.95936
-9.64444
-9.30016
-8.92384
-8.51313
-8.06628
-7.58245
-7.0622
-6.50808
-5.92506
-5.32107
-4.70696
-4.09519
-3.49811
-2.92724
-2.39302
-1.90422
-1.46721
-1.08557
-0.760057
-0.488887
-0.268303
-0.0932351
0.0420513
0.143446
0.216608
0.266736
0.298443
0.315711
0.321905
0.319812
0.3117
0.29938
0.284276
0.26748
0.249815
0.231882
0.214105
0.196771
0.180061
0.164087
0.148889
0.134484
0.120839
0.107941
0.0956954
0.0841597
0.0730615
0.0628163
0.0524254
0.0438426
0.0329643
0.028164
0.0123222
0.020228
-0.0187855
-11.2677
-11.2713
-11.2981
-11.3566
-11.4226
-11.4831
-11.5434
-11.6134
-11.701
-11.8051
-11.9227
-12.0515
-12.1874
-12.3249
-12.4579
-12.5821
-12.6932
-12.7885
-12.8657
-12.9241
-12.9634
-12.9839
-12.9866
-12.9724
-12.9425
-12.8978
-12.8394
-12.7682
-12.6852
-12.5911
-12.4866
-12.3722
-12.2484
-12.1154
-11.9733
-11.822
-11.6611
-11.4899
-11.3073
-11.1122
-10.9029
-10.6773
-10.4332
-10.1682
-9.87954
-9.56438
-9.21995
-8.84365
-8.43328
-7.98742
-7.5058
-6.98975
-6.44252
-5.86973
-5.27952
-4.68181
-4.08729
-3.50683
-2.95116
-2.43019
-1.95225
-1.52347
-1.14736
-0.824832
-0.554394
-0.332696
-0.155109
-0.0163152
0.0892089
0.166825
0.221502
0.257686
0.279245
0.28947
0.291105
0.286401
0.277167
0.264834
0.250514
0.235049
0.219064
0.203008
0.187191
0.171816
0.157015
0.142846
0.129342
0.116484
0.104273
0.0926232
0.081606
0.0709478
0.061093
0.0510107
0.0427361
0.032033
0.027533
0.0116768
0.0200322
-0.0193261
-11.3747
-11.4776
-11.5193
-11.5295
-11.5409
-11.5597
-11.5914
-11.6418
-11.7135
-11.8046
-11.912
-12.0322
-12.1595
-12.2861
-12.4085
-12.522
-12.6231
-12.7096
-12.78
-12.8336
-12.8699
-12.8893
-12.8919
-12.8785
-12.8497
-12.8064
-12.7493
-12.6794
-12.5975
-12.5043
-12.4005
-12.2867
-12.1634
-12.0307
-11.8889
-11.7377
-11.5767
-11.4053
-11.2224
-11.0268
-10.8168
-10.5905
-10.3456
-10.0796
-9.78988
-9.47376
-9.12861
-8.75211
-8.34255
-7.89906
-7.42187
-6.91274
-6.37532
-5.81538
-5.24043
-4.65921
-4.08129
-3.51679
-2.97583
-2.46776
-2.00047
-1.57981
-1.20924
-0.889763
-0.62018
-0.397517
-0.217557
-0.0753864
0.0341633
0.11616
0.175343
0.215988
0.241844
0.256125
0.26153
0.260284
0.254192
0.244693
0.23291
0.219708
0.205733
0.191455
0.177208
0.163219
0.149636
0.136537
0.123972
0.111935
0.100442
0.0894143
0.0789397
0.0687439
0.0592983
0.0495446
0.04159
0.0310862
0.026881
0.0110612
0.0198022
-0.0197434
-11.3388
-11.3783
-11.396
-11.4208
-11.46
-11.5064
-11.5596
-11.6236
-11.7013
-11.7924
-11.8948
-12.006
-12.1217
-12.2377
-12.3501
-12.4552
-12.5497
-12.6311
-12.6977
-12.7484
-12.7825
-12.8
-12.8014
-12.787
-12.7577
-12.7143
-12.6574
-12.5879
-12.5065
-12.4139
-12.3107
-12.1973
-12.0743
-11.9418
-11.7998
-11.6483
-11.4868
-11.3146
-11.1307
-10.9339
-10.7226
-10.4948
-10.2483
-9.98082
-9.68988
-9.37299
-9.02785
-8.65251
-8.24557
-7.80646
-7.33579
-6.83567
-6.30989
-5.76378
-5.2041
-4.63881
-4.07688
-3.52782
-3.00114
-2.50566
-2.04881
-1.63617
-1.27112
-0.954764
-0.686156
-0.462673
-0.280491
-0.135079
-0.0216145
0.0646803
0.128317
0.173398
0.203551
0.221907
0.231114
0.23337
0.230473
0.223864
0.214679
0.203799
0.19189
0.179447
0.166825
0.154269
0.14195
0.129963
0.118374
0.107191
0.096446
0.0860681
0.0761601
0.0664491
0.0574309
0.0480259
0.0404018
0.0301218
0.026204
0.0104723
0.0195304
-0.0200408
-11.3422
-11.3924
-11.4326
-11.4668
-11.5014
-11.539
-11.5834
-11.6387
-11.7072
-11.7885
-11.8808
-11.9815
-12.0869
-12.1929
-12.2957
-12.3917
-12.478
-12.5523
-12.613
-12.659
-12.6897
-12.7051
-12.7053
-12.6905
-12.6614
-12.6184
-12.5622
-12.4934
-12.4128
-12.3208
-12.2181
-12.1052
-11.9823
-11.8496
-11.7073
-11.5551
-11.3926
-11.2192
-11.034
-10.8355
-10.6225
-10.3929
-10.1449
-9.87623
-9.58458
-9.26771
-8.92357
-8.55047
-8.14733
-7.71395
-7.25122
-6.76128
-6.24763
-5.7152
-5.17028
-4.62036
-4.07389
-3.5398
-3.02702
-2.54381
-2.09719
-1.69247
-1.33293
-1.01976
-0.752243
-0.528087
-0.343835
-0.195322
-0.0780619
0.0124412
0.0804704
0.129955
0.164397
0.186839
0.199874
0.205673
0.206018
0.202352
0.195821
0.187321
0.177537
0.166983
0.156037
0.144964
0.133954
0.12312
0.112544
0.102251
0.0922833
0.0825826
0.0732655
0.064062
0.0554897
0.0464536
0.0391708
0.0291392
0.0255014
0.0099101
0.019215
-0.0202175
-11.3384
-11.3792
-11.4127
-11.4434
-11.4786
-11.5199
-11.5683
-11.6257
-11.6935
-11.7714
-11.858
-11.9512
-12.0482
-12.1452
-12.2391
-12.3268
-12.4057
-12.4737
-12.5292
-12.5711
-12.5987
-12.6116
-12.61
-12.594
-12.564
-12.5206
-12.4644
-12.3958
-12.3154
-12.2239
-12.1215
-12.0088
-11.8861
-11.7534
-11.6107
-11.458
-11.2947
-11.1202
-10.9337
-10.7338
-10.5193
-10.2883
-10.0391
-9.76962
-9.47775
-9.16152
-8.81913
-8.44919
-8.05087
-7.62414
-7.1699
-6.69023
-6.18847
-5.66929
-5.13866
-4.60364
-4.07217
-3.55263
-3.05337
-2.58215
-2.14556
-1.74865
-1.39459
-1.08467
-0.818361
-0.593678
-0.40751
-0.256043
-0.135111
-0.0404977
0.0318555
0.0857028
0.124416
0.150948
0.167834
0.177209
0.18084
0.180167
0.176343
0.170277
0.162672
0.154062
0.144843
0.135302
0.125645
0.116006
0.106481
0.0971104
0.087952
0.0789565
0.0702549
0.0615818
0.053474
0.0448272
0.0378967
0.0281381
0.0247728
0.00937392
0.0188555
-0.0202746
-11.3353
-11.3732
-11.4087
-11.4432
-11.4805
-11.5219
-11.5687
-11.6229
-11.6859
-11.7575
-11.8367
-11.9214
-12.0095
-12.0976
-12.1829
-12.2627
-12.3345
-12.3962
-12.4463
-12.4838
-12.5078
-12.5181
-12.5145
-12.4972
-12.4665
-12.4227
-12.3663
-12.2978
-12.2177
-12.1263
-12.0242
-11.9116
-11.7887
-11.6558
-11.5128
-11.3594
-11.1953
-11.0198
-10.8321
-10.631
-10.4152
-10.1832
-9.93317
-9.66335
-9.37185
-9.05689
-8.71689
-8.35066
-7.95753
-7.53758
-7.09178
-6.62218
-6.13202
-5.62576
-5.10903
-4.5885
-4.07162
-3.56624
-3.08015
-2.62062
-2.19385
-1.80463
-1.45604
-1.14942
-0.88443
-0.659365
-0.471438
-0.317165
-0.192693
-0.0940734
-0.017473
0.0406875
0.0836477
0.114268
0.135019
0.147999
0.154954
0.157319
0.156253
0.152673
0.147301
0.140685
0.133244
0.125282
0.117023
0.108619
0.100184
0.0917702
0.0834514
0.075189
0.0671275
0.0590078
0.0513834
0.0431464
0.036579
0.0271181
0.0240179
0.00886284
0.0184521
-0.0202143
-11.3315
-11.3665
-11.4009
-11.4351
-11.4717
-11.5124
-11.5583
-11.6108
-11.6706
-11.7376
-11.8108
-11.8885
-11.9687
-12.0488
-12.1262
-12.1984
-12.2634
-12.3191
-12.3641
-12.3973
-12.4179
-12.4255
-12.4199
-12.4012
-12.3695
-12.3252
-12.2685
-12.1998
-12.1197
-12.0284
-11.9264
-11.8138
-11.691
-11.5579
-11.4145
-11.2605
-11.0957
-10.9193
-10.7306
-10.5285
-10.3118
-10.079
-9.8285
-9.55872
-9.26793
-8.95455
-8.61719
-8.25484
-7.867
-7.45385
-7.01644
-6.55679
-6.07803
-5.5844
-5.08125
-4.57485
-4.07217
-3.58055
-3.10729
-2.65916
-2.24201
-1.86036
-1.51721
-1.21393
-0.950373
-0.725068
-0.535537
-0.378611
-0.250734
-0.14822
-0.0674565
-0.00503999
0.0421357
0.0768335
0.101458
0.118065
0.128378
0.133824
0.135561
0.134518
0.131428
0.126858
0.121243
0.114906
0.108089
0.100962
0.0936523
0.0862298
0.0787813
0.0712799
0.0638832
0.0563399
0.0492177
0.0414111
0.0352177
0.026079
0.0232368
0.00837563
0.0180055
-0.0200404
-11.327
-11.3599
-11.3934
-11.4276
-11.4641
-11.5043
-11.5489
-11.5989
-11.655
-11.717
-11.784
-11.8548
-11.9274
-11.9998
-12.0696
-12.1347
-12.193
-12.2429
-12.2828
-12.3117
-12.3288
-12.3337
-12.326
-12.3057
-12.273
-12.2279
-12.1708
-12.102
-12.0218
-11.9306
-11.8285
-11.716
-11.593
-11.4597
-11.316
-11.1615
-10.9961
-10.8189
-10.6294
-10.4265
-10.209
-9.97564
-9.72499
-9.45552
-9.16572
-8.85417
-8.51968
-8.16141
-7.77899
-7.37272
-6.94368
-6.49388
-6.02634
-5.54511
-5.05523
-4.5626
-4.07375
-3.59552
-3.13473
-2.69772
-2.28997
-1.91578
-1.57803
-1.27815
-1.01612
-0.790708
-0.599728
-0.440303
-0.309159
-0.202869
-0.118034
-0.0514257
-7.39655e-05
0.0386845
0.0671846
0.0874354
0.101135
0.109698
0.114282
0.115822
0.115063
0.112587
0.108845
0.104178
0.0988467
0.0930349
0.0868885
0.0804907
0.0739429
0.0672302
0.0605228
0.0535788
0.0469774
0.0396214
0.033813
0.0250203
0.0224297
0.00791089
0.0175174
-0.0197582
-11.3217
-11.3528
-11.3852
-11.4187
-11.4544
-11.4933
-11.5362
-11.5837
-11.6361
-11.6934
-11.7549
-11.8193
-11.885
-11.9503
-12.013
-12.0713
-12.1233
-12.1675
-12.2024
-12.2271
-12.2408
-12.2428
-12.2329
-12.2109
-12.1769
-12.131
-12.0734
-12.0043
-11.9239
-11.8326
-11.7305
-11.6179
-11.4948
-11.3613
-11.2172
-11.0624
-10.8963
-10.7186
-10.5283
-10.3248
-10.1068
-9.87313
-9.62255
-9.35365
-9.06509
-8.75563
-8.42424
-8.07022
-7.69336
-7.29404
-6.87337
-6.43335
-5.97688
-5.50782
-5.03091
-4.5517
-4.07629
-3.61108
-3.16242
-2.73624
-2.33768
-1.97082
-1.63845
-1.34199
-1.08158
-0.856207
-0.663931
-0.50216
-0.367894
-0.257949
-0.16914
-0.0984122
-0.0429312
-0.000136431
0.0322341
0.05614
0.07325
0.0849628
0.0924327
0.0965994
0.0982165
0.0978805
0.0960573
0.0931053
0.0893
0.084843
0.0798955
0.0745555
0.0689383
0.0630417
0.0570477
0.0507256
0.0446634
0.037778
0.0323654
0.0239422
0.0215971
0.00746689
0.0169898
-0.0193742
-11.3155
-11.3451
-11.3762
-11.4088
-11.4435
-11.481
-11.5219
-11.5667
-11.6156
-11.6683
-11.7244
-11.7828
-11.842
-11.9005
-11.9565
-12.0084
-12.0543
-12.093
-12.1231
-12.1436
-12.1537
-12.1528
-12.1406
-12.1169
-12.0815
-12.0347
-11.9763
-11.9068
-11.8261
-11.7346
-11.6325
-11.5197
-11.3965
-11.2627
-11.1183
-10.963
-10.7965
-10.6182
-10.4275
-10.2234
-10.0051
-9.77141
-9.52114
-9.25307
-8.96602
-8.65889
-8.33081
-7.98124
-7.61007
-7.21777
-6.80548
-6.37516
-5.9296
-5.47246
-5.00823
-4.54209
-4.07976
-3.62719
-3.19033
-2.77469
-2.38511
-2.02545
-1.6984
-1.4054
-1.1467
-0.921488
-0.728066
-0.564104
-0.426859
-0.313387
-0.220708
-0.145939
-0.0863827
-0.0395828
-0.00335339
0.0242127
0.044751
0.0596419
0.0700333
0.0768665
0.0809029
0.0827506
0.08289
0.0816946
0.079456
0.0763918
0.0726784
0.0684284
0.0637712
0.0587173
0.0534605
0.0477823
0.0422774
0.035882
0.0308759
0.0228446
0.0207397
0.00704187
0.0164257
-0.0188965
-11.3085
-11.3366
-11.3664
-11.3978
-11.4311
-11.4669
-11.5057
-11.5477
-11.593
-11.6414
-11.6924
-11.7451
-11.7982
-11.8504
-11.9001
-11.9458
-11.9861
-12.0194
-12.0448
-12.0612
-12.0677
-12.0639
-12.0493
-12.0236
-11.9868
-11.9388
-11.8797
-11.8096
-11.7286
-11.6368
-11.5344
-11.4214
-11.298
-11.164
-11.0193
-10.8637
-10.6967
-10.518
-10.3269
-10.1225
-9.9041
-9.67055
-9.42082
-9.15384
-8.86853
-8.56397
-8.23942
-7.89447
-7.52912
-7.14389
-6.73998
-6.31927
-5.88445
-5.439
-4.98714
-4.53373
-4.0841
-3.64381
-3.2184
-2.81301
-2.4322
-2.07961
-1.75782
-1.4683
-1.2114
-0.986475
-0.792054
-0.626054
-0.485978
-0.369108
-0.272668
-0.193943
-0.130371
-0.0796043
-0.0395341
-0.00830892
0.0156703
0.0337628
0.047107
0.0566432
0.0631388
0.0672117
0.0693551
0.069957
0.069324
0.0676892
0.0652439
0.0621154
0.0584466
0.0542615
0.0497648
0.0447519
0.0398218
0.0339353
0.0293459
0.021728
0.0198586
0.00663378
0.0158287
-0.0183345
-11.3005
-11.3273
-11.3557
-11.3857
-11.4175
-11.4515
-11.4879
-11.527
-11.5688
-11.6131
-11.6592
-11.7065
-11.7539
-11.8002
-11.8439
-11.8838
-11.9185
-11.9468
-11.9675
-11.9798
-11.9828
-11.976
-11.9589
-11.9313
-11.8929
-11.8437
-11.7836
-11.7128
-11.6313
-11.5391
-11.4364
-11.3232
-11.1995
-11.0652
-10.9203
-10.7643
-10.5971
-10.4181
-10.2267
-10.0222
-9.8038
-9.57062
-9.32167
-9.056
-8.77268
-8.47091
-8.15009
-7.80992
-7.45049
-7.07241
-6.67684
-6.26565
-5.8414
-5.4074
-4.9676
-4.52657
-4.08927
-3.6609
-3.2466
-2.85118
-2.47892
-2.13325
-1.81668
-1.53065
-1.27562
-1.05109
-0.855816
-0.687929
-0.545169
-0.425035
-0.324947
-0.242356
-0.174837
-0.120147
-0.0762608
-0.0413836
-0.0139563
0.0073563
0.0236801
0.0359525
0.044944
0.0512808
0.0554675
0.0579054
0.0589153
0.0587451
0.0576009
0.0556241
0.0529712
0.0496799
0.0459655
0.0416386
0.0373
0.0319403
0.0277776
0.0205933
0.0189554
0.0062408
0.0152029
-0.0176985
-11.2917
-11.3171
-11.3441
-11.3725
-11.4026
-11.4346
-11.4686
-11.5048
-11.5432
-11.5833
-11.6249
-11.6672
-11.7091
-11.7498
-11.7879
-11.8223
-11.8517
-11.875
-11.8913
-11.8996
-11.8991
-11.8893
-11.8697
-11.8399
-11.7998
-11.7493
-11.6882
-11.6165
-11.5344
-11.4417
-11.3387
-11.2251
-11.1012
-10.9666
-10.8214
-10.6652
-10.4977
-10.3184
-10.1269
-9.92247
-9.70434
-9.47173
-9.22378
-8.95965
-8.67854
-8.37976
-8.06286
-7.72762
-7.37422
-7.0033
-6.61605
-6.21427
-5.80042
-5.37761
-4.94958
-4.52058
-4.09525
-3.67842
-3.27489
-2.88916
-2.52523
-2.18634
-1.87491
-1.59239
-1.33929
-1.11527
-0.919275
-0.74965
-0.604351
-0.48109
-0.377471
-0.291109
-0.219716
-0.161154
-0.113482
-0.0749663
-0.0440891
-0.0195431
-0.000217005
0.0148205
0.0263414
0.0349781
0.0412449
0.0455554
0.0482437
0.0495718
0.04976
0.048964
0.0473534
0.0449799
0.0420689
0.0384476
0.0347164
0.0299005
0.0261737
0.0194418
0.0180319
0.00586092
0.0145525
-0.0170001
-11.282
-11.306
-11.3314
-11.3583
-11.3865
-11.4164
-11.448
-11.4813
-11.5162
-11.5525
-11.5896
-11.6271
-11.6639
-11.6993
-11.7321
-11.7612
-11.7856
-11.8042
-11.8161
-11.8204
-11.8165
-11.8037
-11.7815
-11.7496
-11.7077
-11.6557
-11.5935
-11.5209
-11.438
-11.3448
-11.2413
-11.1274
-11.0031
-10.8683
-10.7228
-10.5663
-10.3987
-10.2193
-10.0278
-9.82352
-9.60582
-9.37398
-9.12724
-8.86487
-8.58617
-8.2906
-7.97777
-7.64759
-7.3003
-6.93658
-6.5576
-6.16512
-5.76147
-5.34961
-4.93303
-4.51571
-4.10199
-3.69635
-3.30326
-2.92692
-2.57109
-2.23884
-1.93248
-1.65345
-1.40234
-1.17894
-0.982352
-0.811134
-0.663444
-0.53719
-0.430161
-0.34013
-0.26494
-0.202564
-0.151143
-0.109008
-0.0746848
-0.0468969
-0.0245507
-0.00672296
0.00735718
0.0183266
0.0267078
0.0329252
0.0373253
0.0401837
0.0417342
0.0421466
0.0416033
0.0401705
0.0380828
0.0351857
0.0320767
0.0278203
0.024538
0.0182756
0.0170907
0.0054927
0.0138829
-0.016251
-11.2713
-11.294
-11.3179
-11.343
-11.3694
-11.3971
-11.4261
-11.4565
-11.4881
-11.5205
-11.5535
-11.5864
-11.6184
-11.6488
-11.6765
-11.7007
-11.7202
-11.7343
-11.742
-11.7425
-11.7351
-11.7193
-11.6945
-11.6604
-11.6166
-11.5631
-11.4996
-11.426
-11.3424
-11.2485
-11.1444
-11.0301
-10.9055
-10.7703
-10.6246
-10.468
-10.3002
-10.1208
-9.92941
-9.72547
-9.50837
-9.27749
-9.03216
-8.77174
-8.49565
-8.20345
-7.89486
-7.56986
-7.22875
-6.87223
-6.50147
-6.11816
-5.72453
-5.32336
-4.91792
-4.51195
-4.10946
-3.71465
-3.33166
-2.96443
-2.61647
-2.2907
-1.98933
-1.71379
-1.46472
-1.24202
-1.04497
-0.872301
-0.722363
-0.593255
-0.482939
-0.389342
-0.31044
-0.244312
-0.189185
-0.143455
-0.105696
-0.0746628
-0.0492831
-0.0286443
-0.0119788
0.00135296
0.01188
0.0200361
0.0261793
0.0305979
0.0335388
0.0351855
0.035733
0.0352622
0.0340166
0.0318608
0.0293877
0.0257052
0.0228749
0.0170973
0.0161346
0.00513471
0.0131988
-0.0154638
-11.2599
-11.2811
-11.3034
-11.3268
-11.3512
-11.3766
-11.4031
-11.4306
-11.4589
-11.4877
-11.5167
-11.5452
-11.5727
-11.5983
-11.6213
-11.6407
-11.6557
-11.6654
-11.669
-11.6657
-11.655
-11.6361
-11.6087
-11.5723
-11.5267
-11.4716
-11.4067
-11.332
-11.2475
-11.1529
-11.0482
-10.9335
-10.8084
-10.673
-10.527
-10.3702
-10.2024
-10.0231
-9.83192
-9.62845
-9.41211
-9.18236
-8.93862
-8.68034
-8.40706
-8.1184
-7.81418
-7.49446
-7.15958
-6.81026
-6.44766
-6.07339
-5.68958
-5.29884
-4.90424
-4.50926
-4.11765
-3.7333
-3.36008
-3.00167
-2.66136
-2.3419
-2.04543
-1.77335
-1.52636
-1.30446
-1.10706
-0.933071
-0.781027
-0.649201
-0.535722
-0.438667
-0.35614
-0.286329
-0.227544
-0.17825
-0.13707
-0.102794
-0.0743725
-0.0509062
-0.0316328
-0.0159127
-0.0032117
0.00691221
0.0148273
0.0208339
0.0251912
0.0280964
0.0297567
0.0302676
0.0298813
0.0284824
0.0266575
0.0235619
0.0211901
0.0159107
0.0151675
0.00478648
0.012506
-0.0146504
-11.2476
-11.2673
-11.288
-11.3096
-11.332
-11.3552
-11.3792
-11.4038
-11.4289
-11.4542
-11.4793
-11.5037
-11.5268
-11.548
-11.5664
-11.5813
-11.5919
-11.5975
-11.5971
-11.5902
-11.5761
-11.5543
-11.5243
-11.4856
-11.438
-11.3812
-11.3149
-11.2391
-11.1535
-11.0582
-10.9529
-10.8375
-10.7121
-10.5763
-10.4301
-10.2732
-10.1054
-9.92625
-9.73546
-9.53258
-9.31716
-9.0887
-8.84672
-8.59077
-8.32045
-8.03548
-7.73576
-7.4214
-7.0928
-6.75067
-6.39615
-6.03078
-5.65659
-5.27602
-4.89195
-4.50762
-4.12652
-3.75228
-3.38851
-3.03862
-2.70572
-2.39241
-2.10074
-1.83209
-1.5872
-1.36617
-1.16854
-0.993363
-0.83935
-0.704942
-0.588426
-0.488024
-0.401965
-0.328542
-0.266154
-0.213332
-0.168751
-0.13124
-0.0997725
-0.0734667
-0.0515674
-0.0334364
-0.0185365
-0.0064187
0.00329436
0.0109142
0.0167118
0.0208976
0.0236905
0.0252012
0.0256895
0.0250617
0.0238956
0.0213983
0.0194901
0.0147203
0.0141937
0.00444784
0.0118098
-0.0138225
-11.2345
-11.2528
-11.2718
-11.2916
-11.3119
-11.3329
-11.3543
-11.3762
-11.3982
-11.42
-11.4414
-11.4619
-11.4809
-11.4978
-11.512
-11.5226
-11.5291
-11.5305
-11.5264
-11.516
-11.4987
-11.4739
-11.4412
-11.4002
-11.3506
-11.2921
-11.2243
-11.1472
-11.0607
-10.9644
-10.8584
-10.7425
-10.6166
-10.4806
-10.3342
-10.1772
-10.0094
-9.83049
-9.64016
-9.43801
-9.22364
-8.99663
-8.75658
-8.5031
-8.23589
-7.95475
-7.65964
-7.35072
-7.02842
-6.69346
-6.34693
-5.99033
-5.62554
-5.25488
-4.88103
-4.50702
-4.13608
-3.77159
-3.41692
-3.07526
-2.74953
-2.4422
-2.15522
-1.88997
-1.6472
-1.4271
-1.22933
-1.0531
-0.897249
-0.760393
-0.640966
-0.537329
-0.447833
-0.370876
-0.304943
-0.248634
-0.200679
-0.159944
-0.125433
-0.0962799
-0.0717407
-0.0511803
-0.03406
-0.0199255
-0.00839134
0.000864262
0.0081235
0.0136097
0.0175529
0.0200794
0.021456
0.0216114
0.0211133
0.0192237
0.0177829
0.013532
0.0132184
0.00411995
0.011116
-0.0129903
-11.2206
-11.2374
-11.2548
-11.2727
-11.2911
-11.3098
-11.3288
-11.3478
-11.3668
-11.3854
-11.4033
-11.42
-11.4351
-11.448
-11.458
-11.4646
-11.4671
-11.4647
-11.4569
-11.4431
-11.4226
-11.3949
-11.3596
-11.3163
-11.2647
-11.2043
-11.1351
-11.0567
-10.969
-10.8719
-10.7651
-10.6486
-10.5223
-10.3859
-10.2392
-10.0822
-9.91454
-9.73596
-9.54618
-9.34486
-9.13167
-8.90625
-8.66826
-8.41741
-8.15345
-7.87627
-7.58586
-7.28244
-6.96645
-6.63863
-6.30001
-5.95201
-5.59643
-5.23541
-4.87148
-4.50743
-4.14629
-3.7912
-3.4453
-3.11158
-2.79278
-2.49124
-2.20884
-1.94693
-1.70629
-1.48719
-1.28937
-1.11219
-0.954639
-0.815466
-0.693254
-0.586496
-0.493661
-0.413251
-0.343837
-0.284088
-0.232788
-0.188847
-0.151298
-0.119295
-0.0921064
-0.0691021
-0.0497438
-0.0335732
-0.0201981
-0.00928707
-0.000547727
0.006256
0.011365
0.0149208
0.0171971
0.018146
0.018323
0.0170488
0.0160773
0.0123524
0.0122473
0.00380464
0.0104298
-0.0121629
-11.2061
-11.2214
-11.2372
-11.2533
-11.2696
-11.286
-11.3026
-11.319
-11.335
-11.3505
-11.365
-11.3781
-11.3895
-11.3986
-11.4047
-11.4075
-11.4061
-11.4001
-11.3888
-11.3716
-11.348
-11.3175
-11.2796
-11.234
-11.1803
-11.1182
-11.0473
-10.9676
-10.8788
-10.7806
-10.6731
-10.556
-10.4291
-10.2924
-10.1456
-9.98851
-9.821
-9.64279
-9.45364
-9.25326
-9.04136
-8.81766
-8.58187
-8.33377
-8.07319
-7.80006
-7.51444
-7.21657
-6.90691
-6.58617
-6.25536
-5.91582
-5.56923
-5.2176
-4.86327
-4.50886
-4.15717
-3.81113
-3.47366
-3.14758
-2.83545
-2.53952
-2.26157
-2.00294
-1.76443
-1.54636
-1.34859
-1.17057
-1.01144
-0.870075
-0.745202
-0.635436
-0.539363
-0.455584
-0.382756
-0.319617
-0.265009
-0.217884
-0.177308
-0.142457
-0.112614
-0.0871553
-0.0655452
-0.0473229
-0.0320903
-0.0195076
-0.00927268
-0.00113719
0.00515024
0.00974662
0.0129317
0.0146821
0.0155392
0.014886
0.0143837
0.01119
0.0112872
0.0035055
0.00975682
-0.011347
-11.191
-11.2049
-11.2189
-11.2332
-11.2475
-11.2618
-11.2759
-11.2897
-11.3029
-11.3153
-11.3266
-11.3364
-11.3442
-11.3496
-11.3522
-11.3512
-11.3462
-11.3367
-11.322
-11.3016
-11.275
-11.2417
-11.2013
-11.1534
-11.0976
-11.0336
-10.9612
-10.8801
-10.79
-10.6909
-10.5825
-10.4647
-10.3374
-10.2003
-10.0533
-9.89622
-9.72891
-9.55114
-9.3627
-9.16334
-8.95284
-8.73096
-8.49749
-8.25227
-7.99517
-7.72619
-7.44542
-7.15314
-6.8498
-6.5361
-6.213
-5.88176
-5.54395
-5.20144
-4.85642
-4.5113
-4.1687
-3.83135
-3.50199
-3.18324
-2.87754
-2.58701
-2.31339
-2.05796
-1.82157
-1.60457
-1.40691
-1.22815
-1.06756
-0.924132
-0.796719
-0.68406
-0.584851
-0.497789
-0.421617
-0.355143
-0.297267
-0.246986
-0.203398
-0.165706
-0.133207
-0.105289
-0.0814174
-0.0611317
-0.0440289
-0.0297617
-0.0180189
-0.00854063
-0.00106503
0.00458029
0.0086806
0.011238
0.0127778
0.0127491
0.0127138
0.0100543
0.0103455
0.00322731
0.00910165
-0.0105466
-11.1754
-11.1877
-11.2002
-11.2126
-11.225
-11.2371
-11.2489
-11.2601
-11.2706
-11.2801
-11.2883
-11.2949
-11.2994
-11.3014
-11.3004
-11.296
-11.2875
-11.2746
-11.2567
-11.2332
-11.2036
-11.1677
-11.1248
-11.0746
-11.0167
-10.9509
-10.8768
-10.7943
-10.703
-10.6029
-10.4936
-10.3751
-10.2472
-10.1097
-9.96256
-9.80552
-9.63844
-9.46116
-9.27348
-9.07523
-8.86621
-8.64625
-8.4152
-8.17295
-7.91943
-7.65467
-7.37882
-7.09215
-6.79513
-6.48841
-6.17292
-5.84982
-5.52058
-5.18694
-4.85092
-4.51476
-4.18091
-3.8519
-3.5303
-3.21858
-2.91904
-2.63372
-2.36427
-2.11196
-1.87765
-1.66175
-1.46427
-1.28487
-1.12292
-0.977547
-0.847714
-0.732275
-0.630031
-0.539776
-0.460334
-0.390584
-0.329485
-0.276078
-0.2295
-0.188978
-0.153827
-0.123447
-0.0973091
-0.0749522
-0.0559704
-0.0400098
-0.0267506
-0.0159217
-0.00725144
-0.000551855
0.00446725
0.00783451
0.0100571
0.0106539
0.0110807
0.0089566
0.00943029
0.00297716
0.00846855
-0.00976231
-11.1594
-11.1702
-11.1811
-11.1917
-11.2021
-11.2122
-11.2217
-11.2305
-11.2384
-11.2451
-11.2504
-11.2538
-11.2551
-11.2539
-11.2496
-11.2418
-11.2301
-11.214
-11.1929
-11.1664
-11.1341
-11.0955
-11.0501
-10.9977
-10.9378
-10.8701
-10.7944
-10.7104
-10.6179
-10.5166
-10.4065
-10.2872
-10.1588
-10.0209
-9.87358
-9.71656
-9.54974
-9.37298
-9.18612
-8.98903
-8.78157
-8.56362
-8.33507
-8.09587
-7.84601
-7.58555
-7.31465
-7.03362
-6.74289
-6.44311
-6.13512
-5.82001
-5.49914
-5.17411
-4.84679
-4.51926
-4.1938
-3.87278
-3.5586
-3.2536
-2.95996
-2.67962
-2.41418
-2.16491
-1.93265
-1.71785
-1.52059
-1.34064
-1.17744
-1.03023
-0.898094
-0.779986
-0.67481
-0.581452
-0.498816
-0.425854
-0.36158
-0.305084
-0.25554
-0.212204
-0.17441
-0.141571
-0.113166
-0.088734
-0.0678685
-0.0502093
-0.0354288
-0.0232452
-0.0133772
-0.00562128
0.000317126
0.00449424
0.00739686
0.00861782
0.00949885
0.00790969
0.00855017
0.00276395
0.00786007
-0.00899006
-11.143
-11.1524
-11.1616
-11.1705
-11.1791
-11.1871
-11.1944
-11.2009
-11.2063
-11.2103
-11.2128
-11.2133
-11.2116
-11.2072
-11.1998
-11.1889
-11.1741
-11.1549
-11.1309
-11.1015
-11.0665
-11.0253
-10.9775
-10.9229
-10.8609
-10.7915
-10.7141
-10.6286
-10.5348
-10.4325
-10.3214
-10.2014
-10.0723
-9.93407
-9.78652
-9.62952
-9.46297
-9.28674
-9.10074
-8.90486
-8.69902
-8.48314
-8.25716
-8.02109
-7.77495
-7.51883
-7.25294
-6.97755
-6.69311
-6.4002
-6.09961
-5.79234
-5.47964
-5.16297
-4.84406
-4.52485
-4.20743
-3.89404
-3.58693
-3.28833
-3.0003
-2.72471
-2.46313
-2.21677
-1.9865
-1.77281
-1.57582
-1.39538
-1.23102
-1.08209
-0.94776
-0.827095
-0.71909
-0.622722
-0.536973
-0.460864
-0.393468
-0.333924
-0.281444
-0.235313
-0.194889
-0.159598
-0.128927
-0.102422
-0.0796716
-0.0603127
-0.04401
-0.0304714
-0.0194063
-0.0105955
-0.00374066
0.00124318
0.00481988
0.00666114
0.00798504
0.00692898
0.00771472
0.00260001
0.00727705
-0.0082192
-11.1264
-11.1344
-11.1421
-11.1493
-11.156
-11.1621
-11.1673
-11.1715
-11.1745
-11.176
-11.1758
-11.1736
-11.169
-11.1617
-11.1513
-11.1375
-11.1197
-11.0976
-11.0707
-11.0386
-11.0009
-10.9572
-10.9072
-10.8503
-10.7864
-10.7151
-10.6361
-10.5491
-10.454
-10.3505
-10.2384
-10.1176
-9.98797
-9.84931
-9.70154
-9.54456
-9.37827
-9.2026
-9.01747
-8.82283
-8.61864
-8.40487
-8.18153
-7.94863
-7.70626
-7.45455
-7.19368
-6.92396
-6.64578
-6.35969
-6.06641
-5.76684
-5.46211
-5.15357
-4.84279
-4.53156
-4.22184
-3.91572
-3.61533
-3.32279
-3.04009
-2.76901
-2.51109
-2.26752
-2.03918
-1.82657
-1.62988
-1.449
-1.28358
-1.13302
-0.996613
-0.873499
-0.762771
-0.663488
-0.57471
-0.495525
-0.425065
-0.362518
-0.307135
-0.258235
-0.215197
-0.177465
-0.144537
-0.115961
-0.0913299
-0.0702737
-0.0524516
-0.0375612
-0.0253032
-0.0154422
-0.00767719
-0.00189276
0.00234904
0.00480428
0.00655598
0.00603048
0.00693255
0.00249985
0.00671585
-0.00743055
-11.1096
-11.1163
-11.1225
-11.1281
-11.133
-11.1372
-11.1404
-11.1424
-11.1431
-11.1423
-11.1396
-11.1347
-11.1275
-11.1174
-11.1042
-11.0876
-11.067
-11.0421
-11.0125
-10.9778
-10.9376
-10.8915
-10.8392
-10.7802
-10.7143
-10.6412
-10.5605
-10.472
-10.3756
-10.2709
-10.1579
-10.0363
-9.90596
-9.76685
-9.61884
-9.46185
-9.29581
-9.12068
-8.93643
-8.74304
-8.54052
-8.3289
-8.10821
-7.87854
-7.63998
-7.39269
-7.13689
-6.87283
-6.60091
-6.3216
-6.03555
-5.74356
-5.44663
-5.14598
-4.84305
-4.53948
-4.2371
-3.93789
-3.64385
-3.35703
-3.07933
-2.81251
-2.55804
-2.31711
-2.0906
-1.87904
-1.68267
-1.50142
-1.335
-1.18293
-1.04455
-0.919102
-0.80576
-0.703663
-0.611946
-0.52976
-0.456296
-0.390793
-0.332543
-0.280898
-0.235265
-0.195104
-0.159927
-0.129289
-0.102782
-0.0800347
-0.0606999
-0.044465
-0.0310224
-0.0201202
-0.011455
-0.00487982
1.41773e-05
0.00307412
0.00523373
0.00523556
0.0062148
0.00248407
0.00616856
-0.00659107
-11.0931
-11.0984
-11.1031
-11.1071
-11.1104
-11.1127
-11.114
-11.114
-11.1125
-11.1094
-11.1043
-11.097
-11.0872
-11.0745
-11.0587
-11.0394
-11.0161
-10.9886
-10.9565
-10.9193
-10.8766
-10.8282
-10.7737
-10.7127
-10.6448
-10.5699
-10.4876
-10.3976
-10.2999
-10.194
-10.0799
-9.95744
-9.82646
-9.68686
-9.53857
-9.38153
-9.21571
-9.0411
-8.8577
-8.66556
-8.46471
-8.25524
-8.03722
-7.81079
-7.57608
-7.33325
-7.08253
-6.82416
-6.55849
-6.28594
-6.00706
-5.72253
-5.43325
-5.14029
-4.84494
-4.54872
-4.25334
-3.96064
-3.67258
-3.3911
-3.11807
-2.85519
-2.60394
-2.36548
-2.1407
-1.93014
-1.73408
-1.5525
-1.38518
-1.23169
-1.09146
-0.963799
-0.847962
-0.743161
-0.648598
-0.563493
-0.487093
-0.418687
-0.35761
-0.303253
-0.255046
-0.212472
-0.175058
-0.142365
-0.113991
-0.08956
-0.0687208
-0.0511507
-0.0365337
-0.0246013
-0.0150485
-0.0076945
-0.00216365
0.00149019
0.00403392
0.00456119
0.00556664
0.00257364
0.00561513
-0.00565034
-11.0765
-11.0805
-11.0838
-11.0864
-11.0881
-11.0887
-11.0882
-11.0862
-11.0828
-11.0775
-11.0702
-11.0605
-11.0483
-11.0333
-11.015
-10.9931
-10.9674
-10.9374
-10.9028
-10.8632
-10.8183
-10.7677
-10.711
-10.648
-10.5783
-10.5016
-10.4176
-10.3262
-10.227
-10.12
-10.0048
-9.88143
-9.74971
-9.60957
-9.46095
-9.30382
-9.13817
-8.96403
-8.78145
-8.59051
-8.39131
-8.18398
-7.96864
-7.74546
-7.5146
-7.27627
-7.03066
-6.77801
-6.51861
-6.2528
-5.98104
-5.7039
-5.42212
-5.13664
-4.84861
-4.55941
-4.27063
-3.98404
-3.70151
-3.42494
-3.15619
-2.89693
-2.64863
-2.41245
-2.18928
-1.97969
-1.78396
-1.60213
-1.43402
-1.27924
-1.1373
-1.00757
-0.889367
-0.781978
-0.68467
-0.596723
-0.517445
-0.446176
-0.382298
-0.325243
-0.274471
-0.229491
-0.189845
-0.155105
-0.124871
-0.0987664
-0.0764349
-0.0575436
-0.041768
-0.028822
-0.0183997
-0.0102844
-0.00413783
9.45557e-05
0.00299121
0.00404122
0.00500406
0.00280391
0.00502834
-0.00452816
-11.0606
-11.0633
-11.0653
-11.0664
-11.0665
-11.0655
-11.0632
-11.0595
-11.054
-11.0467
-11.0373
-11.0255
-11.0111
-10.9937
-10.9731
-10.949
-10.9209
-10.8886
-10.8517
-10.8098
-10.7627
-10.71
-10.6513
-10.5863
-10.5147
-10.4363
-10.3507
-10.2578
-10.1573
-10.0489
-9.9327
-9.80837
-9.67587
-9.53512
-9.3861
-9.22879
-9.06323
-8.88948
-8.70765
-8.51785
-8.32024
-8.11499
-7.9023
-7.68235
-7.45536
-7.22154
-6.98108
-6.73419
-6.48111
-6.22209
-5.95747
-5.68768
-5.41332
-5.13516
-4.85421
-4.57171
-4.28915
-4.00823
-3.73076
-3.45865
-3.19374
-2.93772
-2.69206
-2.45795
-2.23625
-2.02757
-1.83219
-1.65019
-1.4814
-1.32549
-1.182
-1.05037
-0.929957
-0.820111
-0.720165
-0.629462
-0.547372
-0.473292
-0.406649
-0.346921
-0.293597
-0.246214
-0.204336
-0.167547
-0.135454
-0.107679
-0.0838615
-0.0636576
-0.0467349
-0.0327888
-0.0215125
-0.0126512
-0.00590868
-0.00111091
0.00210623
0.00368234
0.0045183
0.00319861
0.00434898
-0.00311095
-11.0446
-11.0463
-11.0471
-11.0469
-11.0457
-11.0432
-11.0393
-11.0339
-11.0267
-11.0176
-11.0062
-10.9924
-10.976
-10.9565
-10.9337
-10.9074
-10.8771
-10.8426
-10.8035
-10.7596
-10.7104
-10.6556
-10.5949
-10.528
-10.4547
-10.3745
-10.2874
-10.1929
-10.091
-9.98143
-9.86403
-9.7387
-9.60534
-9.46392
-9.31441
-9.15685
-8.9913
-8.81788
-8.63671
-8.44798
-8.2519
-8.0487
-7.83862
-7.6219
-7.39879
-7.1695
-6.93423
-6.69316
-6.44643
-6.19421
-5.93671
-5.67418
-5.40707
-5.13597
-4.86173
-4.58548
-4.3086
-4.03275
-3.75974
-3.49151
-3.22996
-2.97681
-2.73356
-2.5014
-2.28121
-2.07356
-1.87874
-1.69681
-1.52761
-1.37082
-1.22601
-1.09265
-0.97017
-0.857966
-0.755438
-0.661996
-0.577076
-0.500138
-0.430671
-0.36822
-0.3123
-0.262481
-0.218349
-0.1795
-0.145547
-0.11611
-0.0908208
-0.0693248
-0.0512796
-0.0363602
-0.0242593
-0.0146804
-0.00737489
-0.00203656
0.00145398
0.00355312
0.00414691
0.00382248
0.00351471
-0.00122407
-11.0299
-11.0304
-11.03
-11.0285
-11.0258
-11.0219
-11.0165
-11.0095
-11.0007
-10.9898
-10.9766
-10.9609
-10.9425
-10.9211
-10.8963
-10.868
-10.8357
-10.7992
-10.7581
-10.7121
-10.661
-10.6043
-10.5418
-10.4731
-10.398
-10.3162
-10.2275
-10.1316
-10.0282
-9.91736
-9.79876
-9.67235
-9.53804
-9.39582
-9.2457
-9.08773
-8.92202
-8.74873
-8.56804
-8.38019
-8.18546
-7.98414
-7.77653
-7.56294
-7.34365
-7.11891
-6.8889
-6.65375
-6.41355
-6.16832
-5.91811
-5.663
-5.40321
-5.13914
-4.87148
-4.6012
-4.32962
-4.05837
-3.7893
-3.5244
-3.2657
-3.01499
-2.77383
-2.54343
-2.32466
-2.11808
-1.92396
-1.74231
-1.57294
-1.41553
-1.26963
-1.13474
-1.01032
-0.895831
-0.790756
-0.694583
-0.606838
-0.527053
-0.45475
-0.389539
-0.330965
-0.278651
-0.232211
-0.19126
-0.155414
-0.12429
-0.0975158
-0.0747224
-0.0555564
-0.0396706
-0.0267565
-0.0164725
-0.0086221
-0.00275344
0.00097479
0.00361184
0.00383911
0.00468083
0.00238273
0.00136123
-11.0154
-11.0151
-11.0138
-11.0113
-11.0075
-11.0024
-10.9957
-10.9873
-10.977
-10.9646
-10.9498
-10.9325
-10.9123
-10.8891
-10.8625
-10.8323
-10.7981
-10.7597
-10.7167
-10.6689
-10.6159
-10.5574
-10.4931
-10.4227
-10.3459
-10.2625
-10.1722
-10.0747
-9.96999
-9.85778
-9.73795
-9.61042
-9.47512
-9.33205
-9.18126
-9.02282
-8.8569
-8.68368
-8.50342
-8.31642
-8.123
-7.92353
-7.71838
-7.5079
-7.29242
-7.07218
-6.84737
-6.61806
-6.38423
-6.14577
-5.90254
-5.65442
-5.40141
-5.14371
-4.88183
-4.61666
-4.34949
-4.08199
-3.81616
-3.55417
-3.29821
-3.0502
-2.81171
-2.5839
-2.36751
-2.16297
-1.97037
-1.78963
-1.62049
-1.46262
-1.3156
-1.17899
-1.05235
-0.935258
-0.827277
-0.72799
-0.63701
-0.553958
-0.478474
-0.410307
-0.348909
-0.293995
-0.245194
-0.20212
-0.164386
-0.131602
-0.103382
-0.0793395
-0.0591071
-0.0423118
-0.0286429
-0.0177101
-0.0093739
-0.00302373
0.000868945
0.00402658
0.00371077
0.00589668
0.000849012
0.00497481
-11.0022
-11.0008
-10.9984
-10.9947
-10.9898
-10.9834
-10.9755
-10.9657
-10.954
-10.9402
-10.9239
-10.9051
-10.8834
-10.8586
-10.8304
-10.7985
-10.7627
-10.7226
-10.678
-10.6285
-10.5738
-10.5136
-10.4477
-10.3757
-10.2973
-10.2124
-10.1206
-10.0217
-9.91548
-9.80186
-9.68068
-9.55184
-9.41532
-9.27111
-9.11928
-8.95996
-8.79334
-8.61968
-8.43927
-8.25251
-8.05981
-7.86163
-7.65843
-7.45067
-7.23876
-7.023
-6.80359
-6.58055
-6.35378
-6.12297
-5.88775
-5.64773
-5.40261
-5.15233
-4.89721
-4.63798
-4.37593
-4.11277
-3.85062
-3.59183
-3.33878
-3.09345
-2.85741
-2.63173
-2.41709
-2.21379
-2.02187
-1.84117
-1.67145
-1.51236
-1.36357
-1.22468
-1.09533
-0.975206
-0.864006
-0.761428
-0.667212
-0.581005
-0.502402
-0.431012
-0.366739
-0.309182
-0.257974
-0.212742
-0.173098
-0.138642
-0.108974
-0.0836885
-0.0624017
-0.0447123
-0.0303054
-0.0187391
-0.00993384
-0.00310908
0.000919828
0.00462383
0.0036222
0.00740014
-0.00134946
0.00998305
-10.991
-10.9891
-10.986
-10.9816
-10.9759
-10.9686
-10.9597
-10.9489
-10.936
-10.921
-10.9034
-10.8832
-10.8601
-10.8338
-10.8041
-10.7707
-10.7333
-10.6917
-10.6454
-10.5943
-10.538
-10.4763
-10.4088
-10.3352
-10.2553
-10.1688
-10.0755
-9.97519
-9.86762
-9.75266
-9.6302
-9.50016
-9.36252
-9.21732
-9.06464
-8.90465
-8.73758
-8.56373
-8.38348
-8.19727
-8.00558
-7.80896
-7.60793
-7.40301
-7.19464
-6.98317
-6.76878
-6.55146
-6.33102
-6.10705
-5.87903
-5.64637
-5.40859
-5.16543
-4.91703
-4.664
-4.4075
-4.14926
-3.89138
-3.6363
-3.38656
-3.1441
-2.9104
-2.68644
-2.47277
-2.26964
-2.07711
-1.8951
-1.72348
-1.56202
-1.41047
-1.26853
-1.13595
-1.01246
-0.89776
-0.791579
-0.693685
-0.603887
-0.522043
-0.44783
-0.380943
-0.321015
-0.267692
-0.220592
-0.179318
-0.143456
-0.112587
-0.0862858
-0.0641508
-0.0457536
-0.0307768
-0.0187272
-0.00959003
-0.00241017
0.00162937
0.00580185
0.00389743
0.00940467
-0.00422423
0.0167133
-10.9784
-10.9756
-10.9716
-10.9663
-10.9597
-10.9515
-10.9417
-10.9299
-10.9161
-10.9
-10.8815
-10.8603
-10.8361
-10.8087
-10.7779
-10.7434
-10.7048
-10.6619
-10.6145
-10.5622
-10.5046
-10.4416
-10.3728
-10.2979
-10.2166
-10.1287
-10.034
-9.9321
-9.82295
-9.70635
-9.58218
-9.45036
-9.31089
-9.1638
-9.00922
-8.84734
-8.67845
-8.50295
-8.32129
-8.13407
-7.94193
-7.74562
-7.54588
-7.34347
-7.13908
-6.93325
-6.72628
-6.51821
-6.30869
-6.09701
-5.88214
-5.66283
-5.43777
-5.20589
-4.96656
-4.71988
-4.46677
-4.20908
-3.94941
-3.69098
-3.43739
-3.19111
-2.95409
-2.72756
-2.5121
-2.30785
-2.11466
-1.93217
-1.75996
-1.59775
-1.44512
-1.30169
-1.16717
-1.04148
-0.924535
-0.816089
-0.715907
-0.623811
-0.539602
-0.46303
-0.393879
-0.331861
-0.276641
-0.227849
-0.185088
-0.147935
-0.11596
-0.0887185
-0.0657941
-0.0467322
-0.0312134
-0.0186949
-0.00922648
-0.00168011
0.00238798
0.00706839
0.00422337
0.0116426
-0.00785088
0.0250405
-10.9736
-10.9706
-10.9662
-10.9605
-10.9534
-10.9446
-10.934
-10.9214
-10.9068
-10.8898
-10.8703
-10.848
-10.8227
-10.7942
-10.7622
-10.7265
-10.6867
-10.6426
-10.5938
-10.5402
-10.4814
-10.4171
-10.347
-10.2708
-10.1883
-10.0992
-10.0033
-9.90027
-9.79001
-9.67235
-9.54718
-9.41444
-9.27413
-9.12632
-8.97115
-8.80885
-8.63974
-8.46424
-8.28288
-8.09627
-7.90511
-7.71015
-7.5122
-7.31202
-7.11028
-6.90752
-6.70401
-6.49975
-6.29433
-6.08696
-5.87651
-5.66157
-5.44069
-5.21261
-4.97658
-4.7326
-4.48161
-4.22557
-3.96727
-3.71032
-3.45897
-3.21552
-2.98168
-2.75809
-2.54488
-2.34195
-2.14908
-1.96596
-1.79242
-1.62827
-1.47332
-1.32739
-1.19045
-1.06223
-0.942557
-0.831407
-0.728686
-0.634262
-0.547983
-0.469623
-0.39892
-0.335554
-0.27917
-0.229383
-0.185779
-0.147921
-0.115364
-0.087651
-0.0643522
-0.044994
-0.0292608
-0.0165676
-0.00703015
0.000640161
0.00452934
0.00950356
0.00558021
0.014657
-0.0108172
0.0335761
-10.9596
-10.9562
-10.9515
-10.9455
-10.938
-10.9289
-10.9181
-10.9052
-10.8902
-10.8729
-10.853
-10.8304
-10.8047
-10.7757
-10.7432
-10.7068
-10.6664
-10.6216
-10.5721
-10.5176
-10.4578
-10.3925
-10.3212
-10.2437
-10.1597
-10.0689
-9.97105
-9.86591
-9.75327
-9.63294
-9.50479
-9.36873
-9.22474
-9.07288
-8.91332
-8.74632
-8.57227
-8.39173
-8.20541
-8.01419
-7.81914
-7.62147
-7.42249
-7.22353
-7.02584
-6.8304
-6.63774
-6.44777
-6.25962
-6.07161
-5.88127
-5.68568
-5.48184
-5.26718
-5.04013
-4.80048
-4.54957
-4.29023
-4.02616
-3.76208
-3.50491
-3.25511
-3.01554
-2.78696
-2.5695
-2.363
-2.16718
-1.98173
-1.80623
-1.64042
-1.48406
-1.33697
-1.19891
-1.06969
-0.949176
-0.837242
-0.733734
-0.638504
-0.551386
-0.472172
-0.400628
-0.336466
-0.279355
-0.228919
-0.184749
-0.14641
-0.113453
-0.0854125
-0.0618537
-0.0422885
-0.0264043
-0.013583
-0.00399272
0.00378176
0.00754211
0.0127642
0.00802566
0.0183537
-0.0113366
0.0403284
-10.9636
-10.9596
-10.9542
-10.9474
-10.9391
-10.9291
-10.9173
-10.9034
-10.8874
-10.8689
-10.8479
-10.824
-10.7971
-10.7668
-10.733
-10.6953
-10.6535
-10.6074
-10.5565
-10.5006
-10.4394
-10.3727
-10.3
-10.2212
-10.1358
-10.0437
-9.94466
-9.83833
-9.72458
-9.60324
-9.47421
-9.33744
-9.19297
-9.0409
-8.88147
-8.71503
-8.54206
-8.36322
-8.1793
-7.99129
-7.80031
-7.60762
-7.41449
-7.22221
-7.03186
-6.84422
-6.65955
-6.47749
-6.29688
-6.11578
-5.93155
-5.7411
-5.54127
-5.32929
-5.10331
-4.86282
-4.60893
-4.34442
-4.07325
-3.80103
-3.53282
-3.27634
-3.03134
-2.79851
-2.57779
-2.36876
-2.17088
-1.98366
-1.80656
-1.63916
-1.48129
-1.33281
-1.1935
-1.06317
-0.941669
-0.828881
-0.724676
-0.628913
-0.541425
-0.461997
-0.390377
-0.32626
-0.269293
-0.219086
-0.175215
-0.137227
-0.104661
-0.0770373
-0.0539132
-0.0347892
-0.0193551
-0.00697249
0.0021533
0.00951967
0.0127462
0.0176891
0.0121083
0.0226502
-0.00865272
0.0432511
-12.3304
-12.3269
-12.4032
-12.4086
-12.4094
-12.3887
-12.3657
-12.3492
-12.3568
-12.3912
-12.4597
-12.5663
-12.7077
-12.8742
-13.0525
-13.2285
-13.3906
-13.5302
-13.6424
-13.7256
-13.7802
-13.808
-13.8116
-13.7934
-13.7559
-13.701
-13.6303
-13.5448
-13.4454
-13.3324
-13.206
-13.0663
-12.9131
-12.7469
-12.5672
-12.3709
-12.1572
-11.9259
-11.6757
-11.4053
-11.1129
-10.7965
-10.4537
-10.0821
-9.67901
-9.24169
-8.76734
-8.25332
-7.69733
-7.09766
-6.45358
-5.76568
-5.03649
-4.27097
-3.47716
-2.6668
-1.85542
-1.063
-0.312036
0.37407
0.972438
1.46449
1.83958
2.09653
2.24335
2.29488
2.26954
2.18648
2.06359
1.91631
1.7571
1.59537
1.4377
1.28833
1.14964
1.02273
0.907796
0.804459
0.712059
0.629719
0.556758
0.492086
0.436384
0.38754
0.340644
0.295997
0.255051
0.218529
0.186278
0.158112
0.133422
0.111974
0.0926049
0.0761441
0.0597502
0.0483109
0.0318836
0.0298489
0.00247311
0.0297473
-12.4411
-12.4717
-12.4982
-12.5141
-12.4884
-12.4293
-12.3688
-12.3383
-12.3365
-12.3677
-12.4474
-12.58
-12.7571
-12.9605
-13.1691
-13.3642
-13.5328
-13.6682
-13.7685
-13.8353
-13.8719
-13.8824
-13.8705
-13.8397
-13.7926
-13.731
-13.6564
-13.5696
-13.471
-13.3606
-13.2383
-13.1035
-12.9553
-12.7921
-12.6131
-12.4198
-12.2126
-11.9899
-11.7502
-11.492
-11.2134
-10.9126
-10.5874
-10.2353
-9.85395
-9.44055
-8.99239
-8.50683
-7.98145
-7.41435
-6.8044
-6.15163
-5.45771
-4.72648
-3.96449
-3.18172
-2.39189
-1.61238
-0.864104
-0.170221
0.446314
0.965839
1.37562
1.67212
1.86118
1.95576
1.97277
1.93012
1.84475
1.73148
1.60245
1.46698
1.33176
1.2013
1.07835
0.964423
0.860118
0.765453
0.680064
0.603387
0.534586
0.472971
0.416476
0.365076
0.320701
0.282168
0.247131
0.215445
0.186489
0.160163
0.136202
0.114753
0.0950448
0.0780268
0.0612153
0.0487563
0.031565
0.0273072
0.00205564
0.0238861
-12.3444
-12.4137
-12.4238
-12.429
-12.4104
-12.3948
-12.3918
-12.4153
-12.4734
-12.5697
-12.7012
-12.8579
-13.0267
-13.1946
-13.3513
-13.4898
-13.6062
-13.6989
-13.7679
-13.8143
-13.8395
-13.8453
-13.8333
-13.8051
-13.7619
-13.7048
-13.6346
-13.5519
-13.4569
-13.3499
-13.2308
-13.0995
-12.9559
-12.7994
-12.6292
-12.4449
-12.246
-12.0316
-11.8008
-11.5523
-11.2845
-10.9956
-10.6835
-10.3459
-9.98039
-9.58417
-9.1545
-8.68865
-8.18404
-7.63849
-7.05053
-6.41972
-5.74714
-5.03582
-4.29129
-3.52232
-2.74136
-1.96472
-1.2125
-0.50787
0.125074
0.664851
1.0967
1.41561
1.62675
1.743
1.78129
1.75944
1.6942
1.60013
1.48909
1.37013
1.24975
1.13236
1.02074
0.916465
0.82031
0.732476
0.652796
0.580884
0.516233
0.458215
0.406382
0.359889
0.31762
0.27865
0.243391
0.211348
0.18237
0.156438
0.133164
0.112461
0.093509
0.0769582
0.0606963
0.0482497
0.0324338
0.0268457
0.00560057
0.0181894
-12.2097
-12.2942
-12.3199
-12.3344
-12.3336
-12.3407
-12.3673
-12.4241
-12.513
-12.6326
-12.7772
-12.9376
-13.1034
-13.2649
-13.4139
-13.5447
-13.6541
-13.7404
-13.8037
-13.845
-13.8658
-13.8681
-13.8534
-13.8234
-13.7793
-13.7222
-13.6526
-13.571
-13.4778
-13.3728
-13.2561
-13.1271
-12.9859
-12.832
-12.6651
-12.485
-12.2915
-12.0835
-11.8601
-11.6201
-11.3619
-11.0836
-10.7834
-10.4589
-10.1076
-9.72679
-9.31358
-8.86514
-8.37872
-7.85185
-7.28271
-6.6704
-6.01541
-5.32006
-4.58906
-3.83027
-3.05522
-2.2796
-1.52331
-0.809816
-0.164049
0.391185
0.839751
1.17574
1.40401
1.53746
1.59297
1.58825
1.53994
1.46248
1.36754
1.26385
1.15764
1.05308
0.952844
0.858533
0.770985
0.690521
0.617105
0.550474
0.490172
0.435699
0.386259
0.341294
0.300849
0.265014
0.232894
0.203637
0.177146
0.153131
0.131226
0.111401
0.0930623
0.0767495
0.0608663
0.0479733
0.0328635
0.0252359
0.00798578
0.0117227
-12.09
-12.185
-12.2225
-12.2457
-12.2616
-12.2917
-12.3449
-12.4278
-12.5394
-12.676
-12.83
-12.9921
-13.1533
-13.3056
-13.4432
-13.5623
-13.661
-13.7387
-13.7959
-13.8335
-13.8529
-13.8552
-13.8419
-13.8139
-13.7722
-13.7176
-13.6505
-13.5714
-13.4804
-13.3777
-13.2633
-13.137
-12.9989
-12.8486
-12.686
-12.5108
-12.3225
-12.1205
-11.9039
-11.6714
-11.4216
-11.1528
-10.863
-10.55
-10.2111
-9.84375
-9.44488
-9.01157
-8.54092
-8.03028
-7.47756
-6.88152
-6.24221
-5.56144
-4.84337
-4.09522
-3.32792
-2.55668
-1.80114
-1.08481
-0.432904
0.131437
0.591899
0.942478
1.18762
1.33923
1.41299
1.42594
1.3947
1.3338
1.25474
1.16595
1.07334
0.980905
0.891304
0.806195
0.726538
0.652802
0.585105
0.523337
0.467209
0.416355
0.370331
0.328642
0.29098
0.256808
0.225683
0.197319
0.171633
0.148371
0.127231
0.108123
0.0905311
0.0747584
0.0596539
0.0469023
0.033222
0.0242162
0.0109451
0.00661402
-12.0286
-12.1194
-12.1631
-12.1918
-12.2167
-12.256
-12.3184
-12.409
-12.5267
-12.6666
-12.8211
-12.9817
-13.14
-13.2891
-13.424
-13.5414
-13.6393
-13.7173
-13.7756
-13.815
-13.8365
-13.8412
-13.8303
-13.8047
-13.7654
-13.7128
-13.6477
-13.5703
-13.481
-13.3799
-13.2671
-13.1426
-13.0065
-12.8587
-12.6991
-12.5275
-12.3434
-12.1463
-11.9353
-11.7093
-11.4669
-11.2064
-10.9258
-10.6228
-10.2948
-9.93916
-9.55272
-9.13246
-8.67533
-8.17855
-7.63982
-7.05766
-6.43186
-5.76391
-5.05766
-4.32004
-3.56174
-2.79783
-2.04792
-1.33545
-0.685251
-0.119555
0.346632
0.708107
0.96843
1.13713
1.22809
1.25812
1.24413
1.20044
1.13796
1.06458
0.985893
0.905799
0.826973
0.751185
0.679539
0.612659
0.55081
0.494018
0.442114
0.394834
0.351801
0.312627
0.277147
0.244989
0.2159
0.189425
0.165342
0.143438
0.123428
0.105196
0.0883669
0.0730823
0.0586413
0.0458749
0.0332797
0.022858
0.0130197
0.00186081
-12.0174
-12.0939
-12.1325
-12.1594
-12.1856
-12.2261
-12.2886
-12.3779
-12.4932
-12.63
-12.7813
-12.939
-13.0953
-13.2435
-13.3785
-13.4971
-13.5972
-13.678
-13.7396
-13.7826
-13.8077
-13.8159
-13.8083
-13.7856
-13.7486
-13.6982
-13.6348
-13.5588
-13.4706
-13.3706
-13.2589
-13.1357
-13.0011
-12.8552
-12.6979
-12.5292
-12.3486
-12.1556
-11.9495
-11.729
-11.4929
-11.2395
-10.9667
-10.6722
-10.3534
-10.0075
-9.63144
-9.22195
-8.77594
-8.29052
-7.76326
-7.19257
-6.5781
-5.92125
-5.2258
-4.49868
-3.75064
-2.99684
-2.25694
-1.55396
-0.911555
-0.349809
0.118477
0.488308
0.760621
0.942468
1.04771
1.0938
1.09715
1.07093
1.02506
0.966889
0.901774
0.833606
0.765149
0.698309
0.634349
0.574047
0.517821
0.465832
0.418042
0.374301
0.334359
0.29792
0.264791
0.234614
0.207155
0.182062
0.159175
0.138307
0.119218
0.101767
0.0856883
0.0709442
0.0572343
0.0446119
0.0331741
0.0216576
0.0148794
-0.00201134
-12.0055
-12.0669
-12.1015
-12.1273
-12.153
-12.1916
-12.2502
-12.334
-12.443
-12.5738
-12.7203
-12.8748
-13.0297
-13.1784
-13.3155
-13.4374
-13.5416
-13.6271
-13.6935
-13.741
-13.7704
-13.7823
-13.7778
-13.7577
-13.7228
-13.6738
-13.6115
-13.5362
-13.4486
-13.349
-13.2378
-13.1152
-12.9816
-12.837
-12.6815
-12.515
-12.3373
-12.1478
-11.9457
-11.7299
-11.4991
-11.2516
-10.9854
-10.698
-10.3869
-10.049
-9.68131
-9.2805
-8.84341
-8.36706
-7.84901
-7.28763
-6.68259
-6.03536
-5.34988
-4.63329
-3.89661
-3.15526
-2.42871
-1.73902
-1.10769
-0.551935
-0.083399
0.290474
0.56818
0.757807
0.874843
0.936141
0.956254
0.946761
0.916654
0.872834
0.820528
0.763636
0.705012
0.646692
0.590079
0.536095
0.48529
0.43795
0.394148
0.353832
0.316837
0.282952
0.252021
0.223768
0.197996
0.174421
0.15286
0.133128
0.115028
0.0983928
0.0830653
0.0688546
0.0558292
0.0433408
0.0329149
0.0204384
0.0162902
-0.00533966
-12.0471
-12.0834
-12.0987
-12.1102
-12.1261
-12.1559
-12.2055
-12.28
-12.3802
-12.5036
-12.6445
-12.7958
-12.9499
-13.0999
-13.2401
-13.3662
-13.4753
-13.5659
-13.6373
-13.6894
-13.7228
-13.7381
-13.7362
-13.7182
-13.6847
-13.6367
-13.5749
-13.4999
-13.4124
-13.3128
-13.2018
-13.0796
-12.9466
-12.803
-12.6489
-12.4844
-12.3091
-12.1225
-11.9239
-11.7122
-11.4859
-11.2435
-10.9827
-10.7012
-10.3962
-10.0648
-9.70372
-9.30974
-8.87961
-8.41036
-7.89956
-7.34568
-6.74852
-6.10978
-5.43371
-4.72784
-4.00356
-3.27636
-2.56514
-1.89018
-1.27014
-0.720736
-0.25594
0.114554
0.391615
0.586477
0.714386
0.78987
0.825344
0.831052
0.815269
0.784549
0.743994
0.6975
0.647991
0.597606
0.547871
0.499825
0.45414
0.411208
0.371206
0.334168
0.300015
0.268607
0.239818
0.213423
0.189255
0.167078
0.146729
0.128042
0.11086
0.0949961
0.080389
0.0667055
0.0543445
0.0420299
0.0325502
0.0192978
0.0174401
-0.00809539
-12.0062
-12.0434
-12.0616
-12.073
-12.0843
-12.1061
-12.1457
-12.2097
-12.3002
-12.4161
-12.5521
-12.7013
-12.8558
-13.0082
-13.1522
-13.2831
-13.3974
-13.4931
-13.5692
-13.6255
-13.6624
-13.6805
-13.6809
-13.6645
-13.6321
-13.5847
-13.5231
-13.4482
-13.3607
-13.2611
-13.1502
-13.0283
-12.896
-12.7534
-12.6007
-12.4379
-12.2648
-12.081
-11.8855
-11.6773
-11.455
-11.2167
-10.9605
-10.6837
-10.3837
-10.0574
-9.70146
-9.31271
-8.8879
-8.4241
-7.919
-7.37122
-6.78082
-6.14983
-5.48294
-4.78812
-4.07703
-3.36487
-2.66927
-2.00815
-1.39885
-0.859404
-0.405865
-0.0444743
0.230322
0.430277
0.56825
0.656331
0.705299
0.724407
0.72135
0.702372
0.672436
0.635413
0.594262
0.551199
0.507843
0.465336
0.424447
0.385662
0.349247
0.315312
0.283852
0.254785
0.228025
0.203399
0.180768
0.159939
0.140768
0.123096
0.106805
0.0916896
0.0777757
0.0646027
0.052867
0.0407349
0.0321086
0.0182136
0.0183373
-0.0104045
-12.1203
-12.1068
-12.0868
-12.0662
-12.0529
-12.0525
-12.0725
-12.1205
-12.1993
-12.3079
-12.4406
-12.5897
-12.7465
-12.9028
-13.0516
-13.1875
-13.3068
-13.4072
-13.4875
-13.5474
-13.5873
-13.6079
-13.6102
-13.595
-13.5635
-13.5167
-13.4555
-13.3809
-13.2936
-13.1943
-13.0838
-12.9625
-12.831
-12.6896
-12.5384
-12.3775
-12.2066
-12.0253
-11.8326
-11.6276
-11.4086
-11.174
-10.9215
-10.6485
-10.3524
-10.0299
-9.67791
-9.29308
-8.87225
-8.41262
-7.91203
-7.36935
-6.78498
-6.16139
-5.5037
-4.82023
-4.12259
-3.42513
-2.74376
-2.0956
-1.5004
-0.978076
-0.540661
-0.188598
0.0850862
0.290079
0.436831
0.535692
0.596263
0.627008
0.635125
0.626562
0.606134
0.577659
0.544107
0.507744
0.470258
0.432871
0.396437
0.361521
0.328463
0.297443
0.268517
0.241659
0.216818
0.193865
0.172689
0.153131
0.135069
0.118355
0.102904
0.088498
0.0752399
0.0625557
0.0514061
0.0394656
0.0316131
0.0171975
0.0190395
-0.0123254
-11.9638
-12.0044
-12.0103
-11.9943
-11.9703
-11.9553
-11.9622
-12.0013
-12.0753
-12.1827
-12.3168
-12.469
-12.6298
-12.7904
-12.9436
-13.0837
-13.2069
-13.3108
-13.3941
-13.4568
-13.499
-13.5214
-13.5251
-13.511
-13.4804
-13.4343
-13.3738
-13.2997
-13.213
-13.1145
-13.0048
-12.8846
-12.7543
-12.6143
-12.4648
-12.3059
-12.1372
-11.9582
-11.7682
-11.5659
-11.3499
-11.1182
-10.8687
-10.5987
-10.3055
-9.98591
-9.63674
-9.25474
-8.83686
-8.38042
-7.88351
-7.34532
-6.76663
-6.15033
-5.50192
-4.82975
-4.1449
-3.46067
-2.79285
-2.161
-1.58646
-1.08513
-0.662749
-0.317585
-0.0441388
0.16521
0.319297
0.427236
0.497701
0.538493
0.556366
0.556992
0.545031
0.52423
0.49755
0.467283
0.435169
0.402493
0.370174
0.338845
0.308911
0.280611
0.254055
0.229265
0.206224
0.184843
0.165036
0.146674
0.129656
0.113846
0.0991887
0.0854519
0.0728108
0.0605899
0.0499843
0.0382376
0.0310803
0.0162453
0.0195735
-0.0139274
-12.2969
-12.1816
-12.0855
-12.0023
-11.9357
-11.8897
-11.8744
-11.8981
-11.9639
-12.0684
-12.2028
-12.3568
-12.5199
-12.6829
-12.8383
-12.9804
-13.1053
-13.2107
-13.2955
-13.3593
-13.4024
-13.4256
-13.4301
-13.4168
-13.3869
-13.3416
-13.2819
-13.2087
-13.1229
-13.0255
-12.9169
-12.798
-12.6692
-12.5309
-12.3832
-12.2263
-12.0597
-11.883
-11.6953
-11.4954
-11.2818
-11.0525
-10.8052
-10.5375
-10.2464
-9.92884
-9.58166
-9.20168
-8.78598
-8.33211
-7.83841
-7.30442
-6.73129
-6.12224
-5.48282
-4.82111
-4.14775
-3.47657
-2.82568
-2.21591
-1.66493
-1.18251
-0.771789
-0.431789
-0.158527
0.0543182
0.214447
0.330002
0.408889
0.458342
0.484716
0.493427
0.488978
0.47504
0.454548
0.429806
0.402587
0.374222
0.345687
0.317668
0.290627
0.264851
0.2405
0.217638
0.196278
0.176365
0.15784
0.140596
0.124556
0.109591
0.0956761
0.0825669
0.0705017
0.0587164
0.048612
0.037058
0.0305213
0.0153544
0.0199624
-0.0152633
-11.7384
-11.8589
-11.8573
-11.83
-11.7817
-11.7469
-11.7418
-11.7817
-11.8584
-11.9704
-12.1092
-12.2649
-12.428
-12.5902
-12.7444
-12.8854
-13.0093
-13.1139
-13.198
-13.2613
-13.3041
-13.3272
-13.3317
-13.3186
-13.2892
-13.2444
-13.1853
-13.113
-13.0282
-12.9318
-12.8246
-12.7071
-12.5798
-12.4431
-12.2972
-12.1421
-11.9775
-11.8027
-11.617
-11.419
-11.2073
-10.9797
-10.7342
-10.468
-10.1783
-9.86207
-9.5162
-9.13764
-8.72364
-8.27196
-7.78125
-7.25135
-6.68364
-6.08139
-5.45009
-4.79791
-4.13653
-3.48182
-2.85279
-2.26711
-1.73708
-1.2697
-0.86825
-0.532638
-0.259748
-0.0441569
0.120943
0.242902
0.328977
0.385906
0.419693
0.435513
0.437722
0.42991
0.414977
0.395226
0.372453
0.348023
0.322954
0.297979
0.273605
0.250165
0.227858
0.206783
0.186986
0.16844
0.151107
0.134906
0.119776
0.105599
0.092376
0.0798518
0.0683209
0.0569428
0.0472968
0.0359321
0.0299445
0.0145218
0.0202221
-0.0163774
-12.7462
-12.1386
-12.0431
-11.8952
-11.7728
-11.704
-11.685
-11.7097
-11.785
-11.8959
-12.0338
-12.1887
-12.3505
-12.5108
-12.6627
-12.8011
-12.9225
-13.0248
-13.1068
-13.1684
-13.2099
-13.232
-13.2357
-13.2222
-13.1926
-13.1479
-13.0891
-13.0173
-12.9333
-12.8378
-12.7316
-12.6153
-12.4894
-12.3541
-12.2098
-12.0562
-11.8931
-11.72
-11.5357
-11.3392
-11.1287
-10.9024
-10.6578
-10.3925
-10.1036
-9.78811
-9.44298
-9.06531
-8.65253
-8.20265
-7.71455
-7.18831
-6.62547
-6.02951
-5.40635
-4.76523
-4.11938
-3.48529
-2.87945
-2.31517
-1.80213
-1.34703
-0.953462
-0.621766
-0.349406
-0.131665
0.0375423
0.164906
0.257132
0.320528
0.360784
0.382857
0.390965
0.388613
0.378664
0.363414
0.344668
0.323819
0.301918
0.279734
0.257814
0.236526
0.216106
0.196686
0.178337
0.161058
0.144833
0.1296
0.115315
0.101871
0.0892897
0.0773088
0.0662718
0.0552726
0.046044
0.0348634
0.0293595
0.0137446
0.0203732
-0.0173065
)
;

boundaryField
{
    outlet
    {
        type            fixedValue;
        value           uniform 0;
    }
    inlet
    {
        type            zeroGradient;
    }
    lowerWall
    {
        type            zeroGradient;
    }
    upperWall
    {
        type            zeroGradient;
    }
    frontAndBack
    {
        type            empty;
    }
}


// ************************************************************************* //
