/*--------------------------------*- C++ -*----------------------------------*\
  =========                 |
  \\      /  F ield         | OpenFOAM: The Open Source CFD Toolbox
   \\    /   O peration     | Website:  https://openfoam.org
    \\  /    A nd           | Version:  10
     \\/     M anipulation  |
\*---------------------------------------------------------------------------*/
FoamFile
{
    format      ascii;
    class       volScalarField;
    location    "0.05";
    object      nut;
}
// * * * * * * * * * * * * * * * * * * * * * * * * * * * * * * * * * * * * * //

dimensions      [0 2 -1 0 0 0 0];

internalField   nonuniform List<scalar> 
6820
(
0.000149484
0.000144853
0.000140581
0.000136577
0.000132833
0.000129377
0.000126234
0.000123417
0.000120922
0.000118736
0.000116838
0.000115203
0.000113808
0.000112627
0.000111639
0.000110821
0.000110156
0.000109625
0.000109213
0.000108907
0.000108693
0.000108561
0.000108501
0.000108505
0.000108565
0.000108675
0.000108825
0.000109031
0.000109198
0.000109749
0.000108686
0.000115377
8.58179e-05
0.000729198
0.000532391
0.000448011
0.000399706
0.00036838
0.000346732
0.000331089
0.000319361
0.000310274
0.000303025
0.000297094
0.000292133
0.000287906
0.000284251
0.000281048
0.000278211
0.000275676
0.000273393
0.000271322
0.000269433
0.000267702
0.000266107
0.000264633
0.000263266
0.000261995
0.000260809
0.000259704
0.000258668
0.000257712
0.000256814
0.000256046
0.00025516
0.000256508
0.000976776
0.000872181
0.000781622
0.000711263
0.000657318
0.000615278
0.000581708
0.00055425
0.000531315
0.000511822
0.00049501
0.000480331
0.000467381
0.000455855
0.000445518
0.000436184
0.000427708
0.000419971
0.000412878
0.000406347
0.000400311
0.000394714
0.000389505
0.000384642
0.000380085
0.000375799
0.000371751
0.00036791
0.000364236
0.000360705
0.000357235
0.000353773
0.00034994
0.00101349
0.00098823
0.000949374
0.000906193
0.000864425
0.000826383
0.000792552
0.000762666
0.000736232
0.000712738
0.000691732
0.000672828
0.000655711
0.000640122
0.000625849
0.000612717
0.000600582
0.000589323
0.000578841
0.000569049
0.000559875
0.000551255
0.000543134
0.000535463
0.000528199
0.000521301
0.000514732
0.000508457
0.000502436
0.000496641
0.000491005
0.00048555
0.000480006
0.00101671
0.00101241
0.00100191
0.000985661
0.000965604
0.000943712
0.000921423
0.000899612
0.00087875
0.000859044
0.000840554
0.000823257
0.00080709
0.000791973
0.000777819
0.000764546
0.000752073
0.00074033
0.000729249
0.000718773
0.000708846
0.000699422
0.000690457
0.000681909
0.000673744
0.000665925
0.00065842
0.000651198
0.000644223
0.000637469
0.000630887
0.000624462
0.000618112
0.00101676
0.00101592
0.0010136
0.00100903
0.00100204
0.00099292
0.000982191
0.000970398
0.000958007
0.000945378
0.000932767
0.000920351
0.000908242
0.000896508
0.000885186
0.000874293
0.000863829
0.000853787
0.000844153
0.00083491
0.000826039
0.000817518
0.000809326
0.000801442
0.000793845
0.000786513
0.000779423
0.000772555
0.000765883
0.000759387
0.000753036
0.00074681
0.000740677
0.00101671
0.00101623
0.00101553
0.00101428
0.00101219
0.0010091
0.00100497
0.000999892
0.000994021
0.000987523
0.000980562
0.000973286
0.000965818
0.000958256
0.000950679
0.000943147
0.000935702
0.000928377
0.000921195
0.000914171
0.000907312
0.000900624
0.000894107
0.000887759
0.000881575
0.000875547
0.000869669
0.000863929
0.000858317
0.00085282
0.000847425
0.000842119
0.00083689
0.0010167
0.00101622
0.00101574
0.00101518
0.00101442
0.00101335
0.00101188
0.00100995
0.00100756
0.00100471
0.00100145
0.00099783
0.000993914
0.000989757
0.000985412
0.000980928
0.000976348
0.000971706
0.000967033
0.000962354
0.000957688
0.000953052
0.000948456
0.00094391
0.00093942
0.00093499
0.000930621
0.000926314
0.000922067
0.000917878
0.000913744
0.000909662
0.000905633
0.0010167
0.00101621
0.00101575
0.00101528
0.0010148
0.00101425
0.00101359
0.00101279
0.00101179
0.00101059
0.00100918
0.00100754
0.00100569
0.00100365
0.00100144
0.000999069
0.000996568
0.000993956
0.000991251
0.000988473
0.000985638
0.00098276
0.000979852
0.000976924
0.000973986
0.000971044
0.000968105
0.000965174
0.000962255
0.000959351
0.000956466
0.000953604
0.000950773
0.0010167
0.00101621
0.00101574
0.00101529
0.00101484
0.00101439
0.00101393
0.00101344
0.0010129
0.00101229
0.0010116
0.00101082
0.00100994
0.00100895
0.00100787
0.00100668
0.0010054
0.00100404
0.00100259
0.00100107
0.000999486
0.000997847
0.00099616
0.000994431
0.000992669
0.000990878
0.000989065
0.000987235
0.000985393
0.000983546
0.000981698
0.000979857
0.000978031
0.0010167
0.00101621
0.00101574
0.00101528
0.00101484
0.00101441
0.00101398
0.00101356
0.00101313
0.0010127
0.00101224
0.00101176
0.00101125
0.0010107
0.00101011
0.00100947
0.00100879
0.00100806
0.00100728
0.00100646
0.00100559
0.00100469
0.00100375
0.00100278
0.00100177
0.00100074
0.000999683
0.000998608
0.000997518
0.000996418
0.000995314
0.000994212
0.000993121
0.0010167
0.00101621
0.00101574
0.00101528
0.00101484
0.0010144
0.00101398
0.00101357
0.00101317
0.00101278
0.00101238
0.00101199
0.0010116
0.00101119
0.00101078
0.00101036
0.00100992
0.00100946
0.00100899
0.0010085
0.00100799
0.00100745
0.0010069
0.00100634
0.00100575
0.00100515
0.00100454
0.00100391
0.00100328
0.00100264
0.001002
0.00100137
0.00100075
0.0010167
0.00101621
0.00101574
0.00101528
0.00101483
0.0010144
0.00101398
0.00101357
0.00101317
0.00101278
0.0010124
0.00101203
0.00101167
0.00101131
0.00101095
0.0010106
0.00101025
0.00100989
0.00100954
0.00100918
0.00100881
0.00100844
0.00100807
0.00100769
0.00100731
0.00100692
0.00100653
0.00100614
0.00100575
0.00100536
0.00100498
0.0010046
0.00100425
0.0010167
0.00101621
0.00101574
0.00101528
0.00101483
0.0010144
0.00101398
0.00101357
0.00101317
0.00101278
0.00101241
0.00101204
0.00101168
0.00101133
0.00101099
0.00101065
0.00101033
0.00101
0.00100969
0.00100937
0.00100906
0.00100876
0.00100845
0.00100815
0.00100786
0.00100756
0.00100727
0.00100699
0.00100671
0.00100644
0.00100617
0.00100593
0.0010057
0.0010167
0.00101621
0.00101574
0.00101528
0.00101483
0.0010144
0.00101398
0.00101357
0.00101317
0.00101278
0.0010124
0.00101204
0.00101168
0.00101133
0.00101099
0.00101066
0.00101034
0.00101003
0.00100972
0.00100942
0.00100913
0.00100884
0.00100856
0.00100829
0.00100803
0.00100777
0.00100752
0.00100727
0.00100704
0.00100682
0.00100661
0.00100642
0.00100625
0.0010167
0.00101621
0.00101574
0.00101528
0.00101483
0.0010144
0.00101397
0.00101356
0.00101317
0.00101278
0.0010124
0.00101203
0.00101168
0.00101133
0.00101099
0.00101066
0.00101034
0.00101003
0.00100972
0.00100943
0.00100914
0.00100886
0.00100859
0.00100833
0.00100807
0.00100783
0.00100759
0.00100736
0.00100714
0.00100694
0.00100675
0.00100658
0.00100643
0.0010167
0.00101621
0.00101574
0.00101528
0.00101483
0.0010144
0.00101397
0.00101356
0.00101316
0.00101278
0.0010124
0.00101203
0.00101167
0.00101132
0.00101099
0.00101066
0.00101034
0.00101003
0.00100972
0.00100943
0.00100914
0.00100886
0.0010086
0.00100833
0.00100808
0.00100784
0.00100761
0.00100738
0.00100717
0.00100697
0.00100679
0.00100662
0.00100647
0.0010167
0.00101621
0.00101574
0.00101528
0.00101483
0.0010144
0.00101397
0.00101356
0.00101316
0.00101277
0.0010124
0.00101203
0.00101167
0.00101132
0.00101098
0.00101065
0.00101033
0.00101002
0.00100972
0.00100943
0.00100914
0.00100886
0.00100859
0.00100833
0.00100808
0.00100784
0.00100761
0.00100739
0.00100718
0.00100698
0.0010068
0.00100663
0.00100648
0.0010167
0.00101621
0.00101574
0.00101528
0.00101483
0.00101439
0.00101397
0.00101356
0.00101316
0.00101277
0.00101239
0.00101203
0.00101167
0.00101132
0.00101098
0.00101065
0.00101033
0.00101002
0.00100972
0.00100942
0.00100914
0.00100886
0.00100859
0.00100833
0.00100808
0.00100784
0.00100761
0.00100739
0.00100718
0.00100698
0.00100679
0.00100662
0.00100647
0.0010167
0.00101621
0.00101574
0.00101528
0.00101483
0.00101439
0.00101397
0.00101356
0.00101316
0.00101277
0.00101239
0.00101203
0.00101167
0.00101132
0.00101098
0.00101065
0.00101033
0.00101002
0.00100972
0.00100942
0.00100914
0.00100886
0.00100859
0.00100833
0.00100808
0.00100784
0.00100761
0.00100738
0.00100717
0.00100697
0.00100679
0.00100661
0.00100646
0.0010167
0.00101621
0.00101574
0.00101528
0.00101483
0.00101439
0.00101397
0.00101356
0.00101316
0.00101277
0.00101239
0.00101202
0.00101167
0.00101132
0.00101098
0.00101065
0.00101033
0.00101002
0.00100971
0.00100942
0.00100913
0.00100886
0.00100859
0.00100833
0.00100808
0.00100783
0.0010076
0.00100738
0.00100717
0.00100697
0.00100678
0.0010066
0.00100644
0.0010167
0.00101621
0.00101574
0.00101528
0.00101483
0.00101439
0.00101397
0.00101356
0.00101316
0.00101277
0.00101239
0.00101202
0.00101166
0.00101132
0.00101098
0.00101065
0.00101033
0.00101001
0.00100971
0.00100942
0.00100913
0.00100885
0.00100858
0.00100832
0.00100807
0.00100783
0.0010076
0.00100737
0.00100716
0.00100696
0.00100676
0.00100659
0.00100642
0.0010167
0.00101621
0.00101574
0.00101528
0.00101483
0.00101439
0.00101397
0.00101356
0.00101316
0.00101277
0.00101239
0.00101202
0.00101166
0.00101131
0.00101097
0.00101064
0.00101032
0.00101001
0.00100971
0.00100941
0.00100913
0.00100885
0.00100858
0.00100832
0.00100807
0.00100782
0.00100759
0.00100736
0.00100715
0.00100694
0.00100675
0.00100657
0.0010064
0.0010167
0.00101621
0.00101574
0.00101528
0.00101483
0.00101439
0.00101397
0.00101356
0.00101316
0.00101277
0.00101239
0.00101202
0.00101166
0.00101131
0.00101097
0.00101064
0.00101032
0.00101001
0.00100971
0.00100941
0.00100912
0.00100885
0.00100858
0.00100831
0.00100806
0.00100782
0.00100758
0.00100736
0.00100714
0.00100693
0.00100674
0.00100655
0.00100638
0.0010167
0.00101621
0.00101574
0.00101528
0.00101483
0.00101439
0.00101397
0.00101356
0.00101316
0.00101277
0.00101239
0.00101202
0.00101166
0.00101131
0.00101097
0.00101064
0.00101032
0.00101001
0.0010097
0.00100941
0.00100912
0.00100884
0.00100857
0.00100831
0.00100806
0.00100781
0.00100757
0.00100735
0.00100713
0.00100692
0.00100672
0.00100653
0.00100635
0.0010167
0.00101621
0.00101574
0.00101528
0.00101483
0.00101439
0.00101397
0.00101356
0.00101316
0.00101277
0.00101239
0.00101202
0.00101166
0.00101131
0.00101097
0.00101064
0.00101032
0.00101
0.0010097
0.0010094
0.00100912
0.00100884
0.00100857
0.0010083
0.00100805
0.0010078
0.00100756
0.00100734
0.00100712
0.0010069
0.0010067
0.00100651
0.00100633
0.0010167
0.00101621
0.00101574
0.00101528
0.00101483
0.00101439
0.00101397
0.00101356
0.00101316
0.00101277
0.00101239
0.00101202
0.00101166
0.00101131
0.00101097
0.00101064
0.00101032
0.00101
0.0010097
0.0010094
0.00100911
0.00100883
0.00100856
0.0010083
0.00100804
0.00100779
0.00100756
0.00100732
0.0010071
0.00100689
0.00100668
0.00100649
0.0010063
0.0010167
0.00101621
0.00101574
0.00101528
0.00101483
0.00101439
0.00101397
0.00101356
0.00101316
0.00101277
0.00101239
0.00101202
0.00101166
0.00101131
0.00101097
0.00101064
0.00101031
0.00101
0.0010097
0.0010094
0.00100911
0.00100883
0.00100856
0.00100829
0.00100804
0.00100779
0.00100755
0.00100731
0.00100709
0.00100687
0.00100667
0.00100647
0.00100628
0.0010167
0.00101621
0.00101574
0.00101528
0.00101483
0.00101439
0.00101397
0.00101356
0.00101316
0.00101277
0.00101239
0.00101202
0.00101166
0.00101131
0.00101097
0.00101064
0.00101031
0.00101
0.00100969
0.0010094
0.00100911
0.00100883
0.00100855
0.00100829
0.00100803
0.00100778
0.00100754
0.0010073
0.00100708
0.00100686
0.00100665
0.00100645
0.00100626
0.0010167
0.00101621
0.00101574
0.00101528
0.00101483
0.00101439
0.00101397
0.00101356
0.00101316
0.00101277
0.00101239
0.00101202
0.00101166
0.00101131
0.00101097
0.00101064
0.00101031
0.00101
0.00100969
0.00100939
0.0010091
0.00100882
0.00100855
0.00100828
0.00100802
0.00100777
0.00100753
0.00100729
0.00100707
0.00100685
0.00100663
0.00100643
0.00100624
0.0010167
0.00101621
0.00101574
0.00101528
0.00101483
0.00101439
0.00101397
0.00101356
0.00101316
0.00101277
0.00101239
0.00101202
0.00101166
0.00101131
0.00101097
0.00101064
0.00101031
0.00101
0.00100969
0.00100939
0.0010091
0.00100882
0.00100855
0.00100828
0.00100802
0.00100777
0.00100752
0.00100728
0.00100705
0.00100683
0.00100662
0.00100641
0.00100621
0.0010167
0.00101621
0.00101574
0.00101528
0.00101483
0.0010144
0.00101397
0.00101356
0.00101316
0.00101277
0.0010124
0.00101203
0.00101167
0.00101132
0.00101097
0.00101064
0.00101032
0.00101
0.00100969
0.00100939
0.0010091
0.00100882
0.00100854
0.00100827
0.001008
0.00100775
0.0010075
0.00100725
0.00100702
0.00100679
0.00100656
0.00100635
0.00100614
0.0010167
0.00101621
0.00101574
0.00101528
0.00101483
0.0010144
0.00101398
0.00101357
0.00101317
0.00101278
0.0010124
0.00101203
0.00101167
0.00101132
0.00101097
0.00101064
0.00101031
0.00100999
0.00100967
0.00100936
0.00100906
0.00100876
0.00100847
0.00100818
0.0010079
0.00100762
0.00100735
0.00100708
0.00100682
0.00100656
0.00100631
0.00100606
0.00100582
0.0010167
0.00101621
0.00101574
0.00101529
0.00101484
0.00101441
0.001014
0.00101359
0.00101318
0.00101279
0.0010124
0.00101202
0.00101164
0.00101127
0.0010109
0.00101053
0.00101016
0.0010098
0.00100943
0.00100907
0.0010087
0.00100833
0.00100796
0.00100759
0.00100722
0.00100685
0.00100647
0.00100609
0.00100571
0.00100533
0.00100495
0.00100457
0.00100419
0.0010167
0.00101622
0.00101575
0.0010153
0.00101485
0.00101441
0.00101397
0.00101353
0.00101308
0.00101262
0.00101215
0.00101166
0.00101116
0.00101064
0.00101009
0.00100952
0.00100893
0.00100832
0.00100768
0.00100703
0.00100634
0.00100564
0.00100492
0.00100418
0.00100342
0.00100264
0.00100185
0.00100105
0.00100023
0.000999403
0.000998567
0.000997722
0.000996872
0.00101671
0.00101622
0.00101574
0.00101524
0.00101469
0.00101407
0.00101337
0.00101258
0.00101168
0.00101068
0.00100957
0.00100834
0.00100702
0.00100559
0.00100406
0.00100244
0.00100074
0.000998971
0.000997131
0.000995231
0.000993279
0.000991284
0.000989251
0.000987188
0.000985101
0.000982997
0.000980881
0.000978758
0.000976634
0.000974512
0.000972397
0.000970294
0.000968205
0.00101671
0.001016
0.00101488
0.00101326
0.00101113
0.0010085
0.00100535
0.00100174
0.000997694
0.000993266
0.000988511
0.000983482
0.000978232
0.000972807
0.000967253
0.000961609
0.000955911
0.000950188
0.000944469
0.000938776
0.00093313
0.000927546
0.000922041
0.000916625
0.000911309
0.000906101
0.000901008
0.000896037
0.000891191
0.000886475
0.00088189
0.000877439
0.000873123
0.0010153
0.00100707
0.000995531
0.000981445
0.000965437
0.000948118
0.000930045
0.000911667
0.000893317
0.000875234
0.000857583
0.000840473
0.000823971
0.000808115
0.000792917
0.000778379
0.000764488
0.000751228
0.000738575
0.000726504
0.00071499
0.000704004
0.000693521
0.000683513
0.000673954
0.000664821
0.000656089
0.000647735
0.000639737
0.000632075
0.000624728
0.000617677
0.000610904
0.000935928
0.000815546
0.000728177
0.000659229
0.000602322
0.000555041
0.000515488
0.000482077
0.000453557
0.000428964
0.000407555
0.000388759
0.00037213
0.000357317
0.000344043
0.000332083
0.000321255
0.000311408
0.000302418
0.000294182
0.00028661
0.000279629
0.000273173
0.000267188
0.000261627
0.000256447
0.000251613
0.000247093
0.000242858
0.000238885
0.000235151
0.000231637
0.000228325
0.000125477
0.000128847
0.000132096
0.000135204
0.000138174
0.000141008
0.000143711
0.000146289
0.000148745
0.000151084
0.00015331
0.000155427
0.000157439
0.000159351
0.000161167
0.00016289
0.000164525
0.000166076
0.000167545
0.000168938
0.000170257
0.000171505
0.000172687
0.000173804
0.000174861
0.000175859
0.000176803
0.000177693
0.000178534
0.000179327
0.000180074
0.000180778
0.000181441
0.000109979
0.000158219
0.000215707
0.000280026
0.00034398
0.000401195
0.000451711
0.000500965
0.000554592
0.000614569
0.000678919
0.000743824
0.000805758
0.000862301
0.000911853
0.000952899
0.000984516
0.00100561
0.00101494
0.00101114
0.000992765
0.000958257
0.000906136
0.000835384
0.000746452
0.000643344
0.000537271
0.000451471
0.000425787
0.000515432
0.000731484
0.000959688
0.00112859
0.00125756
0.00136424
0.00145351
0.00152657
0.00158453
0.00162907
0.00166223
0.00168618
0.00170293
0.00171428
0.00172173
0.00172654
0.00172973
0.00173217
0.00173463
0.00173782
0.00174242
0.00174907
0.00175821
0.00177002
0.00178426
0.00180024
0.0018169
0.00183294
0.00184698
0.00185759
0.0018634
0.00186301
0.0018551
0.00183852
0.00181246
0.00177658
0.00173114
0.001677
0.00161568
0.00154923
0.00148012
0.00141102
0.00134453
0.0012828
0.00122738
0.00117905
0.00113801
0.00110403
0.0010766
0.00105499
0.0010383
0.00102557
0.00101593
0.00100861
0.00100305
0.00099883
0.000995641
0.000993248
0.000991468
0.000990157
0.000989201
0.000988513
0.000988025
0.000987686
0.000987456
0.000987305
0.000987211
0.000987156
0.00098713
0.00098712
0.000987126
0.000246098
0.000211099
0.00017631
0.000164895
0.000180624
0.000218338
0.000270303
0.000328414
0.000386506
0.000441646
0.000493567
0.000542982
0.000590143
0.000634335
0.000674024
0.000707593
0.00073334
0.000749735
0.000755416
0.000749054
0.00072933
0.000695135
0.000646113
0.000583672
0.00051272
0.000444229
0.00039842
0.000407834
0.000511131
0.000702161
0.000899503
0.00105703
0.00118346
0.00128991
0.00138031
0.00145586
0.00151746
0.00156631
0.00160394
0.00163206
0.00165243
0.00166671
0.00167636
0.00168265
0.0016866
0.00168909
0.00169085
0.00169253
0.00169478
0.0016982
0.00170343
0.00171095
0.00172107
0.0017337
0.00174834
0.00176408
0.00177974
0.00179403
0.00180559
0.00181305
0.00181501
0.0018101
0.00179707
0.00177498
0.00174334
0.00170223
0.0016524
0.00159519
0.00153254
0.00146684
0.00140071
0.00133671
0.00127705
0.00122332
0.00117637
0.00113644
0.0011033
0.00107644
0.00105517
0.00103864
0.00102598
0.00101634
0.00100901
0.00100344
0.000999216
0.000996019
0.000993616
0.000991823
0.000990497
0.000989526
0.000988824
0.000988322
0.000987969
0.000987727
0.000987565
0.00098746
0.000987397
0.000987362
0.000987345
0.000987343
0.000347369
0.000352221
0.000369827
0.000363449
0.000295222
0.000222644
0.000189322
0.000190673
0.000214586
0.000251991
0.000296181
0.000342068
0.000385997
0.000425601
0.000459077
0.000485387
0.000504057
0.000514528
0.00051602
0.000507751
0.00048937
0.000461568
0.000426964
0.000391379
0.000365597
0.000367558
0.000422282
0.000546146
0.000712837
0.00087348
0.0010107
0.00112794
0.00122924
0.0013166
0.00139109
0.0014535
0.0015046
0.00154537
0.00157698
0.00160077
0.00161813
0.00163037
0.00163866
0.00164405
0.00164737
0.00164937
0.00165066
0.00165179
0.00165331
0.00165579
0.00165979
0.00166586
0.00167435
0.00168535
0.0016985
0.00171308
0.00172806
0.00174225
0.00175437
0.00176312
0.00176713
0.00176499
0.00175537
0.00173719
0.00170979
0.0016731
0.00162767
0.0015747
0.001516
0.00145383
0.00139076
0.00132933
0.00127177
0.00121973
0.00117414
0.00113526
0.00110289
0.00107654
0.00105556
0.00103916
0.00102652
0.00101686
0.00100951
0.00100391
0.000999658
0.000996435
0.000994007
0.00099219
0.00099084
0.000989847
0.000989122
0.000988601
0.00098823
0.000987971
0.000987794
0.000987676
0.0009876
0.000987555
0.000987529
0.000987517
0.000473874
0.000469529
0.000477499
0.000519153
0.000617501
0.00070295
0.000606593
0.000425204
0.000299867
0.000238776
0.00021761
0.000218808
0.000232173
0.000251533
0.000272701
0.000292583
0.000308839
0.000320011
0.000325608
0.000326201
0.00032369
0.000321855
0.000327236
0.000350028
0.000403237
0.000495517
0.000618641
0.000750726
0.000876365
0.000990878
0.0010935
0.00118454
0.00126472
0.0013347
0.00139496
0.00144591
0.00148801
0.00152192
0.00154847
0.00156866
0.00158354
0.00159414
0.00160139
0.00160612
0.00160903
0.00161073
0.00161173
0.0016125
0.0016135
0.00161524
0.00161824
0.00162304
0.00163005
0.00163945
0.00165106
0.00166432
0.00167835
0.00169209
0.0017044
0.00171406
0.00171975
0.00172008
0.00171366
0.00169927
0.00167609
0.00164385
0.00160291
0.00155432
0.0014997
0.00144121
0.00138132
0.00132253
0.0012671
0.00121672
0.00117241
0.00113449
0.00110281
0.00107691
0.00105617
0.00103985
0.00102721
0.0010175
0.00101009
0.00100444
0.00100014
0.000996874
0.000994408
0.000992554
0.00099117
0.000990146
0.000989394
0.000988846
0.000988453
0.000988173
0.000987978
0.000987844
0.000987754
0.000987696
0.000987659
0.000987634
0.00061073
0.000602295
0.000594904
0.000594085
0.000615264
0.000680208
0.000797246
0.000924781
0.00092591
0.000767283
0.000582964
0.00044966
0.000369028
0.000324902
0.000303048
0.000294968
0.000295576
0.000302337
0.000314524
0.000333018
0.000360249
0.000399801
0.000455149
0.000527438
0.000613859
0.000708826
0.000806674
0.000902832
0.000994007
0.0010784
0.00115547
0.00122524
0.00128787
0.00134343
0.00139193
0.00143343
0.00146812
0.00149638
0.00151879
0.00153606
0.00154897
0.00155829
0.00156477
0.00156906
0.00157174
0.00157329
0.00157416
0.00157473
0.00157541
0.00157661
0.00157883
0.00158256
0.00158826
0.00159618
0.00160628
0.00161813
0.00163103
0.00164406
0.00165619
0.00166635
0.00167333
0.00167576
0.00167222
0.00166141
0.00164233
0.00161451
0.00157811
0.00153397
0.00148355
0.00142886
0.00137225
0.00131617
0.0012629
0.00121417
0.00117109
0.00113407
0.00110301
0.00107749
0.00105693
0.00104067
0.00102799
0.00101822
0.00101073
0.00100501
0.00100065
0.000997332
0.000994815
0.000992915
0.00099149
0.000990427
0.00098964
0.000989063
0.000988642
0.000988338
0.000988122
0.000987969
0.000987863
0.00098779
0.000987742
0.000987701
0.000733581
0.000725344
0.00071674
0.000707921
0.00070119
0.000703661
0.000726131
0.00077789
0.000851515
0.000915317
0.000929437
0.000876795
0.00078125
0.00067472
0.000600174
0.000554695
0.000530899
0.000524
0.00053132
0.000551431
0.000583482
0.000626609
0.0006795
0.000740212
0.000806293
0.00087513
0.00094436
0.00101215
0.00107727
0.00113896
0.00119675
0.00125033
0.00129938
0.00134362
0.00138279
0.00141676
0.00144552
0.00146927
0.00148838
0.00150334
0.00151472
0.00152309
0.00152904
0.00153307
0.00153565
0.00153719
0.00153805
0.00153857
0.00153907
0.00153992
0.00154155
0.00154444
0.00154902
0.00155563
0.00156431
0.00157477
0.00158645
0.00159855
0.00161021
0.00162049
0.00162831
0.00163242
0.0016314
0.00162386
0.00160868
0.00158516
0.00155327
0.00151361
0.00146746
0.00141665
0.00136341
0.00131012
0.00125904
0.00121197
0.00117008
0.0011339
0.00110339
0.00107821
0.00105781
0.00104158
0.00102886
0.001019
0.00101143
0.00100563
0.00100119
0.000997802
0.000995225
0.000993271
0.000991797
0.00099069
0.000989865
0.000989252
0.000988801
0.00098847
0.00098823
0.000988056
0.000987932
0.000987843
0.000987782
0.000987724
0.000830851
0.000823874
0.000816684
0.000809166
0.000801267
0.000793764
0.000789354
0.00079279
0.000808075
0.000834327
0.000863833
0.000883924
0.000883669
0.000860362
0.00082907
0.000800181
0.000779149
0.000768189
0.000767782
0.000777544
0.000796644
0.00082397
0.00085821
0.000897924
0.000941633
0.000987914
0.0010355
0.00108333
0.00113055
0.00117649
0.00122057
0.00126228
0.00130115
0.00133673
0.00136869
0.00139678
0.0014209
0.00144113
0.00145768
0.00147086
0.00148108
0.00148878
0.00149438
0.0014983
0.00150091
0.00150254
0.0015035
0.00150406
0.00150451
0.00150516
0.00150639
0.00150862
0.0015123
0.00151779
0.0015252
0.00153435
0.00154479
0.00155586
0.00156683
0.0015769
0.00158516
0.00159048
0.00159154
0.00158691
0.00157532
0.00155591
0.00152841
0.0014932
0.00145134
0.00140447
0.00135466
0.00130423
0.00125538
0.00120998
0.00116927
0.00113389
0.0011039
0.00107901
0.00105875
0.00104253
0.00102976
0.00101982
0.00101215
0.00100625
0.00100173
0.000998274
0.00099563
0.000993617
0.000992089
0.000990935
0.000990066
0.000989416
0.000988931
0.000988572
0.000988305
0.000988109
0.000987965
0.00098786
0.000987784
0.000987708
0.000900983
0.000895633
0.000890187
0.000884641
0.000878963
0.000873145
0.000867451
0.000862852
0.000861133
0.00086404
0.000871916
0.00088291
0.000893313
0.000899654
0.000901485
0.000900402
0.000898864
0.0008992
0.000903126
0.000911656
0.000925187
0.000943649
0.000966644
0.000993558
0.00102367
0.0010562
0.00109042
0.00112561
0.00116113
0.0011964
0.00123084
0.00126397
0.00129528
0.00132435
0.00135082
0.00137441
0.00139498
0.0014125
0.00142709
0.00143894
0.00144833
0.00145557
0.00146099
0.00146491
0.00146763
0.00146943
0.00147055
0.00147124
0.00147174
0.00147231
0.00147328
0.00147505
0.00147802
0.00148258
0.0014889
0.00149688
0.00150615
0.00151617
0.0015263
0.00153591
0.00154424
0.00155035
0.00155302
0.00155085
0.00154249
0.0015269
0.0015036
0.00147274
0.00143512
0.0013922
0.00134589
0.00129836
0.00125179
0.00120807
0.00116855
0.00113395
0.00110445
0.00107983
0.00105969
0.00104348
0.00103065
0.00102063
0.00101286
0.00100687
0.00100227
0.000998734
0.000996022
0.000993946
0.000992362
0.000991157
0.000990244
0.000989554
0.000989035
0.000988644
0.00098835
0.000988131
0.000987966
0.000987842
0.000987751
0.000987657
0.000947505
0.00094376
0.000939987
0.000936226
0.000932512
0.000928874
0.000925353
0.000922081
0.000919434
0.000918077
0.000918727
0.000921751
0.000926824
0.000933037
0.000939612
0.000946188
0.000952906
0.000960267
0.000968923
0.000979484
0.000992397
0.00100791
0.00102604
0.00104668
0.00106954
0.00109428
0.00112048
0.00114771
0.00117553
0.00120348
0.00123113
0.00125804
0.0012838
0.00130801
0.00133034
0.00135054
0.00136841
0.0013839
0.00139702
0.00140789
0.0014167
0.00142366
0.00142901
0.00143302
0.00143591
0.00143792
0.00143926
0.00144014
0.00144076
0.00144134
0.00144218
0.00144363
0.00144607
0.0014499
0.0014553
0.00146227
0.0014705
0.00147951
0.00148877
0.00149775
0.00150587
0.00151237
0.00151618
0.001516
0.00151043
0.00149831
0.00147894
0.00145224
0.00141878
0.00137978
0.00133695
0.00129236
0.00124813
0.00120613
0.0011678
0.00113398
0.00110496
0.00108061
0.00106058
0.00104439
0.00103151
0.0010214
0.00101355
0.00100747
0.00100278
0.000999169
0.000996388
0.000994249
0.000992609
0.000991353
0.000990395
0.000989665
0.000989109
0.000988687
0.000988366
0.000988122
0.000987936
0.000987794
0.000987688
0.000987574
0.000975926
0.000973528
0.000971145
0.000968826
0.000966625
0.000964596
0.000962797
0.000961286
0.00096016
0.000959593
0.000959859
0.000961264
0.000964002
0.000968089
0.000973417
0.000979842
0.000987271
0.000995709
0.00100526
0.00101607
0.00102833
0.00104214
0.00105759
0.00107464
0.00109322
0.00111315
0.00113423
0.0011562
0.00117876
0.00120161
0.0012244
0.0012468
0.00126847
0.00128908
0.00130834
0.00132598
0.00134183
0.00135578
0.00136781
0.00137798
0.00138638
0.00139318
0.00139855
0.00140269
0.0014058
0.00140806
0.00140965
0.00141075
0.00141154
0.00141221
0.00141301
0.00141426
0.00141633
0.00141958
0.00142426
0.00143039
0.00143772
0.00144583
0.00145424
0.00146252
0.00147023
0.00147679
0.00148133
0.00148265
0.00147941
0.00147034
0.00145456
0.00143177
0.0014023
0.00136713
0.00132778
0.00128615
0.00124427
0.00120404
0.00116694
0.00113392
0.00110537
0.00108129
0.00106138
0.00104521
0.00103229
0.00102212
0.00101417
0.00100801
0.00100325
0.000999561
0.000996714
0.000994516
0.000992821
0.000991517
0.000990514
0.000989745
0.000989154
0.000988701
0.000988353
0.000988085
0.000987878
0.000987717
0.000987596
0.000987463
0.000991869
0.000990461
0.000989094
0.000987818
0.000986685
0.000985755
0.000985085
0.000984737
0.000984771
0.000985261
0.000986307
0.000988033
0.000990583
0.000994071
0.000998571
0.00100411
0.00101071
0.00101836
0.00102707
0.00103688
0.00104782
0.00105993
0.00107321
0.00108767
0.00110325
0.00111987
0.00113741
0.0011557
0.00117455
0.00119375
0.00121303
0.00123215
0.00125081
0.00126875
0.0012857
0.00130142
0.00131574
0.00132854
0.00133976
0.0013494
0.00135753
0.00136425
0.00136969
0.001374
0.00137734
0.00137986
0.00138172
0.00138306
0.00138405
0.00138486
0.0013857
0.00138684
0.00138865
0.00139148
0.00139559
0.00140104
0.00140763
0.00141497
0.00142263
0.00143021
0.0014374
0.00144378
0.00144868
0.00145107
0.00144967
0.00144319
0.00143061
0.00141142
0.00138572
0.00135424
0.0013183
0.00127961
0.00124013
0.0012017
0.00116587
0.00113367
0.00110564
0.00108183
0.00106205
0.00104592
0.00103297
0.00102273
0.00101472
0.00100848
0.00100364
0.000999894
0.000996987
0.000994734
0.000992989
0.000991639
0.000990595
0.000989789
0.000989165
0.000988683
0.000988308
0.000988017
0.00098779
0.000987612
0.000987476
0.000987324
0.00100004
0.000999276
0.000998567
0.000997959
0.000997501
0.000997245
0.000997246
0.000997561
0.000998243
0.000999348
0.00100093
0.00100305
0.0010058
0.00100923
0.00101343
0.00101845
0.00102433
0.0010311
0.00103878
0.0010474
0.00105696
0.00106749
0.00107896
0.00109138
0.00110471
0.00111889
0.00113386
0.00114949
0.00116566
0.0011822
0.00119891
0.0012156
0.00123203
0.00124796
0.00126316
0.00127742
0.00129057
0.00130248
0.00131307
0.00132232
0.00133026
0.00133694
0.00134247
0.00134696
0.00135053
0.00135331
0.00135544
0.00135704
0.00135825
0.00135922
0.00136014
0.00136127
0.00136291
0.00136543
0.0013691
0.00137402
0.00138002
0.00138674
0.00139376
0.00140072
0.00140736
0.00141341
0.00141839
0.00142145
0.00142143
0.00141707
0.00140726
0.00139131
0.0013691
0.00134113
0.00130849
0.00127271
0.00123562
0.00119904
0.00116452
0.0011332
0.0011057
0.0010822
0.00106256
0.00104648
0.00103352
0.00102324
0.00101516
0.00100886
0.00100396
0.00100015
0.000997193
0.000994891
0.000993102
0.000991712
0.000990631
0.000989791
0.000989138
0.000988629
0.000988231
0.000987919
0.000987673
0.000987478
0.000987329
0.000987159
0.00100386
0.00100345
0.00100312
0.00100288
0.0010028
0.0010029
0.00100324
0.00100387
0.00100483
0.00100618
0.00100796
0.00101022
0.001013
0.00101636
0.00102033
0.00102496
0.00103029
0.00103636
0.00104318
0.00105079
0.0010592
0.00106842
0.00107844
0.00108927
0.00110088
0.00111324
0.00112629
0.00113995
0.00115412
0.00116868
0.00118348
0.00119833
0.00121305
0.00122743
0.00124127
0.00125439
0.00126661
0.0012778
0.00128789
0.00129683
0.00130462
0.00131129
0.00131691
0.00132157
0.00132536
0.00132839
0.00133078
0.00133263
0.00133407
0.00133523
0.00133627
0.00133742
0.00133898
0.00134128
0.00134462
0.00134913
0.00135467
0.00136091
0.00136742
0.00137385
0.00137998
0.00138564
0.00139049
0.0013939
0.00139486
0.00139217
0.00138468
0.00137157
0.00135253
0.00132784
0.00129835
0.00126542
0.00123072
0.00119601
0.00116286
0.00113246
0.00110553
0.00108236
0.0010629
0.00104688
0.00103393
0.00102361
0.00101549
0.00100913
0.00100418
0.00100032
0.00099732
0.000994978
0.000993152
0.000991727
0.000990615
0.000989747
0.000989068
0.000988535
0.000988117
0.000987786
0.000987524
0.000987315
0.000987154
0.000986968
0.00100547
0.00100524
0.00100509
0.00100503
0.00100511
0.00100536
0.00100582
0.00100654
0.00100757
0.00100893
0.00101068
0.00101286
0.0010155
0.00101864
0.00102231
0.00102655
0.00103138
0.00103684
0.00104295
0.00104972
0.00105719
0.00106536
0.00107424
0.00108382
0.0010941
0.00110505
0.00111663
0.00112878
0.00114142
0.00115446
0.00116775
0.00118117
0.00119454
0.00120768
0.00122043
0.00123261
0.00124406
0.00125466
0.00126432
0.00127299
0.00128064
0.0012873
0.001293
0.0012978
0.00130179
0.00130505
0.00130768
0.00130978
0.00131144
0.00131279
0.00131397
0.00131519
0.00131672
0.00131888
0.00132198
0.00132617
0.00133136
0.00133724
0.00134337
0.0013494
0.00135509
0.00136034
0.00136496
0.00136848
0.00137007
0.00136863
0.00136302
0.00135235
0.00133613
0.00131444
0.00128793
0.00125774
0.00122541
0.00119259
0.00116084
0.00113141
0.00110511
0.00108231
0.00106304
0.00104711
0.00103419
0.00102385
0.00101569
0.00100929
0.0010043
0.0010004
0.00099736
0.000994986
0.00099313
0.000991678
0.000990541
0.00098965
0.000988949
0.000988398
0.000987962
0.000987617
0.000987341
0.00098712
0.000986949
0.00098675
0.00100608
0.00100593
0.00100584
0.00100585
0.00100597
0.00100625
0.00100671
0.00100741
0.00100836
0.00100962
0.00101123
0.00101321
0.0010156
0.00101843
0.00102174
0.00102555
0.00102988
0.00103477
0.00104024
0.0010463
0.00105297
0.00106027
0.00106821
0.00107678
0.00108599
0.00109581
0.00110621
0.00111715
0.00112856
0.00114036
0.00115244
0.00116467
0.00117693
0.00118904
0.00120086
0.00121224
0.00122302
0.0012331
0.00124237
0.00125079
0.00125831
0.00126494
0.00127069
0.00127562
0.00127978
0.00128325
0.0012861
0.00128842
0.0012903
0.00129184
0.00129317
0.00129448
0.00129601
0.00129809
0.00130101
0.00130496
0.00130989
0.0013155
0.00132137
0.0013271
0.00133245
0.00133735
0.00134169
0.00134516
0.00134711
0.00134655
0.00134243
0.00133378
0.00132002
0.00130105
0.00127729
0.00124972
0.00121969
0.00118876
0.00115846
0.00113006
0.00110442
0.00108204
0.001063
0.00104718
0.00103429
0.00102396
0.00101577
0.00100934
0.00100431
0.00100038
0.00099731
0.000994911
0.000993033
0.00099156
0.000990404
0.000989496
0.00098878
0.000988214
0.000987765
0.000987408
0.000987122
0.000986892
0.000986713
0.000986503
0.00100628
0.00100615
0.00100608
0.00100609
0.00100621
0.00100645
0.00100686
0.00100747
0.00100831
0.00100941
0.00101081
0.00101255
0.00101465
0.00101715
0.00102007
0.00102345
0.0010273
0.00103165
0.00103652
0.00104193
0.0010479
0.00105445
0.00106157
0.00106929
0.00107758
0.00108645
0.00109586
0.00110578
0.00111615
0.0011269
0.00113795
0.00114918
0.00116047
0.00117169
0.0011827
0.00119335
0.00120353
0.00121313
0.00122204
0.0012302
0.00123758
0.00124416
0.00124994
0.00125497
0.00125927
0.00126291
0.00126595
0.00126848
0.00127056
0.00127228
0.00127377
0.00127518
0.00127675
0.00127878
0.00128157
0.00128534
0.00129007
0.0012955
0.00130119
0.00130673
0.00131185
0.00131645
0.00132052
0.00132385
0.00132595
0.001326
0.00132299
0.001316
0.00130434
0.00128776
0.00126654
0.00124142
0.00121362
0.00118457
0.00115574
0.0011284
0.00110349
0.00108155
0.00106278
0.0010471
0.00103426
0.00102393
0.00101573
0.00100927
0.00100421
0.00100026
0.000997172
0.000994754
0.00099286
0.000991373
0.000990205
0.000989284
0.000988558
0.000987982
0.000987525
0.000987159
0.000986866
0.000986629
0.000986445
0.000986228
0.00100633
0.0010062
0.00100612
0.00100611
0.0010062
0.00100639
0.00100673
0.00100724
0.00100794
0.00100888
0.00101007
0.00101156
0.00101338
0.00101555
0.00101809
0.00102105
0.00102444
0.00102829
0.00103261
0.00103743
0.00104277
0.00104863
0.00105504
0.00106199
0.00106948
0.00107751
0.00108605
0.00109508
0.00110454
0.00111437
0.00112451
0.00113484
0.00114527
0.00115569
0.00116596
0.00117596
0.00118558
0.00119471
0.00120326
0.00121117
0.00121839
0.0012249
0.00123068
0.00123577
0.00124018
0.00124397
0.00124718
0.00124989
0.00125215
0.00125405
0.00125569
0.00125721
0.00125883
0.00126084
0.00126354
0.00126717
0.00127174
0.00127704
0.00128263
0.00128806
0.00129303
0.00129744
0.00130127
0.00130442
0.00130655
0.00130697
0.00130478
0.0012991
0.00128919
0.00127471
0.00125576
0.00123294
0.00120726
0.00118004
0.00115268
0.00112645
0.0011023
0.00108086
0.00106238
0.00104686
0.0010341
0.00102379
0.00101558
0.00100911
0.00100403
0.00100006
0.000996951
0.000994521
0.000992616
0.000991121
0.000989944
0.000989017
0.000988285
0.000987704
0.000987241
0.000986872
0.000986575
0.000986333
0.000986146
0.000985924
0.00100633
0.00100619
0.0010061
0.00100607
0.00100611
0.00100625
0.00100651
0.00100692
0.0010075
0.00100828
0.00100928
0.00101055
0.00101209
0.00101396
0.00101616
0.00101874
0.0010217
0.00102509
0.00102891
0.00103319
0.00103795
0.0010432
0.00104895
0.00105521
0.00106199
0.00106926
0.00107702
0.00108524
0.00109388
0.00110289
0.00111219
0.00112171
0.00113136
0.00114104
0.00115062
0.00116001
0.0011691
0.00117778
0.00118598
0.00119363
0.00120067
0.00120708
0.00121284
0.00121796
0.00122245
0.00122636
0.00122971
0.00123257
0.001235
0.00123706
0.00123884
0.00124047
0.00124215
0.00124416
0.00124679
0.00125031
0.00125476
0.00125997
0.0012655
0.0012709
0.00127581
0.00128008
0.00128373
0.00128672
0.0012888
0.00128942
0.00128782
0.00128315
0.00127469
0.00126201
0.00124509
0.00122435
0.00120068
0.00117524
0.00114935
0.00112423
0.00110089
0.00107998
0.00106184
0.0010465
0.00103383
0.00102356
0.00101535
0.00100886
0.00100377
0.000999779
0.000996661
0.000994221
0.00099231
0.00099081
0.000989631
0.000988701
0.000987967
0.000987384
0.00098692
0.000986549
0.00098625
0.000986008
0.00098582
0.000985596
0.00100631
0.00100616
0.00100605
0.001006
0.001006
0.0010061
0.00100629
0.00100661
0.00100707
0.00100771
0.00100855
0.00100961
0.00101092
0.00101251
0.00101441
0.00101664
0.00101923
0.0010222
0.00102557
0.00102936
0.0010336
0.00103829
0.00104345
0.00104908
0.0010552
0.00106179
0.00106883
0.00107632
0.00108421
0.00109245
0.001101
0.00110977
0.0011187
0.00112768
0.00113663
0.00114544
0.00115401
0.00116227
0.00117011
0.00117749
0.00118434
0.00119063
0.00119634
0.00120146
0.00120601
0.00121
0.00121347
0.00121646
0.00121903
0.00122123
0.00122314
0.00122488
0.00122663
0.00122864
0.00123123
0.00123465
0.00123901
0.00124414
0.00124965
0.00125506
0.00125997
0.0012642
0.00126773
0.00127058
0.00127258
0.00127331
0.00127211
0.00126821
0.00126092
0.00124977
0.00123462
0.00121578
0.00119397
0.00117023
0.00114578
0.0011218
0.00109928
0.00107894
0.00106116
0.00104603
0.00103347
0.00102325
0.00101505
0.00100855
0.00100344
0.000999442
0.000996315
0.000993869
0.000991954
0.000990453
0.000989273
0.000988344
0.000987611
0.000987029
0.000986566
0.000986196
0.000985899
0.000985658
0.000985471
0.000985248
0.00100629
0.00100613
0.00100601
0.00100592
0.0010059
0.00100595
0.00100608
0.00100632
0.00100669
0.00100721
0.00100789
0.00100878
0.00100989
0.00101125
0.00101288
0.0010148
0.00101705
0.00101965
0.00102262
0.00102597
0.00102973
0.00103392
0.00103854
0.00104361
0.00104912
0.00105508
0.00106148
0.00106829
0.00107549
0.00108303
0.00109088
0.00109896
0.00110721
0.00111555
0.00112389
0.00113215
0.00114024
0.00114807
0.00115557
0.00116267
0.00116932
0.00117547
0.00118111
0.00118621
0.00119078
0.00119483
0.00119839
0.00120149
0.00120417
0.00120649
0.00120852
0.00121036
0.00121217
0.0012142
0.00121674
0.00122009
0.00122435
0.00122943
0.00123494
0.00124039
0.00124535
0.0012496
0.00125308
0.00125583
0.00125775
0.00125853
0.0012576
0.00125429
0.00124794
0.00123806
0.00122446
0.00120732
0.00118722
0.00116509
0.00114203
0.00111918
0.00109751
0.00107776
0.00106036
0.00104547
0.00103304
0.00102287
0.00101469
0.00100819
0.00100307
0.000999064
0.000995928
0.000993478
0.000991562
0.000990061
0.000988883
0.000987957
0.000987227
0.000986649
0.000986189
0.000985822
0.000985528
0.000985289
0.000985104
0.000984884
0.00100627
0.0010061
0.00100596
0.00100585
0.0010058
0.00100581
0.00100589
0.00100606
0.00100635
0.00100676
0.00100732
0.00100806
0.00100899
0.00101014
0.00101154
0.0010132
0.00101516
0.00101742
0.00102003
0.00102299
0.00102633
0.00103006
0.0010342
0.00103874
0.00104371
0.0010491
0.0010549
0.00106109
0.00106766
0.00107456
0.00108176
0.0010892
0.00109682
0.00110456
0.00111233
0.00112007
0.00112769
0.00113511
0.00114226
0.00114908
0.00115551
0.00116152
0.00116706
0.00117211
0.00117668
0.00118077
0.00118439
0.00118757
0.00119035
0.00119278
0.0011949
0.00119682
0.00119869
0.00120073
0.00120325
0.00120651
0.0012107
0.00121572
0.00122123
0.00122675
0.0012318
0.00123612
0.00123962
0.00124232
0.00124419
0.00124498
0.00124424
0.00124137
0.00123577
0.00122696
0.00121469
0.00119906
0.00118053
0.0011599
0.00113818
0.00111642
0.00109561
0.00107647
0.00105948
0.00104484
0.00103255
0.00102245
0.0010143
0.0010078
0.00100268
0.000998658
0.000995516
0.000993062
0.000991145
0.000989645
0.000988471
0.000987549
0.000986824
0.000986251
0.000985797
0.000985434
0.000985144
0.000984909
0.000984728
0.000984512
0.00100624
0.00100606
0.00100591
0.00100579
0.00100571
0.00100568
0.00100572
0.00100583
0.00100605
0.00100637
0.00100683
0.00100743
0.00100821
0.00100919
0.00101038
0.00101181
0.00101351
0.00101549
0.00101777
0.00102039
0.00102334
0.00102667
0.00103036
0.00103444
0.00103892
0.00104378
0.00104903
0.00105466
0.00106064
0.00106695
0.00107355
0.0010804
0.00108744
0.00109461
0.00110185
0.00110909
0.00111626
0.00112329
0.0011301
0.00113664
0.00114285
0.00114869
0.00115411
0.0011591
0.00116365
0.00116774
0.0011714
0.00117464
0.00117749
0.00118
0.0011822
0.00118419
0.00118611
0.00118816
0.00119064
0.00119384
0.00119794
0.0012029
0.00120842
0.00121401
0.00121917
0.0012236
0.00122717
0.00122988
0.00123174
0.00123255
0.00123195
0.00122943
0.00122443
0.00121651
0.00120538
0.00119108
0.00117397
0.00115473
0.00113427
0.00111358
0.00109361
0.00107509
0.00105852
0.00104415
0.00103202
0.001022
0.00101388
0.00100739
0.00100226
0.000998235
0.000995086
0.000992629
0.000990712
0.000989215
0.000988045
0.000987129
0.000986409
0.000985842
0.000985393
0.000985037
0.000984752
0.000984522
0.000984344
0.000984134
0.00100622
0.00100603
0.00100586
0.00100572
0.00100562
0.00100556
0.00100556
0.00100563
0.00100578
0.00100603
0.00100639
0.00100689
0.00100754
0.00100836
0.00100937
0.0010106
0.00101207
0.0010138
0.0010158
0.00101811
0.00102073
0.00102368
0.00102699
0.00103065
0.00103467
0.00103906
0.00104382
0.00104893
0.00105438
0.00106014
0.00106619
0.00107248
0.00107898
0.00108563
0.00109237
0.00109914
0.00110588
0.00111252
0.001119
0.00112526
0.00113124
0.0011369
0.00114219
0.0011471
0.00115159
0.00115567
0.00115934
0.00116261
0.00116551
0.00116806
0.00117033
0.00117237
0.00117432
0.00117638
0.00117882
0.00118194
0.00118596
0.00119086
0.00119638
0.00120203
0.00120732
0.00121189
0.00121557
0.00121836
0.00122024
0.0012211
0.00122063
0.00121839
0.00121389
0.00120671
0.00119657
0.00118344
0.00116761
0.00114964
0.00113036
0.0011107
0.00109154
0.00107364
0.0010575
0.00104341
0.00103144
0.00102151
0.00101343
0.00100696
0.00100183
0.000997793
0.00099464
0.000992181
0.000990264
0.00098877
0.000987605
0.000986695
0.000985981
0.000985421
0.000984979
0.000984629
0.00098435
0.000984125
0.000983952
0.000983747
0.00100619
0.00100599
0.00100581
0.00100566
0.00100553
0.00100545
0.00100542
0.00100544
0.00100554
0.00100572
0.00100601
0.00100641
0.00100694
0.00100763
0.0010085
0.00100955
0.00101082
0.00101233
0.00101408
0.00101611
0.00101844
0.00102107
0.00102401
0.0010273
0.00103092
0.00103488
0.00103918
0.00104382
0.00104878
0.00105404
0.00105958
0.00106537
0.00107137
0.00107752
0.00108379
0.00109012
0.00109645
0.00110272
0.00110887
0.00111485
0.00112059
0.00112606
0.00113121
0.001136
0.00114042
0.00114446
0.0011481
0.00115138
0.00115429
0.00115688
0.00115918
0.00116125
0.00116323
0.00116528
0.00116767
0.00117072
0.00117464
0.00117947
0.00118496
0.00119067
0.00119609
0.00120081
0.00120465
0.00120755
0.00120952
0.00121046
0.00121012
0.00120814
0.00120407
0.00119753
0.00118825
0.00117615
0.00116146
0.00114466
0.00112649
0.00110779
0.00108942
0.00107212
0.00105641
0.0010426
0.00103081
0.00102098
0.00101294
0.00100648
0.00100135
0.00099732
0.000994164
0.000991703
0.000989788
0.000988298
0.000987138
0.000986234
0.000985527
0.000984974
0.000984539
0.000984196
0.000983923
0.000983704
0.000983536
0.000983338
0.00100616
0.00100595
0.00100576
0.0010056
0.00100546
0.00100535
0.00100529
0.00100528
0.00100533
0.00100545
0.00100567
0.00100599
0.00100643
0.001007
0.00100773
0.00100864
0.00100973
0.00101104
0.00101258
0.00101437
0.00101643
0.00101877
0.0010214
0.00102434
0.0010276
0.00103117
0.00103507
0.00103928
0.00104379
0.0010486
0.00105367
0.00105899
0.00106452
0.00107022
0.00107604
0.00108195
0.00108789
0.0010938
0.00109963
0.00110532
0.00111081
0.00111607
0.00112105
0.00112571
0.00113002
0.00113398
0.00113757
0.00114081
0.00114371
0.00114629
0.00114861
0.0011507
0.00115268
0.00115472
0.00115707
0.00116003
0.00116385
0.00116858
0.00117403
0.00117977
0.00118529
0.00119017
0.00119418
0.00119725
0.00119935
0.00120041
0.00120023
0.0011985
0.00119482
0.00118885
0.00118032
0.00116914
0.00115549
0.00113976
0.00112261
0.00110482
0.00108722
0.0010705
0.00105521
0.00104169
0.00103008
0.00102035
0.00101236
0.00100593
0.00100081
0.000996772
0.000993616
0.000991156
0.000989244
0.000987758
0.000986605
0.000985708
0.00098501
0.000984464
0.000984037
0.000983701
0.000983435
0.000983223
0.00098306
0.000982869
0.00100613
0.00100592
0.00100572
0.00100554
0.00100538
0.00100526
0.00100517
0.00100512
0.00100514
0.00100521
0.00100537
0.00100562
0.00100597
0.00100645
0.00100707
0.00100784
0.00100879
0.00100993
0.00101128
0.00101285
0.00101467
0.00101675
0.00101911
0.00102174
0.00102467
0.0010279
0.00103142
0.00103524
0.00103935
0.00104374
0.00104838
0.00105327
0.00105836
0.00106363
0.00106904
0.00107454
0.00108009
0.00108565
0.00109114
0.00109654
0.00110177
0.00110679
0.00111156
0.00111604
0.00112021
0.00112405
0.00112755
0.00113073
0.00113358
0.00113615
0.00113845
0.00114055
0.00114253
0.00114455
0.00114684
0.00114971
0.0011534
0.00115801
0.00116337
0.0011691
0.00117468
0.0011797
0.00118387
0.00118711
0.00118938
0.0011906
0.00119062
0.00118914
0.00118584
0.00118039
0.00117255
0.00116222
0.00114951
0.00113478
0.00111859
0.00110168
0.0010848
0.00106866
0.0010538
0.00104057
0.00102914
0.00101952
0.0010116
0.00100519
0.00100009
0.000996058
0.000992906
0.000990451
0.000988545
0.000987067
0.000985923
0.000985035
0.000984346
0.00098381
0.000983392
0.000983064
0.000982806
0.0009826
0.000982443
0.00098226
0.0010061
0.00100588
0.00100567
0.00100548
0.00100531
0.00100517
0.00100506
0.00100499
0.00100496
0.001005
0.00100511
0.00100529
0.00100558
0.00100597
0.00100649
0.00100715
0.00100796
0.00100895
0.00101013
0.00101153
0.00101314
0.00101499
0.00101709
0.00101946
0.0010221
0.00102501
0.0010282
0.00103166
0.0010354
0.0010394
0.00104364
0.00104812
0.0010528
0.00105766
0.00106266
0.00106776
0.00107293
0.00107811
0.00108326
0.00108832
0.00109325
0.00109799
0.00110251
0.00110678
0.00111076
0.00111444
0.00111782
0.00112091
0.0011237
0.00112624
0.00112853
0.00113062
0.00113259
0.00113458
0.00113682
0.00113957
0.00114311
0.00114753
0.00115274
0.00115836
0.00116392
0.00116899
0.00117328
0.00117667
0.0011791
0.00118051
0.00118074
0.00117954
0.00117662
0.00117168
0.0011645
0.00115497
0.00114316
0.00112938
0.00111413
0.00109806
0.00108192
0.00106636
0.00105193
0.00103901
0.00102779
0.0010183
0.00101045
0.00100409
0.000999008
0.000994996
0.000991857
0.000989414
0.00098752
0.000986056
0.000984924
0.000984049
0.000983373
0.000982849
0.000982441
0.000982124
0.000981874
0.000981677
0.000981527
0.000981352
0.00100607
0.00100584
0.00100563
0.00100543
0.00100525
0.00100509
0.00100496
0.00100486
0.00100481
0.00100481
0.00100487
0.00100501
0.00100523
0.00100555
0.00100598
0.00100654
0.00100724
0.0010081
0.00100914
0.00101037
0.0010118
0.00101345
0.00101533
0.00101745
0.00101982
0.00102244
0.00102533
0.00102847
0.00103186
0.00103549
0.00103936
0.00104344
0.00104771
0.00105216
0.00105674
0.00106143
0.00106618
0.00107095
0.0010757
0.00108037
0.00108494
0.00108935
0.00109358
0.00109758
0.00110134
0.00110485
0.0011081
0.00111109
0.00111383
0.00111633
0.00111862
0.00112071
0.00112267
0.00112462
0.00112675
0.00112934
0.00113264
0.00113679
0.0011417
0.00114707
0.00115245
0.00115743
0.0011617
0.00116514
0.00116769
0.00116926
0.00116972
0.00116882
0.0011663
0.00116188
0.00115536
0.00114663
0.00113572
0.0011229
0.00110859
0.00109341
0.00107803
0.00106309
0.00104915
0.00103658
0.00102561
0.00101628
0.00100854
0.00100225
0.000997216
0.00099324
0.00099013
0.000987713
0.000985843
0.000984401
0.00098329
0.000982435
0.000981777
0.000981269
0.000980877
0.000980572
0.000980335
0.000980148
0.000980006
0.000979842
0.00100604
0.00100581
0.00100559
0.00100538
0.00100519
0.00100501
0.00100486
0.00100475
0.00100467
0.00100464
0.00100467
0.00100476
0.00100492
0.00100518
0.00100554
0.00100601
0.00100661
0.00100736
0.00100827
0.00100935
0.00101061
0.00101208
0.00101376
0.00101565
0.00101778
0.00102014
0.00102273
0.00102555
0.0010286
0.00103187
0.00103535
0.00103902
0.00104286
0.00104685
0.00105096
0.00105517
0.00105943
0.00106372
0.00106799
0.00107222
0.00107637
0.0010804
0.0010843
0.00108803
0.00109158
0.00109493
0.00109808
0.00110102
0.00110374
0.00110625
0.00110853
0.0011106
0.00111251
0.00111435
0.00111629
0.00111858
0.00112149
0.00112516
0.00112955
0.00113441
0.00113934
0.00114396
0.00114799
0.0011513
0.00115383
0.00115549
0.00115615
0.00115557
0.00115347
0.00114962
0.00114381
0.00113592
0.00112598
0.00111418
0.0011009
0.0010867
0.00107218
0.00105798
0.00104462
0.0010325
0.00102185
0.00101276
0.00100519
0.000999013
0.000994068
0.000990162
0.000987109
0.000984742
0.000982915
0.000981512
0.000980436
0.000979612
0.000978981
0.000978498
0.000978127
0.000977841
0.00097762
0.000977447
0.000977316
0.000977166
0.00100602
0.00100578
0.00100555
0.00100533
0.00100513
0.00100494
0.00100478
0.00100464
0.00100454
0.00100448
0.00100448
0.00100452
0.00100464
0.00100484
0.00100513
0.00100553
0.00100604
0.00100668
0.00100746
0.00100841
0.00100952
0.00101081
0.00101229
0.00101396
0.00101583
0.00101791
0.00102019
0.00102268
0.00102535
0.00102821
0.00103124
0.00103442
0.00103775
0.00104119
0.00104473
0.00104835
0.00105202
0.00105574
0.00105947
0.00106321
0.00106692
0.0010706
0.00107423
0.00107777
0.0010812
0.00108451
0.00108765
0.0010906
0.00109333
0.00109581
0.00109803
0.00109998
0.00110167
0.00110318
0.00110468
0.0011064
0.00110859
0.00111143
0.00111492
0.00111887
0.00112294
0.0011268
0.00113023
0.00113311
0.00113541
0.00113704
0.00113784
0.00113758
0.00113597
0.00113277
0.00112777
0.00112084
0.00111199
0.00110137
0.00108931
0.00107626
0.0010628
0.00104952
0.00103692
0.00102541
0.00101523
0.00100649
0.00099919
0.000993222
0.000988436
0.000984657
0.000981708
0.000979429
0.000977678
0.00097634
0.000975321
0.000974546
0.000973958
0.000973511
0.000973172
0.000972913
0.000972715
0.000972562
0.000972446
0.000972315
0.00100599
0.00100574
0.0010055
0.00100528
0.00100506
0.00100486
0.00100468
0.00100452
0.0010044
0.00100431
0.00100426
0.00100426
0.00100433
0.00100447
0.00100468
0.00100499
0.0010054
0.00100593
0.00100658
0.00100737
0.0010083
0.00100938
0.00101063
0.00101203
0.0010136
0.00101533
0.00101722
0.00101927
0.00102145
0.00102377
0.00102621
0.00102876
0.00103142
0.00103417
0.00103701
0.00103995
0.00104298
0.00104612
0.00104936
0.00105271
0.00105616
0.00105968
0.00106324
0.0010668
0.0010703
0.00107368
0.00107688
0.00107981
0.00108243
0.00108468
0.00108653
0.00108796
0.00108898
0.00108968
0.00109021
0.00109079
0.00109171
0.00109315
0.00109518
0.00109765
0.00110032
0.00110291
0.00110527
0.00110736
0.00110915
0.00111059
0.00111149
0.0011116
0.00111059
0.00110819
0.00110417
0.00109841
0.00109089
0.00108171
0.00107112
0.00105953
0.00104743
0.00103536
0.00102379
0.00101314
0.00100365
0.000995454
0.000988578
0.000982944
0.000978424
0.00097486
0.000972088
0.000969955
0.000968328
0.000967094
0.000966164
0.000965465
0.000964941
0.000964549
0.000964256
0.000964037
0.000963871
0.000963746
0.000963652
0.000963547
0.00100591
0.00100565
0.00100539
0.00100514
0.0010049
0.00100467
0.00100445
0.00100426
0.00100409
0.00100394
0.00100383
0.00100377
0.00100375
0.00100378
0.00100389
0.00100406
0.00100432
0.00100467
0.00100511
0.00100566
0.00100631
0.00100708
0.00100797
0.00100896
0.00101007
0.00101128
0.00101259
0.00101399
0.00101549
0.00101706
0.00101873
0.00102049
0.00102237
0.00102438
0.00102655
0.00102893
0.00103153
0.00103439
0.00103751
0.00104088
0.00104447
0.00104822
0.00105204
0.00105583
0.00105945
0.00106279
0.00106573
0.00106817
0.00107004
0.00107129
0.0010719
0.00107188
0.00107128
0.00107021
0.00106884
0.00106742
0.00106624
0.00106554
0.0010654
0.00106577
0.00106644
0.00106725
0.00106813
0.00106909
0.00107018
0.00107134
0.0010724
0.00107301
0.00107282
0.00107149
0.00106876
0.00106449
0.00105864
0.00105126
0.00104255
0.00103281
0.00102247
0.00101199
0.00100183
0.000992357
0.000983849
0.000976456
0.000970222
0.000965103
0.000960997
0.000957767
0.000955268
0.000953361
0.000951921
0.000950844
0.000950045
0.000949457
0.000949026
0.000948712
0.000948484
0.000948319
0.000948199
0.000948112
0.000948048
0.000947979
0.00100554
0.00100522
0.0010049
0.00100458
0.00100426
0.00100394
0.00100363
0.00100332
0.00100303
0.00100274
0.00100247
0.00100223
0.00100201
0.00100182
0.00100167
0.00100156
0.00100149
0.00100148
0.00100152
0.00100161
0.00100176
0.00100196
0.00100222
0.00100254
0.00100291
0.00100333
0.00100382
0.00100438
0.00100503
0.0010058
0.00100673
0.00100786
0.00100925
0.00101096
0.00101304
0.00101554
0.00101848
0.00102185
0.00102559
0.00102962
0.0010338
0.00103795
0.00104189
0.00104541
0.00104834
0.0010505
0.00105179
0.00105214
0.00105154
0.00105001
0.00104762
0.00104446
0.00104067
0.00103641
0.00103191
0.00102744
0.00102331
0.00101975
0.00101691
0.00101475
0.00101313
0.00101196
0.00101124
0.00101107
0.00101156
0.00101266
0.00101416
0.00101566
0.00101671
0.0010169
0.00101593
0.00101363
0.00100993
0.00100483
0.000998468
0.000991056
0.000982933
0.000974494
0.000966144
0.00095824
0.000951055
0.000944758
0.00093942
0.000935028
0.00093151
0.000928758
0.000926648
0.00092506
0.000923883
0.000923023
0.000922404
0.000921965
0.000921659
0.000921448
0.000921307
0.000921213
0.000921153
0.000921114
0.000921089
0.000921063
0.00100374
0.00100322
0.00100268
0.00100211
0.00100153
0.00100093
0.0010003
0.000999661
0.000999001
0.000998323
0.00099763
0.000996924
0.000996206
0.000995478
0.000994744
0.000994006
0.000993267
0.000992529
0.000991799
0.000991079
0.000990379
0.000989707
0.000989077
0.000988508
0.000988027
0.000987667
0.000987474
0.000987503
0.000987818
0.000988492
0.0009896
0.000991214
0.000993391
0.000996163
0.000999524
0.00100342
0.00100773
0.00101229
0.00101685
0.00102115
0.0010249
0.00102779
0.00102958
0.00103008
0.00102916
0.0010268
0.00102304
0.00101799
0.00101181
0.00100469
0.000996859
0.000988524
0.000979908
0.000971237
0.000962754
0.000954725
0.000947418
0.000941056
0.000935748
0.000931472
0.000928123
0.000925632
0.000924048
0.000923521
0.000924181
0.000926001
0.00092872
0.000931876
0.000934916
0.000937344
0.00093881
0.000939111
0.000938146
0.000935887
0.000932381
0.000927772
0.000922305
0.00091631
0.000910145
0.000904148
0.000898593
0.000893664
0.00088946
0.000885997
0.000883236
0.0008811
0.000879491
0.000878311
0.000877467
0.000876881
0.000876487
0.000876232
0.000876078
0.000875993
0.000875955
0.000875947
0.000875956
0.000875976
0.000875995
0.000876022
0.000995869
0.000994689
0.000993455
0.000992168
0.000990825
0.000989428
0.000987977
0.000986472
0.000984915
0.000983308
0.000981653
0.000979956
0.000978222
0.000976458
0.000974675
0.000972884
0.000971102
0.000969349
0.000967653
0.000966044
0.000964562
0.000963256
0.000962183
0.000961407
0.000961003
0.00096105
0.000961627
0.00096281
0.00096466
0.000967215
0.000970471
0.000974374
0.000978801
0.000983554
0.000988357
0.000992859
0.000996661
0.000999344
0.00100051
0.000999843
0.000997104
0.000992198
0.000985159
0.000976143
0.000965399
0.000953243
0.000940024
0.000926098
0.000911809
0.000897476
0.000883385
0.000869781
0.000856871
0.00084483
0.000833816
0.000823979
0.000815462
0.000808378
0.000802768
0.000798584
0.00079573
0.000794147
0.000793881
0.000795057
0.000797773
0.000801964
0.000807327
0.000813354
0.000819441
0.000825043
0.00082977
0.000833392
0.000835779
0.000836858
0.000836614
0.00083512
0.000832558
0.000829209
0.000825405
0.000821475
0.0008177
0.000814282
0.000811341
0.000808925
0.000807023
0.000805586
0.000804546
0.000803828
0.00080336
0.000803079
0.000802933
0.000802881
0.000802892
0.000802942
0.000803015
0.000803097
0.00080318
0.000803259
0.000803325
0.000803406
0.000965785
0.000962987
0.000960123
0.000957196
0.000954212
0.000951179
0.000948106
0.000945004
0.000941886
0.000938768
0.000935669
0.000932611
0.000929621
0.000926731
0.000923977
0.000921402
0.000919054
0.000916987
0.000915259
0.000913932
0.000913066
0.000912721
0.000912944
0.000913766
0.000915189
0.000917177
0.000919637
0.00092241
0.000925257
0.000927853
0.000929793
0.000930608
0.000929799
0.00092689
0.000921485
0.000913329
0.000902346
0.000888657
0.000872562
0.000854498
0.00083498
0.000814545
0.000793705
0.000772917
0.000752564
0.00073296
0.000714355
0.000696948
0.000680894
0.000666307
0.000653263
0.000641802
0.000631925
0.00062361
0.000616809
0.000611473
0.000607565
0.00060507
0.000603983
0.000604298
0.000606008
0.000609116
0.00061365
0.000619637
0.000627043
0.000635702
0.000645288
0.000655329
0.000665287
0.000674675
0.000683122
0.000690383
0.00069629
0.000700723
0.000703621
0.000705022
0.000705088
0.000704092
0.000702372
0.000700272
0.000698085
0.000696032
0.000694251
0.000692805
0.000691708
0.000690931
0.000690429
0.000690147
0.00069003
0.000690033
0.000690115
0.000690248
0.000690407
0.000690578
0.000690747
0.000690908
0.000691054
0.000691185
0.00069129
0.00069142
0.000868253
0.000862784
0.000857354
0.00085198
0.000846679
0.00084147
0.000836373
0.000831409
0.000826598
0.000821964
0.000817527
0.000813308
0.000809323
0.000805583
0.000802092
0.000798838
0.000795795
0.000792911
0.000790102
0.000787244
0.000784162
0.000780624
0.00077633
0.00077092
0.000763973
0.00075504
0.000743678
0.000729511
0.000712296
0.000691991
0.000668803
0.000643195
0.000615857
0.000587624
0.000559376
0.000531941
0.000506014
0.00048211
0.000460551
0.000441484
0.00042491
0.000410728
0.000398767
0.000388829
0.00038071
0.000374223
0.000369209
0.00036553
0.00036307
0.000361723
0.000361391
0.000361984
0.000363411
0.000365576
0.000368393
0.000371792
0.000375731
0.000380227
0.000385361
0.000391325
0.000398301
0.000406415
0.000415694
0.00042604
0.000437246
0.000449043
0.000461133
0.000473201
0.000484923
0.000495982
0.000506088
0.000514985
0.000522446
0.000528299
0.000532462
0.000534984
0.000536052
0.000535969
0.000535095
0.000533783
0.000532329
0.000530946
0.000529764
0.000528841
0.000528186
0.000527776
0.000527571
0.000527524
0.000527592
0.000527736
0.000527928
0.000528143
0.000528365
0.000528582
0.000528787
0.000528974
0.000529141
0.000529287
0.000529402
0.00052955
0.000603321
0.000594854
0.000586464
0.00057814
0.000569862
0.000561609
0.000553354
0.000545064
0.000536698
0.000528212
0.000519552
0.000510656
0.000501456
0.000491877
0.000481841
0.000471268
0.000460081
0.000448213
0.000435616
0.000422265
0.000408172
0.000393393
0.000378032
0.000362246
0.000346241
0.000330266
0.000314596
0.000299516
0.000285302
0.000272202
0.00026042
0.00025011
0.00024137
0.000234242
0.000228717
0.000224747
0.000222247
0.000221108
0.000221203
0.000222397
0.000224553
0.000227532
0.000231203
0.000235437
0.0002401
0.000245053
0.000250163
0.000255297
0.000260336
0.000265171
0.000269716
0.000273891
0.000277673
0.000281111
0.000284196
0.000286931
0.000289351
0.000291553
0.000293705
0.00029602
0.000298721
0.000301958
0.000305753
0.000310009
0.000314571
0.000319301
0.000324116
0.000328966
0.00033377
0.000338376
0.000342548
0.000346009
0.000348501
0.000349847
0.000349996
0.000349036
0.000347177
0.000344703
0.000341923
0.000339112
0.000336482
0.000334169
0.000332236
0.000330692
0.000329506
0.000328629
0.000328005
0.000327579
0.000327301
0.000327132
0.000327041
0.000327002
0.000326998
0.000327015
0.000327045
0.000327079
0.000327114
0.000327145
0.000327172
0.000327215
0.000224695
0.000220739
0.000216927
0.000213257
0.000209725
0.000206332
0.000203078
0.000199966
0.000197
0.000194185
0.000191529
0.000189042
0.000186735
0.000184622
0.00018272
0.000181045
0.000179619
0.000178464
0.000177606
0.000177072
0.000176892
0.000177098
0.000177724
0.000178807
0.000180386
0.0001825
0.000185192
0.000188503
0.000192474
0.000197143
0.000202545
0.000208709
0.000215652
0.000223379
0.000231877
0.00024111
0.000251017
0.000261504
0.000272443
0.000283671
0.000294988
0.000306159
0.00031694
0.000327054
0.000336099
0.000343867
0.000350241
0.000355169
0.000358648
0.000360711
0.000361411
0.000360831
0.000359012
0.000355942
0.00035173
0.000346537
0.000340558
0.000334013
0.000327119
0.000320058
0.000312937
0.000305779
0.000298552
0.000291227
0.000283824
0.000276436
0.000269193
0.000262201
0.000255496
0.000249027
0.000242685
0.000236356
0.000229966
0.00022351
0.000217048
0.000210689
0.000204568
0.00019882
0.000193556
0.000188852
0.00018474
0.000181215
0.00017824
0.000175761
0.000173711
0.000172025
0.000170641
0.000169505
0.000168571
0.000167802
0.000167165
0.000166638
0.000166198
0.000165831
0.000165524
0.000165265
0.000165047
0.000164858
0.000164717
0.000164513
0.000182164
0.000182947
0.000183694
0.000184403
0.000185073
0.0001857
0.000186282
0.000186817
0.000187303
0.000187735
0.000188111
0.000188426
0.000188677
0.000188857
0.000188963
0.000188987
0.000188924
0.000188764
0.000188502
0.000188127
0.00018763
0.000187001
0.00018623
0.000185305
0.000184215
0.000182953
0.000181507
0.000179874
0.000178051
0.00017604
0.000173854
0.000171511
0.000169043
0.000166491
0.00016391
0.000161365
0.000158928
0.000156672
0.000154662
0.000152948
0.000151558
0.000150494
0.000149726
0.000149214
0.000148968
0.000148903
0.00014893
0.000148978
0.000148996
0.000148952
0.000148824
0.0001486
0.000148274
0.000147845
0.000147321
0.00014672
0.000146064
0.000145379
0.000144689
0.000144009
0.000143352
0.000142727
0.000142143
0.000141612
0.000141145
0.000140749
0.000140427
0.000140173
0.000139978
0.000139829
0.000139717
0.000139633
0.000139573
0.000139533
0.000139511
0.000139507
0.000139519
0.000139544
0.00013958
0.000139626
0.000139678
0.000139734
0.000139791
0.000139848
0.000139903
0.000139954
0.000140002
0.000140045
0.000140084
0.000140119
0.00014015
0.000140177
0.0001402
0.000140219
0.000140236
0.00014025
0.000140262
0.000140271
0.000140278
0.000140287
6.11453e-05
0.000150977
0.000155812
0.00014834
0.000143218
0.000169216
0.000218436
0.000262276
0.000297435
0.000325558
0.000348398
0.000367195
0.000382746
0.00039555
0.000405936
0.000414157
0.000420456
0.000425098
0.000428373
0.000430587
0.000432048
0.000433054
0.000433853
0.000434524
0.000435223
0.000436094
0.000437234
0.000438699
0.000440504
0.000442614
0.000444933
0.000447289
0.000449412
0.00045092
0.000451335
0.000450155
0.000447048
0.000442133
0.000436253
0.000430539
0.000424096
0.000416557
0.000408105
0.000399065
0.000389752
0.000380424
0.000371273
0.000362426
0.000353954
0.000345889
0.00033823
0.000330953
0.000324017
0.000317369
0.000310946
0.000304676
0.00029848
0.000292276
0.000285978
0.0002795
0.000272764
0.000265702
0.000258269
0.000250453
0.000242293
0.00023389
0.000225433
0.000217207
0.000209588
0.000202971
0.000197666
0.000193824
0.00019136
0.000189999
0.000189389
0.000189218
0.000189273
0.000189434
0.000189643
0.000189874
0.000190112
0.000190346
0.00019057
0.000190778
0.000190969
0.000191143
0.0001913
0.00019144
0.000191565
0.000191675
0.000191773
0.000191859
0.000191934
0.000192
0.000192058
0.000192109
0.000192152
0.000192191
0.000192221
0.000192263
9.2703e-05
0.000396231
0.000449251
0.000424174
0.000443103
0.000505818
0.000585495
0.000673922
0.000777423
0.000901385
0.00104743
0.00121284
0.00139102
0.00157285
0.00174844
0.00190893
0.0020476
0.00216029
0.00224522
0.00230236
0.00233263
0.00233756
0.00232062
0.0022925
0.00225781
0.00221962
0.00218076
0.0021439
0.00211152
0.00208589
0.00206913
0.00206319
0.00206993
0.00209103
0.00212771
0.00217971
0.00224343
0.00230979
0.0023658
0.00240075
0.0024092
0.00239044
0.0023477
0.00228663
0.0022135
0.0021339
0.00205215
0.00197126
0.00189309
0.00181864
0.00174828
0.00168199
0.00161948
0.0015603
0.00150389
0.00144962
0.00139683
0.00134481
0.00129289
0.0012404
0.00118672
0.00113133
0.00107384
0.00101404
0.00095187
0.000887447
0.000821019
0.000752956
0.000683693
0.000613516
0.000544202
0.000479782
0.000423981
0.000378938
0.000344888
0.000320454
0.00030335
0.000291176
0.000282005
0.000274615
0.000268408
0.000263158
0.000258786
0.000255214
0.000252333
0.000250012
0.000248131
0.000246592
0.000245324
0.000244273
0.000243399
0.000242668
0.000242054
0.000241537
0.000241098
0.000240725
0.000240405
0.00024013
0.000239906
0.000239606
0.000113982
0.000601074
0.000690144
0.000703635
0.000757832
0.000858687
0.00100022
0.0011883
0.00142678
0.00170802
0.00201378
0.00232164
0.00261186
0.00287071
0.0030906
0.0032686
0.00340491
0.00350164
0.00356192
0.00358941
0.00358787
0.00356106
0.00351225
0.00344232
0.0033532
0.00324674
0.00312499
0.0029904
0.00284596
0.00269532
0.00254292
0.00239422
0.00225618
0.00213836
0.00205472
0.00202552
0.00207294
0.00220172
0.00238316
0.00257246
0.002732
0.00284261
0.00290204
0.0029179
0.00290108
0.00286188
0.00280853
0.00274696
0.00268121
0.00261385
0.00254643
0.00247977
0.00241418
0.00234966
0.00228593
0.00222256
0.00215899
0.00209455
0.00202857
0.00196034
0.00188925
0.0018148
0.0017367
0.0016549
0.00156967
0.00148155
0.00139126
0.00129963
0.00120735
0.00111491
0.00102293
0.000932883
0.000847439
0.000770156
0.000704435
0.000652127
0.00061278
0.00058405
0.000562845
0.00054643
0.000532967
0.000521508
0.000511678
0.000503331
0.00049634
0.000490534
0.000485714
0.000481693
0.000478319
0.000475474
0.000473067
0.000471025
0.000469288
0.000467806
0.00046654
0.000465454
0.000464523
0.000463713
0.00046307
0.000462194
0.000125779
0.000746014
0.000902572
0.000959746
0.00105146
0.00120611
0.00142727
0.00171061
0.00203847
0.00238425
0.00272282
0.0030371
0.00331817
0.00356244
0.00376902
0.00393824
0.00407099
0.00416852
0.00423237
0.00426417
0.00426547
0.00423762
0.00418145
0.00409746
0.00398637
0.00384904
0.00368648
0.00350011
0.00329187
0.0030645
0.00282173
0.00256842
0.00231075
0.00205708
0.00182097
0.00163296
0.00154967
0.00163204
0.0018776
0.00220235
0.00250867
0.00274339
0.00289828
0.00298683
0.00302704
0.00303421
0.00301959
0.00299087
0.00295311
0.00290959
0.00286236
0.00281262
0.00276098
0.00270767
0.00265259
0.00259547
0.00253585
0.00247318
0.00240686
0.00233626
0.00226088
0.00218035
0.00209456
0.00200375
0.00190853
0.00180991
0.00170922
0.00160794
0.00150747
0.00140884
0.00131264
0.00121922
0.00112934
0.00104497
0.000969305
0.000905584
0.000855425
0.000817998
0.000790653
0.000770232
0.000754144
0.000740782
0.000729375
0.000719625
0.000711384
0.000704489
0.000698744
0.000693944
0.000689912
0.000686508
0.000683622
0.00068117
0.000679081
0.000677299
0.000675774
0.000674467
0.000673346
0.00067237
0.000671597
0.000670549
0.000131703
0.00081839
0.00105477
0.00116974
0.00130883
0.00151458
0.00178699
0.00210663
0.0024463
0.00278212
0.00309898
0.00338957
0.00365113
0.00388262
0.00408338
0.00425279
0.00439035
0.00449576
0.00456896
0.00461009
0.00461932
0.00459682
0.00454248
0.00445632
0.00433842
0.00418898
0.00400833
0.00379723
0.00355706
0.00329007
0.00299983
0.00269129
0.00237042
0.00204409
0.00172255
0.00143166
0.0012356
0.00123358
0.001476
0.00187126
0.00226001
0.0025554
0.00275152
0.00287203
0.00294106
0.00297613
0.00298872
0.00298617
0.00297319
0.00295279
0.00292685
0.00289651
0.00286233
0.00282454
0.00278304
0.00273757
0.00268769
0.00263287
0.00257252
0.00250608
0.0024331
0.0023533
0.00226671
0.00217372
0.00207518
0.00197239
0.00186707
0.00176116
0.00165661
0.00155502
0.00145736
0.00136391
0.00127472
0.00119059
0.0011137
0.00104719
0.000993437
0.000952668
0.000922931
0.000901219
0.000884708
0.000871433
0.000860334
0.000850949
0.000843068
0.000836521
0.00083111
0.000826633
0.000822907
0.000819786
0.00081716
0.000814941
0.000813063
0.000811467
0.000810109
0.000808949
0.000807957
0.000807097
0.000806416
0.000805498
0.000132528
0.000833045
0.00114403
0.00132115
0.00150512
0.00174084
0.00202576
0.00233861
0.00265704
0.00296559
0.00325607
0.00352492
0.00377051
0.00399161
0.0041869
0.00435495
0.00449437
0.00460396
0.00468274
0.0047299
0.00474473
0.00472659
0.0046748
0.00458875
0.00446792
0.00431188
0.00412043
0.00389386
0.00363328
0.00334103
0.00302108
0.00267901
0.00232143
0.00195527
0.00159198
0.00126491
0.00105242
0.00106373
0.0013468
0.00177556
0.00216081
0.00243205
0.00260663
0.00271697
0.00278673
0.00283031
0.00285624
0.00286971
0.00287404
0.00287135
0.00286295
0.00284962
0.00283167
0.00280915
0.00278182
0.00274932
0.00271113
0.00266667
0.00261532
0.0025565
0.00248975
0.00241481
0.00233175
0.00224104
0.00214364
0.00204097
0.00193496
0.0018278
0.0017218
0.00161901
0.00152086
0.00142798
0.00134041
0.00125842
0.0011834
0.00111785
0.0010641
0.00102282
0.000992585
0.000970734
0.000954503
0.000941823
0.000931484
0.000922906
0.000915813
0.000910008
0.00090529
0.000901453
0.000898316
0.000895731
0.000893589
0.000891806
0.000890315
0.000889063
0.000888009
0.000887117
0.000886361
0.00088571
0.000885197
0.000884511
0.000129821
0.000809903
0.00118072
0.00141337
0.00163182
0.00187847
0.00215402
0.00244383
0.00273342
0.00301326
0.00327829
0.00352598
0.00375473
0.00396298
0.004149
0.0043109
0.00444683
0.004555
0.00463382
0.00468182
0.00469764
0.00467997
0.00462759
0.0045393
0.00441404
0.0042509
0.00404936
0.00380962
0.003533
0.00322245
0.00288286
0.00252067
0.00214251
0.00175544
0.0013771
0.00106031
0.000907104
0.00103026
0.00141737
0.00184684
0.00215803
0.00235332
0.0024764
0.0025583
0.0026157
0.00265716
0.00268732
0.00270898
0.0027239
0.00273327
0.00273776
0.00273771
0.00273312
0.00272379
0.0027093
0.00268911
0.00266259
0.00262905
0.00258778
0.00253814
0.00247961
0.00241189
0.00233502
0.00224945
0.00215614
0.00205657
0.00195269
0.00184684
0.00174153
0.00163911
0.00154144
0.0014496
0.00136392
0.00128461
0.00121256
0.00114958
0.0010976
0.00105729
0.00102757
0.00100612
0.000990373
0.000978325
0.00096872
0.000960912
0.000954572
0.000949479
0.000945421
0.000942193
0.000939615
0.000937539
0.000935859
0.00093449
0.00093337
0.000932449
0.000931688
0.000931055
0.000930527
0.000930079
0.000929729
0.000929267
0.000124526
0.000760393
0.00117471
0.0014529
0.00169655
0.00194457
0.00220303
0.00246569
0.00272488
0.00297517
0.00321338
0.00343757
0.00364615
0.0038374
0.00400934
0.00415983
0.00428665
0.00438764
0.00446075
0.00450399
0.00451545
0.00449328
0.00443573
0.00434117
0.00420818
0.00403569
0.00382328
0.00357162
0.00328292
0.00296136
0.00261284
0.00224372
0.00185957
0.00147026
0.00111
0.000860243
0.000843135
0.00114415
0.00160012
0.00194695
0.00215072
0.00227068
0.00234877
0.00240519
0.00244902
0.00248451
0.00251385
0.0025383
0.00255864
0.00257529
0.00258841
0.00259793
0.00260355
0.0026048
0.00260107
0.00259165
0.00257576
0.00255258
0.00252132
0.00248121
0.00243166
0.00237227
0.002303
0.00222423
0.00213685
0.0020423
0.0019425
0.00183981
0.00173685
0.00163617
0.00153997
0.00144974
0.00136623
0.00128977
0.00122101
0.0011612
0.00111173
0.00107311
0.00104441
0.00102359
0.00100838
0.000996886
0.000987884
0.000980697
0.000974962
0.000970434
0.000966896
0.000964143
0.000961998
0.000960318
0.000958995
0.00095795
0.00095712
0.000956457
0.000955926
0.000955498
0.000955149
0.000954862
0.000954641
0.000954356
0.000117938
0.000674279
0.00113376
0.001448
0.00170979
0.00195582
0.00219619
0.0024313
0.00265915
0.00287788
0.00308621
0.00328305
0.00346708
0.00363657
0.00378944
0.00392332
0.00403573
0.00412417
0.00418622
0.00421945
0.00422147
0.00419003
0.00412304
0.00401866
0.00387548
0.00369276
0.0034708
0.00321136
0.00291801
0.00259594
0.00225083
0.00188723
0.00151112
0.00114493
0.000851248
0.000739418
0.000935876
0.00138676
0.00176832
0.00198222
0.00209996
0.00217347
0.0022255
0.00226574
0.00229885
0.00232741
0.00235293
0.00237629
0.00239787
0.00241775
0.00243573
0.00245142
0.00246423
0.00247344
0.00247824
0.00247773
0.00247098
0.00245706
0.00243505
0.00240411
0.00236349
0.00231271
0.0022516
0.00218042
0.00209996
0.00201154
0.00191704
0.00181876
0.00171935
0.0016215
0.00152764
0.00143962
0.00135856
0.00128502
0.00121954
0.00116297
0.00111621
0.00107951
0.00105201
0.00103193
0.00101723
0.0010062
0.000997673
0.000990964
0.000985687
0.000981581
0.000978422
0.000976011
0.000974173
0.000972772
0.000971702
0.000970883
0.000970257
0.000969777
0.000969408
0.000969123
0.000968902
0.000968727
0.000968598
0.00096844
0.000110007
0.000576957
0.00105437
0.00139949
0.00167561
0.00191822
0.00214062
0.00234809
0.00254329
0.00272789
0.00290279
0.00306814
0.00322321
0.00336648
0.00349583
0.00360872
0.00370241
0.00377412
0.00382111
0.00384053
0.00382968
0.0037861
0.00370765
0.00359271
0.00344037
0.00325076
0.00302534
0.00276714
0.0024805
0.00217003
0.00183912
0.00149149
0.0011426
0.000840903
0.000679348
0.000787493
0.00120207
0.00160693
0.00182942
0.00194805
0.00202244
0.00207499
0.00211435
0.00214502
0.00217016
0.00219208
0.00221243
0.00223224
0.00225203
0.00227186
0.00229145
0.00231025
0.00232745
0.00234214
0.00235326
0.00235974
0.00236051
0.0023545
0.00234069
0.00231811
0.00228591
0.00224348
0.00219051
0.00212712
0.00205396
0.00197223
0.00188369
0.00179058
0.00169553
0.00160128
0.00151043
0.00142512
0.00134676
0.00127616
0.00121383
0.00116032
0.00111616
0.00108136
0.00105506
0.0010357
0.00102147
0.00101082
0.00100267
0.00099632
0.000991386
0.000987587
0.000984698
0.000982524
0.000980896
0.000979681
0.000978778
0.000978109
0.000977616
0.000977256
0.000976992
0.000976801
0.000976663
0.000976563
0.000976494
0.000976417
0.000100907
0.00049463
0.000951766
0.00130896
0.00158857
0.00182068
0.00202132
0.0021994
0.00236095
0.00251033
0.00265037
0.00278245
0.00290654
0.00302149
0.00312524
0.00321519
0.00328842
0.00334191
0.00337267
0.00337753
0.00335373
0.00329891
0.00321132
0.00308995
0.00293478
0.00274698
0.00252896
0.00228402
0.00201539
0.00172515
0.00141558
0.00109823
0.000811903
0.000635066
0.000686233
0.0010503
0.00146036
0.00168648
0.00180679
0.00188584
0.00194373
0.00198689
0.00201896
0.00204311
0.00206214
0.00207837
0.00209357
0.00210897
0.00212535
0.00214297
0.00216172
0.00218108
0.00220022
0.00221807
0.00223343
0.00224506
0.00225171
0.00225218
0.00224535
0.00223013
0.00220558
0.00217093
0.00212572
0.00206994
0.00200407
0.00192917
0.00184686
0.00175931
0.00166907
0.00157892
0.00149155
0.00140929
0.00133381
0.00126611
0.00120672
0.00115602
0.00111422
0.00108115
0.00105597
0.00103726
0.00102344
0.0010131
0.00100523
0.000999157
0.000994477
0.000990901
0.000988203
0.000986189
0.0009847
0.000983606
0.000982809
0.000982234
0.000981824
0.000981536
0.000981338
0.000981204
0.000981116
0.000981061
0.000981028
0.000981002
9.14472e-05
0.000430481
0.000839927
0.00116527
0.00141555
0.00161846
0.00179022
0.0019396
0.00207238
0.00219295
0.00230447
0.00240879
0.0025064
0.00259661
0.00267771
0.00274729
0.0028025
0.00284039
0.00285762
0.00285124
0.00281877
0.00275834
0.00266881
0.00254994
0.00240244
0.00222791
0.00202837
0.00180557
0.00156029
0.00129398
0.00101635
0.000760089
0.000592066
0.000616992
0.000933933
0.00132948
0.00155272
0.00167477
0.00176022
0.00182577
0.00187545
0.00191195
0.00193822
0.00195722
0.00197151
0.00198324
0.00199409
0.00200535
0.00201795
0.00203241
0.00204886
0.002067
0.00208612
0.00210519
0.00212292
0.00213795
0.00214889
0.00215444
0.00215334
0.00214441
0.00212658
0.00209896
0.00206095
0.00201235
0.0019535
0.0018853
0.00180924
0.00172736
0.00164213
0.00155633
0.0014727
0.00139369
0.00132117
0.00125628
0.00119961
0.0011514
0.0011117
0.00108016
0.00105595
0.00103782
0.00102433
0.00101424
0.00100658
0.00100071
0.000996215
0.000992798
0.000990231
0.000988325
0.000986925
0.000985906
0.000985173
0.000984654
0.000984292
0.000984046
0.000983884
0.000983783
0.000983722
0.000983692
0.000983679
0.00098368
8.41318e-05
0.000401254
0.000688672
0.000902394
0.00108114
0.00124277
0.00139116
0.00152624
0.00164819
0.00175825
0.00185813
0.00194937
0.00203282
0.00210844
0.00217531
0.00223171
0.00227533
0.00230341
0.00231311
0.00230206
0.00226841
0.00221087
0.00212881
0.00202229
0.00189185
0.00173816
0.00156154
0.00136185
0.00114037
0.000906364
0.000688844
0.000545773
0.000568982
0.000851096
0.00121537
0.00142886
0.0015527
0.00164506
0.00171869
0.00177565
0.00181787
0.00184811
0.00186931
0.00188414
0.00189481
0.00190318
0.0019107
0.0019186
0.00192781
0.00193904
0.00195265
0.0019686
0.00198643
0.00200523
0.00202379
0.0020407
0.0020545
0.00206377
0.00206718
0.00206344
0.00205138
0.00202998
0.00199847
0.00195651
0.00190426
0.00184247
0.00177247
0.00169617
0.00161598
0.00153459
0.00145479
0.0013791
0.0013095
0.00124729
0.0011931
0.0011471
0.00110921
0.00107898
0.00105562
0.00103797
0.00102476
0.00101485
0.00100734
0.00100162
0.000997251
0.000993943
0.000991465
0.000989628
0.000988282
0.000987306
0.000986609
0.000986119
0.000985782
0.000985557
0.000985412
0.000985325
0.000985278
0.000985259
0.000985255
0.000985269
8.33504e-05
0.000290068
0.000415395
0.000534014
0.000654702
0.000780351
0.000908843
0.00103553
0.00115586
0.00126698
0.00136779
0.00145836
0.00153912
0.00161033
0.00167179
0.00172263
0.00176117
0.00178545
0.00179377
0.00178454
0.00175642
0.00170837
0.00163969
0.00154984
0.00143828
0.00130426
0.00114729
0.000969185
0.000779723
0.000605677
0.000498077
0.00053742
0.000796813
0.00111813
0.00131632
0.00144193
0.00154062
0.00162137
0.00168505
0.00173311
0.00176805
0.0017927
0.00180968
0.00182125
0.00182925
0.00183519
0.00184032
0.0018457
0.00185223
0.00186065
0.00187149
0.00188495
0.00190081
0.00191841
0.00193667
0.00195424
0.00196966
0.00198146
0.00198824
0.00198865
0.00198141
0.00196537
0.00193964
0.00190371
0.00185756
0.00180178
0.00173755
0.00166665
0.00159136
0.00151432
0.00143831
0.00136588
0.00129912
0.00123941
0.00118744
0.00114337
0.00110703
0.00107792
0.00105527
0.00103802
0.00102503
0.00101525
0.00100784
0.00100221
0.000997927
0.000994689
0.000992264
0.000990467
0.00098915
0.000988195
0.000987514
0.000987035
0.000986707
0.000986488
0.000986349
0.000986266
0.000986221
0.000986205
0.000986202
0.000986219
4.87281e-05
0.00018535
0.000316261
0.000403915
0.000470158
0.000533598
0.000604119
0.00068405
0.000771148
0.000861158
0.000949618
0.00103294
0.0011088
0.00117591
0.00123358
0.00128077
0.0013164
0.00133956
0.00134917
0.00134401
0.0013228
0.00128426
0.00122709
0.00114996
0.00105167
0.000931984
0.00079385
0.000648062
0.000519919
0.000454941
0.000522623
0.000765183
0.00103697
0.00121713
0.00134391
0.00144732
0.00153319
0.00160215
0.0016554
0.0016951
0.00172376
0.00174384
0.00175752
0.00176665
0.00177272
0.00177698
0.00178046
0.00178406
0.00178858
0.00179477
0.00180322
0.0018143
0.00182802
0.00184394
0.00186119
0.00187855
0.00189462
0.00190795
0.0019171
0.00192069
0.00191737
0.00190589
0.00188522
0.00185469
0.00181411
0.0017639
0.00170508
0.00163929
0.00156869
0.00149585
0.00142349
0.0013542
0.00129011
0.00123269
0.0011827
0.0011403
0.00110527
0.0010771
0.00105504
0.00103811
0.00102528
0.00101558
0.00100824
0.00100266
0.000998423
0.000995223
0.000992824
0.000991044
0.000989737
0.000988787
0.000988107
0.000987628
0.000987298
0.000987076
0.000986933
0.000986847
0.000986799
0.000986779
0.000986774
0.000986787
)
;

boundaryField
{
    outlet
    {
        type            calculated;
        value           nonuniform List<scalar> 
55
(
0.000987126
0.000987343
0.000987517
0.000987634
0.000987701
0.000987724
0.000987708
0.000987657
0.000987574
0.000987463
0.000987324
0.000987159
0.000986968
0.00098675
0.000986503
0.000986228
0.000985924
0.000985596
0.000985248
0.000984884
0.000984512
0.000984134
0.000983747
0.000983338
0.000982869
0.00098226
0.000981352
0.000979842
0.000977166
0.000972315
0.000963547
0.000947979
0.000921063
0.000876022
0.000803406
0.00069142
0.00052955
0.000327215
0.000164513
0.000140287
0.000192263
0.000239606
0.000462194
0.000670549
0.000805498
0.000884511
0.000929267
0.000954356
0.00096844
0.000976417
0.000981002
0.00098368
0.000985269
0.000986219
0.000986787
)
;
    }
    inlet
    {
        type            calculated;
        value           uniform 0.00101695;
    }
    lowerWall
    {
        type            nutkWallFunction;
        Cmu             0.09;
        kappa           0.41;
        E               9.8;
        value           nonuniform List<scalar> 
148
(
0
0
0
0
0
0
0
0
0
0
0
0
0
0
0
0
0
0
0
0
0
0
0
0
0
0
0
0
0
0
0
0
0
2.27169e-06
7.17856e-06
1.03453e-05
1.20667e-05
1.29196e-05
1.30366e-05
1.2646e-05
1.18808e-05
1.09222e-05
9.75787e-06
8.4065e-06
6.98253e-06
5.86702e-06
5.74893e-06
2.5255e-07
2.27169e-06
1.5655e-05
1.63246e-05
1.52694e-05
1.46032e-05
1.83327e-05
2.50332e-05
3.08239e-05
3.53808e-05
3.89787e-05
4.18732e-05
4.4238e-05
4.61833e-05
4.77777e-05
4.90663e-05
5.00835e-05
5.08614e-05
5.1434e-05
5.1838e-05
5.21116e-05
5.22933e-05
5.242e-05
5.25222e-05
5.26084e-05
5.2699e-05
5.28112e-05
5.2957e-05
5.3143e-05
5.33707e-05
5.36353e-05
5.39245e-05
5.42163e-05
5.44765e-05
5.46575e-05
5.46998e-05
5.45422e-05
5.41457e-05
5.35289e-05
5.28022e-05
5.20928e-05
5.12866e-05
5.03433e-05
4.9287e-05
4.81573e-05
4.69925e-05
4.58242e-05
4.46757e-05
4.35628e-05
4.24943e-05
4.14743e-05
4.05025e-05
3.95763e-05
3.86904e-05
3.78381e-05
3.70114e-05
3.6201e-05
3.53968e-05
3.45879e-05
3.3763e-05
3.29109e-05
3.20212e-05
3.1085e-05
3.00963e-05
2.90538e-05
2.7963e-05
2.68383e-05
2.57062e-05
2.46068e-05
2.35922e-05
2.27162e-05
2.20204e-05
2.15223e-05
2.12079e-05
2.10377e-05
2.09642e-05
2.09462e-05
2.09563e-05
2.09796e-05
2.1009e-05
2.10412e-05
2.10741e-05
2.11063e-05
2.11369e-05
2.11654e-05
2.11915e-05
2.12152e-05
2.12365e-05
2.12556e-05
2.12726e-05
2.12876e-05
2.13009e-05
2.13125e-05
2.13228e-05
2.13318e-05
2.13396e-05
2.13465e-05
2.13524e-05
2.13576e-05
2.13618e-05
2.13674e-05
)
;
    }
    upperWall
    {
        type            nutkWallFunction;
        Cmu             0.09;
        kappa           0.41;
        E               9.8;
        value           nonuniform List<scalar> 
133
(
1.19999e-05
1.24864e-05
1.29535e-05
1.33991e-05
1.38234e-05
1.42272e-05
1.46114e-05
1.49768e-05
1.53242e-05
1.56542e-05
1.59677e-05
1.62653e-05
1.65477e-05
1.68155e-05
1.70694e-05
1.73101e-05
1.75381e-05
1.7754e-05
1.79584e-05
1.81519e-05
1.83349e-05
1.8508e-05
1.86717e-05
1.88263e-05
1.89725e-05
1.91104e-05
1.92407e-05
1.93635e-05
1.94794e-05
1.95886e-05
1.96915e-05
1.97884e-05
1.98796e-05
1.9979e-05
2.00865e-05
2.01891e-05
2.02864e-05
2.03782e-05
2.04641e-05
2.05438e-05
2.0617e-05
2.06834e-05
2.07424e-05
2.07937e-05
2.08367e-05
2.08707e-05
2.08952e-05
2.09093e-05
2.09123e-05
2.09032e-05
2.0881e-05
2.08446e-05
2.07928e-05
2.07242e-05
2.06375e-05
2.05311e-05
2.04036e-05
2.02534e-05
2.00792e-05
1.98798e-05
1.96543e-05
1.94024e-05
1.91245e-05
1.8822e-05
1.84976e-05
1.81554e-05
1.78012e-05
1.74428e-05
1.70891e-05
1.67501e-05
1.64361e-05
1.61561e-05
1.59173e-05
1.57235e-05
1.5575e-05
1.54674e-05
1.53955e-05
1.53604e-05
1.53502e-05
1.53526e-05
1.53577e-05
1.53587e-05
1.53509e-05
1.53314e-05
1.52985e-05
1.52513e-05
1.51897e-05
1.5115e-05
1.50296e-05
1.49369e-05
1.48405e-05
1.47433e-05
1.46478e-05
1.45555e-05
1.44677e-05
1.43859e-05
1.43116e-05
1.42465e-05
1.41917e-05
1.41471e-05
1.41121e-05
1.40851e-05
1.40646e-05
1.4049e-05
1.40374e-05
1.40291e-05
1.40236e-05
1.40208e-05
1.40204e-05
1.40222e-05
1.40259e-05
1.40312e-05
1.40378e-05
1.40452e-05
1.40531e-05
1.40612e-05
1.40692e-05
1.40769e-05
1.40842e-05
1.40909e-05
1.40969e-05
1.41024e-05
1.41073e-05
1.41115e-05
1.41153e-05
1.41185e-05
1.41212e-05
1.41235e-05
1.41255e-05
1.41271e-05
1.41284e-05
1.41294e-05
1.41306e-05
)
;
    }
    frontAndBack
    {
        type            empty;
    }
}


// ************************************************************************* //
