/*--------------------------------*- C++ -*----------------------------------*\
  =========                 |
  \\      /  F ield         | OpenFOAM: The Open Source CFD Toolbox
   \\    /   O peration     | Website:  https://openfoam.org
    \\  /    A nd           | Version:  10
     \\/     M anipulation  |
\*---------------------------------------------------------------------------*/
FoamFile
{
    format      ascii;
    class       volScalarField;
    location    "0.005";
    object      p;
}
// * * * * * * * * * * * * * * * * * * * * * * * * * * * * * * * * * * * * * //

dimensions      [0 2 -2 0 0 0 0];

internalField   nonuniform List<scalar> 
6820
(
-7.4933
-7.80332
-7.87226
-7.92126
-7.99427
-8.06476
-8.12845
-8.18729
-8.24432
-8.30807
-8.38499
-8.46994
-8.56311
-8.66603
-8.78047
-8.90858
-9.05237
-9.21368
-9.39436
-9.59657
-9.82318
-10.078
-10.3657
-10.6927
-11.0667
-11.4982
-12.001
-12.5952
-13.3088
-14.1888
-15.3128
-16.8224
-19.0939
-7.68922
-7.82106
-7.8766
-7.91975
-7.97985
-8.04067
-8.09996
-8.16092
-8.22698
-8.3004
-8.37901
-8.46457
-8.55827
-8.66167
-8.77646
-8.90461
-9.04806
-9.20865
-9.38829
-9.58919
-9.81422
-10.0671
-10.3525
-10.6763
-11.0462
-11.4721
-11.9669
-12.5494
-13.2425
-14.0905
-15.1249
-16.4843
-18.0068
-7.68775
-7.78079
-7.85899
-7.91444
-7.97855
-8.04449
-8.10811
-8.17058
-8.23422
-8.3016
-8.37657
-8.4609
-8.55414
-8.65691
-8.77097
-8.89818
-9.04033
-9.1992
-9.3767
-9.57507
-9.79708
-10.0463
-10.3271
-10.645
-11.0071
-11.4223
-11.9021
-12.4623
-13.1211
-13.9105
-14.8483
-16.0097
-17.2804
-7.74055
-7.81685
-7.8826
-7.92878
-7.98248
-8.03978
-8.09662
-8.15529
-8.21884
-8.28889
-8.36605
-8.45084
-8.54396
-8.6465
-8.76006
-8.88632
-9.02697
-9.18374
-9.3585
-9.55343
-9.77119
-10.0151
-10.2891
-10.5984
-10.9491
-11.349
-11.8074
-12.3371
-12.9509
-13.6708
-14.5003
-15.4839
-16.5119
-7.76536
-7.81064
-7.86751
-7.91648
-7.97165
-8.03111
-8.09117
-8.15285
-8.21747
-8.28624
-8.36112
-8.44383
-8.53513
-8.63596
-8.74767
-8.87176
-9.00977
-9.16331
-9.33416
-9.52435
-9.73634
-9.97312
-10.2383
-10.5362
-10.872
-11.2522
-11.6839
-12.1765
-12.7381
-13.3814
-14.1037
-14.9233
-15.7633
-7.78885
-7.8257
-7.87974
-7.92721
-7.97731
-8.03122
-8.08631
-8.14377
-8.20515
-8.27284
-8.34721
-8.42927
-8.51969
-8.61934
-8.72944
-8.85136
-8.9865
-9.13636
-9.3026
-9.4871
-9.69205
-9.92009
-10.1743
-10.4583
-10.7763
-11.1331
-11.534
-11.985
-12.4903
-13.0556
-13.6746
-14.3507
-15.0297
-7.80607
-7.83173
-7.87622
-7.91964
-7.96698
-8.01961
-8.07504
-8.13368
-8.19597
-8.26337
-8.33654
-8.41669
-8.50483
-8.60196
-8.7092
-8.82776
-8.9589
-9.10397
-9.26444
-9.44196
-9.63845
-9.8561
-10.0974
-10.3653
-10.6629
-10.9935
-11.3604
-11.767
-12.2144
-12.7034
-13.2256
-13.7766
-14.3173
-7.81912
-7.83922
-7.87943
-7.92183
-7.96732
-8.01715
-8.06954
-8.12474
-8.18419
-8.24896
-8.31997
-8.3981
-8.48414
-8.57889
-8.68326
-8.7983
-8.9251
-9.06484
-9.2188
-9.38841
-9.57526
-9.78112
-10.0079
-10.2578
-10.5328
-10.8351
-11.1663
-11.5273
-11.9171
-12.3335
-12.767
-13.2097
-13.6322
-7.8285
-7.84419
-7.87864
-7.9171
-7.95899
-8.00591
-8.05676
-8.11104
-8.16973
-8.2335
-8.30301
-8.37903
-8.46237
-8.5539
-8.65447
-8.76502
-8.8865
-9.01991
-9.16632
-9.3269
-9.50289
-9.69562
-9.90646
-10.1368
-10.3878
-10.6604
-10.9548
-11.2705
-11.6047
-11.9532
-12.3068
-12.6561
-12.9783
-7.83462
-7.8474
-7.8778
-7.91393
-7.95389
-7.99861
-8.04712
-8.09902
-8.1551
-8.2161
-8.28276
-8.35582
-8.43599
-8.52397
-8.62045
-8.72615
-8.84185
-8.96836
-9.10652
-9.25722
-9.42139
-9.59994
-9.7937
-10.0034
-10.2294
-10.4717
-10.7295
-11.0009
-11.2824
-11.5688
-11.8511
-12.1204
-12.3583
-7.83784
-7.84849
-7.87515
-7.90818
-7.94521
-7.98701
-8.03299
-8.08277
-8.13686
-8.19579
-8.26008
-8.33031
-8.4071
-8.49107
-8.58282
-8.68296
-8.79211
-8.9109
-9.03996
-9.17993
-9.33138
-9.49484
-9.67067
-9.85898
-10.0595
-10.2716
-10.4934
-10.7226
-10.955
-11.1852
-11.4048
-11.6059
-11.7736
-7.83836
-7.84744
-7.87104
-7.90143
-7.93612
-7.97555
-8.01915
-8.06652
-8.11795
-8.17394
-8.23498
-8.30163
-8.37443
-8.45388
-8.54044
-8.63456
-8.73667
-8.8472
-8.96657
-9.09516
-9.23326
-9.38102
-9.53838
-9.70501
-9.88014
-10.0624
-10.2498
-10.4393
-10.6266
-10.8065
-10.9716
-11.115
-11.2245
-7.83634
-7.84422
-7.86516
-7.8929
-7.92501
-7.96172
-8.0026
-8.04729
-8.09599
-8.14907
-8.2069
-8.26991
-8.33853
-8.41313
-8.49407
-8.58165
-8.67615
-8.77783
-8.88692
-9.00356
-9.12778
-9.25942
-9.39808
-9.54304
-9.69316
-9.84675
-10.0014
-10.1541
-10.3006
-10.436
-10.554
-10.6488
-10.7107
-7.83191
-7.83882
-7.85746
-7.88275
-7.91243
-7.94658
-7.98482
-8.02676
-8.07248
-8.12225
-8.17639
-8.23526
-8.2992
-8.36849
-8.44336
-8.52396
-8.61043
-8.70284
-8.80125
-8.90557
-9.01562
-9.13097
-9.25096
-9.3746
-9.5005
-9.62676
-9.75092
-9.86988
-9.97978
-10.0763
-10.1539
-10.2082
-10.2312
-7.82514
-7.83125
-7.84787
-7.87081
-7.89804
-7.92953
-7.96493
-8.00388
-8.0464
-8.09268
-8.14295
-8.19748
-8.25651
-8.32021
-8.38867
-8.46193
-8.53998
-8.62276
-8.71014
-8.8019
-8.89763
-8.99673
-9.09834
-9.20128
-9.30401
-9.40457
-9.50053
-9.58896
-9.6664
-9.72909
-9.77252
-9.79316
-9.78477
-7.81611
-7.82152
-7.83634
-7.85704
-7.88186
-7.91071
-7.94325
-7.97913
-8.01828
-8.06083
-8.10695
-8.15681
-8.21059
-8.26834
-8.33006
-8.39566
-8.465
-8.5379
-8.61409
-8.6932
-8.77467
-8.85777
-8.94149
-9.02457
-9.10541
-9.18208
-9.25228
-9.31335
-9.36225
-9.39585
-9.41045
-9.40339
-9.36982
-7.80489
-7.80967
-7.82284
-7.8414
-7.86383
-7.89
-7.91958
-7.95222
-7.98783
-8.02646
-8.06821
-8.11319
-8.16149
-8.21306
-8.2678
-8.32551
-8.38595
-8.44882
-8.51374
-8.58024
-8.64766
-8.71516
-8.78168
-8.84592
-8.9063
-8.961
-9.0079
-9.04466
-9.0687
-9.07744
-9.06795
-9.03827
-8.9847
-7.79152
-7.79574
-7.80736
-7.82387
-7.84394
-7.86741
-7.89397
-7.92329
-7.95521
-7.98975
-8.02694
-8.06683
-8.10941
-8.15458
-8.20214
-8.25179
-8.3032
-8.356
-8.40972
-8.46379
-8.51751
-8.56998
-8.62013
-8.66668
-8.70813
-8.74281
-8.76883
-8.7842
-8.78675
-8.77441
-8.74494
-8.69695
-8.62767
-7.77606
-7.77975
-7.78993
-7.80445
-7.82217
-7.84292
-7.86641
-7.8923
-7.92041
-7.95071
-7.98318
-8.0178
-8.05451
-8.09314
-8.13338
-8.17489
-8.21726
-8.26003
-8.30271
-8.34466
-8.38515
-8.42329
-8.45801
-8.4881
-8.5122
-8.5288
-8.53628
-8.53295
-8.51707
-8.48702
-8.44113
-8.37846
-8.29697
-7.7586
-7.76178
-7.77058
-7.78316
-7.79854
-7.81658
-7.83695
-7.85933
-7.88354
-7.90948
-7.9371
-7.96633
-7.99705
-8.02902
-8.06189
-8.09525
-8.12862
-8.16152
-8.19341
-8.22365
-8.2515
-8.27608
-8.29639
-8.31133
-8.31967
-8.32009
-8.31122
-8.29169
-8.26013
-8.21533
-8.15604
-8.08172
-7.99089
-7.73919
-7.7419
-7.74936
-7.76005
-7.77312
-7.78842
-7.80564
-7.82447
-7.8447
-7.8662
-7.88888
-7.91263
-7.93729
-7.96256
-7.98806
-8.01331
-8.03783
-8.06109
-8.08255
-8.10157
-8.11743
-8.12932
-8.13631
-8.1374
-8.13152
-8.11757
-8.09441
-8.06097
-8.01618
-7.95918
-7.88908
-7.80562
-7.7078
-7.71794
-7.72018
-7.72635
-7.73518
-7.74597
-7.75853
-7.77259
-7.78783
-7.80403
-7.82104
-7.83873
-7.85696
-7.87553
-7.89412
-7.9123
-7.92958
-7.94545
-7.95939
-7.97084
-7.97921
-7.98382
-7.98392
-7.97867
-7.96721
-7.94862
-7.92201
-7.88647
-7.84116
-7.78531
-7.7183
-7.63958
-7.54907
-7.44616
-7.69496
-7.69674
-7.70166
-7.70867
-7.71719
-7.72704
-7.73793
-7.74957
-7.76172
-7.77422
-7.7869
-7.79962
-7.81213
-7.8241
-7.83509
-7.84459
-7.85208
-7.85707
-7.85902
-7.85736
-7.85148
-7.8407
-7.82431
-7.80157
-7.77172
-7.73405
-7.68785
-7.6325
-7.56746
-7.49235
-7.40684
-7.31102
-7.20453
-7.67036
-7.6717
-7.6754
-7.68063
-7.68692
-7.69407
-7.70181
-7.70986
-7.71798
-7.72597
-7.73368
-7.74092
-7.74746
-7.75293
-7.7569
-7.75886
-7.75832
-7.75479
-7.74777
-7.73674
-7.72117
-7.70046
-7.67401
-7.6412
-7.60145
-7.55417
-7.49887
-7.43509
-7.36251
-7.28091
-7.19015
-7.09042
-6.98158
-7.6443
-7.64522
-7.64772
-7.65122
-7.65532
-7.65981
-7.66445
-7.66895
-7.67307
-7.67662
-7.67941
-7.68127
-7.68194
-7.68109
-7.67826
-7.67299
-7.66479
-7.65321
-7.6378
-7.61809
-7.59363
-7.56391
-7.52844
-7.48673
-7.43832
-7.38278
-7.31976
-7.24899
-7.17027
-7.08354
-6.9888
-6.88631
-6.77608
-7.61695
-7.61746
-7.61881
-7.62062
-7.62257
-7.62446
-7.62604
-7.62704
-7.62723
-7.62641
-7.6244
-7.621
-7.61598
-7.60902
-7.59968
-7.58752
-7.57208
-7.55296
-7.52976
-7.50208
-7.46953
-7.43171
-7.38822
-7.33868
-7.28276
-7.22016
-7.15067
-7.07414
-6.9905
-6.89979
-6.80212
-6.69779
-6.58694
-7.58851
-7.58862
-7.58886
-7.58904
-7.58893
-7.5883
-7.58692
-7.58453
-7.58091
-7.57584
-7.56915
-7.56067
-7.55016
-7.53733
-7.52178
-7.5031
-7.48088
-7.45475
-7.42437
-7.38942
-7.34957
-7.30451
-7.25393
-7.19757
-7.13519
-7.06662
-6.99174
-6.91052
-6.82298
-6.72925
-6.6295
-6.52408
-6.41319
-7.55919
-7.55891
-7.55809
-7.5567
-7.55457
-7.55148
-7.5472
-7.54151
-7.53418
-7.52501
-7.51383
-7.50047
-7.48474
-7.46636
-7.44496
-7.42019
-7.39167
-7.35909
-7.32217
-7.28064
-7.23425
-7.18277
-7.12598
-7.06371
-6.99582
-6.92224
-6.84293
-6.75793
-6.66737
-6.57141
-6.47028
-6.36434
-6.25387
-7.52923
-7.52861
-7.52681
-7.52397
-7.51999
-7.51462
-7.50765
-7.49886
-7.48801
-7.47493
-7.45945
-7.44143
-7.42071
-7.39706
-7.37017
-7.33971
-7.30537
-7.26688
-7.22402
-7.17658
-7.12437
-7.06725
-7.00507
-6.93773
-6.86519
-6.78743
-6.70451
-6.61653
-6.52366
-6.42612
-6.32417
-6.21817
-6.10842
-7.4989
-7.49792
-7.49516
-7.49087
-7.48503
-7.47738
-7.46773
-7.4559
-7.44168
-7.42491
-7.40541
-7.38308
-7.35776
-7.32926
-7.29732
-7.26167
-7.22204
-7.17821
-7.13002
-7.07732
-7.01999
-6.95794
-6.8911
-6.81945
-6.743
-6.66181
-6.57599
-6.48569
-6.39112
-6.29252
-6.19019
-6.08448
-5.97572
-7.4685
-7.46728
-7.46378
-7.45839
-7.45108
-7.44157
-7.42966
-7.41514
-7.39784
-7.37757
-7.35424
-7.32775
-7.29802
-7.26493
-7.22827
-7.18782
-7.14337
-7.09473
-7.04179
-6.98446
-6.92266
-6.85636
-6.78556
-6.71029
-6.63061
-6.54663
-6.45851
-6.36644
-6.27066
-6.17142
-6.06904
-5.96384
-5.85618
-7.43824
-7.43665
-7.43223
-7.42545
-7.41637
-7.40473
-7.3904
-7.37322
-7.35303
-7.32966
-7.30298
-7.27291
-7.23938
-7.20229
-7.16149
-7.1168
-7.06807
-7.01518
-6.95806
-6.89666
-6.83097
-6.76101
-6.68683
-6.60851
-6.52616
-6.43993
-6.35002
-6.25663
-6.16003
-6.0605
-5.95834
-5.85387
-5.74747
-7.40866
-7.40715
-7.40262
-7.39546
-7.38563
-7.3728
-7.35677
-7.33741
-7.31455
-7.2881
-7.25801
-7.22428
-7.18694
-7.14596
-7.10126
-7.05269
-7.00014
-6.94352
-6.88278
-6.81792
-6.74896
-6.67596
-6.59901
-6.51822
-6.43375
-6.34577
-6.25451
-6.16019
-6.06307
-5.96346
-5.86165
-5.75793
-5.65269
-7.37942
-7.37719
-7.37145
-7.36271
-7.35106
-7.3363
-7.31827
-7.29686
-7.27192
-7.2433
-7.21085
-7.17455
-7.13437
-7.09034
-7.04241
-6.99053
-6.93466
-6.87475
-6.81082
-6.7429
-6.67107
-6.59543
-6.5161
-6.43323
-6.34701
-6.25763
-6.16534
-6.07038
-5.97303
-5.87357
-5.77232
-5.66955
-5.56566
-7.35228
-7.35149
-7.34732
-7.33955
-7.32814
-7.3129
-7.29367
-7.27033
-7.24285
-7.21123
-7.17557
-7.13598
-7.09259
-7.04546
-6.99458
-6.93987
-6.88128
-6.81876
-6.75233
-6.68206
-6.60804
-6.5304
-6.44928
-6.36487
-6.27736
-6.18697
-6.09396
-5.99857
-5.90108
-5.80177
-5.70096
-5.59889
-5.49596
-7.3235
-7.32021
-7.31399
-7.30452
-7.29162
-7.27514
-7.25493
-7.2309
-7.20293
-7.17079
-7.1343
-7.09341
-7.0482
-6.99882
-6.9454
-6.88804
-6.8268
-6.76172
-6.69287
-6.62035
-6.54427
-6.46478
-6.38206
-6.2963
-6.20773
-6.11657
-6.02309
-5.92754
-5.83021
-5.73137
-5.63133
-5.53033
-5.42875
-7.30288
-7.30581
-7.30398
-7.29627
-7.28397
-7.26715
-7.24539
-7.21866
-7.18717
-7.15118
-7.11105
-7.06714
-7.01964
-6.96853
-6.91369
-6.855
-6.79238
-6.72586
-6.65555
-6.58158
-6.50413
-6.42336
-6.33948
-6.25269
-6.16323
-6.07135
-5.9773
-5.88136
-5.78381
-5.68492
-5.58499
-5.48423
-5.38305
-7.26406
-7.26217
-7.26088
-7.25372
-7.2418
-7.22585
-7.20563
-7.18128
-7.15273
-7.11946
-7.08091
-7.03694
-6.98783
-6.93414
-6.87641
-6.81498
-6.75002
-6.68158
-6.60966
-6.53435
-6.45576
-6.37407
-6.28949
-6.20223
-6.11255
-6.02068
-5.92689
-5.83143
-5.73459
-5.63663
-5.53784
-5.43844
-5.33887
-7.27195
-7.27848
-7.27866
-7.27058
-7.25823
-7.24059
-7.21668
-7.18666
-7.15114
-7.11118
-7.06795
-7.02221
-6.97398
-6.92259
-6.86718
-6.80723
-6.74272
-6.67395
-6.60133
-6.52521
-6.44583
-6.3634
-6.27808
-6.19007
-6.09961
-6.00695
-5.91238
-5.81617
-5.71863
-5.62004
-5.52076
-5.42098
-5.32132
-7.14897
-7.21203
-7.2238
-7.21719
-7.20927
-7.19564
-7.17636
-7.15338
-7.1265
-7.09426
-7.05526
-7.00906
-6.95639
-6.89853
-6.83684
-6.77217
-6.70477
-6.63445
-6.561
-6.48429
-6.4044
-6.32154
-6.23596
-6.14795
-6.05777
-5.96566
-5.87188
-5.77666
-5.68026
-5.5829
-5.4848
-5.38622
-5.28715
-22.5586
-20.2047
-27.5596
-34.9005
-35.2343
-29.7509
-22.5528
-16.4402
-12.0042
-8.82988
-6.53076
-4.85446
-3.6138
-2.68145
-1.97185
-1.42533
-1.0003
-0.667384
-0.405347
-0.198626
-0.0356072
0.0925659
0.192754
0.270329
0.329533
0.37377
0.405804
0.427893
0.441892
0.449335
0.451494
0.449427
0.444012
0.435984
0.425952
0.414424
0.401819
0.388483
0.374701
0.360704
0.346678
0.332775
0.31911
0.305776
0.29284
0.280352
0.268347
0.256845
0.245858
0.235388
0.225429
0.215971
0.207
0.198496
0.19044
0.182809
0.17558
0.168729
0.162231
0.156063
0.150201
0.144621
0.139301
0.13422
0.129356
0.12469
0.120203
0.115878
0.111698
0.107647
0.103711
0.0998773
0.0961326
0.0924652
0.0888648
0.0853211
0.0818254
0.0783689
0.0749443
0.0715444
0.068163
0.0647937
0.0614316
0.0580713
0.0547087
0.0513396
0.0479604
0.0445676
0.0411582
0.0377292
0.0342781
0.0308023
0.0272997
0.0237685
0.0202058
0.0166125
0.0129796
0.00932414
0.00559647
0.00191757
-20.6195
-20.6549
-24.8866
-29.5297
-29.8118
-25.8682
-20.3362
-15.3537
-11.5273
-8.66407
-6.52187
-4.92029
-3.71286
-2.79295
-2.0852
-1.53535
-1.10458
-0.764934
-0.495938
-0.282383
-0.11281
0.0215386
0.127457
0.210326
0.274436
0.32321
0.359433
0.385386
0.402949
0.413677
0.418861
0.419579
0.416728
0.411057
0.403192
0.393655
0.382878
0.371219
0.358976
0.346389
0.333655
0.320935
0.308353
0.296009
0.283978
0.272318
0.261068
0.250257
0.239898
0.230001
0.220565
0.211582
0.203043
0.194932
0.187233
0.179926
0.172991
0.166406
0.16015
0.1542
0.148535
0.143132
0.137973
0.133036
0.128301
0.123752
0.11937
0.115139
0.111043
0.107068
0.1032
0.0994259
0.0957348
0.0921151
0.0885571
0.0850511
0.0815888
0.078162
0.0747637
0.0713869
0.0680256
0.0646741
0.0613276
0.0579812
0.054631
0.0512727
0.0479029
0.0445182
0.0411159
0.0376931
0.0342475
0.0307766
0.0272783
0.0237509
0.0201916
0.0166012
0.0129713
0.00931771
0.00559358
0.00191436
-19.2265
-19.8617
-22.4226
-25.4969
-25.6033
-22.5874
-18.33
-14.3161
-11.0397
-8.47127
-6.48775
-4.9678
-3.80005
-2.89736
-2.19479
-1.64379
-1.20868
-0.863182
-0.587743
-0.367658
-0.191724
-0.0512864
0.0603901
0.148624
0.217699
0.27108
0.311574
0.341477
0.362689
0.376785
0.385076
0.388658
0.388445
0.385204
0.379574
0.372092
0.363204
0.35328
0.342629
0.331502
0.320108
0.308615
0.297156
0.285841
0.274751
0.26395
0.253486
0.243391
0.233687
0.224387
0.215494
0.207006
0.198917
0.191216
0.183889
0.17692
0.170291
0.163983
0.157978
0.152256
0.146796
0.141579
0.136587
0.1318
0.127201
0.122774
0.118502
0.114368
0.110361
0.106464
0.102666
0.0989549
0.0953197
0.0917498
0.0882361
0.0847693
0.0813419
0.0779459
0.0745748
0.071222
0.0678821
0.0645496
0.0612196
0.0578878
0.0545501
0.0512028
0.0478427
0.0444666
0.0410718
0.0376556
0.0342158
0.0307499
0.0272561
0.0237325
0.0201769
0.0165894
0.0129628
0.00931098
0.00559084
0.0019104
-17.9407
-18.8366
-20.524
-22.3924
-22.2883
-19.9759
-16.6545
-13.3693
-10.5512
-8.25567
-6.43015
-4.9969
-3.87441
-2.99351
-2.29944
-1.74961
-1.31171
-0.961383
-0.680171
-0.453971
-0.27192
-0.125558
-0.00821715
0.0853827
0.159476
0.217514
0.26233
0.296248
0.32118
0.338715
0.350185
0.356702
0.359196
0.35845
0.355119
0.349752
0.34281
0.334675
0.325667
0.316049
0.306039
0.295814
0.285519
0.275268
0.265153
0.255243
0.245594
0.236244
0.227219
0.218538
0.21021
0.202237
0.194617
0.187342
0.180402
0.173784
0.167474
0.161456
0.155713
0.150227
0.144981
0.139958
0.13514
0.13051
0.126053
0.121753
0.117595
0.113564
0.109648
0.105833
0.102109
0.0984631
0.0948862
0.0913684
0.0879008
0.0844752
0.0810841
0.0777204
0.0743778
0.0710503
0.0677324
0.0644193
0.0611065
0.0577898
0.0544654
0.0511298
0.04778
0.0444128
0.0410258
0.0376164
0.0341825
0.0307219
0.0272328
0.0237133
0.0201614
0.0165771
0.0129539
0.00930389
0.00558824
0.00190533
-16.8525
-17.7203
-18.8087
-19.8822
-19.6475
-17.8261
-15.1882
-12.4856
-10.0676
-8.02492
-6.353
-5.00894
-3.93597
-3.08082
-2.39843
-1.85211
-1.41308
-1.05907
-0.772851
-0.541039
-0.353191
-0.201087
-0.0782027
0.0206859
0.0997916
0.162537
0.211733
0.249715
0.278425
0.299466
0.314182
0.323699
0.328967
0.33078
0.32981
0.326619
0.32168
0.315389
0.308076
0.300015
0.291435
0.282523
0.273431
0.264283
0.255177
0.246192
0.237388
0.22881
0.22049
0.212453
0.204712
0.197274
0.19014
0.183308
0.176771
0.170519
0.164541
0.158824
0.153353
0.148114
0.143091
0.138269
0.133632
0.129166
0.124857
0.120689
0.116649
0.112725
0.108905
0.105176
0.101528
0.0979505
0.0944345
0.0909708
0.0875514
0.0841686
0.0808154
0.0774852
0.0741723
0.070871
0.0675763
0.0642837
0.0609889
0.0576879
0.0543774
0.0510539
0.0477146
0.0443567
0.0409779
0.0375756
0.034148
0.0306929
0.0272086
0.0236934
0.0201454
0.0165643
0.0129447
0.00929651
0.00558602
0.00189952
-15.8552
-16.5882
-17.3023
-17.8703
-17.5287
-16.0519
-13.9265
-11.6824
-9.60048
-7.78509
-6.25952
-5.00517
-3.9848
-3.15882
-2.49105
-1.95055
-1.51211
-1.15565
-0.86528
-0.628447
-0.435198
-0.277609
-0.149332
-0.0452479
0.0388054
0.106239
0.159849
0.201952
0.234487
0.259082
0.277101
0.289681
0.297782
0.302214
0.303663
0.302704
0.299823
0.295427
0.289858
0.283403
0.276297
0.268739
0.26089
0.252881
0.24482
0.236791
0.228861
0.221083
0.213495
0.206126
0.198993
0.19211
0.185482
0.179111
0.172992
0.16712
0.161487
0.156083
0.150895
0.145913
0.141122
0.136509
0.132062
0.127766
0.12361
0.11958
0.115665
0.111852
0.108131
0.104491
0.100922
0.0974163
0.0939636
0.0905564
0.0871872
0.083849
0.0805353
0.0772402
0.0739583
0.0706843
0.0674137
0.0641423
0.0608661
0.0575816
0.0542854
0.0509746
0.0476464
0.0442983
0.0409279
0.0375331
0.034112
0.0306626
0.0271834
0.0236726
0.0201286
0.016551
0.0129351
0.0092888
0.00558402
0.00189294
-14.9426
-15.5183
-15.9675
-16.2039
-15.7923
-14.5668
-12.8274
-10.9479
-9.15166
-7.54077
-6.1531
-4.98729
-4.0214
-3.22731
-2.57681
-2.04434
-1.60821
-1.25058
-0.957008
-0.715821
-0.517635
-0.354878
-0.221417
-0.112262
-0.0233298
0.0487423
0.106744
0.152987
0.189398
0.217601
0.238969
0.25466
0.265649
0.272757
0.27668
0.278008
0.277237
0.274787
0.271012
0.266208
0.260621
0.254459
0.247892
0.24106
0.234077
0.227037
0.220013
0.213063
0.206232
0.199554
0.193053
0.186745
0.180642
0.174748
0.169063
0.163586
0.158311
0.153232
0.148339
0.143623
0.139073
0.134679
0.130428
0.12631
0.122313
0.118426
0.11464
0.110942
0.107325
0.103778
0.100292
0.0968603
0.0934736
0.0901252
0.0868082
0.0835163
0.0802438
0.0769851
0.0737354
0.0704899
0.0672444
0.0639952
0.0607385
0.0574711
0.0541899
0.0508922
0.0475755
0.0442375
0.0408759
0.0374889
0.0340745
0.0306311
0.0271571
0.023651
0.0201113
0.0165371
0.0129252
0.00928081
0.00558221
0.00188602
-14.0988
-14.5213
-14.7801
-14.8086
-14.3583
-13.3171
-11.8711
-10.2825
-8.72655
-7.29669
-6.03695
-4.95704
-4.04643
-3.28628
-2.65533
-2.13295
-1.70082
-1.34335
-1.04756
-0.802753
-0.600159
-0.432607
-0.294218
-0.180165
-0.086462
-0.00980516
0.0525541
0.102915
0.14321
0.175058
0.199826
0.218677
0.232598
0.24243
0.248878
0.252543
0.253932
0.253476
0.251541
0.248432
0.244407
0.239682
0.234436
0.228816
0.222947
0.216927
0.210838
0.204745
0.198697
0.192734
0.186887
0.181175
0.175616
0.170216
0.164982
0.159914
0.155012
0.150269
0.145682
0.141243
0.136944
0.132775
0.128729
0.124795
0.120964
0.117226
0.113574
0.109997
0.106487
0.103036
0.0996371
0.0962819
0.0929639
0.0896765
0.0864139
0.0831703
0.0799406
0.0767198
0.0735036
0.0702877
0.0670684
0.0638421
0.0606056
0.057356
0.0540905
0.0508065
0.0475018
0.0441742
0.0408219
0.0374429
0.0340356
0.0305984
0.0271299
0.0236285
0.0200932
0.0165227
0.012915
0.00927254
0.00558038
0.00187892
-13.3178
-13.6076
-13.7275
-13.6238
-13.156
-12.254
-11.0339
-9.67912
-8.32583
-7.05581
-5.91383
-4.91623
-4.06076
-3.33594
-2.72642
-2.21598
-1.78947
-1.43347
-1.1365
-0.88885
-0.682432
-0.51051
-0.367499
-0.248759
-0.150428
-0.0692794
-0.00261057
0.0518492
0.0960139
0.131507
0.1597
0.181753
0.198658
0.211259
0.220274
0.22632
0.229916
0.231502
0.231452
0.230082
0.22766
0.224411
0.220523
0.216152
0.21143
0.206463
0.201339
0.196129
0.19089
0.185667
0.180495
0.1754
0.170403
0.165516
0.160748
0.156105
0.151587
0.147195
0.142925
0.138773
0.134733
0.130799
0.126965
0.123222
0.119563
0.11598
0.112467
0.109014
0.105617
0.102266
0.0989564
0.0956811
0.0924343
0.0892105
0.0860043
0.0828108
0.0796256
0.0764442
0.0732628
0.0700777
0.0668855
0.0636831
0.0604677
0.0572365
0.0539872
0.0507174
0.0474252
0.0441085
0.0407657
0.0373951
0.0339951
0.0305644
0.0271015
0.0236052
0.0200745
0.0165078
0.0129043
0.00926403
0.00557854
0.00187192
-12.5953
-12.7749
-12.7922
-12.6062
-12.1372
-11.3435
-10.2996
-9.1337
-7.95096
-6.82103
-5.78635
-4.86666
-4.06536
-3.37664
-2.79001
-2.29314
-1.87374
-1.5205
-1.22338
-0.973717
-0.764103
-0.588285
-0.441
-0.317827
-0.215045
-0.129525
-0.0586255
-0.000112041
0.0479086
0.0870441
0.118662
0.143933
0.163851
0.179262
0.190893
0.199367
0.205209
0.208875
0.210752
0.211162
0.210384
0.208649
0.206156
0.203069
0.199526
0.195642
0.191512
0.187213
0.182809
0.178349
0.173875
0.169418
0.165002
0.160645
0.15636
0.152155
0.148037
0.144006
0.140065
0.13621
0.13244
0.128749
0.125134
0.121589
0.118109
0.114687
0.111318
0.107995
0.104713
0.101467
0.0982498
0.0950575
0.0918847
0.0887267
0.0855791
0.0824377
0.0792986
0.0761581
0.0730128
0.0698597
0.0666956
0.0635181
0.0603245
0.0571125
0.05388
0.050625
0.0473457
0.0440404
0.0407075
0.0373456
0.0339532
0.0305291
0.0270722
0.023581
0.020055
0.0164924
0.0128933
0.00925526
0.00557651
0.00186515
-11.9278
-12.0189
-11.9612
-11.7248
-11.2645
-10.5573
-9.6526
-8.64042
-7.60155
-6.59412
-5.65665
-4.81002
-4.06128
-3.40885
-2.84618
-2.36423
-1.95332
-1.60405
-1.30783
-1.05698
-0.844831
-0.66563
-0.514461
-0.387143
-0.280123
-0.190383
-0.115354
-0.0528531
-0.00101697
0.0417456
0.0767938
0.105291
0.128233
0.146477
0.160756
0.171693
0.179826
0.185618
0.18946
0.191688
0.192588
0.192404
0.191341
0.189571
0.18724
0.18447
0.181363
0.178002
0.174457
0.170784
0.167029
0.16323
0.159414
0.155604
0.151818
0.148067
0.144361
0.140705
0.137103
0.133556
0.130064
0.126626
0.123238
0.119898
0.116603
0.113347
0.110127
0.106938
0.103777
0.100638
0.0975174
0.0944111
0.091315
0.0882253
0.0851384
0.0820509
0.0789596
0.0758615
0.0727537
0.0696336
0.0664988
0.063347
0.060176
0.056984
0.0537689
0.0505292
0.0472633
0.0439697
0.0406471
0.0372942
0.0339097
0.0304926
0.0270418
0.0235559
0.0200349
0.0164764
0.0128818
0.00924629
0.00557431
0.00185874
-11.3122
-11.3333
-11.2213
-10.9552
-10.51
-9.87377
-9.08065
-8.19452
-7.2772
-6.37656
-5.52662
-4.7479
-4.04961
-3.43318
-2.89513
-2.4292
-2.02796
-1.68381
-1.38947
-1.13828
-0.924283
-0.742241
-0.587611
-0.456473
-0.345459
-0.251677
-0.172649
-0.106249
-0.0506534
-0.00429734
0.0341643
0.0658887
0.0918706
0.112965
0.129908
0.143334
0.153789
0.16174
0.167584
0.171669
0.174286
0.175689
0.176089
0.175667
0.174578
0.17295
0.170893
0.168496
0.165835
0.162972
0.159959
0.156837
0.15364
0.150394
0.147122
0.143839
0.140559
0.13729
0.134039
0.13081
0.127606
0.124428
0.121276
0.118148
0.115043
0.11196
0.108894
0.105845
0.102808
0.09978
0.0967592
0.0937418
0.090725
0.087706
0.084682
0.0816504
0.0786087
0.0755544
0.0724854
0.0693996
0.0662951
0.0631699
0.0600223
0.0568508
0.0536539
0.0504301
0.0471781
0.0438966
0.0405847
0.037241
0.0338648
0.0304548
0.0270103
0.02353
0.0200141
0.0164599
0.01287
0.00923709
0.00557176
0.00185283
-10.745
-10.7119
-10.5611
-10.2792
-9.85237
-9.27553
-8.57312
-7.79112
-6.97679
-6.16919
-5.39774
-4.68174
-4.03142
-3.45027
-2.93715
-2.48805
-2.09751
-1.7595
-1.468
-1.2173
-1.00214
-0.81782
-0.660179
-0.525576
-0.410841
-0.313225
-0.23035
-0.160162
-0.100885
-0.0509853
-0.0091382
0.0258006
0.0548199
0.0787747
0.0984032
0.114342
0.127141
0.137274
0.14515
0.151122
0.15549
0.15851
0.160406
0.161365
0.161548
0.161092
0.160111
0.158703
0.15695
0.154919
0.152667
0.150242
0.147681
0.145017
0.142275
0.139475
0.136633
0.133763
0.130874
0.127973
0.125066
0.122157
0.119247
0.116339
0.113432
0.110526
0.10762
0.104714
0.101805
0.0988931
0.0959752
0.0930498
0.0901151
0.0871692
0.0842102
0.0812363
0.0782457
0.0752369
0.072208
0.0691577
0.0660844
0.0629867
0.0598634
0.0567132
0.053535
0.0503275
0.0470899
0.043821
0.0405201
0.0371861
0.0338183
0.0304157
0.0269777
0.0235033
0.0199926
0.0164429
0.0128577
0.00922772
0.00556896
0.00184742
-10.2232
-10.1484
-9.9707
-9.68191
-9.2751
-8.74879
-8.12118
-7.4259
-6.69914
-5.97257
-5.27126
-4.61283
-4.00777
-3.46083
-2.97261
-2.54091
-2.16189
-1.83094
-1.54316
-1.29374
-1.0781
-0.89208
-0.731899
-0.594209
-0.476051
-0.374833
-0.28829
-0.214447
-0.151584
-0.0982082
-0.0530203
-0.0148926
0.0171539
0.0439689
0.0662895
0.0847548
0.0999194
0.112262
0.122196
0.13008
0.136222
0.140888
0.144307
0.146675
0.148159
0.1489
0.149022
0.148628
0.147805
0.146628
0.145159
0.143449
0.141543
0.139476
0.137279
0.134975
0.132585
0.130125
0.127609
0.125047
0.122446
0.119814
0.117154
0.114472
0.111768
0.109046
0.106305
0.103547
0.100771
0.0979774
0.0951658
0.0923353
0.0894853
0.0866148
0.083723
0.0808087
0.077871
0.074909
0.0719216
0.0689078
0.0658668
0.0627976
0.0596994
0.0565712
0.0534122
0.0502217
0.0469989
0.043743
0.0404534
0.0371294
0.0337703
0.0303754
0.0269442
0.0234757
0.0199704
0.0164254
0.012845
0.00921815
0.00556575
0.00184262
-9.74336
-9.63719
-9.44132
-9.15167
-8.76526
-8.2825
-7.71737
-7.09486
-6.44285
-5.78688
-5.14811
-4.54229
-3.97962
-3.46557
-3.00195
-2.58796
-2.22111
-1.898
-1.61473
-1.36733
-1.1519
-0.964748
-0.80251
-0.662128
-0.540869
-0.436305
-0.346292
-0.268947
-0.202615
-0.145847
-0.0973771
-0.0560999
-0.0210498
0.00861505
0.0336283
0.0546283
0.0721707
0.0867384
0.0987505
0.108571
0.116515
0.122853
0.12782
0.131621
0.134427
0.13639
0.137638
0.13828
0.13841
0.138107
0.137439
0.136464
0.135229
0.133775
0.132137
0.130343
0.128418
0.12638
0.124247
0.122033
0.119747
0.1174
0.114998
0.112548
0.110054
0.107521
0.10495
0.102344
0.0997046
0.0970336
0.0943315
0.0915989
0.0888362
0.0860434
0.0832207
0.0803679
0.0774847
0.074571
0.0716263
0.0686503
0.0656426
0.0626027
0.0595302
0.0564247
0.0532857
0.0501126
0.0469051
0.0436626
0.0403847
0.0370709
0.0337208
0.0303338
0.0269096
0.0234473
0.0199476
0.0164074
0.0128319
0.00920843
0.00556227
0.00183829
-9.30234
-9.17282
-8.96545
-8.67891
-8.31255
-7.86773
-7.35538
-6.79445
-6.2065
-5.61212
-5.02904
-4.47109
-3.9479
-3.46521
-3.02564
-2.62945
-2.27523
-1.96059
-1.68256
-1.43788
-1.22328
-1.03557
-0.871759
-0.729096
-0.605072
-0.497436
-0.404174
-0.323499
-0.253831
-0.193772
-0.142096
-0.0977218
-0.0597032
-0.0272097
0.000485745
0.024019
0.0439457
0.0607508
0.0748565
0.0866311
0.0963948
0.104425
0.110964
0.11622
0.120374
0.123581
0.125976
0.127675
0.128777
0.129367
0.129518
0.129293
0.128745
0.12792
0.126855
0.125584
0.124135
0.122531
0.120791
0.118934
0.116972
0.114917
0.112781
0.11057
0.108291
0.105951
0.103555
0.101106
0.0986075
0.0960624
0.093473
0.0908411
0.0881682
0.0854554
0.0827039
0.0799143
0.0770872
0.0742231
0.0713224
0.0683852
0.0654118
0.0624021
0.0593562
0.056274
0.0531554
0.0500003
0.0468086
0.0435799
0.040314
0.0370108
0.03367
0.0302911
0.0268741
0.0234181
0.0199241
0.0163889
0.0128185
0.00919852
0.00555843
0.00183446
-8.8971
-8.75058
-8.53663
-8.25578
-7.90873
-7.4972
-7.02992
-6.52147
-5.98867
-5.44809
-4.91455
-4.40005
-3.91343
-3.46044
-3.04419
-2.66568
-2.32437
-2.01872
-1.74652
-1.50519
-1.29203
-1.1043
-0.939409
-0.79488
-0.668442
-0.558023
-0.461747
-0.377934
-0.305079
-0.241847
-0.187054
-0.13965
-0.0987104
-0.0634205
-0.0330623
-0.0070055
0.0153035
0.0343497
0.050558
0.0642999
0.0759
0.085641
0.0937696
0.1005
0.10602
0.110491
0.114052
0.116826
0.118918
0.120419
0.121407
0.121948
0.122102
0.121919
0.121441
0.120705
0.119743
0.118582
0.117246
0.115754
0.114124
0.11237
0.110504
0.108538
0.106481
0.10434
0.102123
0.0998348
0.0974807
0.095065
0.0925913
0.0900627
0.087482
0.0848514
0.0821729
0.0794483
0.0766788
0.0738658
0.0710103
0.068113
0.0651747
0.062196
0.0591774
0.0561192
0.0530216
0.049885
0.0467094
0.0434949
0.0402415
0.0369491
0.0336177
0.0302472
0.0268376
0.0233881
0.0199
0.0163699
0.0128046
0.00918847
0.00555437
0.00183092
-8.52475
-8.3662
-8.14931
-7.87579
-7.54706
-7.16495
-6.73649
-6.27308
-5.78796
-5.2945
-4.805
-4.32983
-3.87696
-3.45193
-3.0581
-2.69699
-2.36872
-2.07243
-1.80656
-1.56914
-1.35796
-1.17075
-1.00524
-0.859258
-0.730762
-0.617861
-0.518822
-0.432075
-0.356201
-0.289928
-0.232121
-0.181767
-0.137967
-0.0999238
-0.066933
-0.0383715
-0.0136902
0.00759464
0.0259082
0.0416243
0.0550707
0.0665345
0.0762673
0.0844891
0.0913917
0.0971425
0.101888
0.105754
0.108852
0.111279
0.113117
0.11444
0.115309
0.115781
0.115901
0.115711
0.115247
0.11454
0.113616
0.112498
0.111207
0.10976
0.108172
0.106457
0.104626
0.10269
0.100656
0.0985322
0.096326
0.0940427
0.0916875
0.0892648
0.0867786
0.0842322
0.0816287
0.0789706
0.0762602
0.0734995
0.0706902
0.0678338
0.0649317
0.0619848
0.0589941
0.0559605
0.0528845
0.0497668
0.0466078
0.0434078
0.0401671
0.0368858
0.0335643
0.0302023
0.0268002
0.0233574
0.0198754
0.0163505
0.0127904
0.00917825
0.00555003
0.00182769
-8.1826
-8.0159
-7.79873
-7.53351
-7.22202
-6.86603
-6.47128
-6.0468
-5.60308
-5.15095
-4.70063
-4.26099
-3.83915
-3.44031
-3.06789
-2.72374
-2.40849
-2.12179
-1.86266
-1.62962
-1.42094
-1.23472
-1.06905
-0.92202
-0.791823
-0.676748
-0.575207
-0.485744
-0.40703
-0.337863
-0.27716
-0.223948
-0.177359
-0.136618
-0.101035
-0.0699967
-0.0429615
-0.0194488
0.000965833
0.018657
0.0339547
0.0471494
0.0584966
0.0682208
0.0765188
0.0835633
0.0895057
0.0944784
0.0985973
0.101964
0.104666
0.106782
0.10838
0.109517
0.110247
0.110613
0.110657
0.110411
0.109907
0.109171
0.108226
0.107093
0.105789
0.10433
0.10273
0.101002
0.0991552
0.0972002
0.095145
0.0929972
0.0907631
0.0884488
0.0860592
0.0835989
0.081072
0.0784819
0.075832
0.0731248
0.0703629
0.0675483
0.0646831
0.0617687
0.0588067
0.0557982
0.0527443
0.0496459
0.0465039
0.0433187
0.040091
0.0368211
0.0335096
0.0301563
0.026762
0.023326
0.0198501
0.0163307
0.0127759
0.00916789
0.00554554
0.00182458
-7.86818
-7.69634
-7.48081
-7.22441
-6.92904
-6.59634
-6.23105
-5.8404
-5.43279
-5.01701
-4.60155
-4.19398
-3.80058
-3.42615
-3.07405
-2.74632
-2.44392
-2.16695
-1.91485
-1.68659
-1.48084
-1.29606
-1.13065
-0.982972
-0.851427
-0.734488
-0.630712
-0.538761
-0.457398
-0.385495
-0.322025
-0.266061
-0.216767
-0.173393
-0.135268
-0.101791
-0.0724293
-0.0467072
-0.0242028
-0.00454236
0.0126054
0.0275333
0.0405001
0.0517341
0.0614367
0.0697851
0.0769357
0.0830258
0.0881763
0.0924938
0.0960716
0.098992
0.101327
0.103141
0.104489
0.105421
0.10598
0.106204
0.106128
0.10578
0.105187
0.104373
0.103358
0.10216
0.100796
0.0992801
0.0976246
0.0958413
0.0939403
0.0919305
0.0898201
0.0876161
0.0853251
0.0829527
0.0805039
0.0779833
0.075395
0.0727424
0.0700288
0.067257
0.0644294
0.0615482
0.0586154
0.0556326
0.0526012
0.0495226
0.0463979
0.0432279
0.0400134
0.0367552
0.0334538
0.0301095
0.0267231
0.0232941
0.0198244
0.0163105
0.0127611
0.00915736
0.00554085
0.0018216
-7.57924
-7.40456
-7.19204
-6.94465
-6.66428
-6.35244
-6.01305
-5.65196
-5.27596
-4.89222
-4.5078
-4.12915
-3.76175
-3.40998
-3.07705
-2.7651
-2.47529
-2.20806
-1.96319
-1.74002
-1.53758
-1.35464
-1.18989
-1.04193
-0.909385
-0.790888
-0.685149
-0.590943
-0.507132
-0.432661
-0.366566
-0.307966
-0.256062
-0.210132
-0.169525
-0.133657
-0.102004
-0.0740994
-0.0495245
-0.0279073
-0.00891683
0.00774105
0.0223274
0.0350739
0.0461855
0.0558438
0.0642095
0.0714249
0.0776156
0.0828927
0.0873546
0.091088
0.0941698
0.0966679
0.0986425
0.100147
0.101229
0.101929
0.102286
0.102333
0.102098
0.101608
0.100886
0.0999539
0.0988292
0.0975288
0.0960676
0.0944588
0.0927145
0.0908451
0.0888604
0.0867688
0.0845781
0.082295
0.0799258
0.0774759
0.0749503
0.0723533
0.0696889
0.0669605
0.0641712
0.0613238
0.0584207
0.055464
0.0524556
0.0493971
0.04629
0.0431354
0.0399345
0.0366881
0.0333971
0.0300619
0.0266835
0.0232616
0.0197983
0.01629
0.0127461
0.00914672
0.00553607
0.00181861
-7.31369
-7.13795
-6.92939
-6.69098
-6.42454
-6.13142
-5.8149
-5.47978
-5.13156
-4.77613
-4.41937
-4.06676
-3.72308
-3.39227
-3.07736
-2.78046
-2.50289
-2.2453
-2.00777
-1.78994
-1.59111
-1.41037
-1.24663
-1.09874
-0.96552
-0.845768
-0.738334
-0.642111
-0.556057
-0.479197
-0.410627
-0.349517
-0.295108
-0.246708
-0.20369
-0.165487
-0.131589
-0.101537
-0.074918
-0.051364
-0.0305451
-0.0121668
0.00403357
0.0182899
0.0308104
0.0417804
0.0513648
0.0597098
0.0669457
0.0731882
0.07854
0.0830925
0.0869269
0.0901155
0.0927227
0.0948057
0.0964157
0.0975981
0.0983937
0.0988389
0.0989661
0.0988045
0.0983801
0.0977163
0.0968342
0.0957524
0.0944881
0.0930563
0.0914708
0.0897439
0.0878867
0.0859091
0.0838201
0.0816277
0.0793391
0.076961
0.074499
0.0719584
0.0693439
0.0666596
0.0639093
0.0610962
0.0582232
0.0552931
0.0523079
0.0492699
0.0461806
0.0430417
0.0398545
0.0366201
0.0333395
0.0300136
0.0266433
0.0232286
0.0197718
0.0162693
0.0127308
0.00913591
0.00553117
0.00181561
-7.0697
-6.89423
-6.69024
-6.46063
-6.2071
-5.93083
-5.6346
-5.32236
-4.99864
-4.66827
-4.33618
-4.00702
-3.68494
-3.37347
-3.07539
-2.79278
-2.52701
-2.2789
-2.04872
-1.83638
-1.64141
-1.46315
-1.30075
-1.15326
-1.01967
-0.898953
-0.790089
-0.692087
-0.604001
-0.524933
-0.454047
-0.390562
-0.333763
-0.282989
-0.23764
-0.197169
-0.161079
-0.128922
-0.100295
-0.0748312
-0.0522049
-0.0321221
-0.0143194
0.00143862
0.0153629
0.0276417
0.0384434
0.0479185
0.0562012
0.0634114
0.0696563
0.0750313
0.0796221
0.0835052
0.0867488
0.0894142
0.0915562
0.0932241
0.0944619
0.0953093
0.0958018
0.0959715
0.0958471
0.0954546
0.0948174
0.0939566
0.0928912
0.0916382
0.0902133
0.0886304
0.086902
0.0850396
0.0830534
0.0809527
0.0787458
0.0764402
0.0740426
0.071559
0.068995
0.0663553
0.0636443
0.0608659
0.0580235
0.0551202
0.0521586
0.0491411
0.04607
0.0429469
0.0397736
0.0365513
0.0332814
0.0299648
0.0266028
0.0231954
0.0197451
0.0162483
0.0127154
0.00912505
0.00552624
0.00181251
-6.84557
-6.67139
-6.47236
-6.25126
-6.00964
-5.74858
-5.4704
-5.17842
-4.87635
-4.56822
-4.25815
-3.95009
-3.64765
-3.35395
-3.07155
-2.80241
-2.54795
-2.30906
-2.08619
-1.87941
-1.68849
-1.51296
-1.35217
-1.20536
-1.07169
-0.950281
-0.840243
-0.740697
-0.650788
-0.569701
-0.496661
-0.430945
-0.371877
-0.318835
-0.271244
-0.228579
-0.19036
-0.156152
-0.125558
-0.0982205
-0.0738153
-0.0520507
-0.0326638
-0.015418
-0.000100827
0.0134788
0.0254923
0.0360935
0.0454205
0.0535972
0.0607347
0.0669327
0.0722808
0.0768596
0.0807413
0.0839909
0.0866671
0.0888224
0.0905045
0.091756
0.0926158
0.0931186
0.093296
0.0931765
0.0927858
0.0921474
0.0912822
0.0902093
0.0889461
0.0875082
0.0859097
0.0841633
0.0822808
0.0802725
0.0781478
0.0759152
0.0735825
0.0711565
0.0686433
0.0660486
0.0633773
0.0606339
0.0578222
0.0549459
0.0520081
0.0490115
0.0459585
0.0428514
0.0396921
0.036482
0.0332229
0.0299157
0.026562
0.0231619
0.0197182
0.0162273
0.0126999
0.00911407
0.00552124
0.0018093
-6.63984
-6.46767
-6.27379
-6.06084
-5.83022
-5.58288
-5.32082
-5.0468
-4.76393
-4.47556
-4.18515
-3.89608
-3.61146
-3.33406
-3.06619
-2.80971
-2.566
-2.33602
-2.12032
-1.91913
-1.73237
-1.55975
-1.40081
-1.25493
-1.12144
-0.9996
-0.888632
-0.787769
-0.696247
-0.613327
-0.538302
-0.470502
-0.409296
-0.354098
-0.304362
-0.259587
-0.219311
-0.183111
-0.150603
-0.121433
-0.0952852
-0.0718687
-0.0509222
-0.0322091
-0.0155155
-0.000648552
0.0125658
0.0242845
0.0346491
0.0437868
0.051813
0.0588308
0.0649341
0.0702071
0.0747258
0.078559
0.0817689
0.0844117
0.0865381
0.0881941
0.0894215
0.0902579
0.0907376
0.0908916
0.090748
0.0903324
0.089668
0.0887757
0.0876746
0.0863821
0.0849138
0.083284
0.0815054
0.0795897
0.0775476
0.0753884
0.0731208
0.0707525
0.0682904
0.0657408
0.0631094
0.060401
0.0576203
0.0547711
0.0518571
0.0488814
0.0458468
0.0427557
0.0396103
0.0364126
0.0331642
0.0298665
0.0265211
0.0231284
0.0196913
0.0162062
0.0126845
0.00910309
0.00551627
0.00180596
-6.45117
-6.2815
-6.09284
-5.88765
-5.66716
-5.43222
-5.18457
-4.92653
-4.66071
-4.38991
-4.11707
-3.84506
-3.57659
-3.31409
-3.05965
-2.81499
-2.58145
-2.36001
-2.1513
-1.95564
-1.7731
-1.60353
-1.44661
-1.30189
-1.16881
-1.04677
-0.935102
-0.83314
-0.740208
-0.655643
-0.578803
-0.509071
-0.445863
-0.388628
-0.336853
-0.29006
-0.247806
-0.209684
-0.175319
-0.14437
-0.116522
-0.0914914
-0.0690171
-0.0488635
-0.0308163
-0.0146813
-0.000282211
0.0125404
0.023931
0.0340205
0.0429272
0.0507585
0.0576114
0.063574
0.068726
0.0731399
0.0768811
0.0800092
0.0825783
0.0846375
0.0862314
0.0874005
0.0881818
0.0886087
0.0887118
0.0885187
0.0880547
0.0873428
0.0864038
0.0852566
0.0839184
0.0824049
0.0807302
0.0789073
0.0769476
0.0748617
0.0726592
0.0703486
0.0679376
0.0654331
0.0628415
0.0601682
0.0574184
0.0545964
0.0517062
0.0487514
0.0457351
0.04266
0.0395287
0.0363432
0.0331056
0.0298174
0.0264803
0.0230949
0.0196645
0.0161851
0.012669
0.00909208
0.00551131
0.00180248
-6.27841
-6.11157
-5.92808
-5.7302
-5.51902
-5.29531
-5.06056
-4.81675
-4.56608
-4.31093
-4.05379
-3.79711
-3.54323
-3.29431
-3.05223
-2.81856
-2.59459
-2.38127
-2.1793
-1.98906
-1.81074
-1.64431
-1.48955
-1.34616
-1.21369
-1.09166
-0.9795
-0.876644
-0.782497
-0.696471
-0.617984
-0.546474
-0.481402
-0.422256
-0.368553
-0.31984
-0.275695
-0.235727
-0.199575
-0.166904
-0.137409
-0.110808
-0.0868451
-0.0652851
-0.0459141
-0.0285367
-0.0129754
0.000931591
0.0133314
0.0243577
0.0341323
0.0427656
0.0503584
0.0570021
0.0627801
0.0677679
0.0720347
0.0756432
0.0786506
0.0811091
0.0830661
0.084565
0.0856453
0.0863428
0.0866904
0.0867181
0.0864531
0.0859201
0.0851418
0.0841388
0.0829298
0.0815319
0.0799604
0.0782294
0.0763517
0.0743387
0.0722008
0.0699475
0.0675872
0.0651276
0.0625755
0.0599371
0.0572179
0.0544229
0.0515564
0.0486223
0.0456242
0.0425651
0.0394477
0.0362744
0.0330475
0.0297686
0.0264399
0.0230618
0.0196379
0.0161643
0.0126537
0.00908118
0.00550641
0.00179887
-6.12046
-5.95665
-5.77819
-5.58716
-5.38454
-5.17098
-4.9478
-4.71669
-4.47952
-4.2383
-3.99517
-3.75223
-3.51154
-3.27496
-3.0442
-2.8207
-2.60566
-2.40003
-2.2045
-2.01954
-1.84538
-1.68211
-1.52962
-1.38769
-1.256
-1.13416
-1.0217
-0.918145
-0.822971
-0.735661
-0.655696
-0.582564
-0.515772
-0.454845
-0.399332
-0.348806
-0.302866
-0.261138
-0.223273
-0.188948
-0.157864
-0.129746
-0.104341
-0.0814149
-0.0607556
-0.0421674
-0.0254714
-0.0105042
0.00288352
0.0148282
0.0254543
0.0348756
0.0431958
0.0505097
0.0569039
0.0624575
0.0672425
0.0713249
0.074765
0.0776177
0.0799336
0.0817584
0.0831341
0.0840993
0.0846889
0.084935
0.0848668
0.084511
0.0838919
0.0830317
0.0819506
0.0806671
0.0791978
0.077558
0.0757614
0.0738205
0.0717467
0.0695502
0.0672401
0.0648249
0.0623121
0.0597082
0.0570195
0.0542511
0.0514081
0.0484946
0.0455145
0.0424711
0.0393676
0.0362064
0.0329901
0.0297205
0.0263999
0.023029
0.0196116
0.0161437
0.0126386
0.0090704
0.00550159
0.00179524
-5.97664
-5.81594
-5.6423
-5.45763
-5.26279
-5.05838
-4.84555
-4.62575
-4.40058
-4.17178
-3.94114
-3.71052
-3.48168
-3.25628
-3.03584
-2.82168
-2.61494
-2.4165
-2.22709
-2.04718
-1.87709
-1.71695
-1.56677
-1.4264
-1.29562
-1.17412
-1.06153
-0.957439
-0.861409
-0.772982
-0.691698
-0.617096
-0.548726
-0.486149
-0.428947
-0.376719
-0.329085
-0.285689
-0.246195
-0.210291
-0.177688
-0.148114
-0.121322
-0.0970816
-0.0751798
-0.0554218
-0.0376283
-0.0216345
-0.00728917
0.00554631
0.0169992
0.0271859
0.0362132
0.044179
0.051173
0.0572771
0.0625668
0.0671109
0.0709726
0.0742098
0.0768754
0.079018
0.0806821
0.0819084
0.0827341
0.0831934
0.0833173
0.0831344
0.0826707
0.08195
0.0809939
0.0798221
0.0784527
0.0769019
0.0751845
0.0733142
0.071303
0.0691619
0.066901
0.0645292
0.0620547
0.0594846
0.0568255
0.0540833
0.0512632
0.0483698
0.0454073
0.0423794
0.0392894
0.03614
0.032934
0.0296735
0.026361
0.0229972
0.019586
0.0161237
0.0126239
0.0090599
0.00549682
0.00179157
-5.84576
-5.68821
-5.51917
-5.34041
-5.15268
-4.95651
-4.75293
-4.54322
-4.32873
-4.11097
-3.89148
-3.67187
-3.45368
-3.23839
-3.02734
-2.82174
-2.62265
-2.43093
-2.24727
-2.07218
-1.90601
-1.74896
-1.60109
-1.46235
-1.33258
-1.21155
-1.09898
-0.994521
-0.897799
-0.808421
-0.725979
-0.650062
-0.58026
-0.516172
-0.457409
-0.403596
-0.354377
-0.30941
-0.268377
-0.230976
-0.196926
-0.165963
-0.137843
-0.11234
-0.089242
-0.0683559
-0.0495019
-0.0325142
-0.0172403
-0.00353952
0.00871738
0.0196495
0.0293663
0.0379684
0.0455483
0.052191
0.0579746
0.0629709
0.0672458
0.0708599
0.0738687
0.0763234
0.0782706
0.0797534
0.0808112
0.08148
0.0817928
0.08178
0.0814692
0.0808857
0.0800525
0.0789907
0.0777195
0.0762563
0.074617
0.0728161
0.0708665
0.06878
0.0665675
0.0642384
0.0618016
0.0592648
0.0566349
0.0539185
0.0511209
0.0482473
0.0453021
0.0422894
0.0392126
0.0360749
0.0328791
0.0296275
0.0263228
0.0229659
0.0195609
0.0161041
0.0126095
0.00904969
0.00549214
0.00178818
-5.72805
-5.57355
-5.40879
-5.23542
-5.05408
-4.86528
-4.66991
-4.46909
-4.26402
-4.05599
-3.84636
-3.63651
-3.42781
-3.22154
-3.01895
-2.82111
-2.629
-2.44344
-2.26511
-2.09453
-1.93207
-1.77798
-1.63237
-1.49525
-1.36654
-1.24607
-1.13361
-1.0289
-0.931624
-0.841434
-0.757975
-0.680883
-0.609788
-0.544322
-0.484127
-0.428854
-0.378165
-0.33174
-0.289271
-0.250471
-0.215065
-0.182799
-0.153432
-0.12674
-0.102517
-0.0805684
-0.0607146
-0.0427897
-0.0266397
-0.0121225
0.000893464
0.0125293
0.022897
0.0320999
0.0402331
0.0473843
0.0536344
0.0590578
0.063723
0.0676932
0.0710263
0.0737757
0.0759904
0.0777156
0.0789926
0.0798595
0.0803509
0.0804989
0.0803326
0.0798787
0.0791618
0.078204
0.0770257
0.0756454
0.07408
0.0723446
0.0704533
0.0684186
0.0662518
0.0639632
0.061562
0.0590566
0.0564545
0.0537623
0.0509862
0.0481313
0.0452026
0.0422042
0.03914
0.0360133
0.0328271
0.029584
0.0262868
0.0229365
0.0195374
0.0160857
0.012596
0.00904013
0.0054875
0.00178497
-5.62131
-5.4698
-5.30909
-5.14071
-4.96521
-4.78305
-4.59504
-4.40217
-4.20548
-4.0061
-3.80524
-3.60409
-3.40387
-3.20574
-3.01078
-2.81999
-2.63428
-2.45441
-2.28105
-2.11471
-1.95578
-1.80454
-1.66115
-1.52567
-1.39807
-1.27825
-1.16603
-1.06121
-0.963514
-0.872661
-0.788337
-0.710219
-0.637973
-0.571267
-0.509769
-0.453155
-0.401108
-0.353325
-0.309514
-0.269397
-0.232711
-0.199207
-0.168651
-0.140824
-0.11552
-0.0925479
-0.0717284
-0.0528955
-0.0358946
-0.0205823
-0.00682582
0.00549822
0.0165037
0.0262963
0.0349734
0.0426253
0.0493352
0.05518
0.0602308
0.064553
0.0682069
0.0712481
0.0737279
0.0756934
0.0771879
0.0782511
0.0789198
0.0792273
0.0792045
0.0788794
0.0782779
0.0774234
0.0763374
0.0750394
0.0735473
0.0718772
0.0700437
0.0680603
0.0659389
0.0636905
0.0613248
0.0588506
0.056276
0.053608
0.050853
0.0480167
0.0451043
0.0421201
0.0390684
0.0359525
0.0327759
0.0295412
0.0262512
0.0229074
0.019514
0.0160675
0.0125825
0.00903086
0.00548268
0.00178258
-5.52824
-5.37945
-5.22235
-5.05834
-4.88792
-4.71151
-4.52985
-4.34381
-4.15432
-3.96238
-3.76904
-3.57539
-3.38249
-3.19138
-3.00306
-2.81844
-2.63835
-2.46352
-2.29456
-2.13201
-1.97626
-1.82761
-1.68626
-1.55229
-1.42574
-1.30654
-1.19459
-1.0897
-0.991676
-0.900261
-0.81519
-0.736174
-0.662916
-0.595113
-0.532458
-0.474651
-0.421395
-0.372401
-0.327393
-0.286102
-0.248274
-0.213668
-0.182055
-0.153218
-0.126955
-0.103075
-0.0814008
-0.061765
-0.0440125
-0.027999
-0.0135899
-0.000660335
0.0109059
0.0212163
0.0303707
0.0384616
0.0455744
0.0517883
0.0571765
0.0618067
0.0657412
0.0690376
0.0717491
0.0739245
0.0756091
0.076844
0.0776675
0.0781145
0.0782171
0.0780047
0.077504
0.0767398
0.0757345
0.0745085
0.0730805
0.0714675
0.0696847
0.0677462
0.0656646
0.0634513
0.0611166
0.0586698
0.0561193
0.0534724
0.0507361
0.0479161
0.0450179
0.0420463
0.0390055
0.0358993
0.0327311
0.0295038
0.0262204
0.0228823
0.0194941
0.0160521
0.012571
0.00902317
0.00547806
0.00178101
-5.44319
-5.29708
-5.1434
-4.98349
-4.81779
-4.64666
-4.47079
-4.29096
-4.10799
-3.92277
-3.73625
-3.54937
-3.36311
-3.1784
-2.99613
-2.81714
-2.64222
-2.47205
-2.30723
-2.14827
-1.99556
-1.84942
-1.71007
-1.57765
-1.45221
-1.33373
-1.22214
-1.11731
-1.01907
-0.927228
-0.841537
-0.76175
-0.687599
-0.618809
-0.555099
-0.496189
-0.441803
-0.391667
-0.345518
-0.303099
-0.264166
-0.228484
-0.19583
-0.165994
-0.138775
-0.113985
-0.0914486
-0.0709989
-0.0524811
-0.0357501
-0.0206707
-0.00711659
0.00502974
0.0158777
0.0255288
0.0340776
0.0416117
0.0482123
0.0539547
0.0589086
0.0631383
0.0667036
0.0696594
0.0720565
0.0739416
0.075358
0.0763451
0.0769396
0.0771747
0.0770813
0.0766874
0.0760187
0.0750987
0.0739489
0.0725887
0.071036
0.0693068
0.0674157
0.0653762
0.0632
0.0608981
0.0584802
0.055955
0.0533305
0.0506137
0.0478108
0.0449277
0.0419692
0.0389398
0.0358437
0.0326842
0.0294645
0.0261878
0.0228556
0.0194724
0.0160352
0.012558
0.00901483
0.00547214
0.00178129
-5.3748
-5.23087
-5.07997
-4.92333
-4.76135
-4.59439
-4.42306
-4.2481
-4.07023
-3.89029
-3.70911
-3.52757
-3.34655
-3.16689
-2.98944
-2.81495
-2.64416
-2.47772
-2.31621
-2.16012
-2.00986
-1.86575
-1.72803
-1.59684
-1.47229
-1.35438
-1.24308
-1.13829
-1.03988
-0.947675
-0.861478
-0.781064
-0.706191
-0.636607
-0.572052
-0.512265
-0.456983
-0.405948
-0.358907
-0.315612
-0.275825
-0.239319
-0.205873
-0.17528
-0.147343
-0.121873
-0.0986955
-0.0776442
-0.0585634
-0.0413072
-0.025739
-0.0117314
0.000834863
0.0120706
0.0220791
0.0309567
0.0387924
0.0456694
0.0516645
0.0568489
0.0612888
0.0650452
0.0681746
0.070729
0.0727566
0.0743016
0.0754048
0.0761038
0.076433
0.076424
0.0761058
0.0755048
0.0746454
0.0735496
0.0722375
0.0707275
0.0690364
0.0671791
0.0651694
0.0630197
0.0607412
0.0583439
0.0558369
0.0532284
0.0505257
0.0477352
0.0448629
0.0419139
0.0388929
0.0358041
0.0326511
0.0294371
0.0261654
0.0228378
0.0194586
0.0160251
0.0125504
0.00901092
0.00546771
0.00178435
-5.3095
-5.16786
-5.01979
-4.8665
-4.70833
-4.54557
-4.37881
-4.2087
-4.03591
-3.86116
-3.68522
-3.50888
-3.33293
-3.15818
-2.98537
-2.81524
-2.64846
-2.48567
-2.32741
-2.17416
-2.02633
-1.88426
-1.74819
-1.6183
-1.49471
-1.37745
-1.26653
-1.16186
-1.06336
-0.970879
-0.88424
-0.803249
-0.727689
-0.657329
-0.591931
-0.53125
-0.47504
-0.423056
-0.375057
-0.330806
-0.290075
-0.252642
-0.218293
-0.186827
-0.15805
-0.131776
-0.107833
-0.0860562
-0.0662901
-0.0483893
-0.0322169
-0.0176447
-0.0045526
0.00717146
0.0176323
0.0269275
0.0351482
0.042379
0.0486986
0.05418
0.0588911
0.0628947
0.0662488
0.0690072
0.0712196
0.0729317
0.0741858
0.0750208
0.0754723
0.0755731
0.0753533
0.0748405
0.0740597
0.0730341
0.0717846
0.0703302
0.0686883
0.0668748
0.0649038
0.0627883
0.06054
0.0581693
0.0556858
0.0530979
0.0504133
0.0476387
0.0447803
0.0418434
0.038833
0.0357534
0.0326084
0.0294013
0.0261355
0.022813
0.0194382
0.0160089
0.0125373
0.00900302
0.00545857
0.00179014
-5.26438
-5.12397
-4.97742
-4.82587
-4.66967
-4.50915
-4.34484
-4.17737
-4.00739
-3.83557
-3.66267
-3.48942
-3.31656
-3.14483
-2.97494
-2.80757
-2.64338
-2.48295
-2.32684
-2.17551
-2.02936
-1.88874
-1.75389
-1.62501
-1.50222
-1.38558
-1.2751
-1.17074
-1.0724
-0.97997
-0.893281
-0.812155
-0.736392
-0.665773
-0.600071
-0.539054
-0.482483
-0.430122
-0.381736
-0.337096
-0.295975
-0.258158
-0.223434
-0.191604
-0.162476
-0.135866
-0.111604
-0.0895238
-0.0694721
-0.051303
-0.0348797
-0.0200735
-0.00676385
0.00516186
0.0158091
0.0252762
0.0336551
0.0410311
0.0474837
0.0530867
0.0579088
0.0620134
0.0654594
0.0683012
0.0705892
0.0723698
0.0736857
0.0745764
0.075078
0.075224
0.0750447
0.0745682
0.07382
0.0728234
0.0715997
0.0701684
0.0685471
0.0667517
0.0647968
0.0626955
0.0604597
0.0581001
0.0556262
0.0530467
0.0503694
0.0476013
0.0447485
0.0418166
0.0388105
0.0357347
0.0325931
0.0293891
0.0261263
0.0228066
0.0194341
0.0160073
0.0125364
0.00900518
0.00545321
0.00180335
-5.22216
-5.08375
-4.93984
-4.79142
-4.63863
-4.48173
-4.32126
-4.15774
-3.99175
-3.8239
-3.65485
-3.48532
-3.31602
-3.14766
-2.98093
-2.81648
-2.65496
-2.49692
-2.3429
-2.19338
-2.04875
-1.90935
-1.77547
-1.64729
-1.52497
-1.40858
-1.29815
-1.19365
-1.09502
-1.00215
-0.914912
-0.833133
-0.756633
-0.685212
-0.618658
-0.556754
-0.499274
-0.445994
-0.396688
-0.351137
-0.309122
-0.270433
-0.234866
-0.202223
-0.172316
-0.144964
-0.119997
-0.0972499
-0.0765697
-0.0578102
-0.0408338
-0.0255111
-0.0117205
0.000651893
0.011713
0.0215626
0.0302941
0.0379945
0.0447449
0.0506207
0.0556921
0.0600242
0.0636773
0.0667073
0.069166
0.071101
0.0725566
0.0735732
0.0741882
0.0744361
0.0743482
0.0739536
0.0732785
0.0723472
0.0711818
0.0698022
0.0682268
0.0664722
0.0645533
0.0624838
0.060276
0.0579409
0.0554887
0.0529282
0.0502675
0.0475138
0.0446737
0.0417528
0.0387563
0.0356888
0.0325543
0.0293564
0.0260985
0.0227829
0.0194139
0.0159905
0.012522
0.00899607
0.00544292
0.00180898
-5.2043
-5.06565
-4.92138
-4.77265
-4.61969
-4.46279
-4.30245
-4.13923
-3.97374
-3.80661
-3.63853
-3.47015
-3.30212
-3.13507
-2.96963
-2.80642
-2.64606
-2.48913
-2.33615
-2.18757
-2.04379
-1.90515
-1.77192
-1.64429
-1.52242
-1.4064
-1.29626
-1.19199
-1.09353
-1.00078
-0.913619
-0.831895
-0.75543
-0.684029
-0.617489
-0.555593
-0.498122
-0.444853
-0.395563
-0.350032
-0.308043
-0.269385
-0.233852
-0.201248
-0.171384
-0.144077
-0.119156
-0.0964574
-0.0758254
-0.0571139
-0.0401849
-0.0249087
-0.0111633
0.00116573
0.0121853
0.0219956
0.0306899
0.0383552
0.0450727
0.0509179
0.0559609
0.0602667
0.0638957
0.0669035
0.0693419
0.0712585
0.0726972
0.0736985
0.0742997
0.074535
0.0744359
0.0740311
0.073347
0.0724076
0.0712349
0.0698489
0.0682678
0.0665081
0.0645847
0.0625113
0.0603001
0.0579621
0.0555072
0.0529445
0.0502819
0.0475266
0.044685
0.0417629
0.0387655
0.0356972
0.0325623
0.0293643
0.0261068
0.0227919
0.0194236
0.016001
0.0125318
0.00900562
0.00544901
0.00181472
-5.17195
-5.03736
-4.8973
-4.75271
-4.60409
-4.45168
-4.29591
-4.13724
-3.97615
-3.81314
-3.64875
-3.48362
-3.31843
-3.15392
-2.99077
-2.82962
-2.67103
-2.51556
-2.36368
-2.21589
-2.07259
-1.93416
-1.80088
-1.673
-1.55069
-1.43407
-1.3232
-1.21809
-1.1187
-1.02496
-0.936764
-0.853967
-0.776408
-0.703906
-0.636266
-0.573282
-0.514739
-0.460423
-0.410115
-0.363598
-0.320661
-0.281094
-0.244695
-0.211267
-0.180621
-0.152578
-0.126964
-0.103615
-0.0823752
-0.0630967
-0.0456402
-0.0298745
-0.0156758
-0.00292815
0.00847728
0.0186424
0.0276623
0.0356261
0.0426165
0.0487109
0.0539808
0.0584929
0.0623091
0.0654866
0.0680785
0.0701337
0.0716974
0.0728112
0.0735136
0.0738397
0.0738219
0.0734898
0.0728706
0.0719891
0.0708679
0.0695277
0.0679872
0.0662634
0.0643718
0.0623265
0.0601399
0.0578236
0.0553878
0.0528418
0.0501937
0.0474512
0.0446207
0.0417082
0.0387191
0.0356579
0.0325289
0.0293356
0.0260815
0.0227692
0.0194028
0.0159821
0.0125155
0.00899376
0.00543894
0.00181408
-6.80502
-6.65531
-6.37692
-5.9374
-5.38705
-4.72386
-4.00113
-3.24724
-2.50074
-1.78964
-1.13523
-0.551302
-0.0449019
0.382283
0.73269
1.01171
1.22646
1.38478
1.49471
1.56404
1.59995
1.60888
1.59644
1.56742
1.52585
1.47508
1.41784
1.35636
1.29239
1.22735
1.16233
1.09816
1.03549
0.974773
0.916354
0.860457
0.807225
0.756731
0.708998
0.664008
0.62171
0.582034
0.544888
0.510171
0.477774
0.447582
0.419478
0.393343
0.36906
0.346515
0.325595
0.306192
0.288201
0.271523
0.256062
0.241727
0.228433
0.216099
0.204647
0.194006
0.184109
0.174892
0.166297
0.158269
0.150757
0.143712
0.137092
0.130855
0.124964
0.119383
0.114081
0.109028
0.104197
0.0995637
0.0951043
0.0907983
0.0866267
0.082572
0.0786184
0.0747513
0.0709577
0.0672256
0.0635442
0.0599036
0.0562949
0.0527101
0.0491418
0.0455834
0.0420288
0.0384727
0.0349099
0.0313363
0.0277469
0.0241397
0.0205068
0.0168542
0.0131583
0.0094603
0.00566096
0.00196458
-7.3843
-7.22915
-6.92376
-6.43329
-5.81318
-5.06793
-4.26774
-3.44585
-2.6446
-1.89216
-1.20861
-0.605358
-0.086999
0.346886
0.700374
0.980091
1.19425
1.35156
1.46057
1.52933
1.56516
1.57448
1.56287
1.53504
1.49494
1.44583
1.39038
1.33073
1.2686
1.20537
1.1421
1.0796
1.0185
0.959264
0.90222
0.847596
0.795536
0.74612
0.699374
0.655286
0.613812
0.574886
0.538424
0.504329
0.472497
0.442818
0.415179
0.389466
0.365566
0.343368
0.322762
0.303643
0.285909
0.269463
0.254212
0.240067
0.226944
0.214764
0.203452
0.192937
0.183153
0.174038
0.165535
0.15759
0.150151
0.143174
0.136613
0.130429
0.124586
0.119048
0.113784
0.108765
0.103965
0.0993584
0.0949231
0.0906385
0.0864858
0.0824479
0.0785091
0.0746552
0.0708732
0.0671513
0.0634789
0.0598462
0.0562445
0.0526658
0.0491028
0.0455491
0.0419987
0.0384463
0.0348867
0.031316
0.0277291
0.0241241
0.0204935
0.0168427
0.0131488
0.00945194
0.0056546
0.00196131
-8.46068
-8.30118
-7.9553
-7.38009
-6.63353
-5.72016
-4.77278
-3.82042
-2.91627
-2.0886
-1.35262
-0.714537
-0.174263
0.272289
0.632155
0.914633
1.12973
1.28708
1.39593
1.46493
1.50162
1.51247
1.50299
1.47778
1.44066
1.39476
1.34264
1.28636
1.22755
1.16754
1.10735
1.04778
0.989422
0.932744
0.878075
0.825643
0.775601
0.728037
0.682987
0.640446
0.600383
0.562739
0.527443
0.494407
0.463537
0.43473
0.407881
0.382885
0.359635
0.338025
0.317952
0.299316
0.28202
0.26597
0.251076
0.237255
0.224424
0.212507
0.201433
0.191132
0.181541
0.172601
0.164254
0.156449
0.149137
0.142272
0.135813
0.12972
0.123958
0.118493
0.113294
0.108333
0.103584
0.099023
0.0946283
0.0903798
0.0862591
0.0822495
0.0783357
0.0745038
0.0707413
0.0670366
0.0633792
0.0597598
0.0561697
0.0526012
0.0490472
0.0455013
0.0419577
0.0384113
0.034857
0.0312908
0.027708
0.0241066
0.0204792
0.0168309
0.0131405
0.00944464
0.0056533
0.00195593
-10.0125
-9.8573
-9.50307
-8.80729
-7.87004
-6.73133
-5.5353
-4.3765
-3.31566
-2.37783
-1.5665
-0.87853
-0.30644
0.159319
0.529977
0.81787
1.03529
1.19378
1.30382
1.37451
1.41358
1.42753
1.42176
1.40073
1.3681
1.32688
1.27947
1.22785
1.17359
1.11794
1.06189
1.00621
0.951502
0.898207
0.846663
0.797108
0.749705
0.704556
0.661712
0.621184
0.582954
0.54698
0.5132
0.481541
0.45192
0.424246
0.398425
0.374359
0.351952
0.331105
0.311722
0.293711
0.27698
0.261441
0.247011
0.233607
0.221154
0.209579
0.198812
0.188789
0.179448
0.170733
0.162589
0.154966
0.147818
0.1411
0.134772
0.128797
0.123141
0.117769
0.112655
0.107768
0.103086
0.0985847
0.0942428
0.0900411
0.0859619
0.081989
0.0781077
0.0743045
0.0705673
0.0668848
0.0632471
0.0596449
0.0560699
0.0525146
0.0489723
0.0454366
0.041902
0.0383634
0.034816
0.0312559
0.0276785
0.0240818
0.020459
0.0168145
0.0131287
0.00943411
0.00565129
0.00194339
-12.0969
-11.9392
-11.5409
-10.8704
-9.74812
-8.22895
-6.61778
-5.13633
-3.85181
-2.76793
-1.85948
-1.10597
-0.489669
0.00465208
0.392538
0.69033
0.913674
1.07635
1.19011
1.26472
1.30817
1.32701
1.32654
1.31111
1.28423
1.24878
1.20708
1.16101
1.11206
1.06146
1.01017
0.958944
0.908379
0.858926
0.810926
0.764631
0.720218
0.677806
0.637459
0.599209
0.563053
0.528967
0.496905
0.466809
0.438608
0.412224
0.387574
0.364571
0.343128
0.323155
0.304565
0.287272
0.27119
0.256239
0.24234
0.229417
0.217398
0.206214
0.195801
0.186097
0.177044
0.168587
0.160676
0.153263
0.146302
0.139753
0.133577
0.127737
0.122202
0.116939
0.111921
0.107121
0.102516
0.098083
0.0938018
0.0896541
0.0856227
0.0816922
0.0778483
0.0740781
0.07037
0.0667132
0.063098
0.0595157
0.0559582
0.0524182
0.0488892
0.0453652
0.0418407
0.0383111
0.0347716
0.0312184
0.0276471
0.0240557
0.0204378
0.0167971
0.0131164
0.00942323
0.00565264
0.00192613
-15.0556
-15.0566
-15.0531
-14.5335
-13.102
-10.8436
-8.38068
-6.27158
-4.6031
-3.29113
-2.24709
-1.4065
-0.730917
-0.19658
0.21713
0.531152
0.765127
0.935751
1.05644
1.13775
1.18798
1.21372
1.22026
1.21186
1.19194
1.16329
1.12815
1.08834
1.04533
1.00033
0.954263
0.907899
0.861834
0.816535
0.77236
0.729579
0.68839
0.648924
0.611269
0.575474
0.541556
0.509508
0.4793
0.45089
0.424221
0.399229
0.375843
0.353987
0.333585
0.314555
0.296821
0.280302
0.264923
0.250607
0.237282
0.224878
0.213329
0.202569
0.192539
0.18318
0.174438
0.166261
0.158602
0.151415
0.144659
0.138292
0.13228
0.126588
0.121184
0.116038
0.111125
0.106419
0.101897
0.0975381
0.0933228
0.0892336
0.085254
0.0813693
0.077566
0.0738317
0.0701552
0.0665263
0.0629356
0.0593747
0.0558359
0.0523124
0.048798
0.0452867
0.0417735
0.0382536
0.0347227
0.031177
0.0276125
0.0240269
0.0204146
0.0167787
0.0131033
0.00941268
0.00565146
0.00191568
-19.4126
-20.1259
-21.8742
-22.896
-21.4148
-17.2943
-12.4064
-8.52924
-5.88274
-4.06627
-2.77119
-1.79144
-1.03124
-0.442908
0.00547987
0.342124
0.591867
0.774746
0.906004
0.997055
1.05657
1.09126
1.10646
1.10638
1.09444
1.07338
1.04544
1.01242
0.975784
0.936717
0.896169
0.85491
0.813556
0.772594
0.732402
0.693271
0.655419
0.619006
0.584139
0.550887
0.519286
0.489347
0.461058
0.434391
0.409307
0.385755
0.363676
0.343007
0.323681
0.305628
0.288779
0.273063
0.25841
0.244753
0.232024
0.22016
0.209097
0.198778
0.189146
0.180145
0.171727
0.163842
0.156445
0.149495
0.14295
0.136774
0.130932
0.125393
0.120125
0.115102
0.110298
0.10569
0.101254
0.0969724
0.0928257
0.0887973
0.0848717
0.0810348
0.0772737
0.0735767
0.0699329
0.0663328
0.0627676
0.0592292
0.0557102
0.052204
0.0487045
0.0452064
0.0417046
0.0381948
0.0346728
0.0311349
0.0275772
0.0239978
0.0203909
0.0167596
0.0130891
0.00940224
0.0056477
0.00191441
-26.4377
-29.2162
-35.2878
-40.6644
-39.9065
-31.6598
-20.8998
-12.7559
-7.90847
-5.13956
-3.43039
-2.24848
-1.37834
-0.724518
-0.234513
0.130202
0.40041
0.599538
0.744645
0.848062
0.918912
0.96415
0.989198
0.99836
0.995081
0.982136
0.961768
0.935797
0.905706
0.872702
0.83776
0.801672
0.765075
0.72848
0.692292
0.656825
0.622323
0.588969
0.556891
0.526182
0.496899
0.469069
0.442701
0.417782
0.394287
0.372179
0.351412
0.331935
0.313692
0.296621
0.280664
0.265756
0.251836
0.238842
0.226714
0.215394
0.204823
0.194948
0.185717
0.177079
0.168987
0.161396
0.154265
0.147552
0.141221
0.135238
0.129569
0.124184
0.119054
0.114155
0.109461
0.104951
0.100604
0.0963998
0.0923224
0.0883556
0.0844845
0.0806959
0.0769774
0.0733182
0.0697078
0.0661372
0.0625977
0.0590817
0.0555823
0.0520935
0.0486093
0.0451247
0.0416348
0.0381353
0.0346223
0.0310923
0.0275416
0.0239683
0.0203671
0.0167407
0.0130752
0.00939254
0.00564183
0.00191616
-35.4831
-41.5277
-54.0627
-65.6594
-65.7464
-51.5705
-32.3949
-18.1247
-10.3158
-6.37599
-4.16855
-2.75008
-1.75593
-1.03045
-0.494651
-0.0977073
0.197021
0.415903
0.577619
0.695463
0.779142
0.835978
0.871632
0.890553
0.896283
0.891663
0.878988
0.860124
0.83659
0.809626
0.780241
0.749259
0.717348
0.685049
0.652794
0.620924
0.58971
0.559358
0.530021
0.501811
0.474806
0.449052
0.424574
0.401375
0.379445
0.35876
0.339287
0.320986
0.30381
0.287709
0.272631
0.258521
0.245325
0.232987
0.221453
0.21067
0.200587
0.191152
0.182317
0.174038
0.16627
0.158971
0.152102
0.145625
0.139507
0.133714
0.128216
0.122984
0.117992
0.113216
0.108631
0.104219
0.0999582
0.0958319
0.0918234
0.0879176
0.0841008
0.0803602
0.0766842
0.0730622
0.0694847
0.0659429
0.062429
0.0589357
0.0554564
0.0519849
0.0485158
0.0450442
0.0415658
0.0380764
0.0345723
0.0310502
0.0275064
0.0239392
0.0203435
0.0167219
0.0130609
0.0093828
0.00563479
0.00191952
-41.0117
-50.6819
-68.0301
-84.084
-84.8311
-66.5741
-41.0806
-22.2197
-12.2881
-7.50057
-4.88871
-3.25555
-2.14143
-1.3448
-0.762462
-0.331517
-0.01011
0.230493
0.410363
0.54375
0.641027
0.709962
0.75651
0.785321
0.800079
0.803728
0.798641
0.786746
0.769612
0.748525
0.724535
0.698502
0.671127
0.642982
0.614528
0.586135
0.558098
0.530646
0.503956
0.478161
0.453358
0.42961
0.40696
0.385426
0.365011
0.345705
0.327486
0.310325
0.294185
0.279026
0.264804
0.25147
0.238978
0.227278
0.216323
0.206063
0.196453
0.187447
0.179
0.171071
0.163618
0.156603
0.14999
0.143744
0.137833
0.132226
0.126895
0.121813
0.116955
0.112298
0.107821
0.103503
0.0993278
0.0952772
0.0913359
0.0874898
0.0837257
0.0800318
0.0763972
0.0728119
0.0692669
0.0657538
0.0622649
0.0587932
0.0553327
0.051878
0.0484238
0.0449654
0.0414985
0.0380192
0.0345238
0.0310092
0.0274722
0.0239108
0.0203206
0.0167038
0.0130474
0.00937353
0.00562756
0.00192173
-39.5945
-50.9086
-70.0316
-87.2874
-88.9311
-70.6072
-43.7932
-23.7495
-13.3736
-8.31928
-5.49317
-3.71275
-2.50463
-1.6472
-1.02266
-0.559641
-0.212409
0.0495717
0.247484
0.39639
0.50725
0.588233
0.645574
0.684125
0.707717
0.71941
0.721668
0.716491
0.705508
0.690056
0.671229
0.649924
0.62688
0.602699
0.577871
0.552794
0.527787
0.503103
0.478941
0.455453
0.432755
0.410927
0.390026
0.370086
0.351124
0.33314
0.316124
0.300058
0.284914
0.270659
0.257258
0.244671
0.232856
0.221771
0.211372
0.201617
0.192464
0.18387
0.175797
0.168205
0.161056
0.154316
0.14795
0.141927
0.136216
0.130789
0.125619
0.120681
0.115952
0.111411
0.107037
0.102812
0.0987186
0.094741
0.0908648
0.0870763
0.0833635
0.079715
0.0761206
0.0725705
0.0690563
0.0655703
0.0621054
0.0586554
0.055214
0.0517758
0.0483358
0.0448896
0.0414335
0.0379636
0.0344766
0.0309694
0.027439
0.0238835
0.0202985
0.0166863
0.0130342
0.00936435
0.00562069
0.00192346
-33.3935
-41.9835
-60.8735
-77.7199
-80.3465
-64.6807
-40.9221
-23.0392
-13.6377
-8.79929
-5.93904
-4.0898
-2.82399
-1.92251
-1.26382
-0.77325
-0.403125
-0.121748
0.0928564
0.25633
0.380061
0.472528
0.540189
0.58806
0.6201
0.639471
0.648725
0.649931
0.644782
0.634665
0.620719
0.603883
0.584929
0.564491
0.543088
0.521143
0.499
0.476933
0.455163
0.433859
0.413153
0.393144
0.373902
0.355474
0.33789
0.321162
0.30529
0.290264
0.276067
0.262674
0.250055
0.238179
0.22701
0.21651
0.206642
0.197369
0.188651
0.180452
0.172735
0.165465
0.158607
0.152129
0.146
0.140189
0.134669
0.129414
0.124398
0.119598
0.114993
0.110563
0.106288
0.102151
0.0981359
0.0942282
0.0904141
0.0866808
0.0830168
0.0794115
0.0758552
0.072339
0.0688551
0.0653957
0.0619541
0.0585239
0.0550999
0.051677
0.0482509
0.0448169
0.0413714
0.0379108
0.0344319
0.0309318
0.0274076
0.0238576
0.0202776
0.0166697
0.0130217
0.00935555
0.00561432
0.00192426
-28.2201
-31.1725
-47.437
-62.9746
-66.1297
-54.2699
-35.518
-21.264
-13.4199
-9.01632
-6.23733
-4.38315
-3.09308
-2.16471
-1.48099
-0.968269
-0.57882
-0.280552
-0.05107
0.125597
0.261103
0.364143
0.441353
0.497885
0.537804
0.564356
0.580163
0.587356
0.587679
0.582566
0.573198
0.560552
0.545432
0.528502
0.51031
0.491302
0.471845
0.452235
0.43271
0.413458
0.394626
0.376328
0.358648
0.341646
0.325361
0.309817
0.295024
0.280982
0.267679
0.2551
0.243222
0.232019
0.22146
0.211515
0.202151
0.193334
0.185029
0.177204
0.169826
0.162861
0.15628
0.15005
0.144145
0.138537
0.133198
0.128106
0.123237
0.118568
0.114081
0.109756
0.105575
0.101522
0.0975815
0.0937403
0.0899854
0.0863045
0.0826872
0.0791232
0.0756036
0.0721195
0.0686635
0.0652287
0.061809
0.0583984
0.0549918
0.051584
0.0481707
0.0447479
0.0413122
0.0378602
0.034389
0.0308957
0.0273776
0.0238328
0.0202576
0.0166538
0.0130099
0.00934701
0.00560875
0.001924
-23.6396
-22.4547
-34.8494
-48.84
-53.1646
-44.3346
-30.1521
-19.3684
-12.9907
-9.05032
-6.41578
-4.6016
-3.31321
-2.37287
-1.67305
-1.14379
-0.738638
-0.425934
-0.183413
0.00498294
0.151078
0.263702
0.349608
0.414056
0.461199
0.494355
0.516206
0.528934
0.534328
0.533861
0.528751
0.520004
0.508455
0.494796
0.479597
0.46333
0.44638
0.429064
0.411636
0.394301
0.377222
0.360525
0.344307
0.32864
0.313573
0.29914
0.285361
0.272241
0.259779
0.247965
0.236783
0.226213
0.21623
0.206807
0.197916
0.189529
0.181614
0.174141
0.167081
0.160405
0.154084
0.148089
0.142396
0.136977
0.131811
0.126872
0.122141
0.117597
0.113221
0.108994
0.104902
0.100928
0.0970584
0.09328
0.0895808
0.0859495
0.082376
0.0788506
0.0753651
0.0719115
0.0684828
0.065072
0.0616731
0.0582804
0.0548894
0.0514954
0.0480945
0.0446827
0.0412567
0.0378131
0.0343491
0.0308621
0.0273495
0.0238096
0.0202389
0.0166389
0.0129989
0.00933886
0.00560397
0.0019226
-25.7179
-20.6385
-31.5568
-42.6631
-44.1019
-36.1038
-25.6916
-17.7172
-12.4923
-8.96968
-6.50517
-4.75617
-3.48702
-2.54669
-1.83886
-1.29856
-0.881558
-0.557186
-0.303634
-0.105044
0.0503597
0.171496
0.2652
0.336788
0.390472
0.429627
0.456982
0.474764
0.4848
0.488596
0.4874
0.482247
0.473996
0.463362
0.450937
0.437212
0.422591
0.407407
0.39193
0.376381
0.360935
0.345731
0.330877
0.316455
0.302526
0.289131
0.276297
0.264041
0.252365
0.241267
0.230737
0.22076
0.211315
0.202382
0.193936
0.185951
0.178402
0.17126
0.1645
0.158094
0.152017
0.146243
0.140749
0.13551
0.130504
0.125711
0.12111
0.116682
0.11241
0.108277
0.104268
0.100369
0.0965657
0.0928463
0.0891997
0.0856151
0.082083
0.0785944
0.0751415
0.0717165
0.0683126
0.0649236
0.0615441
0.0581688
0.0547932
0.0514126
0.0480233
0.0446215
0.0412042
0.0377683
0.0343111
0.0308301
0.0273229
0.0237877
0.0202212
0.0166248
0.0129885
0.00933105
0.00559979
0.00192029
)
;

boundaryField
{
    outlet
    {
        type            fixedValue;
        value           uniform 0;
    }
    inlet
    {
        type            zeroGradient;
    }
    lowerWall
    {
        type            zeroGradient;
    }
    upperWall
    {
        type            zeroGradient;
    }
    frontAndBack
    {
        type            empty;
    }
}


// ************************************************************************* //
