/*--------------------------------*- C++ -*----------------------------------*\
  =========                 |
  \\      /  F ield         | OpenFOAM: The Open Source CFD Toolbox
   \\    /   O peration     | Website:  https://openfoam.org
    \\  /    A nd           | Version:  10
     \\/     M anipulation  |
\*---------------------------------------------------------------------------*/
FoamFile
{
    format      ascii;
    class       volScalarField;
    location    "0.06";
    object      epsilon;
}
// * * * * * * * * * * * * * * * * * * * * * * * * * * * * * * * * * * * * * //

dimensions      [0 2 -3 0 0 0 0];

internalField   nonuniform List<scalar> 
6820
(
23.2969
22.5752
21.9094
21.2853
20.7018
20.1631
19.6734
19.2343
18.8456
18.5051
18.2094
17.955
17.738
17.5546
17.4013
17.2748
17.1722
17.0907
17.028
16.9819
16.9505
16.9321
16.9251
16.9283
16.9405
16.9607
16.9876
17.0232
17.0533
17.1422
16.9846
18.0176
13.4684
5.03386
6.81837
7.83946
8.46782
8.89841
9.23205
9.52258
9.79647
10.0657
10.3355
10.6075
10.8822
11.1594
11.4386
11.7194
12.0011
12.2834
12.5657
12.8477
13.129
13.4095
13.6892
13.9681
14.2464
14.5249
14.8044
15.0866
15.374
15.6706
15.9915
16.3114
16.8582
16.93
3.7036
4.14718
4.56526
4.91425
5.19802
5.43136
5.62832
5.80013
5.95523
6.09975
6.23798
6.37286
6.50631
6.63957
6.77342
6.90827
7.04437
7.18179
7.32054
7.46056
7.6018
7.7442
7.88772
8.03241
8.17837
8.32585
8.47524
8.62743
8.78298
8.94571
9.11283
9.30093
9.49109
3.54009
3.61094
3.72474
3.85374
3.98121
4.09947
4.2063
4.30212
4.38841
4.46696
4.53949
4.6075
4.67225
4.73474
4.79575
4.85589
4.9156
4.97523
5.03502
5.09516
5.15578
5.21698
5.27887
5.34152
5.40505
5.46961
5.53539
5.60275
5.67204
5.74418
5.81967
5.90018
5.98765
3.52064
3.50151
3.50497
3.52611
3.55868
3.59723
3.63783
3.67809
3.71673
3.7532
3.78742
3.81954
3.84981
3.87855
3.90607
3.93264
3.95853
3.98394
4.00907
4.03406
4.05906
4.08417
4.10949
4.13513
4.16117
4.18772
4.21493
4.24297
4.27205
4.30251
4.3347
4.36914
4.40623
3.5194
3.48247
3.45303
3.43232
3.41995
3.4145
3.41423
3.41752
3.4231
3.43002
3.43765
3.44556
3.4535
3.46136
3.46907
3.47663
3.48406
3.4914
3.49869
3.506
3.51337
3.52086
3.52851
3.53637
3.54452
3.55301
3.56191
3.57133
3.58139
3.59225
3.6041
3.61719
3.6317
3.51943
3.47974
3.44283
3.40949
3.38025
3.35523
3.3342
3.31668
3.30213
3.28999
3.27978
3.27109
3.2636
3.25705
3.25127
3.2461
3.24144
3.23723
3.23342
3.22997
3.22686
3.22409
3.22165
3.21954
3.21779
3.2164
3.21542
3.21489
3.21487
3.21544
3.21669
3.21876
3.22175
3.51947
3.47943
3.44109
3.40466
3.37041
3.33851
3.30906
3.28204
3.25733
3.23478
3.21416
3.19528
3.17792
3.16191
3.14707
3.13326
3.12037
3.10829
3.09695
3.08626
3.07618
3.06666
3.05767
3.04918
3.04117
3.03364
3.02658
3.02
3.01394
3.00841
3.00347
2.99918
2.99561
3.51948
3.47941
3.44085
3.40382
3.36835
3.33447
3.30224
3.27167
3.24277
3.2155
3.1898
3.16559
3.14278
3.12129
3.101
3.08184
3.0637
3.04652
3.03021
3.01471
2.99996
2.98591
2.97252
2.95975
2.94757
2.93595
2.92488
2.91435
2.90436
2.89492
2.88605
2.87778
2.87014
3.51948
3.47941
3.44082
3.40368
3.36795
3.33361
3.30061
3.26896
3.23862
3.20958
3.18181
3.15527
3.12992
3.10572
3.08261
3.06054
3.03945
3.0193
3.00004
2.9816
2.96395
2.94704
2.93084
2.9153
2.90041
2.88612
2.87242
2.85929
2.84673
2.83473
2.8233
2.81245
2.80219
3.51948
3.4794
3.44081
3.40365
3.36788
3.33343
3.30026
3.26832
3.23757
3.20797
3.17948
3.15208
3.12573
3.10039
3.07603
3.05261
3.0301
3.00845
2.98764
2.96762
2.94836
2.92983
2.912
2.89483
2.8783
2.86239
2.84708
2.83234
2.81818
2.80457
2.79153
2.77905
2.76715
3.51948
3.4794
3.4408
3.40364
3.36786
3.33339
3.30018
3.26817
3.23731
3.20756
3.17886
3.15119
3.1245
3.09875
3.07392
3.04996
3.02685
3.00455
2.98304
2.96228
2.94224
2.9229
2.90423
2.88621
2.86881
2.85201
2.8358
2.82016
2.80508
2.79055
2.77656
2.76313
2.75025
3.51948
3.4794
3.44079
3.40363
3.36784
3.33337
3.30015
3.26812
3.23724
3.20745
3.1787
3.15095
3.12415
3.09828
3.07329
3.04915
3.02582
3.00328
2.98149
2.96042
2.94006
2.92037
2.90133
2.88291
2.8651
2.84788
2.83123
2.81513
2.79958
2.78457
2.77009
2.75614
2.74272
3.51948
3.47939
3.44079
3.40362
3.36783
3.33335
3.30013
3.2681
3.2372
3.2074
3.17863
3.15086
3.12404
3.09813
3.0731
3.0489
3.0255
3.00288
2.98099
2.95982
2.93934
2.91952
2.90033
2.88176
2.86378
2.84638
2.82954
2.81324
2.79748
2.78225
2.76753
2.75333
2.73965
3.51947
3.47939
3.44079
3.40362
3.36782
3.33334
3.30011
3.26808
3.23718
3.20737
3.1786
3.15082
3.12399
3.09807
3.07302
3.04881
3.02539
3.00274
2.98083
2.95963
2.9391
2.91924
2.9
2.88138
2.86334
2.84588
2.82896
2.81259
2.79675
2.78143
2.76662
2.75231
2.7385
3.51947
3.47939
3.44078
3.40361
3.36782
3.33333
3.3001
3.26806
3.23716
3.20734
3.17857
3.15079
3.12395
3.09803
3.07298
3.04876
3.02533
3.00268
2.98076
2.95955
2.93901
2.91914
2.89989
2.88125
2.8632
2.84571
2.82878
2.81239
2.79652
2.78116
2.76631
2.75196
2.7381
3.51947
3.47939
3.44078
3.40361
3.36781
3.33332
3.30008
3.26804
3.23714
3.20732
3.17854
3.15076
3.12392
3.098
3.07294
3.04872
3.02529
3.00264
2.98071
2.9595
2.93897
2.91909
2.89984
2.88119
2.86314
2.84565
2.82872
2.81232
2.79644
2.78108
2.76621
2.75184
2.73794
3.51947
3.47939
3.44078
3.4036
3.3678
3.33331
3.30007
3.26803
3.23712
3.2073
3.17852
3.15073
3.1239
3.09797
3.07291
3.04868
3.02526
3.0026
2.98068
2.95946
2.93893
2.91905
2.8998
2.88116
2.86311
2.84562
2.82869
2.81229
2.79641
2.78104
2.76616
2.75177
2.73786
3.51947
3.47939
3.44078
3.4036
3.3678
3.33331
3.30006
3.26802
3.23711
3.20728
3.1785
3.15071
3.12387
3.09794
3.07288
3.04865
3.02523
3.00257
2.98065
2.95943
2.9389
2.91902
2.89977
2.88113
2.86308
2.84559
2.82866
2.81226
2.79638
2.781
2.76612
2.75172
2.73779
3.51947
3.47939
3.44077
3.4036
3.36779
3.3333
3.30006
3.26801
3.23709
3.20727
3.17848
3.15069
3.12385
3.09792
3.07285
3.04863
3.0252
3.00254
2.98062
2.9594
2.93887
2.91899
2.89974
2.8811
2.86305
2.84556
2.82863
2.81223
2.79634
2.78096
2.76607
2.75165
2.73771
3.51947
3.47939
3.44077
3.4036
3.36779
3.33329
3.30005
3.268
3.23708
3.20726
3.17847
3.15067
3.12383
3.0979
3.07283
3.0486
3.02517
3.00251
2.98059
2.95937
2.93884
2.91896
2.89971
2.88107
2.86302
2.84553
2.82859
2.81219
2.79629
2.78091
2.766
2.75158
2.73761
3.51947
3.47938
3.44077
3.40359
3.36779
3.33329
3.30004
3.26799
3.23707
3.20725
3.17846
3.15066
3.12381
3.09788
3.07281
3.04858
3.02515
3.00249
2.98056
2.95934
2.93881
2.91893
2.89968
2.88103
2.86298
2.84549
2.82855
2.81214
2.79624
2.78084
2.76593
2.75148
2.7375
3.51947
3.47938
3.44077
3.40359
3.36778
3.33329
3.30004
3.26798
3.23707
3.20724
3.17844
3.15065
3.1238
3.09786
3.07279
3.04856
3.02513
3.00246
2.98054
2.95932
2.93878
2.91889
2.89964
2.881
2.86294
2.84545
2.8285
2.81208
2.79617
2.78077
2.76584
2.75138
2.73737
3.51947
3.47938
3.44077
3.40359
3.36778
3.33328
3.30003
3.26798
3.23706
3.20723
3.17843
3.15063
3.12379
3.09784
3.07278
3.04854
3.02511
3.00244
2.98051
2.95929
2.93875
2.91886
2.89961
2.88096
2.8629
2.8454
2.82844
2.81202
2.7961
2.78068
2.76574
2.75126
2.73724
3.51947
3.47938
3.44077
3.40359
3.36778
3.33328
3.30003
3.26797
3.23705
3.20722
3.17843
3.15062
3.12377
3.09783
3.07276
3.04852
3.02509
3.00242
2.98049
2.95926
2.93872
2.91883
2.89957
2.88092
2.86285
2.84534
2.82838
2.81195
2.79602
2.78059
2.76563
2.75113
2.73709
3.51947
3.47938
3.44077
3.40359
3.36778
3.33328
3.30003
3.26797
3.23705
3.20721
3.17842
3.15062
3.12376
3.09782
3.07275
3.04851
3.02507
3.0024
2.98046
2.95924
2.93869
2.9188
2.89953
2.88087
2.8628
2.84529
2.82832
2.81187
2.79593
2.78049
2.76551
2.751
2.73693
3.51947
3.47938
3.44077
3.40359
3.36778
3.33328
3.30003
3.26797
3.23704
3.20721
3.17841
3.15061
3.12375
3.09781
3.07273
3.04849
3.02505
3.00238
2.98044
2.95921
2.93866
2.91876
2.89949
2.88082
2.86274
2.84522
2.82824
2.81179
2.79584
2.78038
2.76539
2.75086
2.73677
3.51947
3.47938
3.44077
3.40359
3.36778
3.33328
3.30003
3.26797
3.23704
3.20721
3.17841
3.1506
3.12375
3.0978
3.07273
3.04848
3.02504
3.00236
2.98042
2.95919
2.93863
2.91873
2.89945
2.88078
2.86269
2.84516
2.82818
2.81171
2.79574
2.78027
2.76526
2.75071
2.7366
3.51947
3.47938
3.44077
3.40359
3.36778
3.33328
3.30002
3.26796
3.23704
3.2072
3.1784
3.15059
3.12374
3.09779
3.07271
3.04846
3.02502
3.00234
2.9804
2.95916
2.9386
2.91869
2.89941
2.88073
2.86263
2.8451
2.8281
2.81162
2.79564
2.78015
2.76513
2.75056
2.73643
3.51947
3.47938
3.44077
3.40359
3.36778
3.33328
3.30003
3.26797
3.23705
3.20721
3.17841
3.15061
3.12375
3.0978
3.07272
3.04847
3.02503
3.00234
2.9804
2.95915
2.93859
2.91867
2.89939
2.8807
2.8626
2.84505
2.82804
2.81155
2.79556
2.78006
2.76502
2.75043
2.73628
3.51947
3.47939
3.44077
3.40359
3.36778
3.33328
3.30002
3.26796
3.23704
3.2072
3.1784
3.15059
3.12373
3.09778
3.0727
3.04845
3.025
3.00232
2.98037
2.95913
2.93856
2.91864
2.89935
2.88066
2.86255
2.845
2.82798
2.81148
2.79548
2.77997
2.76492
2.75032
2.73615
3.51947
3.47938
3.44077
3.40359
3.36779
3.3333
3.30006
3.26801
3.23709
3.20726
3.17846
3.15066
3.1238
3.09785
3.07277
3.04852
3.02507
3.00239
2.98043
2.95919
2.93862
2.9187
2.89941
2.88072
2.8626
2.84505
2.82803
2.81153
2.79553
2.78001
2.76496
2.75036
2.73619
3.51948
3.4794
3.44079
3.40362
3.36782
3.33332
3.30007
3.26801
3.23709
3.20726
3.17846
3.15066
3.12381
3.09787
3.0728
3.04857
3.02514
3.00247
2.98054
2.95932
2.93878
2.91889
2.89962
2.88097
2.86289
2.84537
2.8284
2.81194
2.79598
2.78051
2.76551
2.75096
2.73684
3.51947
3.47939
3.4408
3.40365
3.36789
3.33344
3.30023
3.26822
3.23734
3.20755
3.1788
3.15104
3.12424
3.09836
3.07336
3.04921
3.02587
3.00331
2.9815
2.96041
2.94001
2.92027
2.90118
2.8827
2.86482
2.84751
2.83074
2.81451
2.79878
2.78355
2.76879
2.75448
2.74062
3.51949
3.47947
3.44095
3.40384
3.3681
3.33369
3.30054
3.26862
3.23789
3.2083
3.17981
3.15237
3.12595
3.10051
3.076
3.05239
3.02965
3.00773
2.98661
2.96625
2.94662
2.92769
2.90944
2.89182
2.87482
2.8584
2.84256
2.82725
2.81246
2.79817
2.78436
2.771
2.75808
3.5195
3.47953
3.44117
3.40446
3.36934
3.33573
3.3036
3.27292
3.24364
3.21573
3.18913
3.16381
3.13969
3.11673
3.09486
3.07404
3.05419
3.03526
3.01721
2.99998
2.98351
2.96777
2.9527
2.93828
2.92445
2.91118
2.89845
2.88621
2.87443
2.8631
2.85218
2.84165
2.83149
3.51968
3.48122
3.44561
3.41286
3.38296
3.35588
3.33151
3.30967
3.29014
3.27271
3.25717
3.2433
3.23091
3.21984
3.20991
3.20099
3.19295
3.18567
3.17905
3.173
3.16744
3.1623
3.15752
3.15303
3.1488
3.14477
3.14091
3.13719
3.13356
3.13002
3.12652
3.12306
3.11961
3.52527
3.5137
3.51624
3.52953
3.55079
3.57798
3.60949
3.64404
3.68065
3.71859
3.75728
3.79625
3.83515
3.87369
3.91167
3.94892
3.98532
4.02077
4.0552
4.08858
4.12088
4.15207
4.18217
4.21116
4.23907
4.26592
4.29172
4.31651
4.34031
4.36316
4.38509
4.40615
4.42639
3.83318
4.36504
4.84909
5.31395
5.77421
6.2253
6.66296
7.08536
7.49219
7.88385
8.26118
8.62513
8.97666
9.31667
9.64599
9.96538
10.2755
10.577
10.8704
11.1563
11.4351
11.7074
11.9734
12.2338
12.4888
12.7389
12.9845
13.2259
13.4636
13.6977
13.9288
14.1571
14.3829
30.2663
32.7713
35.3126
37.865
40.4147
42.9529
45.4713
47.9624
50.4192
52.8356
55.206
57.5256
59.7902
61.9965
64.1416
66.2235
68.2403
70.1909
72.0746
73.8911
75.6403
77.3227
78.9388
80.4894
81.9756
83.3986
84.7596
86.0601
87.3015
88.4856
89.6139
90.6878
91.7103
88.5713
251.755
462.89
675.766
845.161
938.259
947.501
893.174
806.75
714.343
630.511
560.257
503.461
458.213
422.407
394.201
372.189
354.999
341.348
330.082
320.104
310.328
299.649
286.924
270.993
250.75
225.306
194.286
158.275
119.333
81.2422
48.8262
25.92
13.1294
7.68869
5.95461
5.6255
5.75246
6.0091
6.27903
6.51282
6.68764
6.79604
6.84059
6.82973
6.7744
6.68565
6.57346
6.44613
6.31027
6.17095
6.03199
5.8962
5.76565
5.64186
5.52596
5.41879
5.321
5.23306
5.15523
5.08751
5.02947
4.9802
4.93817
4.90123
4.86673
4.83164
4.79271
4.7465
4.6893
4.61697
4.52482
4.40774
4.26075
4.08002
3.86405
3.61493
3.33897
3.0466
2.7513
2.46765
2.20896
1.98505
1.80086
1.65625
1.54705
1.46678
1.40849
1.36606
1.33482
1.31154
1.29409
1.28105
1.27139
1.26433
1.25923
1.25559
1.25302
1.2513
1.24964
19.8093
30.0547
53.0944
95.6754
162.426
251.143
351.189
445.27
516.595
555.879
563.757
548.062
518.881
484.718
450.999
420.372
393.467
369.937
349.058
329.915
311.538
292.936
273.121
251.149
226.224
197.864
166.149
132.01
97.4734
65.5768
39.6259
21.7735
11.794
7.34854
5.75601
5.3345
5.35112
5.53026
5.76132
5.98956
6.18385
6.3278
6.41587
6.45021
6.43757
6.38669
6.30656
6.20538
6.09013
5.96644
5.83873
5.71037
5.58391
5.46124
5.34379
5.23263
5.12861
5.03243
4.94469
4.86586
4.79627
4.73597
4.6846
4.64125
4.6044
4.57189
4.54107
4.50889
4.47198
4.42663
4.36869
4.29343
4.19568
4.07032
3.91314
3.72207
3.49833
3.24721
2.97801
2.70316
2.43645
2.19082
1.97614
1.79786
1.65659
1.549
1.46933
1.41115
1.36865
1.3373
1.31389
1.2963
1.28309
1.27324
1.26597
1.26067
1.25685
1.2541
1.25223
1.25036
9.6789
9.9446
10.4334
12.0448
16.8752
28.1824
49.8401
84.3685
130.493
182.819
233.981
277.334
308.734
327.025
333.422
330.589
320.549
305.633
287.829
268.317
247.536
225.458
201.865
176.595
149.734
121.8
93.8713
67.5874
44.8975
27.4743
15.9668
9.59899
6.6414
5.45242
5.05289
5.00181
5.11331
5.29833
5.50525
5.70082
5.86408
5.98372
6.05611
6.0832
6.07036
6.02456
5.95305
5.86256
5.7589
5.64688
5.53035
5.41229
5.29502
5.18027
5.06937
4.96336
4.86307
4.76918
4.68236
4.60321
4.53227
4.46993
4.41629
4.37101
4.33314
4.30109
4.27266
4.24509
4.21521
4.17941
4.13359
4.07311
3.99279
3.88741
3.75244
3.58522
3.3861
3.15922
2.91273
2.65793
2.40779
2.17482
1.96899
1.79623
1.65794
1.55164
1.47232
1.41407
1.37138
1.33983
1.31624
1.29845
1.28504
1.27498
1.26749
1.26197
1.25794
1.25499
1.25296
1.25087
6.0934
6.20837
6.25622
6.12998
5.78637
5.54394
6.28878
9.11313
15.2206
25.7889
41.2778
60.788
82.2133
102.996
120.893
134.247
142.854
146.421
144.95
138.89
128.965
116.001
100.839
84.3419
67.4439
51.1809
36.6327
24.7454
16.061
10.4932
7.36587
5.786
5.046
4.74193
4.67553
4.74496
4.88966
5.06865
5.25245
5.42009
5.55771
5.65774
5.71789
5.73984
5.72781
5.68732
5.62415
5.54379
5.45108
5.35011
5.24423
5.13608
5.02776
4.92086
4.81665
4.71609
4.61999
4.52902
4.44384
4.36511
4.29348
4.22957
4.17384
4.12639
4.08683
4.05413
4.02656
4.00177
3.97685
3.94839
3.91247
3.86455
3.79959
3.71229
3.59789
3.45314
3.27753
3.07407
2.84965
2.61445
2.38054
2.15997
1.96276
1.79532
1.65983
1.55466
1.47554
1.41711
1.37414
1.34233
1.31852
1.30053
1.28691
1.27662
1.2689
1.26315
1.2589
1.25575
1.25356
1.25122
4.4535
4.51521
4.58338
4.63809
4.62574
4.47172
4.16747
3.83043
3.75416
4.33349
5.87194
8.56215
12.4534
17.3426
22.7453
27.9142
32.4363
35.8936
37.907
38.2368
36.843
33.8999
29.7707
24.9531
20.0038
15.4462
11.669
8.84649
6.92758
5.71652
4.99339
4.59083
4.40183
4.3579
4.41182
4.52857
4.6807
4.84609
5.0071
5.15036
5.26667
5.35092
5.40159
5.42003
5.4095
5.37428
5.31899
5.24807
5.16556
5.07492
4.97905
4.88031
4.78058
4.68137
4.58383
4.4889
4.39732
4.30977
4.22687
4.14927
4.07767
4.01282
3.9554
3.90589
3.86435
3.83027
3.80243
3.77893
3.7572
3.7341
3.70595
3.66844
3.61668
3.54544
3.44975
3.32588
3.17244
2.99136
2.78825
2.5721
2.35406
2.14567
1.95694
1.79472
1.66195
1.55782
1.47883
1.42014
1.37684
1.34474
1.32069
1.30249
1.28866
1.27815
1.2702
1.26423
1.25976
1.2564
1.25403
1.25146
3.65101
3.67772
3.71129
3.75208
3.79582
3.82624
3.81257
3.72106
3.55328
3.37949
3.3039
3.43004
3.84071
4.57226
5.59547
6.86859
8.08184
9.07909
9.77344
10.1096
10.0689
9.67831
9.01004
8.16923
7.27159
6.41849
5.67896
5.08527
4.64129
4.33512
4.14843
4.06118
4.05392
4.10857
4.20849
4.33821
4.48344
4.63134
4.77085
4.89315
4.99195
5.06364
5.1071
5.1233
5.11469
5.08458
5.03661
4.97438
4.90125
4.82014
4.73358
4.64367
4.55212
4.46029
4.3693
4.28003
4.19319
4.10942
4.02931
3.95347
3.8826
3.81749
3.75895
3.70771
3.66422
3.62842
3.59957
3.57624
3.55624
3.53678
3.51447
3.48529
3.4446
3.38731
3.30834
3.20355
3.07076
2.91081
2.72809
2.53036
2.32779
2.13139
1.95106
1.79406
1.664
1.56091
1.48203
1.42306
1.37939
1.34698
1.32269
1.30429
1.29025
1.27953
1.27137
1.26518
1.26051
1.25695
1.25442
1.25159
3.22673
3.23498
3.24707
3.26412
3.28695
3.31513
3.3445
3.36477
3.36156
3.32687
3.26944
3.21757
3.21111
3.28589
3.46218
3.74321
4.05528
4.34894
4.58911
4.7528
4.82887
4.81814
4.73227
4.59101
4.4183
4.23795
4.0704
3.9308
3.82879
3.76904
3.75225
3.77605
3.83581
3.92527
4.03701
4.16296
4.29482
4.42455
4.54482
4.64952
4.73414
4.79593
4.83398
4.84888
4.84244
4.81716
4.77591
4.72161
4.65702
4.58464
4.50666
4.42496
4.34107
4.25628
4.17162
4.08793
4.00591
3.92614
3.84919
3.77562
3.7061
3.64139
3.58236
3.5299
3.48473
3.44716
3.41692
3.39299
3.37362
3.35637
3.3382
3.31544
3.28377
3.2383
3.17399
3.08633
2.97249
2.83228
2.66886
2.48881
2.30129
2.11667
1.94472
1.79299
1.66573
1.56375
1.48501
1.42575
1.38172
1.349
1.32446
1.30586
1.29165
1.28074
1.27239
1.26601
1.26114
1.2574
1.2547
1.25165
2.99253
2.99061
2.99093
2.99418
3.00103
3.01209
3.02759
3.04659
3.06602
3.08107
3.0874
3.08461
3.07852
3.08017
3.10252
3.15334
3.22587
3.30897
3.39065
3.46072
3.51218
3.54189
3.55044
3.54161
3.52145
3.49716
3.47607
3.46473
3.46834
3.4904
3.53267
3.59516
3.67627
3.77306
3.8815
3.99677
4.11354
4.22637
4.33012
4.42033
4.49354
4.54758
4.58157
4.59584
4.59163
4.57083
4.53568
4.48853
4.43168
4.36724
4.29712
4.22298
4.14624
4.06807
3.98945
3.91119
3.83394
3.75828
3.68473
3.61381
3.54613
3.48241
3.42352
3.3704
3.32398
3.28485
3.25311
3.22816
3.20865
3.19251
3.17706
3.15902
3.13445
3.09875
3.04697
2.97444
2.87771
2.75569
2.6104
2.44719
2.27422
2.10118
1.9376
1.79124
1.66693
1.56617
1.48764
1.42815
1.38376
1.35072
1.32595
1.30718
1.2928
1.28175
1.27323
1.26668
1.26164
1.25773
1.2549
1.25163
2.86213
2.8541
2.84751
2.84283
2.84051
2.84101
2.84472
2.85185
2.86217
2.8748
2.88816
2.90055
2.91106
2.9204
2.93122
2.9464
2.96738
2.99372
3.02352
3.0542
3.08333
3.10926
3.13146
3.15057
3.16827
3.18697
3.20947
3.23856
3.27665
3.32558
3.38633
3.45894
3.54254
3.63533
3.73472
3.83746
3.93983
4.03789
4.12782
4.20618
4.27023
4.31816
4.3491
4.36312
4.36107
4.34434
4.31466
4.27392
4.22401
4.16675
4.10378
4.03659
3.96646
3.89447
3.82157
3.7485
3.67592
3.60437
3.53435
3.46633
3.40086
3.33861
3.2804
3.22721
3.18003
3.13968
3.10658
3.08047
3.06035
3.04453
3.03069
3.01593
2.99672
2.96885
2.92756
2.8681
2.78659
2.68111
2.55263
2.40534
2.24637
2.08466
1.92945
1.7886
1.6674
1.56804
1.48984
1.43017
1.38546
1.35212
1.32713
1.30819
1.29368
1.2825
1.27385
1.26716
1.26199
1.25793
1.25498
1.25152
2.79105
2.77918
2.76831
2.75877
2.75091
2.74507
2.74158
2.74069
2.74256
2.74714
2.75418
2.76315
2.7734
2.78442
2.79618
2.809
2.82334
2.8395
2.85754
2.87729
2.89845
2.9208
2.94436
2.96946
2.99683
3.02748
3.06261
3.10348
3.15123
3.20668
3.27025
3.34182
3.42069
3.50554
3.5945
3.68516
3.77475
3.86027
3.93873
4.0074
4.06404
4.10706
4.13562
4.1496
4.14953
4.13641
4.11157
4.07652
4.03282
3.982
3.92551
3.86466
3.80061
3.73438
3.66683
3.5987
3.53062
3.4631
3.39663
3.33164
3.26865
3.20823
3.15117
3.0984
3.05097
3.00984
2.97565
2.94843
2.92751
2.91152
2.89846
2.88582
2.87049
2.84867
2.81591
2.76752
2.69929
2.60866
2.49559
2.36321
2.21761
2.06696
1.92009
1.7849
1.66703
1.56924
1.49153
1.43177
1.38677
1.35315
1.32795
1.30886
1.29425
1.28297
1.27423
1.26743
1.26215
1.25798
1.25493
1.25131
2.75403
2.73974
2.72619
2.71363
2.70232
2.69254
2.68457
2.67865
2.67496
2.67364
2.6747
2.67809
2.68363
2.69109
2.70027
2.71104
2.72337
2.7373
2.75289
2.77023
2.78947
2.81076
2.83439
2.86071
2.89021
2.9235
2.96122
3.00403
3.05249
3.10698
3.16762
3.23419
3.30606
3.38219
3.46109
3.54092
3.61948
3.69442
3.76334
3.82401
3.87454
3.91352
3.94012
3.95411
3.95576
3.94578
3.92516
3.89511
3.85691
3.81186
3.76121
3.70612
3.64765
3.58673
3.52418
3.4607
3.3969
3.33329
3.27032
3.20842
3.14804
3.08971
3.03414
2.98222
2.935
2.89352
2.85859
2.83047
2.80876
2.79234
2.77953
2.76813
2.75546
2.73814
2.71213
2.67287
2.61604
2.53851
2.43943
2.32088
2.18796
2.04803
1.90945
1.78004
1.6657
1.56972
1.49265
1.43291
1.38768
1.3538
1.3284
1.30919
1.29449
1.28314
1.27433
1.26746
1.26209
1.25785
1.25472
1.25098
2.73594
2.72019
2.705
2.69057
2.67711
2.66485
2.65403
2.64486
2.63754
2.63222
2.62903
2.62802
2.62921
2.63256
2.63801
2.64549
2.65496
2.66641
2.67985
2.69536
2.71306
2.73313
2.75583
2.78144
2.81034
2.84291
2.87956
2.92067
2.96656
3.01738
3.07312
3.13352
3.19801
3.26574
3.33551
3.40582
3.47492
3.54089
3.60177
3.6557
3.70105
3.73659
3.76149
3.77544
3.77851
3.77119
3.75421
3.72852
3.69517
3.65524
3.60983
3.55995
3.50657
3.45054
3.39263
3.33351
3.27377
3.2139
3.15433
3.09549
3.03778
2.98169
2.92786
2.87711
2.83049
2.78906
2.75375
2.72501
2.70264
2.68575
2.67287
2.66211
2.65113
2.63703
2.61617
2.58429
2.53703
2.4709
2.38433
2.27848
2.15748
2.02788
1.8975
1.77397
1.66338
1.56942
1.49318
1.43357
1.38818
1.35408
1.3285
1.30917
1.2944
1.283
1.27414
1.26722
1.26181
1.25751
1.25433
1.25051
2.72775
2.71117
2.69503
2.67949
2.66471
2.65089
2.63824
2.62693
2.61718
2.60913
2.60293
2.59869
2.5965
2.5964
2.59842
2.60259
2.60891
2.6174
2.62811
2.6411
2.65648
2.67439
2.69501
2.71857
2.74531
2.77551
2.80942
2.84728
2.88925
2.93539
2.98562
3.03968
3.09706
3.15704
3.21863
3.2806
3.3415
3.39977
3.45375
3.50188
3.54275
3.57524
3.59858
3.61236
3.61655
3.61143
3.59755
3.57562
3.5465
3.51111
3.47038
3.4252
3.37645
3.3249
3.27128
3.21623
3.16029
3.10397
3.04768
2.99182
2.93678
2.883
2.83105
2.78171
2.73598
2.69494
2.65959
2.63053
2.60771
2.59041
2.57735
2.56685
2.55688
2.54497
2.52791
2.50181
2.46243
2.40605
2.33053
2.23623
2.12635
2.00663
1.88429
1.76671
1.66005
1.56833
1.49311
1.43377
1.3883
1.354
1.32825
1.3088
1.29397
1.28254
1.27366
1.26672
1.26128
1.25695
1.25374
1.24987
2.72434
2.70731
2.69064
2.67445
2.65888
2.64408
2.63024
2.61751
2.60609
2.59611
2.58774
2.5811
2.57631
2.57345
2.5726
2.57383
2.57719
2.58274
2.59055
2.60069
2.61326
2.62838
2.6462
2.66689
2.69061
2.71757
2.74791
2.7818
2.81931
2.86045
2.90509
2.95299
3.00371
3.05663
3.1109
3.16551
3.21924
3.27078
3.31875
3.36178
3.39867
3.42839
3.45021
3.46369
3.46869
3.46536
3.45406
3.43535
3.40992
3.37852
3.34194
3.30099
3.25643
3.20898
3.15931
3.10802
3.05565
3.00267
2.94949
2.89651
2.84408
2.79261
2.74263
2.69485
2.65022
2.60983
2.57473
2.54561
2.52258
2.50504
2.49181
2.48138
2.47196
2.46144
2.44708
2.42538
2.39235
2.34417
2.2783
2.19438
2.09478
1.98442
1.86991
1.75831
1.65574
1.56646
1.49244
1.43352
1.38804
1.3536
1.32768
1.30813
1.29324
1.28178
1.2729
1.26595
1.26051
1.25616
1.25295
1.24905
2.72302
2.70577
2.6888
2.67223
2.65616
2.64074
2.6261
2.6124
2.59979
2.58842
2.57843
2.56996
2.56313
2.55804
2.55481
2.55351
2.55423
2.55706
2.56206
2.56935
2.579
2.59113
2.60587
2.62334
2.64368
2.66703
2.69349
2.72317
2.7561
2.79225
2.83149
2.87359
2.91816
2.96465
3.01236
3.06042
3.10781
3.1534
3.19602
3.23451
3.26778
3.29492
3.31524
3.32826
3.33379
3.33185
3.32269
3.30672
3.28446
3.25655
3.22367
3.18649
3.14572
3.102
3.05595
3.00814
2.95909
2.90924
2.85901
2.80877
2.75886
2.70967
2.66167
2.61553
2.57214
2.53258
2.49795
2.46901
2.44599
2.42838
2.41509
2.40468
2.39555
2.38588
2.37334
2.3549
2.32686
2.28547
2.22789
2.1532
2.063
1.96145
1.85452
1.74885
1.65048
1.56384
1.49121
1.43285
1.38746
1.35291
1.32685
1.30719
1.29224
1.28077
1.27188
1.26494
1.2595
1.25516
1.25195
1.24806
2.72253
2.70515
2.68801
2.6712
2.65481
2.63896
2.62376
2.60935
2.59586
2.58344
2.5722
2.56229
2.55382
2.54691
2.54167
2.53821
2.53662
2.53699
2.53941
2.54399
2.55083
2.56001
2.57166
2.58589
2.6028
2.62251
2.64509
2.67061
2.69908
2.73046
2.76461
2.80132
2.84024
2.88091
2.92272
2.96491
3.00663
3.0469
3.08472
3.11908
3.14903
3.17374
3.19254
3.20497
3.21077
3.2099
3.20247
3.18879
3.16926
3.14439
3.11476
3.08096
3.04359
3.00326
2.96053
2.91592
2.86994
2.82302
2.77556
2.72791
2.68041
2.63342
2.58738
2.5429
2.50083
2.46224
2.42822
2.39965
2.37683
2.35933
2.34611
2.33577
2.32681
2.31762
2.30627
2.29015
2.26595
2.23008
2.17954
2.11297
2.0313
1.93796
1.83828
1.73846
1.64437
1.56051
1.48944
1.43178
1.38658
1.35197
1.3258
1.30603
1.29103
1.27953
1.27064
1.26371
1.25829
1.25397
1.25078
1.2469
2.72233
2.70487
2.68762
2.67064
2.65402
2.63785
2.62223
2.60727
2.5931
2.57984
2.56761
2.55652
2.54671
2.53828
2.53135
2.52602
2.5224
2.52059
2.52068
2.52278
2.52698
2.53339
2.5421
2.55322
2.56684
2.58305
2.60192
2.62349
2.64775
2.67466
2.70409
2.73585
2.76962
2.80501
2.84148
2.87839
2.915
2.95048
2.98395
3.01454
3.04139
3.06377
3.08105
3.09277
3.09863
3.09852
3.09248
3.0807
3.0635
3.04128
3.0145
2.9837
2.94939
2.91212
2.87241
2.83076
2.78761
2.74341
2.69853
2.65332
2.60811
2.56323
2.5191
2.47627
2.43555
2.39799
2.3647
2.33661
2.31413
2.2969
2.2839
2.27372
2.26491
2.25601
2.24539
2.23088
2.20956
2.1781
2.13346
2.07395
1.99995
1.9142
1.8214
1.72729
1.6375
1.55654
1.48719
1.43036
1.38544
1.35084
1.32457
1.30471
1.28964
1.27812
1.26923
1.26232
1.25692
1.25263
1.24945
1.2456
2.72222
2.7047
2.68735
2.67024
2.65344
2.63701
2.62105
2.60566
2.59094
2.57699
2.56394
2.55188
2.54094
2.53122
2.52283
2.51589
2.5105
2.50675
2.50476
2.50461
2.50641
2.51026
2.51625
2.52448
2.53503
2.54798
2.56338
2.58126
2.60162
2.6244
2.6495
2.67673
2.70582
2.73642
2.76806
2.8002
2.83218
2.86331
2.89281
2.91992
2.94389
2.96404
2.9798
2.9907
2.99643
2.99683
2.99188
2.98167
2.96644
2.9465
2.92223
2.89408
2.86251
2.82801
2.79105
2.75209
2.71156
2.66988
2.6274
2.58448
2.54142
2.49855
2.45625
2.41503
2.37566
2.33916
2.30665
2.27913
2.25709
2.24024
2.22759
2.2177
2.20909
2.20039
2.19022
2.17678
2.15758
2.12957
2.08982
2.03639
1.9692
1.8904
1.80408
1.71549
1.62997
1.552
1.4845
1.42863
1.3841
1.34956
1.32323
1.30328
1.28815
1.2766
1.26771
1.26081
1.25543
1.25116
1.24801
1.2442
2.72211
2.70454
2.68712
2.6699
2.65294
2.6363
2.62006
2.6043
2.58911
2.5746
2.56085
2.54797
2.53606
2.52524
2.5156
2.50726
2.50031
2.49486
2.491
2.48884
2.48848
2.49001
2.49351
2.49909
2.50682
2.51676
2.52897
2.54346
2.56024
2.57924
2.60038
2.62348
2.6483
2.67455
2.70181
2.72962
2.75741
2.78456
2.81043
2.83432
2.85559
2.87361
2.88785
2.89786
2.90332
2.90402
2.89989
2.89096
2.87739
2.85941
2.83733
2.81153
2.78241
2.7504
2.71593
2.67943
2.64131
2.60195
2.56171
2.52092
2.47988
2.4389
2.39834
2.35868
2.32063
2.28519
2.25349
2.22659
2.20504
2.18866
2.17646
2.16697
2.15865
2.15016
2.14027
2.12753
2.10983
2.0845
2.04874
2.00049
1.93932
1.86684
1.78655
1.70324
1.62193
1.54699
1.48142
1.42664
1.38258
1.34818
1.32182
1.3018
1.2866
1.27501
1.26611
1.25923
1.25387
1.24963
1.2465
1.24273
2.722
2.70438
2.68689
2.66957
2.65247
2.63565
2.61916
2.60309
2.58751
2.57251
2.55816
2.54458
2.53185
2.52008
2.50935
2.49979
2.49147
2.48452
2.47901
2.47506
2.47275
2.47218
2.47344
2.47661
2.48176
2.48896
2.49825
2.50965
2.52315
2.53871
2.55623
2.57557
2.59653
2.61882
2.64211
2.66597
2.68994
2.71347
2.736
2.75692
2.77565
2.79163
2.80437
2.81344
2.8185
2.81933
2.8158
2.80791
2.79572
2.77942
2.75924
2.73551
2.70857
2.6788
2.64659
2.61233
2.57641
2.5392
2.50102
2.46222
2.42307
2.38387
2.34496
2.30678
2.27002
2.23562
2.20473
2.17846
2.15744
2.14157
2.1299
2.12091
2.11299
2.10475
2.09509
2.08279
2.06616
2.04286
2.01031
1.96645
1.91054
1.84373
1.76903
1.69071
1.61349
1.54159
1.47804
1.42442
1.38093
1.34672
1.32037
1.30029
1.28504
1.27342
1.26451
1.25762
1.25228
1.24807
1.24496
1.24124
2.72188
2.70421
2.68665
2.66924
2.65202
2.63503
2.61834
2.602
2.58607
2.57065
2.5558
2.54161
2.52816
2.51556
2.5039
2.49326
2.48375
2.47546
2.4685
2.46294
2.45889
2.45644
2.45567
2.45667
2.45949
2.4642
2.47083
2.47942
2.48994
2.50236
2.5166
2.53253
2.54996
2.56866
2.58834
2.60862
2.6291
2.64932
2.66877
2.68693
2.70329
2.71733
2.7286
2.73669
2.74127
2.74208
2.73897
2.73189
2.72085
2.70598
2.68746
2.66555
2.64055
2.61278
2.58261
2.5504
2.51649
2.48125
2.44499
2.40802
2.37063
2.3331
2.29574
2.25898
2.22345
2.19007
2.15998
2.13433
2.11385
2.09852
2.08743
2.07903
2.0716
2.0637
2.05425
2.04226
2.02636
2.00459
1.97461
1.93441
1.88306
1.82133
1.75173
1.67811
1.60482
1.5359
1.47441
1.42204
1.37919
1.34523
1.31892
1.29881
1.2835
1.27184
1.26292
1.25604
1.25072
1.24652
1.24344
1.23976
2.72174
2.70402
2.6864
2.66891
2.65158
2.63444
2.61756
2.60098
2.58476
2.56897
2.55368
2.53897
2.52491
2.51159
2.4991
2.48752
2.47696
2.46751
2.45924
2.45227
2.44667
2.44253
2.43994
2.43897
2.43969
2.44214
2.44638
2.45241
2.46023
2.4698
2.48106
2.49388
2.50811
2.52355
2.53994
2.55696
2.57426
2.59144
2.60806
2.62367
2.6378
2.65
2.65984
2.66693
2.67095
2.67163
2.6688
2.66234
2.65225
2.6386
2.62151
2.6012
2.57792
2.55196
2.52363
2.49327
2.4612
2.42777
2.39327
2.35801
2.32226
2.2863
2.2504
2.21498
2.18063
2.14823
2.11892
2.09387
2.07392
2.05913
2.04865
2.04091
2.03408
2.02661
2.01743
2.00567
1.99028
1.96963
1.94169
1.90452
1.85709
1.79985
1.73489
1.66562
1.59606
1.53005
1.47061
1.41953
1.37738
1.34372
1.3175
1.29737
1.28202
1.27033
1.26139
1.25451
1.2492
1.24502
1.24196
1.23832
2.72158
2.70382
2.68614
2.66857
2.65114
2.63388
2.61683
2.60004
2.58356
2.56745
2.55178
2.5366
2.52201
2.50806
2.49485
2.48246
2.47098
2.46049
2.45108
2.44284
2.43586
2.43022
2.426
2.42326
2.42208
2.4225
2.42456
2.42828
2.43365
2.44064
2.44919
2.4592
2.47053
2.483
2.4964
2.51045
2.52484
2.53924
2.55325
2.56649
2.57855
2.589
2.59745
2.60355
2.60696
2.60742
2.60473
2.59876
2.58944
2.57682
2.56098
2.54207
2.52031
2.49596
2.46929
2.44061
2.41024
2.37846
2.3456
2.31192
2.2777
2.2432
2.20868
2.17453
2.14131
2.10985
2.08129
2.05684
2.03739
2.02314
2.01328
2.00624
2.00009
1.99317
1.98432
1.97279
1.95776
1.93795
1.91159
1.87691
1.83282
1.77952
1.71873
1.65345
1.58739
1.52417
1.46674
1.41696
1.37555
1.34224
1.31613
1.296
1.28062
1.2689
1.25994
1.25306
1.24776
1.2436
1.24056
1.23695
2.72141
2.70361
2.68588
2.66823
2.65071
2.63333
2.61613
2.59916
2.58245
2.56606
2.55005
2.53448
2.51941
2.50492
2.49108
2.47798
2.46568
2.45428
2.44386
2.43451
2.4263
2.41931
2.41363
2.40931
2.40642
2.40501
2.40511
2.40674
2.4099
2.41455
2.42065
2.4281
2.4368
2.44658
2.45725
2.46859
2.48033
2.49217
2.50379
2.51484
2.52494
2.53374
2.54086
2.54597
2.54875
2.54892
2.54628
2.54066
2.53198
2.52023
2.50546
2.48778
2.46738
2.44447
2.4193
2.39215
2.36331
2.33307
2.30172
2.26952
2.23673
2.2036
2.1704
2.13746
2.10531
2.07477
2.04694
2.02305
2.00409
1.99035
1.98112
1.97481
1.96943
1.96315
1.95475
1.94349
1.92874
1.90953
1.8844
1.85175
1.81048
1.76059
1.7035
1.64185
1.57901
1.51841
1.46292
1.41442
1.37375
1.34081
1.31483
1.29473
1.27932
1.26757
1.2586
1.25171
1.24642
1.24228
1.23925
1.23568
2.72123
2.70339
2.6856
2.66789
2.65028
2.63279
2.61546
2.59832
2.58141
2.56478
2.54848
2.53256
2.51708
2.50211
2.48773
2.47399
2.46098
2.44878
2.43747
2.42713
2.41782
2.40964
2.40265
2.39692
2.39251
2.38945
2.38778
2.38753
2.38868
2.39122
2.3951
2.40024
2.40655
2.41388
2.42208
2.43095
2.44026
2.44976
2.45916
2.46817
2.47646
2.4837
2.48955
2.49369
2.49582
2.49567
2.493
2.48764
2.47947
2.46846
2.45461
2.43801
2.41881
2.39719
2.37337
2.34762
2.3202
2.29138
2.26144
2.23062
2.19919
2.16738
2.13543
2.10366
2.07256
2.04291
2.01579
1.99245
1.97395
1.96069
1.95207
1.94653
1.94199
1.93647
1.92861
1.91768
1.90319
1.88443
1.86023
1.82921
1.79029
1.74334
1.68949
1.63107
1.57116
1.51297
1.45928
1.412
1.37206
1.33949
1.31366
1.29358
1.27815
1.26637
1.25738
1.25049
1.2452
1.24108
1.23807
1.23454
2.72105
2.70317
2.68533
2.66755
2.64986
2.63227
2.61482
2.59754
2.58045
2.5636
2.54704
2.53081
2.51498
2.49959
2.48472
2.47044
2.45681
2.4439
2.4318
2.42058
2.41032
2.40107
2.39292
2.38593
2.38014
2.37561
2.37236
2.37041
2.36976
2.3704
2.37227
2.37531
2.37945
2.38456
2.3905
2.39711
2.4042
2.41154
2.41891
2.42603
2.43262
2.4384
2.44304
2.44626
2.44775
2.44724
2.44449
2.43931
2.43156
2.42116
2.40811
2.39246
2.37431
2.35385
2.33127
2.3068
2.28069
2.25321
2.22461
2.19513
2.16501
2.13448
2.10376
2.07314
2.04309
2.01432
1.9879
1.96509
1.94703
1.93423
1.92621
1.92145
1.9178
1.91314
1.90596
1.89544
1.8812
1.86278
1.83928
1.80954
1.77256
1.72809
1.67704
1.62144
1.56411
1.50808
1.45602
1.40985
1.37059
1.33836
1.31266
1.2926
1.27716
1.26535
1.25633
1.24944
1.24416
1.24004
1.23705
1.23354
2.72085
2.70293
2.68504
2.66721
2.64945
2.63177
2.61421
2.59679
2.57955
2.56251
2.54572
2.52922
2.51308
2.49733
2.48204
2.46727
2.45309
2.43957
2.42678
2.41479
2.40367
2.39348
2.38431
2.37619
2.36918
2.36333
2.35866
2.35519
2.35292
2.35183
2.35189
2.35304
2.3552
2.35828
2.36217
2.36672
2.37177
2.37714
2.38262
2.388
2.39303
2.39744
2.40096
2.40329
2.40416
2.40328
2.40041
2.39534
2.38791
2.37802
2.36564
2.3508
2.3336
2.31418
2.29273
2.26947
2.24463
2.21845
2.19117
2.16303
2.13424
2.105
2.07553
2.0461
2.01711
1.98925
1.96354
1.94127
1.92362
1.91124
1.90379
1.89981
1.8971
1.8934
1.88699
1.87697
1.86302
1.84485
1.82186
1.7931
1.75767
1.71525
1.66655
1.61336
1.55825
1.50406
1.4534
1.40819
1.36949
1.33756
1.31196
1.29191
1.27643
1.26458
1.25554
1.24863
1.24334
1.23924
1.23626
1.23278
2.72066
2.7027
2.68477
2.66688
2.64905
2.63129
2.61363
2.5961
2.57871
2.5615
2.54451
2.52778
2.51136
2.49529
2.47964
2.46445
2.44979
2.43573
2.42233
2.40966
2.39779
2.38678
2.37669
2.36757
2.35948
2.35245
2.34651
2.34168
2.33795
2.33531
2.33373
2.33317
2.33355
2.33479
2.3368
2.33947
2.34266
2.34623
2.35
2.35378
2.35737
2.36053
2.363
2.36451
2.36476
2.36349
2.36044
2.35539
2.34816
2.33865
2.32682
2.31268
2.29633
2.27789
2.25754
2.23548
2.21193
2.18711
2.16123
2.13451
2.10714
2.0793
2.05119
2.02302
1.99517
1.96828
1.94332
1.92157
1.90431
1.89231
1.88537
1.88214
1.8804
1.87772
1.87218
1.86274
1.84907
1.83108
1.80842
1.78038
1.74615
1.70538
1.65859
1.60736
1.55405
1.50136
1.45181
1.40734
1.36906
1.33731
1.31176
1.29167
1.27613
1.26422
1.25514
1.24822
1.24292
1.23882
1.23585
1.23239
2.72047
2.70247
2.68449
2.66655
2.64866
2.63083
2.61308
2.59544
2.57793
2.56057
2.54341
2.52648
2.50982
2.49347
2.4775
2.46194
2.44687
2.43234
2.41841
2.40515
2.39262
2.38088
2.36999
2.35999
2.35094
2.34287
2.3358
2.32976
2.32472
2.3207
2.31765
2.31554
2.31431
2.3139
2.31423
2.3152
2.31672
2.31866
2.32089
2.32323
2.32552
2.32752
2.32899
2.32966
2.32925
2.3275
2.32413
2.31894
2.31176
2.30249
2.29109
2.27758
2.26205
2.24463
2.22548
2.20477
2.1827
2.15945
2.13521
2.11015
2.08444
2.05823
2.03166
2.00493
1.97836
1.95253
1.92837
1.90716
1.89023
1.8785
1.87198
1.86943
1.86862
1.86697
1.86233
1.85349
1.84009
1.82218
1.79968
1.77209
1.73873
1.6992
1.6539
1.60417
1.5522
1.50059
1.45181
1.40779
1.36974
1.33803
1.31242
1.29223
1.27659
1.2646
1.25546
1.2485
1.24318
1.23908
1.23611
1.23267
2.72029
2.70226
2.68425
2.66626
2.64831
2.63042
2.61259
2.59486
2.57724
2.55975
2.54244
2.52533
2.50846
2.49188
2.47563
2.45976
2.44433
2.4294
2.41502
2.40125
2.38815
2.37578
2.36419
2.35343
2.34355
2.33457
2.32651
2.3194
2.31323
2.30799
2.30365
2.30019
2.29755
2.29569
2.29454
2.29403
2.29407
2.29457
2.2954
2.29641
2.29742
2.29823
2.2986
2.29827
2.29697
2.29447
2.29053
2.28496
2.27765
2.26851
2.25753
2.24476
2.23027
2.21418
2.1966
2.17768
2.15757
2.13639
2.11428
2.09136
2.06773
2.04352
2.01883
1.9938
1.96871
1.94406
1.92075
1.90003
1.88332
1.87171
1.86541
1.86334
1.86332
1.86261
1.85882
1.8505
1.83727
1.81929
1.79671
1.7693
1.73647
1.69779
1.65351
1.6048
1.55369
1.50269
1.45426
1.41037
1.37226
1.3404
1.3146
1.29422
1.27841
1.2663
1.25707
1.25005
1.2447
1.24058
1.23761
1.23418
2.72014
2.70209
2.68404
2.66602
2.64803
2.63008
2.61219
2.59439
2.57668
2.55909
2.54166
2.52441
2.50738
2.49061
2.47414
2.45802
2.4423
2.42704
2.41228
2.3981
2.38454
2.37165
2.35949
2.34811
2.33753
2.3278
2.31894
2.31095
2.30384
2.2976
2.2922
2.28762
2.28382
2.28074
2.27833
2.27652
2.27521
2.27431
2.27368
2.27318
2.27263
2.27185
2.27062
2.26876
2.26605
2.26234
2.25747
2.25134
2.2439
2.23511
2.22498
2.21355
2.20085
2.18695
2.1719
2.15574
2.13855
2.12036
2.10123
2.08122
2.06035
2.03871
2.01633
1.99334
1.96994
1.94658
1.92409
1.90373
1.887
1.87517
1.8687
1.86675
1.86718
1.86713
1.86393
1.85592
1.84259
1.82425
1.8013
1.77372
1.74104
1.70279
1.65905
1.61084
1.56005
1.50914
1.46058
1.4164
1.37792
1.34567
1.31949
1.29879
1.28273
1.27042
1.26106
1.25395
1.24856
1.2444
1.24141
1.23797
2.72017
2.70211
2.68406
2.66602
2.64801
2.63004
2.61213
2.59429
2.57654
2.55891
2.54141
2.52409
2.50696
2.49008
2.47348
2.45721
2.44131
2.42584
2.41086
2.3964
2.38254
2.36932
2.35678
2.34498
2.33396
2.32373
2.31432
2.30573
2.29797
2.29101
2.28483
2.27937
2.27459
2.27039
2.26669
2.26339
2.26036
2.25749
2.25463
2.25167
2.24848
2.24498
2.24109
2.23675
2.23196
2.22669
2.22094
2.21471
2.208
2.20078
2.19301
2.18463
2.17558
2.16576
2.1551
2.1435
2.13089
2.11719
2.10237
2.08638
2.06919
2.05082
2.03129
2.01064
1.98907
1.96695
1.94509
1.92471
1.90743
1.89473
1.88739
1.88483
1.88502
1.88499
1.88182
1.87356
1.85961
1.84039
1.81656
1.78833
1.75532
1.71699
1.67325
1.62493
1.57384
1.52241
1.47317
1.42823
1.38899
1.35603
1.32925
1.30806
1.29163
1.27905
1.2695
1.26225
1.25677
1.25256
1.24953
1.24606
2.72088
2.7029
2.68492
2.66697
2.64904
2.63117
2.61335
2.59561
2.57796
2.56042
2.54302
2.52579
2.50876
2.49197
2.47545
2.45925
2.44342
2.42801
2.41306
2.39863
2.38478
2.37155
2.35898
2.34711
2.33597
2.32558
2.31594
2.30702
2.2988
2.29121
2.28417
2.27756
2.27126
2.2651
2.25895
2.25264
2.24605
2.23911
2.23177
2.22411
2.21623
2.20834
2.20067
2.19347
2.18697
2.18134
2.17667
2.17297
2.17013
2.16797
2.16625
2.16466
2.1629
2.16064
2.15758
2.15344
2.14798
2.14098
2.13229
2.12178
2.10937
2.09501
2.0787
2.06049
2.04052
2.01916
1.99718
1.97583
1.95684
1.94198
1.93236
1.92777
1.92635
1.92505
1.92068
1.91102
1.89538
1.8743
1.8487
1.81901
1.78492
1.74576
1.70124
1.65202
1.59983
1.54712
1.4965
1.4502
1.40971
1.37566
1.34797
1.32607
1.30909
1.29611
1.28627
1.27882
1.27319
1.26888
1.26579
1.26226
2.72497
2.70734
2.68975
2.6722
2.6547
2.63727
2.61991
2.60264
2.58549
2.56847
2.55159
2.53491
2.51843
2.5022
2.48625
2.47062
2.45536
2.4405
2.4261
2.41219
2.39881
2.386
2.37375
2.36209
2.35099
2.3404
2.33026
2.32046
2.31085
2.30126
2.29148
2.2813
2.27049
2.25888
2.24634
2.23284
2.21849
2.20355
2.18844
2.17371
2.16002
2.14806
2.13847
2.13178
2.12833
2.12823
2.13138
2.13745
2.14596
2.1563
2.16782
2.17983
2.19166
2.20269
2.21233
2.22009
2.22553
2.22828
2.22808
2.22469
2.21801
2.20796
2.19455
2.17787
2.1581
2.13567
2.11134
2.08649
2.06303
2.04306
2.02816
2.01854
2.01258
2.0072
1.99896
1.98539
1.96574
1.94071
1.91148
1.87869
1.84201
1.8006
1.75392
1.70245
1.64787
1.59269
1.53965
1.4911
1.44862
1.41289
1.38384
1.36086
1.34306
1.32947
1.31917
1.31139
1.30551
1.30102
1.2978
1.29411
2.74354
2.72719
2.71091
2.69471
2.6786
2.66258
2.64666
2.63085
2.61516
2.59961
2.58422
2.56899
2.55395
2.53912
2.52452
2.51015
2.49604
2.4822
2.46862
2.45529
2.44218
2.42924
2.41638
2.40349
2.39044
2.37704
2.36307
2.34828
2.33244
2.31529
2.29663
2.27635
2.25447
2.23116
2.20685
2.18217
2.15798
2.13536
2.11549
2.09958
2.08876
2.08394
2.08572
2.09436
2.1097
2.13124
2.15816
2.18945
2.22397
2.26054
2.29798
2.33514
2.37093
2.40431
2.43436
2.46025
2.48127
2.49686
2.5066
2.51024
2.50766
2.49891
2.48413
2.46361
2.43776
2.40716
2.37287
2.33654
2.30049
2.26735
2.2393
2.21707
2.19926
2.18275
2.1639
2.14009
2.11062
2.07645
2.03903
1.99907
1.95612
1.90904
1.857
1.80031
1.74063
1.6806
1.6231
1.5706
1.52475
1.48622
1.45491
1.43014
1.41095
1.39628
1.38516
1.37675
1.37039
1.36552
1.36202
1.358
2.82006
2.80724
2.79447
2.78175
2.76906
2.75641
2.74376
2.73111
2.71844
2.70574
2.69297
2.6801
2.66711
2.65396
2.64059
2.62693
2.61291
2.59845
2.58341
2.56769
2.55111
2.53352
2.51474
2.49459
2.47291
2.44957
2.42453
2.39784
2.36971
2.34055
2.31101
2.28201
2.25472
2.23059
2.21125
2.19841
2.19377
2.19882
2.21476
2.24229
2.28161
2.33235
2.39365
2.46422
2.54247
2.62661
2.71479
2.8052
2.89605
2.98557
3.07191
3.15316
3.22745
3.29299
3.34817
3.3916
3.42232
3.43975
3.44373
3.43447
3.41244
3.37836
3.3332
3.27826
3.21415
3.14232
3.06515
2.98552
2.90679
2.83241
2.76506
2.70569
2.65288
2.60331
2.55318
2.49997
2.44336
2.38474
2.32576
2.26691
2.20721
2.1449
2.07881
2.0091
1.93748
1.86672
1.79983
1.73931
1.68675
1.64272
1.60697
1.57865
1.55665
1.53976
1.52689
1.51708
1.50961
1.50383
1.49965
1.49478
3.11558
3.11081
3.10578
3.10041
3.09466
3.08846
3.08174
3.07442
3.06642
3.05767
3.04807
3.03753
3.02597
3.01331
2.99947
2.9844
2.96808
2.95053
2.93183
2.91216
2.89178
2.87115
2.85088
2.83185
2.8152
2.80243
2.79543
2.7965
2.80836
2.83414
2.87728
2.94137
3.02999
3.14638
3.29318
3.47205
3.68332
3.9258
4.19653
4.49088
4.80275
5.12499
5.44997
5.77025
6.07906
6.37079
6.64118
6.88699
7.10518
7.29254
7.44582
7.56195
7.63838
7.67333
7.66594
7.61728
7.52932
7.40466
7.24644
7.05877
6.8448
6.60868
6.35586
6.09173
5.82216
5.55191
5.28495
5.02529
4.77712
4.5443
4.32939
4.13267
3.95193
3.78341
3.62365
3.47107
3.32625
3.19083
3.06569
2.94981
2.84039
2.73413
2.62876
2.52396
2.42136
2.32374
2.23396
2.15424
2.0858
2.02877
1.98245
1.9456
1.91672
1.89428
1.87692
1.86345
1.85298
1.84469
1.83865
1.83132
4.449
4.47422
4.49918
4.52392
4.54851
4.57308
4.59776
4.6228
4.64846
4.67511
4.70323
4.73342
4.76642
4.80316
4.84477
4.89266
4.94849
5.0143
5.09249
5.18591
5.29792
5.43245
5.59404
5.78789
6.01994
6.29682
6.6259
7.01515
7.473
8.00812
8.62898
9.34342
10.158
11.0771
12.1024
13.2316
14.4581
15.7695
17.1479
18.5691
20.0033
21.4156
22.7683
24.0229
25.1434
26.1004
26.8704
27.4337
27.7781
27.8999
27.8035
27.5004
27.0074
26.3446
25.5351
24.6243
23.6315
22.5714
21.4594
20.3114
19.1447
17.9756
16.8183
15.6857
14.5893
13.5389
12.5428
11.6075
10.7376
9.93478
9.19819
8.52418
7.9078
7.34457
6.83189
6.36913
5.95624
5.59169
5.27108
4.98728
4.73206
4.49819
4.28099
4.07876
3.89207
3.72266
3.57224
3.44176
3.33116
3.23933
3.16442
3.10414
3.05605
3.01787
2.98757
2.96346
2.94424
2.92863
2.91688
2.90234
14.6441
14.9467
15.2589
15.5821
15.9176
16.2671
16.6323
17.0152
17.4179
17.8427
18.2921
18.7689
19.2761
19.8167
20.3943
21.0123
21.6748
22.3857
23.1496
23.9712
24.8554
25.8077
26.8341
27.9409
29.1352
30.4249
31.8185
33.3259
34.958
36.7273
38.6477
40.7348
43.0055
45.4776
48.1688
51.0942
54.2634
57.6763
61.3168
65.1468
69.0993
73.0742
76.9369
80.5225
83.6473
86.132
87.79
88.4626
88.1119
86.7855
84.5921
81.6788
78.2101
74.3519
70.2569
66.0288
61.7773
57.591
53.5335
49.6474
45.959
42.4836
39.2282
36.1953
33.3837
30.7895
28.4067
26.2265
24.2377
22.4266
20.7787
19.2807
17.9221
16.696
15.5985
14.6254
13.7699
13.0212
12.3648
11.7848
11.2666
10.799
10.3749
9.99087
9.64574
9.33928
9.07116
8.84025
8.64444
8.48068
8.34527
8.23419
8.14348
8.06952
8.00913
7.95969
7.91911
7.8853
7.8592
7.8261
92.8379
94.075
95.2724
96.4261
97.5324
98.5875
99.5876
100.528
101.405
102.213
102.947
103.601
104.168
104.643
105.016
105.279
105.424
105.441
105.317
105.042
104.603
103.985
103.176
102.159
100.92
99.4449
97.7196
95.7326
93.4756
90.9449
88.1435
85.0831
81.7865
78.2899
74.6446
70.9181
67.1935
63.567
60.1428
57.0257
54.3121
52.0801
50.3801
49.2282
48.6051
48.429
48.6892
49.3722
50.2974
51.2728
52.1478
52.8256
53.2578
53.4346
53.3723
53.0983
52.6452
52.0458
51.33
50.5238
49.6499
48.7292
47.7827
46.8314
45.8967
44.998
44.1515
43.3685
42.6555
42.0147
41.4465
40.9509
40.5284
40.1791
39.9016
39.6909
39.5386
39.4334
39.3636
39.3188
39.2915
39.2774
39.2744
39.2821
39.3002
39.3282
39.3649
39.4087
39.4575
39.509
39.5612
39.6123
39.6609
39.706
39.7471
39.7839
39.8161
39.8449
39.8663
39.897
15.6668
12.2593
14.0632
13.1212
10.3526
8.33233
17.0804
41.0381
71.1255
103.007
134.725
165.259
193.962
220.311
243.841
264.173
281.08
294.52
304.635
311.724
316.197
318.54
319.267
318.889
317.88
316.636
315.263
313.945
312.882
312.212
312.012
312.31
313.07
314.183
315.443
316.519
316.925
316.014
313.039
307.33
298.656
287.813
277.312
267.267
255.683
242.494
228.297
213.778
199.52
185.94
173.29
161.685
151.143
141.622
133.048
125.33
118.378
112.102
106.418
101.248
96.5206
92.166
88.119
84.3161
80.6959
77.1987
73.7674
70.3487
66.8955
63.37
59.7476
56.0221
52.2111
48.3626
44.5601
40.9182
37.5657
34.6387
32.262
30.4989
29.3244
28.6366
28.2949
28.1635
28.1402
28.1631
28.2027
28.2476
28.2942
28.3408
28.3859
28.4287
28.4683
28.5043
28.5368
28.566
28.5917
28.6149
28.6334
28.6595
51.2535
33.6376
29.3462
31.8251
41.7986
58.9254
80.4767
101.88
120.558
136.512
150.528
163.554
176.275
188.926
201.329
213.047
223.567
232.445
239.391
244.288
247.176
248.212
247.64
245.762
242.913
239.403
235.339
230.917
226.364
221.883
217.67
213.915
210.793
208.449
206.965
206.301
206.224
206.219
205.443
202.822
197.415
188.881
177.784
165.115
151.849
138.771
126.415
115.083
104.903
95.8785
87.9376
80.9672
74.8411
69.4361
64.6403
60.3559
56.5001
53.003
49.8064
46.8616
44.1276
41.5698
39.1583
36.8672
34.6736
32.557
30.4987
28.4819
26.492
24.5174
22.5508
20.5911
18.6451
16.7305
14.8781
13.1348
11.5624
10.1913
9.00732
8.00212
7.17924
6.54106
6.07673
5.76185
5.56244
5.44251
5.37136
5.32746
5.29805
5.27704
5.2623
5.25303
5.24842
5.24737
5.24874
5.25153
5.25516
5.25892
5.26315
5.26806
91.8741
58.0947
55.589
61.3317
74.2654
90.5252
105.974
118.702
129.765
140.803
153.031
166.995
182.566
199.096
215.665
231.343
245.374
257.27
266.815
274.009
278.992
281.974
283.189
282.854
281.152
278.218
274.249
269.398
263.768
257.466
250.608
243.313
235.692
227.834
219.777
211.476
202.768
193.356
182.866
171.092
158.386
145.662
133.621
122.473
112.194
102.723
94.0339
86.1264
79.0015
72.6381
66.9881
61.9826
57.5429
53.5896
50.0481
46.8518
43.9434
41.2743
38.8042
36.5
34.3347
32.2863
30.3367
28.4712
26.6772
24.9434
23.2595
21.6156
20.0026
18.4119
16.8372
15.2755
13.7287
12.2055
10.7228
9.30546
7.98339
6.78459
5.73089
4.83681
4.10764
3.53926
3.11939
2.82616
2.63142
2.50606
2.42486
2.36943
2.329
2.2983
2.27489
2.25748
2.24507
2.23666
2.23123
2.2279
2.226
2.22503
2.2247
2.2248
122.737
80.7333
78.7167
82.9339
91.4193
101.372
110.952
120.291
130.634
142.83
157.101
173.189
190.535
208.42
226.099
242.904
258.31
271.957
283.637
293.266
300.847
306.438
310.131
312.031
312.245
310.906
308.147
304.076
298.789
292.369
284.885
276.386
266.879
256.308
244.502
231.133
215.688
197.525
176.167
152.09
127.616
106.452
91.0079
80.8579
74.1104
69.0807
64.8064
60.8856
57.2046
53.7555
50.5503
47.592
44.8705
42.3657
40.0525
37.9045
35.8961
34.0041
32.2085
30.4927
28.8435
27.2507
25.7068
24.2061
22.7442
21.3174
19.9217
18.5527
17.2052
15.8736
14.5527
13.2389
11.9318
10.636
9.36259
8.12936
6.95994
5.88104
4.9182
4.09148
3.4118
2.87904
2.48205
2.20069
2.00973
1.88348
1.79984
1.74246
1.70094
1.66955
1.64545
1.62716
1.61366
1.60399
1.59726
1.59266
1.58956
1.5875
1.58622
1.58511
140.636
91.4082
90.2964
93.3163
98.3071
104.595
111.984
120.813
131.475
144.015
158.245
173.865
190.508
207.743
225.09
242.061
258.191
273.082
286.417
297.968
307.594
315.228
320.858
324.521
326.293
326.279
324.611
321.415
316.794
310.832
303.584
295.061
285.203
273.82
260.527
244.648
225.192
201.032
171.603
138.206
105.071
77.9954
60.3494
51.036
46.7113
44.5539
43.0609
41.6571
40.2005
38.6989
37.1916
35.7115
34.2779
32.8979
31.5707
30.2904
29.0486
27.8366
26.6457
25.4692
24.302
23.1411
21.9853
20.8351
19.6918
18.5569
17.4314
16.3151
15.2065
14.1028
13.0002
11.8954
10.787
9.67726
8.57379
7.49066
6.44815
5.47103
4.58509
3.81285
3.16918
2.65835
2.27322
1.99713
1.80766
1.68125
1.59713
1.53955
1.49821
1.46723
1.44356
1.42558
1.41222
1.40254
1.39569
1.39092
1.38763
1.38537
1.38391
1.38258
145.358
92.2444
92.3262
96.0487
100.511
105.975
112.856
121.32
131.334
142.77
155.517
169.473
184.493
200.338
216.665
233.057
249.066
264.259
278.255
290.75
301.518
310.414
317.361
322.359
325.446
326.703
326.241
324.175
320.61
315.62
309.238
301.422
291.999
280.589
266.486
248.556
225.273
195.233
158.497
118.409
81.6941
54.8328
39.5923
32.9481
30.6965
30.0276
29.6868
29.2793
28.7448
28.1159
27.4351
26.7327
26.0265
25.3242
24.627
23.9318
23.2335
22.5258
21.803
21.0602
20.2942
19.5038
18.6898
17.8545
17.0017
16.1354
15.2593
14.3761
13.4868
12.5907
11.6856
10.7687
9.83812
8.89475
7.94396
6.997
6.07148
5.1902
4.37841
3.65969
3.05156
2.56194
2.18772
1.91597
1.72733
1.60037
1.51553
1.4576
1.41635
1.38573
1.36252
1.34497
1.33194
1.32248
1.31577
1.31107
1.30782
1.30558
1.30413
1.30279
138.662
87.7976
89.2862
94.9177
100.793
106.935
113.797
121.571
130.289
139.982
150.727
162.599
175.594
189.59
204.335
219.478
234.609
249.309
263.185
275.898
287.181
296.839
304.755
310.884
315.226
317.829
318.774
318.154
316.044
312.485
307.441
300.752
292.046
280.62
265.298
244.37
215.892
178.867
135.387
92.0135
57.1896
35.6283
25.7128
22.5101
21.9391
21.9906
21.9954
21.835
21.5477
21.1905
20.8047
20.4143
20.0301
19.6548
19.286
18.9181
18.544
18.156
17.7465
17.3091
16.8391
16.3335
15.7919
15.2156
14.6077
13.9724
13.314
12.6362
11.9414
11.2299
10.5005
9.75111
8.97959
8.18584
7.37358
6.5519
5.73603
4.94675
4.20816
3.544
2.9734
2.50711
2.14554
1.87933
1.69217
1.56487
1.47929
1.42085
1.37949
1.34909
1.32624
1.30909
1.2964
1.28723
1.28073
1.2762
1.27308
1.27094
1.26956
1.26832
124.486
81.2034
84.2703
92.1121
100.18
107.744
114.952
122.087
129.433
137.285
145.928
155.584
166.367
178.248
191.063
204.538
218.323
232.038
245.311
257.801
269.222
279.35
288.043
295.21
300.813
304.859
307.385
308.433
308.017
306.086
302.47
296.786
288.327
275.905
257.741
231.635
195.891
151.44
104.035
63.0275
35.5768
22.0403
17.5094
16.8129
17.1015
17.3618
17.3939
17.2426
16.9877
16.69
16.3865
16.0965
15.8282
15.5823
15.3554
15.1411
14.9316
14.7181
14.4919
14.2448
13.97
13.6624
13.3189
12.9385
12.5223
12.0729
11.5937
11.088
10.5579
10.0045
9.42694
8.82313
8.19086
7.5293
6.84082
6.13267
5.41801
4.71558
4.04801
3.43856
2.90712
2.4664
2.11966
1.8607
1.67614
1.5491
1.46296
1.40397
1.36236
1.33199
1.30936
1.29249
1.28009
1.27117
1.26487
1.26052
1.25754
1.25554
1.25426
1.25316
106.979
74.6774
78.8602
88.6867
99.0747
108.494
116.588
123.575
129.937
136.224
142.941
150.477
159.067
168.788
179.568
191.214
203.45
215.951
228.378
240.41
251.758
262.19
271.534
279.664
286.498
291.992
296.116
298.826
300.022
299.489
296.809
291.241
281.576
266.015
242.264
208.284
164.205
114.841
69.6306
37.395
20.4093
14.3466
13.3315
13.7497
14.2184
14.4222
14.3885
14.2067
13.951
13.6699
13.3927
13.135
12.9043
12.7019
12.5259
12.3715
12.2321
12.1
11.967
11.8248
11.6658
11.4832
11.272
11.0291
10.7532
10.4447
10.1051
9.73661
9.34065
8.91776
8.46701
7.98625
7.47295
6.92559
6.34541
5.7381
5.11488
4.49255
3.8921
3.33586
2.84383
2.42997
2.0997
1.84952
1.6687
1.54263
1.45627
1.3968
1.35485
1.32438
1.30182
1.2851
1.27286
1.2641
1.25795
1.25372
1.25086
1.24897
1.24778
1.24681
88.7581
68.1634
73.511
85.1436
97.9133
109.636
119.364
127.041
133.17
138.483
143.703
149.415
156.011
163.694
172.499
182.324
192.971
204.175
215.645
227.086
238.22
248.815
258.672
267.627
275.546
282.311
287.79
291.803
294.055
294.055
290.999
283.633
270.145
248.247
215.818
172.6
122.676
75.1225
39.5987
19.852
12.3462
10.8953
11.3187
11.92
12.2667
12.3521
12.2589
12.0627
11.8165
11.5543
11.2975
11.0584
10.8439
10.6565
10.496
10.3599
10.244
10.1428
10.0497
9.95773
9.85974
9.74891
9.61931
9.46632
9.28688
9.07945
8.84377
8.58024
8.28929
7.97063
7.62284
7.24343
6.82945
6.37871
5.89145
5.37194
4.82968
4.27961
3.74101
3.23503
2.78131
2.39448
2.08156
1.84121
1.66509
1.54067
1.45448
1.3947
1.35243
1.32178
1.29916
1.28246
1.27027
1.26154
1.25544
1.25126
1.24846
1.24662
1.24548
1.24459
71.2066
61.4112
69.2064
83.0935
98.7909
113.598
125.91
135.237
141.965
146.944
151.116
155.297
160.081
165.832
172.711
180.719
189.736
199.566
209.962
220.661
231.406
241.956
252.082
261.568
270.202
277.753
283.932
288.337
290.368
289.125
283.286
271.031
250.15
218.64
176.212
126.559
78.2558
41.0891
19.6369
11.0653
9.18862
9.52039
10.1664
10.6055
10.7923
10.7914
10.6701
10.4791
10.2531
10.0153
9.78116
9.56054
9.35936
9.18075
9.02575
8.89367
8.78244
8.68876
8.60827
8.53577
8.46551
8.39151
8.30802
8.20996
8.09322
7.95489
7.79319
7.60709
7.39575
7.15799
6.89172
6.59397
6.26129
5.89087
5.48201
5.03772
4.56594
4.07987
3.59707
3.1374
2.71984
2.35926
2.06377
1.8338
1.66303
1.54082
1.4552
1.39532
1.35281
1.32196
1.29922
1.28243
1.27018
1.2614
1.25525
1.25103
1.24821
1.24636
1.24522
1.24433
56.1397
54.9647
68.3068
87.6087
108.845
128.565
144.523
155.973
163.384
167.878
170.728
173.054
175.693
179.19
183.838
189.736
196.835
204.993
214.005
223.631
233.621
243.703
253.591
262.983
271.54
278.851
284.382
287.4
286.886
281.445
269.273
248.314
216.853
174.871
125.991
78.2902
41.1332
19.2312
10.1785
8.00141
8.19111
8.80453
9.28044
9.53954
9.62135
9.578
9.45236
9.27666
9.07433
8.86197
8.65112
8.44957
8.26242
8.09278
7.9423
7.8114
7.69947
7.60492
7.52526
7.45713
7.39645
7.33855
7.27853
7.21157
7.13332
7.04013
6.92921
6.79837
6.64577
6.46931
6.26626
6.03313
5.76597
5.46137
5.11782
4.73719
4.32599
3.89579
3.46254
3.04472
2.6605
2.32467
2.04609
1.82655
1.66145
1.54184
1.45711
1.39735
1.35471
1.32369
1.30081
1.28389
1.27151
1.2626
1.25632
1.25199
1.24907
1.24715
1.24595
1.245
45.6953
54.7913
84.7863
120.658
154.842
182.191
200.797
211.291
215.604
215.964
214.334
212.213
210.62
210.184
211.232
213.872
218.061
223.657
230.459
238.216
246.616
255.302
263.879
271.893
278.8
283.92
286.379
285.043
278.465
264.92
242.611
210.279
168.397
120.746
74.9014
39.3583
18.3149
9.46024
7.17809
7.217
7.74097
8.20372
8.50324
8.6515
8.68057
8.62201
8.50293
8.34521
8.16571
7.97692
7.7878
7.60465
7.43179
7.27208
7.12733
6.99848
6.88576
6.78872
6.7062
6.63635
6.57658
6.52365
6.47376
6.42282
6.36676
6.30175
6.22447
6.13201
6.02172
5.89082
5.736
5.55329
5.33832
5.08715
4.79752
4.4703
4.11071
3.72881
3.33903
2.95849
2.60445
2.29144
2.02877
1.81934
1.65995
1.54312
1.4595
1.40004
1.35737
1.32624
1.30323
1.28616
1.27362
1.26453
1.25808
1.25358
1.25051
1.24846
1.24716
1.24609
43.3088
105.12
215.433
307.668
361.37
380.892
377.949
363.137
343.71
323.86
305.728
290.292
277.913
268.631
262.312
258.719
257.559
258.529
261.309
265.46
270.502
275.907
281.083
285.336
287.838
287.583
283.356
273.731
257.157
232.237
198.315
156.497
110.786
68.1302
35.7436
16.7883
8.7819
6.60198
6.50825
6.90918
7.32073
7.63091
7.82618
7.91725
7.92213
7.8607
7.75172
7.61122
7.45203
7.28392
7.11411
6.94779
6.78863
6.63921
6.50126
6.37592
6.26383
6.16518
6.07968
6.00654
5.94436
5.89112
5.84417
5.80031
5.75605
5.70778
5.65203
5.58553
5.50515
5.40758
5.28908
5.14533
4.9716
4.76352
4.51819
4.23558
3.91974
3.57937
3.22744
2.87976
2.55267
2.26032
2.0123
1.81233
1.65844
1.54442
1.462
1.40294
1.36033
1.32915
1.30603
1.28883
1.27611
1.26683
1.26017
1.25548
1.25223
1.25002
1.24859
1.24734
8.1443
611.405
1003.05
1117.88
1069
951.736
822.282
705.774
609.182
532.056
471.678
424.964
389.123
361.86
341.387
326.326
315.624
308.509
304.116
301.66
300.362
299.409
297.917
294.904
289.264
279.765
265.095
244.008
215.624
179.986
138.831
96.2605
58.3204
30.5528
14.7309
8.09324
6.18617
5.98996
6.25628
6.59357
6.89012
7.11224
7.25159
7.31249
7.30623
7.24692
7.14856
7.02351
6.88188
6.73158
6.57856
6.4272
6.28068
6.14127
6.01061
5.88985
5.77981
5.68099
5.59362
5.51757
5.45231
5.39676
5.34927
5.30755
5.2688
5.22985
5.18738
5.13803
5.07841
5.00493
4.91356
4.79973
4.65848
4.48507
4.27608
4.03069
3.7519
3.44714
3.12802
2.80914
2.50589
2.23199
1.99718
1.80586
1.65706
1.54569
1.46447
1.40584
1.36334
1.33213
1.30893
1.2916
1.27871
1.26923
1.26237
1.25747
1.25402
1.25163
1.25005
1.2486
)
;

boundaryField
{
    outlet
    {
        type            zeroGradient;
    }
    inlet
    {
        type            fixedValue;
        value           uniform 3.54;
    }
    lowerWall
    {
        type            epsilonWallFunction;
        value           nonuniform List<scalar> 
148
(
23.2969
22.5752
21.9094
21.2853
20.7018
20.1631
19.6734
19.2343
18.8456
18.5051
18.2094
17.955
17.738
17.5546
17.4013
17.2748
17.1722
17.0907
17.028
16.9819
16.9505
16.9321
16.9251
16.9283
16.9405
16.9607
16.9876
17.0232
17.0533
17.1422
16.9846
18.0176
13.4684
15.6668
51.2535
91.8741
122.737
140.636
145.358
138.662
124.486
106.979
88.7581
71.2066
56.1397
45.6953
43.3088
8.1443
15.6668
12.2593
14.0632
13.1212
10.3526
8.33233
17.0804
41.0381
71.1255
103.007
134.725
165.259
193.962
220.311
243.841
264.173
281.08
294.52
304.635
311.724
316.197
318.54
319.267
318.889
317.88
316.636
315.263
313.945
312.882
312.212
312.012
312.31
313.07
314.183
315.443
316.519
316.925
316.014
313.039
307.33
298.656
287.813
277.312
267.267
255.683
242.494
228.297
213.778
199.52
185.94
173.29
161.685
151.143
141.622
133.048
125.33
118.378
112.102
106.418
101.248
96.5206
92.166
88.119
84.3161
80.6959
77.1987
73.7674
70.3487
66.8955
63.37
59.7476
56.0221
52.2111
48.3626
44.5601
40.9182
37.5657
34.6387
32.262
30.4989
29.3244
28.6366
28.2949
28.1635
28.1402
28.1631
28.2027
28.2476
28.2942
28.3408
28.3859
28.4287
28.4683
28.5043
28.5368
28.566
28.5917
28.6149
28.6334
28.6595
)
;
    }
    upperWall
    {
        type            epsilonWallFunction;
        value           nonuniform List<scalar> 
133
(
30.2663
32.7713
35.3126
37.865
40.4147
42.9529
45.4713
47.9624
50.4192
52.8356
55.206
57.5256
59.7902
61.9965
64.1416
66.2235
68.2403
70.1909
72.0746
73.8911
75.6403
77.3227
78.9388
80.4894
81.9756
83.3986
84.7596
86.0601
87.3015
88.4856
89.6139
90.6878
91.7103
92.8379
94.075
95.2724
96.4261
97.5324
98.5875
99.5876
100.528
101.405
102.213
102.947
103.601
104.168
104.643
105.016
105.279
105.424
105.441
105.317
105.042
104.603
103.985
103.176
102.159
100.92
99.4449
97.7196
95.7326
93.4756
90.9449
88.1435
85.0831
81.7865
78.2899
74.6446
70.9181
67.1935
63.567
60.1428
57.0257
54.3121
52.0801
50.3801
49.2282
48.6051
48.429
48.6892
49.3722
50.2974
51.2728
52.1478
52.8256
53.2578
53.4346
53.3723
53.0983
52.6452
52.0458
51.33
50.5238
49.6499
48.7292
47.7827
46.8314
45.8967
44.998
44.1515
43.3685
42.6555
42.0147
41.4465
40.9509
40.5284
40.1791
39.9016
39.6909
39.5386
39.4334
39.3636
39.3188
39.2915
39.2774
39.2744
39.2821
39.3002
39.3282
39.3649
39.4087
39.4575
39.509
39.5612
39.6123
39.6609
39.706
39.7471
39.7839
39.8161
39.8449
39.8663
39.897
)
;
    }
    frontAndBack
    {
        type            empty;
    }
}


// ************************************************************************* //
