/*--------------------------------*- C++ -*----------------------------------*\
  =========                 |
  \\      /  F ield         | OpenFOAM: The Open Source CFD Toolbox
   \\    /   O peration     | Website:  https://openfoam.org
    \\  /    A nd           | Version:  10
     \\/     M anipulation  |
\*---------------------------------------------------------------------------*/
FoamFile
{
    format      ascii;
    class       volScalarField;
    location    "0.16";
    object      k;
}
// * * * * * * * * * * * * * * * * * * * * * * * * * * * * * * * * * * * * * //

dimensions      [0 2 -2 0 0 0 0];

internalField   nonuniform List<scalar> 
6820
(
0.198347
0.194832
0.191272
0.187709
0.184195
0.180758
0.177412
0.174164
0.171016
0.167969
0.165023
0.162176
0.159427
0.156773
0.154213
0.151744
0.149368
0.147082
0.14489
0.142792
0.140791
0.138893
0.137102
0.135425
0.13387
0.132442
0.131152
0.130008
0.129004
0.128129
0.127407
0.126757
0.126863
0.200924
0.200882
0.200418
0.199905
0.19937
0.198804
0.198201
0.197561
0.196883
0.19617
0.195426
0.194653
0.193855
0.193037
0.1922
0.191349
0.190483
0.189606
0.188718
0.18782
0.186911
0.18599
0.185057
0.184111
0.183148
0.182166
0.181179
0.180114
0.178927
0.177613
0.176156
0.174542
0.172731
0.236777
0.0163069
0.014322
0.0107022
0.00645741
0.00732811
0.00882551
0.0105162
0.0123135
0.0141237
0.0159144
0.0176651
0.0193607
0.0209899
0.0225435
0.0240135
0.0253925
0.0266734
0.0278488
0.0289107
0.0298503
0.030658
0.0313246
0.0318356
0.0321822
0.0323784
0.0324066
0.0323354
0.0322002
0.0320006
0.0317255
0.0313685
0.030891
0.210828
0.14767
0.104342
0.0788224
0.0631193
0.0525355
0.0447771
0.0387316
0.0338195
0.029714
0.0262159
0.0231955
0.0205637
0.0182566
0.0162263
0.0144363
0.0128574
0.0114661
0.0102421
0.00916799
0.00822815
0.0074079
0.00669377
0.00607781
0.00554705
0.00506873
0.00463123
0.00422911
0.00385944
0.00352121
0.00321214
0.00293022
0.00267111
0.223134
0.0842166
0.0226668
0.00506578
0.0011905
0.000695634
0.000848774
0.0010505
0.00121451
0.00134592
0.00145424
0.00154384
0.00161644
0.00167316
0.00171531
0.00174458
0.00176294
0.00177257
0.0017756
0.00177517
0.00177147
0.00176229
0.00174781
0.0017271
0.00170076
0.0016698
0.00163525
0.00159832
0.00156033
0.0015226
0.00148642
0.00145329
0.00142429
0.216029
0.11986
0.0627403
0.0392159
0.0297857
0.0253237
0.022386
0.0197406
0.0170845
0.0144736
0.0120701
0.0100078
0.00834386
0.00706715
0.00612181
0.00544344
0.00497182
0.00465726
0.0044617
0.00436111
0.00433664
0.00437615
0.00446764
0.00460117
0.00476858
0.00496346
0.00518091
0.0054157
0.00566383
0.00592264
0.00619029
0.00646628
0.00675062
0.213071
0.134726
0.0778455
0.050859
0.0395056
0.0349109
0.0332406
0.0329353
0.0333484
0.0341446
0.0351189
0.0361425
0.0371235
0.0379999
0.038744
0.0393426
0.0397901
0.0400919
0.0402579
0.0402944
0.0402151
0.0400366
0.0397763
0.0394512
0.0390771
0.0386682
0.038236
0.0377896
0.037335
0.0368761
0.036415
0.0359557
0.0354894
0.204697
0.177214
0.14391
0.112356
0.0900591
0.0772139
0.0708141
0.0683774
0.0682661
0.0693373
0.0707917
0.0722922
0.0737242
0.0750419
0.0762262
0.0772501
0.078092
0.0787361
0.0791822
0.079441
0.0795292
0.0794661
0.0792708
0.0789609
0.0785485
0.07804
0.0774359
0.0767339
0.0759324
0.0750347
0.0740498
0.0729984
0.0718834
0.204183
0.180132
0.157886
0.140252
0.125797
0.115391
0.108652
0.104709
0.102702
0.101878
0.10165
0.101758
0.102094
0.102597
0.103187
0.103794
0.104369
0.104895
0.105367
0.105785
0.106151
0.106469
0.106741
0.106968
0.107147
0.107269
0.107322
0.107292
0.107166
0.106936
0.1066
0.106164
0.105625
0.204568
0.178625
0.156678
0.141912
0.131054
0.122828
0.116785
0.112549
0.109744
0.108016
0.107065
0.106667
0.106647
0.106873
0.107241
0.107686
0.108168
0.108674
0.109195
0.10973
0.110276
0.110834
0.111401
0.111973
0.112544
0.113109
0.113664
0.114207
0.114736
0.115253
0.115754
0.116241
0.116704
0.205295
0.175589
0.150706
0.135176
0.12523
0.118469
0.113702
0.11029
0.107883
0.106243
0.10519
0.104589
0.10431
0.104254
0.104362
0.104601
0.104948
0.105385
0.105903
0.106498
0.107168
0.107911
0.108727
0.109608
0.110549
0.111542
0.112578
0.113651
0.114752
0.115871
0.116999
0.118124
0.119237
0.206329
0.171211
0.142663
0.125436
0.114961
0.108196
0.103601
0.100384
0.0981298
0.0965922
0.095593
0.0949994
0.0947022
0.0946155
0.0946916
0.0949012
0.0952252
0.0956508
0.0961737
0.0967952
0.0975196
0.0983524
0.0992978
0.100358
0.101532
0.102816
0.104202
0.105682
0.107243
0.10887
0.110549
0.112259
0.113991
0.207723
0.165231
0.132244
0.113038
0.101851
0.0949917
0.0906134
0.0877643
0.0859333
0.084816
0.0842018
0.0839392
0.0839213
0.0840659
0.0843143
0.0846305
0.0849966
0.0854084
0.0858735
0.0864078
0.0870319
0.0877684
0.0886395
0.0896644
0.0908574
0.0922271
0.0937751
0.0954956
0.0973768
0.0994005
0.101545
0.103781
0.106093
0.209535
0.157267
0.11966
0.0990207
0.0876506
0.0810927
0.077249
0.0750777
0.074
0.0736499
0.0737645
0.074148
0.0746646
0.0752191
0.0757447
0.0762037
0.0765829
0.0768878
0.0771397
0.0773726
0.0776288
0.0779561
0.0784043
0.0790212
0.0798495
0.0809233
0.0822654
0.0838864
0.0857836
0.0879414
0.0903351
0.0929269
0.0956895
0.211757
0.147084
0.105245
0.0841195
0.0734466
0.0679967
0.065454
0.0646836
0.0650227
0.0660262
0.0673696
0.0688125
0.0701874
0.0713846
0.0723368
0.0730126
0.0734079
0.0735403
0.0734451
0.0731729
0.0727876
0.0723642
0.0719853
0.0717375
0.0717054
0.0719656
0.0725813
0.0735977
0.0750384
0.0769051
0.0791795
0.081821
0.0847899
0.214247
0.134862
0.0900323
0.0698678
0.0611232
0.0578669
0.0575902
0.0590402
0.0614463
0.0642774
0.067162
0.0698469
0.0721709
0.0740424
0.075417
0.0762838
0.0766551
0.0765592
0.0760379
0.0751463
0.0739547
0.0725502
0.0710369
0.0695335
0.0681675
0.0670678
0.0663544
0.0661296
0.0664693
0.0674178
0.0689869
0.0711526
0.0738708
0.216661
0.121605
0.0758162
0.0583052
0.0528256
0.0528473
0.0556615
0.0598784
0.0646379
0.0693761
0.0737381
0.0775196
0.0806199
0.0830054
0.0846797
0.0856661
0.0859966
0.0857059
0.0848306
0.0834127
0.0815051
0.0791795
0.0765318
0.0736859
0.0707916
0.0680186
0.0655448
0.0635424
0.0621636
0.0615264
0.0617066
0.0627316
0.0645758
0.218445
0.109505
0.0651832
0.051882
0.0507202
0.0546411
0.0607459
0.0675671
0.0742621
0.0803537
0.0856059
0.0899352
0.0933443
0.0958786
0.0975971
0.0985575
0.0988082
0.0983851
0.0973126
0.0956075
0.0932881
0.0903849
0.0869523
0.0830796
0.0788973
0.0745772
0.0703255
0.0663691
0.0629366
0.0602373
0.0584415
0.0576695
0.0579506
0.21899
0.101768
0.0610273
0.0527301
0.0560341
0.0634759
0.0721006
0.0805458
0.0881573
0.0946654
0.100017
0.104268
0.107517
0.109871
0.111425
0.112255
0.112416
0.111942
0.110843
0.109114
0.106737
0.103696
0.0999872
0.0956392
0.0907235
0.0853672
0.0797552
0.0741244
0.0687477
0.0639104
0.0598818
0.0569
0.0550837
0.217925
0.101527
0.0655338
0.0616915
0.0683084
0.077821
0.0874646
0.0961709
0.103573
0.109627
0.114435
0.118145
0.12091
0.122861
0.124104
0.12472
0.124762
0.124261
0.123221
0.121624
0.119431
0.116589
0.113046
0.108763
0.103736
0.0980141
0.0917146
0.0850292
0.0782192
0.0715994
0.0655063
0.0602842
0.0561529
0.21539
0.110087
0.0788936
0.0776198
0.085405
0.0950452
0.104142
0.111954
0.118347
0.123421
0.127349
0.130312
0.132466
0.13394
0.134829
0.135206
0.13512
0.134597
0.13364
0.132229
0.130318
0.12784
0.124711
0.120844
0.116166
0.110643
0.1043
0.0972467
0.0896805
0.0818881
0.0742184
0.0670784
0.0607707
0.212051
0.125641
0.0986406
0.0976158
0.104405
0.112566
0.120054
0.126327
0.13135
0.135256
0.138216
0.140392
0.141921
0.14291
0.143438
0.143566
0.143334
0.142763
0.141858
0.140603
0.138959
0.136858
0.134211
0.130904
0.126821
0.121857
0.11595
0.10911
0.10144
0.0931493
0.0845428
0.0760339
0.0679684
0.208751
0.143784
0.120501
0.118221
0.122741
0.128622
0.134085
0.138646
0.142259
0.145021
0.147062
0.148507
0.149461
0.150007
0.150206
0.150103
0.149728
0.149098
0.148218
0.147075
0.145641
0.143861
0.141652
0.1389
0.135466
0.131206
0.125987
0.119729
0.112431
0.104202
0.0952645
0.0859835
0.0767028
0.206046
0.160212
0.140572
0.136795
0.138837
0.142375
0.145862
0.148815
0.151137
0.152866
0.154084
0.154874
0.155313
0.155459
0.155357
0.155038
0.154524
0.153824
0.152941
0.151865
0.150577
0.149038
0.147179
0.144901
0.142066
0.13851
0.13406
0.128564
0.12193
0.11416
0.105375
0.0958545
0.0859025
0.204076
0.172888
0.156859
0.152108
0.152118
0.153664
0.155458
0.157033
0.158247
0.159092
0.159604
0.159835
0.159833
0.159639
0.159281
0.158781
0.158149
0.157385
0.15649
0.155454
0.154265
0.152895
0.151293
0.14938
0.147032
0.144088
0.140353
0.135631
0.129756
0.122638
0.114292
0.104901
0.0947038
0.20273
0.181801
0.169111
0.164032
0.162629
0.162644
0.16307
0.163496
0.163767
0.163843
0.163735
0.163468
0.163071
0.16257
0.161984
0.16132
0.160574
0.159739
0.158811
0.157786
0.156655
0.155397
0.153977
0.152335
0.15037
0.147932
0.144825
0.140826
0.135719
0.129337
0.121605
0.112604
0.102498
0.201838
0.187795
0.177955
0.173011
0.170731
0.169637
0.169004
0.168507
0.168004
0.167451
0.166832
0.16615
0.165418
0.164652
0.163863
0.163049
0.162201
0.161309
0.160359
0.159342
0.158247
0.15706
0.155763
0.154312
0.152633
0.150594
0.148013
0.14466
0.140287
0.134672
0.12766
0.119237
0.109486
0.201247
0.191778
0.184248
0.179678
0.176881
0.174961
0.173454
0.172139
0.170921
0.169765
0.168631
0.167486
0.166339
0.165212
0.164124
0.163085
0.162091
0.16113
0.160173
0.159191
0.158163
0.157075
0.155912
0.154647
0.153225
0.151543
0.149438
0.146693
0.143047
0.138244
0.132066
0.124413
0.115288
0.200859
0.194403
0.188632
0.184464
0.181329
0.178766
0.176538
0.174529
0.172696
0.171028
0.169508
0.168108
0.166806
0.165589
0.16445
0.163385
0.162383
0.16143
0.160498
0.159559
0.15859
0.157575
0.156502
0.155355
0.154097
0.152649
0.150872
0.148565
0.145472
0.141318
0.135846
0.128889
0.120387
0.200587
0.196237
0.191879
0.188107
0.184675
0.181439
0.178358
0.175425
0.172685
0.170199
0.168002
0.166098
0.164472
0.163093
0.161919
0.1609
0.159997
0.159171
0.158386
0.157605
0.1568
0.155948
0.155035
0.15405
0.152963
0.151713
0.150185
0.148199
0.145515
0.141863
0.136972
0.13064
0.122763
0.200428
0.197332
0.193708
0.189847
0.185777
0.181703
0.177858
0.174398
0.1714
0.168871
0.166779
0.165066
0.16367
0.162529
0.161586
0.160788
0.16009
0.159453
0.158841
0.15822
0.15756
0.156839
0.156043
0.155159
0.154161
0.152994
0.151548
0.149653
0.147077
0.143552
0.138807
0.13263
0.124908
0.200291
0.198216
0.195125
0.19088
0.185713
0.180213
0.174958
0.170325
0.166468
0.16338
0.160975
0.159135
0.157741
0.156685
0.155875
0.155235
0.154705
0.154234
0.153775
0.153289
0.15274
0.152098
0.151339
0.150435
0.149343
0.147993
0.146266
0.143997
0.140975
0.136972
0.131774
0.125234
0.117288
0.200412
0.197573
0.192375
0.18529
0.177625
0.170553
0.164684
0.160152
0.156821
0.154455
0.152817
0.151706
0.150961
0.150458
0.150103
0.149825
0.149568
0.149286
0.14894
0.148495
0.147916
0.14717
0.146223
0.145036
0.143557
0.141709
0.139388
0.136462
0.132776
0.128171
0.122511
0.115717
0.10777
0.20079
0.195214
0.185538
0.174284
0.163672
0.154858
0.148125
0.143289
0.139991
0.137857
0.136565
0.135855
0.135529
0.135432
0.135448
0.135486
0.135476
0.135359
0.135086
0.134611
0.13389
0.132876
0.131519
0.129761
0.127529
0.124744
0.121316
0.117158
0.11219
0.106365
0.0996671
0.0921509
0.0838871
0.202115
0.188046
0.169988
0.149745
0.13442
0.125178
0.119953
0.116963
0.115156
0.11405
0.113409
0.113048
0.112807
0.112567
0.112246
0.111793
0.111168
0.110338
0.109277
0.107964
0.106381
0.104504
0.1023
0.0997152
0.096675
0.093092
0.0888825
0.0839888
0.0783998
0.072166
0.065397
0.0582724
0.0509527
0.206282
0.166491
0.125789
0.0914819
0.0679807
0.0526572
0.0421801
0.0346091
0.0289567
0.0247142
0.0215588
0.0192277
0.0175111
0.0162471
0.0152507
0.0144203
0.0137107
0.0130912
0.0125368
0.0120266
0.0115429
0.0110716
0.010602
0.0101259
0.00963778
0.00913449
0.00861521
0.00808182
0.00753914
0.00699506
0.00645948
0.00594656
0.00546158
0.210134
0.148912
0.105743
0.0811305
0.0672275
0.0588573
0.0533752
0.0494971
0.0465693
0.0442307
0.0422695
0.0405577
0.0390141
0.0375774
0.036193
0.0348277
0.0334671
0.0321054
0.0307416
0.0293778
0.0280181
0.0266679
0.0253335
0.024021
0.0227367
0.0214859
0.0202731
0.019102
0.0179753
0.0168954
0.0158635
0.0148833
0.013939
0.240223
0.000572973
0.0387674
0.000209166
3.70682e-05
0.00160237
0.00142956
0.000826022
0.000662044
0.000741228
0.000833402
0.000888523
0.00106613
0.00134498
0.00163349
0.00192286
0.00223644
0.00257868
0.00294255
0.00332388
0.00372211
0.00413637
0.00456442
0.00500363
0.00545161
0.00590614
0.00636497
0.00682575
0.00728607
0.00774364
0.00819571
0.0086393
0.00907068
0.200087
0.199967
0.199815
0.199688
0.199591
0.199522
0.199479
0.199458
0.199457
0.199475
0.199509
0.199558
0.199619
0.199691
0.199771
0.199858
0.19995
0.200045
0.200142
0.200238
0.200332
0.200424
0.200511
0.200593
0.200669
0.200737
0.200797
0.200848
0.200889
0.20092
0.200938
0.200948
0.200931
0.199874
0.199551
0.199192
0.198806
0.198403
0.197986
0.19756
0.197125
0.196683
0.196235
0.195784
0.19533
0.194875
0.19442
0.193968
0.193518
0.193074
0.192636
0.192205
0.191783
0.191371
0.190969
0.190579
0.190201
0.189836
0.189485
0.189147
0.188824
0.188517
0.188221
0.187933
0.187696
0.187531
0.128258
0.130343
0.131727
0.132039
0.131799
0.132017
0.132431
0.134094
0.139514
0.140101
0.12254
0.0856213
0.0438812
0.013975
0.00293284
0.00637693
0.0153281
0.0244341
0.0330028
0.0424794
0.0536714
0.0649387
0.0726746
0.0729361
0.0635313
0.0487222
0.0405741
0.04844
0.0668832
0.0802806
0.0834463
0.0890728
0.0977576
0.0962991
0.100258
0.135545
0.178936
0.164262
0.141319
0.187489
0.27875
0.361623
0.390938
0.363817
0.311813
0.253773
0.191539
0.137817
0.113473
0.120598
0.140196
0.153619
0.155379
0.149943
0.142668
0.133629
0.118905
0.0984635
0.0807603
0.0767224
0.0867689
0.0887966
0.065638
0.0719797
0.158311
0.26477
0.336318
0.380549
0.416623
0.442501
0.445684
0.427044
0.405355
0.377991
0.318724
0.229404
0.138148
0.0733115
0.0475849
0.0541143
0.0762462
0.0995561
0.116388
0.125009
0.127073
0.12502
0.120208
0.111929
0.0978382
0.0776413
0.060378
0.0624484
0.0782325
0.0853697
0.0780487
0.063206
0.0510035
0.0410464
0.0329038
0.0205404
0.1705
0.167377
0.164632
0.162176
0.159607
0.156872
0.154325
0.147839
0.130787
0.0994074
0.0626262
0.0299149
0.00884612
0.00191674
0.00570744
0.0145191
0.0245039
0.0341229
0.0433933
0.0531637
0.0637306
0.0734163
0.0790267
0.0774347
0.0669068
0.0508059
0.0402194
0.0456549
0.0640351
0.0800054
0.0843399
0.0878313
0.0960237
0.0965937
0.0986844
0.129459
0.17577
0.172829
0.146574
0.176618
0.256772
0.332059
0.358158
0.334204
0.290923
0.24336
0.189507
0.138625
0.112552
0.117987
0.138146
0.153225
0.156157
0.150982
0.143806
0.135953
0.123587
0.104458
0.0845759
0.075443
0.0826296
0.0909722
0.0749698
0.0646149
0.125272
0.229432
0.313266
0.364673
0.39826
0.418506
0.420835
0.406217
0.384806
0.346885
0.277805
0.190557
0.112294
0.0628683
0.047229
0.0568157
0.0779809
0.0995626
0.115286
0.123455
0.12537
0.123163
0.117964
0.109039
0.0946807
0.0759343
0.0618123
0.0649022
0.0783537
0.0827606
0.0738714
0.0584406
0.0455204
0.0350135
0.0265265
0.0157726
0.030291
0.0293448
0.0284338
0.0283673
0.0295358
0.0303732
0.0280592
0.0227803
0.0144831
0.00252901
0.00283736
0.00138785
0.00126574
0.00620219
0.0146326
0.0249843
0.0359539
0.0464069
0.0560482
0.065427
0.0746856
0.0822485
0.085345
0.0816274
0.069916
0.0527923
0.0400835
0.0430079
0.0608457
0.079146
0.0855515
0.0874128
0.0942041
0.0964306
0.0974738
0.123457
0.170784
0.179664
0.154217
0.167288
0.22991
0.294074
0.317245
0.299195
0.266063
0.229227
0.18442
0.137806
0.11123
0.115385
0.136065
0.152734
0.15685
0.151958
0.144722
0.137652
0.127493
0.110386
0.0895476
0.0757716
0.0783006
0.0898053
0.0835636
0.0650991
0.0973046
0.188274
0.280031
0.341925
0.378416
0.397218
0.398378
0.383042
0.355384
0.306287
0.232334
0.152694
0.0901091
0.0556519
0.048339
0.0596479
0.0794121
0.0993175
0.114056
0.12182
0.123592
0.121278
0.115861
0.106651
0.0924595
0.0751029
0.0630373
0.0661593
0.077618
0.0802347
0.0704366
0.0546534
0.0411445
0.0301649
0.0213326
0.0119442
0.00239203
0.00207114
0.00179875
0.00165309
0.00155429
0.00146714
0.00121725
0.000429732
8.21624e-05
0.000704688
0.00134018
0.00360593
0.00862102
0.0165467
0.0270077
0.0389662
0.0508726
0.061485
0.0706099
0.0788034
0.0861259
0.0911166
0.0914246
0.0854274
0.0725413
0.0546848
0.040198
0.0405544
0.0573852
0.0776201
0.0867428
0.0878417
0.0926405
0.0958311
0.0964976
0.117774
0.16424
0.184029
0.163593
0.162
0.203882
0.253924
0.274096
0.262772
0.239564
0.212737
0.176869
0.135398
0.109376
0.112742
0.13397
0.152173
0.157466
0.152879
0.145482
0.138829
0.130567
0.115936
0.0953777
0.0778882
0.0747445
0.0859025
0.0891527
0.0714905
0.0785386
0.146001
0.236536
0.308016
0.351326
0.372014
0.370689
0.350489
0.314534
0.257828
0.185685
0.118924
0.0733849
0.0521229
0.0506737
0.0622883
0.0803726
0.0987794
0.112687
0.120077
0.121697
0.119314
0.113814
0.104569
0.0908205
0.0748415
0.0642862
0.0668045
0.075982
0.0769938
0.0667656
0.0511577
0.0374971
0.0262704
0.0171602
0.00894792
0.00139965
0.00138599
0.00139309
0.00142076
0.00147224
0.00157178
0.00178494
0.00227619
0.00326509
0.00511787
0.00845017
0.0138397
0.0217188
0.0321534
0.0444738
0.0572381
0.0688529
0.0784381
0.0861301
0.0924834
0.0974184
0.0995736
0.097004
0.0887315
0.0747657
0.0564954
0.0406251
0.0384058
0.0537584
0.0754249
0.0875997
0.0889778
0.0916241
0.0949286
0.0956292
0.112585
0.156514
0.185396
0.173394
0.161926
0.183823
0.218517
0.235018
0.229115
0.213981
0.195549
0.167756
0.131652
0.106961
0.110046
0.131906
0.151576
0.158009
0.153737
0.146133
0.139599
0.132813
0.120809
0.101629
0.0817229
0.0727897
0.080496
0.090478
0.0802975
0.0710996
0.109289
0.186363
0.260963
0.311165
0.334553
0.329872
0.304434
0.263199
0.205421
0.142161
0.0920718
0.0629629
0.0518553
0.0535576
0.0643604
0.0807778
0.0979673
0.111171
0.118165
0.119598
0.11718
0.111716
0.102626
0.08947
0.0747476
0.0652252
0.0667058
0.0733741
0.0727685
0.0623019
0.0471636
0.0337169
0.0226111
0.0135488
0.00656919
0.0070978
0.00751789
0.00795571
0.00840826
0.00891911
0.00959814
0.0106234
0.0122384
0.0147434
0.0185384
0.0241316
0.0319561
0.042114
0.0540872
0.0666884
0.0784449
0.088246
0.0957821
0.101417
0.105548
0.10789
0.107172
0.101837
0.0914559
0.0765952
0.0582601
0.041448
0.0367074
0.0500896
0.0726121
0.0878716
0.0905466
0.0913311
0.0939413
0.0947761
0.107996
0.148073
0.183577
0.181964
0.166608
0.172146
0.192171
0.203859
0.200804
0.191227
0.179162
0.158042
0.126954
0.10404
0.10731
0.12992
0.150986
0.158487
0.154518
0.146694
0.140068
0.134308
0.124806
0.107846
0.0869771
0.0729353
0.0750675
0.0875826
0.0875579
0.0736561
0.0847086
0.137389
0.204025
0.25598
0.280045
0.273098
0.246774
0.206469
0.154855
0.106249
0.0741558
0.0587092
0.0538338
0.0561902
0.0655767
0.080637
0.0969284
0.109483
0.116001
0.1172
0.114792
0.109489
0.100718
0.0882511
0.0746365
0.0657589
0.0659779
0.0701393
0.0679335
0.057277
0.0427613
0.0298197
0.0191541
0.0104368
0.00476385
0.0349757
0.0343824
0.0337959
0.0332868
0.0329656
0.0330108
0.0336879
0.0353417
0.0383528
0.0431293
0.0499676
0.0588439
0.0692731
0.0803167
0.0908221
0.0998128
0.106804
0.111846
0.115244
0.117102
0.116914
0.113517
0.105719
0.0935379
0.0780434
0.0600166
0.0427588
0.0356347
0.0465362
0.0692693
0.0874147
0.0922145
0.0917851
0.0931155
0.0939087
0.104039
0.139413
0.178775
0.187786
0.174159
0.168674
0.176048
0.181764
0.179023
0.172613
0.164806
0.148627
0.121744
0.100739
0.104576
0.128075
0.150449
0.15891
0.155205
0.147167
0.14032
0.135171
0.127833
0.113598
0.0931876
0.0753122
0.0709841
0.0817238
0.0903367
0.081488
0.0753289
0.0996465
0.147026
0.191727
0.212809
0.207075
0.185756
0.152019
0.112401
0.0815611
0.0656877
0.0592564
0.0565402
0.0578121
0.0658372
0.0800736
0.0957218
0.107564
0.113466
0.114381
0.11204
0.107028
0.0987286
0.0870262
0.0743859
0.0658607
0.0647274
0.0665644
0.0629668
0.0522572
0.0384276
0.0260967
0.0160127
0.00782854
0.00348794
0.0706069
0.0691451
0.0677355
0.0665229
0.0656831
0.0654334
0.066048
0.0678309
0.0710446
0.0758551
0.0821956
0.089707
0.0977695
0.105636
0.112627
0.118295
0.122486
0.125249
0.12664
0.126455
0.124033
0.118338
0.108516
0.094943
0.0791217
0.0617823
0.0446315
0.035382
0.0432962
0.0654709
0.0861485
0.0936633
0.0928674
0.0926605
0.0930667
0.100696
0.131005
0.171542
0.189908
0.18201
0.171248
0.168884
0.168228
0.16403
0.158843
0.153306
0.140218
0.116439
0.0972282
0.101915
0.126425
0.15
0.159281
0.155781
0.147536
0.140409
0.135536
0.129894
0.118537
0.0998004
0.0797017
0.0692049
0.0748774
0.0877737
0.0886126
0.078327
0.0801741
0.103087
0.132231
0.147472
0.145705
0.131772
0.107593
0.0833341
0.0696722
0.0651311
0.0621534
0.0583727
0.0579893
0.0653085
0.079291
0.0943743
0.105304
0.110407
0.110994
0.108796
0.104213
0.0965292
0.0856562
0.0738855
0.0655202
0.0630508
0.0627895
0.0579837
0.047323
0.0342539
0.0226536
0.013269
0.0057419
0.00269353
0.104935
0.104049
0.103099
0.102202
0.101514
0.101212
0.1015
0.102588
0.104624
0.10764
0.11151
0.115957
0.120601
0.125039
0.128926
0.13202
0.134167
0.13525
0.135085
0.133258
0.129034
0.121524
0.110181
0.0956656
0.0798331
0.0635348
0.0470898
0.0361351
0.0406406
0.0613423
0.0840241
0.0946166
0.0943663
0.0927091
0.0923434
0.0979176
0.123211
0.162649
0.188124
0.187867
0.176726
0.1681
0.161857
0.155404
0.150017
0.145019
0.133238
0.111358
0.0936833
0.0993803
0.124922
0.149593
0.159565
0.156211
0.14777
0.140356
0.135525
0.131079
0.122429
0.10625
0.0856165
0.0701388
0.0690665
0.0811284
0.0906444
0.0862804
0.0782297
0.0808911
0.0921228
0.100309
0.100884
0.0926642
0.0792342
0.0703198
0.0690321
0.0689314
0.0645507
0.0582265
0.0568207
0.0643865
0.0784841
0.0928361
0.102542
0.106653
0.106886
0.10492
0.100909
0.0939838
0.084009
0.0730423
0.0647308
0.0610196
0.0589322
0.0531303
0.0426226
0.0303489
0.0195326
0.0109076
0.00411823
0.00228069
0.117234
0.117824
0.118406
0.119019
0.119723
0.120581
0.121662
0.123036
0.124744
0.126788
0.129139
0.131712
0.134359
0.136894
0.139117
0.140823
0.141803
0.141825
0.140575
0.13754
0.131973
0.12313
0.110753
0.0957305
0.0801767
0.0652078
0.0500796
0.0380319
0.0388855
0.0571014
0.0810651
0.0948725
0.096043
0.0933177
0.0918671
0.0956603
0.116253
0.152844
0.182822
0.190286
0.182122
0.170756
0.160678
0.152069
0.145636
0.139809
0.127789
0.10668
0.0902573
0.0971294
0.123728
0.149279
0.159716
0.156409
0.147801
0.140159
0.135234
0.131526
0.125169
0.112023
0.0924094
0.0736605
0.0657787
0.0729491
0.0864338
0.0915088
0.0856806
0.0788936
0.07706
0.0779307
0.0771212
0.072968
0.0697511
0.071559
0.0747137
0.0725927
0.0643141
0.0559665
0.0549145
0.0635252
0.0777299
0.0909606
0.0990846
0.102036
0.101914
0.100276
0.0969773
0.0909504
0.0819507
0.071763
0.0634736
0.0586707
0.055042
0.0484417
0.038171
0.0267285
0.016747
0.00891976
0.00290587
0.00216583
0.120505
0.121938
0.123364
0.124795
0.126256
0.127776
0.129385
0.131104
0.13293
0.134862
0.136894
0.138987
0.141056
0.142977
0.144592
0.145708
0.146098
0.145492
0.143524
0.139642
0.133113
0.123338
0.110333
0.09519
0.0801618
0.0667076
0.0534544
0.041119
0.0383567
0.0529993
0.0772769
0.094252
0.0976458
0.0945144
0.0918128
0.0939327
0.110336
0.142816
0.174735
0.18874
0.185274
0.174173
0.16246
0.152473
0.144697
0.137102
0.12366
0.102433
0.0870717
0.0953061
0.122968
0.14914
0.159759
0.156372
0.147599
0.139777
0.13472
0.131391
0.126784
0.116721
0.0993724
0.0792489
0.06568
0.0659078
0.0778649
0.0898368
0.0924011
0.0872227
0.0809729
0.0768118
0.0739938
0.0730688
0.0757686
0.0800617
0.0801214
0.0726728
0.0609496
0.0524204
0.0530669
0.0630068
0.0769271
0.0885309
0.0947499
0.0964279
0.0959704
0.0947497
0.0922903
0.0872932
0.0793543
0.0699633
0.0617324
0.056035
0.0511683
0.0439819
0.0340373
0.0234442
0.0143093
0.00727839
0.00204423
0.00226371
0.115994
0.118302
0.120637
0.122986
0.125345
0.127715
0.130107
0.132508
0.134891
0.137243
0.139546
0.141762
0.143826
0.145641
0.14707
0.147933
0.148005
0.147006
0.144544
0.140042
0.132803
0.12238
0.109061
0.0941184
0.0798238
0.0679495
0.0569847
0.0453055
0.0393514
0.0494439
0.072785
0.092623
0.0988938
0.0962214
0.0924089
0.0928614
0.105613
0.133594
0.164941
0.183472
0.185044
0.176382
0.165182
0.154918
0.145882
0.135997
0.120396
0.0985171
0.0842169
0.0940601
0.12278
0.149248
0.159706
0.156077
0.147141
0.13919
0.134006
0.130807
0.127397
0.120104
0.105815
0.0861581
0.0686704
0.0618468
0.0683454
0.0817275
0.0918478
0.0941516
0.091323
0.0873722
0.0846686
0.0847978
0.0868403
0.0867122
0.0804772
0.0683948
0.0555713
0.0487924
0.05183
0.0628106
0.0758293
0.0853256
0.0894161
0.0897752
0.0890164
0.0882824
0.0867592
0.0829016
0.0761108
0.0675702
0.0594917
0.053128
0.0473165
0.0397338
0.0301901
0.0204697
0.0121962
0.005951
0.00147799
0.00251181
0.108806
0.111981
0.115235
0.118526
0.121819
0.12509
0.128308
0.131424
0.134401
0.137221
0.139869
0.142317
0.144511
0.146365
0.147746
0.148477
0.14834
0.14705
0.144193
0.139177
0.131365
0.120482
0.107079
0.0926015
0.0792266
0.068897
0.0604091
0.0503471
0.0420491
0.0468916
0.0677648
0.0898605
0.0994411
0.0980566
0.0936843
0.0926164
0.102142
0.125822
0.155011
0.17558
0.18145
0.176441
0.167423
0.157877
0.147798
0.135447
0.11742
0.0947619
0.0817681
0.093542
0.123291
0.14966
0.159555
0.155507
0.146408
0.138381
0.133087
0.129874
0.127178
0.122112
0.11115
0.0935237
0.0741718
0.0614469
0.0608925
0.0707961
0.0836136
0.0925576
0.0960781
0.0960318
0.0949439
0.094064
0.0920535
0.0861991
0.0752413
0.0613781
0.0498486
0.0459327
0.0512935
0.062669
0.0741506
0.0811903
0.0830664
0.0821392
0.0811237
0.0809117
0.0803727
0.0777238
0.0721557
0.0645483
0.0567665
0.0499904
0.0435157
0.0357033
0.0266153
0.0177777
0.0103677
0.00488952
0.00115337
0.00285106
0.0990186
0.103005
0.107167
0.111432
0.115731
0.119997
0.124156
0.128131
0.131875
0.135354
0.138542
0.1414
0.143872
0.145871
0.147275
0.147926
0.14762
0.146073
0.142848
0.137352
0.129039
0.117831
0.104528
0.0907273
0.0784488
0.0695851
0.063504
0.0558662
0.0464749
0.045885
0.0625442
0.085874
0.0990151
0.0996451
0.0953513
0.0931474
0.099842
0.119532
0.145911
0.166757
0.175658
0.174527
0.168502
0.16017
0.149168
0.134451
0.114162
0.0909941
0.0798149
0.0939105
0.124612
0.150406
0.159291
0.154639
0.145383
0.137334
0.131954
0.128651
0.126301
0.122839
0.114991
0.100444
0.0813254
0.0645277
0.0570772
0.0608788
0.0716559
0.0829836
0.090799
0.0944975
0.0951562
0.0933752
0.0884764
0.0794951
0.0669107
0.0537716
0.0449015
0.0440635
0.051206
0.0622357
0.0716648
0.0760865
0.0758249
0.0737367
0.0725235
0.072824
0.0732454
0.071809
0.067507
0.0609271
0.0536207
0.0466999
0.0398192
0.0318924
0.0232612
0.0152945
0.00875054
0.00403245
0.00101545
0.00323421
0.0885313
0.0931796
0.0981738
0.103396
0.10872
0.114016
0.119153
0.124029
0.128571
0.132727
0.136457
0.139716
0.142451
0.144583
0.146009
0.146589
0.146128
0.144327
0.140725
0.134753
0.125992
0.11458
0.101538
0.088585
0.077565
0.0701085
0.0661505
0.0614251
0.0524625
0.0469877
0.0576332
0.0805776
0.0973962
0.100714
0.0970356
0.0941171
0.0985274
0.114434
0.137793
0.158191
0.16916
0.171417
0.16824
0.160936
0.148963
0.132214
0.11018
0.087107
0.0784622
0.0953415
0.126831
0.151474
0.158872
0.153449
0.144057
0.136035
0.13059
0.127154
0.124901
0.122469
0.117197
0.106135
0.0890426
0.0704298
0.057325
0.0542336
0.0601297
0.0700644
0.0791541
0.085001
0.0871352
0.0855026
0.079798
0.0700754
0.0578907
0.0468043
0.0410787
0.0430245
0.0512198
0.0612114
0.0682557
0.0701227
0.0679927
0.0649831
0.063653
0.0644023
0.065668
0.0653581
0.0623092
0.0568414
0.0502075
0.0434234
0.036378
0.0283938
0.0201381
0.0129722
0.00727302
0.0033151
0.00101277
0.00360177
0.0776051
0.0825594
0.0881502
0.094201
0.100505
0.106846
0.11303
0.118901
0.124341
0.129264
0.133609
0.137324
0.140361
0.142657
0.144127
0.14465
0.144033
0.141956
0.13795
0.131502
0.122354
0.11087
0.0982487
0.0862751
0.0766375
0.0705839
0.0683714
0.0666028
0.0595984
0.0506251
0.0539137
0.0740138
0.094256
0.101105
0.09848
0.0951739
0.0979521
0.110516
0.130507
0.150028
0.162644
0.167471
0.166317
0.159426
0.146461
0.12827
0.105236
0.0831137
0.0779184
0.0980415
0.129992
0.152789
0.158225
0.151911
0.142428
0.134476
0.128967
0.125371
0.123062
0.1212
0.117839
0.110089
0.0961738
0.0780447
0.0613547
0.0518534
0.0514569
0.0575371
0.0656181
0.0721837
0.0754415
0.0745121
0.0690562
0.0597951
0.0491317
0.0408518
0.0383695
0.0425558
0.0510026
0.0593778
0.0639447
0.0635897
0.0600811
0.0565183
0.0551782
0.0562543
0.0581417
0.0587633
0.0568782
0.0525714
0.0468032
0.0404395
0.033447
0.0253802
0.017297
0.0107778
0.00586587
0.00267515
0.00109453
0.00389459
0.0676789
0.0723552
0.0780987
0.0846727
0.0917771
0.0990956
0.106334
0.113243
0.119628
0.125353
0.13033
0.134502
0.137832
0.140279
0.141782
0.142233
0.141432
0.13904
0.1346
0.127694
0.118247
0.10684
0.0948007
0.0839109
0.0757225
0.0711046
0.0703056
0.071123
0.0672782
0.0570096
0.0527025
0.0666912
0.0890738
0.100662
0.0998801
0.0964119
0.0979877
0.107758
0.124274
0.142109
0.155615
0.162282
0.162154
0.155067
0.141362
0.122529
0.0993029
0.0791862
0.0785212
0.102242
0.134065
0.154198
0.157249
0.150003
0.140498
0.132643
0.127053
0.123264
0.120814
0.119198
0.117107
0.112118
0.101782
0.0859613
0.0681709
0.0539114
0.0470562
0.0476213
0.0525812
0.058246
0.0618301
0.0615611
0.0568944
0.0490459
0.0409272
0.0360431
0.0366412
0.0423246
0.050228
0.0566243
0.0589388
0.0569961
0.0528164
0.0491847
0.0479631
0.0491877
0.0513753
0.0526277
0.0517261
0.0485693
0.0438269
0.0381393
0.0313727
0.0231099
0.0148657
0.00874375
0.00450689
0.00208192
0.00123269
0.00405756
0.0596538
0.06325
0.0684636
0.0750364
0.0825908
0.0906934
0.0989113
0.10686
0.114235
0.120819
0.126482
0.131156
0.134815
0.13744
0.138993
0.13937
0.138362
0.135625
0.130744
0.123425
0.113791
0.102616
0.0913122
0.0815934
0.0748713
0.071721
0.0721223
0.0748719
0.0746841
0.0658446
0.0553878
0.0601712
0.0812485
0.0985858
0.101612
0.0985178
0.0988208
0.106098
0.119358
0.134676
0.147651
0.154967
0.155028
0.147619
0.133889
0.115234
0.0925312
0.075711
0.0807779
0.108167
0.13889
0.155453
0.155823
0.147714
0.138274
0.130512
0.124793
0.120766
0.11812
0.116548
0.115213
0.112285
0.105308
0.0928345
0.0762231
0.0596024
0.0474721
0.0419716
0.0420998
0.0449822
0.0475344
0.047416
0.0438936
0.0383653
0.0336525
0.0324022
0.0355641
0.0418771
0.0486136
0.053024
0.0536828
0.0510622
0.047075
0.0439233
0.042953
0.0441179
0.0462221
0.0477179
0.0475331
0.0454384
0.0418046
0.0369571
0.0304904
0.0218087
0.0129465
0.00691812
0.00320983
0.00153791
0.00143638
0.00409455
0.0546809
0.056354
0.0602323
0.0661132
0.0735871
0.0821124
0.0911007
0.0999979
0.108345
0.115812
0.122197
0.127407
0.131418
0.134234
0.135833
0.136116
0.134869
0.131761
0.126449
0.11879
0.109099
0.0983101
0.087872
0.0793912
0.0741191
0.0724424
0.0739872
0.0779897
0.0810337
0.0759871
0.0627998
0.0571275
0.0714233
0.0930086
0.102755
0.101732
0.100804
0.105558
0.115715
0.128158
0.139164
0.145589
0.145208
0.137774
0.124855
0.106771
0.0851909
0.0733022
0.0853921
0.115934
0.144105
0.156218
0.153841
0.145059
0.135757
0.128034
0.122099
0.117769
0.11488
0.113236
0.112299
0.110773
0.106566
0.0976835
0.0838313
0.0673221
0.052071
0.0413137
0.0359443
0.034548
0.0345928
0.0338168
0.0314698
0.0287383
0.0276925
0.0297069
0.0345816
0.0407296
0.0460516
0.0489198
0.0488565
0.0466263
0.043718
0.0415696
0.0409764
0.0418741
0.0435006
0.0448231
0.0450344
0.0438299
0.0412634
0.0372604
0.0310251
0.0216187
0.0116034
0.00536465
0.00204823
0.00111076
0.00176298
0.00410092
0.0531912
0.0522475
0.0540019
0.0584117
0.065124
0.0735462
0.0829518
0.0926012
0.101846
0.110197
0.117346
0.123145
0.127559
0.130602
0.132262
0.132447
0.130947
0.127473
0.12178
0.113886
0.104281
0.0940175
0.0845505
0.0773582
0.0735022
0.0732445
0.0759763
0.0808509
0.086072
0.0857635
0.074363
0.0604335
0.0626808
0.082653
0.100283
0.104883
0.104084
0.106299
0.113221
0.122522
0.130876
0.135378
0.134115
0.127095
0.11529
0.0973354
0.0777899
0.0731661
0.0931996
0.12534
0.149079
0.156119
0.151248
0.14207
0.132923
0.125116
0.118835
0.114108
0.110916
0.109127
0.108369
0.107738
0.105609
0.0999851
0.0896073
0.0751364
0.0592087
0.0450671
0.0348214
0.0286271
0.0251681
0.0229388
0.0214015
0.0212014
0.0232137
0.0274893
0.0330853
0.0385899
0.0427567
0.0449405
0.0452621
0.0444375
0.0433383
0.0425849
0.0424404
0.0428992
0.0437334
0.0445259
0.0448142
0.0442535
0.0425647
0.03922
0.0329959
0.0225055
0.0107567
0.00407232
0.00110563
0.000959389
0.00238887
0.0042055
0.0551612
0.0512285
0.0502703
0.0525039
0.0577458
0.0654466
0.0748
0.0848968
0.0948802
0.104064
0.111991
0.118422
0.123285
0.126585
0.128317
0.128396
0.12664
0.122825
0.116824
0.108809
0.0994208
0.0897964
0.0813775
0.0755172
0.0730721
0.0741496
0.0780353
0.0836465
0.0899487
0.0935965
0.0875657
0.0713138
0.060433
0.0698816
0.0908107
0.104361
0.107593
0.108564
0.112164
0.117956
0.123356
0.125776
0.12365
0.11729
0.10548
0.0866875
0.0714621
0.0772228
0.10478
0.135575
0.152939
0.154859
0.148084
0.138782
0.129694
0.121592
0.11479
0.109544
0.105965
0.103967
0.103258
0.103181
0.102527
0.0995611
0.0926535
0.0813053
0.0667572
0.0515106
0.0380469
0.0277292
0.0206742
0.0165295
0.0151101
0.0163926
0.0200713
0.0252476
0.0307517
0.0356205
0.0393444
0.0418887
0.0435844
0.0448766
0.0459716
0.0467459
0.0470454
0.0469872
0.0468894
0.0469516
0.0470678
0.0468672
0.0457451
0.0427295
0.03623
0.0243864
0.0103597
0.00301468
0.000497485
0.00121713
0.00326243
0.00449254
0.0599679
0.0530432
0.0490783
0.0486169
0.0517508
0.0580894
0.0668405
0.0769794
0.087453
0.0973567
0.106042
0.11314
0.1185
0.122099
0.123926
0.123916
0.121934
0.117839
0.111627
0.103612
0.0945569
0.0856673
0.0783565
0.0738551
0.0728301
0.0752162
0.0802403
0.0866526
0.0934112
0.0991707
0.0991131
0.0872687
0.0690608
0.0624561
0.0754049
0.0947184
0.106485
0.110693
0.112867
0.115538
0.11798
0.118284
0.115347
0.108266
0.0935016
0.0748408
0.069266
0.0877828
0.119626
0.145026
0.154801
0.152375
0.14448
0.135175
0.125894
0.117211
0.109675
0.10376
0.0996844
0.0973989
0.0966459
0.0969104
0.0972798
0.0963494
0.0924904
0.0845711
0.0727036
0.0583741
0.04379
0.030941
0.0211145
0.01507
0.0129404
0.0142126
0.017924
0.0228436
0.0279408
0.0326322
0.0367664
0.0404947
0.0440978
0.047671
0.0508611
0.0530117
0.0537069
0.0532045
0.0522766
0.0516306
0.051456
0.0513556
0.0504474
0.0473936
0.0403926
0.0271561
0.0105615
0.0025338
0.000714472
0.00239299
0.00475856
0.00513308
0.0667886
0.0571728
0.0502143
0.0467946
0.0473521
0.051761
0.0593534
0.0690743
0.0797173
0.0901614
0.0995409
0.107309
0.113203
0.117136
0.119089
0.119024
0.116866
0.112568
0.106243
0.0983346
0.0897241
0.0816733
0.0755555
0.0724587
0.0728472
0.0764648
0.082483
0.0896786
0.0968341
0.10327
0.107127
0.102842
0.0869751
0.0688725
0.0645275
0.076741
0.0934781
0.104947
0.110549
0.112983
0.113447
0.11142
0.106003
0.094574
0.0768831
0.0659648
0.0765667
0.105642
0.135213
0.151629
0.154222
0.148926
0.140562
0.131096
0.121221
0.111625
0.103129
0.0963899
0.0917051
0.0890429
0.0881546
0.0885981
0.0896586
0.0902233
0.0888378
0.0841341
0.0754906
0.0634661
0.0496841
0.0362092
0.0249528
0.0174352
0.0139145
0.0139304
0.0166454
0.0209428
0.0259201
0.0310215
0.0360529
0.0411287
0.0464179
0.0517657
0.0565009
0.0596793
0.0607493
0.0600569
0.0586486
0.0575458
0.0571216
0.056949
0.0559637
0.0526123
0.0451724
0.0313392
0.0127927
0.00395479
0.00298892
0.00529524
0.00719439
0.00624796
0.0746397
0.0628215
0.0531266
0.0467379
0.0444623
0.0465143
0.0524523
0.0612894
0.0717351
0.0824806
0.0924334
0.100839
0.107279
0.111581
0.113701
0.113629
0.111354
0.106922
0.100565
0.0928657
0.0848283
0.077765
0.0729814
0.0713861
0.073221
0.0780441
0.084944
0.0927717
0.100346
0.106942
0.112216
0.113778
0.106275
0.0886736
0.0709809
0.065478
0.0730944
0.0852769
0.094847
0.099689
0.0999585
0.0958618
0.0867691
0.0728851
0.0630836
0.0707674
0.0968382
0.127143
0.14735
0.154003
0.151577
0.144938
0.136278
0.126194
0.115246
0.104411
0.0947695
0.0871045
0.0817451
0.078641
0.077523
0.0779835
0.0794396
0.0810161
0.0814902
0.0795012
0.0740477
0.0650097
0.0533818
0.040924
0.0296363
0.0214154
0.0163085
0.014843
0.0167723
0.0209972
0.02641
0.0321405
0.0378007
0.0435152
0.0494759
0.0555458
0.0610018
0.0648017
0.0663067
0.0658338
0.0644763
0.0633422
0.0628571
0.0625743
0.061364
0.0576591
0.0503447
0.0375639
0.0192503
0.00995007
0.00932091
0.0114611
0.0123258
0.00956587
0.0826031
0.0691185
0.0570928
0.0479388
0.0428043
0.0422696
0.0461901
0.0537365
0.0636154
0.0743819
0.0847327
0.0936922
0.100662
0.105355
0.107684
0.107649
0.105292
0.10076
0.0944322
0.087057
0.0797698
0.0739046
0.0706445
0.070665
0.0739573
0.0799061
0.0875443
0.0958102
0.103718
0.110521
0.116037
0.120004
0.119807
0.111039
0.0939117
0.0764991
0.0673351
0.0674071
0.0717559
0.0752886
0.0754128
0.0716442
0.0650975
0.0616164
0.0713976
0.0957161
0.124073
0.144458
0.152904
0.152606
0.147836
0.140617
0.131253
0.119921
0.107445
0.0951459
0.0843059
0.0757598
0.0697888
0.0662619
0.0648511
0.0651583
0.0666984
0.0687944
0.0704686
0.0705078
0.0677945
0.0617972
0.0529803
0.0426582
0.0325998
0.0247681
0.0187744
0.0169423
0.0191383
0.0239013
0.0298036
0.0357329
0.0412214
0.0464016
0.051713
0.0573096
0.0626504
0.0667247
0.0687983
0.0690186
0.068305
0.0676417
0.067395
0.0671238
0.0657367
0.0620383
0.0560062
0.0452929
0.0281866
0.0173997
0.0152068
0.015475
0.0147802
0.0112467
0.0900121
0.0754001
0.0615281
0.0499514
0.0420986
0.0389031
0.0405541
0.0464532
0.0553868
0.0658412
0.0763412
0.0857003
0.0931279
0.0982005
0.100753
0.10077
0.0983481
0.0937584
0.0875693
0.0807246
0.0744679
0.070083
0.068544
0.0702442
0.0749376
0.0818952
0.090147
0.0987147
0.1068
0.113817
0.119466
0.123893
0.126849
0.126059
0.118329
0.103973
0.0881609
0.0763361
0.069987
0.0673293
0.0663008
0.0665734
0.070632
0.08309
0.10459
0.127849
0.144626
0.152115
0.15261
0.149312
0.143679
0.135613
0.124788
0.1116
0.0973062
0.0835488
0.071723
0.0625905
0.0562717
0.0524817
0.0507987
0.0508171
0.0521321
0.0542378
0.0563997
0.0576347
0.0569031
0.0535042
0.0475498
0.0399823
0.0322159
0.0259425
0.0211804
0.0202218
0.0227841
0.0273511
0.0327228
0.0380891
0.0428921
0.0470717
0.0511504
0.0556319
0.0603571
0.0645138
0.0673136
0.0686508
0.0691169
0.0694248
0.069818
0.0698776
0.0687056
0.065903
0.0614536
0.0523096
0.0370409
0.0232895
0.0158129
0.0125673
0.0103057
0.00756799
0.0969928
0.0817355
0.0664848
0.0528506
0.0424678
0.0365853
0.0357377
0.0396112
0.0471484
0.0568436
0.0671077
0.076574
0.0842622
0.0895899
0.0922913
0.092331
0.0898861
0.0854032
0.0796684
0.0737891
0.0690239
0.0664907
0.066873
0.070263
0.0762117
0.0839366
0.0925471
0.101221
0.10933
0.116452
0.122328
0.126937
0.130552
0.133032
0.132858
0.128075
0.118801
0.10786
0.0986318
0.0931455
0.092186
0.0964429
0.106762
0.121867
0.136958
0.147441
0.152002
0.152141
0.149732
0.145449
0.138811
0.129044
0.115992
0.100563
0.0845058
0.0697011
0.0574792
0.0483497
0.0421536
0.0384038
0.0365793
0.0362662
0.037129
0.0388061
0.0407862
0.0423547
0.0426862
0.0411198
0.0376429
0.0329592
0.0280565
0.0241367
0.0217294
0.0214513
0.0230681
0.0257404
0.0291802
0.0333232
0.0376968
0.0417963
0.045585
0.0495035
0.0537969
0.0580903
0.0617418
0.0644646
0.0664969
0.0682324
0.0697714
0.0707432
0.0706629
0.0694794
0.0663526
0.0593548
0.0478609
0.0328992
0.0197627
0.0122013
0.00792607
0.00475378
0.103188
0.0878096
0.0717137
0.056475
0.0438444
0.0353228
0.0317734
0.0332002
0.0387755
0.0470919
0.0565308
0.0656018
0.0731561
0.0784521
0.0811289
0.0811672
0.0788818
0.0749292
0.0702722
0.0660504
0.063361
0.0630162
0.0653699
0.0702844
0.0772406
0.0855149
0.0943298
0.103003
0.111039
0.118146
0.124176
0.129066
0.13292
0.136031
0.138442
0.139479
0.138278
0.134987
0.131096
0.12861
0.129094
0.13314
0.139769
0.146335
0.150546
0.152009
0.151429
0.149481
0.146153
0.140723
0.132142
0.119753
0.103966
0.0863838
0.0691916
0.0542646
0.0425935
0.0342521
0.0287407
0.0253906
0.0236259
0.0230484
0.0233831
0.0243839
0.0257252
0.0269507
0.0275041
0.0268908
0.0251763
0.0228812
0.0205238
0.0186507
0.017374
0.0167039
0.0164718
0.0167077
0.017899
0.0204897
0.0245531
0.0294327
0.0342966
0.0389092
0.0435149
0.0481976
0.0527043
0.0567938
0.0604814
0.0638969
0.0669987
0.069493
0.0711219
0.0715309
0.069898
0.0655035
0.0583287
0.0480395
0.0368868
0.0274592
0.0201285
0.0128917
0.10878
0.0935296
0.0769538
0.0605249
0.0460088
0.0350482
0.0287473
0.0273928
0.0304157
0.0365924
0.0443862
0.0522925
0.0590842
0.0639373
0.0664685
0.0667324
0.0651879
0.0626178
0.0599865
0.0582537
0.0581877
0.0602314
0.0644548
0.0705989
0.0781832
0.0866264
0.0953398
0.103811
0.111663
0.11867
0.124735
0.129835
0.133994
0.137341
0.14013
0.142531
0.144432
0.145637
0.146284
0.146915
0.148074
0.149755
0.151232
0.151791
0.15147
0.150472
0.148766
0.146
0.141394
0.133797
0.122196
0.10653
0.0881215
0.0692629
0.0522439
0.0385126
0.0284516
0.0216176
0.0172346
0.0145571
0.0130398
0.0123263
0.0121981
0.0125025
0.0130545
0.0136
0.0138146
0.0133958
0.0125483
0.0116544
0.010774
0.00985637
0.00877481
0.00753769
0.00651167
0.00606458
0.00636852
0.00767486
0.0105213
0.0149736
0.020327
0.0257765
0.0310581
0.0362623
0.0414295
0.0465109
0.0514896
0.0563488
0.0609361
0.0649592
0.0680515
0.069698
0.0694205
0.0669874
0.0625146
0.0559969
0.0481983
0.0399674
0.032501
0.0223111
0.11178
0.0969858
0.0804296
0.0634191
0.0476226
0.03469
0.0258474
0.0216001
0.0216465
0.0250197
0.0303826
0.0363564
0.0417911
0.0459343
0.0484966
0.0496244
0.0497949
0.0496637
0.0499056
0.0510914
0.0536153
0.0576656
0.0632261
0.0701041
0.0779764
0.0864229
0.0949816
0.103244
0.110915
0.117815
0.123872
0.129082
0.133478
0.137113
0.140092
0.14259
0.144767
0.146679
0.148295
0.149578
0.150479
0.150894
0.150753
0.150137
0.149112
0.147522
0.145001
0.140825
0.133821
0.12278
0.107334
0.0885661
0.0687405
0.0503748
0.0352535
0.0240033
0.0163179
0.0113734
0.00831845
0.00645071
0.0052934
0.00456767
0.00421148
0.0040967
0.00410731
0.00413117
0.00408806
0.00400983
0.00373718
0.00318459
0.00256771
0.00199069
0.00158291
0.00208443
0.00377895
0.0057066
0.00679763
0.00677376
0.00642677
0.00717261
0.00980145
0.0139571
0.0188843
0.0241082
0.0294612
0.0349149
0.0404738
0.0460708
0.0514821
0.0563198
0.0600787
0.0622546
0.0624954
0.0606603
0.0568471
0.0513673
0.0448542
0.0378024
0.0314491
0.0218194
0.114064
0.0993283
0.0826355
0.0651774
0.0485094
0.0342059
0.0234894
0.0169501
0.0144489
0.0152272
0.0181693
0.0221169
0.0261399
0.0296941
0.032641
0.0351489
0.0375319
0.0401048
0.0431102
0.0467203
0.0510699
0.0562686
0.0623735
0.0693451
0.0770203
0.0851198
0.0933024
0.101242
0.108682
0.115459
0.121493
0.126771
0.13132
0.135181
0.138406
0.14106
0.143235
0.145012
0.146426
0.147453
0.148046
0.14817
0.147809
0.146908
0.145356
0.142883
0.138789
0.131871
0.120894
0.105446
0.0865274
0.0663568
0.0474753
0.0317701
0.0200244
0.0120502
0.00694359
0.00399898
0.00238962
0.0014662
0.000694446
0.000892087
0.000171685
0.000308779
0.000495308
0.000619433
0.000728185
0.00111809
0.00141643
0.00141863
0.00170872
0.00292045
0.00630538
0.0124739
0.0195774
0.0252479
0.0277084
0.0258271
0.0205858
0.0144967
0.0101783
0.00897496
0.0106106
0.0140826
0.0185368
0.0235122
0.0288025
0.0342367
0.0395392
0.0442223
0.0477001
0.0494418
0.0490561
0.0463076
0.0413046
0.0348254
0.0282727
0.0225359
0.0181421
0.0125414
0.106443
0.0920591
0.0760601
0.0595037
0.0437172
0.0300133
0.019397
0.0123528
0.0087802
0.00809872
0.00947439
0.0120814
0.0153025
0.0188051
0.0224903
0.0263684
0.0304452
0.034683
0.0390423
0.0435521
0.0483438
0.053615
0.0595466
0.0662233
0.0735842
0.0814063
0.089376
0.0971787
0.104558
0.111341
0.117438
0.122824
0.127512
0.131539
0.134944
0.137768
0.140051
0.141829
0.143132
0.143967
0.144314
0.144113
0.143272
0.14171
0.139094
0.134629
0.127114
0.1155
0.0996533
0.0807339
0.060876
0.0423757
0.0270746
0.0156398
0.00793417
0.00359858
0.00097334
0.000805525
0.000915087
0.000511977
0.000701536
0.00107869
0.00201855
0.00339411
0.00494246
0.00654409
0.00818624
0.00992003
0.0119299
0.014532
0.0178522
0.0231559
0.0324168
0.0431455
0.0546903
0.0665776
0.0715423
0.0656087
0.0524828
0.0376285
0.0245384
0.0152397
0.0104413
0.00948362
0.0111135
0.0142823
0.0183078
0.0226728
0.02688
0.0303115
0.0323112
0.0323452
0.0302028
0.026388
0.0218903
0.0174799
0.0135418
0.010151
0.0075297
0.00475883
0.0972759
0.0837226
0.0689182
0.0537473
0.0393079
0.0266834
0.0167055
0.00978081
0.00584468
0.00445706
0.00499767
0.00687394
0.00965581
0.0130949
0.0170497
0.0213873
0.0259333
0.0305007
0.0349711
0.0393654
0.043854
0.0486962
0.054134
0.0602931
0.0671409
0.0745169
0.0821752
0.0898389
0.0972514
0.104211
0.110582
0.116289
0.121305
0.125633
0.129295
0.132317
0.134725
0.136536
0.137752
0.138351
0.138265
0.137382
0.135525
0.13219
0.126494
0.11748
0.104619
0.0883007
0.0698638
0.0512294
0.0343588
0.0204345
0.0103134
0.00408374
0.000385919
0.00145554
0.000452426
0.00153718
0.00378481
0.00726581
0.0117197
0.0167393
0.0218736
0.0267837
0.0313087
0.0354694
0.0394337
0.0433245
0.0471923
0.0511222
0.0559346
0.0646581
0.0745098
0.0845712
0.110863
0.146201
0.160849
0.145949
0.112115
0.077065
0.0499599
0.0312078
0.0191873
0.012513
0.00980227
0.00976745
0.0114212
0.0139723
0.0166738
0.0188298
0.01996
0.0199222
0.0188174
0.0168618
0.0143326
0.0115252
0.00869067
0.00605118
0.00393424
0.0018249
0.0736769
0.0613403
0.0486873
0.0364469
0.0253998
0.0162144
0.00930676
0.00477075
0.00240393
0.001814
0.00255718
0.00425003
0.00661733
0.00947585
0.0126859
0.0161117
0.0196177
0.0230993
0.0265257
0.029965
0.0335743
0.0375597
0.0421254
0.0474263
0.0535094
0.0602757
0.0675184
0.0749813
0.0824111
0.0895912
0.0963527
0.102572
0.108159
0.113054
0.117213
0.120605
0.123201
0.124962
0.125822
0.125668
0.124332
0.121569
0.116834
0.109402
0.0988843
0.0854428
0.0698591
0.0534615
0.0374855
0.0232611
0.0121955
0.00453144
0.000247037
0.00194294
0.00232736
0.0055805
0.0116683
0.0198665
0.0295792
0.0400752
0.0505805
0.0603752
0.0689222
0.0760314
0.0818525
0.0867608
0.0910899
0.0949363
0.0983791
0.101571
0.106366
0.1132
0.112841
0.140272
0.220235
0.298861
0.330562
0.302344
0.231399
0.153228
0.0934637
0.0560631
0.034331
0.0218389
0.0148837
0.0114468
0.0103033
0.0105613
0.0114847
0.0124568
0.0130319
0.0129682
0.0122357
0.0109706
0.00936531
0.0075708
0.00574004
0.0040557
0.00272491
0.00150742
0.0426239
0.0334803
0.0250127
0.0176145
0.0115613
0.00696935
0.0037917
0.0018527
0.000909597
0.000719863
0.00109002
0.00189162
0.00304647
0.00449768
0.00618663
0.00804855
0.0100264
0.0120932
0.0142703
0.016636
0.0193175
0.0224594
0.0261633
0.0304369
0.035243
0.0405376
0.0462391
0.0522283
0.0583657
0.0645079
0.0705161
0.0762569
0.0815982
0.0864059
0.090543
0.093868
0.0962336
0.097481
0.0974308
0.09588
0.0925949
0.0872631
0.0796476
0.0699057
0.0584945
0.0461214
0.0336081
0.0219496
0.0117768
0.00419916
0.000654115
0.00144667
0.00589687
0.0135759
0.02452
0.0382081
0.0535599
0.0693267
0.0846805
0.0988606
0.111009
0.120591
0.127592
0.13244
0.135857
0.138377
0.140083
0.14152
0.143041
0.145202
0.149517
0.143861
0.150378
0.256101
0.390539
0.469414
0.500177
0.471497
0.381995
0.265171
0.163759
0.0959404
0.0570334
0.035979
0.0245516
0.0182873
0.0149658
0.0133942
0.0128332
0.0127667
0.0128417
0.0129038
0.012946
0.0129694
0.0129007
0.0126171
0.0120321
0.0111933
0.0103363
0.00923461
0.00498254
0.00451162
0.00412078
0.00381119
0.00357123
0.00337968
0.00321228
0.00304797
0.00287252
0.00267895
0.00246578
0.00223513
0.00199163
0.00174227
0.00149626
0.00126469
0.00106105
0.000906563
0.000841845
0.000940496
0.00131853
0.00214197
0.00363272
0.0060294
0.0094198
0.0136708
0.0185194
0.0236649
0.028844
0.033868
0.0386227
0.0430402
0.0470634
0.0506187
0.0536013
0.0558728
0.057268
0.0576067
0.0567089
0.0544226
0.0506628
0.0454637
0.0390307
0.0315954
0.0235772
0.0157243
0.00908566
0.00483614
0.00413961
0.00784581
0.0162328
0.029071
0.0456536
0.0647642
0.0848319
0.104274
0.121832
0.136861
0.149287
0.157826
0.162578
0.164745
0.165665
0.166268
0.167025
0.167387
0.168151
0.17186
0.176656
0.178741
0.177352
0.162416
0.258598
0.417215
0.490814
0.521546
0.534706
0.53209
0.474523
0.363248
0.242686
0.149102
0.0900364
0.0568236
0.0389
0.029189
0.0239306
0.0211561
0.0198248
0.019375
0.0195435
0.0201994
0.0211471
0.0222204
0.0232602
0.0240665
0.0244856
0.0244389
0.0240688
0.0232842
0.0129916
0.011984
0.0110259
0.0101177
0.00926102
0.00845661
0.00770379
0.00700067
0.0063447
0.00573337
0.00516485
0.00463839
0.00415443
0.00371472
0.00332268
0.00298447
0.00271006
0.00251182
0.00240233
0.00240077
0.0025443
0.00286557
0.00331132
0.00371687
0.0040739
0.00455213
0.00532427
0.00649062
0.00806055
0.00996665
0.0120947
0.0143143
0.0164976
0.0185227
0.020266
0.0215987
0.0223992
0.0225539
0.0219986
0.0208186
0.0187821
0.015594
0.0117211
0.0083133
0.00693242
0.00907307
0.0157322
0.0271972
0.0430407
0.0622616
0.0835321
0.105623
0.126723
0.144959
0.159311
0.16955
0.176068
0.179973
0.181082
0.177889
0.175705
0.176999
0.181104
0.185958
0.188961
0.19364
0.209815
0.228262
0.235459
0.213362
0.202021
0.316666
0.43507
0.459332
0.469277
0.515178
0.54457
0.55348
0.512602
0.415362
0.298823
0.198735
0.128636
0.0853499
0.0603549
0.0462852
0.0384173
0.0340906
0.0319207
0.0311866
0.0313549
0.0319138
0.0330755
0.0353017
0.0380508
0.0399935
0.0404671
0.0398918
0.038658
0.0372
0.00956765
0.0101276
0.0106791
0.0112145
0.0117248
0.0121993
0.0126256
0.0129895
0.013275
0.0134647
0.0135399
0.0134813
0.0132697
0.0128871
0.012319
0.011557
0.0106098
0.00950327
0.00826255
0.0069047
0.00546936
0.00406365
0.00289873
0.00222963
0.00194483
0.00175068
0.00149141
0.00117095
0.000859188
0.000619866
0.00048739
0.000462829
0.000517266
0.000614277
0.000741315
0.000918221
0.00120757
0.00169785
0.00225366
0.0030646
0.00545632
0.0111243
0.0212933
0.0363017
0.0553987
0.0770594
0.0995382
0.121286
0.14113
0.158222
0.172067
0.182012
0.18622
0.185317
0.182126
0.177974
0.174044
0.170151
0.164141
0.174614
0.194466
0.21605
0.233792
0.243245
0.242349
0.271463
0.327458
0.324517
0.293607
0.297087
0.3385
0.38305
0.389396
0.420441
0.439362
0.492715
0.529983
0.526777
0.484686
0.403624
0.309305
0.224343
0.159781
0.115946
0.0881438
0.0710488
0.0603973
0.0532962
0.0483317
0.0452898
0.0448171
0.0480616
0.0555884
0.0656544
0.0746598
0.0800471
0.0818779
0.081359
0.0794847
0.0767667
0.200951
0.200966
0.200965
0.200945
0.2009
0.200825
0.200713
0.200558
0.200352
0.200085
0.199748
0.19933
0.198819
0.198204
0.197475
0.196623
0.195642
0.194533
0.193312
0.192011
0.190656
0.189231
0.187574
0.185379
0.182509
0.17898
0.17487
0.170295
0.165392
0.160311
0.155209
0.15024
0.145548
0.141286
0.137655
0.134882
0.133082
0.133119
0.136626
0.143831
0.15372
0.164985
0.176072
0.185499
0.192208
0.19574
0.196159
0.193802
0.188975
0.181641
0.170814
0.153818
0.140954
0.137145
0.13941
0.143161
0.146861
0.143017
0.154308
0.280924
0.310284
0.308133
0.310763
0.323464
0.332616
0.328145
0.321917
0.32217
0.322741
0.322643
0.312701
0.280609
0.307197
0.352983
0.358883
0.374946
0.401181
0.403157
0.374053
0.324113
0.266676
0.213326
0.169962
0.137747
0.115402
0.100713
0.0915543
0.086357
0.0836432
0.084381
0.0909051
0.102177
0.112985
0.118321
0.121239
0.124437
0.125997
0.125922
0.124422
0.123676
0.18742
0.187391
0.187472
0.187669
0.187986
0.188423
0.188983
0.189667
0.190475
0.191407
0.192456
0.193611
0.194856
0.196159
0.197478
0.19875
0.199882
0.200746
0.201178
0.201028
0.200223
0.19878
0.196803
0.194538
0.192412
0.19093
0.190235
0.190061
0.190113
0.190194
0.190207
0.190118
0.189935
0.189682
0.189365
0.189026
0.188899
0.188554
0.186827
0.182965
0.176406
0.166791
0.154137
0.139011
0.122568
0.106251
0.091267
0.0780157
0.0655932
0.0514216
0.0281688
0.000501485
0.0481383
0.112649
0.140661
0.163571
0.16565
0.171792
0.190097
0.181628
0.17781
0.204846
0.229209
0.234498
0.221384
0.201656
0.201545
0.213829
0.217668
0.206588
0.180346
0.156047
0.149581
0.177197
0.210133
0.219694
0.220103
0.228278
0.21914
0.204576
0.187426
0.170731
0.156327
0.145139
0.137247
0.132325
0.129814
0.129066
0.130305
0.131875
0.130569
0.123702
0.105939
0.0813268
0.075804
0.102746
0.13745
0.159899
0.169026
0.176598
0.0480292
0.0776705
0.0867063
0.0986121
0.108978
0.111075
0.105136
0.104576
0.11721
0.13868
0.157713
0.167362
0.167934
0.166473
0.164794
0.164225
0.166355
0.170307
0.173456
0.169029
0.139201
0.0749735
0.0156962
0.0191095
0.0710363
0.111202
0.125621
0.127856
0.130975
0.137513
0.14483
0.146513
0.12119
0.0538071
0.0124766
0.0421647
0.0733567
0.0870932
0.0889533
0.0875701
0.0850392
0.0821782
0.0798652
0.0780305
0.0766042
0.0755584
0.0748587
0.0744859
0.0744297
0.0746976
0.0753246
0.0763913
0.0779603
0.0801039
0.0828304
0.0858627
0.0892861
0.0968205
0.112846
0.119225
0.10139
0.102288
0.148602
0.180908
0.151621
0.109505
0.0983034
0.101299
0.106476
0.11023
0.112655
0.110594
0.105839
0.100297
0.0986463
0.104692
0.116339
0.129968
0.143355
0.155703
0.166526
0.174622
0.177212
0.169275
0.147187
0.118237
0.0963495
0.0891323
0.0897419
0.0890336
0.0860585
0.0844811
0.0840012
0.0819041
0.0766977
0.0718148
0.0745315
0.0878055
0.108232
0.102004
0.0657254
0.0819401
0.0949145
0.121108
0.146419
0.175342
0.211866
0.216889
0.19312
0.160908
0.129953
0.104907
0.088548
0.0802356
0.0760606
0.0764535
0.0824705
0.0958034
0.117091
0.143755
0.169286
0.177391
0.161335
0.135725
0.11337
0.0966337
0.0838652
0.0792065
0.0837666
0.0932252
0.113439
0.133852
0.10466
0.0481297
0.0565773
0.0984025
0.111738
0.0993006
0.0800888
0.0642066
0.0532575
0.0459982
0.040681
0.0367286
0.0337655
0.0315487
0.029942
0.0288431
0.0281561
0.0277659
0.0275627
0.0275056
0.0276531
0.0281379
0.0289833
0.0298875
0.0307072
0.0344167
0.0501195
0.0839355
0.117374
0.14524
0.195956
0.247972
0.234203
0.189821
0.176463
0.182534
0.199775
0.222255
0.240126
0.244287
0.223628
0.180844
0.124688
0.0782155
0.0584439
0.0610709
0.0748244
0.0915411
0.108528
0.125494
0.141229
0.153043
0.157615
0.149769
0.129094
0.10176
0.0758135
0.0568253
0.0466283
0.045393
0.0515386
0.0612932
0.0710369
0.0795092
0.0873756
0.0938613
0.100321
0.0908065
0.0717519
0.115739
0.158123
0.200308
0.206906
0.201794
0.188976
0.147121
0.097912
0.0634251
0.0467313
0.0421854
0.0421189
0.0380734
0.0311892
0.0229587
0.0165608
0.0160677
0.0251476
0.0446462
0.0729166
0.105507
0.137282
0.161937
0.168998
0.154907
0.127931
0.0991717
0.078912
0.0742233
0.0946124
0.119862
0.087855
0.0575533
0.0934079
0.120932
0.109014
0.0783763
0.0508325
0.0338337
0.0252335
0.0211795
0.0196998
0.0191177
0.0184948
0.0174327
0.0159397
0.014288
0.0128413
0.0118721
0.0114222
0.0112944
0.0113112
0.0116
0.0123426
0.0130403
0.0129191
0.0146941
0.0280302
0.0600365
0.102365
0.148859
0.216687
0.276294
0.260046
0.225653
0.238379
0.285778
0.351997
0.414332
0.451775
0.454156
0.430095
0.378388
0.292303
0.18375
0.0984117
0.0596539
0.0586219
0.0726917
0.0864297
0.0968667
0.104971
0.109365
0.105471
0.0901116
0.0656503
0.0382741
0.0162832
0.00436307
0.00231892
0.00937864
0.0236072
0.0396681
0.0527277
0.0610938
0.0659127
0.0678811
0.0685507
0.0515915
0.16301
0.220552
0.230057
0.228527
0.200776
0.161278
0.119749
0.0815115
0.065959
0.073036
0.0877586
0.0973453
0.0972052
0.0908406
0.0776518
0.0585162
0.0365332
0.0164735
0.00501878
0.00512217
0.017045
0.0380265
0.0636875
0.092247
0.123974
0.150677
0.154991
0.135566
0.105591
0.0817863
0.0864646
0.108316
0.0815025
0.0727855
0.116222
0.127652
0.0985846
0.0583678
0.0329175
0.0253245
0.0254932
0.029863
0.0361178
0.0417877
0.0454718
0.0465056
0.0447444
0.0405969
0.034929
0.0288895
0.0235938
0.0195205
0.0163832
0.0137238
0.0115188
0.00967586
0.00749266
0.00618346
0.0146243
0.0456518
0.0960444
0.156604
0.235032
0.293176
0.274687
0.258001
0.304644
0.389714
0.480186
0.540781
0.563621
0.559823
0.533622
0.49404
0.4307
0.316013
0.182266
0.0877797
0.0555492
0.066368
0.0898087
0.107002
0.114498
0.116567
0.116548
0.112441
0.100382
0.0830604
0.0672253
0.0576783
0.0585874
0.0671503
0.0722647
0.0719416
0.0688231
0.0654018
0.0618656
0.056966
0.0501503
0.0343804
0.194058
0.24229
0.239638
0.210993
0.162058
0.113761
0.0826396
0.0770029
0.0949548
0.117565
0.130095
0.132283
0.130495
0.126402
0.116904
0.0977524
0.0691538
0.0380725
0.014244
0.00238114
0.00190011
0.0121909
0.0309911
0.0530265
0.0755857
0.101864
0.129203
0.138974
0.124188
0.0973586
0.0882538
0.101648
0.0808713
0.0845576
0.129676
0.131339
0.0929138
0.0505316
0.0355503
0.0375716
0.0432489
0.052826
0.0638812
0.0743611
0.0827773
0.0880646
0.0893916
0.0863738
0.0792876
0.0691666
0.0579675
0.0478389
0.0399377
0.0338541
0.0284798
0.0229757
0.0165935
0.00959576
0.0082277
0.0289694
0.0827701
0.160095
0.249306
0.305109
0.288318
0.288559
0.36166
0.468962
0.559235
0.606045
0.622708
0.610674
0.572557
0.529237
0.490072
0.407653
0.269649
0.135713
0.0638518
0.0568082
0.0824544
0.109794
0.123529
0.123214
0.116301
0.109537
0.104839
0.100687
0.0953107
0.0895255
0.0838862
0.0784784
0.0688683
0.0563262
0.0491055
0.0499265
0.0517836
0.0505942
0.0455286
0.0348079
0.191327
0.237599
0.222552
0.180869
0.127783
0.0890259
0.0798472
0.0973583
0.122955
0.13614
0.135737
0.133039
0.130363
0.128612
0.127846
0.117596
0.0903942
0.0535123
0.0224122
0.00609687
0.00183623
0.00479233
0.0153637
0.0334601
0.054234
0.0742261
0.0959693
0.116751
0.12131
0.105307
0.0927451
0.0988637
0.0825093
0.091698
0.136857
0.137189
0.0939268
0.0526839
0.0482132
0.0540851
0.0603451
0.0699126
0.0800003
0.0905368
0.101098
0.110527
0.11725
0.119657
0.116734
0.108292
0.0953357
0.0804528
0.0670401
0.057208
0.0503098
0.0439998
0.0359349
0.0247981
0.013258
0.0168687
0.0620694
0.151582
0.254497
0.31289
0.301239
0.312728
0.400839
0.518303
0.601113
0.646022
0.670535
0.65048
0.595243
0.539472
0.503793
0.45011
0.330597
0.18248
0.081118
0.0533675
0.0738916
0.106941
0.130585
0.138269
0.133268
0.123121
0.114572
0.110598
0.110675
0.112002
0.109174
0.100362
0.0964837
0.0946389
0.0872618
0.0739332
0.0578716
0.0459789
0.0411592
0.0432966
0.181776
0.22424
0.202154
0.157914
0.109146
0.0820943
0.0878724
0.11416
0.136152
0.14031
0.138539
0.13996
0.131682
0.123699
0.124898
0.121941
0.0989028
0.0605219
0.0252039
0.00654092
0.00376052
0.00728116
0.0125401
0.023058
0.040122
0.0589553
0.0775893
0.0969042
0.109685
0.105193
0.0957233
0.0981152
0.0848625
0.094724
0.1397
0.145835
0.100254
0.0603391
0.0647287
0.0723467
0.0778607
0.0846447
0.0902337
0.0958438
0.103214
0.112958
0.123533
0.132032
0.135712
0.133214
0.124159
0.109439
0.0922041
0.077264
0.0676425
0.0620536
0.0562368
0.045896
0.0292228
0.0157657
0.0402368
0.129669
0.246909
0.315277
0.312026
0.328611
0.422303
0.540661
0.618966
0.670633
0.696771
0.673995
0.607229
0.538718
0.503462
0.465728
0.36398
0.214905
0.0970976
0.0539269
0.0679409
0.101561
0.12947
0.143336
0.144645
0.138483
0.130453
0.124406
0.120563
0.115821
0.107112
0.0957025
0.0885657
0.0836044
0.0785998
0.0768908
0.0764966
0.0733255
0.0675148
0.0610635
0.169237
0.21104
0.187854
0.14612
0.102763
0.0818196
0.0930828
0.121033
0.140644
0.143628
0.146962
0.148179
0.13552
0.122176
0.122124
0.120772
0.0977855
0.0582307
0.0228281
0.00513041
0.00455466
0.0112985
0.0165591
0.0214888
0.0326726
0.0491917
0.0650736
0.0814934
0.097318
0.101617
0.0972023
0.0983061
0.0873367
0.095032
0.139032
0.154685
0.111275
0.0702416
0.0828614
0.0939443
0.101725
0.109049
0.112057
0.110312
0.10743
0.109622
0.118579
0.130531
0.140047
0.143656
0.140483
0.130327
0.11397
0.0953094
0.0805146
0.0729844
0.0699873
0.0647606
0.0504155
0.0272671
0.0261638
0.0992053
0.22612
0.311324
0.319866
0.337677
0.427724
0.542816
0.62374
0.678079
0.701508
0.675782
0.603586
0.529487
0.49634
0.468352
0.377218
0.23074
0.106344
0.0550713
0.0648569
0.0978463
0.126704
0.142457
0.146878
0.144551
0.139435
0.133622
0.125883
0.112312
0.092194
0.0740258
0.0712112
0.0732486
0.0691842
0.0667326
0.0713754
0.0784077
0.0828769
0.0727489
0.145787
0.200702
0.180848
0.142508
0.103795
0.0839303
0.0923447
0.116866
0.136621
0.144868
0.149785
0.145032
0.128073
0.11712
0.121009
0.117914
0.0898026
0.0485892
0.0163722
0.00332131
0.00611155
0.0155959
0.0226786
0.0250724
0.0300136
0.043313
0.059038
0.0721967
0.0865207
0.0963582
0.0976781
0.0991699
0.0898699
0.0939963
0.135505
0.16159
0.125328
0.0802175
0.100958
0.1197
0.136829
0.152846
0.158322
0.149437
0.130894
0.115385
0.113806
0.123849
0.137108
0.145805
0.14747
0.142297
0.130211
0.112101
0.0929726
0.0800886
0.0761385
0.0759136
0.0691655
0.0467291
0.0252123
0.0685483
0.193417
0.29927
0.325102
0.342674
0.42239
0.531677
0.616608
0.671184
0.690358
0.660281
0.586225
0.513985
0.485703
0.461485
0.373584
0.230344
0.107017
0.0548658
0.0635422
0.0959293
0.124499
0.140187
0.145099
0.144033
0.140413
0.134755
0.12335
0.10081
0.0711174
0.0539222
0.0619945
0.0742111
0.0741706
0.0681593
0.0671004
0.0711819
0.0765033
0.0661092
0.111068
0.187392
0.179418
0.145271
0.109552
0.0878937
0.0884852
0.104924
0.122524
0.133947
0.137376
0.127428
0.113187
0.113152
0.121806
0.111202
0.0749806
0.0343436
0.00898731
0.00273269
0.00914475
0.0204301
0.0292824
0.0314333
0.0315693
0.0393022
0.0546521
0.0679564
0.0791171
0.0902281
0.0966518
0.100396
0.0926805
0.0927187
0.129964
0.165254
0.140434
0.0896817
0.116992
0.147759
0.181389
0.213479
0.226785
0.211834
0.176864
0.138039
0.116699
0.117795
0.131233
0.144094
0.149849
0.148215
0.140304
0.125804
0.10613
0.0879348
0.078851
0.0793656
0.0803972
0.0666348
0.0366886
0.0466457
0.153341
0.276859
0.325786
0.345378
0.41126
0.511569
0.597714
0.651719
0.666056
0.631852
0.559891
0.495302
0.473497
0.447327
0.356535
0.216873
0.100479
0.0532238
0.0634288
0.0953314
0.122907
0.137863
0.14251
0.141581
0.138184
0.132128
0.118121
0.0893191
0.0544424
0.0439087
0.0602629
0.0787576
0.0842172
0.0785493
0.0715325
0.0662332
0.0633942
0.0503065
0.0778589
0.166933
0.178025
0.1529
0.120258
0.0959023
0.0873674
0.0925233
0.1029
0.111245
0.111337
0.104205
0.103967
0.117296
0.121827
0.0965655
0.0539809
0.0192566
0.00401917
0.00472843
0.0137653
0.0258892
0.0359698
0.0387895
0.0360681
0.0379392
0.0504258
0.065414
0.0753778
0.084662
0.0938244
0.100903
0.0956656
0.0919777
0.123407
0.165312
0.154612
0.100451
0.127779
0.174583
0.227404
0.27997
0.304037
0.283795
0.232878
0.173836
0.129397
0.115768
0.124991
0.140354
0.150046
0.151214
0.145982
0.13527
0.118214
0.0977896
0.0825371
0.079001
0.0836534
0.0808821
0.0547152
0.0384915
0.113114
0.243742
0.319018
0.34628
0.39828
0.486328
0.569363
0.621267
0.630508
0.594992
0.529741
0.476362
0.459673
0.426031
0.328929
0.194414
0.0895378
0.0510413
0.0643165
0.0956359
0.121672
0.135536
0.139791
0.138937
0.135656
0.129583
0.115623
0.0857977
0.0478574
0.038244
0.0561869
0.0760221
0.0849712
0.0835751
0.0782274
0.0691798
0.0597069
0.0416676
0.0544142
0.140246
0.170601
0.160813
0.135274
0.110508
0.0949567
0.0897034
0.0909102
0.0931687
0.093282
0.0973714
0.112602
0.126065
0.111916
0.071609
0.0308106
0.00807386
0.00371096
0.00943217
0.0196473
0.0320416
0.0428859
0.046429
0.0419738
0.0387839
0.0468175
0.0625627
0.0739747
0.0810129
0.0899494
0.0998811
0.0982685
0.0921238
0.116803
0.162152
0.166294
0.112836
0.133553
0.194929
0.265958
0.338513
0.372308
0.347414
0.284107
0.210675
0.148533
0.118387
0.12004
0.135759
0.14892
0.152849
0.149311
0.141145
0.127627
0.108226
0.0888021
0.0789445
0.0819636
0.087278
0.0722368
0.0433696
0.0804017
0.202665
0.302224
0.344162
0.386327
0.459734
0.535639
0.583431
0.588398
0.555541
0.499241
0.458444
0.442981
0.397208
0.293329
0.16691
0.0770288
0.0493114
0.0660746
0.0964681
0.120605
0.133192
0.136966
0.136209
0.1333
0.127577
0.114613
0.0877704
0.052684
0.0417559
0.060753
0.0810804
0.0880233
0.0841334
0.078158
0.0692525
0.0591028
0.0390262
0.0671847
0.120999
0.154876
0.160962
0.148561
0.129593
0.112748
0.101937
0.0971974
0.0963266
0.10108
0.115038
0.129933
0.122194
0.085195
0.041063
0.0124846
0.0043033
0.00804261
0.0160274
0.0265433
0.0390855
0.0502065
0.0539812
0.0482475
0.0409503
0.0441595
0.0590452
0.0731061
0.0795529
0.0863437
0.0974236
0.0998633
0.0930484
0.110908
0.156613
0.174547
0.126406
0.13574
0.205522
0.290649
0.376916
0.415071
0.386521
0.319095
0.239335
0.167535
0.123999
0.116878
0.131192
0.147006
0.153678
0.15152
0.144726
0.134138
0.117525
0.0968667
0.0812519
0.0790895
0.0872246
0.0844304
0.0561725
0.0603277
0.159142
0.274596
0.336484
0.376144
0.434975
0.500826
0.54326
0.547425
0.51864
0.471066
0.441544
0.421479
0.360973
0.252797
0.138198
0.0653894
0.0487365
0.0684886
0.0975082
0.119602
0.130924
0.134154
0.133273
0.130652
0.125503
0.113559
0.0898298
0.0596148
0.0490639
0.0671918
0.0842708
0.0868658
0.0794792
0.0721587
0.0638889
0.0548979
0.0357514
0.0743955
0.114414
0.13941
0.153037
0.154363
0.147054
0.136523
0.127365
0.122297
0.122049
0.12747
0.135975
0.128487
0.0930299
0.0478041
0.0156464
0.00470773
0.00786376
0.0152704
0.0237998
0.0345621
0.0471728
0.0578961
0.0611286
0.054185
0.0436448
0.0423725
0.0552644
0.0716859
0.0795617
0.0839923
0.094242
0.100144
0.0943431
0.106145
0.149685
0.179128
0.140313
0.136492
0.205856
0.300006
0.39047
0.426657
0.39752
0.332517
0.255632
0.181651
0.130191
0.115175
0.127089
0.14473
0.153965
0.153148
0.147044
0.138352
0.124849
0.105268
0.0859623
0.0775446
0.0837482
0.0899003
0.0706846
0.0536717
0.119679
0.23794
0.320711
0.366176
0.413529
0.468211
0.505105
0.51079
0.484866
0.445924
0.423989
0.393357
0.318577
0.21084
0.111538
0.0562494
0.0495497
0.0712383
0.0984799
0.118574
0.128783
0.131522
0.130263
0.12726
0.121981
0.110418
0.088646
0.0626803
0.0562387
0.0740797
0.0876043
0.0855785
0.0743366
0.0648732
0.0563343
0.0481246
0.0312013
0.0425733
0.0749504
0.0950355
0.112503
0.125421
0.132299
0.133968
0.132434
0.130302
0.133048
0.136839
0.126526
0.0920494
0.0483316
0.0160552
0.00421433
0.00747725
0.0156674
0.0238649
0.032751
0.0438886
0.0561448
0.0656611
0.0676051
0.0594016
0.0463638
0.0412267
0.0515991
0.0694858
0.080046
0.083171
0.091231
0.0992412
0.095533
0.102612
0.142258
0.180228
0.153424
0.138061
0.198191
0.294241
0.382381
0.415345
0.386853
0.327451
0.259258
0.189555
0.135108
0.114222
0.123527
0.142368
0.153895
0.15442
0.148706
0.141026
0.130166
0.112908
0.0921677
0.0782218
0.0796271
0.0898517
0.0823185
0.0573991
0.0897592
0.196537
0.295442
0.353177
0.395575
0.439659
0.471134
0.476406
0.45323
0.424079
0.403161
0.357861
0.272616
0.17099
0.0892304
0.0503103
0.0515529
0.0739711
0.0991987
0.117479
0.126775
0.129128
0.127439
0.123509
0.116823
0.104242
0.0835269
0.0621758
0.0606707
0.0776867
0.0877476
0.0826922
0.0694153
0.0585561
0.0493735
0.041204
0.0263543
)
;

boundaryField
{
    outlet
    {
        type            zeroGradient;
    }
    inlet
    {
        type            fixedValue;
        value           uniform 0.2;
    }
    lowerWall
    {
        type            fixedValue;
        value           uniform 0;
    }
    upperWall
    {
        type            fixedValue;
        value           uniform 0;
    }
    frontAndBack
    {
        type            empty;
    }
}


// ************************************************************************* //
