/*--------------------------------*- C++ -*----------------------------------*\
  =========                 |
  \\      /  F ield         | OpenFOAM: The Open Source CFD Toolbox
   \\    /   O peration     | Website:  https://openfoam.org
    \\  /    A nd           | Version:  10
     \\/     M anipulation  |
\*---------------------------------------------------------------------------*/
FoamFile
{
    format      ascii;
    class       volScalarField;
    location    "0.055";
    object      nut;
}
// * * * * * * * * * * * * * * * * * * * * * * * * * * * * * * * * * * * * * //

dimensions      [0 2 -1 0 0 0 0];

internalField   nonuniform List<scalar> 
6820
(
0.000503209
0.000397074
0.000324506
0.000269353
0.000236472
0.000214069
0.000197432
0.000184693
0.000174388
0.000165724
0.000158253
0.00015168
0.00014581
0.000140505
0.000135664
0.000131211
0.000127088
0.000123249
0.000119658
0.000116285
0.000113105
0.000110098
0.000107245
0.000104529
0.000101935
9.94491e-05
9.70525e-05
9.47326e-05
9.24532e-05
9.02297e-05
8.79265e-05
8.56408e-05
8.28473e-05
8.18507e-05
0.000143723
0.000196415
0.000210833
0.00020641
0.000197552
0.000187294
0.000177393
0.000168437
0.000160409
0.000153209
0.000146717
0.000140827
0.000135447
0.000130506
0.000125945
0.000121713
0.000117769
0.000114079
0.000110613
0.000107347
0.000104259
0.000101333
9.85529e-05
9.59064e-05
9.3383e-05
9.09756e-05
8.86756e-05
8.64961e-05
8.44085e-05
8.25774e-05
8.07453e-05
8.04826e-05
3.85904e-05
2.73945e-05
4.30435e-05
7.44595e-05
9.58678e-05
0.000109232
0.000116485
0.00011979
0.000120727
0.000120196
0.000118757
0.000116762
0.000114428
0.000111903
0.000109277
0.000106612
0.000103948
0.000101313
9.87228e-05
9.61901e-05
9.37215e-05
9.13213e-05
8.89916e-05
8.67336e-05
8.45482e-05
8.24366e-05
8.04006e-05
7.84463e-05
7.65811e-05
7.4832e-05
7.32217e-05
7.18438e-05
7.08342e-05
1.99675e-05
2.35297e-05
2.20727e-05
1.27933e-05
2.91835e-06
1.2412e-05
2.29341e-05
3.15923e-05
3.85701e-05
4.412e-05
4.84828e-05
5.18721e-05
5.44612e-05
5.63878e-05
5.77712e-05
5.87092e-05
5.92817e-05
5.95543e-05
5.9581e-05
5.94066e-05
5.90678e-05
5.85953e-05
5.8015e-05
5.73488e-05
5.66162e-05
5.58347e-05
5.50214e-05
5.41944e-05
5.3375e-05
5.25888e-05
5.18711e-05
5.12585e-05
5.07948e-05
1.32443e-05
1.50855e-05
1.99352e-05
2.2029e-05
2.14763e-05
1.95315e-05
1.69031e-05
1.39576e-05
1.09111e-05
7.89211e-06
4.98454e-06
2.26445e-06
6.99233e-07
2.80756e-06
4.92542e-06
6.84705e-06
8.56785e-06
1.00957e-05
1.14423e-05
1.26206e-05
1.36443e-05
1.45268e-05
1.52818e-05
1.59226e-05
1.64623e-05
1.69148e-05
1.72941e-05
1.76163e-05
1.78979e-05
1.81602e-05
1.84165e-05
1.86873e-05
1.89256e-05
1.01903e-05
1.10263e-05
1.18545e-05
1.26557e-05
1.32911e-05
1.38341e-05
1.42299e-05
1.44441e-05
1.44889e-05
1.43862e-05
1.41575e-05
1.38258e-05
1.34123e-05
1.29315e-05
1.24023e-05
1.18404e-05
1.12593e-05
1.06702e-05
1.00823e-05
9.50262e-06
8.93666e-06
8.38823e-06
7.85981e-06
7.35261e-06
6.86664e-06
6.4009e-06
5.95298e-06
5.52089e-06
5.10044e-06
4.69785e-06
4.31459e-06
4.02066e-06
3.84336e-06
7.53421e-06
8.25866e-06
8.68762e-06
8.92432e-06
8.82276e-06
8.62128e-06
8.46334e-06
8.38001e-06
8.3646e-06
8.39247e-06
8.4366e-06
8.4783e-06
8.50811e-06
8.52394e-06
8.52261e-06
8.50281e-06
8.46474e-06
8.40936e-06
8.33796e-06
8.252e-06
8.15298e-06
8.04227e-06
7.92112e-06
7.79061e-06
7.6516e-06
7.505e-06
7.35154e-06
7.19362e-06
7.03362e-06
6.88399e-06
6.75412e-06
6.7013e-06
6.73946e-06
5.75094e-06
6.6209e-06
7.02358e-06
7.13769e-06
6.88771e-06
6.52872e-06
6.2019e-06
5.93176e-06
5.71676e-06
5.5477e-06
5.41247e-06
5.30143e-06
5.20745e-06
5.12527e-06
5.05143e-06
4.98353e-06
4.91959e-06
4.85795e-06
4.7973e-06
4.73664e-06
4.67518e-06
4.61235e-06
4.54767e-06
4.48089e-06
4.4119e-06
4.34114e-06
4.26952e-06
4.20006e-06
4.13709e-06
4.0931e-06
4.08028e-06
4.13831e-06
4.27949e-06
4.4761e-06
5.25871e-06
5.56261e-06
5.71901e-06
5.63924e-06
5.43359e-06
5.19288e-06
4.95156e-06
4.72904e-06
4.53328e-06
4.36263e-06
4.2128e-06
4.07985e-06
3.96053e-06
3.85227e-06
3.75296e-06
3.66094e-06
3.57495e-06
3.494e-06
3.41732e-06
3.34427e-06
3.27435e-06
3.2072e-06
3.14269e-06
3.081e-06
3.02294e-06
2.97012e-06
2.92613e-06
2.89615e-06
2.891e-06
2.9215e-06
3.011e-06
3.16911e-06
3.54625e-06
4.24916e-06
4.53825e-06
4.7051e-06
4.67363e-06
4.51536e-06
4.31826e-06
4.12125e-06
3.94094e-06
3.78204e-06
3.64208e-06
3.51729e-06
3.40471e-06
3.30201e-06
3.20742e-06
3.11966e-06
3.0378e-06
2.96111e-06
2.88898e-06
2.82092e-06
2.75657e-06
2.69568e-06
2.6382e-06
2.58433e-06
2.53465e-06
2.4904e-06
2.45359e-06
2.42781e-06
2.4179e-06
2.43182e-06
2.47716e-06
2.5654e-06
2.7031e-06
2.85512e-06
3.47175e-06
3.74234e-06
3.89745e-06
3.90192e-06
3.8008e-06
3.65838e-06
3.50504e-06
3.35539e-06
3.21673e-06
3.09072e-06
2.97671e-06
2.87352e-06
2.77981e-06
2.69431e-06
2.61589e-06
2.54362e-06
2.47671e-06
2.41452e-06
2.35659e-06
2.3026e-06
2.25242e-06
2.20613e-06
2.16409e-06
2.12705e-06
2.09635e-06
2.07398e-06
2.06299e-06
2.06722e-06
2.09184e-06
2.14145e-06
2.22029e-06
2.33349e-06
2.32795e-06
2.86401e-06
3.13211e-06
3.29192e-06
3.32875e-06
3.26646e-06
3.15461e-06
3.02392e-06
2.89161e-06
2.76697e-06
2.65299e-06
2.54973e-06
2.45633e-06
2.37169e-06
2.29466e-06
2.22428e-06
2.15975e-06
2.10042e-06
2.04581e-06
1.99556e-06
1.94946e-06
1.90749e-06
1.86979e-06
1.8368e-06
1.80929e-06
1.78845e-06
1.77597e-06
1.7741e-06
1.7854e-06
1.81273e-06
1.85835e-06
1.92239e-06
2.00919e-06
1.91611e-06
2.38381e-06
2.65285e-06
2.81589e-06
2.87278e-06
2.84054e-06
2.75861e-06
2.65474e-06
2.54465e-06
2.43701e-06
2.33558e-06
2.24158e-06
2.15524e-06
2.07628e-06
2.00419e-06
1.9384e-06
1.87837e-06
1.82363e-06
1.77377e-06
1.72851e-06
1.68768e-06
1.65126e-06
1.61942e-06
1.59257e-06
1.57132e-06
1.55661e-06
1.54962e-06
1.55177e-06
1.56449e-06
1.58897e-06
1.62599e-06
1.67359e-06
1.73567e-06
1.58683e-06
1.99914e-06
2.27056e-06
2.44079e-06
2.5164e-06
2.51054e-06
2.45348e-06
2.36988e-06
2.27521e-06
2.17893e-06
2.08605e-06
1.99889e-06
1.91833e-06
1.84453e-06
1.77719e-06
1.71591e-06
1.66024e-06
1.60977e-06
1.56417e-06
1.52317e-06
1.48666e-06
1.45461e-06
1.42717e-06
1.4046e-06
1.38735e-06
1.37603e-06
1.37132e-06
1.37393e-06
1.38441e-06
1.40286e-06
1.42916e-06
1.4605e-06
1.50043e-06
1.31766e-06
1.68762e-06
1.96207e-06
2.14087e-06
2.23147e-06
2.246e-06
2.20915e-06
2.14334e-06
2.06364e-06
1.97943e-06
1.89608e-06
1.81634e-06
1.74158e-06
1.67233e-06
1.60869e-06
1.55052e-06
1.4976e-06
1.44967e-06
1.4065e-06
1.36791e-06
1.33379e-06
1.30408e-06
1.27886e-06
1.25825e-06
1.24249e-06
1.23185e-06
1.22657e-06
1.22679e-06
1.23248e-06
1.24308e-06
1.25802e-06
1.27429e-06
1.29512e-06
1.09297e-06
1.43268e-06
1.71058e-06
1.89881e-06
2.00302e-06
2.03538e-06
2.01652e-06
1.96643e-06
1.89942e-06
1.82488e-06
1.74864e-06
1.6741e-06
1.60322e-06
1.53697e-06
1.47576e-06
1.41969e-06
1.36864e-06
1.32247e-06
1.28096e-06
1.24396e-06
1.2113e-06
1.18291e-06
1.15874e-06
1.13877e-06
1.12301e-06
1.11145e-06
1.104e-06
1.1004e-06
1.10024e-06
1.10262e-06
1.10679e-06
1.10989e-06
1.11474e-06
9.01673e-07
1.22224e-06
1.50447e-06
1.70238e-06
1.81889e-06
1.86633e-06
1.86264e-06
1.82591e-06
1.76992e-06
1.70408e-06
1.63452e-06
1.56505e-06
1.49794e-06
1.43448e-06
1.3753e-06
1.32069e-06
1.27069e-06
1.22524e-06
1.18422e-06
1.14748e-06
1.11487e-06
1.08627e-06
1.06152e-06
1.04051e-06
1.02305e-06
1.00893e-06
9.97814e-07
9.89223e-07
9.82523e-07
9.76698e-07
9.7095e-07
9.62742e-07
9.54434e-07
7.35807e-07
1.04764e-06
1.3354e-06
1.54283e-06
1.67068e-06
1.73139e-06
1.74114e-06
1.71641e-06
1.67033e-06
1.61219e-06
1.54832e-06
1.48285e-06
1.41845e-06
1.3567e-06
1.29854e-06
1.24442e-06
1.19456e-06
1.14897e-06
1.10759e-06
1.07029e-06
1.03689e-06
1.00722e-06
9.81047e-07
9.5813e-07
9.38168e-07
9.20783e-07
9.05501e-07
8.91706e-07
8.78673e-07
8.65383e-07
8.51067e-07
8.33549e-07
8.1476e-07
5.89809e-07
9.02988e-07
1.19764e-06
1.41413e-06
1.55239e-06
1.62477e-06
1.64624e-06
1.63193e-06
1.59436e-06
1.54277e-06
1.48364e-06
1.42141e-06
1.35901e-06
1.29833e-06
1.24048e-06
1.18611e-06
1.13554e-06
1.0889e-06
1.04616e-06
1.00722e-06
9.71916e-07
9.40029e-07
9.11298e-07
8.8541e-07
8.61988e-07
8.40579e-07
8.20642e-07
8.01518e-07
7.82478e-07
7.62576e-07
7.41104e-07
7.16284e-07
6.89545e-07
4.60309e-07
7.84876e-07
1.08743e-06
1.31226e-06
1.45996e-06
1.54272e-06
1.5746e-06
1.56966e-06
1.53986e-06
1.49427e-06
1.4395e-06
1.3802e-06
1.31953e-06
1.25961e-06
1.20174e-06
1.14676e-06
1.0951e-06
1.04698e-06
1.00243e-06
9.61386e-07
9.23684e-07
8.89101e-07
8.57353e-07
8.28094e-07
8.00914e-07
7.75333e-07
7.50799e-07
7.26672e-07
7.02267e-07
6.76746e-07
6.49487e-07
6.19045e-07
5.8649e-07
3.46934e-07
6.92246e-07
1.00264e-06
1.23463e-06
1.39061e-06
1.4824e-06
1.52326e-06
1.5263e-06
1.50292e-06
1.46205e-06
1.41037e-06
1.35271e-06
1.29249e-06
1.23204e-06
1.17291e-06
1.11606e-06
1.06208e-06
1.01128e-06
9.63764e-07
9.1951e-07
8.78389e-07
8.40192e-07
8.0464e-07
7.71395e-07
7.40057e-07
7.10165e-07
6.81204e-07
6.52597e-07
6.2374e-07
5.93931e-07
5.62641e-07
5.28782e-07
4.93006e-07
2.55583e-07
6.26329e-07
9.42496e-07
1.18006e-06
1.34315e-06
1.44299e-06
1.49203e-06
1.50255e-06
1.48544e-06
1.44945e-06
1.40127e-06
1.34585e-06
1.28675e-06
1.22648e-06
1.16672e-06
1.10857e-06
1.05273e-06
9.99586e-07
9.49327e-07
9.01983e-07
8.57473e-07
8.1563e-07
7.76218e-07
7.3894e-07
7.03447e-07
6.69344e-07
6.36194e-07
6.03519e-07
5.70837e-07
5.37604e-07
5.03421e-07
4.67504e-07
4.30374e-07
2.06037e-07
5.89995e-07
9.07128e-07
1.14791e-06
1.31638e-06
1.42254e-06
1.47787e-06
1.49385e-06
1.48085e-06
1.44746e-06
1.40041e-06
1.34484e-06
1.28451e-06
1.22212e-06
1.15958e-06
1.09815e-06
1.03865e-06
9.81586e-07
9.27222e-07
8.75653e-07
8.26849e-07
7.80692e-07
7.36994e-07
6.95515e-07
6.55971e-07
6.18046e-07
5.814e-07
5.45673e-07
5.10515e-07
4.75555e-07
4.40535e-07
4.05022e-07
3.69355e-07
2.24986e-07
5.86506e-07
8.97721e-07
1.13937e-06
1.31225e-06
1.42454e-06
1.48663e-06
1.50916e-06
1.50192e-06
1.47322e-06
1.42967e-06
1.37638e-06
1.3172e-06
1.25493e-06
1.19159e-06
1.12856e-06
1.0668e-06
1.0069e-06
9.49253e-07
8.94037e-07
8.41319e-07
7.91072e-07
7.43202e-07
6.97566e-07
6.53988e-07
6.12272e-07
5.72212e-07
5.33602e-07
4.96261e-07
4.60021e-07
4.24823e-07
3.90551e-07
3.57664e-07
3.0374e-07
6.17308e-07
9.14957e-07
1.15389e-06
1.32815e-06
1.44318e-06
1.50797e-06
1.53238e-06
1.52587e-06
1.49668e-06
1.45154e-06
1.39578e-06
1.33343e-06
1.2675e-06
1.20015e-06
1.13291e-06
1.06681e-06
1.00254e-06
9.4052e-07
8.80988e-07
8.24057e-07
7.69752e-07
7.18037e-07
6.6884e-07
6.22072e-07
5.77636e-07
5.35442e-07
4.95419e-07
4.57527e-07
4.21772e-07
3.88237e-07
3.57068e-07
3.28617e-07
4.16481e-07
6.82017e-07
9.61601e-07
1.197e-06
1.37418e-06
1.49533e-06
1.56768e-06
1.59994e-06
1.60067e-06
1.57755e-06
1.53702e-06
1.48429e-06
1.42345e-06
1.35763e-06
1.28917e-06
1.21981e-06
1.15078e-06
1.08296e-06
1.01694e-06
9.53115e-07
8.91741e-07
8.32964e-07
7.76868e-07
7.23494e-07
6.72867e-07
6.25005e-07
5.79938e-07
5.37715e-07
4.9842e-07
4.62171e-07
4.29144e-07
3.99562e-07
3.73655e-07
5.5194e-07
7.78583e-07
1.03643e-06
1.26282e-06
1.43539e-06
1.55284e-06
1.62122e-06
1.64899e-06
1.64488e-06
1.6168e-06
1.5714e-06
1.51402e-06
1.44881e-06
1.37891e-06
1.30664e-06
1.23368e-06
1.16123e-06
1.09014e-06
1.02098e-06
9.54155e-07
8.89938e-07
8.28512e-07
7.70005e-07
7.14519e-07
6.6214e-07
6.1296e-07
5.67076e-07
5.24604e-07
4.8568e-07
4.5046e-07
4.19107e-07
3.91857e-07
3.68623e-07
7.08819e-07
9.07823e-07
1.14845e-06
1.37337e-06
1.55384e-06
1.684e-06
1.76669e-06
1.80808e-06
1.8154e-06
1.7958e-06
1.75575e-06
1.70078e-06
1.63544e-06
1.56337e-06
1.48737e-06
1.40956e-06
1.33153e-06
1.25442e-06
1.17906e-06
1.10603e-06
1.03572e-06
9.68432e-07
9.04358e-07
8.43654e-07
7.86446e-07
7.32843e-07
6.8295e-07
6.3687e-07
5.94701e-07
5.56527e-07
5.22407e-07
4.92428e-07
4.66238e-07
8.90738e-07
1.06949e-06
1.28703e-06
1.49291e-06
1.65472e-06
1.76608e-06
1.83122e-06
1.8578e-06
1.8538e-06
1.82633e-06
1.78137e-06
1.72378e-06
1.6574e-06
1.58523e-06
1.5096e-06
1.43229e-06
1.35467e-06
1.27778e-06
1.2024e-06
1.12914e-06
1.05844e-06
9.90647e-07
9.26034e-07
8.64805e-07
8.07125e-07
7.53131e-07
7.02933e-07
6.56619e-07
6.14254e-07
5.75879e-07
5.41479e-07
5.11156e-07
4.84184e-07
1.10399e-06
1.27411e-06
1.49107e-06
1.71764e-06
1.91323e-06
2.0605e-06
2.15634e-06
2.20501e-06
2.21383e-06
2.19086e-06
2.14383e-06
2.07943e-06
2.00315e-06
1.91932e-06
1.83122e-06
1.74132e-06
1.65138e-06
1.56268e-06
1.47611e-06
1.3923e-06
1.31166e-06
1.23449e-06
1.16099e-06
1.09129e-06
1.02549e-06
9.63637e-07
9.05761e-07
8.51865e-07
8.01923e-07
7.55865e-07
7.13575e-07
6.74982e-07
6.39302e-07
1.35981e-06
1.51879e-06
1.69492e-06
1.86444e-06
1.99981e-06
2.09593e-06
2.15648e-06
2.18664e-06
2.19085e-06
2.173e-06
2.13679e-06
2.08573e-06
2.02308e-06
1.9518e-06
1.8745e-06
1.7934e-06
1.71036e-06
1.62689e-06
1.54416e-06
1.46311e-06
1.38441e-06
1.30857e-06
1.23592e-06
1.16672e-06
1.1011e-06
1.03915e-06
9.80874e-07
9.26268e-07
8.75285e-07
8.27865e-07
7.83883e-07
7.43458e-07
7.0529e-07
1.67054e-06
1.85018e-06
2.08973e-06
2.3674e-06
2.61075e-06
2.78283e-06
2.88129e-06
2.91778e-06
2.90617e-06
2.85943e-06
2.78843e-06
2.70149e-06
2.60466e-06
2.50222e-06
2.39713e-06
2.29142e-06
2.18648e-06
2.08328e-06
1.98248e-06
1.88458e-06
1.78991e-06
1.69872e-06
1.61116e-06
1.52733e-06
1.44728e-06
1.37102e-06
1.29852e-06
1.22971e-06
1.16452e-06
1.10284e-06
1.04453e-06
9.89511e-07
9.36842e-07
2.06658e-06
2.20426e-06
2.28246e-06
2.3648e-06
2.46077e-06
2.56243e-06
2.65725e-06
2.73317e-06
2.78171e-06
2.79952e-06
2.78766e-06
2.74982e-06
2.69079e-06
2.61554e-06
2.52865e-06
2.43403e-06
2.33485e-06
2.2336e-06
2.13216e-06
2.03189e-06
1.93378e-06
1.83847e-06
1.74638e-06
1.65774e-06
1.57267e-06
1.49116e-06
1.41316e-06
1.33862e-06
1.26744e-06
1.19962e-06
1.13509e-06
1.07426e-06
1.01533e-06
2.56784e-06
2.87775e-06
3.30081e-06
3.72545e-06
4.00795e-06
4.13637e-06
4.15712e-06
4.11071e-06
4.02339e-06
3.91219e-06
3.78722e-06
3.65391e-06
3.51537e-06
3.37364e-06
3.23032e-06
3.08682e-06
2.94444e-06
2.8044e-06
2.66775e-06
2.53533e-06
2.4078e-06
2.28562e-06
2.16904e-06
2.05815e-06
1.95292e-06
1.85318e-06
1.75871e-06
1.66921e-06
1.58442e-06
1.50408e-06
1.42803e-06
1.35645e-06
1.28822e-06
3.27159e-06
3.18506e-06
2.91931e-06
2.88389e-06
3.07787e-06
3.35487e-06
3.60862e-06
3.79147e-06
3.8931e-06
3.92495e-06
3.90671e-06
3.85766e-06
3.79336e-06
3.72483e-06
3.6589e-06
3.59909e-06
3.54659e-06
3.50115e-06
3.46181e-06
3.42728e-06
3.39628e-06
3.36763e-06
3.34033e-06
3.31356e-06
3.28665e-06
3.25906e-06
3.23036e-06
3.20022e-06
3.16846e-06
3.13511e-06
3.10037e-06
3.06597e-06
3.02953e-06
4.30785e-06
5.53852e-06
6.29915e-06
6.54954e-06
6.45104e-06
6.23595e-06
6.09449e-06
6.11001e-06
6.28902e-06
6.5927e-06
6.96754e-06
7.36627e-06
7.75451e-06
8.11013e-06
8.42081e-06
8.68125e-06
8.89074e-06
9.05136e-06
9.16676e-06
9.24136e-06
9.27978e-06
9.28654e-06
9.26586e-06
9.22154e-06
9.15691e-06
9.07476e-06
8.97747e-06
8.86676e-06
8.74427e-06
8.61068e-06
8.46795e-06
8.31706e-06
8.16085e-06
5.63418e-06
3.57994e-06
2.76313e-06
4.62669e-06
7.34628e-06
9.91465e-06
1.20959e-05
1.38255e-05
1.51159e-05
1.60088e-05
1.65518e-05
1.67937e-05
1.67827e-05
1.65647e-05
1.6181e-05
1.56686e-05
1.50595e-05
1.43811e-05
1.3656e-05
1.29028e-05
1.21365e-05
1.13686e-05
1.0608e-05
9.86146e-06
9.13351e-06
8.42712e-06
7.74395e-06
7.08398e-06
6.44709e-06
5.82928e-06
5.23297e-06
4.64384e-06
4.0813e-06
1.14378e-05
1.65118e-05
1.82746e-05
1.97808e-05
2.02441e-05
1.94869e-05
1.77312e-05
1.5252e-05
1.24068e-05
9.74086e-06
8.15458e-06
8.5821e-06
1.07358e-05
1.36424e-05
1.67169e-05
1.97055e-05
2.24992e-05
2.50527e-05
2.73513e-05
2.93966e-05
3.11989e-05
3.27731e-05
3.41363e-05
3.53062e-05
3.63006e-05
3.71363e-05
3.78297e-05
3.83963e-05
3.8852e-05
3.92126e-05
3.94991e-05
3.9731e-05
3.99591e-05
2.4885e-05
2.86578e-05
3.90102e-05
5.34555e-05
6.77239e-05
8.16519e-05
9.45034e-05
0.000105672
0.000115113
0.000122901
0.000129143
0.000133996
0.000137628
0.000140204
0.000141877
0.000142786
0.000143053
0.000142787
0.000142079
0.00014101
0.000139646
0.000138045
0.000136254
0.000134314
0.000132257
0.000130111
0.000127898
0.000125634
0.000123337
0.000121008
0.000118667
0.000116319
0.000114184
0.000543321
0.000510569
0.000491583
0.00046787
0.000443818
0.000421447
0.000399917
0.000379295
0.000359851
0.000341604
0.00032454
0.000308645
0.000293878
0.000280174
0.000267463
0.000255673
0.000244727
0.000234553
0.000225081
0.000216246
0.000207986
0.000200247
0.000192979
0.000186136
0.000179678
0.000173568
0.00016777
0.000162259
0.000156987
0.00015196
0.000147007
0.000142697
0.000138709
7.55894e-05
6.11792e-05
4.56385e-05
3.70797e-05
4.12022e-05
5.13907e-05
6.11948e-05
6.97512e-05
7.81485e-05
8.70273e-05
9.47488e-05
0.000100764
9.49868e-05
7.18362e-05
5.79306e-05
5.13083e-05
4.34417e-05
3.59927e-05
3.03895e-05
2.67181e-05
2.43441e-05
2.23167e-05
1.98575e-05
1.66051e-05
1.25829e-05
8.33774e-06
4.09301e-06
2.5301e-06
9.03576e-06
1.18522e-05
1.12329e-05
1.35201e-05
1.76341e-05
2.42114e-05
2.84875e-05
2.77672e-05
2.44069e-05
2.10313e-05
1.83582e-05
1.61925e-05
1.43483e-05
1.27536e-05
1.13706e-05
1.01634e-05
9.09968e-06
8.15483e-06
7.31153e-06
6.5567e-06
5.87945e-06
5.27028e-06
4.72105e-06
4.22505e-06
3.77688e-06
3.37218e-06
3.0073e-06
2.67898e-06
2.38426e-06
2.12057e-06
1.88565e-06
1.6771e-06
1.49169e-06
1.32551e-06
1.17541e-06
1.04149e-06
9.28055e-07
8.40458e-07
7.7915e-07
7.37246e-07
7.05182e-07
6.76221e-07
6.47192e-07
6.16588e-07
5.84024e-07
5.50723e-07
5.18912e-07
4.90054e-07
4.6359e-07
4.3729e-07
4.08849e-07
3.77404e-07
3.43986e-07
3.10796e-07
2.80027e-07
2.53007e-07
2.29998e-07
2.10564e-07
1.94065e-07
1.79814e-07
1.67951e-07
1.57566e-07
1.48962e-07
1.41789e-07
1.35908e-07
1.30971e-07
1.27176e-07
1.23675e-07
1.21872e-07
1.18989e-07
1.19563e-07
1.14645e-07
0.000103838
8.97524e-05
7.36132e-05
6.58877e-05
6.67157e-05
7.12801e-05
7.48906e-05
7.67062e-05
7.87056e-05
8.2288e-05
8.70024e-05
9.12714e-05
9.65809e-05
8.9528e-05
6.61636e-05
5.08727e-05
4.42202e-05
3.70772e-05
3.04374e-05
2.59887e-05
2.33265e-05
2.12573e-05
1.88676e-05
1.57571e-05
1.20219e-05
7.80865e-06
2.1006e-06
5.63885e-06
1.08534e-05
9.92678e-06
1.05215e-05
1.39309e-05
2.00835e-05
2.7207e-05
2.95196e-05
2.72617e-05
2.36626e-05
2.05586e-05
1.81063e-05
1.6067e-05
1.43074e-05
1.27739e-05
1.14314e-05
1.02473e-05
9.19526e-06
8.25576e-06
7.41421e-06
6.65862e-06
5.97857e-06
5.36499e-06
4.81021e-06
4.30795e-06
3.85311e-06
3.44156e-06
3.06973e-06
2.73443e-06
2.43275e-06
2.16221e-06
1.9207e-06
1.70604e-06
1.51528e-06
1.34469e-06
1.19113e-06
1.05464e-06
9.39684e-07
8.521e-07
7.92758e-07
7.54418e-07
7.26349e-07
7.00482e-07
6.72725e-07
6.41287e-07
6.06104e-07
5.69125e-07
5.33429e-07
5.01173e-07
4.72149e-07
4.44112e-07
4.14498e-07
3.82122e-07
3.47784e-07
3.1361e-07
2.81841e-07
2.53893e-07
2.30099e-07
2.10055e-07
1.93092e-07
1.7871e-07
1.66567e-07
1.55883e-07
1.47071e-07
1.39759e-07
1.33784e-07
1.28803e-07
1.2496e-07
1.21424e-07
1.19423e-07
1.16353e-07
1.16534e-07
1.11121e-07
9.47686e-05
9.22352e-05
8.48383e-05
7.96235e-05
7.71446e-05
7.52399e-05
7.21778e-05
6.853e-05
6.65023e-05
6.73623e-05
7.03307e-05
7.39075e-05
7.85611e-05
8.43354e-05
7.80419e-05
5.83371e-05
4.3469e-05
3.72769e-05
3.18323e-05
2.62356e-05
2.20321e-05
1.91976e-05
1.66847e-05
1.37078e-05
9.99683e-06
5.37696e-06
5.03142e-06
1.0043e-05
9.46433e-06
7.3953e-06
1.06394e-05
1.56116e-05
2.42926e-05
2.9932e-05
2.96917e-05
2.63422e-05
2.28495e-05
2.0086e-05
1.78608e-05
1.59535e-05
1.42782e-05
1.2801e-05
1.14944e-05
1.03319e-05
9.29236e-06
8.35971e-06
7.52105e-06
6.76524e-06
6.0825e-06
5.46438e-06
4.9038e-06
4.39496e-06
3.93311e-06
3.51436e-06
3.13529e-06
2.79282e-06
2.48409e-06
2.2067e-06
1.95862e-06
1.73782e-06
1.54153e-06
1.36603e-06
1.20806e-06
1.06747e-06
9.48886e-07
8.58946e-07
7.99488e-07
7.63425e-07
7.39054e-07
7.16892e-07
6.91667e-07
6.60958e-07
6.24688e-07
5.85338e-07
5.46811e-07
5.1205e-07
4.81313e-07
4.52428e-07
4.22597e-07
3.90304e-07
3.56087e-07
3.2196e-07
2.90175e-07
2.62213e-07
2.38453e-07
2.18494e-07
2.01627e-07
1.87222e-07
1.74699e-07
1.64461e-07
1.55671e-07
1.48382e-07
1.42437e-07
1.37542e-07
1.33746e-07
1.30418e-07
1.28298e-07
1.25771e-07
1.25205e-07
1.20716e-07
6.74505e-05
6.66426e-05
6.30021e-05
5.91162e-05
5.56189e-05
5.16978e-05
4.69818e-05
4.27008e-05
4.08664e-05
4.187e-05
4.44637e-05
4.8192e-05
5.29468e-05
6.03525e-05
6.78486e-05
6.51682e-05
5.10833e-05
3.74857e-05
3.1015e-05
2.73363e-05
2.34261e-05
1.95195e-05
1.60318e-05
1.2804e-05
9.90576e-06
9.1245e-06
1.06447e-05
8.79769e-06
4.16136e-06
7.549e-06
1.14098e-05
2.04423e-05
2.89792e-05
3.1314e-05
2.88402e-05
2.51579e-05
2.20762e-05
1.96648e-05
1.76337e-05
1.58401e-05
1.42426e-05
1.28202e-05
1.15501e-05
1.04111e-05
9.38644e-06
8.46272e-06
7.62843e-06
6.87335e-06
6.18851e-06
5.56625e-06
5.00014e-06
4.4849e-06
4.01615e-06
3.59022e-06
3.20386e-06
2.85408e-06
2.53812e-06
2.25362e-06
1.99867e-06
1.77142e-06
1.56927e-06
1.38864e-06
1.22618e-06
1.08163e-06
9.5974e-07
8.6787e-07
8.08771e-07
7.7548e-07
7.55315e-07
7.37363e-07
7.15129e-07
6.85446e-07
6.48094e-07
6.06009e-07
5.63944e-07
5.25724e-07
4.92194e-07
4.61335e-07
4.30163e-07
3.96837e-07
3.61634e-07
3.2646e-07
2.93599e-07
2.64622e-07
2.39982e-07
2.19303e-07
2.0187e-07
1.8704e-07
1.74264e-07
1.6374e-07
1.54667e-07
1.47172e-07
1.41075e-07
1.36066e-07
1.32203e-07
1.28838e-07
1.26731e-07
1.2418e-07
1.23816e-07
1.1938e-07
2.55593e-05
2.49248e-05
2.21147e-05
1.88464e-05
1.60598e-05
1.39324e-05
1.31647e-05
1.4654e-05
1.73599e-05
1.95212e-05
2.07777e-05
2.23782e-05
2.60141e-05
3.20461e-05
4.07979e-05
4.97094e-05
5.17478e-05
4.45337e-05
3.39067e-05
2.62124e-05
2.22536e-05
1.96933e-05
1.72842e-05
1.49358e-05
1.28348e-05
1.05584e-05
6.23974e-06
7.78948e-07
5.83512e-06
7.78543e-06
1.66699e-05
2.73304e-05
3.21125e-05
3.09155e-05
2.73272e-05
2.39808e-05
2.1396e-05
1.9277e-05
1.74048e-05
1.57157e-05
1.41948e-05
1.28273e-05
1.1595e-05
1.04818e-05
9.47459e-06
8.56191e-06
7.73349e-06
6.98018e-06
6.294e-06
5.66815e-06
5.09691e-06
4.57551e-06
4.09995e-06
3.66685e-06
3.27313e-06
2.91596e-06
2.59268e-06
2.30103e-06
2.0392e-06
1.80547e-06
1.59741e-06
1.41148e-06
1.2442e-06
1.09506e-06
9.68884e-07
8.73845e-07
8.13888e-07
7.82528e-07
7.66286e-07
7.52825e-07
7.34301e-07
7.06604e-07
6.69144e-07
6.25147e-07
5.80169e-07
5.38972e-07
5.03091e-07
4.70754e-07
4.38837e-07
4.05181e-07
3.69773e-07
3.34378e-07
3.01273e-07
2.72089e-07
2.47331e-07
2.26631e-07
2.09238e-07
1.94471e-07
1.81843e-07
1.70984e-07
1.6199e-07
1.5448e-07
1.48351e-07
1.43342e-07
1.3944e-07
1.36153e-07
1.33909e-07
1.31672e-07
1.30868e-07
1.27061e-07
5.68966e-06
7.45321e-06
9.32479e-06
1.10193e-05
1.25929e-05
1.40866e-05
1.53667e-05
1.60577e-05
1.57308e-05
1.42473e-05
1.2141e-05
1.06404e-05
1.19844e-05
1.64384e-05
2.15805e-05
2.67789e-05
3.32325e-05
3.7835e-05
3.69842e-05
3.16669e-05
2.50978e-05
1.94335e-05
1.50135e-05
1.13744e-05
8.57017e-06
6.99815e-06
7.65535e-06
7.49842e-06
4.93868e-06
1.41955e-05
2.61192e-05
3.24748e-05
3.24314e-05
2.91508e-05
2.56707e-05
2.29643e-05
2.08076e-05
1.89091e-05
1.71701e-05
1.55797e-05
1.41344e-05
1.28224e-05
1.16301e-05
1.05455e-05
9.55811e-06
8.65823e-06
7.83695e-06
7.08636e-06
6.39959e-06
5.77073e-06
5.19478e-06
4.66749e-06
4.18529e-06
3.74506e-06
3.34398e-06
2.97936e-06
2.64867e-06
2.34974e-06
2.08088e-06
1.84048e-06
1.62629e-06
1.43484e-06
1.26257e-06
1.10873e-06
9.7822e-07
8.79963e-07
8.19153e-07
7.89871e-07
7.77889e-07
7.69433e-07
7.55251e-07
7.30149e-07
6.92999e-07
6.47188e-07
5.99045e-07
5.54339e-07
5.15405e-07
4.80815e-07
4.47364e-07
4.12588e-07
3.76183e-07
3.39763e-07
3.05609e-07
2.75427e-07
2.49797e-07
2.28379e-07
2.10408e-07
1.95174e-07
1.82196e-07
1.71145e-07
1.61958e-07
1.54208e-07
1.47917e-07
1.42796e-07
1.38812e-07
1.35466e-07
1.33201e-07
1.30895e-07
1.30261e-07
1.26369e-07
9.55323e-06
1.11123e-05
1.27881e-05
1.40826e-05
1.47962e-05
1.49567e-05
1.46385e-05
1.38778e-05
1.27418e-05
1.14382e-05
1.03919e-05
1.01156e-05
1.09857e-05
1.35795e-05
1.78231e-05
2.13204e-05
2.19531e-05
2.20564e-05
2.41458e-05
2.60471e-05
2.57508e-05
2.35592e-05
2.0555e-05
1.78506e-05
1.54474e-05
1.26588e-05
7.55355e-06
2.87851e-06
1.50353e-05
2.66759e-05
3.30159e-05
3.34007e-05
3.04219e-05
2.69775e-05
2.42584e-05
2.21361e-05
2.02751e-05
1.85402e-05
1.6922e-05
1.54297e-05
1.40606e-05
1.28058e-05
1.1656e-05
1.06025e-05
9.63701e-06
8.75148e-06
7.93858e-06
7.19173e-06
6.50518e-06
5.87394e-06
5.2937e-06
4.76079e-06
4.27205e-06
3.82471e-06
3.41619e-06
3.04401e-06
2.70579e-06
2.39948e-06
2.12348e-06
1.8763e-06
1.65584e-06
1.45869e-06
1.28115e-06
1.1222e-06
9.86693e-07
8.84338e-07
8.21749e-07
7.93868e-07
7.85903e-07
7.82668e-07
7.73425e-07
7.51737e-07
7.15722e-07
6.68759e-07
6.17881e-07
5.69905e-07
5.2807e-07
4.91405e-07
4.56688e-07
4.21176e-07
3.8426e-07
3.47376e-07
3.12775e-07
2.82217e-07
2.56334e-07
2.34796e-07
2.16809e-07
2.01613e-07
1.88666e-07
1.77638e-07
1.68296e-07
1.6061e-07
1.54354e-07
1.49266e-07
1.45279e-07
1.42027e-07
1.3967e-07
1.37654e-07
1.36677e-07
1.33333e-07
6.23044e-06
7.37729e-06
8.62736e-06
9.61963e-06
1.01929e-05
1.03681e-05
1.0261e-05
9.99947e-06
9.71347e-06
9.56089e-06
9.72353e-06
1.03672e-05
1.14679e-05
1.30102e-05
1.55127e-05
1.94383e-05
2.29828e-05
2.35154e-05
2.08996e-05
1.74226e-05
1.51439e-05
1.39454e-05
1.26615e-05
1.04665e-05
6.65844e-06
3.63553e-06
1.08767e-05
2.10165e-05
2.96064e-05
3.39686e-05
3.37787e-05
3.09378e-05
2.77138e-05
2.51544e-05
2.317e-05
2.14207e-05
1.97526e-05
1.81584e-05
1.66604e-05
1.52667e-05
1.39746e-05
1.27788e-05
1.16737e-05
1.06534e-05
9.71151e-06
8.84179e-06
8.03852e-06
7.29646e-06
6.61098e-06
5.97798e-06
5.39389e-06
4.85563e-06
4.36049e-06
3.90606e-06
3.49007e-06
3.11025e-06
2.76441e-06
2.4506e-06
2.16731e-06
1.91318e-06
1.68623e-06
1.48314e-06
1.30007e-06
1.13575e-06
9.94947e-07
8.88123e-07
8.23408e-07
7.96781e-07
7.92983e-07
7.95414e-07
7.91788e-07
7.74277e-07
7.40055e-07
6.92324e-07
6.38751e-07
5.87237e-07
5.42033e-07
5.02728e-07
4.66157e-07
4.29323e-07
3.91308e-07
3.53359e-07
3.17695e-07
2.86133e-07
2.59378e-07
2.37125e-07
2.18567e-07
2.02911e-07
1.89597e-07
1.78287e-07
1.68784e-07
1.60972e-07
1.54546e-07
1.4934e-07
1.45296e-07
1.42011e-07
1.39654e-07
1.37596e-07
1.36785e-07
1.3338e-07
4.65609e-06
5.48647e-06
6.37731e-06
7.11525e-06
7.60164e-06
7.84876e-06
7.92444e-06
7.90924e-06
7.9002e-06
8.02927e-06
8.45272e-06
9.28538e-06
1.05586e-05
1.21589e-05
1.39764e-05
1.63699e-05
1.98434e-05
2.3529e-05
2.56652e-05
2.54731e-05
2.35642e-05
2.1172e-05
1.94056e-05
1.90874e-05
2.07671e-05
2.45339e-05
2.92489e-05
3.30349e-05
3.43991e-05
3.31738e-05
3.04872e-05
2.77286e-05
2.55475e-05
2.38274e-05
2.22681e-05
2.07312e-05
1.92188e-05
1.77649e-05
1.63879e-05
1.50922e-05
1.38775e-05
1.27423e-05
1.16839e-05
1.06985e-05
9.78173e-06
8.92929e-06
8.13694e-06
7.40075e-06
6.71719e-06
6.08305e-06
5.49554e-06
4.95216e-06
4.45074e-06
3.98925e-06
3.56572e-06
3.17816e-06
2.82455e-06
2.5031e-06
2.21239e-06
1.95116e-06
1.71754e-06
1.50827e-06
1.31941e-06
1.14934e-06
1.00271e-06
8.90678e-07
8.23022e-07
7.97038e-07
7.9719e-07
8.05497e-07
8.08062e-07
7.95529e-07
7.63917e-07
7.16065e-07
6.60178e-07
6.05269e-07
5.567e-07
5.1474e-07
4.7637e-07
4.38378e-07
3.99536e-07
3.60886e-07
3.24584e-07
2.92485e-07
2.65346e-07
2.42875e-07
2.24236e-07
2.08584e-07
1.95306e-07
1.84045e-07
1.74597e-07
1.66746e-07
1.6035e-07
1.55312e-07
1.51258e-07
1.48096e-07
1.45701e-07
1.43935e-07
1.42864e-07
1.39968e-07
3.92817e-06
4.52641e-06
5.17201e-06
5.72617e-06
6.1084e-06
6.31184e-06
6.38131e-06
6.39246e-06
6.44805e-06
6.67535e-06
7.20076e-06
8.09496e-06
9.35623e-06
1.09214e-05
1.26602e-05
1.44719e-05
1.6582e-05
1.9368e-05
2.2601e-05
2.54747e-05
2.7432e-05
2.85375e-05
2.93094e-05
3.0224e-05
3.14138e-05
3.25991e-05
3.31884e-05
3.26849e-05
3.11015e-05
2.89909e-05
2.70011e-05
2.53992e-05
2.40539e-05
2.27519e-05
2.14049e-05
2.00325e-05
1.86774e-05
1.73653e-05
1.6107e-05
1.49077e-05
1.37707e-05
1.26972e-05
1.16869e-05
1.0738e-05
9.84799e-06
9.01429e-06
8.23414e-06
7.50489e-06
6.82407e-06
6.18941e-06
5.59888e-06
5.05065e-06
4.54306e-06
4.07451e-06
3.64339e-06
3.24798e-06
2.88649e-06
2.55726e-06
2.25897e-06
1.99046e-06
1.74995e-06
1.53426e-06
1.3393e-06
1.16314e-06
1.01024e-06
8.92433e-07
8.21238e-07
7.95516e-07
7.99608e-07
8.14152e-07
8.23577e-07
8.16857e-07
7.88651e-07
7.41236e-07
6.83253e-07
6.24835e-07
5.72553e-07
5.27475e-07
4.86815e-07
4.47186e-07
4.07053e-07
3.67232e-07
3.29809e-07
2.96676e-07
2.68647e-07
2.45456e-07
2.2625e-07
2.1015e-07
1.96513e-07
1.84966e-07
1.75287e-07
1.67318e-07
1.60869e-07
1.55765e-07
1.51638e-07
1.48457e-07
1.46088e-07
1.44299e-07
1.43414e-07
1.40476e-07
3.35348e-06
3.78793e-06
4.2481e-06
4.64085e-06
4.91003e-06
5.05241e-06
5.10602e-06
5.1388e-06
5.24643e-06
5.54425e-06
6.13293e-06
7.05237e-06
8.27609e-06
9.73829e-06
1.13625e-05
1.30486e-05
1.47227e-05
1.64876e-05
1.85503e-05
2.0908e-05
2.32817e-05
2.53532e-05
2.698e-05
2.81781e-05
2.89276e-05
2.91197e-05
2.8721e-05
2.78514e-05
2.67665e-05
2.57108e-05
2.47609e-05
2.38336e-05
2.28271e-05
2.17163e-05
2.05375e-05
1.93354e-05
1.81388e-05
1.69632e-05
1.58191e-05
1.47145e-05
1.36551e-05
1.26443e-05
1.16834e-05
1.07724e-05
9.91072e-06
9.0972e-06
8.33051e-06
7.60922e-06
6.93195e-06
6.29736e-06
5.70422e-06
5.15137e-06
4.63771e-06
4.16211e-06
3.72332e-06
3.31994e-06
2.95041e-06
2.61324e-06
2.30722e-06
2.03125e-06
1.78365e-06
1.56127e-06
1.3599e-06
1.17727e-06
1.01759e-06
8.93255e-07
8.17669e-07
7.91558e-07
7.9936e-07
8.20355e-07
8.37239e-07
8.37178e-07
8.13262e-07
7.66997e-07
7.0734e-07
6.45546e-07
5.8949e-07
5.41169e-07
4.98135e-07
4.56883e-07
4.15586e-07
3.7482e-07
3.36579e-07
3.02766e-07
2.74238e-07
2.50742e-07
2.31394e-07
2.15265e-07
2.01661e-07
1.9018e-07
1.8058e-07
1.72692e-07
1.66306e-07
1.61162e-07
1.57261e-07
1.54283e-07
1.51942e-07
1.50466e-07
1.49393e-07
1.46941e-07
2.85223e-06
3.161e-06
3.48086e-06
3.75112e-06
3.93394e-06
4.027e-06
4.06204e-06
4.10369e-06
4.24671e-06
4.59652e-06
5.227e-06
6.14752e-06
7.31723e-06
8.67581e-06
1.01634e-05
1.17243e-05
1.32912e-05
1.48081e-05
1.62957e-05
1.78269e-05
1.9413e-05
2.09616e-05
2.23186e-05
2.33845e-05
2.40992e-05
2.44674e-05
2.4543e-05
2.44049e-05
2.41229e-05
2.37198e-05
2.31755e-05
2.24732e-05
2.16305e-05
2.06888e-05
1.96876e-05
1.8654e-05
1.76064e-05
1.65593e-05
1.55252e-05
1.45138e-05
1.3532e-05
1.25845e-05
1.1674e-05
1.08024e-05
9.9705e-06
9.17853e-06
8.42651e-06
7.71419e-06
7.04125e-06
6.4073e-06
5.81192e-06
5.25467e-06
4.73503e-06
4.25235e-06
3.80581e-06
3.39432e-06
3.0166e-06
2.67133e-06
2.3574e-06
2.07379e-06
1.81888e-06
1.58954e-06
1.38145e-06
1.19195e-06
1.02495e-06
8.93365e-07
8.12555e-07
7.85442e-07
7.96791e-07
8.24528e-07
8.49528e-07
8.57008e-07
8.38273e-07
7.93837e-07
7.32833e-07
6.67629e-07
6.07497e-07
5.55492e-07
5.0961e-07
4.66286e-07
4.23408e-07
3.81301e-07
3.41841e-07
3.06936e-07
2.77486e-07
2.53254e-07
2.33339e-07
2.1677e-07
2.0282e-07
1.91068e-07
1.81265e-07
1.73234e-07
1.66774e-07
1.61646e-07
1.57768e-07
1.54782e-07
1.52451e-07
1.50981e-07
1.50144e-07
1.47661e-07
2.43205e-06
2.64653e-06
2.86103e-06
3.03418e-06
3.1417e-06
3.18602e-06
3.19916e-06
3.24508e-06
3.41443e-06
3.79804e-06
4.44485e-06
5.34542e-06
6.45486e-06
7.71808e-06
9.08272e-06
1.05049e-05
1.19481e-05
1.33721e-05
1.47403e-05
1.60417e-05
1.72845e-05
1.84654e-05
1.95495e-05
2.04842e-05
2.12468e-05
2.18188e-05
2.21885e-05
2.23567e-05
2.23274e-05
2.21044e-05
2.17008e-05
2.11441e-05
2.04678e-05
1.97019e-05
1.88695e-05
1.79896e-05
1.70794e-05
1.61542e-05
1.52267e-05
1.43069e-05
1.34023e-05
1.25186e-05
1.16597e-05
1.08288e-05
1.0028e-05
9.25893e-06
8.52271e-06
7.82031e-06
7.15244e-06
6.51966e-06
5.92241e-06
5.36094e-06
4.83537e-06
4.34557e-06
3.89115e-06
3.47141e-06
3.08532e-06
2.73179e-06
2.40978e-06
2.11835e-06
1.85592e-06
1.61938e-06
1.40424e-06
1.20746e-06
1.03256e-06
8.9288e-07
8.05823e-07
7.76896e-07
7.91496e-07
8.26199e-07
8.59969e-07
8.75932e-07
8.63382e-07
8.21612e-07
7.5978e-07
6.91342e-07
6.27058e-07
5.71178e-07
5.2227e-07
4.76785e-07
4.32356e-07
3.89046e-07
3.48594e-07
3.12888e-07
2.82847e-07
2.58241e-07
2.38138e-07
2.21514e-07
2.07592e-07
1.9592e-07
1.86226e-07
1.78334e-07
1.72018e-07
1.67115e-07
1.63292e-07
1.60503e-07
1.58276e-07
1.5719e-07
1.56215e-07
1.54216e-07
2.07328e-06
2.2146e-06
2.34796e-06
2.44496e-06
2.49157e-06
2.49453e-06
2.48684e-06
2.5334e-06
2.7227e-06
3.13116e-06
3.78369e-06
4.65456e-06
5.6976e-06
6.86617e-06
8.11813e-06
9.41662e-06
1.07316e-05
1.20383e-05
1.33133e-05
1.45347e-05
1.56872e-05
1.67615e-05
1.77526e-05
1.86367e-05
1.93855e-05
1.99749e-05
2.03907e-05
2.06256e-05
2.06792e-05
2.05611e-05
2.02894e-05
1.98857e-05
1.93707e-05
1.87628e-05
1.808e-05
1.73396e-05
1.65579e-05
1.57491e-05
1.4925e-05
1.40952e-05
1.32674e-05
1.24478e-05
1.16415e-05
1.08525e-05
1.00842e-05
9.33914e-06
8.61981e-06
7.92822e-06
7.26611e-06
6.63499e-06
6.03616e-06
5.47062e-06
4.93913e-06
4.44214e-06
3.97971e-06
3.55153e-06
3.1569e-06
2.7949e-06
2.46466e-06
2.16524e-06
1.8951e-06
1.6511e-06
1.4286e-06
1.22412e-06
1.04071e-06
8.9204e-07
7.97605e-07
7.65936e-07
7.83442e-07
8.25337e-07
8.68545e-07
8.93929e-07
8.88547e-07
8.50216e-07
7.87954e-07
7.16279e-07
6.47526e-07
5.87286e-07
5.3483e-07
4.867e-07
4.40294e-07
3.954e-07
3.53595e-07
3.16724e-07
2.85721e-07
2.60359e-07
2.39682e-07
2.22624e-07
2.08371e-07
1.96449e-07
1.86578e-07
1.78574e-07
1.72214e-07
1.67306e-07
1.63562e-07
1.60865e-07
1.58847e-07
1.57711e-07
1.57008e-07
1.54949e-07
1.76322e-06
1.84778e-06
1.91887e-06
1.95635e-06
1.95312e-06
1.92e-06
1.89351e-06
1.94255e-06
2.15295e-06
2.58128e-06
3.22784e-06
4.05834e-06
5.03094e-06
6.10732e-06
7.25375e-06
8.44028e-06
9.64108e-06
1.08348e-05
1.20041e-05
1.31334e-05
1.42075e-05
1.52162e-05
1.61466e-05
1.69795e-05
1.76962e-05
1.82807e-05
1.872e-05
1.90065e-05
1.91402e-05
1.91279e-05
1.89807e-05
1.87115e-05
1.8334e-05
1.78634e-05
1.73149e-05
1.67036e-05
1.60431e-05
1.53457e-05
1.46217e-05
1.38801e-05
1.31285e-05
1.23735e-05
1.16206e-05
1.08746e-05
1.01399e-05
9.42005e-06
8.71862e-06
8.03865e-06
7.38292e-06
6.75389e-06
6.15372e-06
5.5842e-06
5.04676e-06
4.54245e-06
4.07184e-06
3.63502e-06
3.23163e-06
2.861e-06
2.52235e-06
2.2148e-06
1.93678e-06
1.68513e-06
1.45498e-06
1.24239e-06
1.04984e-06
8.91182e-07
7.8804e-07
7.52485e-07
7.72443e-07
8.21772e-07
8.7518e-07
9.11086e-07
9.14066e-07
8.80197e-07
8.18169e-07
7.43511e-07
6.70219e-07
6.05379e-07
5.49115e-07
4.98165e-07
4.4974e-07
4.03351e-07
3.60387e-07
3.22617e-07
2.90963e-07
2.65185e-07
2.4429e-07
2.2716e-07
2.12933e-07
2.01105e-07
1.91373e-07
1.83549e-07
1.77389e-07
1.7271e-07
1.69175e-07
1.66733e-07
1.64845e-07
1.64001e-07
1.63287e-07
1.61745e-07
1.49385e-06
1.53399e-06
1.55673e-06
1.54744e-06
1.50384e-06
1.44052e-06
1.3994e-06
1.45669e-06
1.69374e-06
2.14118e-06
2.77653e-06
3.56194e-06
4.46279e-06
5.44951e-06
6.49599e-06
7.57846e-06
8.67554e-06
9.76857e-06
1.08417e-05
1.18813e-05
1.28753e-05
1.38142e-05
1.46844e-05
1.54724e-05
1.61632e-05
1.67433e-05
1.72019e-05
1.75327e-05
1.77343e-05
1.78092e-05
1.77634e-05
1.76059e-05
1.73472e-05
1.69991e-05
1.65736e-05
1.60823e-05
1.55362e-05
1.49451e-05
1.43181e-05
1.36631e-05
1.29872e-05
1.2297e-05
1.15983e-05
1.08963e-05
1.01963e-05
9.50272e-06
8.82009e-06
8.15248e-06
7.50366e-06
6.87706e-06
6.27572e-06
5.70224e-06
5.15877e-06
4.64696e-06
4.16794e-06
3.72224e-06
3.30987e-06
2.93039e-06
2.58317e-06
2.26735e-06
1.98134e-06
1.72187e-06
1.48385e-06
1.26278e-06
1.06049e-06
8.90772e-07
7.77379e-07
7.36486e-07
7.58227e-07
8.15127e-07
8.79428e-07
9.26879e-07
9.39302e-07
9.10758e-07
8.49407e-07
7.71746e-07
6.93531e-07
6.23509e-07
5.62809e-07
5.08467e-07
4.57541e-07
4.09253e-07
3.64771e-07
3.2576e-07
2.93111e-07
2.66564e-07
2.45092e-07
2.27535e-07
2.12994e-07
2.00942e-07
1.91071e-07
1.83182e-07
1.77033e-07
1.72412e-07
1.69002e-07
1.66672e-07
1.64984e-07
1.6424e-07
1.63956e-07
1.62357e-07
1.25733e-06
1.26283e-06
1.24832e-06
1.20277e-06
1.12682e-06
1.03846e-06
9.88112e-07
1.06391e-06
1.33498e-06
1.79632e-06
2.40999e-06
3.14305e-06
3.96959e-06
4.86831e-06
5.81924e-06
6.80348e-06
7.80348e-06
8.80332e-06
9.78879e-06
1.07475e-05
1.16697e-05
1.25444e-05
1.33614e-05
1.41087e-05
1.47743e-05
1.53476e-05
1.58195e-05
1.61839e-05
1.64379e-05
1.65823e-05
1.66209e-05
1.65597e-05
1.64062e-05
1.61688e-05
1.5856e-05
1.54764e-05
1.50381e-05
1.45488e-05
1.40159e-05
1.34459e-05
1.28453e-05
1.222e-05
1.15761e-05
1.09191e-05
1.02547e-05
9.58836e-06
8.92534e-06
8.27073e-06
7.62928e-06
7.00537e-06
6.40295e-06
5.82547e-06
5.2758e-06
4.75627e-06
4.26856e-06
3.81371e-06
3.3921e-06
3.00358e-06
2.64764e-06
2.32347e-06
2.0294e-06
1.76204e-06
1.51599e-06
1.28616e-06
1.07354e-06
8.91672e-07
7.66264e-07
7.18235e-07
7.4091e-07
8.05587e-07
8.81704e-07
9.4204e-07
9.65373e-07
9.43432e-07
8.83614e-07
8.03304e-07
7.201e-07
6.44585e-07
5.79088e-07
5.21081e-07
4.6754e-07
4.1741e-07
3.716e-07
3.31627e-07
2.98306e-07
2.71334e-07
2.49636e-07
2.32e-07
2.17486e-07
2.0554e-07
1.95837e-07
1.88169e-07
1.82276e-07
1.77943e-07
1.74817e-07
1.72803e-07
1.71327e-07
1.70997e-07
1.70663e-07
1.69523e-07
1.05356e-06
1.03227e-06
9.88967e-07
9.14863e-07
8.11887e-07
7.0136e-07
6.49421e-07
7.63867e-07
1.07865e-06
1.54762e-06
2.13178e-06
2.809e-06
3.56225e-06
4.37668e-06
5.23765e-06
6.1301e-06
7.03943e-06
7.95198e-06
8.85521e-06
9.73821e-06
1.05914e-05
1.14051e-05
1.21703e-05
1.2877e-05
1.35155e-05
1.40769e-05
1.45537e-05
1.49405e-05
1.52346e-05
1.54357e-05
1.55458e-05
1.55684e-05
1.55083e-05
1.53707e-05
1.51614e-05
1.48859e-05
1.45497e-05
1.41582e-05
1.37167e-05
1.32303e-05
1.27044e-05
1.21444e-05
1.15558e-05
1.09446e-05
1.03168e-05
9.67846e-06
9.03577e-06
8.3947e-06
7.76099e-06
7.13998e-06
6.53652e-06
5.95491e-06
5.39882e-06
4.87127e-06
4.37454e-06
3.91019e-06
3.47902e-06
3.0812e-06
2.71638e-06
2.38376e-06
2.08163e-06
1.80641e-06
1.55234e-06
1.31365e-06
1.09031e-06
8.95254e-07
7.55799e-07
6.98168e-07
7.20269e-07
7.92506e-07
8.81058e-07
9.55339e-07
9.90737e-07
9.7632e-07
9.18486e-07
8.35451e-07
7.46762e-07
6.65033e-07
5.93966e-07
5.31594e-07
4.74865e-07
4.22437e-07
3.74928e-07
3.33657e-07
2.99339e-07
2.7161e-07
2.49347e-07
2.31298e-07
2.16492e-07
2.04357e-07
1.94565e-07
1.86897e-07
1.81097e-07
1.76901e-07
1.74002e-07
1.72162e-07
1.71037e-07
1.70745e-07
1.71005e-07
1.69805e-07
8.73805e-07
8.32752e-07
7.68635e-07
6.7369e-07
5.4909e-07
4.1828e-07
3.79636e-07
5.60852e-07
9.11861e-07
1.36959e-06
1.91158e-06
2.5269e-06
3.20629e-06
3.93884e-06
4.71356e-06
5.51881e-06
6.34255e-06
7.17308e-06
7.9996e-06
8.81232e-06
9.60164e-06
1.0359e-05
1.10759e-05
1.17442e-05
1.23559e-05
1.29038e-05
1.33818e-05
1.37853e-05
1.41117e-05
1.43601e-05
1.45312e-05
1.46271e-05
1.46501e-05
1.46033e-05
1.44894e-05
1.43114e-05
1.40722e-05
1.37749e-05
1.34225e-05
1.30185e-05
1.25669e-05
1.20722e-05
1.15396e-05
1.09749e-05
1.03844e-05
9.77487e-06
9.15317e-06
8.52617e-06
7.90054e-06
7.28257e-06
6.67806e-06
6.09217e-06
5.52939e-06
4.99347e-06
4.48734e-06
4.01312e-06
3.57209e-06
3.16474e-06
2.79093e-06
2.44988e-06
2.13977e-06
1.85683e-06
1.59488e-06
1.34737e-06
1.11312e-06
9.0402e-07
7.48401e-07
6.78104e-07
6.97535e-07
7.77036e-07
8.78951e-07
9.68736e-07
1.01796e-06
1.01263e-06
9.57851e-07
8.72533e-07
7.78254e-07
6.89867e-07
6.12698e-07
5.45538e-07
4.85413e-07
4.30713e-07
3.81712e-07
3.39462e-07
3.0451e-07
2.7639e-07
2.53916e-07
2.35788e-07
2.21007e-07
2.08987e-07
1.99389e-07
1.9198e-07
1.86493e-07
1.82641e-07
1.80097e-07
1.78622e-07
1.77795e-07
1.77917e-07
1.78238e-07
1.77483e-07
7.27584e-07
6.72762e-07
5.94438e-07
4.84962e-07
3.41707e-07
1.83041e-07
2.07674e-07
4.79507e-07
8.40315e-07
1.26933e-06
1.76225e-06
2.31498e-06
2.92263e-06
3.57817e-06
4.27267e-06
4.99667e-06
5.74023e-06
6.49327e-06
7.24619e-06
7.98997e-06
8.71631e-06
9.41744e-06
1.00859e-05
1.07146e-05
1.1297e-05
1.18272e-05
1.23005e-05
1.27132e-05
1.30633e-05
1.33497e-05
1.35725e-05
1.37321e-05
1.38294e-05
1.3865e-05
1.38395e-05
1.37533e-05
1.36068e-05
1.34004e-05
1.31352e-05
1.28125e-05
1.24349e-05
1.20057e-05
1.15297e-05
1.10122e-05
1.046e-05
9.88004e-06
9.28002e-06
8.66763e-06
8.05044e-06
7.43568e-06
6.83009e-06
6.23973e-06
5.66992e-06
5.12519e-06
4.60917e-06
4.12459e-06
3.67325e-06
3.25603e-06
2.87303e-06
2.52354e-06
2.20567e-06
1.9154e-06
1.64607e-06
1.39028e-06
1.14541e-06
9.21823e-07
7.47847e-07
6.60619e-07
6.73425e-07
7.58428e-07
8.7363e-07
9.79713e-07
1.04385e-06
1.04854e-06
9.97243e-07
9.09478e-07
8.0897e-07
7.13032e-07
6.28815e-07
5.56014e-07
4.9181e-07
4.34324e-07
3.83447e-07
3.39899e-07
3.04011e-07
2.75196e-07
2.522e-07
2.33686e-07
2.18643e-07
2.06478e-07
1.96861e-07
1.8954e-07
1.84258e-07
1.80653e-07
1.78477e-07
1.77268e-07
1.76958e-07
1.7715e-07
1.78269e-07
1.77379e-07
5.98766e-07
5.37297e-07
4.54224e-07
3.4288e-07
1.98287e-07
2.54341e-08
2.08566e-07
4.85194e-07
8.14417e-07
1.19766e-06
1.63499e-06
2.12475e-06
2.66321e-06
3.24515e-06
3.86403e-06
4.51209e-06
5.18098e-06
5.86216e-06
6.54701e-06
7.22729e-06
7.89536e-06
8.5441e-06
9.16698e-06
9.75806e-06
1.0312e-05
1.08242e-05
1.12909e-05
1.17094e-05
1.20782e-05
1.23963e-05
1.26633e-05
1.28792e-05
1.30432e-05
1.31545e-05
1.32116e-05
1.32124e-05
1.31548e-05
1.30369e-05
1.28571e-05
1.2615e-05
1.23113e-05
1.19481e-05
1.15292e-05
1.10599e-05
1.05468e-05
9.99734e-06
9.4198e-06
8.82262e-06
8.21426e-06
7.60288e-06
6.99614e-06
6.40106e-06
5.82385e-06
5.26985e-06
4.74346e-06
4.2481e-06
3.78612e-06
3.35883e-06
2.96661e-06
2.60884e-06
2.28352e-06
1.98636e-06
1.71023e-06
1.44678e-06
1.19188e-06
9.53861e-07
7.5987e-07
6.51012e-07
6.51752e-07
7.39672e-07
8.68277e-07
9.92235e-07
1.07344e-06
1.09016e-06
1.04371e-06
9.53979e-07
8.4694e-07
7.42675e-07
6.50522e-07
5.71372e-07
5.02721e-07
4.42441e-07
3.89943e-07
3.45493e-07
3.09099e-07
2.79988e-07
2.5682e-07
2.38228e-07
2.232e-07
2.11147e-07
2.01743e-07
1.94719e-07
1.8981e-07
1.86605e-07
1.84865e-07
1.84059e-07
1.84151e-07
1.84741e-07
1.86053e-07
1.85521e-07
5.14981e-07
4.54136e-07
3.77445e-07
2.84845e-07
1.9278e-07
1.87151e-07
3.33494e-07
5.62013e-07
8.45708e-07
1.17965e-06
1.56231e-06
1.99196e-06
2.46579e-06
2.97963e-06
3.52833e-06
4.10551e-06
4.70403e-06
5.31648e-06
5.93539e-06
6.55356e-06
7.1641e-06
7.76062e-06
8.33732e-06
8.88906e-06
9.41151e-06
9.90124e-06
1.03558e-05
1.07737e-05
1.1154e-05
1.14964e-05
1.18005e-05
1.20655e-05
1.22898e-05
1.2471e-05
1.26057e-05
1.26895e-05
1.2718e-05
1.26865e-05
1.25911e-05
1.24291e-05
1.21993e-05
1.19027e-05
1.1542e-05
1.1122e-05
1.06491e-05
1.01313e-05
9.57707e-06
8.9957e-06
8.39646e-06
7.78843e-06
7.18028e-06
6.57997e-06
5.99467e-06
5.43063e-06
4.89309e-06
4.38619e-06
3.91294e-06
3.4752e-06
3.07368e-06
2.70791e-06
2.37583e-06
2.07284e-06
1.79121e-06
1.52149e-06
1.25773e-06
1.00571e-06
7.90118e-07
6.53747e-07
6.33398e-07
7.17951e-07
8.57788e-07
1.00001e-06
1.09983e-06
1.13017e-06
1.08944e-06
9.97683e-07
8.83312e-07
7.69526e-07
6.68167e-07
5.81536e-07
5.07569e-07
4.43907e-07
3.89414e-07
3.43798e-07
3.06662e-07
2.77006e-07
2.53402e-07
2.34468e-07
2.19214e-07
2.07069e-07
1.97734e-07
1.90913e-07
1.86362e-07
1.83548e-07
1.82364e-07
1.81935e-07
1.82777e-07
1.83441e-07
1.85869e-07
1.85062e-07
4.38429e-07
3.86336e-07
3.28554e-07
2.74177e-07
2.50509e-07
2.98341e-07
4.26105e-07
6.15749e-07
8.55821e-07
1.1421e-06
1.47286e-06
1.84657e-06
2.26102e-06
2.71305e-06
3.19822e-06
3.71128e-06
4.24625e-06
4.79671e-06
5.356e-06
5.91755e-06
6.47514e-06
7.02312e-06
7.55648e-06
8.07107e-06
8.56355e-06
9.03158e-06
9.47369e-06
9.8893e-06
1.02784e-05
1.06412e-05
1.09777e-05
1.12869e-05
1.15667e-05
1.18134e-05
1.20219e-05
1.21858e-05
1.22981e-05
1.23516e-05
1.234e-05
1.22582e-05
1.21032e-05
1.18742e-05
1.1573e-05
1.12037e-05
1.07724e-05
1.02871e-05
9.75681e-06
9.19138e-06
8.60099e-06
7.99574e-06
7.38532e-06
6.77883e-06
6.18447e-06
5.60948e-06
5.06002e-06
4.54104e-06
4.05624e-06
3.608e-06
3.19739e-06
2.82408e-06
2.4859e-06
2.17791e-06
1.89172e-06
1.61667e-06
1.34486e-06
1.0792e-06
8.40986e-07
6.72036e-07
6.20511e-07
6.94141e-07
8.44031e-07
1.00748e-06
1.13054e-06
1.1789e-06
1.14674e-06
1.05385e-06
9.31368e-07
8.0637e-07
6.93955e-07
5.98397e-07
5.18337e-07
4.51178e-07
3.95034e-07
3.48794e-07
3.11457e-07
2.81703e-07
2.57999e-07
2.38977e-07
2.23703e-07
2.11648e-07
2.02541e-07
1.96058e-07
1.91952e-07
1.89599e-07
1.88953e-07
1.88953e-07
1.90346e-07
1.91336e-07
1.94198e-07
1.9352e-07
4.30653e-07
3.93791e-07
3.62005e-07
3.4634e-07
3.63365e-07
4.27106e-07
5.40895e-07
7.01222e-07
9.04474e-07
1.14864e-06
1.4326e-06
1.75524e-06
2.11493e-06
2.50917e-06
2.93461e-06
3.38699e-06
3.86129e-06
4.35198e-06
4.85324e-06
5.35926e-06
5.86449e-06
6.36384e-06
6.85292e-06
7.32829e-06
7.78752e-06
8.22938e-06
8.6537e-06
9.06119e-06
9.45307e-06
9.83049e-06
1.01939e-05
1.05424e-05
1.08732e-05
1.11817e-05
1.14611e-05
1.17027e-05
1.18973e-05
1.20352e-05
1.21074e-05
1.21067e-05
1.20278e-05
1.18681e-05
1.16281e-05
1.13107e-05
1.09217e-05
1.04689e-05
9.96194e-06
9.41125e-06
8.82803e-06
8.22351e-06
7.60862e-06
6.99364e-06
6.38799e-06
5.8e-06
5.23683e-06
4.70436e-06
4.20708e-06
3.74802e-06
3.32867e-06
2.94888e-06
2.60633e-06
2.29559e-06
2.00726e-06
1.72893e-06
1.45e-06
1.16985e-06
9.05744e-07
6.96612e-07
5.99252e-07
6.49081e-07
8.06383e-07
9.95404e-07
1.1488e-06
1.22184e-06
1.20262e-06
1.11016e-06
9.78987e-07
8.41002e-07
7.15378e-07
6.08897e-07
5.21232e-07
4.49648e-07
3.91401e-07
3.44351e-07
3.06706e-07
2.76722e-07
2.52743e-07
2.33435e-07
2.17962e-07
2.05866e-07
1.96934e-07
1.90798e-07
1.87247e-07
1.85464e-07
1.85617e-07
1.86116e-07
1.88572e-07
1.89591e-07
1.94045e-07
1.92795e-07
4.01534e-07
3.79555e-07
3.68299e-07
3.75559e-07
4.09615e-07
4.76429e-07
5.78411e-07
7.15785e-07
8.88338e-07
1.09606e-06
1.33898e-06
1.61685e-06
1.92876e-06
2.27298e-06
2.64685e-06
3.04678e-06
3.46845e-06
3.90696e-06
4.35713e-06
4.81373e-06
5.27179e-06
5.72691e-06
6.17547e-06
6.61486e-06
7.04362e-06
7.46151e-06
7.86947e-06
8.26935e-06
8.66346e-06
9.05396e-06
9.44208e-06
9.82727e-06
1.02066e-05
1.05745e-05
1.09227e-05
1.12409e-05
1.15174e-05
1.17401e-05
1.18976e-05
1.19797e-05
1.19788e-05
1.189e-05
1.17118e-05
1.1446e-05
1.10979e-05
1.06753e-05
1.01883e-05
9.64856e-06
9.06843e-06
8.46059e-06
7.8374e-06
7.21054e-06
6.59069e-06
5.98737e-06
5.40877e-06
4.86165e-06
4.35126e-06
3.88121e-06
3.45335e-06
3.06764e-06
2.72156e-06
2.40912e-06
2.11981e-06
1.83925e-06
1.5537e-06
1.25851e-06
9.66297e-07
7.10914e-07
5.52186e-07
5.64138e-07
7.33684e-07
9.62707e-07
1.16235e-06
1.27342e-06
1.27561e-06
1.1868e-06
1.04606e-06
8.91953e-07
7.49448e-07
6.29013e-07
5.31915e-07
4.55302e-07
3.95217e-07
3.48006e-07
3.10712e-07
2.80994e-07
2.57049e-07
2.37637e-07
2.22078e-07
2.10029e-07
2.0134e-07
1.95599e-07
1.92599e-07
1.91358e-07
1.92192e-07
1.9313e-07
1.96375e-07
1.97541e-07
2.02914e-07
2.01291e-07
4.67509e-07
4.56632e-07
4.57695e-07
4.75128e-07
5.13174e-07
5.75193e-07
6.63436e-07
7.79389e-07
9.24205e-07
1.09888e-06
1.30418e-06
1.54044e-06
1.80736e-06
2.10384e-06
2.42793e-06
2.77681e-06
3.14689e-06
3.53399e-06
3.93355e-06
4.3409e-06
4.75157e-06
5.16161e-06
5.56794e-06
5.96861e-06
6.36306e-06
6.75221e-06
7.13839e-06
7.52498e-06
7.91583e-06
8.3144e-06
8.72281e-06
9.14093e-06
9.56569e-06
9.99077e-06
1.04067e-05
1.08014e-05
1.1161e-05
1.14706e-05
1.17156e-05
1.18825e-05
1.19604e-05
1.19418e-05
1.18229e-05
1.16047e-05
1.1292e-05
1.08931e-05
1.04192e-05
9.88332e-06
9.2993e-06
8.68144e-06
8.04364e-06
7.39907e-06
6.75977e-06
6.13649e-06
5.53857e-06
4.97378e-06
4.44826e-06
3.96635e-06
3.53038e-06
3.14045e-06
2.7938e-06
2.48369e-06
2.19809e-06
1.91977e-06
1.63072e-06
1.32144e-06
1.00027e-06
6.94581e-07
4.51759e-07
3.88077e-07
5.79174e-07
8.72147e-07
1.1403e-06
1.30725e-06
1.34277e-06
1.26363e-06
1.11486e-06
9.43397e-07
7.81383e-07
6.43974e-07
5.34782e-07
4.51293e-07
3.88366e-07
3.40576e-07
3.03499e-07
2.73987e-07
2.5e-07
2.30373e-07
2.14625e-07
2.02566e-07
1.94162e-07
1.88941e-07
1.86737e-07
1.86281e-07
1.8821e-07
1.89762e-07
1.94487e-07
1.95514e-07
2.03243e-07
2.00403e-07
4.65341e-07
4.59804e-07
4.65294e-07
4.84409e-07
5.19577e-07
5.72992e-07
6.46634e-07
7.42385e-07
8.62098e-07
1.00752e-06
1.18013e-06
1.38087e-06
1.60999e-06
1.8669e-06
2.15007e-06
2.45708e-06
2.78472e-06
3.12917e-06
3.48626e-06
3.85173e-06
4.22159e-06
4.59246e-06
4.96189e-06
5.32872e-06
5.69328e-06
6.05754e-06
6.425e-06
6.80035e-06
7.18887e-06
7.59543e-06
8.02343e-06
8.47373e-06
8.94374e-06
9.42693e-06
9.91277e-06
1.03871e-05
1.08332e-05
1.12324e-05
1.15659e-05
1.18165e-05
1.19696e-05
1.20151e-05
1.19478e-05
1.1768e-05
1.14811e-05
1.10967e-05
1.06271e-05
1.00871e-05
9.49208e-06
8.85804e-06
8.20032e-06
7.53339e-06
6.8705e-06
6.22348e-06
5.60265e-06
5.01673e-06
4.47274e-06
3.9758e-06
3.52886e-06
3.13235e-06
2.78365e-06
2.47591e-06
2.19655e-06
1.92679e-06
1.64582e-06
1.34103e-06
1.0184e-06
6.98793e-07
3.9416e-07
1.40173e-07
3.70252e-07
7.63239e-07
1.11912e-06
1.35341e-06
1.42811e-06
1.36032e-06
1.20237e-06
1.0109e-06
8.26368e-07
6.69514e-07
5.46812e-07
4.56136e-07
3.90779e-07
3.43011e-07
3.06596e-07
2.77506e-07
2.53539e-07
2.33694e-07
2.17748e-07
2.05688e-07
1.9758e-07
1.92869e-07
1.91396e-07
1.91611e-07
1.94443e-07
1.96428e-07
2.02338e-07
2.03148e-07
2.12756e-07
2.0851e-07
5.91511e-07
5.84983e-07
5.87345e-07
6.00222e-07
6.25364e-07
6.64533e-07
7.19566e-07
7.92468e-07
8.85377e-07
1.00041e-06
1.13943e-06
1.30381e-06
1.49423e-06
1.7105e-06
1.95153e-06
2.21534e-06
2.49916e-06
2.79955e-06
3.11272e-06
3.43471e-06
3.7618e-06
4.09092e-06
4.41999e-06
4.74842e-06
5.0774e-06
5.41009e-06
5.75161e-06
6.10863e-06
6.48862e-06
6.89867e-06
7.34415e-06
7.82716e-06
8.34538e-06
8.89123e-06
9.45184e-06
1.00096e-05
1.05433e-05
1.10301e-05
1.14471e-05
1.17736e-05
1.19925e-05
1.20921e-05
1.20669e-05
1.19174e-05
1.16496e-05
1.12739e-05
1.08042e-05
1.0256e-05
9.6461e-06
8.99168e-06
8.30935e-06
7.61485e-06
6.92272e-06
6.24598e-06
5.59616e-06
4.98318e-06
4.41526e-06
3.89874e-06
3.43762e-06
3.03329e-06
2.6839e-06
2.38349e-06
2.12019e-06
1.87513e-06
1.62673e-06
1.3633e-06
1.09435e-06
8.3717e-07
5.75402e-07
2.61535e-07
2.32884e-07
6.90485e-07
1.11978e-06
1.40614e-06
1.50581e-06
1.44064e-06
1.27116e-06
1.06121e-06
8.5655e-07
6.81921e-07
5.46683e-07
4.49559e-07
3.8237e-07
3.34902e-07
2.99056e-07
2.70057e-07
2.45701e-07
2.25275e-07
2.08888e-07
1.96735e-07
1.89006e-07
1.85015e-07
1.84631e-07
1.8587e-07
1.90141e-07
1.92805e-07
2.00746e-07
2.00988e-07
2.14294e-07
2.07442e-07
6.13099e-07
6.02901e-07
5.99071e-07
6.02481e-07
6.14295e-07
6.35991e-07
6.69442e-07
7.17043e-07
7.81606e-07
8.66078e-07
9.73133e-07
1.10478e-06
1.26207e-06
1.44499e-06
1.65246e-06
1.88245e-06
2.1321e-06
2.39797e-06
2.67624e-06
2.96309e-06
3.255e-06
3.5492e-06
3.84413e-06
4.13993e-06
4.43883e-06
4.74549e-06
5.06704e-06
5.41257e-06
5.79225e-06
6.21561e-06
6.68961e-06
7.21657e-06
7.79274e-06
8.4077e-06
9.04486e-06
9.68279e-06
1.0297e-05
1.08621e-05
1.13533e-05
1.17485e-05
1.20295e-05
1.21836e-05
1.22044e-05
1.20916e-05
1.18511e-05
1.14933e-05
1.10318e-05
1.04828e-05
9.86383e-06
9.19281e-06
8.48744e-06
7.76469e-06
7.04045e-06
6.32913e-06
5.64366e-06
4.99544e-06
4.39421e-06
3.84796e-06
3.36242e-06
2.94074e-06
2.5832e-06
2.28687e-06
2.04444e-06
1.84262e-06
1.66403e-06
1.49416e-06
1.3215e-06
1.1176e-06
8.24267e-07
3.98511e-07
2.56961e-07
8.20311e-07
1.30347e-06
1.58314e-06
1.64034e-06
1.52594e-06
1.31715e-06
1.0803e-06
8.57582e-07
6.71558e-07
5.32037e-07
4.37561e-07
3.76802e-07
3.35369e-07
3.02932e-07
2.74719e-07
2.49567e-07
2.27865e-07
2.10503e-07
1.98002e-07
1.90599e-07
1.87332e-07
1.87997e-07
1.9014e-07
1.95652e-07
1.98744e-07
2.08512e-07
2.07857e-07
2.24956e-07
2.14567e-07
8.08065e-07
7.90166e-07
7.75856e-07
7.65636e-07
7.60361e-07
7.61079e-07
7.69308e-07
7.87315e-07
8.1816e-07
8.65467e-07
9.32929e-07
1.02365e-06
1.13959e-06
1.28128e-06
1.44786e-06
1.6373e-06
1.84665e-06
2.07238e-06
2.31063e-06
2.55757e-06
2.80985e-06
3.06508e-06
3.32242e-06
3.58318e-06
3.85137e-06
4.13397e-06
4.44071e-06
4.78324e-06
5.17343e-06
5.62121e-06
6.13236e-06
6.70679e-06
7.33797e-06
8.01324e-06
8.71497e-06
9.42197e-06
1.01108e-05
1.07568e-05
1.13354e-05
1.18228e-05
1.21975e-05
1.24426e-05
1.25469e-05
1.25066e-05
1.23244e-05
1.20088e-05
1.15729e-05
1.10327e-05
1.04072e-05
9.71639e-06
8.98052e-06
8.21917e-06
7.45102e-06
6.69307e-06
5.96098e-06
5.26864e-06
4.62806e-06
4.04949e-06
3.54082e-06
3.10716e-06
2.75066e-06
2.47051e-06
2.26154e-06
2.11053e-06
1.99472e-06
1.8842e-06
1.73869e-06
1.49833e-06
1.10609e-06
6.3828e-07
7.16793e-07
1.30701e-06
1.78142e-06
1.96705e-06
1.87895e-06
1.62433e-06
1.3182e-06
1.03038e-06
7.85752e-07
5.91883e-07
4.55028e-07
3.74587e-07
3.34425e-07
3.11625e-07
2.91227e-07
2.68447e-07
2.44171e-07
2.2114e-07
2.02117e-07
1.88648e-07
1.81305e-07
1.7881e-07
1.80817e-07
1.84182e-07
1.91459e-07
1.95169e-07
2.07667e-07
2.05514e-07
2.28831e-07
2.12901e-07
8.90332e-07
8.66503e-07
8.43933e-07
8.22047e-07
8.00795e-07
7.80444e-07
7.61729e-07
7.46331e-07
7.3727e-07
7.39104e-07
7.57702e-07
7.99264e-07
8.68771e-07
9.68649e-07
1.09849e-06
1.25569e-06
1.43643e-06
1.63641e-06
1.8514e-06
2.07759e-06
2.31203e-06
2.55302e-06
2.80059e-06
3.05697e-06
3.32683e-06
3.61733e-06
3.93766e-06
4.29813e-06
4.70893e-06
5.17865e-06
5.71311e-06
6.31449e-06
6.98102e-06
7.70676e-06
8.48148e-06
9.29019e-06
1.01127e-05
1.09232e-05
1.16908e-05
1.23815e-05
1.2961e-05
1.33995e-05
1.36755e-05
1.37779e-05
1.37056e-05
1.3466e-05
1.30733e-05
1.25464e-05
1.19078e-05
1.1182e-05
1.03942e-05
9.56939e-06
8.73165e-06
7.90257e-06
7.10225e-06
6.34991e-06
5.66146e-06
5.05081e-06
4.52782e-06
4.09845e-06
3.764e-06
3.52164e-06
3.36457e-06
3.28048e-06
3.24736e-06
3.22999e-06
3.18316e-06
3.07178e-06
2.91737e-06
2.83194e-06
2.92044e-06
3.09786e-06
3.1455e-06
2.92624e-06
2.46785e-06
1.90651e-06
1.38375e-06
9.72251e-07
6.70411e-07
4.50912e-07
3.03909e-07
2.37733e-07
2.36064e-07
2.52482e-07
2.60213e-07
2.54239e-07
2.38202e-07
2.18086e-07
1.99623e-07
1.86376e-07
1.79858e-07
1.78654e-07
1.82297e-07
1.86988e-07
1.95978e-07
2.00146e-07
2.15422e-07
2.11156e-07
2.42175e-07
2.18179e-07
1.1809e-06
1.14628e-06
1.11007e-06
1.07178e-06
1.03129e-06
9.88347e-07
9.42869e-07
8.95483e-07
8.48016e-07
8.04107e-07
7.69886e-07
7.54186e-07
7.67256e-07
8.17514e-07
9.08224e-07
1.03709e-06
1.19855e-06
1.38618e-06
1.59392e-06
1.81649e-06
2.04952e-06
2.28962e-06
2.5347e-06
2.78429e-06
3.04007e-06
3.30657e-06
3.59204e-06
3.90929e-06
4.27637e-06
4.71616e-06
5.25424e-06
5.91478e-06
6.71514e-06
7.66074e-06
8.74172e-06
9.93201e-06
1.11907e-05
1.2465e-05
1.3695e-05
1.48192e-05
1.57813e-05
1.65361e-05
1.7055e-05
1.73278e-05
1.73592e-05
1.71638e-05
1.67641e-05
1.619e-05
1.54756e-05
1.46573e-05
1.3767e-05
1.28374e-05
1.18996e-05
1.09835e-05
1.01134e-05
9.31326e-06
8.60259e-06
7.99609e-06
7.50312e-06
7.12556e-06
6.85958e-06
6.69685e-06
6.6273e-06
6.63341e-06
6.6916e-06
6.77765e-06
6.87209e-06
6.9625e-06
7.03579e-06
7.0556e-06
6.94107e-06
6.58433e-06
5.91441e-06
4.95805e-06
3.84621e-06
2.75873e-06
1.84466e-06
1.16736e-06
7.0412e-07
3.93063e-07
1.8369e-07
6.71568e-08
9.30655e-08
1.45052e-07
1.77414e-07
1.91316e-07
1.91226e-07
1.8285e-07
1.72552e-07
1.65114e-07
1.63173e-07
1.65668e-07
1.72528e-07
1.79561e-07
1.91072e-07
1.96034e-07
2.14941e-07
2.07721e-07
2.49749e-07
2.142e-07
1.27374e-06
1.22785e-06
1.18001e-06
1.12805e-06
1.07087e-06
1.00773e-06
9.37963e-07
8.61348e-07
7.78554e-07
6.91843e-07
6.06472e-07
5.33075e-07
4.89957e-07
4.99074e-07
5.70464e-07
6.94392e-07
8.53412e-07
1.03242e-06
1.21981e-06
1.4061e-06
1.58334e-06
1.74534e-06
1.88934e-06
2.01915e-06
2.15025e-06
2.31607e-06
2.57076e-06
2.98088e-06
3.60521e-06
4.47731e-06
5.60332e-06
6.96827e-06
8.54148e-06
1.02793e-05
1.21272e-05
1.40224e-05
1.58972e-05
1.76827e-05
1.93126e-05
2.07281e-05
2.18821e-05
2.27444e-05
2.33048e-05
2.35679e-05
2.35506e-05
2.32795e-05
2.2796e-05
2.21365e-05
2.13324e-05
2.04217e-05
1.94457e-05
1.84394e-05
1.74366e-05
1.64701e-05
1.55701e-05
1.47592e-05
1.4057e-05
1.34734e-05
1.30118e-05
1.26679e-05
1.24344e-05
1.23016e-05
1.226e-05
1.23016e-05
1.24168e-05
1.25861e-05
1.27753e-05
1.29282e-05
1.29577e-05
1.27505e-05
1.21948e-05
1.12182e-05
9.82281e-06
8.11244e-06
6.28521e-06
4.56995e-06
3.13862e-06
2.05547e-06
1.29023e-06
7.73399e-07
4.4777e-07
2.83496e-07
2.35902e-07
2.23641e-07
2.0604e-07
1.82988e-07
1.62369e-07
1.48407e-07
1.42075e-07
1.42557e-07
1.48712e-07
1.57774e-07
1.69547e-07
1.80042e-07
1.94479e-07
2.00653e-07
2.23586e-07
2.12392e-07
2.70649e-07
2.17108e-07
1.63228e-06
1.59611e-06
1.55836e-06
1.51804e-06
1.47526e-06
1.42965e-06
1.38047e-06
1.32719e-06
1.26969e-06
1.20804e-06
1.14262e-06
1.07416e-06
1.00392e-06
9.33848e-07
8.66943e-07
8.08212e-07
7.66528e-07
7.57361e-07
8.03967e-07
9.32557e-07
1.16397e-06
1.51218e-06
1.98891e-06
2.60643e-06
3.37685e-06
4.31013e-06
5.41146e-06
6.67874e-06
8.10122e-06
9.65839e-06
1.132e-05
1.30474e-05
1.47969e-05
1.65234e-05
1.8185e-05
1.97465e-05
2.11807e-05
2.24674e-05
2.3591e-05
2.45366e-05
2.52901e-05
2.58408e-05
2.61917e-05
2.6354e-05
2.63488e-05
2.61841e-05
2.58555e-05
2.53924e-05
2.48261e-05
2.41753e-05
2.34641e-05
2.27215e-05
2.1978e-05
2.12628e-05
2.06047e-05
2.00266e-05
1.95451e-05
1.91692e-05
1.88991e-05
1.87261e-05
1.86341e-05
1.86057e-05
1.86201e-05
1.86614e-05
1.86941e-05
1.86724e-05
1.85352e-05
1.82076e-05
1.76295e-05
1.67971e-05
1.57551e-05
1.45096e-05
1.29853e-05
1.11355e-05
9.077e-06
7.07036e-06
5.37101e-06
4.10429e-06
3.24278e-06
2.66572e-06
2.24199e-06
1.88348e-06
1.55342e-06
1.24931e-06
9.82555e-07
7.64224e-07
5.98351e-07
4.80899e-07
4.02878e-07
3.53335e-07
3.23631e-07
3.05707e-07
2.97904e-07
2.92166e-07
2.97612e-07
2.90767e-07
3.16112e-07
2.84276e-07
3.68562e-07
3.18992e-07
4.01198e-06
4.12559e-06
4.24634e-06
4.36913e-06
4.49369e-06
4.62182e-06
4.7548e-06
4.89349e-06
5.03909e-06
5.19318e-06
5.35767e-06
5.53488e-06
5.72762e-06
5.93928e-06
6.17377e-06
6.43547e-06
6.72906e-06
7.05912e-06
7.42968e-06
7.84348e-06
8.30109e-06
8.79989e-06
9.33302e-06
9.88849e-06
1.04484e-05
1.09888e-05
1.14812e-05
1.18942e-05
1.21958e-05
1.23577e-05
1.23608e-05
1.22004e-05
1.18931e-05
1.14805e-05
1.10314e-05
1.06357e-05
1.03903e-05
1.03727e-05
1.0615e-05
1.10911e-05
1.17263e-05
1.24239e-05
1.3101e-05
1.36909e-05
1.41418e-05
1.4483e-05
1.47567e-05
1.49571e-05
1.50931e-05
1.51862e-05
1.52567e-05
1.53253e-05
1.54113e-05
1.5533e-05
1.57054e-05
1.59386e-05
1.62343e-05
1.65862e-05
1.69789e-05
1.73901e-05
1.77903e-05
1.81404e-05
1.83834e-05
1.84487e-05
1.82735e-05
1.77797e-05
1.69058e-05
1.56646e-05
1.42321e-05
1.29849e-05
1.22678e-05
1.1961e-05
1.15288e-05
1.05842e-05
9.20009e-06
7.77171e-06
6.68489e-06
6.04595e-06
5.68756e-06
5.38825e-06
5.01508e-06
4.53055e-06
3.9589e-06
3.35366e-06
2.77124e-06
2.2533e-06
1.81996e-06
1.47202e-06
1.19868e-06
9.84301e-07
8.15517e-07
6.79375e-07
5.71191e-07
4.77861e-07
4.09869e-07
3.35413e-07
3.14486e-07
2.31451e-07
3.34359e-07
1.93212e-07
1.07188e-05
1.08927e-05
1.10545e-05
1.12023e-05
1.13345e-05
1.14492e-05
1.15442e-05
1.16171e-05
1.16648e-05
1.16833e-05
1.16673e-05
1.16109e-05
1.15065e-05
1.13454e-05
1.11172e-05
1.08096e-05
1.0408e-05
9.8954e-06
9.25233e-06
8.45639e-06
7.48253e-06
6.3034e-06
4.89046e-06
3.2169e-06
1.27749e-06
1.06065e-06
3.63845e-06
6.59502e-06
9.88235e-06
1.34651e-05
1.72896e-05
2.12816e-05
2.53476e-05
2.93774e-05
3.3251e-05
3.68463e-05
4.00523e-05
4.27814e-05
4.49789e-05
4.66206e-05
4.77122e-05
4.82331e-05
4.81898e-05
4.76089e-05
4.65323e-05
4.50027e-05
4.30653e-05
4.08041e-05
3.83039e-05
3.56425e-05
3.28915e-05
3.01165e-05
2.73749e-05
2.47162e-05
2.21826e-05
1.98101e-05
1.7629e-05
1.56648e-05
1.39389e-05
1.24687e-05
1.12713e-05
1.03662e-05
9.79335e-06
9.61801e-06
9.90634e-06
1.07226e-05
1.20675e-05
1.38124e-05
1.56585e-05
1.71494e-05
1.77791e-05
1.71869e-05
1.53431e-05
1.26065e-05
9.58374e-06
6.88839e-06
4.92049e-06
3.7775e-06
3.3204e-06
3.32315e-06
3.58722e-06
3.97873e-06
4.42693e-06
4.905e-06
5.40611e-06
5.92691e-06
6.46173e-06
7.00356e-06
7.54666e-06
8.08792e-06
8.62683e-06
9.16546e-06
9.70615e-06
1.02547e-05
1.08093e-05
1.13877e-05
1.19548e-05
1.26152e-05
1.31164e-05
1.39888e-05
4.672e-06
3.96403e-06
3.1721e-06
2.29708e-06
1.36473e-06
4.88524e-07
8.94536e-07
2.05048e-06
3.35548e-06
4.78779e-06
6.35556e-06
8.07246e-06
9.95478e-06
1.20206e-05
1.42892e-05
1.67811e-05
1.9517e-05
2.25178e-05
2.58033e-05
2.9391e-05
3.32953e-05
3.75256e-05
4.20844e-05
4.69651e-05
5.21494e-05
5.76046e-05
6.32827e-05
6.91193e-05
7.50328e-05
8.09262e-05
8.66914e-05
9.22144e-05
9.73814e-05
0.000102085
0.00010623
0.000109735
0.000112545
0.000114641
0.00011604
0.000116807
0.000117016
0.000116764
0.000116026
0.000114756
0.000112972
0.000110713
0.000108054
0.000105066
0.000101825
9.84144e-05
9.49165e-05
9.14117e-05
8.79764e-05
8.46811e-05
8.15899e-05
7.87592e-05
7.62365e-05
7.40587e-05
7.22511e-05
7.08243e-05
6.97722e-05
6.90704e-05
6.86748e-05
6.85165e-05
6.8517e-05
6.85544e-05
6.84443e-05
6.79354e-05
6.67514e-05
6.46898e-05
6.1748e-05
5.81932e-05
5.4511e-05
5.1229e-05
4.8738e-05
4.72015e-05
4.65408e-05
4.65287e-05
4.69001e-05
4.74377e-05
4.80119e-05
4.85771e-05
4.9145e-05
4.97534e-05
5.04408e-05
5.12324e-05
5.21364e-05
5.31471e-05
5.42521e-05
5.54379e-05
5.6693e-05
5.80093e-05
5.93801e-05
6.08022e-05
6.22674e-05
6.37862e-05
6.53184e-05
6.69783e-05
6.84523e-05
7.05216e-05
5.377e-05
5.5918e-05
5.82379e-05
6.06407e-05
6.30948e-05
6.56194e-05
6.82215e-05
7.09051e-05
7.36799e-05
7.65564e-05
7.95445e-05
8.2654e-05
8.58943e-05
8.92737e-05
9.27989e-05
9.64748e-05
0.000100303
0.000104282
0.000108405
0.00011266
0.000117026
0.00012148
0.000125987
0.000130507
0.000134992
0.000139386
0.000143627
0.000147647
0.000151378
0.000154757
0.000157732
0.000160266
0.000162342
0.000163954
0.000165103
0.000165789
0.000166024
0.000165844
0.000165325
0.000164566
0.000163645
0.000162653
0.000161471
0.000160102
0.000158555
0.000156799
0.000154831
0.000152658
0.000150299
0.00014779
0.000145175
0.00014251
0.000139862
0.000137301
0.000134898
0.000132719
0.000130819
0.000129237
0.00012799
0.000127071
0.000126449
0.000126068
0.000125851
0.000125701
0.000125501
0.000125127
0.00012447
0.000123468
0.000122149
0.000120664
0.000119264
0.00011822
0.000117721
0.000117818
0.000118446
0.000119445
0.000120639
0.000121889
0.000123114
0.000124286
0.000125419
0.000126546
0.000127706
0.000128933
0.000130249
0.000131662
0.000133169
0.000134764
0.000136435
0.000138174
0.000139973
0.000141824
0.00014372
0.000145658
0.000147628
0.00014964
0.000151657
0.000153753
0.000155783
0.000157996
0.000149556
0.000151192
0.000153044
0.000154832
0.000156559
0.00015826
0.000159937
0.000161588
0.000163217
0.000164825
0.000166411
0.000167972
0.000169502
0.000170996
0.000172442
0.000173829
0.00017514
0.000176358
0.000177462
0.000178427
0.000179227
0.000179836
0.000180226
0.000180373
0.000180256
0.000179863
0.000179192
0.000178255
0.000177081
0.000175713
0.000174209
0.00017264
0.000171086
0.000169636
0.000168384
0.000167414
0.000166779
0.000166476
0.000166439
0.00016653
0.000166733
0.000166867
0.000166949
0.00016688
0.00016668
0.00016636
0.000165946
0.000165449
0.000164881
0.000164264
0.000163631
0.000163024
0.000162494
0.00016209
0.000161856
0.000161824
0.000162008
0.000162406
0.000162997
0.000163746
0.000164614
0.000165558
0.000166546
0.000167554
0.000168568
0.000169578
0.000170593
0.000171652
0.000172828
0.000174214
0.000175875
0.000177803
0.00017991
0.00018206
0.000184123
0.000186024
0.000187771
0.000189406
0.000190985
0.000192553
0.00019414
0.000195761
0.00019742
0.000199116
0.000200843
0.000202596
0.000204373
0.00020617
0.000207989
0.000209827
0.000211682
0.000213556
0.000215442
0.00021735
0.000219256
0.000221207
0.000223121
0.000225097
0.000227109
0.000228817
0.000179063
0.000178541
0.00017835
0.000178142
0.000177882
0.00017755
0.00017713
0.000176609
0.000175972
0.000175199
0.000174268
0.000173155
0.000171836
0.000170283
0.000168471
0.000166374
0.000163965
0.00016122
0.000158116
0.000154633
0.000150753
0.000146466
0.000141771
0.000136674
0.000131193
0.00012535
0.000119179
0.000112716
0.000106002
9.90901e-05
9.20428e-05
8.49445e-05
7.7899e-05
7.10229e-05
6.44144e-05
5.81371e-05
5.22445e-05
4.68618e-05
4.22506e-05
3.88208e-05
3.70926e-05
3.75775e-05
4.00082e-05
4.40769e-05
4.95819e-05
5.63172e-05
6.41045e-05
7.27664e-05
8.21196e-05
9.19649e-05
0.000102093
0.000112291
0.00012235
0.000132074
0.000141291
0.000149864
0.000157695
0.000164734
0.000170975
0.000176456
0.000181253
0.00018547
0.000189227
0.00019265
0.000195851
0.000198918
0.000201906
0.000204843
0.000207743
0.000210609
0.000213429
0.000216178
0.000218813
0.000221298
0.000223618
0.000225784
0.000227823
0.000229772
0.000231663
0.00023352
0.000235362
0.000237198
0.000239035
0.000240875
0.000242721
0.000244573
0.000246431
0.000248295
0.000250168
0.00025205
0.000253944
0.000255844
0.000257767
0.000259678
0.000261652
0.000263532
0.000265647
0.000267314
0.000269881
0.000271017
4.90691e-05
3.65451e-05
8.67084e-05
0.00012946
0.000152878
0.000162951
0.000166768
0.000168408
0.000168716
0.000165189
0.000154224
0.000133952
0.000102471
6.52803e-05
5.08097e-05
5.2591e-05
5.92263e-05
9.43254e-05
0.000147951
0.000208606
0.000268165
0.00032245
0.000368932
0.000406385
0.000434354
0.000452779
0.000461105
0.00045819
0.000447435
0.000429958
0.000405867
0.00037607
0.000341438
0.000303111
0.000262705
0.000222851
0.000187884
0.000163763
0.000155655
0.000163058
0.000180101
0.000200775
0.000221464
0.000240541
0.000257448
0.000272259
0.000285241
0.000295996
0.000303701
0.000308324
0.000310299
0.000310202
0.000308714
0.000306515
0.00030407
0.000301489
0.000298642
0.000295408
0.000291847
0.000288213
0.000284845
0.000282042
0.000279983
0.000278717
0.000278186
0.00027826
0.000278783
0.000279598
0.000280577
0.000281632
0.000282718
0.000283822
0.000284956
0.000286141
0.000287396
0.000288734
0.000290161
0.000291677
0.000293277
0.000294957
0.000296712
0.000298536
0.000300425
0.000302374
0.000304378
0.000306431
0.000308529
0.000310667
0.000312842
0.000315049
0.000317289
0.00031955
0.000321852
0.000324148
0.000326525
0.000328801
0.000331345
0.00033338
0.000336466
0.000337826
3.14052e-05
0.000108608
0.000119217
0.000110022
9.46475e-05
7.54516e-05
5.53334e-05
3.80255e-05
2.85828e-05
3.13355e-05
4.33188e-05
6.01949e-05
7.44997e-05
8.098e-05
9.41224e-05
0.000132347
0.000176131
0.000208421
0.000226009
0.000225753
0.000208342
0.000177954
0.000140486
0.000101634
6.60436e-05
3.86243e-05
2.98529e-05
4.33244e-05
6.54813e-05
8.86674e-05
0.000108841
0.000125844
0.000140147
0.000152201
0.000161139
0.000164781
0.000161128
0.000150061
0.00013369
0.0001149
9.63262e-05
7.97576e-05
6.60363e-05
5.52945e-05
4.73576e-05
4.20026e-05
3.95874e-05
4.05379e-05
4.42933e-05
5.00948e-05
5.76507e-05
6.66996e-05
7.6916e-05
8.77829e-05
9.86941e-05
0.000109083
0.00011852
0.00012675
0.000133682
0.00013935
0.000143887
0.000147506
0.000150469
0.000153051
0.000155502
0.000158006
0.000160669
0.000163519
0.000166523
0.000169612
0.000172713
0.000175762
0.000178722
0.000181576
0.000184329
0.000186996
0.000189598
0.00019215
0.000194666
0.000197155
0.00019962
0.000202067
0.000204498
0.000206918
0.000209332
0.000211743
0.000214157
0.000216576
0.000219002
0.000221439
0.000223885
0.000226346
0.000228814
0.000231306
0.000233793
0.000236328
0.000238824
0.000241395
0.000243978
0.000246388
0.000112889
0.000156702
0.000102312
5.1133e-05
2.65301e-05
1.53157e-05
7.80185e-06
8.43725e-06
1.5238e-05
2.38484e-05
3.58002e-05
5.35899e-05
7.2558e-05
9.07527e-05
0.000129707
0.000172952
0.000187185
0.000180014
0.000155997
0.00012132
8.47904e-05
5.41959e-05
3.33607e-05
2.06889e-05
1.09214e-05
8.24548e-06
2.62051e-05
4.90941e-05
7.19089e-05
9.11757e-05
0.000105364
0.000114504
0.000120639
0.000126455
0.000132912
0.000137616
0.000136883
0.000128953
0.000114892
9.75487e-05
7.99726e-05
6.43461e-05
5.17364e-05
4.22587e-05
3.54761e-05
3.06978e-05
2.73991e-05
2.53242e-05
2.41778e-05
2.37403e-05
2.37552e-05
2.36136e-05
2.26933e-05
2.06606e-05
1.76239e-05
1.42575e-05
1.20906e-05
1.30203e-05
1.68477e-05
2.18821e-05
2.69708e-05
3.15473e-05
3.53985e-05
3.85517e-05
4.11811e-05
4.35113e-05
4.57416e-05
4.801e-05
5.03922e-05
5.29146e-05
5.55688e-05
5.83224e-05
6.11297e-05
6.39418e-05
6.67169e-05
6.9427e-05
7.20604e-05
7.46186e-05
7.71111e-05
7.95488e-05
8.19402e-05
8.42901e-05
8.66006e-05
8.88739e-05
9.11132e-05
9.33238e-05
9.5512e-05
9.76849e-05
9.98488e-05
0.000102009
0.000104171
0.000106339
0.000108515
0.000110706
0.000112907
0.000115141
0.000117358
0.000119707
0.00012183
0.00012451
0.000185038
0.000125174
3.22851e-05
1.13009e-05
2.0118e-05
1.72625e-05
1.45124e-05
1.30841e-05
1.23567e-05
1.43313e-05
2.068e-05
3.16797e-05
4.69031e-05
8.15541e-05
0.000131325
0.000150658
0.000139587
0.000111588
7.62328e-05
4.54788e-05
2.96808e-05
2.89235e-05
3.23422e-05
3.15446e-05
2.18106e-05
5.74995e-06
2.57273e-05
5.27812e-05
7.69559e-05
9.52996e-05
0.000106741
0.000111038
0.000110423
0.000109286
0.000111179
0.000114838
0.000115982
0.000111255
0.000100379
8.57802e-05
7.05748e-05
5.70961e-05
4.64251e-05
3.85666e-05
3.29203e-05
2.87978e-05
2.55965e-05
2.2873e-05
2.05025e-05
1.85435e-05
1.70136e-05
1.58777e-05
1.51525e-05
1.48605e-05
1.4912e-05
1.51009e-05
1.51406e-05
1.47436e-05
1.37026e-05
1.19609e-05
9.64917e-06
7.04909e-06
4.49443e-06
2.25279e-06
4.65628e-07
9.72805e-07
2.1337e-06
3.13082e-06
4.00295e-06
4.76138e-06
5.42329e-06
6.02886e-06
6.63355e-06
7.28679e-06
8.01355e-06
8.81043e-06
9.6564e-06
1.05282e-05
1.14107e-05
1.22993e-05
1.31958e-05
1.41035e-05
1.5023e-05
1.59519e-05
1.68861e-05
1.78216e-05
1.87562e-05
1.96899e-05
2.0624e-05
2.15609e-05
2.25029e-05
2.34529e-05
2.44122e-05
2.53862e-05
2.63699e-05
2.73858e-05
2.8384e-05
2.95136e-05
3.04047e-05
3.18469e-05
0.000221878
6.30979e-05
1.74515e-05
2.71183e-05
2.01558e-05
1.47604e-05
1.01553e-05
5.69356e-06
2.33027e-06
2.91304e-06
1.27632e-07
6.86538e-06
3.2986e-05
8.05083e-05
0.000109945
0.000106851
8.39389e-05
5.39197e-05
3.11607e-05
2.75174e-05
3.35042e-05
4.08293e-05
4.47627e-05
4.00055e-05
2.68546e-05
1.90356e-05
3.58e-05
5.8858e-05
7.95628e-05
9.50808e-05
0.000104421
0.000106651
0.000102659
9.69537e-05
9.46366e-05
9.65149e-05
9.84784e-05
9.61275e-05
8.80712e-05
7.60978e-05
6.32026e-05
5.17891e-05
4.29189e-05
3.64743e-05
3.17812e-05
2.81607e-05
2.5165e-05
2.25991e-05
2.03904e-05
1.84111e-05
1.65249e-05
1.47087e-05
1.29856e-05
1.13995e-05
1.00082e-05
8.88452e-06
8.0942e-06
7.63341e-06
7.38881e-06
7.16727e-06
6.78047e-06
6.12608e-06
5.21644e-06
4.15436e-06
3.08646e-06
2.16874e-06
1.55959e-06
1.36372e-06
1.46714e-06
1.6616e-06
1.84827e-06
1.99887e-06
2.09743e-06
2.12742e-06
2.08036e-06
1.96514e-06
1.80765e-06
1.64129e-06
1.49369e-06
1.37792e-06
1.29093e-06
1.21913e-06
1.14743e-06
1.06647e-06
9.7546e-07
8.80325e-07
7.90253e-07
7.14496e-07
6.60971e-07
6.35385e-07
6.40614e-07
6.76302e-07
7.37992e-07
8.23647e-07
9.22504e-07
1.04685e-06
1.16132e-06
1.3368e-06
1.439e-06
1.6054e-06
0.000217711
3.92982e-05
2.92441e-05
2.33493e-05
1.66303e-05
1.13921e-05
5.97191e-06
1.65797e-06
7.98854e-06
1.37859e-05
1.47591e-05
1.47433e-05
4.25051e-05
7.29222e-05
8.09927e-05
6.82242e-05
4.71384e-05
3.26553e-05
3.34633e-05
3.89607e-05
4.54707e-05
5.18946e-05
5.29261e-05
4.69448e-05
3.91656e-05
3.85459e-05
4.88731e-05
6.45173e-05
7.91712e-05
8.98829e-05
9.62253e-05
9.73627e-05
9.26999e-05
8.55796e-05
8.155e-05
8.25197e-05
8.50043e-05
8.4264e-05
7.81997e-05
6.81544e-05
5.70786e-05
4.739e-05
4.00102e-05
3.46384e-05
3.05542e-05
2.71903e-05
2.42474e-05
2.16028e-05
1.92177e-05
1.7073e-05
1.51642e-05
1.3476e-05
1.19676e-05
1.06064e-05
9.38499e-06
8.31315e-06
7.40092e-06
6.64838e-06
6.03288e-06
5.50632e-06
5.00066e-06
4.45038e-06
3.82188e-06
3.13375e-06
2.45293e-06
1.87104e-06
1.47649e-06
1.31814e-06
1.35759e-06
1.495e-06
1.64765e-06
1.77118e-06
1.84757e-06
1.87066e-06
1.83825e-06
1.75179e-06
1.6203e-06
1.46152e-06
1.29823e-06
1.15016e-06
1.02944e-06
9.39592e-07
8.76827e-07
8.32012e-07
7.94888e-07
7.58575e-07
7.21416e-07
6.85301e-07
6.53154e-07
6.26554e-07
6.06296e-07
5.905e-07
5.80563e-07
5.70123e-07
5.7023e-07
5.55632e-07
5.78028e-07
5.35147e-07
6.22417e-07
5.74635e-07
0.0001915
5.05397e-05
3.45847e-05
2.40768e-05
1.58631e-05
1.02167e-05
6.88416e-06
8.58416e-06
1.4233e-05
1.87263e-05
1.93686e-05
2.58365e-05
4.5752e-05
6.09259e-05
6.10904e-05
5.12485e-05
4.2352e-05
4.15635e-05
4.47062e-05
4.87574e-05
5.49093e-05
6.00059e-05
5.98755e-05
5.55181e-05
5.13307e-05
5.10282e-05
5.62232e-05
6.52799e-05
7.43824e-05
8.09783e-05
8.47186e-05
8.49552e-05
8.04962e-05
7.3771e-05
7.01189e-05
7.13765e-05
7.44765e-05
7.47277e-05
6.97411e-05
6.08468e-05
5.11111e-05
4.28333e-05
3.66156e-05
3.19555e-05
2.81904e-05
2.49291e-05
2.20252e-05
1.94491e-05
1.71952e-05
1.52322e-05
1.35082e-05
1.19774e-05
1.06078e-05
9.38783e-06
8.32225e-06
7.41342e-06
6.65329e-06
6.02272e-06
5.49059e-06
5.01628e-06
4.5569e-06
4.07644e-06
3.55687e-06
3.00633e-06
2.45831e-06
1.9609e-06
1.5654e-06
1.32112e-06
1.25365e-06
1.32354e-06
1.44878e-06
1.56359e-06
1.63775e-06
1.66462e-06
1.64675e-06
1.58792e-06
1.49282e-06
1.36976e-06
1.23324e-06
1.10001e-06
9.82641e-07
8.86015e-07
8.08516e-07
7.45924e-07
6.93666e-07
6.47213e-07
6.03137e-07
5.60109e-07
5.18813e-07
4.8069e-07
4.47013e-07
4.17857e-07
3.93671e-07
3.72189e-07
3.57125e-07
3.38309e-07
3.3885e-07
3.07607e-07
3.54243e-07
2.73325e-07
0.000158332
6.88166e-05
4.72413e-05
3.17502e-05
2.28617e-05
1.97098e-05
1.86018e-05
1.85654e-05
1.93787e-05
2.00767e-05
2.17814e-05
3.11368e-05
4.64607e-05
5.73537e-05
5.91475e-05
5.53345e-05
5.1766e-05
5.06372e-05
5.12109e-05
5.46435e-05
6.06228e-05
6.48211e-05
6.43002e-05
6.03075e-05
5.58967e-05
5.33219e-05
5.40245e-05
5.82959e-05
6.38927e-05
6.84179e-05
7.13291e-05
7.16358e-05
6.78805e-05
6.24927e-05
6.02758e-05
6.25249e-05
6.63161e-05
6.69622e-05
6.22505e-05
5.39837e-05
4.53781e-05
3.83684e-05
3.31076e-05
2.89787e-05
2.54752e-05
2.23848e-05
1.96554e-05
1.72733e-05
1.52141e-05
1.34354e-05
1.18921e-05
1.05456e-05
9.36209e-06
8.31731e-06
7.39657e-06
6.59203e-06
5.90057e-06
5.31586e-06
4.82342e-06
4.39562e-06
3.99789e-06
3.59775e-06
3.17723e-06
2.73993e-06
2.30767e-06
1.90969e-06
1.57535e-06
1.33621e-06
1.22128e-06
1.22558e-06
1.29718e-06
1.37734e-06
1.43162e-06
1.45016e-06
1.43527e-06
1.39145e-06
1.32173e-06
1.22974e-06
1.12144e-06
1.00747e-06
8.9991e-07
8.07447e-07
7.32656e-07
6.72526e-07
6.22773e-07
5.80072e-07
5.42072e-07
5.06898e-07
4.7345e-07
4.41684e-07
4.12392e-07
3.86171e-07
3.63869e-07
3.44234e-07
3.29789e-07
3.13569e-07
3.10677e-07
2.87732e-07
3.13793e-07
2.54134e-07
0.00012847
8.73279e-05
6.33755e-05
4.35906e-05
3.26843e-05
3.0063e-05
2.93657e-05
2.82685e-05
2.72428e-05
2.72672e-05
3.08305e-05
4.12863e-05
5.50706e-05
6.50431e-05
6.75701e-05
6.43787e-05
5.93537e-05
5.50815e-05
5.36194e-05
5.66045e-05
6.21249e-05
6.55903e-05
6.44848e-05
5.94758e-05
5.30048e-05
4.72974e-05
4.42107e-05
4.55438e-05
4.99844e-05
5.4499e-05
5.79263e-05
5.89108e-05
5.61349e-05
5.24633e-05
5.21089e-05
5.56179e-05
5.99303e-05
6.03115e-05
5.5298e-05
4.74701e-05
3.99722e-05
3.41039e-05
2.96041e-05
2.58993e-05
2.26817e-05
1.98632e-05
1.74231e-05
1.53352e-05
1.35552e-05
1.20274e-05
1.06981e-05
9.52482e-06
8.47826e-06
7.54251e-06
6.71155e-06
5.98258e-06
5.35106e-06
4.80854e-06
4.34202e-06
3.93393e-06
3.56385e-06
3.21223e-06
2.86599e-06
2.52316e-06
2.19185e-06
1.88494e-06
1.61667e-06
1.40532e-06
1.27151e-06
1.22119e-06
1.22988e-06
1.25892e-06
1.27915e-06
1.27878e-06
1.25705e-06
1.21622e-06
1.15772e-06
1.08301e-06
9.95211e-07
9.00094e-07
8.05842e-07
7.20148e-07
6.48139e-07
5.90604e-07
5.44106e-07
5.04755e-07
4.70137e-07
4.39253e-07
4.11417e-07
3.85873e-07
3.62232e-07
3.40465e-07
3.21375e-07
3.0431e-07
2.91675e-07
2.77925e-07
2.74886e-07
2.56968e-07
2.74386e-07
2.314e-07
0.000107673
9.70085e-05
7.4238e-05
5.00379e-05
3.18615e-05
2.80918e-05
3.18798e-05
3.46952e-05
3.57476e-05
3.83924e-05
4.53924e-05
5.62045e-05
6.80016e-05
7.55689e-05
7.61359e-05
7.09885e-05
6.32106e-05
5.61506e-05
5.30755e-05
5.51743e-05
5.97151e-05
6.23728e-05
6.06135e-05
5.44664e-05
4.57757e-05
3.66426e-05
3.02492e-05
3.05064e-05
3.59506e-05
4.1676e-05
4.61559e-05
4.78247e-05
4.59531e-05
4.41451e-05
4.56824e-05
5.04255e-05
5.48066e-05
5.42726e-05
4.87165e-05
4.1434e-05
3.50787e-05
3.01973e-05
2.63108e-05
2.30075e-05
2.01372e-05
1.76621e-05
1.55502e-05
1.37522e-05
1.22096e-05
1.08682e-05
9.68579e-06
8.63393e-06
7.69391e-06
6.85394e-06
6.10635e-06
5.44514e-06
4.865e-06
4.35994e-06
3.92118e-06
3.53655e-06
3.19035e-06
2.86684e-06
2.55595e-06
2.25695e-06
1.97736e-06
1.72662e-06
1.51194e-06
1.33918e-06
1.21679e-06
1.15018e-06
1.12933e-06
1.13092e-06
1.13325e-06
1.12517e-06
1.10411e-06
1.07038e-06
1.02386e-06
9.64142e-07
8.92852e-07
8.14114e-07
7.33742e-07
6.57938e-07
5.91027e-07
5.35815e-07
4.91431e-07
4.55407e-07
4.2464e-07
3.97225e-07
3.72607e-07
3.50668e-07
3.31076e-07
3.13296e-07
2.97427e-07
2.82846e-07
2.7157e-07
2.59582e-07
2.55795e-07
2.416e-07
2.52315e-07
2.20762e-07
9.29431e-05
8.98265e-05
7.25995e-05
5.02503e-05
2.69685e-05
5.96231e-06
1.47233e-05
3.10137e-05
4.2849e-05
5.04882e-05
5.87142e-05
6.94682e-05
7.85808e-05
8.30946e-05
8.1386e-05
7.42003e-05
6.42834e-05
5.53742e-05
5.08157e-05
5.13982e-05
5.44523e-05
5.62084e-05
5.41004e-05
4.75701e-05
3.76755e-05
2.61553e-05
1.66241e-05
1.73747e-05
2.47744e-05
3.15551e-05
3.67976e-05
3.87028e-05
3.75989e-05
3.76602e-05
4.09199e-05
4.66506e-05
5.03854e-05
4.84745e-05
4.25094e-05
3.60137e-05
3.07577e-05
2.66746e-05
2.3298e-05
2.03936e-05
1.78935e-05
1.57613e-05
1.39464e-05
1.239e-05
1.10381e-05
9.84838e-06
8.79044e-06
7.84366e-06
6.99393e-06
6.23202e-06
5.55184e-06
4.94849e-06
4.41697e-06
3.95134e-06
3.54419e-06
3.1861e-06
2.8657e-06
2.57182e-06
2.2972e-06
2.04141e-06
1.81013e-06
1.60884e-06
1.43908e-06
1.29924e-06
1.19069e-06
1.11685e-06
1.07479e-06
1.05211e-06
1.03449e-06
1.01322e-06
9.85558e-07
9.50871e-07
9.07927e-07
8.55278e-07
7.92987e-07
7.23951e-07
6.53025e-07
5.85443e-07
5.24954e-07
4.73195e-07
4.30508e-07
3.96006e-07
3.67767e-07
3.43621e-07
3.2213e-07
3.0286e-07
2.85833e-07
2.70906e-07
2.57974e-07
2.46199e-07
2.36933e-07
2.26979e-07
2.23443e-07
2.12042e-07
2.19472e-07
1.95503e-07
7.81597e-05
6.40728e-05
6.30057e-05
6.05935e-05
6.12735e-05
5.97884e-05
4.99632e-05
3.91042e-05
4.35606e-05
5.84823e-05
6.99362e-05
7.78071e-05
8.45631e-05
8.67532e-05
8.30442e-05
7.44767e-05
6.35324e-05
5.36688e-05
4.78549e-05
4.66682e-05
4.79202e-05
4.85987e-05
4.63684e-05
4.0291e-05
3.07343e-05
1.8939e-05
7.19368e-06
8.97964e-06
1.72076e-05
2.43962e-05
2.97827e-05
3.13624e-05
3.1074e-05
3.29032e-05
3.76997e-05
4.38614e-05
4.61333e-05
4.27719e-05
3.68166e-05
3.1298e-05
2.69955e-05
2.35448e-05
2.06206e-05
1.8108e-05
1.59614e-05
1.41317e-05
1.25605e-05
1.1194e-05
9.99043e-06
8.92037e-06
7.96347e-06
7.10555e-06
6.33614e-06
5.64723e-06
5.03229e-06
4.4854e-06
4.00104e-06
3.57389e-06
3.19819e-06
2.86688e-06
2.57104e-06
2.30144e-06
2.05186e-06
1.82242e-06
1.61888e-06
1.44739e-06
1.30748e-06
1.1946e-06
1.10497e-06
1.03817e-06
9.92469e-07
9.60891e-07
9.34542e-07
9.07661e-07
8.78377e-07
8.46017e-07
8.08928e-07
7.64784e-07
7.12558e-07
6.53789e-07
5.92419e-07
5.32974e-07
4.79149e-07
4.3223e-07
3.92898e-07
3.60339e-07
3.33495e-07
3.11198e-07
2.92293e-07
2.7585e-07
2.61393e-07
2.48773e-07
2.38039e-07
2.28571e-07
2.21169e-07
2.13259e-07
2.09997e-07
2.01105e-07
2.05476e-07
1.87567e-07
6.95209e-05
3.88121e-05
5.34461e-05
6.78065e-05
8.26668e-05
9.3438e-05
9.50046e-05
8.72424e-05
7.51531e-05
6.88997e-05
7.58415e-05
8.39809e-05
8.60952e-05
8.615e-05
8.16592e-05
7.26328e-05
6.14947e-05
5.13711e-05
4.47411e-05
4.20419e-05
4.15699e-05
4.10486e-05
3.86337e-05
3.33411e-05
2.51795e-05
1.50475e-05
4.41181e-06
4.81373e-06
1.25465e-05
1.97822e-05
2.45722e-05
2.54262e-05
2.62687e-05
2.96629e-05
3.58292e-05
4.14625e-05
4.16854e-05
3.7256e-05
3.17933e-05
2.72722e-05
2.37314e-05
2.07952e-05
1.82818e-05
1.61289e-05
1.42888e-05
1.27064e-05
1.13291e-05
1.0116e-05
9.03867e-06
8.07696e-06
7.21585e-06
6.44347e-06
5.75015e-06
5.12815e-06
4.57123e-06
4.07403e-06
3.63172e-06
3.23978e-06
2.89358e-06
2.5877e-06
2.31535e-06
2.06929e-06
1.84452e-06
1.6414e-06
1.46526e-06
1.32148e-06
1.20847e-06
1.11881e-06
1.04534e-06
9.85349e-07
9.37617e-07
8.98537e-07
8.63237e-07
8.28727e-07
7.9443e-07
7.60068e-07
7.2395e-07
6.83379e-07
6.36554e-07
5.84086e-07
5.28937e-07
4.75098e-07
4.25872e-07
3.82996e-07
3.46773e-07
3.16348e-07
2.90696e-07
2.69329e-07
2.51426e-07
2.36362e-07
2.23536e-07
2.12535e-07
2.03317e-07
1.95421e-07
1.89559e-07
1.83473e-07
1.81269e-07
1.74372e-07
1.78106e-07
1.64139e-07
7.19259e-05
3.68658e-05
4.33903e-05
5.71751e-05
7.17766e-05
8.42696e-05
9.3331e-05
0.000100165
0.000104319
0.000103024
9.48344e-05
8.6489e-05
8.6661e-05
8.34965e-05
7.73773e-05
6.87167e-05
5.83436e-05
4.85729e-05
4.15624e-05
3.78371e-05
3.60988e-05
3.45525e-05
3.1832e-05
2.71746e-05
2.05148e-05
1.25037e-05
4.49097e-06
2.95719e-06
1.01921e-05
1.70417e-05
2.04011e-05
2.07078e-05
2.30014e-05
2.783e-05
3.48697e-05
3.88197e-05
3.6977e-05
3.21667e-05
2.75125e-05
2.3855e-05
2.09055e-05
1.84043e-05
1.62566e-05
1.44141e-05
1.28266e-05
1.1444e-05
1.02262e-05
9.14466e-06
8.17969e-06
7.31606e-06
6.54131e-06
5.84514e-06
5.21915e-06
4.65655e-06
4.15177e-06
3.69989e-06
3.29647e-06
2.93756e-06
2.61939e-06
2.33769e-06
2.08693e-06
1.86092e-06
1.65516e-06
1.4699e-06
1.31062e-06
1.18315e-06
1.08715e-06
1.01448e-06
9.55862e-07
9.06106e-07
8.6305e-07
8.2428e-07
7.87185e-07
7.50785e-07
7.15761e-07
6.82491e-07
6.49522e-07
6.14028e-07
5.73731e-07
5.28512e-07
4.80605e-07
4.33403e-07
3.89905e-07
3.51828e-07
3.19308e-07
2.91732e-07
2.68402e-07
2.48841e-07
2.32186e-07
2.18211e-07
2.06524e-07
1.96731e-07
1.88672e-07
1.81895e-07
1.76967e-07
1.72215e-07
1.70596e-07
1.65893e-07
1.68534e-07
1.58872e-07
7.50299e-05
5.8144e-05
4.02748e-05
3.70064e-05
4.78608e-05
6.1051e-05
7.24745e-05
8.47865e-05
9.84527e-05
0.000110981
0.000117384
0.00011085
8.94789e-05
7.93708e-05
7.27266e-05
6.36587e-05
5.40246e-05
4.51862e-05
3.83747e-05
3.41211e-05
3.16318e-05
2.94897e-05
2.65902e-05
2.23955e-05
1.68792e-05
1.06319e-05
4.81032e-06
3.09661e-06
9.51488e-06
1.54274e-05
1.64286e-05
1.74192e-05
2.1122e-05
2.74601e-05
3.40964e-05
3.55412e-05
3.22221e-05
2.7709e-05
2.39338e-05
2.09583e-05
1.84769e-05
1.63454e-05
1.45086e-05
1.29217e-05
1.15385e-05
1.03199e-05
9.2377e-06
8.2721e-06
7.40814e-06
6.63324e-06
5.93664e-06
5.30931e-06
4.74389e-06
4.23445e-06
3.77607e-06
3.36448e-06
2.99584e-06
2.66679e-06
2.37426e-06
2.11491e-06
1.88435e-06
1.67745e-06
1.49036e-06
1.32336e-06
1.18158e-06
1.07085e-06
9.90742e-07
9.32819e-07
8.86579e-07
8.45391e-07
8.06464e-07
7.68077e-07
7.29127e-07
6.90151e-07
6.52942e-07
6.18592e-07
5.86047e-07
5.52567e-07
5.15614e-07
4.74558e-07
4.31053e-07
3.88039e-07
3.48282e-07
3.13376e-07
2.83614e-07
2.58467e-07
2.37264e-07
2.18979e-07
2.03408e-07
1.90311e-07
1.79348e-07
1.70204e-07
1.62721e-07
1.56438e-07
1.51832e-07
1.47508e-07
1.46067e-07
1.42274e-07
1.44888e-07
1.37992e-07
)
;

boundaryField
{
    outlet
    {
        type            zeroGradient;
    }
    inlet
    {
        type            zeroGradient;
    }
    lowerWall
    {
        type            zeroGradient;
    }
    upperWall
    {
        type            zeroGradient;
    }
    frontAndBack
    {
        type            empty;
    }
}


// ************************************************************************* //
