/*--------------------------------*- C++ -*----------------------------------*\
  =========                 |
  \\      /  F ield         | OpenFOAM: The Open Source CFD Toolbox
   \\    /   O peration     | Website:  https://openfoam.org
    \\  /    A nd           | Version:  10
     \\/     M anipulation  |
\*---------------------------------------------------------------------------*/
FoamFile
{
    format      ascii;
    class       volScalarField;
    location    "0.055";
    object      p;
}
// * * * * * * * * * * * * * * * * * * * * * * * * * * * * * * * * * * * * * //

dimensions      [0 2 -2 0 0 0 0];

internalField   nonuniform List<scalar> 
6820
(
6.80323
-7.52749
-9.52539
-9.70481
-9.85798
-9.79485
-9.75855
-9.77251
-9.81011
-9.86146
-9.92009
-9.98226
-10.0463
-10.1115
-10.1773
-10.2434
-10.3097
-10.376
-10.4421
-10.5079
-10.5732
-10.6377
-10.7014
-10.7638
-10.8249
-10.8841
-10.9409
-10.9946
-11.0448
-11.0879
-11.1299
-11.1438
-11.2028
1.42573
-7.32459
-9.33031
-9.58325
-9.78841
-9.7889
-9.77395
-9.79431
-9.83209
-9.88065
-9.93609
-9.99541
-10.0571
-10.1205
-10.1849
-10.2501
-10.3157
-10.3815
-10.4473
-10.5128
-10.5779
-10.6424
-10.7061
-10.7687
-10.8299
-10.8894
-10.9466
-11.001
-11.0521
-11.0981
-11.1425
-11.1761
-11.2547
-0.65388
-6.11204
-8.53658
-9.12776
-9.50796
-9.65134
-9.69849
-9.74593
-9.79954
-9.85796
-9.92033
-9.98491
-10.0506
-10.1168
-10.1832
-10.2497
-10.3161
-10.3825
-10.4486
-10.5143
-10.5795
-10.6441
-10.7079
-10.7708
-10.8324
-10.8927
-10.9512
-11.0076
-11.0624
-11.1148
-11.1708
-11.228
-11.3356
-2.22072
-5.92824
-8.23885
-8.88835
-9.26991
-9.47659
-9.57402
-9.65351
-9.73018
-9.80371
-9.87579
-9.94706
-10.0177
-10.088
-10.1578
-10.2272
-10.2961
-10.3646
-10.4326
-10.5
-10.5668
-10.6329
-10.6982
-10.7627
-10.8263
-10.8891
-10.951
-11.0125
-11.0747
-11.1394
-11.2142
-11.3066
-11.4581
-3.50487
-5.97128
-7.93021
-8.61304
-9.02303
-9.29566
-9.44715
-9.55738
-9.65376
-9.74066
-9.82219
-9.90075
-9.97698
-10.0514
-10.1246
-10.1967
-10.2679
-10.3383
-10.4079
-10.4767
-10.5448
-10.6122
-10.679
-10.7452
-10.811
-10.8768
-10.943
-11.0107
-11.0823
-11.1609
-11.2557
-11.3772
-11.5598
-4.4612
-6.0929
-7.74458
-8.45846
-8.87798
-9.17286
-9.35045
-9.47724
-9.58573
-9.6822
-9.77089
-9.85494
-9.93573
-10.014
-10.0902
-10.1648
-10.238
-10.3101
-10.3811
-10.4513
-10.5206
-10.5894
-10.6576
-10.7255
-10.7936
-10.8623
-10.9327
-11.0064
-11.0861
-11.1759
-11.2846
-11.4219
-11.6134
-5.20524
-6.30334
-7.65517
-8.33938
-8.74533
-9.04889
-9.25062
-9.39687
-9.51947
-9.62657
-9.72303
-9.81284
-9.89803
-9.97967
-10.0586
-10.1354
-10.2105
-10.2842
-10.3566
-10.428
-10.4985
-10.5683
-10.6377
-10.7071
-10.7769
-10.8479
-10.9213
-10.9989
-11.0835
-11.1792
-11.2931
-11.4328
-11.6146
-5.78752
-6.53138
-7.61537
-8.25299
-8.64767
-8.95358
-9.17008
-9.32897
-9.46059
-9.57494
-9.67718
-9.77156
-9.86048
-9.94527
-10.0269
-10.1059
-10.1829
-10.2581
-10.3319
-10.4045
-10.4761
-10.5469
-10.6174
-10.688
-10.7592
-10.832
-10.9075
-10.9875
-11.0747
-11.1725
-11.2863
-11.4213
-11.5867
-6.249
-6.76117
-7.62311
-8.2013
-8.57568
-8.87254
-9.09447
-9.26206
-9.40139
-9.52267
-9.63083
-9.73002
-9.82288
-9.9109
-9.99515
-10.0764
-10.1552
-10.232
-10.307
-10.3807
-10.4533
-10.5251
-10.5965
-10.668
-10.7402
-10.814
-10.8905
-10.9714
-11.0588
-11.1554
-11.2648
-11.3901
-11.5354
-6.61948
-6.97859
-7.65913
-8.17145
-8.5219
-8.80672
-9.03003
-9.20366
-9.34866
-9.47507
-9.58774
-9.6907
-9.78671
-9.87741
-9.96392
-10.0471
-10.1275
-10.2057
-10.2819
-10.3566
-10.43
-10.5026
-10.5747
-10.6467
-10.7194
-10.7936
-10.8702
-10.9506
-11.0365
-11.1296
-11.2321
-11.3455
-11.4706
-6.92021
-7.17731
-7.71383
-8.16124
-8.48557
-8.75509
-8.97457
-9.15022
-9.29844
-9.42847
-9.54484
-9.6512
-9.75021
-9.84353
-9.93231
-10.0174
-10.0994
-10.1789
-10.2563
-10.3319
-10.4061
-10.4793
-10.5518
-10.6241
-10.6969
-10.7708
-10.8467
-10.9255
-11.0084
-11.0965
-11.1907
-11.2913
-11.3976
-7.16671
-7.35497
-7.77865
-8.16489
-8.46167
-8.71426
-8.92709
-9.10256
-9.25263
-9.38529
-9.50456
-9.61371
-9.71523
-9.81077
-9.90148
-9.98823
-10.0717
-10.1524
-10.2307
-10.307
-10.3818
-10.4553
-10.528
-10.6003
-10.6727
-10.7457
-10.8201
-10.8965
-10.9755
-11.0578
-11.1433
-11.2316
-11.3211
-7.37025
-7.51131
-7.84748
-8.17861
-8.44802
-8.68321
-8.88733
-9.06034
-9.21051
-9.34443
-9.46561
-9.57688
-9.68048
-9.77797
-9.87043
-9.95872
-10.0435
-10.1253
-10.2045
-10.2815
-10.3567
-10.4305
-10.5031
-10.575
-10.6467
-10.7185
-10.7909
-10.8643
-10.9389
-11.015
-11.092
-11.1691
-11.2442
-7.53915
-7.64726
-7.91597
-8.19884
-8.44182
-8.65963
-8.85381
-9.0228
-9.17191
-9.30623
-9.4287
-9.54163
-9.64697
-9.74613
-9.84013
-9.92977
-10.0157
-10.0984
-10.1783
-10.2559
-10.3313
-10.4051
-10.4775
-10.5488
-10.6194
-10.6895
-10.7596
-10.8296
-10.8997
-10.9697
-11.0389
-11.1061
-11.1694
-7.67955
-7.76422
-7.98107
-8.22263
-8.4409
-8.64198
-8.82574
-8.98964
-9.13667
-9.27055
-9.39357
-9.50759
-9.61423
-9.71474
-9.81003
-9.90084
-9.98777
-10.0713
-10.1518
-10.2297
-10.3054
-10.379
-10.4509
-10.5214
-10.5907
-10.659
-10.7265
-10.7932
-10.8589
-10.9232
-10.9853
-11.0443
-11.0981
-7.79602
-7.86371
-8.04073
-8.24755
-8.4433
-8.6286
-8.80192
-8.96006
-9.1043
-9.23712
-9.36019
-9.47491
-9.58257
-9.68421
-9.78061
-9.87244
-9.96024
-10.0445
-10.1255
-10.2036
-10.2792
-10.3526
-10.4239
-10.4934
-10.5612
-10.6276
-10.6925
-10.7558
-10.8173
-10.8765
-10.9326
-10.9847
-11.0312
-7.89202
-7.9472
-8.09361
-8.27161
-8.44728
-8.61808
-8.78133
-8.93346
-9.07449
-9.20581
-9.32851
-9.44357
-9.55194
-9.65445
-9.75177
-9.84445
-9.93298
-10.0178
-10.0991
-10.1774
-10.2529
-10.3259
-10.3965
-10.4649
-10.5312
-10.5956
-10.658
-10.7182
-10.7759
-10.8306
-10.8817
-10.9284
-10.9693
-7.97011
-8.01596
-8.13882
-8.29322
-8.45135
-8.60907
-8.76293
-8.90909
-9.04669
-9.17625
-9.29831
-9.41345
-9.52233
-9.62555
-9.72363
-9.81704
-9.90619
-9.99142
-10.0731
-10.1514
-10.2267
-10.2991
-10.3689
-10.4361
-10.501
-10.5634
-10.6233
-10.6806
-10.7349
-10.7859
-10.8329
-10.8754
-10.9122
-8.03222
-8.07103
-8.17579
-8.31106
-8.45419
-8.60039
-8.74574
-8.88627
-9.02049
-9.14821
-9.2695
-9.38458
-9.49383
-9.59763
-9.69638
-9.79043
-9.88011
-9.96573
-10.0476
-10.1259
-10.2009
-10.2728
-10.3417
-10.4078
-10.4711
-10.5317
-10.5894
-10.6441
-10.6956
-10.7435
-10.7873
-10.8266
-10.8606
-8.07974
-8.11324
-8.2041
-8.3241
-8.45466
-8.59096
-8.72882
-8.86426
-8.99531
-9.12126
-9.24176
-9.35672
-9.46625
-9.57055
-9.66987
-9.76446
-9.85459
-9.9405
-10.0224
-10.1006
-10.1753
-10.2465
-10.3146
-10.3795
-10.4414
-10.5002
-10.5558
-10.6083
-10.6573
-10.7026
-10.7439
-10.7809
-10.813
-8.11365
-8.14314
-8.22344
-8.33142
-8.45173
-8.57979
-8.71135
-8.84242
-8.97075
-9.09519
-9.21507
-9.33001
-9.43989
-9.54474
-9.64466
-9.73982
-9.83041
-9.91663
-9.99868
-10.0768
-10.1511
-10.2217
-10.289
-10.3528
-10.4133
-10.4705
-10.5244
-10.5749
-10.6219
-10.6652
-10.7046
-10.7399
-10.7708
-8.13458
-8.16108
-8.23347
-8.33225
-8.44448
-8.56594
-8.69244
-8.82
-8.94615
-9.06944
-9.18891
-9.30394
-9.41421
-9.5196
-9.62009
-9.71577
-9.80674
-9.89319
-9.97526
-10.0532
-10.127
-10.1971
-10.2634
-10.3261
-10.3853
-10.441
-10.4933
-10.5421
-10.5873
-10.6289
-10.6668
-10.7009
-10.7311
-8.14282
-8.16717
-8.23384
-8.32586
-8.43208
-8.54865
-8.67145
-8.79656
-8.92134
-9.04411
-9.16366
-9.27917
-9.39016
-9.49635
-9.59763
-9.69399
-9.7855
-9.87229
-9.9545
-10.0323
-10.1059
-10.1753
-10.2409
-10.3026
-10.3606
-10.4151
-10.4659
-10.5132
-10.557
-10.5973
-10.634
-10.6672
-10.6969
-8.13837
-8.16126
-8.22406
-8.31149
-8.41364
-8.52696
-8.64743
-8.77113
-8.89531
-9.01811
-9.13811
-9.25435
-9.36618
-9.47324
-9.57531
-9.67233
-9.76432
-9.85138
-9.93363
-10.0112
-10.0844
-10.1532
-10.2179
-10.2786
-10.3355
-10.3886
-10.4381
-10.4841
-10.5265
-10.5656
-10.6013
-10.6338
-10.6632
-8.12093
-8.14298
-8.20358
-8.28846
-8.38852
-8.50043
-8.62022
-8.74396
-8.86879
-8.99266
-9.11402
-9.23174
-9.34507
-9.45352
-9.55681
-9.65485
-9.7476
-9.83516
-9.91765
-9.99523
-10.0681
-10.1364
-10.2004
-10.2602
-10.316
-10.368
-10.4163
-10.461
-10.5023
-10.5403
-10.5751
-10.607
-10.6359
-8.08987
-8.11165
-8.17154
-8.25574
-8.35551
-8.46763
-8.58813
-8.71301
-8.83932
-8.9649
-9.08806
-9.20756
-9.32255
-9.4325
-9.53707
-9.63611
-9.72959
-9.81759
-9.90023
-9.97769
-10.0502
-10.1179
-10.181
-10.2399
-10.2946
-10.3453
-10.3923
-10.4358
-10.4759
-10.5128
-10.5467
-10.5778
-10.6064
-8.04423
-8.06633
-8.12714
-8.21279
-8.31456
-8.42922
-8.5527
-8.68085
-8.81056
-8.93952
-9.0659
-9.18838
-9.30603
-9.41827
-9.52474
-9.62527
-9.71986
-9.80858
-9.89158
-9.96908
-10.0413
-10.1085
-10.1709
-10.2288
-10.2824
-10.332
-10.3778
-10.42
-10.4589
-10.4946
-10.5275
-10.5577
-10.5854
-7.98256
-8.0055
-8.06866
-8.1575
-8.26288
-8.3815
-8.50914
-8.64149
-8.77534
-8.90824
-9.0383
-9.16412
-9.28471
-9.39946
-9.50798
-9.61013
-9.70588
-9.79534
-9.8787
-9.95619
-10.0281
-10.0946
-10.1562
-10.213
-10.2655
-10.3137
-10.3581
-10.3989
-10.4364
-10.4709
-10.5025
-10.5317
-10.5586
-7.90301
-7.92769
-7.99554
-8.09075
-8.20335
-8.32968
-8.46514
-8.60503
-8.7459
-8.88517
-9.02086
-9.15154
-9.27624
-9.39435
-9.50554
-9.60971
-9.70691
-9.79728
-9.88108
-9.95859
-10.0301
-10.0961
-10.1567
-10.2124
-10.2635
-10.3103
-10.3532
-10.3925
-10.4284
-10.4612
-10.4913
-10.5189
-10.5442
-7.80272
-7.82946
-7.90319
-8.00595
-8.12653
-8.26116
-8.40499
-8.55304
-8.70163
-8.84804
-8.99018
-9.12652
-9.25607
-9.37822
-9.49266
-9.59932
-9.69831
-9.78984
-9.87422
-9.95181
-10.023
-10.0882
-10.1478
-10.2022
-10.2518
-10.297
-10.3382
-10.3756
-10.4097
-10.4408
-10.4692
-10.4952
-10.5191
-7.67881
-7.71002
-7.795
-7.91224
-8.04811
-8.19793
-8.35611
-8.51708
-8.67698
-8.83311
-8.98345
-9.12659
-9.26165
-9.38816
-9.50594
-9.61505
-9.71569
-9.80818
-9.89292
-9.97034
-10.0409
-10.1051
-10.1634
-10.2162
-10.264
-10.3072
-10.3463
-10.3815
-10.4133
-10.442
-10.468
-10.4915
-10.5129
-7.52472
-7.55884
-7.65383
-7.78366
-7.93289
-8.09715
-8.27026
-8.44573
-8.61919
-8.78763
-8.9488
-9.10118
-9.24392
-9.37662
-9.49921
-9.61187
-9.71497
-9.80896
-9.89438
-9.9718
-10.0418
-10.1049
-10.1618
-10.2129
-10.2587
-10.2998
-10.3365
-10.3693
-10.3987
-10.425
-10.4486
-10.4699
-10.4891
-7.33836
-7.38534
-7.50736
-7.66742
-7.84446
-8.03357
-8.22817
-8.4217
-8.6102
-8.79111
-8.9625
-9.12316
-9.2725
-9.41033
-9.53675
-9.65211
-9.75689
-9.85168
-9.93713
-10.0139
-10.0827
-10.1441
-10.1989
-10.2475
-10.2906
-10.3287
-10.3622
-10.3917
-10.4177
-10.4404
-10.4603
-10.4778
-10.493
-7.09808
-7.14417
-7.27991
-7.46031
-7.6621
-7.87977
-8.10342
-8.324
-8.53669
-8.73849
-8.9273
-9.10205
-9.26245
-9.40868
-9.54123
-9.66081
-9.76824
-9.86439
-9.95017
-10.0265
-10.0941
-10.1538
-10.2065
-10.2527
-10.2931
-10.3284
-10.3589
-10.3853
-10.408
-10.4275
-10.4442
-10.4586
-10.471
-6.82202
-6.91583
-7.11952
-7.35322
-7.59251
-7.84001
-8.08782
-8.32797
-8.55709
-8.77291
-8.97358
-9.15822
-9.32665
-9.47911
-9.6162
-9.73874
-9.84771
-9.94413
-10.0291
-10.1036
-10.1686
-10.2252
-10.2741
-10.3162
-10.3521
-10.3826
-10.4082
-10.4295
-10.4468
-10.4609
-10.4719
-10.4805
-10.4871
-6.40017
-6.46801
-6.70235
-6.9932
-7.29981
-7.61517
-7.92262
-8.2123
-8.48149
-8.72857
-8.95281
-9.15476
-9.33555
-9.49652
-9.63917
-9.76504
-9.87564
-9.97242
-10.0567
-10.1299
-10.193
-10.2472
-10.2934
-10.3325
-10.3653
-10.3923
-10.4143
-10.4317
-10.4451
-10.4549
-10.4617
-10.4659
-10.4684
-6.03706
-6.28947
-6.64505
-6.9628
-7.28122
-7.6148
-7.94016
-8.2485
-8.53804
-8.80522
-9.04772
-9.26523
-9.45837
-9.62832
-9.77669
-9.90534
-10.0162
-10.1111
-10.1918
-10.2601
-10.3173
-10.3649
-10.404
-10.4356
-10.4608
-10.4801
-10.4943
-10.5038
-10.5091
-10.5105
-10.5082
-10.503
-10.495
-4.98435
-5.25002
-5.85977
-6.40431
-6.90398
-7.37759
-7.8007
-8.17576
-8.51026
-8.80696
-9.06886
-9.29938
-9.50144
-9.67767
-9.83052
-9.96226
-10.075
-10.1708
-10.2514
-10.3187
-10.3742
-10.4194
-10.4555
-10.4837
-10.5049
-10.5199
-10.5293
-10.5335
-10.5328
-10.5273
-10.5165
-10.5015
-10.4785
-5.03565
-5.59532
-6.03616
-6.39937
-6.87386
-7.36702
-7.82867
-8.26149
-8.65692
-9.00663
-9.31043
-9.57096
-9.7915
-9.97601
-10.1288
-10.254
-10.3554
-10.4367
-10.5008
-10.5505
-10.588
-10.6154
-10.6343
-10.646
-10.6518
-10.6526
-10.649
-10.6414
-10.6297
-10.6132
-10.5898
-10.5574
-10.5045
-0.0953631
-3.78689
-5.11114
-5.77946
-6.57595
-7.25017
-7.79056
-8.26311
-8.67523
-9.02822
-9.32977
-9.58588
-9.80142
-9.98127
-10.13
-10.2519
-10.3507
-10.4297
-10.492
-10.5402
-10.5764
-10.6027
-10.6207
-10.6316
-10.6369
-10.6373
-10.6338
-10.6269
-10.6177
-10.6055
-10.5929
-10.5755
-10.5628
-10.9585
-12.416
-15.0287
-16.8673
-17.3937
-16.8746
-15.7037
-13.8106
-10.8442
-6.9353
-2.9346
0.0532426
1.36854
0.785706
-1.65243
-5.45832
-10.1931
-15.3909
-20.6209
-25.6088
-30.2429
-34.4878
-38.2807
-41.4633
-43.7828
-44.9717
-44.8159
-43.2789
-40.5343
-36.9
-32.6709
-28.0456
-23.2274
-18.5209
-14.2592
-10.6382
-7.67739
-5.30294
-3.4215
-1.94761
-0.807132
0.0636579
0.718457
1.20156
1.54901
1.78991
1.94765
2.0409
2.08456
2.09047
2.06805
2.02483
1.96681
1.8988
1.82464
1.74732
1.66918
1.59196
1.51693
1.44496
1.37664
1.31229
1.25205
1.19595
1.14387
1.09564
1.05097
1.00952
0.970872
0.934597
0.900255
0.867438
0.835798
0.805047
0.774957
0.745352
0.716091
0.687061
0.658175
0.629365
0.600576
0.571768
0.542901
0.513947
0.484866
0.455626
0.426199
0.396552
0.366638
0.336514
0.306061
0.275343
0.244204
0.212924
0.180852
0.149315
0.115459
0.0852364
0.0461982
0.0243681
-11.2589
-12.4888
-14.8229
-16.5387
-17.04
-16.5387
-15.3619
-13.4575
-10.5743
-6.88213
-3.14178
-0.358666
0.826455
0.249918
-1.99498
-5.58418
-10.0216
-14.8996
-19.8647
-24.6497
-29.1107
-33.1774
-36.7699
-39.7405
-41.8702
-42.9314
-42.7432
-41.2952
-38.7532
-35.373
-31.3772
-26.9542
-22.3523
-17.9079
-13.919
-10.5231
-7.71762
-5.43905
-3.61201
-2.1652
-1.03392
-0.160844
0.503281
0.999716
1.36251
1.61949
1.79322
1.9019
1.96015
1.97967
1.96984
1.93818
1.89073
1.83231
1.76681
1.69726
1.62605
1.55496
1.48533
1.41811
1.35391
1.29313
1.23597
1.1825
1.13267
1.08633
1.04327
1.00316
0.965646
0.930321
0.896775
0.864627
0.833546
0.803262
0.773562
0.74428
0.715284
0.68647
0.657757
0.629082
0.600398
0.571668
0.542859
0.513943
0.484888
0.455664
0.426244
0.396602
0.366677
0.336556
0.306092
0.275366
0.244214
0.212929
0.180837
0.149308
0.115417
0.085234
0.0461354
0.0243832
-11.5215
-12.678
-14.6236
-16.0604
-16.4643
-15.9815
-14.8245
-12.9581
-10.2573
-6.9387
-3.66035
-1.21959
-0.118768
-0.638514
-2.69799
-5.97796
-10.0796
-14.5946
-19.2159
-23.7204
-27.9535
-31.8113
-35.1927
-37.9538
-39.899
-40.8368
-40.6318
-39.2939
-36.9583
-33.8063
-30.0143
-25.792
-21.4383
-17.2898
-13.5842
-10.4087
-7.7527
-5.56765
-3.79551
-2.37749
-1.25734
-0.383737
0.288258
0.796918
1.17427
1.44679
1.63619
1.76013
1.83291
1.86609
1.86894
1.84898
1.81224
1.76359
1.70692
1.64531
1.5812
1.51642
1.45236
1.39002
1.33009
1.27301
1.21904
1.1683
1.1208
1.07643
1.03504
0.996338
0.960015
0.925697
0.893002
0.861572
0.831096
0.801321
0.772046
0.743118
0.714415
0.685842
0.657325
0.628806
0.600245
0.571609
0.54287
0.514004
0.484984
0.455783
0.426375
0.396741
0.366874
0.336689
0.306217
0.275482
0.244318
0.213027
0.180915
0.149392
0.115466
0.0853176
0.0461619
0.0244699
-11.7471
-12.7092
-14.2065
-15.349
-15.6688
-15.2077
-14.1058
-12.3733
-9.98806
-7.16907
-4.4326
-2.38403
-1.44661
-1.85621
-3.65262
-6.59234
-10.3145
-14.4567
-18.7139
-22.8804
-26.8198
-30.421
-33.5677
-36.1121
-37.8781
-38.7153
-38.5287
-37.3186
-35.1641
-32.191
-28.5765
-24.5779
-20.5186
-16.69
-13.2632
-10.2953
-7.78083
-5.68735
-3.97115
-2.58384
-1.47681
-0.604488
0.07388
0.593592
0.98463
1.2721
1.47678
1.61577
1.70301
1.74983
1.76544
1.75729
1.73141
1.69267
1.645
1.59151
1.53466
1.47635
1.41802
1.36072
1.30519
1.25194
1.20128
1.15339
1.10832
1.06602
1.02638
0.98917
0.954106
0.920852
0.889056
0.858382
0.82854
0.799295
0.77046
0.741896
0.713492
0.685162
0.656839
0.628475
0.600032
0.571485
0.542812
0.513992
0.485003
0.455821
0.426424
0.396795
0.36692
0.336738
0.306258
0.275516
0.244339
0.213042
0.180913
0.149394
0.115439
0.0853191
0.0461168
0.024477
-11.8776
-12.6289
-13.7069
-14.5342
-14.7326
-14.2928
-13.3043
-11.7952
-9.79534
-7.50098
-5.30829
-3.6722
-2.92406
-3.26284
-4.76523
-7.32024
-10.6495
-14.4158
-18.3245
-22.1617
-25.7869
-29.095
-31.9765
-34.2977
-35.9071
-36.675
-36.5134
-35.391
-33.3467
-30.5034
-27.0753
-23.3501
-19.6236
-16.1181
-12.9552
-10.1814
-7.80191
-5.79844
-4.13894
-2.78397
-1.69192
-0.822643
-0.139424
0.390127
0.793938
1.09569
1.31523
1.469
1.57056
1.63101
1.65941
1.66316
1.64826
1.61958
1.58106
1.53585
1.48643
1.43475
1.3823
1.33018
1.27919
1.2299
1.18267
1.13773
1.09518
1.05503
1.01722
0.981561
0.947817
0.915684
0.884837
0.854967
0.825801
0.797122
0.76876
0.740588
0.712507
0.68444
0.656331
0.628137
0.599828
0.571385
0.542789
0.514026
0.485077
0.455922
0.426541
0.396921
0.367041
0.336862
0.306375
0.275627
0.244438
0.213135
0.180988
0.149471
0.115489
0.0853921
0.0461463
0.0245441
-11.9133
-12.4754
-13.2205
-13.7903
-13.8997
-13.5048
-12.6514
-11.3713
-9.71764
-7.86113
-6.10798
-4.81789
-4.26379
-4.5998
-5.88549
-8.07083
-10.9854
-14.3691
-17.9442
-21.4844
-24.8324
-27.8744
-30.5053
-32.6206
-34.0894
-34.7679
-34.5628
-33.4388
-31.4473
-28.7414
-25.5564
-22.1579
-18.778
-15.5796
-12.6595
-10.0661
-7.81561
-5.90071
-4.29857
-2.97747
-1.90222
-1.03774
-0.3512
0.186939
0.602557
0.917894
1.15179
1.32003
1.43574
1.50975
1.55096
1.56667
1.56286
1.54437
1.51515
1.47836
1.43653
1.39164
1.34521
1.29842
1.25211
1.2069
1.16322
1.12133
1.0814
1.0435
1.0076
0.973572
0.941214
0.91026
0.880414
0.851389
0.822935
0.79485
0.766981
0.739216
0.711467
0.68367
0.655777
0.627753
0.599577
0.571235
0.542713
0.514004
0.48509
0.455959
0.426592
0.396978
0.367095
0.336917
0.306424
0.275669
0.244468
0.21316
0.180996
0.149481
0.115474
0.0853959
0.0461159
0.0245436
-11.8798
-12.3088
-12.8345
-13.2225
-13.2639
-12.9024
-12.1611
-11.0742
-9.70391
-8.19698
-6.7949
-5.77976
-5.37477
-5.71662
-6.85621
-8.75169
-11.2806
-14.2608
-17.4767
-20.7178
-23.8113
-26.6241
-29.0447
-30.9622
-32.2503
-32.788
-32.4925
-31.3567
-29.4612
-26.9699
-24.0937
-21.0426
-17.9919
-15.0723
-12.3734
-9.94866
-7.82211
-5.99437
-4.45001
-3.16411
-2.10733
-1.24935
-0.561021
-0.0155687
0.410849
0.739009
0.986726
1.16908
1.29873
1.38619
1.44019
1.46792
1.47527
1.46708
1.44729
1.41908
1.38498
1.34702
1.30678
1.26545
1.22396
1.18295
1.14292
1.10419
1.06698
1.03141
0.997489
0.965157
0.934247
0.904527
0.875733
0.8476
0.819897
0.792441
0.765095
0.737761
0.710366
0.682857
0.655196
0.627358
0.599327
0.571097
0.54266
0.514013
0.485145
0.456044
0.426697
0.397093
0.367211
0.337036
0.306535
0.275775
0.244564
0.213249
0.18107
0.149554
0.115525
0.085461
0.0461494
0.0245944
-11.8145
-12.1429
-12.5092
-12.7607
-12.7484
-12.4185
-11.7812
-10.8684
-9.74177
-8.52609
-7.41296
-6.62279
-6.33801
-6.67878
-7.69141
-9.3442
-11.5389
-14.1324
-16.959
-19.8493
-22.644
-25.2017
-27.3949
-29.0926
-30.1943
-30.6111
-30.2825
-29.2215
-27.5133
-25.2991
-22.7465
-20.0194
-17.262
-14.5914
-12.0951
-9.82908
-7.82183
-6.07962
-4.5932
-3.34365
-2.30692
-1.45708
-0.76847
-0.216995
0.219179
0.559362
0.820315
1.01638
1.15971
1.2605
1.32724
1.36699
1.38558
1.3878
1.37756
1.35805
1.33183
1.30095
1.26702
1.2313
1.19474
1.15806
1.1218
1.08633
1.05193
1.01877
0.986914
0.956348
0.926949
0.898523
0.870832
0.843635
0.816721
0.789925
0.763125
0.73624
0.709211
0.681999
0.654575
0.626923
0.599038
0.570919
0.542566
0.513978
0.485152
0.456079
0.426748
0.397152
0.36727
0.337096
0.30659
0.275822
0.244602
0.213281
0.181087
0.149569
0.11552
0.0854657
0.0461309
0.0245859
-11.7252
-11.975
-12.2288
-12.385
-12.3381
-12.0411
-11.4974
-10.7359
-9.81494
-8.84009
-7.9643
-7.36128
-7.17932
-7.51925
-8.42227
-9.86651
-11.7739
-14.0265
-16.4863
-19.0119
-21.4674
-23.7238
-25.6558
-27.1469
-28.1074
-28.461
-28.1652
-27.2343
-25.7389
-23.7916
-21.5262
-19.0797
-16.5792
-14.133
-11.824
-9.70789
-7.81529
-6.15674
-4.7282
-3.51596
-2.50071
-1.66057
-0.973159
-0.416956
0.0279088
0.379277
0.652839
0.862177
1.0189
1.13284
1.21224
1.26402
1.29389
1.30659
1.30601
1.29533
1.27712
1.25345
1.22598
1.19599
1.16449
1.13225
1.09987
1.06776
1.03625
1.00558
0.975864
0.94713
0.919303
0.892224
0.865686
0.83947
0.813385
0.787281
0.761057
0.734644
0.708001
0.681101
0.653927
0.626475
0.598746
0.570748
0.542486
0.513967
0.485189
0.456151
0.426842
0.397259
0.367382
0.337211
0.306701
0.275927
0.244697
0.213371
0.181162
0.149641
0.115574
0.0855255
0.0461697
0.0246233
-11.6265
-11.8157
-11.9894
-12.0783
-12.0088
-11.7434
-11.2832
-10.6543
-9.90909
-9.13577
-8.45655
-8.00851
-7.91136
-8.24914
-9.05852
-10.3251
-11.9869
-13.9472
-16.0892
-18.2901
-20.4306
-22.3976
-24.0853
-25.3949
-26.2379
-26.546
-26.2874
-25.4735
-24.1596
-22.4356
-20.4125
-18.2086
-15.9369
-13.6953
-11.5605
-9.58579
-7.80305
-6.22608
-4.85511
-3.68093
-2.68847
-1.85951
-1.17473
-0.615085
-0.162611
0.199078
0.484591
0.706718
0.876508
1.00339
1.09537
1.15914
1.20032
1.22357
1.23274
1.231
1.22092
1.20459
1.18369
1.15956
1.13324
1.10556
1.07714
1.04849
1.01997
0.991867
0.964359
0.937523
0.911329
0.885653
0.860317
0.835127
0.809908
0.78453
0.758906
0.732985
0.706741
0.680162
0.653244
0.625994
0.598423
0.570545
0.542373
0.51392
0.485188
0.456181
0.426892
0.397319
0.367445
0.337274
0.30676
0.27598
0.244741
0.213406
0.181184
0.14966
0.115576
0.0855296
0.0461604
0.0246062
-11.524
-11.6664
-11.7832
-11.8268
-11.7463
-11.5134
-11.1285
-10.6147
-10.0178
-9.41128
-8.89295
-8.57142
-8.54327
-8.8778
-9.60667
-10.7205
-12.1708
-13.8786
-15.746
-17.6673
-19.5372
-21.2552
-22.7289
-23.8698
-24.5985
-24.8591
-24.6254
-23.9039
-22.7376
-21.2004
-19.3864
-17.3975
-15.3323
-13.2781
-11.3049
-9.46338
-7.78567
-6.28802
-4.97412
-3.83858
-2.87004
-2.05363
-1.37287
-0.811041
-0.352041
0.019085
0.315859
0.550267
0.732767
0.872373
0.976777
1.05249
1.10498
1.13883
1.15784
1.16514
1.1633
1.15443
1.14023
1.12206
1.10104
1.07801
1.05367
1.02856
1.0031
0.977642
0.95241
0.927533
0.903026
0.878805
0.85472
0.830599
0.806286
0.781666
0.756669
0.731261
0.705434
0.67919
0.652541
0.625503
0.598097
0.570347
0.542273
0.513892
0.485214
0.456243
0.426979
0.397421
0.367554
0.337386
0.30687
0.276086
0.244838
0.213492
0.181262
0.149733
0.115636
0.0855868
0.0462059
0.0246333
-11.4231
-11.53
-11.6073
-11.6217
-11.5383
-11.337
-11.0187
-10.6037
-10.1318
-9.66346
-9.27712
-9.05881
-9.08601
-9.41531
-10.0737
-11.055
-12.3213
-13.8083
-15.4344
-17.1092
-18.7404
-20.2389
-21.5201
-22.5073
-23.1338
-23.3506
-23.1332
-22.4859
-21.4439
-20.0686
-18.4391
-16.6422
-14.7638
-12.8811
-11.0577
-9.34128
-7.76377
-6.34303
-5.08549
-3.98897
-3.04533
-2.24272
-1.56729
-1.00451
-0.540064
-0.160393
0.146935
0.393088
0.587913
0.739981
0.856662
0.944243
1.00804
1.05252
1.08143
1.09785
1.10435
1.10305
1.09565
1.08357
1.06793
1.04966
1.02948
1.00799
0.985679
0.962932
0.940039
0.917179
0.894415
0.871699
0.848912
0.825902
0.802532
0.778701
0.754356
0.729481
0.704083
0.678183
0.651806
0.624983
0.597744
0.570122
0.542144
0.513834
0.485205
0.456269
0.427026
0.397481
0.367618
0.337452
0.306932
0.276142
0.244884
0.213529
0.181287
0.149753
0.115645
0.0855884
0.0462033
0.0246065
-11.3266
-11.407
-11.4572
-11.4541
-11.3742
-11.2036
-10.9443
-10.6143
-10.2472
-9.89269
-9.61369
-9.47837
-9.54871
-9.87059
-10.4666
-11.3326
-12.4385
-13.732
-15.1448
-16.6001
-18.0177
-19.3189
-20.4286
-21.2801
-21.8147
-21.9894
-21.783
-21.1985
-20.2644
-19.0311
-17.5648
-15.9396
-14.2299
-12.5039
-10.8191
-9.22009
-7.738
-6.39165
-5.18957
-4.13224
-3.21433
-2.42665
-1.75778
-1.19523
-0.726384
-0.339062
-0.0218976
0.235446
0.442191
0.60644
0.735223
0.834578
0.909648
0.96478
1.00363
1.02925
1.04419
1.05054
1.05005
1.04414
1.03399
1.02056
1.00462
0.986837
0.967736
0.947765
0.927269
0.90648
0.885508
0.864345
0.8429
0.821043
0.798652
0.775643
0.751976
0.727653
0.702701
0.677157
0.651062
0.624461
0.597396
0.569908
0.542032
0.513797
0.485224
0.456327
0.427111
0.397582
0.367728
0.337566
0.307045
0.276251
0.244986
0.213625
0.181371
0.14983
0.115712
0.0856458
0.0462571
0.0246259
-11.2363
-11.2975
-11.33
-11.3179
-11.2457
-11.1043
-10.8968
-10.6389
-10.359
-10.0977
-9.90542
-9.83621
-9.93938
-10.2518
-10.7919
-11.557
-12.5229
-13.6468
-14.8718
-16.1325
-17.3598
-18.4847
-19.4416
-20.1711
-20.6225
-20.7587
-20.5607
-20.0299
-19.1891
-18.08
-16.758
-15.2862
-13.7288
-12.1459
-10.5894
-9.10049
-7.70907
-6.43447
-5.28677
-4.26862
-3.37708
-2.60534
-1.94415
-1.38296
-0.91074
-0.516645
-0.190367
0.0776023
0.295845
0.471979
0.61267
0.723689
0.809984
0.875767
0.924602
0.959485
0.982927
0.997024
1.00352
1.00388
0.9993
0.990785
0.979168
0.965148
0.949319
0.93218
0.914132
0.895463
0.876328
0.856762
0.836701
0.816036
0.79466
0.7725
0.749534
0.72578
0.701284
0.676102
0.650293
0.623915
0.597023
0.569667
0.54189
0.513729
0.485208
0.456347
0.427154
0.397639
0.367792
0.337631
0.307107
0.276307
0.245034
0.213666
0.181401
0.14985
0.115712
0.0856434
0.0462593
0.0245883
-11.1532
-11.2008
-11.2225
-11.2074
-11.1455
-11.0314
-10.8691
-10.6722
-10.4645
-10.2792
-10.1564
-10.139
-10.2661
-10.567
-11.0566
-11.7329
-12.5762
-13.5515
-14.6112
-15.7
-16.7585
-17.7265
-18.5468
-19.1676
-19.5445
-19.6453
-19.4529
-18.9677
-18.2079
-17.2077
-16.0135
-14.6789
-13.2591
-11.8071
-10.3691
-8.98316
-7.67772
-6.47214
-5.37757
-4.3984
-3.53371
-2.77878
-2.12631
-1.56751
-1.0929
-0.692893
-0.358214
-0.0801856
0.149125
0.336834
0.489225
0.611783
0.709244
0.785668
0.844512
0.888704
0.920715
0.942629
0.956196
0.96289
0.963951
0.960422
0.953184
0.942988
0.930482
0.916222
0.900667
0.884158
0.866903
0.848972
0.830335
0.8109
0.790572
0.769293
0.747052
0.723885
0.699859
0.675049
0.649532
0.623383
0.596668
0.569449
0.541776
0.513692
0.485228
0.456408
0.427242
0.397745
0.367907
0.33775
0.307227
0.276423
0.245144
0.213768
0.181495
0.149932
0.115789
0.0857015
0.0463223
0.0246018
-11.0775
-11.1161
-11.1319
-11.1178
-11.0676
-10.9787
-10.8554
-10.7096
-10.5612
-10.437
-10.3693
-10.3917
-10.5351
-10.8227
-11.2662
-11.8639
-12.5998
-13.4448
-14.3593
-15.2965
-16.2055
-17.0343
-17.7334
-18.2573
-18.5675
-18.636
-18.4475
-18.0015
-17.3122
-16.4077
-15.3269
-14.115
-12.8196
-11.487
-10.1585
-8.86879
-7.64473
-6.50536
-5.46254
-4.52198
-3.68445
-2.94703
-2.30419
-1.74877
-1.27269
-0.867586
-0.525201
-0.237673
0.00227601
0.201246
0.365123
0.499085
0.607642
0.694683
0.763548
0.817085
0.857716
0.887505
0.9082
0.921293
0.928054
0.929565
0.926756
0.920429
0.911287
0.899945
0.886918
0.872604
0.85726
0.841001
0.823821
0.805649
0.786401
0.766026
0.744529
0.721961
0.698411
0.673975
0.648751
0.622828
0.596288
0.569201
0.541628
0.513618
0.485207
0.456423
0.427282
0.397798
0.367968
0.337813
0.307287
0.276479
0.245192
0.213807
0.181525
0.14995
0.115803
0.0856931
0.0463278
0.0245517
-11.0095
-11.0423
-11.0558
-11.0453
-11.0073
-10.9412
-10.8513
-10.748
-10.6479
-10.5726
-10.5478
-10.6
-10.7534
-11.0261
-11.4274
-11.9553
-12.5967
-13.3275
-14.1146
-14.9184
-15.6954
-16.4012
-16.9928
-17.4306
-17.6814
-17.7207
-17.5347
-17.1222
-16.4944
-15.6743
-14.694
-13.592
-12.4091
-11.1854
-9.95796
-8.75808
-7.61089
-6.53489
-5.5423
-4.63981
-3.82959
-3.11025
-2.47784
-1.92666
-1.44996
-1.04054
-0.691115
-0.394628
-0.144462
0.0654581
0.240604
0.385832
0.505406
0.603034
0.681922
0.744827
0.794117
0.831825
0.859697
0.879237
0.891741
0.898332
0.899987
0.89756
0.891811
0.883412
0.872938
0.860844
0.847441
0.832882
0.817193
0.800318
0.782182
0.76274
0.742008
0.720055
0.696991
0.672935
0.648007
0.622313
0.595949
0.568998
0.541527
0.513593
0.485238
0.456494
0.42738
0.397914
0.368094
0.337943
0.307418
0.276606
0.245314
0.213921
0.181631
0.150043
0.115892
0.0857577
0.0464041
0.0245602
-10.9483
-10.9779
-10.9913
-10.9859
-10.96
-10.914
-10.8524
-10.7841
-10.7228
-10.686
-10.694
-10.7678
-10.9258
-11.1825
-11.5446
-12.0103
-12.5685
-13.1991
-13.8744
-14.561
-15.2221
-15.8196
-16.3163
-16.6781
-16.8763
-16.8894
-16.7052
-16.3217
-15.7477
-15.002
-14.1112
-13.1077
-12.0264
-10.9022
-9.76789
-8.65173
-7.57704
-6.56154
-5.61753
-4.75244
-3.96951
-3.26868
-2.64736
-2.10119
-1.62465
-1.21163
-0.855775
-0.55084
-0.290857
-0.0702863
0.115917
0.272274
0.402785
0.510962
0.599866
0.672152
0.730126
0.775784
0.810864
0.83688
0.855154
0.866849
0.872987
0.874478
0.872137
0.866694
0.858786
0.848928
0.837482
0.824645
0.810471
0.794918
0.777917
0.759427
0.739471
0.718139
0.69556
0.671881
0.647243
0.621772
0.595578
0.568755
0.54138
0.513518
0.485214
0.456505
0.427415
0.397963
0.36815
0.338001
0.307474
0.276657
0.245359
0.213956
0.18166
0.150057
0.115905
0.0857413
0.0464116
0.0244949
-10.894
-10.9222
-10.9373
-10.9377
-10.9231
-10.8947
-10.8567
-10.8168
-10.7864
-10.7793
-10.8118
-10.9
-11.0587
-11.2984
-11.6243
-12.0343
-12.519
-13.0617
-13.6391
-14.223
-14.7823
-15.2845
-15.6977
-15.9926
-16.1443
-16.1341
-15.951
-15.5928
-15.0662
-14.3862
-13.5751
-12.6599
-11.6705
-10.6372
-9.58865
-8.55046
-7.54402
-6.58615
-5.68901
-4.86048
-4.10469
-3.42264
-2.81295
-2.27244
-1.79674
-1.38075
-1.01904
-0.706121
-0.436691
-0.205747
-0.00868107
0.158674
0.300046
0.418733
0.517641
0.599314
0.665984
0.71961
0.761914
0.794419
0.818473
0.835277
0.845899
0.851305
0.852366
0.849877
0.844535
0.836917
0.827439
0.816344
0.80371
0.78951
0.773673
0.75616
0.737001
0.716299
0.694212
0.670911
0.646562
0.621311
0.595285
0.56859
0.541312
0.513521
0.485269
0.456598
0.427533
0.398097
0.368294
0.338148
0.307621
0.276799
0.245496
0.214084
0.181782
0.150161
0.11601
0.0858116
0.0465036
0.024498
-10.8449
-10.873
-10.8904
-10.8968
-10.8925
-10.879
-10.8605
-10.8434
-10.8369
-10.8524
-10.9024
-10.9997
-11.1553
-11.3774
-11.6695
-12.0295
-12.4494
-12.9149
-13.4066
-13.9009
-14.3713
-14.7901
-15.1303
-15.3666
-15.4775
-15.4469
-15.2649
-14.929
-14.4441
-13.8226
-13.0825
-12.2467
-11.3405
-10.3901
-9.42062
-8.45496
-7.5127
-6.60961
-5.75756
-4.96466
-4.23569
-3.57255
-2.97487
-2.44056
-1.96627
-1.54788
-1.1808
-0.860312
-0.581761
-0.340686
-0.13293
0.0453108
0.197474
0.326635
0.43553
0.526584
0.60195
0.663541
0.713065
0.75205
0.781871
0.803767
0.818856
0.828158
0.832605
0.833052
0.830261
0.824871
0.817357
0.808004
0.796922
0.784089
0.769432
0.752906
0.734544
0.714469
0.692863
0.669927
0.645853
0.620811
0.594943
0.568366
0.541176
0.51345
0.485245
0.456606
0.427562
0.39814
0.368343
0.338199
0.307671
0.276845
0.245537
0.214114
0.181809
0.150169
0.116023
0.0857846
0.0465142
0.0244132
-10.8019
-10.8306
-10.8508
-10.8629
-10.8676
-10.8667
-10.8638
-10.8645
-10.8764
-10.9083
-10.9702
-11.0719
-11.2218
-11.4259
-11.6866
-12.0017
-12.364
-12.7617
-13.1785
-13.5944
-13.9871
-14.3332
-14.6096
-14.7947
-14.8701
-14.8217
-14.6408
-14.3245
-13.8768
-13.3071
-12.6306
-11.8663
-11.0355
-10.1608
-9.26416
-8.36597
-7.48397
-6.63287
-5.82408
-5.06578
-4.36318
-3.71893
-3.13353
-2.60582
-2.1334
-1.71305
-1.341
-1.01329
-0.725885
-0.474876
-0.256566
-0.0675267
0.0953777
0.234986
0.353855
0.454283
0.538338
0.607883
0.664607
0.710046
0.7456
0.772547
0.792057
0.805206
0.812991
0.816331
0.816056
0.812872
0.807313
0.79971
0.790198
0.77876
0.765312
0.749797
0.732248
0.712805
0.691678
0.669101
0.645295
0.620453
0.594735
0.568271
0.541165
0.513501
0.485341
0.456734
0.427711
0.398301
0.368511
0.338369
0.307839
0.277007
0.245695
0.21426
0.181949
0.150287
0.116146
0.0858608
0.0466256
0.0244068
-10.7621
-10.7916
-10.8147
-10.8319
-10.8442
-10.8534
-10.8629
-10.8772
-10.9025
-10.9459
-11.0151
-11.1176
-11.2597
-11.4458
-11.6772
-11.9518
-12.2633
-12.6016
-12.9529
-13.3006
-13.6258
-13.9088
-14.1299
-14.2707
-14.3155
-14.252
-14.0724
-13.774
-13.3593
-12.8362
-12.2168
-11.5169
-10.7545
-9.94909
-9.11964
-8.28419
-7.45876
-6.65694
-5.88956
-5.16473
-4.48795
-3.86243
-3.28942
-2.76857
-2.29835
-1.87637
-1.49967
-1.16498
-0.868908
-0.6081
-0.379324
-0.179537
-0.00592047
0.144118
0.272948
0.382731
0.475445
0.552905
0.616781
0.668617
0.709842
0.741776
0.765645
0.782583
0.793649
0.799827
0.802017
0.800993
0.797351
0.791475
0.783524
0.773482
0.761247
0.746741
0.729995
0.711164
0.690493
0.66825
0.644691
0.62003
0.594446
0.568082
0.541051
0.513441
0.48532
0.45674
0.427736
0.398337
0.368552
0.338412
0.307882
0.277045
0.24573
0.214284
0.181974
0.150288
0.116161
0.0858203
0.0466434
0.0242964
-10.7278
-10.7584
-10.7841
-10.8056
-10.824
-10.8412
-10.86
-10.8843
-10.919
-10.9698
-11.0425
-11.1428
-11.2755
-11.4436
-11.6477
-11.8856
-12.1518
-12.4379
-12.732
-13.0203
-13.2869
-13.5151
-13.6882
-13.7908
-13.8093
-13.733
-13.5552
-13.2729
-12.8881
-12.4067
-11.8387
-11.197
-10.497
-9.75494
-8.98747
-8.21038
-7.43804
-6.68287
-5.95506
-5.26252
-4.6109
-4.00383
-3.44315
-2.92928
-2.46145
-2.03805
-1.65687
-1.31535
-1.01071
-0.740161
-0.50094
-0.290406
-0.106063
0.054422
0.193221
0.312356
0.41371
0.499046
0.570017
0.628174
0.674977
0.711796
0.73991
0.760522
0.774759
0.783679
0.788255
0.789334
0.787581
0.783427
0.777055
0.768441
0.75745
0.743977
0.728041
0.709819
0.68959
0.667665
0.644331
0.619834
0.59437
0.568093
0.541127
0.513563
0.485475
0.456917
0.427927
0.398535
0.368753
0.338611
0.308077
0.277232
0.245911
0.214449
0.182137
0.150421
0.116308
0.0858995
0.0467796
0.0242709
-10.6943
-10.7258
-10.7536
-10.7785
-10.8017
-10.8248
-10.8504
-10.8816
-10.9224
-10.9771
-11.0504
-11.1464
-11.2687
-11.4191
-11.5979
-11.8028
-12.0291
-12.2693
-12.5138
-12.7506
-12.9665
-13.1476
-13.2797
-13.3496
-13.3459
-13.2593
-13.0837
-12.8166
-12.4589
-12.0153
-11.4938
-10.9051
-10.2619
-9.57816
-8.86802
-8.14531
-7.42281
-6.7118
-6.02176
-5.36028
-4.73306
-4.14402
-3.59551
-3.08858
-2.62316
-2.19839
-1.81278
-1.46443
-1.15121
-0.870876
-0.621157
-0.399818
-0.204702
-0.0337444
0.115024
0.24348
0.353415
0.446543
0.524504
0.588868
0.641133
0.682719
0.714971
0.739155
0.756466
0.768031
0.774896
0.777985
0.778038
0.775544
0.770714
0.763511
0.753758
0.741303
0.726152
0.708502
0.688674
0.667027
0.643887
0.619528
0.594162
0.567959
0.541046
0.513522
0.485463
0.456925
0.427947
0.398564
0.368786
0.338645
0.308111
0.277262
0.245941
0.214468
0.182161
0.150415
0.116328
0.0858425
0.0468137
0.0241235
-10.6667
-10.6989
-10.7282
-10.7555
-10.782
-10.8092
-10.8392
-10.8746
-10.9186
-10.9745
-11.0458
-11.1357
-11.2466
-11.3797
-11.5348
-11.7098
-11.9003
-12.1002
-12.3012
-12.4933
-12.6654
-12.8058
-12.9026
-12.9448
-12.9223
-12.8275
-12.6548
-12.4017
-12.0688
-11.6595
-11.1804
-10.64
-10.0489
-9.41878
-8.76176
-8.0898
-7.41416
-6.74496
-6.09095
-5.4593
-4.85564
-4.28409
-3.74742
-3.24722
-2.78408
-2.35782
-1.96764
-1.61233
-1.29038
-1.00009
-0.739705
-0.507402
-0.301376
-0.119839
0.0389685
0.176771
0.295268
0.396123
0.480968
0.551395
0.608944
0.655099
0.691276
0.718819
0.739004
0.753039
0.762054
0.767058
0.768867
0.768027
0.764769
0.759025
0.750552
0.739138
0.724768
0.707665
0.688204
0.666799
0.643818
0.619565
0.594272
0.568119
0.541241
0.513741
0.485697
0.457166
0.428192
0.398807
0.369026
0.338878
0.308337
0.277476
0.246147
0.214654
0.182349
0.150561
0.116503
0.0859179
0.0469847
0.0240597
-10.6371
-10.6695
-10.6996
-10.7285
-10.7571
-10.7868
-10.8192
-10.8567
-10.9017
-10.9567
-11.0243
-11.107
-11.2062
-11.3228
-11.4561
-11.6041
-11.7631
-11.9278
-12.0911
-12.2447
-12.3793
-12.4851
-12.5521
-12.5709
-12.5332
-12.4322
-12.2632
-12.0237
-11.7139
-11.3364
-10.8961
-10.4001
-9.85705
-9.27663
-8.66909
-8.04468
-7.41321
-6.78369
-6.16404
-5.561
-4.98002
-4.42533
-3.90002
-3.40617
-2.94497
-2.51689
-2.12183
-1.75922
-1.4282
-1.12766
-0.856333
-0.612847
-0.395755
-0.203553
-0.0346911
0.11241
0.239364
0.347804
0.439366
0.515676
0.578333
0.628891
0.668843
0.699609
0.722536
0.738903
0.749915
0.756671
0.76008
0.760772
0.759012
0.754694
0.747486
0.737088
0.723455
0.706842
0.687688
0.666468
0.643602
0.619421
0.594177
0.568059
0.541207
0.513727
0.485698
0.457179
0.428212
0.398832
0.369054
0.338906
0.308366
0.277501
0.246176
0.214669
0.182378
0.15055
0.11654
0.0858391
0.047053
0.0238527
-10.6153
-10.6472
-10.6775
-10.7067
-10.7361
-10.7666
-10.7997
-10.8372
-10.881
-10.9331
-10.9955
-11.0697
-11.1568
-11.2571
-11.37
-11.4934
-11.6241
-11.7576
-11.8879
-12.008
-12.1103
-12.1864
-12.228
-12.2273
-12.1772
-12.0718
-11.9071
-11.6807
-11.3924
-11.0441
-10.6397
-10.1847
-9.68615
-9.15195
-8.59067
-8.01098
-7.42129
-6.8295
-6.2427
-5.66708
-5.10786
-4.56928
-4.05471
-3.56663
-3.1068
-2.67635
-2.27583
-1.90536
-1.56472
-1.25339
-0.970636
-0.715539
-0.487025
-0.283888
-0.104795
0.0516825
0.187077
0.302991
0.401075
0.483004
0.550449
0.605052
0.648401
0.682013
0.707333
0.725735
0.738521
0.746888
0.751843
0.754091
0.753906
0.751109
0.745233
0.735866
0.722936
0.706748
0.687829
0.666731
0.643922
0.619765
0.594529
0.568411
0.541555
0.514067
0.486028
0.457498
0.42852
0.399127
0.369337
0.339175
0.308623
0.277741
0.246408
0.214875
0.182592
0.150705
0.11675
0.0858977
0.0472785
0.0237131
-10.5878
-10.619
-10.6486
-10.6775
-10.7066
-10.7368
-10.7693
-10.8055
-10.8468
-10.8949
-10.9511
-11.0165
-11.0917
-11.1768
-11.271
-11.3725
-11.4783
-11.5846
-11.6865
-11.7781
-11.8529
-11.9041
-11.9247
-11.9081
-11.8484
-11.7406
-11.5811
-11.3678
-11.1002
-10.7795
-10.4087
-9.99208
-9.5352
-9.04446
-8.52685
-7.98955
-7.43968
-6.88399
-6.3287
-5.77941
-5.24101
-4.71771
-4.21303
-3.72988
-3.27059
-2.83689
-2.43005
-2.05089
-1.69985
-1.37707
-1.08235
-0.815232
-0.575031
-0.360829
-0.171498
-0.0057411
0.137919
0.261084
0.365443
0.452741
0.524739
0.58318
0.629749
0.666056
0.693616
0.71387
0.728191
0.737887
0.744108
0.747695
0.748973
0.74767
0.743128
0.734772
0.722485
0.706642
0.687874
0.666822
0.644011
0.619836
0.59458
0.568447
0.541583
0.514092
0.486052
0.457523
0.428546
0.399154
0.369364
0.339201
0.308652
0.277765
0.246441
0.214891
0.182634
0.150689
0.11682
0.085787
0.0474148
0.0233995
-10.5716
-10.6011
-10.6292
-10.6566
-10.6841
-10.7125
-10.7428
-10.776
-10.8133
-10.8558
-10.9046
-10.9603
-11.0233
-11.0935
-11.17
-11.2511
-11.3344
-11.4166
-11.4934
-11.5601
-11.6112
-11.6411
-11.644
-11.6143
-11.5472
-11.4384
-11.2848
-11.0843
-10.8363
-10.5417
-10.2025
-9.82199
-9.40439
-8.95476
-8.47866
-7.98187
-7.4702
-6.94926
-6.42435
-5.90038
-5.38184
-4.87281
-4.37699
-3.89767
-3.43772
-2.99956
-2.58516
-2.19609
-1.83349
-1.49815
-1.19046
-0.910481
-0.65791
-0.432148
-0.232276
-0.0571327
0.0947158
0.224892
0.335143
0.427311
0.503274
0.564912
0.614035
0.652378
0.681577
0.703185
0.718693
0.729534
0.737005
0.742059
0.745016
0.74542
0.742333
0.734975
0.72322
0.707571
0.688817
0.667703
0.644808
0.620551
0.595223
0.569027
0.542108
0.514571
0.486491
0.457927
0.42892
0.399501
0.36969
0.339505
0.308939
0.278029
0.246697
0.215113
0.182876
0.150848
0.117078
0.0858078
0.047737
0.0231124
-10.5452
-10.5727
-10.5988
-10.6242
-10.6496
-10.6755
-10.7028
-10.7323
-10.7649
-10.8014
-10.8426
-10.8889
-10.9404
-10.9968
-11.0573
-11.1205
-11.184
-11.2453
-11.3007
-11.3463
-11.3776
-11.3899
-11.3786
-11.3389
-11.2668
-11.1588
-11.012
-10.8247
-10.5963
-10.3269
-10.0181
-9.67224
-9.2924
-8.88239
-8.44641
-7.98891
-7.51439
-7.02729
-6.53188
-6.03232
-5.5326
-5.03665
-4.54831
-4.0713
-3.60909
-3.16485
-2.74132
-2.34088
-1.96546
-1.61653
-1.29508
-1.00168
-0.736402
-0.498944
-0.288581
-0.10423
0.0555447
0.192422
0.308234
0.404953
0.484602
0.549206
0.600709
0.640956
0.671649
0.694375
0.710691
0.722184
0.7304
0.736547
0.741027
0.743166
0.741625
0.735307
0.724042
0.708493
0.68964
0.66836
0.645296
0.620894
0.595455
0.569182
0.542214
0.514647
0.486551
0.457977
0.428964
0.399541
0.369727
0.339539
0.308977
0.278062
0.246742
0.215136
0.182942
0.150829
0.117206
0.0856433
0.0480048
0.0225931
-10.5356
-10.56
-10.583
-10.6051
-10.6268
-10.6487
-10.6715
-10.6958
-10.7222
-10.7515
-10.7839
-10.82
-10.8595
-10.9022
-10.9473
-10.9934
-11.0388
-11.081
-11.1173
-11.1443
-11.1584
-11.1557
-11.1324
-11.0847
-11.0092
-10.9029
-10.7635
-10.5895
-10.3801
-10.1352
-9.85585
-9.54347
-9.20025
-8.82878
-8.43201
-8.01301
-7.57498
-7.12109
-6.65454
-6.1786
-5.69671
-5.21256
-4.73016
-4.25366
-3.78721
-3.33476
-2.89991
-2.48588
-2.09545
-1.7309
-1.39392
-1.08563
-0.806518
-0.556533
-0.335269
-0.141641
0.0257767
0.168826
0.289464
0.389831
0.472148
0.538636
0.591405
0.632457
0.663653
0.686727
0.703376
0.715366
0.724473
0.732093
0.738569
0.742829
0.742977
0.737576
0.726517
0.71076
0.69157
0.669968
0.646638
0.622023
0.596416
0.570007
0.542928
0.515269
0.487097
0.45846
0.429397
0.399933
0.370087
0.33987
0.309286
0.278343
0.24702
0.215369
0.183215
0.150984
0.117539
0.0855944
0.0485152
0.022016
-10.5098
-10.5311
-10.5507
-10.5694
-10.5874
-10.6052
-10.6234
-10.6424
-10.6627
-10.6848
-10.7089
-10.7353
-10.7638
-10.7941
-10.8254
-10.8567
-10.8862
-10.9122
-10.9323
-10.9437
-10.9436
-10.9288
-10.8963
-10.843
-10.7661
-10.6633
-10.5326
-10.3726
-10.1826
-9.96243
-9.71236
-9.43328
-9.12642
-8.79327
-8.43552
-8.05495
-7.65338
-7.23267
-6.79479
-6.342
-5.87702
-5.40327
-4.92494
-4.44679
-3.97375
-3.51066
-3.06214
-2.63243
-2.2252
-1.84349
-1.48971
-1.1656
-0.872074
-0.609307
-0.377012
-0.174172
0.000685474
0.149641
0.274767
0.378431
0.463157
0.531336
0.585279
0.627156
0.658847
0.682055
0.698529
0.710264
0.719435
0.727839
0.735926
0.742242
0.744221
0.739915
0.729152
0.713153
0.6935
0.671412
0.64766
0.622716
0.596872
0.570307
0.543132
0.515417
0.487213
0.458556
0.42948
0.400004
0.370151
0.339926
0.309344
0.278392
0.247085
0.215403
0.183316
0.150956
0.117757
0.0853332
0.0490361
0.0210799
-10.5087
-10.5253
-10.5401
-10.5536
-10.5661
-10.578
-10.5897
-10.6017
-10.6142
-10.6276
-10.6422
-10.6579
-10.6747
-10.6922
-10.7097
-10.7264
-10.7409
-10.7516
-10.7567
-10.7541
-10.7413
-10.7161
-10.6759
-10.6183
-10.5413
-10.4428
-10.3214
-10.1759
-10.0054
-9.80977
-9.58882
-9.34285
-9.07226
-8.77758
-8.45933
-8.11799
-7.75401
-7.36779
-6.95984
-6.53111
-6.08333
-5.61938
-5.1435
-4.66109
-4.1781
-3.70048
-3.23389
-2.78371
-2.35511
-1.95227
-1.57827
-1.23554
-0.925511
-0.648739
-0.404786
-0.192604
-0.0105116
0.143456
0.271865
0.377391
0.462878
0.531072
0.584445
0.625389
0.656099
0.678524
0.694589
0.706489
0.716599
0.726744
0.737052
0.745431
0.748715
0.744747
0.733586
0.716866
0.696485
0.673791
0.649572
0.624274
0.598159
0.571379
0.544028
0.516168
0.487846
0.459098
0.429951
0.400422
0.370529
0.34027
0.309667
0.278685
0.247381
0.215647
0.183632
0.151105
0.118215
0.0851713
0.0499338
0.019916
-10.484
-10.4962
-10.5067
-10.5157
-10.5233
-10.5299
-10.5358
-10.5413
-10.5467
-10.5522
-10.5581
-10.5642
-10.5705
-10.5766
-10.5821
-10.5861
-10.5877
-10.5855
-10.5782
-10.564
-10.5413
-10.508
-10.4624
-10.4026
-10.3271
-10.2342
-10.1229
-9.99225
-9.84162
-9.67064
-9.47909
-9.26681
-9.03364
-8.77926
-8.50315
-8.20447
-7.88205
-7.5344
-7.15999
-6.75781
-6.32809
-5.87303
-5.39726
-4.90729
-4.40999
-3.91303
-3.42397
-2.94921
-2.49482
-2.06647
-1.66872
-1.30452
-0.97577
-0.683243
-0.426518
-0.204484
-0.0152271
0.143646
0.275066
0.382187
0.468111
0.535906
0.588711
0.629106
0.659179
0.680815
0.696041
0.707256
0.717059
0.727437
0.73851
0.747958
0.752253
0.748918
0.737839
0.720704
0.699618
0.676139
0.651209
0.625358
0.598859
0.57184
0.544352
0.516418
0.488055
0.459277
0.430105
0.400552
0.370641
0.340364
0.309755
0.278755
0.247469
0.215686
0.183767
0.15105
0.118557
0.0847394
0.0509466
0.0181166
-10.4929
-10.4986
-10.5027
-10.5046
-10.5048
-10.5038
-10.5015
-10.4984
-10.4947
-10.4905
-10.4859
-10.4811
-10.4758
-10.4698
-10.4627
-10.4538
-10.4424
-10.4275
-10.408
-10.3827
-10.3502
-10.3092
-10.2583
-10.1962
-10.1218
-10.0343
-9.9327
-9.81667
-9.68594
-9.5404
-9.37995
-9.20437
-9.01306
-8.80495
-8.5783
-8.33062
-8.0586
-7.75821
-7.42501
-7.05507
-6.64607
-6.1987
-5.71795
-5.21256
-4.69233
-4.16555
-3.64107
-3.12952
-2.6395
-2.17771
-1.7494
-1.35833
-1.00687
-0.695944
-0.425207
-0.1932
0.00239073
0.164566
0.296816
0.40287
0.486439
0.551288
0.600513
0.637122
0.664341
0.684474
0.699564
0.711816
0.723281
0.735089
0.746599
0.755321
0.758227
0.753517
0.741493
0.723817
0.70237
0.678563
0.653308
0.627147
0.600365
0.573091
0.545378
0.517252
0.488734
0.459839
0.430584
0.400972
0.37102
0.340711
0.310087
0.27906
0.247791
0.215952
0.184147
0.151207
0.11922
0.0844208
0.0526733
0.0157002
-10.4702
-10.4716
-10.4713
-10.4681
-10.4625
-10.4551
-10.446
-10.4354
-10.4236
-10.4107
-10.3969
-10.3821
-10.3662
-10.3492
-10.3305
-10.3098
-10.2864
-10.2596
-10.2287
-10.1926
-10.1506
-10.1018
-10.0453
-9.98047
-9.90684
-9.82412
-9.73241
-9.6321
-9.5236
-9.40729
-9.28326
-9.15108
-9.00951
-8.85631
-8.6881
-8.50022
-8.28658
-8.03981
-7.75173
-7.41501
-7.0248
-6.5814
-6.09149
-5.56493
-5.01149
-4.4454
-3.88042
-3.32755
-2.79642
-2.29539
-1.83119
-1.40866
-1.03077
-0.698721
-0.412095
-0.169089
0.0331828
0.198431
0.330917
0.435158
0.5157
0.576854
0.622858
0.657072
0.681859
0.699616
0.712408
0.722115
0.730643
0.739447
0.748597
0.756224
0.759327
0.755662
0.744538
0.727215
0.705538
0.681117
0.655135
0.62833
0.601077
0.57352
0.545676
0.51751
0.488987
0.460086
0.43081
0.401164
0.37118
0.340836
0.310194
0.279133
0.247877
0.215966
0.184283
0.151076
0.119683
0.0837137
0.0546458
0.0120795
-10.486
-10.4807
-10.4724
-10.4597
-10.4445
-10.4272
-10.4074
-10.3856
-10.3621
-10.337
-10.3104
-10.2823
-10.2525
-10.221
-10.1875
-10.1516
-10.113
-10.0713
-10.0261
-9.97694
-9.92356
-9.86573
-9.80335
-9.73651
-9.66552
-9.59094
-9.51348
-9.4339
-9.35297
-9.27115
-9.18829
-9.10325
-9.01367
-8.91588
-8.80493
-8.67462
-8.51725
-8.32307
-8.08044
-7.77745
-7.40438
-6.95809
-6.44898
-5.89352
-5.3065
-4.70207
-4.09439
-3.49681
-2.92152
-2.37882
-1.87693
-1.42175
-1.01695
-0.664045
-0.362593
-0.11045
0.0958743
0.260865
0.389658
0.487689
0.560454
0.613259
0.650969
0.678018
0.697871
0.712848
0.724409
0.733627
0.741375
0.748454
0.755042
0.760015
0.761294
0.75689
0.745911
0.729091
0.707893
0.683718
0.657707
0.63065
0.603009
0.575017
0.546772
0.518293
0.489561
0.46054
0.431208
0.40154
0.37155
0.341202
0.31057
0.279504
0.248289
0.216332
0.184803
0.151345
0.120651
0.083346
0.0582028
0.00679186
-10.4615
-10.4619
-10.4495
-10.4266
-10.4012
-10.3733
-10.3423
-10.3087
-10.273
-10.2353
-10.1958
-10.1545
-10.1115
-10.0668
-10.0204
-9.97221
-9.92225
-9.87045
-9.81682
-9.76141
-9.70433
-9.64576
-9.58593
-9.52517
-9.46389
-9.40261
-9.34195
-9.28251
-9.22475
-9.16869
-9.11364
-9.05794
-8.99876
-8.93196
-8.85219
-8.75279
-8.62531
-8.45903
-8.24093
-7.95859
-7.60056
-7.16484
-6.66005
-6.0988
-5.4967
-4.87138
-4.23914
-3.615
-3.01228
-2.44239
-1.91465
-1.43604
-1.01106
-0.641826
-0.328189
-0.0680107
0.142491
0.308345
0.435396
0.529886
0.598059
0.645799
0.678467
0.700546
0.715352
0.725168
0.731661
0.736319
0.740985
0.74722
0.755131
0.762862
0.767097
0.764972
0.754967
0.73759
0.714623
0.688331
0.660487
0.632149
0.603788
0.575512
0.547237
0.518819
0.490129
0.461085
0.431672
0.401895
0.371799
0.341355
0.310655
0.279507
0.24827
0.216192
0.184777
0.150966
0.120983
0.082203
0.0608483
0.00213471
-10.4661
-10.4712
-10.4566
-10.4254
-10.3909
-10.3538
-10.3137
-10.2715
-10.2276
-10.1823
-10.1357
-10.0879
-10.039
-9.989
-9.93802
-9.88602
-9.83297
-9.77889
-9.72384
-9.66794
-9.61138
-9.55431
-9.49687
-9.43921
-9.38151
-9.3241
-9.26753
-9.21244
-9.15945
-9.10876
-9.05974
-9.01053
-8.95797
-8.89781
-8.82544
-8.73616
-8.62397
-8.47869
-8.28448
-8.02371
-7.67582
-7.23615
-6.72325
-6.15516
-5.54597
-4.91287
-4.27157
-3.63719
-3.02357
-2.44282
-1.90501
-1.41774
-0.985995
-0.612143
-0.296086
-0.0355406
0.17356
0.336604
0.459825
0.549847
0.613323
0.656599
0.68547
0.704931
0.718863
0.729775
0.738948
0.74696
0.754148
0.760724
0.766401
0.770004
0.769686
0.763628
0.751657
0.734005
0.711976
0.687047
0.660405
0.632835
0.604781
0.576454
0.54793
0.519206
0.490247
0.461009
0.431471
0.401612
0.371457
0.340959
0.310221
0.279027
0.247794
0.215653
0.184351
0.150299
0.12085
0.0810215
0.0610194
0.00178669
-10.5471
-10.5126
-10.48
-10.4446
-10.4063
-10.3662
-10.3242
-10.2804
-10.2352
-10.1886
-10.1408
-10.0918
-10.0418
-9.99089
-9.93904
-9.88631
-9.83274
-9.77836
-9.72324
-9.6675
-9.61125
-9.55464
-9.4978
-9.44086
-9.384
-9.32748
-9.27159
-9.21669
-9.16297
-9.11029
-9.05786
-9.00394
-8.94578
-8.87946
-8.80008
-8.7018
-8.57738
-8.41737
-8.20973
-7.94208
-7.60517
-7.18767
-6.69369
-6.13837
-5.53903
-4.91372
-4.27852
-3.64902
-3.0392
-2.46117
-1.92507
-1.43858
-1.00678
-0.632117
-0.314587
-0.0520508
0.159412
0.325056
0.451014
0.543836
0.610062
0.65585
0.68672
0.707299
0.721123
0.730633
0.73745
0.742768
0.747692
0.753036
0.758717
0.763372
0.764713
0.760685
0.75012
0.733288
0.711411
0.686184
0.659082
0.63111
0.602817
0.574422
0.545947
0.517325
0.488468
0.459308
0.429822
0.399995
0.369869
0.339392
0.308685
0.277497
0.246312
0.214124
0.182959
0.148681
0.119662
0.0792069
0.059527
0.00242237
-13.6422
-13.6955
-13.3899
-12.9839
-13.0618
-13.6855
-14.5687
-15.3849
-15.8825
-16.1169
-16.2256
-16.2569
-16.275
-16.2945
-16.2334
-16.2425
-16.4478
-16.7444
-17.2578
-18.1556
-19.6102
-21.657
-24.1504
-26.7726
-29.0983
-30.7083
-31.3255
-30.7814
-28.806
-25.32
-20.7955
-15.6205
-10.22
-4.97675
-0.250086
3.65321
6.5351
8.37303
9.30972
9.56774
9.37848
8.93748
8.3833
7.80047
7.2362
6.71066
6.23648
5.80869
5.38462
4.94947
4.5134
4.08141
3.66411
3.27526
2.92607
2.62115
2.35805
2.13078
1.93371
1.76319
1.61703
1.49309
1.38858
1.30022
1.22472
1.15927
1.10168
1.05023
1.00352
0.960382
0.919894
0.881367
0.844359
0.808634
0.774098
0.740713
0.708436
0.677175
0.646791
0.617117
0.587977
0.559208
0.530667
0.50223
0.4738
0.445284
0.416623
0.38774
0.358629
0.329173
0.299509
0.269297
0.239156
0.207826
0.177783
0.144117
0.1165
0.0761613
0.0586777
-0.000185232
-14.207
-14.3085
-14.185
-14.2699
-14.8329
-15.755
-16.7261
-17.4784
-17.8883
-17.8553
-17.4009
-16.7624
-16.1981
-15.8183
-15.6672
-15.8536
-16.2055
-16.6963
-17.469
-18.8369
-21.0647
-24.1872
-27.9338
-31.7778
-35.0759
-37.2
-37.6306
-36.1199
-32.9975
-28.7924
-23.7375
-18.2287
-12.5918
-7.13872
-2.1698
2.01539
5.18636
7.28671
8.441
8.86929
8.81706
8.48803
8.02401
7.51105
6.99393
6.49475
6.01517
5.55198
5.12458
4.73649
4.36252
3.98266
3.60238
3.2391
2.91006
2.62379
2.3774
2.16175
1.9687
1.79455
1.63944
1.50479
1.39113
1.29724
1.22035
1.15689
1.10315
1.05583
1.01238
0.97106
0.930948
0.891737
0.853504
0.81647
0.780816
0.746593
0.713717
0.682007
0.651248
0.621231
0.591776
0.562731
0.533963
0.505352
0.476789
0.448175
0.419435
0.390488
0.361314
0.331812
0.302079
0.271847
0.241592
0.21033
0.180002
0.146706
0.118324
0.0789462
0.0612141
-0.00191822
-14.0198
-14.218
-15.0098
-16.2269
-17.5606
-18.7625
-19.68
-20.214
-20.337
-20.0101
-19.2681
-18.1908
-17.0677
-16.238
-15.953
-16.1457
-16.8444
-18.3227
-20.7383
-24.0553
-28.0302
-32.2881
-36.4063
-39.9637
-42.5594
-43.8238
-43.4712
-41.474
-37.9874
-33.3105
-27.854
-22.0326
-16.1693
-10.4939
-5.22311
-0.643233
2.96121
5.46735
6.95553
7.64707
7.80866
7.65923
7.3475
6.9617
6.54981
6.1362
5.73286
5.34389
4.96753
4.59132
4.21466
3.85259
3.51105
3.19351
2.90195
2.63746
2.39919
2.1853
1.99402
1.82416
1.67493
1.54533
1.43373
1.33797
1.25572
1.18473
1.12293
1.06843
1.01948
0.974629
0.932738
0.893019
0.85499
0.818401
0.783137
0.749134
0.71632
0.68458
0.653759
0.623679
0.594158
0.565029
0.536151
0.507404
0.47869
0.449922
0.421036
0.391959
0.362669
0.333075
0.303249
0.272969
0.242608
0.211386
0.180806
0.147883
0.118515
0.0809625
0.0591627
0.0026525
-14.2909
-14.7387
-16.3075
-17.8924
-19.2463
-20.2768
-20.9659
-21.3095
-21.2957
-20.8677
-20.055
-18.999
-17.9651
-17.2814
-17.1169
-17.5535
-18.9717
-21.534
-25.1271
-29.3909
-33.9154
-38.3913
-42.5982
-46.2839
-49.0703
-50.4783
-50.0793
-47.7197
-43.6081
-38.2378
-32.1586
-25.8791
-19.7274
-13.845
-8.32672
-3.4025
0.621025
3.5397
5.37537
6.35225
6.75024
6.79977
6.65382
6.40234
6.09514
5.76024
5.41292
5.06179
4.71522
4.37756
4.05007
3.73216
3.42342
3.1277
2.85112
2.59797
2.37016
2.16674
1.9856
1.82446
1.68145
1.55516
1.44444
1.34815
1.26493
1.19306
1.13058
1.07549
1.02596
0.980501
0.938014
0.897786
0.859383
0.822553
0.78714
0.753015
0.720047
0.688086
0.656974
0.626553
0.596672
0.567192
0.537988
0.508946
0.47997
0.45097
0.421876
0.392617
0.363161
0.333429
0.303462
0.273088
0.242571
0.211342
0.180452
0.147836
0.117368
0.0816703
0.0540142
0.010339
-14.293
-15.1483
-16.9433
-18.3727
-19.5242
-20.3288
-20.8355
-21.0427
-20.9405
-20.4999
-19.7858
-18.9646
-18.2359
-17.8541
-17.9439
-18.92
-21.129
-24.544
-28.8049
-33.4543
-38.1995
-42.947
-47.6254
-51.9618
-55.4027
-57.2389
-56.8746
-54.1237
-49.3088
-43.1227
-36.2884
-29.4255
-22.9009
-16.7912
-11.0808
-5.89201
-1.53639
1.71362
3.84159
5.06761
5.68021
5.91479
5.92521
5.80237
5.59918
5.34785
5.06895
4.7758
4.47691
4.17593
3.87571
3.58154
3.29808
3.02943
2.77917
2.54858
2.33758
2.14597
1.97321
1.81824
1.68015
1.5579
1.45022
1.35563
1.27264
1.19976
1.13558
1.07865
1.02757
0.981067
0.938057
0.897717
0.859463
0.822904
0.787779
0.753901
0.721116
0.689279
0.658241
0.627856
0.597978
0.568472
0.539216
0.510101
0.481037
0.451941
0.422748
0.393394
0.363844
0.33403
0.303974
0.273545
0.24292
0.211702
0.180578
0.148228
0.116936
0.0826724
0.0514527
0.0153853
-13.8294
-14.9857
-16.6035
-17.924
-18.9815
-19.6997
-20.0962
-20.1781
-19.9559
-19.4603
-18.8043
-18.16
-17.684
-17.4892
-17.9133
-19.4597
-22.3476
-26.3589
-30.9975
-35.8576
-40.8284
-45.9919
-51.3423
-56.507
-60.7092
-63.0119
-62.6781
-59.5341
-54.073
-47.1703
-39.6838
-32.2982
-25.4219
-19.1124
-13.2543
-7.88265
-3.30781
0.16135
2.49099
3.90358
4.69016
5.08245
5.22951
5.22046
5.10961
4.93232
4.71264
4.46719
4.20803
3.94331
3.67866
3.4183
3.16516
2.9222
2.69258
2.47868
2.282
2.10271
1.94055
1.79426
1.66293
1.54556
1.44119
1.34881
1.26737
1.19571
1.13251
1.07639
1.02596
0.979976
0.937427
0.897516
0.85967
0.823493
0.788705
0.755097
0.722502
0.690763
0.659748
0.629327
0.599373
0.569766
0.540399
0.511167
0.481986
0.452776
0.423473
0.394015
0.364366
0.334465
0.304317
0.273824
0.24309
0.211864
0.180526
0.148383
0.116413
0.0832723
0.0495499
0.0183504
-12.7018
-13.84
-15.4797
-16.9563
-18.1073
-18.8162
-19.1233
-19.055
-18.6764
-18.075
-17.3831
-16.7396
-16.2554
-16.1379
-16.8779
-18.9405
-22.3901
-26.8306
-31.7079
-36.7113
-41.8848
-47.421
-53.3281
-59.1253
-63.8664
-66.4796
-66.1785
-62.8152
-56.9796
-49.7024
-41.8935
-34.2427
-27.1807
-20.7648
-14.8194
-9.34973
-4.67075
-1.10153
1.33301
2.8649
3.78047
4.29904
4.55997
4.64867
4.62007
4.51193
4.35106
4.15649
3.94156
3.71517
3.48353
3.25185
3.02445
2.80509
2.5969
2.40193
2.22122
2.05523
1.90341
1.76576
1.64154
1.53001
1.4303
1.34149
1.26256
1.19245
1.13006
1.07425
1.02392
0.977999
0.935588
0.895912
0.858371
0.822534
0.788085
0.754788
0.722459
0.690932
0.660073
0.629762
0.599877
0.570307
0.540951
0.511707
0.482499
0.453251
0.423902
0.394394
0.36469
0.33474
0.304535
0.274005
0.243197
0.211977
0.180484
0.14851
0.116061
0.083739
0.0484019
0.020313
-10.9135
-12.0521
-14.0005
-15.7722
-17.1087
-17.8684
-18.1121
-17.898
-17.3149
-16.4858
-15.563
-14.6822
-14.0091
-13.9106
-14.9468
-17.4924
-21.4314
-26.224
-31.297
-36.4122
-41.7103
-47.44
-53.6026
-59.6617
-64.6095
-67.3367
-67.0848
-63.7102
-57.8564
-50.5924
-42.8271
-35.2129
-28.177
-21.7713
-15.8155
-10.332
-5.65618
-2.09354
0.363675
1.95951
2.96649
3.58404
3.93845
4.11004
4.15325
4.10702
3.99954
3.85112
3.6763
3.48539
3.28586
3.08343
2.88245
2.68645
2.49839
2.3205
2.15426
2.00048
1.85918
1.73027
1.61327
1.50758
1.41251
1.32731
1.2512
1.18328
1.12263
1.06821
1.01902
0.974063
0.93246
0.893502
0.856618
0.821369
0.787433
0.754567
0.722576
0.691317
0.660648
0.630456
0.600636
0.571087
0.541723
0.512449
0.4832
0.453902
0.424499
0.394936
0.365174
0.335171
0.304905
0.274332
0.243449
0.212219
0.180589
0.148732
0.115904
0.0841749
0.0476894
0.0216453
-9.07425
-10.3548
-12.5717
-14.6573
-16.1858
-16.9736
-17.1004
-16.661
-15.777
-14.5839
-13.2606
-12.0029
-11.1035
-11.0565
-12.4192
-15.4327
-19.8143
-24.9258
-30.1811
-35.3814
-40.7068
-46.4225
-52.5215
-58.4757
-63.3112
-65.9691
-65.7618
-62.5618
-57.0086
-50.1077
-42.6871
-35.3523
-28.516
-22.2254
-16.3304
-10.9141
-6.33709
-2.86625
-0.446203
1.1738
2.24289
2.93602
3.36554
3.60644
3.71204
3.72146
3.66346
3.55893
3.42296
3.26641
3.09722
2.92155
2.74425
2.56929
2.39988
2.23836
2.08631
1.94462
1.81363
1.69338
1.58365
1.48402
1.39398
1.31287
1.23999
1.17456
1.11575
1.06267
1.01446
0.970278
0.929308
0.890896
0.854503
0.819703
0.786171
0.753662
0.721977
0.69097
0.660505
0.630463
0.600754
0.571278
0.54196
0.5127
0.483452
0.454143
0.424718
0.395128
0.365334
0.335299
0.304995
0.274395
0.243461
0.21223
0.180501
0.14874
0.115644
0.0843529
0.0471063
0.0224481
-8.23675
-9.58532
-11.9419
-14.1546
-15.69
-16.3525
-16.2484
-15.4727
-14.147
-12.4489
-10.6149
-8.95512
-7.88728
-7.96611
-9.67899
-13.1205
-17.8871
-23.2814
-28.7001
-33.961
-39.2455
-44.7961
-50.6025
-56.1904
-60.6914
-63.1582
-62.9914
-60.0896
-55.0417
-48.7067
-41.7984
-34.8835
-28.3517
-22.2424
-16.4664
-11.1914
-6.79121
-3.47031
-1.12292
0.49664
1.60665
2.35672
2.84619
3.14489
3.30433
3.36295
3.34924
3.28417
3.18316
3.05763
2.91613
2.76531
2.61033
2.45527
2.30339
2.15715
2.01829
1.88792
1.76663
1.65464
1.55187
1.45807
1.37281
1.29562
1.22591
1.16304
1.1063
1.05492
1.00809
0.965049
0.925072
0.88752
0.851875
0.817726
0.784758
0.752728
0.721445
0.690756
0.660537
0.630679
0.601092
0.5717
0.542444
0.513197
0.483948
0.454627
0.425181
0.395563
0.365737
0.335671
0.305328
0.274699
0.243715
0.212474
0.180658
0.148961
0.115652
0.0846746
0.0468609
0.0231311
-8.82545
-10.3174
-12.7448
-14.8933
-16.1241
-16.3519
-15.8078
-14.5779
-12.7151
-10.4011
-8.00678
-5.95973
-4.79749
-5.04762
-7.07377
-10.8615
-15.9307
-21.5416
-27.0975
-32.4071
-37.6153
-42.9249
-48.3266
-53.4212
-57.4763
-59.691
-59.5613
-57.0132
-52.5354
-46.8156
-40.4643
-34.0197
-27.8321
-21.9354
-16.3255
-11.2574
-7.09067
-3.95019
-1.69074
-0.0855181
1.04982
1.84176
2.37849
2.72503
2.93056
3.03223
3.05789
3.02835
2.95921
2.86219
2.7462
2.61815
2.48349
2.34652
2.21066
2.07854
1.95202
1.83237
1.72032
1.61626
1.52025
1.43217
1.35175
1.27858
1.21218
1.152
1.09741
1.04774
1.00226
0.960292
0.921184
0.884356
0.849325
0.815704
0.78319
0.751547
0.720589
0.690168
0.660162
0.630472
0.60101
0.571707
0.542472
0.513303
0.484073
0.454755
0.425301
0.395669
0.365822
0.335737
0.305367
0.274719
0.243698
0.212453
0.180573
0.148929
0.115466
0.0847245
0.0465328
0.0234586
-10.3759
-12.025
-14.6148
-16.6591
-17.4437
-17.0147
-15.9044
-14.1673
-11.7408
-8.8015
-5.79514
-3.41285
-2.19219
-2.58549
-4.85633
-8.88514
-14.1355
-19.8736
-25.5199
-30.8585
-35.9781
-41.0341
-46.0161
-50.6014
-54.1962
-56.1516
-56.0526
-53.8408
-49.8871
-44.7281
-38.9057
-32.9257
-27.0774
-21.4032
-16.0008
-11.1934
-7.29168
-4.33813
-2.16822
-0.58462
0.564556
1.38659
1.96041
2.34645
2.59119
2.73015
2.79033
2.79223
2.75147
2.67999
2.58698
2.47962
2.36356
2.24327
2.12225
2.00322
1.88817
1.7785
1.67508
1.57844
1.48877
1.40608
1.33018
1.26079
1.19753
1.13993
1.08745
1.03952
0.995492
0.954741
0.916663
0.880712
0.846433
0.813457
0.781495
0.75032
0.719754
0.689654
0.659906
0.630415
0.601103
0.571905
0.542751
0.51361
0.484407
0.455102
0.425645
0.396003
0.366138
0.336035
0.305641
0.274972
0.243918
0.212664
0.180727
0.149118
0.115531
0.0849601
0.046473
0.0238421
-11.3969
-13.3783
-16.1039
-18.1017
-18.3721
-17.5322
-16.17
-14.202
-11.3298
-7.77626
-4.26027
-1.50394
-0.263672
-0.763726
-3.19186
-7.32588
-12.6202
-18.3786
-24.0446
-29.3763
-34.4017
-39.2243
-43.8279
-47.9549
-51.1352
-52.8544
-52.7711
-50.83
-47.2981
-42.6089
-37.2646
-31.7148
-26.1785
-20.7308
-15.5744
-11.0635
-7.43234
-4.65543
-2.57
-1.01218
0.142206
0.98519
1.58796
2.00644
2.2843
2.45534
2.54564
2.57531
2.5599
2.51143
2.43926
2.35072
2.2516
2.14648
2.03899
1.93195
1.82747
1.72704
1.63167
1.542
1.45834
1.38079
1.30927
1.24359
1.18342
1.12841
1.07805
1.03185
0.989244
0.949649
0.912521
0.87736
0.843743
0.811324
0.779831
0.74905
0.718811
0.688978
0.659444
0.630121
0.600936
0.571831
0.542746
0.513645
0.484472
0.455178
0.425721
0.396073
0.366194
0.33608
0.305668
0.274984
0.243904
0.212644
0.180664
0.149084
0.115405
0.0849635
0.0462781
0.0239701
-11.4173
-13.3666
-16.2109
-18.1702
-18.4338
-17.5334
-16.1657
-14.232
-11.22
-7.27989
-3.30172
-0.377501
0.938858
0.399784
-2.11412
-6.24181
-11.4506
-17.1131
-22.7121
-27.986
-32.9049
-37.5203
-41.8041
-45.5475
-48.3789
-49.8922
-49.8021
-48.0516
-44.8398
-40.5459
-35.6312
-30.4579
-25.1953
-19.983
-15.1099
-10.9123
-7.53687
-4.91719
-2.90856
-1.37876
-0.22541
0.631659
1.2569
1.70195
2.00769
2.20622
2.32271
2.37681
2.38391
2.35602
2.30258
2.23102
2.14726
2.05598
1.96088
1.86487
1.77012
1.67824
1.59034
1.50715
1.42908
1.35632
1.28888
1.22663
1.16936
1.11675
1.06841
1.02389
0.982685
0.944267
0.908131
0.873809
0.840904
0.80909
0.77811
0.747761
0.717883
0.688348
0.659056
0.629923
0.600885
0.57189
0.542886
0.513838
0.484696
0.455418
0.425969
0.396321
0.366431
0.33631
0.305881
0.275183
0.24408
0.212812
0.180794
0.149233
0.115479
0.0851323
0.0462869
0.0241968
-11.2057
-12.6245
-15.4854
-17.4692
-17.8683
-17.1558
-15.9206
-14.0628
-11.1071
-7.11872
-2.90799
0.204657
1.4894
0.816801
-1.63747
-5.62667
-10.6399
-16.1046
-21.5483
-26.7023
-31.4892
-35.9122
-39.9265
-43.3561
-45.9007
-47.2365
-47.1176
-45.4906
-42.5316
-38.5948
-34.0647
-29.2
-24.17
-19.2083
-14.6508
-10.7658
-7.62022
-5.13561
-3.19496
-1.69348
-0.545243
0.320796
0.963293
1.42994
1.75902
1.98105
2.12025
2.1958
2.22285
2.21335
2.17674
2.12053
2.05068
1.97196
1.88814
1.80219
1.71636
1.63235
1.55134
1.47416
1.4013
1.33303
1.26944
1.21048
1.15598
1.10571
1.05933
1.01643
0.976573
0.939277
0.904073
0.87053
0.838276
0.807007
0.776482
0.746512
0.716947
0.687667
0.658578
0.629605
0.600691
0.571786
0.542848
0.513843
0.484729
0.455468
0.426031
0.396378
0.366477
0.336351
0.305909
0.2752
0.244077
0.212803
0.180756
0.14921
0.115399
0.0851252
0.046171
0.0242411
)
;

boundaryField
{
    outlet
    {
        type            fixedValue;
        value           uniform 0;
    }
    inlet
    {
        type            zeroGradient;
    }
    lowerWall
    {
        type            zeroGradient;
    }
    upperWall
    {
        type            zeroGradient;
    }
    frontAndBack
    {
        type            empty;
    }
}


// ************************************************************************* //
