/*--------------------------------*- C++ -*----------------------------------*\
  =========                 |
  \\      /  F ield         | OpenFOAM: The Open Source CFD Toolbox
   \\    /   O peration     | Website:  https://openfoam.org
    \\  /    A nd           | Version:  10
     \\/     M anipulation  |
\*---------------------------------------------------------------------------*/
FoamFile
{
    format      ascii;
    class       volScalarField;
    location    "0.09";
    object      k;
}
// * * * * * * * * * * * * * * * * * * * * * * * * * * * * * * * * * * * * * //

dimensions      [0 2 -2 0 0 0 0];

internalField   nonuniform List<scalar> 
6820
(
0.196709
0.190616
0.184994
0.179724
0.174798
0.17025
0.166114
0.162407
0.159125
0.156249
0.153752
0.151603
0.14977
0.14822
0.146925
0.145855
0.144987
0.144297
0.143765
0.143372
0.143103
0.142943
0.142878
0.142898
0.142991
0.14315
0.143361
0.143643
0.143874
0.144585
0.143269
0.151636
0.114748
0.201954
0.200831
0.197543
0.193922
0.190841
0.188584
0.187155
0.186431
0.186263
0.186519
0.187093
0.187904
0.188893
0.190015
0.191235
0.192529
0.193876
0.195259
0.196667
0.198089
0.199516
0.200944
0.202366
0.203781
0.205186
0.206581
0.207973
0.209366
0.21078
0.212297
0.213745
0.216459
0.217062
0.200488
0.200474
0.199118
0.19707
0.194841
0.19269
0.190725
0.188986
0.187488
0.186232
0.185206
0.184395
0.183779
0.18334
0.183057
0.182912
0.182889
0.182973
0.183149
0.183405
0.183732
0.184119
0.184559
0.185044
0.185569
0.186129
0.186721
0.187345
0.187994
0.188697
0.189386
0.190209
0.190798
0.199662
0.199121
0.198219
0.196983
0.195545
0.194012
0.192458
0.190931
0.189463
0.188074
0.186776
0.185577
0.184479
0.183482
0.182584
0.18178
0.181066
0.180436
0.179884
0.179406
0.178995
0.178646
0.178355
0.178117
0.177928
0.177785
0.177684
0.177625
0.177604
0.177627
0.177684
0.177794
0.177933
0.199429
0.198466
0.197531
0.196513
0.195399
0.194214
0.192986
0.19174
0.190495
0.189267
0.188068
0.186908
0.185793
0.184727
0.183713
0.182752
0.181846
0.180992
0.180191
0.179441
0.178739
0.178085
0.177475
0.176909
0.176383
0.175896
0.175446
0.175033
0.174654
0.17431
0.173998
0.17372
0.173468
0.199398
0.198267
0.197202
0.196166
0.195133
0.194088
0.193029
0.191958
0.190884
0.189812
0.18875
0.187703
0.186678
0.185676
0.184703
0.18376
0.182848
0.181969
0.181124
0.180313
0.179535
0.17879
0.178077
0.177396
0.176747
0.176127
0.175537
0.174975
0.174442
0.173935
0.173456
0.173002
0.172573
0.199395
0.19822
0.197098
0.196021
0.194978
0.193957
0.192952
0.191958
0.190973
0.189997
0.189032
0.188079
0.18714
0.186217
0.185313
0.184429
0.183566
0.182724
0.181906
0.181111
0.18034
0.179593
0.178869
0.178169
0.177493
0.17684
0.176209
0.175602
0.175016
0.174452
0.17391
0.173388
0.172886
0.199395
0.198211
0.197069
0.195969
0.194908
0.193881
0.192884
0.191912
0.190961
0.190029
0.189115
0.188217
0.187336
0.186472
0.185624
0.184794
0.183981
0.183186
0.182409
0.181651
0.180912
0.180191
0.17949
0.178807
0.178143
0.177498
0.176871
0.176262
0.175671
0.175099
0.174544
0.174006
0.173485
0.199395
0.198209
0.197063
0.195955
0.194884
0.19385
0.192848
0.191877
0.190934
0.190017
0.189123
0.188251
0.1874
0.186568
0.185755
0.18496
0.184184
0.183425
0.182683
0.181959
0.181252
0.180561
0.179888
0.17923
0.17859
0.177965
0.177356
0.176764
0.176186
0.175625
0.175078
0.174547
0.174031
0.199395
0.198209
0.197061
0.195951
0.194877
0.193838
0.192833
0.191859
0.190916
0.190001
0.189113
0.18825
0.18741
0.186593
0.185798
0.185022
0.184267
0.18353
0.182811
0.18211
0.181426
0.180758
0.180107
0.179472
0.178853
0.178249
0.17766
0.177085
0.176525
0.17598
0.175448
0.174931
0.174427
0.199395
0.198209
0.197061
0.19595
0.194875
0.193834
0.192827
0.191852
0.190907
0.189992
0.189104
0.188243
0.187407
0.186595
0.185806
0.185039
0.184293
0.183567
0.18286
0.182172
0.181502
0.180849
0.180213
0.179593
0.178988
0.178399
0.177825
0.177266
0.17672
0.176189
0.175671
0.175167
0.174675
0.199395
0.198209
0.19706
0.195949
0.194874
0.193833
0.192825
0.191849
0.190903
0.189987
0.189098
0.188237
0.187402
0.186591
0.185804
0.18504
0.184297
0.183576
0.182875
0.182193
0.181529
0.180884
0.180255
0.179644
0.179049
0.178469
0.177904
0.177354
0.176819
0.176297
0.175789
0.175295
0.174813
0.199395
0.198209
0.19706
0.195949
0.194873
0.193832
0.192824
0.191847
0.190901
0.189984
0.189095
0.188234
0.187398
0.186587
0.185801
0.185037
0.184296
0.183576
0.182876
0.182196
0.181536
0.180894
0.180269
0.179662
0.179071
0.178496
0.177936
0.177392
0.176862
0.176346
0.175844
0.175356
0.17488
0.199395
0.198209
0.19706
0.195949
0.194873
0.193831
0.192823
0.191846
0.1909
0.189983
0.189093
0.188232
0.187396
0.186585
0.185798
0.185034
0.184293
0.183573
0.182874
0.182195
0.181536
0.180894
0.180271
0.179666
0.179077
0.178504
0.177947
0.177405
0.176878
0.176365
0.175866
0.175381
0.174909
0.199395
0.198208
0.19706
0.195948
0.194872
0.193831
0.192822
0.191845
0.190899
0.189981
0.189092
0.18823
0.187394
0.186583
0.185796
0.185032
0.18429
0.183571
0.182872
0.182193
0.181533
0.180893
0.18027
0.179665
0.179076
0.178504
0.177948
0.177408
0.176882
0.17637
0.175873
0.175389
0.174918
0.199395
0.198208
0.19706
0.195948
0.194872
0.19383
0.192822
0.191844
0.190898
0.18998
0.189091
0.188229
0.187392
0.186581
0.185794
0.18503
0.184288
0.183568
0.182869
0.18219
0.181531
0.18089
0.180268
0.179663
0.179074
0.178503
0.177947
0.177406
0.176881
0.17637
0.175873
0.17539
0.17492
0.199395
0.198208
0.19706
0.195948
0.194872
0.19383
0.192821
0.191844
0.190897
0.189979
0.18909
0.188227
0.187391
0.186579
0.185792
0.185028
0.184287
0.183567
0.182867
0.182188
0.181529
0.180888
0.180265
0.17966
0.179072
0.1785
0.177945
0.177404
0.176879
0.176368
0.175871
0.175388
0.174919
0.199395
0.198208
0.19706
0.195948
0.194872
0.19383
0.192821
0.191843
0.190896
0.189979
0.189089
0.188226
0.18739
0.186578
0.185791
0.185027
0.184285
0.183565
0.182866
0.182186
0.181527
0.180886
0.180263
0.179658
0.17907
0.178498
0.177942
0.177402
0.176877
0.176366
0.175869
0.175386
0.174916
0.199395
0.198208
0.197059
0.195948
0.194871
0.193829
0.19282
0.191843
0.190896
0.189978
0.189088
0.188225
0.187389
0.186577
0.18579
0.185025
0.184283
0.183563
0.182864
0.182185
0.181525
0.180884
0.180261
0.179656
0.179068
0.178496
0.17794
0.1774
0.176874
0.176363
0.175867
0.175383
0.174913
0.199395
0.198208
0.197059
0.195948
0.194871
0.193829
0.19282
0.191842
0.190895
0.189977
0.189087
0.188225
0.187388
0.186576
0.185788
0.185024
0.184282
0.183562
0.182862
0.182183
0.181523
0.180882
0.180259
0.179654
0.179066
0.178494
0.177938
0.177397
0.176872
0.176361
0.175864
0.175381
0.174911
0.199395
0.198208
0.197059
0.195947
0.194871
0.193829
0.19282
0.191842
0.190895
0.189977
0.189087
0.188224
0.187387
0.186575
0.185787
0.185023
0.184281
0.183561
0.182861
0.182182
0.181522
0.180881
0.180258
0.179652
0.179064
0.178492
0.177936
0.177395
0.17687
0.176358
0.175861
0.175378
0.174908
0.199395
0.198208
0.197059
0.195947
0.194871
0.193829
0.19282
0.191842
0.190895
0.189976
0.189086
0.188223
0.187386
0.186574
0.185787
0.185022
0.18428
0.183559
0.18286
0.18218
0.18152
0.180879
0.180256
0.179651
0.179062
0.17849
0.177934
0.177393
0.176867
0.176356
0.175859
0.175375
0.174905
0.199395
0.198208
0.197059
0.195947
0.194871
0.193829
0.192819
0.191842
0.190894
0.189976
0.189086
0.188223
0.187386
0.186574
0.185786
0.185021
0.184279
0.183558
0.182859
0.182179
0.181519
0.180878
0.180254
0.179649
0.17906
0.178488
0.177932
0.177391
0.176865
0.176354
0.175856
0.175372
0.174901
0.199395
0.198208
0.197059
0.195947
0.194871
0.193829
0.192819
0.191841
0.190894
0.189976
0.189085
0.188222
0.187385
0.186573
0.185785
0.18502
0.184278
0.183557
0.182858
0.182178
0.181518
0.180876
0.180253
0.179647
0.179059
0.178486
0.17793
0.177389
0.176863
0.176351
0.175853
0.175369
0.174898
0.199395
0.198208
0.197059
0.195947
0.194871
0.193829
0.192819
0.191841
0.190894
0.189975
0.189085
0.188222
0.187385
0.186572
0.185784
0.18502
0.184277
0.183556
0.182857
0.182177
0.181517
0.180875
0.180252
0.179646
0.179057
0.178485
0.177928
0.177387
0.17686
0.176349
0.175851
0.175366
0.174895
0.199395
0.198208
0.197059
0.195947
0.194871
0.193828
0.192819
0.191841
0.190894
0.189975
0.189085
0.188222
0.187384
0.186572
0.185784
0.185019
0.184277
0.183556
0.182856
0.182176
0.181516
0.180874
0.18025
0.179644
0.179055
0.178483
0.177926
0.177385
0.176858
0.176346
0.175848
0.175364
0.174892
0.199395
0.198208
0.197059
0.195947
0.194871
0.193828
0.192819
0.191841
0.190893
0.189975
0.189085
0.188221
0.187384
0.186572
0.185783
0.185018
0.184276
0.183555
0.182855
0.182175
0.181515
0.180873
0.180249
0.179643
0.179054
0.178481
0.177924
0.177383
0.176856
0.176344
0.175846
0.175361
0.174889
0.199395
0.198208
0.197059
0.195947
0.194871
0.193828
0.192819
0.191841
0.190893
0.189975
0.189085
0.188221
0.187384
0.186571
0.185783
0.185018
0.184276
0.183555
0.182854
0.182174
0.181514
0.180872
0.180248
0.179642
0.179053
0.17848
0.177923
0.177381
0.176854
0.176342
0.175843
0.175358
0.174886
0.199395
0.198208
0.197059
0.195947
0.194871
0.193828
0.192819
0.191841
0.190893
0.189975
0.189084
0.188221
0.187383
0.186571
0.185783
0.185018
0.184275
0.183554
0.182854
0.182174
0.181513
0.180871
0.180247
0.179641
0.179052
0.178479
0.177921
0.177379
0.176852
0.17634
0.175841
0.175356
0.174883
0.199395
0.198208
0.197059
0.195947
0.194871
0.193828
0.192819
0.191841
0.190894
0.189975
0.189085
0.188221
0.187384
0.186572
0.185783
0.185018
0.184275
0.183554
0.182854
0.182174
0.181513
0.180871
0.180247
0.179641
0.179051
0.178478
0.177921
0.177379
0.176851
0.176338
0.175839
0.175354
0.174881
0.199395
0.198208
0.197059
0.195947
0.194871
0.193828
0.192819
0.191841
0.190893
0.189975
0.189084
0.188221
0.187384
0.186571
0.185783
0.185018
0.184275
0.183554
0.182854
0.182174
0.181513
0.180871
0.180247
0.17964
0.179051
0.178477
0.17792
0.177378
0.17685
0.176337
0.175838
0.175352
0.174879
0.199395
0.198208
0.197059
0.195948
0.194871
0.193829
0.19282
0.191843
0.190895
0.189977
0.189087
0.188224
0.187386
0.186574
0.185786
0.18502
0.184278
0.183557
0.182856
0.182176
0.181515
0.180873
0.180249
0.179642
0.179052
0.178479
0.177921
0.177378
0.176851
0.176337
0.175838
0.175352
0.174879
0.199395
0.198209
0.19706
0.195949
0.194872
0.19383
0.192821
0.191843
0.190896
0.189978
0.189087
0.188224
0.187387
0.186575
0.185787
0.185022
0.184279
0.183558
0.182858
0.182178
0.181517
0.180874
0.18025
0.179643
0.179053
0.178479
0.177921
0.177378
0.17685
0.176336
0.175836
0.175349
0.174875
0.199395
0.198208
0.19706
0.19595
0.194875
0.193835
0.192827
0.191851
0.190905
0.189987
0.189097
0.188234
0.187397
0.186585
0.185796
0.185031
0.184288
0.183566
0.182865
0.182184
0.181522
0.180879
0.180253
0.179645
0.179053
0.178478
0.177918
0.177373
0.176842
0.176326
0.175823
0.175334
0.174857
0.199396
0.198212
0.197066
0.195957
0.194883
0.193842
0.192834
0.191857
0.190911
0.189993
0.189104
0.188241
0.187404
0.186591
0.185801
0.185035
0.18429
0.183566
0.182862
0.182178
0.181513
0.180865
0.180235
0.179622
0.179025
0.178443
0.177877
0.177326
0.176789
0.176265
0.175755
0.175258
0.174773
0.199396
0.198213
0.197071
0.195969
0.194902
0.193869
0.192866
0.191893
0.190947
0.190029
0.189137
0.18827
0.187426
0.186606
0.185808
0.185032
0.184276
0.183541
0.182824
0.182126
0.181446
0.180783
0.180137
0.179508
0.178894
0.178295
0.177711
0.177142
0.176586
0.176044
0.175515
0.174999
0.174495
0.199402
0.19824
0.197114
0.196018
0.194952
0.193916
0.192908
0.191927
0.190972
0.19004
0.189131
0.188245
0.18738
0.186536
0.185712
0.184908
0.184123
0.183357
0.182609
0.181879
0.181166
0.18047
0.179791
0.179127
0.178479
0.177846
0.177227
0.176623
0.176033
0.175456
0.174892
0.174341
0.173803
0.199421
0.198284
0.197214
0.196182
0.195158
0.194136
0.193118
0.19211
0.191116
0.190141
0.189187
0.188255
0.187346
0.186461
0.185598
0.184758
0.183939
0.183141
0.182364
0.181605
0.180865
0.180143
0.179439
0.178751
0.178079
0.177423
0.176782
0.176155
0.175544
0.174946
0.174361
0.17379
0.173232
0.199655
0.198885
0.198077
0.197302
0.196604
0.195976
0.195405
0.194881
0.194397
0.193951
0.193542
0.193167
0.192826
0.192518
0.192241
0.191996
0.191779
0.191589
0.191426
0.191288
0.191172
0.191078
0.191005
0.190951
0.190914
0.190895
0.190892
0.190905
0.190931
0.190972
0.191025
0.191091
0.191168
0.205419
0.216602
0.227661
0.238503
0.249093
0.259415
0.269459
0.279212
0.288667
0.297818
0.30666
0.315191
0.32341
0.331318
0.338918
0.346213
0.353209
0.35991
0.366324
0.372458
0.378319
0.383915
0.389255
0.394347
0.399199
0.403821
0.408222
0.412409
0.416391
0.420177
0.423774
0.427191
0.430439
0.319815
0.626952
0.955102
1.27064
1.54654
1.76471
1.91988
2.01777
2.07084
2.09282
2.09625
2.09035
2.08089
2.07096
2.06218
2.05557
2.05211
2.05277
2.05836
2.06938
2.08592
2.10767
2.13398
2.16388
2.19608
2.22906
2.26106
2.29013
2.31421
2.33116
2.33878
2.33487
2.31724
2.28369
2.23211
2.16047
2.06694
1.95
1.80869
1.64299
1.45433
1.24649
1.02674
0.807141
0.604934
0.439701
0.325382
0.261404
0.233804
0.226524
0.228877
0.235267
0.242913
0.250415
0.257076
0.262586
0.266865
0.269968
0.272025
0.273199
0.273661
0.273576
0.273091
0.272333
0.27141
0.27041
0.269403
0.268444
0.267574
0.266822
0.266206
0.265735
0.265408
0.265221
0.265163
0.265219
0.265371
0.265598
0.265875
0.266172
0.266455
0.266682
0.266806
0.266772
0.266518
0.265975
0.265067
0.26371
0.261818
0.259301
0.256071
0.252041
0.247133
0.241275
0.234406
0.226473
0.217492
0.207246
0.197276
0.179147
0.228259
0.25551
0.299456
0.363078
0.449445
0.559775
0.69213
0.840684
0.996509
1.14904
1.28795
1.40596
1.50014
1.57162
1.62424
1.66225
1.69063
1.71347
1.73358
1.75278
1.77219
1.7925
1.81406
1.83682
1.86033
1.8837
1.90567
1.92466
1.93885
1.94625
1.94478
1.93232
1.90675
1.86601
1.8082
1.7316
1.63491
1.51738
1.37922
1.22205
1.04962
0.86865
0.689583
0.526354
0.393724
0.301396
0.248342
0.224176
0.216945
0.218358
0.223826
0.230914
0.238282
0.245173
0.251179
0.256115
0.259944
0.26272
0.264555
0.265589
0.265968
0.265834
0.265317
0.26453
0.263572
0.262524
0.261452
0.260411
0.259442
0.258578
0.25784
0.25724
0.256786
0.256476
0.256303
0.256258
0.256325
0.256485
0.256715
0.256988
0.257271
0.257523
0.257701
0.257751
0.257615
0.257224
0.256506
0.255379
0.253758
0.251554
0.248676
0.245039
0.240562
0.235172
0.228806
0.221409
0.212994
0.203345
0.193936
0.176689
0.191503
0.19361
0.198145
0.205973
0.217999
0.235523
0.260473
0.295333
0.342684
0.404358
0.480593
0.569484
0.667141
0.768406
0.86788
0.961406
1.04526
1.11736
1.17772
1.22784
1.26987
1.30593
1.33773
1.36637
1.39234
1.4156
1.43564
1.45156
1.46211
1.46581
1.46098
1.44582
1.41857
1.37755
1.32134
1.24891
1.15986
1.05473
0.9354
0.80557
0.671258
0.540934
0.424761
0.332207
0.268283
0.231013
0.213339
0.207732
0.208869
0.213572
0.219977
0.226945
0.23376
0.239981
0.245354
0.249762
0.253186
0.255674
0.25732
0.258239
0.258555
0.25839
0.257859
0.257062
0.256086
0.255008
0.25389
0.252783
0.25173
0.250764
0.249909
0.249183
0.248595
0.24815
0.247846
0.247677
0.24763
0.247691
0.24784
0.248051
0.248294
0.248534
0.248726
0.248822
0.248766
0.248494
0.247935
0.247011
0.245639
0.243729
0.241193
0.237943
0.233898
0.228981
0.22313
0.216286
0.208456
0.199426
0.190601
0.174269
0.178087
0.178357
0.178852
0.179739
0.181218
0.183523
0.186966
0.192005
0.199295
0.209702
0.224269
0.244123
0.270282
0.303407
0.343555
0.390072
0.441891
0.497759
0.55546
0.612587
0.667039
0.717309
0.762548
0.802459
0.837083
0.866555
0.890901
0.909901
0.923027
0.929463
0.92816
0.917954
0.89769
0.866387
0.82342
0.768733
0.703088
0.628336
0.547656
0.465649
0.38806
0.320871
0.268678
0.23301
0.211974
0.201792
0.198789
0.200282
0.204492
0.210218
0.216626
0.223119
0.229284
0.234842
0.239627
0.243557
0.24662
0.248855
0.250337
0.251161
0.25143
0.251249
0.250716
0.249922
0.248944
0.247852
0.246704
0.245548
0.244427
0.243373
0.242413
0.241566
0.240847
0.240263
0.239818
0.239508
0.239327
0.239263
0.2393
0.239417
0.239586
0.239775
0.239944
0.240049
0.240036
0.239846
0.239412
0.23866
0.237509
0.235872
0.233661
0.230787
0.227167
0.222726
0.217395
0.211115
0.203885
0.195491
0.187266
0.171876
0.173184
0.172885
0.172649
0.172516
0.172521
0.172702
0.173108
0.173803
0.17488
0.176471
0.178761
0.181995
0.186469
0.192501
0.2004
0.210425
0.222788
0.237516
0.254717
0.274338
0.296089
0.319447
0.343706
0.368058
0.391665
0.413722
0.43348
0.450238
0.463323
0.472061
0.475776
0.473826
0.465673
0.450997
0.429841
0.402758
0.370935
0.336247
0.301156
0.268397
0.240433
0.218836
0.203941
0.195038
0.19093
0.190431
0.192553
0.196501
0.201633
0.207419
0.213429
0.219319
0.224828
0.22977
0.234023
0.237528
0.240273
0.242286
0.243626
0.244369
0.244602
0.244414
0.24389
0.243108
0.24214
0.241047
0.239884
0.238695
0.237521
0.236395
0.235343
0.234387
0.233544
0.232824
0.232234
0.231777
0.231448
0.231241
0.231143
0.231138
0.231203
0.231307
0.231418
0.231494
0.231486
0.231342
0.230997
0.230383
0.229423
0.228031
0.226122
0.223608
0.220404
0.216431
0.211621
0.205909
0.199288
0.191542
0.18393
0.169502
0.172095
0.171569
0.171066
0.170594
0.170162
0.169784
0.169477
0.16926
0.169152
0.169181
0.169381
0.169796
0.170483
0.171506
0.17294
0.17486
0.17735
0.180338
0.18384
0.187892
0.192515
0.197706
0.203418
0.209552
0.215959
0.222432
0.22872
0.234528
0.239534
0.243401
0.245795
0.246417
0.245041
0.241566
0.236066
0.228837
0.220398
0.211453
0.202787
0.195131
0.18903
0.184786
0.182474
0.182007
0.183201
0.185812
0.189565
0.194168
0.199327
0.204765
0.210227
0.215496
0.220392
0.22478
0.228565
0.231697
0.234163
0.235983
0.237199
0.237875
0.238081
0.237892
0.237381
0.236619
0.235668
0.234585
0.233418
0.23221
0.230999
0.229816
0.228687
0.227636
0.22668
0.225832
0.225103
0.224496
0.224014
0.223653
0.223406
0.223258
0.223193
0.223185
0.223206
0.223219
0.223181
0.223045
0.222753
0.222241
0.221437
0.22026
0.218627
0.216449
0.213643
0.210128
0.205832
0.200686
0.194676
0.187583
0.18059
0.167138
0.172324
0.171695
0.171076
0.170471
0.169885
0.169323
0.168789
0.168289
0.16783
0.167421
0.16707
0.166793
0.166604
0.166521
0.166565
0.166756
0.167108
0.167608
0.168248
0.169021
0.169923
0.170949
0.172088
0.173324
0.17463
0.175972
0.177301
0.178562
0.179688
0.18061
0.181256
0.181563
0.181486
0.181006
0.180146
0.178978
0.177623
0.176247
0.175041
0.174203
0.173909
0.1743
0.175465
0.177441
0.180205
0.183687
0.187769
0.192306
0.197131
0.202072
0.206962
0.211646
0.215991
0.219892
0.22327
0.226079
0.228304
0.229956
0.231066
0.231684
0.231868
0.231683
0.23119
0.230452
0.229524
0.228457
0.227296
0.22608
0.224845
0.22362
0.22243
0.221299
0.220245
0.219282
0.218422
0.217673
0.217039
0.21652
0.216114
0.215811
0.215598
0.215456
0.21536
0.21528
0.215181
0.215018
0.214742
0.214295
0.213611
0.212614
0.211224
0.209357
0.206926
0.203851
0.200056
0.195468
0.190063
0.183623
0.17725
0.164778
0.172898
0.172236
0.171577
0.170923
0.170278
0.169643
0.169023
0.168421
0.16784
0.167284
0.166757
0.166262
0.165805
0.165392
0.165031
0.16473
0.164493
0.16432
0.164211
0.16416
0.164163
0.164215
0.164311
0.164446
0.164612
0.164802
0.165008
0.165219
0.165424
0.165614
0.165778
0.165912
0.166015
0.166097
0.166177
0.166288
0.166477
0.166806
0.167348
0.16818
0.169379
0.171011
0.17312
0.175729
0.178826
0.18237
0.18629
0.19049
0.194861
0.199281
0.203629
0.207787
0.21165
0.215128
0.218155
0.220686
0.222703
0.224209
0.225228
0.225798
0.225966
0.225786
0.225313
0.224601
0.223699
0.222654
0.221506
0.220292
0.219044
0.21779
0.216555
0.215359
0.214222
0.213159
0.212182
0.211301
0.210523
0.209851
0.209285
0.208821
0.20845
0.208158
0.207926
0.20773
0.207539
0.207318
0.207023
0.206605
0.206003
0.20515
0.203969
0.202379
0.200296
0.197637
0.194323
0.190278
0.185468
0.179671
0.173913
0.16242
0.173446
0.172784
0.172123
0.171462
0.170804
0.170151
0.169507
0.168873
0.168253
0.167648
0.167061
0.166493
0.165949
0.165429
0.164937
0.164476
0.164048
0.163656
0.163301
0.162982
0.1627
0.162452
0.162237
0.162054
0.161901
0.161779
0.161687
0.161625
0.161595
0.161599
0.161644
0.161735
0.161885
0.162107
0.162421
0.162854
0.163437
0.164205
0.165201
0.166464
0.168036
0.169949
0.172223
0.174866
0.177863
0.181181
0.184769
0.188557
0.192462
0.196393
0.200255
0.203952
0.207396
0.21051
0.213234
0.215526
0.217363
0.218744
0.219684
0.220213
0.220369
0.220197
0.219745
0.21906
0.218187
0.217167
0.216038
0.214833
0.213581
0.21231
0.211042
0.209797
0.208593
0.207446
0.206368
0.20537
0.20446
0.203644
0.202925
0.202302
0.20177
0.201321
0.200939
0.200608
0.200304
0.199997
0.199653
0.199228
0.198672
0.197925
0.196915
0.195567
0.193798
0.191525
0.188668
0.185143
0.180909
0.175741
0.170585
0.16006
0.173855
0.173207
0.172557
0.171905
0.171255
0.170606
0.169963
0.169326
0.168699
0.168083
0.167481
0.166894
0.166325
0.165773
0.165241
0.164731
0.164243
0.163779
0.163341
0.162929
0.162546
0.162191
0.161866
0.161572
0.16131
0.161083
0.160894
0.160745
0.160642
0.160592
0.160603
0.160684
0.160849
0.161112
0.161493
0.162012
0.162694
0.163564
0.164651
0.16598
0.167577
0.169459
0.171637
0.17411
0.176864
0.179872
0.183094
0.186474
0.189948
0.193442
0.196877
0.200175
0.203258
0.206059
0.208522
0.210605
0.212286
0.213558
0.21443
0.214923
0.21507
0.214908
0.214478
0.213821
0.212978
0.211986
0.210879
0.209688
0.208441
0.207162
0.205872
0.204591
0.203336
0.202121
0.200959
0.19986
0.198835
0.19789
0.197029
0.196255
0.195567
0.194959
0.194424
0.193948
0.193514
0.1931
0.19268
0.192218
0.191673
0.190993
0.190116
0.188971
0.18748
0.185559
0.183126
0.180093
0.17641
0.171849
0.167277
0.157701
0.174117
0.173485
0.17285
0.172213
0.171576
0.17094
0.170307
0.169679
0.169058
0.168446
0.167845
0.167257
0.166683
0.166125
0.165584
0.16506
0.164555
0.16407
0.163606
0.163165
0.162747
0.162355
0.161991
0.161656
0.161354
0.161087
0.160861
0.160679
0.160548
0.160475
0.160469
0.16054
0.160701
0.160965
0.161349
0.16187
0.162548
0.163402
0.164455
0.165724
0.167226
0.168972
0.170969
0.173213
0.175694
0.178387
0.181259
0.184268
0.187358
0.19047
0.193537
0.19649
0.199261
0.201791
0.204026
0.205928
0.207472
0.208648
0.209459
0.209922
0.210062
0.20991
0.209502
0.208873
0.208061
0.207097
0.206016
0.204843
0.203606
0.202327
0.201027
0.199722
0.198429
0.197161
0.195931
0.19475
0.193627
0.192569
0.191583
0.190672
0.189838
0.189079
0.188392
0.187768
0.187195
0.186661
0.186143
0.185618
0.185053
0.184405
0.183623
0.182641
0.181387
0.17978
0.177734
0.175159
0.171994
0.168012
0.163999
0.155345
0.174266
0.173647
0.173025
0.172401
0.171777
0.171153
0.170531
0.169913
0.169301
0.168696
0.168101
0.167517
0.166946
0.166388
0.165846
0.16532
0.164811
0.164321
0.163849
0.163398
0.162969
0.162564
0.162185
0.161834
0.161515
0.161231
0.160987
0.160788
0.16064
0.16055
0.160528
0.160582
0.160724
0.160967
0.161324
0.16181
0.162441
0.163235
0.164206
0.16537
0.166738
0.16832
0.170118
0.172131
0.174347
0.176749
0.179308
0.181988
0.184744
0.187525
0.190272
0.192925
0.195426
0.197718
0.199754
0.201495
0.202917
0.204007
0.204765
0.205201
0.205335
0.205193
0.204806
0.204205
0.203423
0.20249
0.201435
0.200285
0.199063
0.19779
0.196486
0.195168
0.193849
0.192543
0.191261
0.190014
0.188811
0.187659
0.186565
0.185534
0.184569
0.183672
0.182842
0.182074
0.181363
0.1807
0.180072
0.179464
0.178853
0.178205
0.17748
0.176622
0.175564
0.174228
0.172529
0.170372
0.167689
0.16425
0.160766
0.152997
0.174341
0.17373
0.173117
0.172503
0.171888
0.171274
0.170661
0.170051
0.169446
0.168848
0.168258
0.167677
0.167108
0.166552
0.166009
0.165482
0.16497
0.164476
0.164
0.163544
0.163109
0.162696
0.162308
0.161948
0.161618
0.161323
0.161066
0.160852
0.160688
0.160581
0.160538
0.160569
0.160683
0.160891
0.161207
0.161641
0.162209
0.162924
0.163799
0.164845
0.166073
0.16749
0.169098
0.170894
0.172871
0.175012
0.177295
0.179687
0.182152
0.184643
0.187111
0.189504
0.191766
0.193849
0.195708
0.197306
0.198618
0.199629
0.200337
0.200748
0.200877
0.200745
0.200379
0.199805
0.199053
0.19815
0.197124
0.195998
0.194794
0.193533
0.192233
0.190908
0.189574
0.188242
0.186922
0.185625
0.184359
0.183132
0.181949
0.180817
0.17974
0.178721
0.177762
0.176861
0.176017
0.175226
0.174483
0.173779
0.173101
0.172427
0.171727
0.170954
0.170051
0.168943
0.167547
0.165764
0.16352
0.160584
0.157593
0.150665
0.174373
0.173768
0.17316
0.172551
0.171942
0.171334
0.170726
0.170122
0.169521
0.168927
0.168339
0.16776
0.167191
0.166633
0.166089
0.165558
0.165042
0.164543
0.164061
0.163598
0.163155
0.162734
0.162337
0.161967
0.161626
0.161318
0.161047
0.160817
0.160635
0.160507
0.16044
0.160442
0.160522
0.16069
0.160956
0.161333
0.161831
0.162463
0.163239
0.16417
0.165263
0.166525
0.167957
0.169558
0.171321
0.173231
0.17527
0.17741
0.179619
0.181857
0.18408
0.186241
0.188292
0.190188
0.191887
0.193355
0.194567
0.195507
0.196168
0.196555
0.196678
0.196556
0.196208
0.19566
0.194938
0.194065
0.193068
0.191967
0.190785
0.18954
0.188248
0.186925
0.185584
0.184235
0.18289
0.181557
0.180244
0.178958
0.177706
0.176492
0.175323
0.174201
0.17313
0.172111
0.171146
0.170234
0.169377
0.168572
0.167815
0.167094
0.16639
0.165669
0.16488
0.163957
0.162818
0.161364
0.159513
0.157034
0.154497
0.148359
0.174385
0.173782
0.173177
0.172571
0.171965
0.171359
0.170755
0.170152
0.169554
0.16896
0.168372
0.167792
0.167221
0.16666
0.166111
0.165575
0.165052
0.164545
0.164055
0.163583
0.16313
0.162698
0.162289
0.161906
0.161551
0.161228
0.16094
0.160692
0.160489
0.160336
0.160241
0.160211
0.160254
0.160379
0.160594
0.160911
0.16134
0.16189
0.16257
0.163391
0.164359
0.165478
0.166752
0.168177
0.169748
0.171453
0.173276
0.175193
0.177175
0.179187
0.181192
0.183147
0.185008
0.186735
0.188289
0.189638
0.190757
0.191629
0.192247
0.19261
0.192727
0.192612
0.192282
0.191759
0.191064
0.190222
0.189253
0.18818
0.187021
0.185794
0.184515
0.183199
0.181858
0.180502
0.179141
0.177784
0.176437
0.175109
0.173803
0.172527
0.171284
0.170079
0.168916
0.167798
0.166727
0.165708
0.164744
0.163839
0.162997
0.162216
0.161487
0.160788
0.160077
0.159297
0.15837
0.157196
0.15569
0.153622
0.151494
0.146089
0.174387
0.173785
0.173181
0.172577
0.171972
0.171367
0.170763
0.170161
0.169562
0.168968
0.168378
0.167795
0.16722
0.166655
0.166099
0.165556
0.165025
0.164509
0.164008
0.163524
0.163059
0.162614
0.162191
0.161793
0.161421
0.16108
0.160773
0.160504
0.160277
0.160098
0.159974
0.15991
0.159914
0.159994
0.160159
0.160416
0.160777
0.161248
0.161839
0.162557
0.163409
0.164398
0.165527
0.166793
0.168192
0.169714
0.171343
0.17306
0.174838
0.176649
0.178457
0.180225
0.181915
0.183488
0.184909
0.186148
0.18718
0.187988
0.188563
0.188903
0.189013
0.188903
0.188588
0.188087
0.18742
0.186606
0.185666
0.18462
0.183486
0.18228
0.181018
0.179713
0.178377
0.17702
0.175652
0.174281
0.172913
0.171555
0.170212
0.168889
0.167592
0.166323
0.165087
0.163889
0.162731
0.16162
0.160562
0.159565
0.158639
0.157791
0.157022
0.15632
0.155657
0.154982
0.154223
0.153283
0.152072
0.150365
0.148601
0.143867
0.174386
0.173784
0.173181
0.172576
0.171971
0.171367
0.170762
0.17016
0.16956
0.168963
0.168371
0.167784
0.167205
0.166633
0.166071
0.165519
0.164979
0.164452
0.16394
0.163444
0.162965
0.162505
0.162067
0.161652
0.161262
0.160902
0.160574
0.160282
0.16003
0.159823
0.159668
0.159569
0.159535
0.15957
0.159685
0.159885
0.16018
0.160577
0.161083
0.161706
0.16245
0.16332
0.164317
0.165439
0.166682
0.168037
0.169491
0.171026
0.172621
0.174249
0.175878
0.177476
0.179008
0.18044
0.181738
0.182874
0.183824
0.184572
0.185105
0.185421
0.185522
0.185416
0.185115
0.184635
0.183992
0.183206
0.182295
0.181276
0.180167
0.178983
0.17774
0.17645
0.175124
0.173772
0.172404
0.171027
0.169647
0.168271
0.166903
0.165549
0.164212
0.162897
0.161607
0.160347
0.159121
0.157936
0.156799
0.155722
0.154719
0.153803
0.152986
0.152265
0.151623
0.151019
0.150389
0.149638
0.148675
0.147278
0.145832
0.141705
0.174384
0.173782
0.173178
0.172573
0.171968
0.171363
0.170758
0.170154
0.169552
0.168953
0.168358
0.167767
0.167182
0.166605
0.166035
0.165475
0.164926
0.164389
0.163865
0.163356
0.162863
0.162388
0.161933
0.161501
0.161093
0.160712
0.160363
0.160047
0.15977
0.159535
0.159349
0.159216
0.159142
0.159135
0.1592
0.159345
0.159578
0.159904
0.160331
0.160865
0.16151
0.162269
0.163144
0.164134
0.165234
0.166437
0.167731
0.169102
0.170529
0.171989
0.173455
0.174897
0.176284
0.177585
0.178768
0.179808
0.180681
0.18137
0.181862
0.182154
0.182245
0.182141
0.181851
0.181389
0.180769
0.180009
0.179124
0.178133
0.177049
0.175889
0.174667
0.173394
0.172081
0.17074
0.169377
0.168001
0.166617
0.165232
0.16385
0.162476
0.161114
0.159767
0.15844
0.157136
0.15586
0.154618
0.153419
0.152276
0.151206
0.150228
0.149359
0.148608
0.147969
0.147409
0.146871
0.146268
0.145507
0.144373
0.1432
0.139612
0.174381
0.173778
0.173175
0.17257
0.171964
0.171358
0.170752
0.170146
0.169542
0.168941
0.168342
0.167748
0.167158
0.166575
0.165998
0.16543
0.164872
0.164325
0.163789
0.163267
0.162761
0.162271
0.161801
0.161351
0.160924
0.160524
0.160153
0.159814
0.159511
0.159248
0.159031
0.158864
0.158753
0.158704
0.158722
0.158815
0.158988
0.159248
0.159601
0.160051
0.160603
0.16126
0.162023
0.162891
0.163859
0.164923
0.166071
0.167289
0.168562
0.169869
0.171184
0.172483
0.173735
0.174914
0.17599
0.176939
0.177739
0.178371
0.178823
0.17909
0.179169
0.179064
0.178783
0.178337
0.177738
0.177002
0.176143
0.175177
0.17412
0.172984
0.171784
0.17053
0.169235
0.167906
0.166554
0.165184
0.163803
0.162417
0.16103
0.159646
0.15827
0.156904
0.155553
0.15422
0.15291
0.151628
0.150383
0.149189
0.148065
0.147032
0.146114
0.145328
0.144677
0.144139
0.143665
0.143173
0.142573
0.141657
0.140712
0.1376
0.174378
0.173775
0.173171
0.172565
0.171959
0.171352
0.170745
0.170138
0.169532
0.168928
0.168326
0.167728
0.167134
0.166545
0.165962
0.165387
0.16482
0.164263
0.163717
0.163183
0.162664
0.16216
0.161674
0.161207
0.160763
0.160343
0.159951
0.159589
0.159262
0.158972
0.158726
0.158526
0.158379
0.158289
0.158263
0.158305
0.158422
0.158619
0.158902
0.159274
0.15974
0.160302
0.16096
0.161715
0.162562
0.163497
0.164509
0.165588
0.166719
0.167884
0.16906
0.170225
0.171353
0.172418
0.173394
0.174257
0.174986
0.175563
0.175976
0.176216
0.176282
0.176175
0.1759
0.175467
0.174886
0.174172
0.173338
0.172398
0.171365
0.170254
0.169077
0.167845
0.166569
0.165258
0.163919
0.16256
0.161188
0.159806
0.158421
0.157036
0.155655
0.154281
0.152917
0.151568
0.150236
0.148928
0.147653
0.146422
0.145255
0.144178
0.143216
0.142394
0.141723
0.14119
0.140756
0.140345
0.13987
0.139129
0.138374
0.135673
0.174375
0.173772
0.173167
0.172561
0.171954
0.171346
0.170737
0.170129
0.169522
0.168915
0.168311
0.167709
0.16711
0.166516
0.165928
0.165345
0.164771
0.164205
0.163649
0.163104
0.162573
0.162056
0.161555
0.161073
0.160611
0.160173
0.159761
0.159377
0.159026
0.158711
0.158436
0.158205
0.158023
0.157895
0.157826
0.157821
0.157885
0.158023
0.15824
0.158539
0.158925
0.159398
0.159959
0.160609
0.161344
0.162159
0.163046
0.163996
0.164996
0.166029
0.167076
0.168118
0.169129
0.170088
0.170969
0.17175
0.172411
0.172935
0.173307
0.173521
0.173571
0.173459
0.173188
0.172765
0.172201
0.171506
0.170695
0.169779
0.168773
0.167687
0.166535
0.165326
0.164072
0.162781
0.16146
0.160116
0.158757
0.157386
0.156008
0.154628
0.153249
0.151874
0.150507
0.14915
0.147809
0.146486
0.145191
0.143936
0.142739
0.141627
0.140628
0.139772
0.139076
0.138537
0.138124
0.137768
0.137386
0.136786
0.136183
0.133836
0.174371
0.173768
0.173163
0.172556
0.171948
0.171339
0.17073
0.17012
0.169511
0.168902
0.168295
0.16769
0.167088
0.166489
0.165895
0.165306
0.164724
0.16415
0.163585
0.163031
0.162488
0.161958
0.161444
0.160948
0.16047
0.160014
0.159583
0.159179
0.158806
0.158466
0.158164
0.157903
0.157689
0.157524
0.157415
0.157365
0.15738
0.157462
0.157618
0.157849
0.158158
0.158549
0.15902
0.159572
0.160202
0.160906
0.161678
0.162508
0.163386
0.164297
0.165225
0.166151
0.167054
0.167912
0.168704
0.169407
0.170002
0.170472
0.170804
0.170989
0.171022
0.170902
0.170632
0.170217
0.169666
0.168991
0.168201
0.16731
0.166329
0.16527
0.164144
0.162962
0.161732
0.160464
0.159164
0.15784
0.156497
0.155141
0.153776
0.152406
0.151034
0.149665
0.148301
0.146945
0.1456
0.144272
0.142967
0.141697
0.14048
0.139341
0.138312
0.137424
0.136701
0.136149
0.135743
0.135421
0.135106
0.134615
0.134134
0.132086
0.174368
0.173764
0.173158
0.172551
0.171943
0.171333
0.170722
0.170111
0.1695
0.16889
0.16828
0.167672
0.167066
0.166463
0.165864
0.16527
0.164681
0.1641
0.163526
0.162962
0.162409
0.161869
0.161342
0.160832
0.160339
0.159867
0.159418
0.158995
0.1586
0.158237
0.15791
0.157621
0.157376
0.157178
0.15703
0.156939
0.156906
0.156937
0.157034
0.157202
0.157441
0.157754
0.158142
0.158603
0.159136
0.159737
0.1604
0.161119
0.161883
0.162681
0.163497
0.164315
0.165115
0.165879
0.166585
0.167212
0.167743
0.168161
0.168451
0.168606
0.168619
0.168488
0.168216
0.167807
0.167268
0.16661
0.165842
0.164976
0.164022
0.162992
0.161895
0.160742
0.15954
0.158299
0.157024
0.155723
0.154401
0.153064
0.151714
0.150358
0.148999
0.147639
0.146282
0.144931
0.143589
0.142261
0.140953
0.139675
0.138444
0.137285
0.13623
0.135313
0.134563
0.133991
0.13358
0.133276
0.133008
0.132599
0.132213
0.130416
0.174364
0.17376
0.173154
0.172546
0.171937
0.171326
0.170715
0.170102
0.16949
0.168877
0.168265
0.167654
0.167045
0.166438
0.165835
0.165235
0.164641
0.164053
0.163472
0.162899
0.162336
0.161785
0.161247
0.160724
0.160218
0.159731
0.159265
0.158824
0.158409
0.158025
0.157674
0.157359
0.157085
0.156854
0.156672
0.15654
0.156464
0.156446
0.15649
0.156597
0.156771
0.157012
0.157322
0.157698
0.15814
0.158645
0.159208
0.159823
0.160481
0.161172
0.161883
0.162599
0.163302
0.163975
0.164598
0.165152
0.165618
0.165982
0.16623
0.166352
0.166342
0.166198
0.165922
0.165517
0.16499
0.164349
0.163605
0.162766
0.161843
0.160845
0.159781
0.158661
0.157492
0.156281
0.155035
0.153761
0.152463
0.151147
0.149817
0.148477
0.147131
0.145783
0.144436
0.143092
0.141756
0.140431
0.139122
0.13784
0.1366
0.135426
0.134348
0.133404
0.132625
0.132027
0.131602
0.131302
0.131062
0.130713
0.130399
0.128812
0.174361
0.173756
0.17315
0.172541
0.171931
0.17132
0.170707
0.170093
0.169479
0.168865
0.16825
0.167637
0.167025
0.166414
0.165807
0.165203
0.164603
0.164008
0.163421
0.16284
0.162269
0.161708
0.16116
0.160625
0.160106
0.159605
0.159124
0.158666
0.158233
0.157828
0.157454
0.157115
0.156814
0.156554
0.156338
0.15617
0.156053
0.155989
0.155983
0.156035
0.156147
0.156321
0.156557
0.156854
0.157212
0.157626
0.158095
0.158612
0.15917
0.15976
0.16037
0.160988
0.161598
0.162183
0.162724
0.163204
0.163606
0.163915
0.164117
0.164204
0.164169
0.164011
0.163729
0.163329
0.162816
0.162196
0.161479
0.160672
0.159784
0.158824
0.1578
0.156718
0.155586
0.15441
0.153197
0.151952
0.15068
0.149387
0.148077
0.146755
0.145423
0.144087
0.14275
0.141414
0.140083
0.138761
0.137453
0.136167
0.134919
0.13373
0.132631
0.131658
0.130847
0.130219
0.12977
0.129462
0.129233
0.128926
0.128665
0.127252
0.174358
0.173752
0.173145
0.172536
0.171925
0.171313
0.170699
0.170084
0.169469
0.168853
0.168236
0.16762
0.167005
0.166392
0.165781
0.165172
0.164567
0.163967
0.163373
0.162786
0.162207
0.161637
0.161079
0.160533
0.160002
0.159488
0.158993
0.158519
0.158069
0.157646
0.157252
0.15689
0.156563
0.156275
0.156029
0.155826
0.155671
0.155565
0.155511
0.155511
0.155566
0.155677
0.155844
0.156066
0.156343
0.156673
0.157051
0.157475
0.157937
0.158429
0.158943
0.159465
0.159983
0.16048
0.160939
0.161344
0.16168
0.16193
0.162085
0.162135
0.162075
0.161902
0.161619
0.161227
0.160732
0.160141
0.159458
0.158692
0.157848
0.156933
0.155954
0.154917
0.153827
0.15269
0.151511
0.150297
0.149052
0.147782
0.146491
0.145184
0.143865
0.142539
0.141208
0.139877
0.138549
0.137228
0.135918
0.134627
0.133368
0.132163
0.13104
0.130036
0.129189
0.128523
0.128041
0.127712
0.127481
0.127198
0.126973
0.125705
0.174354
0.173749
0.173141
0.172531
0.17192
0.171306
0.170692
0.170076
0.169459
0.168841
0.168223
0.167605
0.166987
0.166371
0.165756
0.165143
0.164534
0.163929
0.163329
0.162735
0.162149
0.161571
0.161004
0.160449
0.159907
0.159381
0.158873
0.158385
0.157919
0.157478
0.157065
0.156682
0.156332
0.156018
0.155742
0.155508
0.155317
0.155171
0.155073
0.155024
0.155024
0.155075
0.155176
0.155327
0.155526
0.155773
0.156064
0.156396
0.156764
0.15716
0.157577
0.158004
0.158428
0.158835
0.15921
0.159537
0.159803
0.159994
0.160101
0.160115
0.160032
0.159852
0.159574
0.159201
0.158736
0.158184
0.157548
0.156833
0.156043
0.155183
0.154256
0.153267
0.152222
0.151124
0.14998
0.148795
0.147574
0.146323
0.145047
0.143751
0.142439
0.141117
0.139789
0.138457
0.137127
0.135801
0.134484
0.133183
0.13191
0.130684
0.129533
0.128493
0.127603
0.126891
0.126366
0.126004
0.125756
0.125481
0.125279
0.124129
0.174351
0.173745
0.173137
0.172526
0.171914
0.1713
0.170684
0.170067
0.169449
0.16883
0.16821
0.16759
0.16697
0.166351
0.165733
0.165117
0.164504
0.163894
0.163289
0.162689
0.162096
0.161511
0.160936
0.160371
0.15982
0.159283
0.158763
0.158261
0.157781
0.157324
0.156892
0.15649
0.156118
0.155779
0.155477
0.155212
0.154987
0.154803
0.154662
0.154566
0.154513
0.154505
0.154542
0.154622
0.154745
0.154909
0.155112
0.155351
0.155623
0.155921
0.156238
0.156565
0.156891
0.157205
0.157492
0.157739
0.157935
0.158068
0.15813
0.158116
0.158023
0.157848
0.157591
0.157254
0.156837
0.15634
0.155766
0.155114
0.154387
0.153587
0.152715
0.151776
0.150773
0.149712
0.148596
0.147433
0.146229
0.144989
0.143719
0.142425
0.141113
0.139788
0.138453
0.137114
0.135773
0.134436
0.133105
0.131788
0.130494
0.129241
0.128057
0.126974
0.126033
0.125265
0.124686
0.124277
0.123999
0.123718
0.123525
0.122471
0.174348
0.173741
0.173133
0.172522
0.171909
0.171294
0.170677
0.170059
0.16944
0.168819
0.168198
0.167576
0.166954
0.166332
0.165711
0.165092
0.164475
0.163861
0.163251
0.162646
0.162047
0.161455
0.160873
0.1603
0.159739
0.159192
0.15866
0.158147
0.157652
0.15718
0.156732
0.15631
0.155917
0.155555
0.155226
0.154932
0.154673
0.154452
0.154269
0.154124
0.154018
0.153951
0.153921
0.153928
0.153971
0.154048
0.154159
0.154301
0.15447
0.154663
0.154873
0.155095
0.155318
0.155533
0.15573
0.155899
0.15603
0.156115
0.156149
0.156126
0.156044
0.155899
0.155689
0.15541
0.155061
0.154637
0.154135
0.153555
0.152893
0.152151
0.151329
0.150431
0.14946
0.148422
0.147323
0.14617
0.144969
0.143727
0.142452
0.14115
0.139826
0.138487
0.137137
0.135781
0.134423
0.133066
0.131714
0.130373
0.129052
0.127767
0.126542
0.12541
0.12441
0.123577
0.122932
0.122464
0.122141
0.12184
0.121644
0.120669
0.174345
0.173738
0.173129
0.172518
0.171904
0.171289
0.170671
0.170052
0.169431
0.168809
0.168186
0.167563
0.166938
0.166314
0.165691
0.165069
0.164448
0.16383
0.163216
0.162606
0.162001
0.161403
0.160813
0.160232
0.159663
0.159106
0.158563
0.158037
0.157529
0.157042
0.156577
0.156136
0.155722
0.155335
0.154979
0.154653
0.15436
0.154099
0.15387
0.153674
0.153511
0.153378
0.153276
0.153202
0.153157
0.15314
0.153148
0.153181
0.153237
0.153315
0.15341
0.153518
0.153635
0.153753
0.153867
0.153971
0.154057
0.154121
0.154157
0.154159
0.154122
0.154039
0.153903
0.153704
0.153436
0.153091
0.152662
0.152144
0.151535
0.150835
0.150044
0.149166
0.148207
0.147173
0.146071
0.14491
0.143697
0.14244
0.141147
0.139825
0.13848
0.137119
0.135746
0.134366
0.132982
0.1316
0.130221
0.128852
0.127499
0.126176
0.124906
0.123719
0.122653
0.121747
0.121026
0.120487
0.120106
0.119772
0.119561
0.11865
0.174343
0.173736
0.173126
0.172514
0.1719
0.171284
0.170665
0.170045
0.169423
0.1688
0.168175
0.16755
0.166923
0.166297
0.165671
0.165045
0.164421
0.163799
0.16318
0.162565
0.161954
0.161349
0.160752
0.160162
0.159583
0.159016
0.158461
0.157921
0.157398
0.156894
0.15641
0.155948
0.155509
0.155095
0.154707
0.154345
0.154011
0.153703
0.153422
0.153166
0.152935
0.152726
0.152539
0.152372
0.152225
0.152096
0.151987
0.151897
0.151827
0.151779
0.151753
0.151749
0.151767
0.151807
0.151865
0.151938
0.152022
0.152109
0.152192
0.15226
0.152302
0.152305
0.152254
0.152136
0.151939
0.151652
0.151269
0.150783
0.150194
0.149502
0.14871
0.147825
0.146852
0.145801
0.144679
0.143495
0.142258
0.140977
0.139659
0.138311
0.136941
0.135553
0.134154
0.132748
0.131339
0.129929
0.128523
0.127124
0.125737
0.124376
0.123059
0.121814
0.12068
0.119695
0.11889
0.11827
0.117821
0.117442
0.117208
0.116347
0.174342
0.173734
0.173123
0.172511
0.171895
0.171278
0.170658
0.170037
0.169413
0.168788
0.168161
0.167533
0.166904
0.166274
0.165644
0.165014
0.164386
0.163758
0.163133
0.162511
0.161892
0.161279
0.160672
0.160071
0.15948
0.158898
0.158328
0.157771
0.157229
0.156702
0.156193
0.155702
0.155232
0.154782
0.154353
0.153945
0.153558
0.153192
0.152843
0.152512
0.152195
0.151892
0.151601
0.15132
0.151049
0.15079
0.150545
0.150318
0.150115
0.149941
0.149804
0.14971
0.149664
0.149669
0.149724
0.149824
0.14996
0.150118
0.150284
0.150437
0.15056
0.150632
0.150636
0.150556
0.150381
0.150101
0.149712
0.149211
0.1486
0.147882
0.147062
0.146149
0.14515
0.144074
0.142928
0.141723
0.140467
0.139167
0.13783
0.136464
0.135076
0.13367
0.132253
0.130829
0.1294
0.12797
0.126541
0.125116
0.1237
0.122303
0.120941
0.11964
0.118437
0.11737
0.116476
0.115768
0.115241
0.114806
0.114539
0.113714
0.174337
0.173728
0.173116
0.172501
0.171884
0.171264
0.170642
0.170017
0.16939
0.168761
0.16813
0.167497
0.166863
0.166227
0.165591
0.164954
0.164317
0.16368
0.163045
0.162411
0.16178
0.161153
0.16053
0.159913
0.159302
0.158699
0.158105
0.157521
0.156949
0.156389
0.155843
0.155311
0.154795
0.154293
0.153806
0.153334
0.152874
0.152426
0.151987
0.151555
0.151129
0.150705
0.150282
0.149862
0.149447
0.149041
0.148651
0.148288
0.147965
0.147694
0.147488
0.147359
0.147313
0.147349
0.147459
0.14763
0.147842
0.14807
0.148292
0.148482
0.148619
0.148684
0.148664
0.148547
0.148326
0.147999
0.147565
0.147024
0.146381
0.14564
0.144808
0.143889
0.142892
0.141824
0.140691
0.1395
0.138257
0.136968
0.135642
0.134285
0.132904
0.131503
0.130088
0.128662
0.127228
0.125789
0.124346
0.122902
0.121461
0.12003
0.118623
0.117264
0.115987
0.114833
0.113842
0.113035
0.112416
0.111911
0.111596
0.11078
0.174315
0.173702
0.173085
0.172465
0.171842
0.171216
0.170587
0.169955
0.16932
0.168682
0.168042
0.167398
0.166752
0.166104
0.165454
0.164802
0.164149
0.163495
0.162841
0.162186
0.161532
0.16088
0.16023
0.159582
0.158939
0.1583
0.157667
0.15704
0.156421
0.15581
0.155207
0.154613
0.154027
0.153449
0.152878
0.152313
0.151752
0.151193
0.150632
0.150068
0.149499
0.148925
0.148347
0.147769
0.147199
0.146647
0.146128
0.14566
0.145261
0.144948
0.144733
0.144623
0.144614
0.144695
0.144844
0.145037
0.145245
0.145444
0.145611
0.145728
0.145785
0.145771
0.145683
0.145518
0.145273
0.144949
0.144545
0.14406
0.143495
0.142849
0.142123
0.14132
0.140441
0.139488
0.138463
0.137365
0.136202
0.134984
0.133719
0.132413
0.131072
0.1297
0.128303
0.126882
0.125443
0.123987
0.122516
0.121033
0.119542
0.118049
0.116567
0.115117
0.113734
0.11246
0.111337
0.110394
0.109647
0.109029
0.108628
0.107748
0.174222
0.173597
0.172968
0.172335
0.171697
0.171056
0.170411
0.169761
0.169107
0.16845
0.167788
0.167122
0.166452
0.165778
0.165101
0.16442
0.163736
0.163048
0.162358
0.161666
0.160971
0.160275
0.159578
0.158881
0.158183
0.157485
0.156789
0.156094
0.1554
0.154708
0.154018
0.153329
0.15264
0.15195
0.151258
0.150562
0.149861
0.149152
0.148433
0.147706
0.14697
0.146229
0.14549
0.144762
0.144059
0.143398
0.142796
0.142271
0.141839
0.141509
0.141284
0.141158
0.141117
0.141143
0.141216
0.141316
0.141432
0.141554
0.141682
0.141816
0.141957
0.142106
0.142258
0.142405
0.142534
0.14263
0.142675
0.142651
0.142542
0.142334
0.142016
0.141584
0.141033
0.140344
0.139521
0.138585
0.137548
0.136416
0.135198
0.1339
0.132529
0.131093
0.129598
0.128052
0.126461
0.124832
0.12317
0.121481
0.11977
0.118046
0.116323
0.114623
0.112981
0.11144
0.110048
0.108838
0.107834
0.106972
0.106371
0.105229
0.173921
0.173269
0.172612
0.171949
0.171281
0.170608
0.169928
0.169243
0.168553
0.167856
0.167154
0.166446
0.165732
0.165011
0.164285
0.163553
0.162814
0.16207
0.16132
0.160564
0.159803
0.159036
0.158264
0.157486
0.156703
0.155916
0.155123
0.154326
0.153524
0.152716
0.151903
0.151084
0.150258
0.149425
0.148584
0.147735
0.146879
0.146015
0.145147
0.144279
0.143416
0.142568
0.141745
0.140961
0.14023
0.13957
0.138995
0.138519
0.138153
0.137907
0.137792
0.137818
0.137999
0.138356
0.138908
0.13968
0.140693
0.14196
0.143482
0.145237
0.147184
0.149263
0.151398
0.153503
0.155493
0.157288
0.158821
0.160039
0.160912
0.161426
0.161577
0.161374
0.160833
0.16
0.158898
0.157544
0.155957
0.154162
0.152183
0.150046
0.147775
0.145394
0.142926
0.140391
0.137808
0.135193
0.132561
0.129925
0.127295
0.124683
0.122107
0.11959
0.117168
0.114882
0.112781
0.110894
0.109251
0.107768
0.106647
0.104732
0.173189
0.17249
0.171784
0.171071
0.170351
0.169624
0.168889
0.168146
0.167396
0.166638
0.165871
0.165096
0.164313
0.163521
0.162721
0.161912
0.161094
0.160267
0.159431
0.158586
0.157733
0.156872
0.156002
0.155124
0.154239
0.153347
0.15245
0.151548
0.150643
0.149736
0.148831
0.14793
0.147038
0.14616
0.145303
0.144476
0.143691
0.142964
0.142311
0.141756
0.141327
0.141055
0.14098
0.141148
0.141613
0.142437
0.143688
0.145436
0.147754
0.150705
0.154346
0.15872
0.163853
0.169753
0.17641
0.183782
0.191782
0.200259
0.209004
0.217754
0.226223
0.234119
0.241168
0.247151
0.251915
0.255363
0.257447
0.25819
0.257742
0.256185
0.253609
0.250122
0.245848
0.240921
0.235477
0.229645
0.223541
0.217264
0.210896
0.204504
0.198141
0.191849
0.185658
0.179595
0.173678
0.167923
0.162342
0.156941
0.151728
0.14671
0.141896
0.137304
0.132956
0.128883
0.125117
0.121667
0.118557
0.115657
0.113353
0.109622
0.172595
0.171871
0.17114
0.170403
0.169658
0.168907
0.16815
0.167387
0.166618
0.165844
0.165066
0.164283
0.163498
0.16271
0.161922
0.161134
0.160349
0.159569
0.158796
0.158034
0.157286
0.156557
0.155852
0.155176
0.154539
0.153949
0.153416
0.152955
0.152581
0.152313
0.152176
0.152198
0.152417
0.152876
0.15363
0.154744
0.156301
0.158395
0.16114
0.164667
0.169127
0.174683
0.181512
0.189794
0.199701
0.211386
0.224963
0.240488
0.257942
0.277217
0.298104
0.320298
0.343402
0.366947
0.390432
0.413234
0.434637
0.453927
0.470451
0.483681
0.493259
0.499022
0.500965
0.499451
0.494893
0.487622
0.478022
0.46649
0.453338
0.438985
0.423835
0.408238
0.392482
0.37679
0.36133
0.346226
0.331563
0.317396
0.303757
0.290659
0.278102
0.266078
0.254575
0.243576
0.233066
0.223032
0.213459
0.204337
0.195654
0.187402
0.179576
0.172175
0.165204
0.158667
0.152568
0.146889
0.14165
0.136652
0.132589
0.126068
0.191274
0.191416
0.191585
0.191782
0.192011
0.192273
0.192572
0.192912
0.193296
0.193728
0.194215
0.194761
0.195373
0.196057
0.196823
0.197678
0.198633
0.1997
0.20089
0.202218
0.203699
0.205353
0.207198
0.209259
0.211561
0.214134
0.217012
0.220235
0.223848
0.227903
0.232459
0.237588
0.24337
0.249899
0.257285
0.265657
0.275163
0.285975
0.29829
0.312337
0.328369
0.346667
0.367533
0.391267
0.418149
0.448393
0.482094
0.519156
0.559213
0.601554
0.645078
0.688281
0.729325
0.766197
0.796971
0.81938
0.832147
0.835282
0.829596
0.816388
0.797189
0.773565
0.746982
0.718418
0.688741
0.658802
0.629253
0.60053
0.572895
0.546482
0.521345
0.497487
0.474884
0.453494
0.433266
0.414148
0.396082
0.379009
0.362867
0.347595
0.333131
0.319419
0.306405
0.294043
0.282294
0.271127
0.260514
0.250432
0.240863
0.231787
0.223188
0.215055
0.207373
0.200129
0.193307
0.186875
0.180856
0.175037
0.170271
0.162533
0.434017
0.437941
0.441741
0.445409
0.448941
0.45233
0.45557
0.458656
0.461582
0.464341
0.466928
0.469336
0.471558
0.473586
0.475411
0.477025
0.478419
0.47958
0.480498
0.481159
0.481548
0.481647
0.48144
0.480904
0.480016
0.478751
0.477077
0.474963
0.472372
0.469263
0.465591
0.461307
0.456356
0.450682
0.444222
0.436916
0.428703
0.419525
0.409341
0.398126
0.385891
0.372696
0.358671
0.344038
0.329139
0.314447
0.300576
0.288257
0.278281
0.2714
0.268184
0.268877
0.273311
0.280796
0.290255
0.301512
0.31338
0.324203
0.332844
0.338798
0.342046
0.342865
0.341668
0.338863
0.334825
0.3299
0.324392
0.318553
0.312575
0.306605
0.300743
0.295061
0.289606
0.284407
0.279483
0.274846
0.270498
0.266437
0.262657
0.259146
0.255891
0.252877
0.250089
0.247514
0.245142
0.242966
0.240979
0.239177
0.237556
0.23611
0.234833
0.233713
0.232741
0.231897
0.231168
0.230528
0.229967
0.229435
0.229013
0.228257
0.0653928
0.0925227
0.10702
0.107565
0.100379
0.0879085
0.0714107
0.0906471
0.181255
0.282135
0.378538
0.469266
0.554097
0.632927
0.705643
0.772108
0.832227
0.886026
0.933701
0.975618
1.01228
1.04426
1.07215
1.09652
1.11786
1.13657
1.15298
1.16731
1.17971
1.19025
1.19902
1.20607
1.21153
1.21557
1.21839
1.21968
1.2194
1.21756
1.21412
1.20904
1.20225
1.19366
1.18316
1.17061
1.15583
1.13861
1.11865
1.09565
1.06928
1.03931
1.00586
0.969895
0.934196
0.903894
0.874675
0.843262
0.809963
0.77581
0.741708
0.708298
0.67602
0.645194
0.616059
0.588778
0.563434
0.540035
0.518528
0.498812
0.480763
0.464242
0.449108
0.435229
0.422477
0.41074
0.399914
0.389909
0.380645
0.372051
0.364075
0.356668
0.349791
0.343418
0.337521
0.332068
0.327011
0.322292
0.317844
0.313586
0.309422
0.305242
0.300931
0.29637
0.291449
0.286054
0.280021
0.273178
0.265603
0.257598
0.250451
0.240872
0.137741
0.221169
0.241678
0.232202
0.223747
0.24891
0.318408
0.420923
0.538311
0.657375
0.779631
0.906837
1.0394
1.17642
1.31578
1.45448
1.58927
1.71718
1.83597
1.94432
2.04182
2.12875
2.20589
2.27425
2.33491
2.38888
2.43701
2.47996
2.51815
2.55183
2.58105
2.6057
2.62552
2.6401
2.64923
2.65361
2.65351
2.64895
2.63984
2.62609
2.60763
2.58436
2.55618
2.523
2.48464
2.44086
2.3913
2.33545
2.27261
2.20192
2.12252
2.03373
1.93564
1.82956
1.71798
1.60452
1.49305
1.38652
1.28658
1.19383
1.10834
1.03001
0.958639
0.89397
0.835626
0.783138
0.735976
0.693596
0.655469
0.621108
0.590076
0.561993
0.536525
0.513387
0.492331
0.473144
0.45564
0.439653
0.42502
0.411607
0.3993
0.387976
0.377503
0.367738
0.358526
0.349707
0.341117
0.332582
0.323919
0.31494
0.305464
0.295317
0.284353
0.272477
0.259696
0.246112
0.231932
0.216835
0.203459
0.179606
0.199167
0.355215
0.378275
0.37804
0.397102
0.458034
0.557498
0.67727
0.806175
0.944317
1.09353
1.25306
1.4203
1.59161
1.7629
1.93019
2.09005
2.23993
2.37825
2.50436
2.61834
2.72078
2.81258
2.89475
2.9683
3.03413
3.09304
3.14562
3.19234
3.23348
3.26922
3.2996
3.32463
3.34425
3.3582
3.36618
3.36795
3.36313
3.35123
3.33179
3.30428
3.26812
3.22271
3.16733
3.10121
3.02347
2.93316
2.82931
2.71102
2.57767
2.42931
2.26741
2.09548
1.91979
1.74905
1.59238
1.45597
1.34102
1.24451
1.16186
1.08902
1.02335
0.963424
0.908525
0.858251
0.812275
0.770272
0.7319
0.696824
0.664723
0.635303
0.608301
0.583485
0.560648
0.53961
0.520207
0.502292
0.485733
0.470397
0.456163
0.442918
0.430556
0.418965
0.40802
0.397577
0.387476
0.377548
0.367622
0.35752
0.347058
0.336053
0.324327
0.311712
0.298057
0.283238
0.267177
0.250025
0.231495
0.214643
0.185251
0.241483
0.464289
0.515041
0.533299
0.566145
0.633909
0.733924
0.854834
0.990398
1.13897
1.29856
1.46611
1.6384
1.81244
1.98549
2.15505
2.31888
2.47513
2.62239
2.7598
2.88694
3.00383
3.11077
3.20828
3.29701
3.37759
3.45064
3.51671
3.57619
3.62938
3.6764
3.71728
3.75189
3.77996
3.80108
3.81474
3.82044
3.81755
3.80533
3.78295
3.74947
3.70385
3.64493
3.57138
3.48177
3.37448
3.24782
3.1002
2.93028
2.73741
2.52229
2.28806
2.04166
1.79519
1.56558
1.37024
1.21943
1.11162
1.03633
0.981069
0.936308
0.896624
0.859596
0.824405
0.790887
0.75907
0.728989
0.700647
0.674009
0.649014
0.625588
0.60365
0.583118
0.56391
0.545944
0.52914
0.513418
0.498697
0.484893
0.47192
0.459689
0.448109
0.437081
0.426497
0.416236
0.406164
0.396137
0.386006
0.37561
0.364787
0.35337
0.341197
0.32811
0.313961
0.298623
0.282008
0.264221
0.244947
0.227123
0.196336
0.263476
0.533552
0.613384
0.654804
0.700378
0.770024
0.866605
0.9845
1.11812
1.26329
1.41659
1.57539
1.73787
1.90263
2.06833
2.23343
2.39618
2.55482
2.70771
2.85348
2.99116
3.12017
3.24028
3.35154
3.45419
3.54861
3.6352
3.71431
3.78626
3.85121
3.90922
3.96019
4.00381
4.03965
4.06715
4.08569
4.09457
4.09296
4.07986
4.05413
4.01448
3.95947
3.88747
3.79664
3.68498
3.55033
3.39048
3.20338
2.98743
2.74214
2.46909
2.17351
1.86641
1.56653
1.29907
1.08782
0.943204
0.85707
0.81004
0.783263
0.764493
0.74777
0.730894
0.713371
0.695319
0.677005
0.658693
0.640596
0.622876
0.605651
0.589005
0.572993
0.557649
0.542993
0.529025
0.515738
0.50311
0.491111
0.479698
0.46882
0.458416
0.448413
0.43873
0.429276
0.419948
0.410634
0.401213
0.391555
0.381522
0.370973
0.359767
0.34776
0.334812
0.320787
0.305573
0.289085
0.2714
0.252205
0.234257
0.203424
0.272736
0.562026
0.667481
0.732901
0.794721
0.870352
0.965298
1.0774
1.20218
1.3356
1.47494
1.61883
1.76675
1.91842
2.07329
2.23038
2.38823
2.54512
2.69927
2.84905
2.99309
3.13036
3.26018
3.38216
3.49616
3.6022
3.70039
3.79086
3.8737
3.94893
4.01643
4.07594
4.12703
4.16911
4.20151
4.22342
4.23396
4.23209
4.21658
4.18603
4.13886
4.07327
3.98725
3.87856
3.74477
3.58332
3.39168
3.1676
2.90965
2.61805
2.29623
1.95306
1.60587
1.28179
1.01277
0.821879
0.70982
0.656369
0.635583
0.628436
0.625033
0.621421
0.616428
0.609933
0.602135
0.593305
0.583701
0.573551
0.563051
0.552364
0.541625
0.530944
0.520407
0.510082
0.50002
0.490253
0.480799
0.471659
0.462822
0.454262
0.445937
0.437795
0.429769
0.421782
0.413745
0.405562
0.397127
0.388327
0.379045
0.369159
0.358547
0.347088
0.33466
0.321142
0.306432
0.290452
0.273264
0.254565
0.236948
0.20673
0.27321
0.563507
0.687298
0.773898
0.853202
0.938346
1.03434
1.14077
1.25504
1.37469
1.49843
1.62611
1.75818
1.89513
2.03704
2.18337
2.33302
2.48444
2.63588
2.78559
2.93195
3.07363
3.20957
3.33898
3.46134
3.57632
3.68368
3.78328
3.87496
3.95849
4.03356
4.09974
4.15643
4.20291
4.23835
4.26177
4.2721
4.26807
4.24825
4.21101
4.15447
4.07655
3.9749
3.84697
3.69002
3.50125
3.27802
3.01828
2.72133
2.38914
2.0286
1.65485
1.29429
0.982527
0.7518
0.612481
0.546961
0.52474
0.521222
0.523323
0.52586
0.527266
0.527263
0.52594
0.523462
0.519994
0.515692
0.510699
0.505148
0.49916
0.492847
0.486307
0.479627
0.472881
0.46613
0.45942
0.452783
0.446238
0.439787
0.433419
0.427105
0.420804
0.414461
0.408009
0.401367
0.394451
0.387165
0.379408
0.371078
0.362069
0.352276
0.341592
0.329911
0.317129
0.303154
0.287915
0.271461
0.253506
0.236493
0.207268
0.265416
0.547542
0.683948
0.787433
0.882706
0.978725
1.07854
1.18205
1.28808
1.39579
1.50534
1.61769
1.73419
1.85602
1.98384
2.11765
2.25672
2.3998
2.54531
2.69149
2.83664
2.97918
3.11778
3.25132
3.37892
3.49988
3.61367
3.71981
3.81783
3.90727
3.9876
4.05818
4.11825
4.16691
4.20317
4.22586
4.23371
4.22525
4.19882
4.15254
4.08432
3.99177
3.87231
3.72314
3.54136
3.32413
3.06909
2.77495
2.4427
2.07766
1.6928
1.31258
0.973326
0.712949
0.550456
0.472914
0.447445
0.444749
0.448861
0.453609
0.45729
0.459714
0.461052
0.461493
0.461176
0.460195
0.458622
0.456515
0.453934
0.450936
0.447583
0.443934
0.440049
0.435982
0.431781
0.427487
0.423132
0.418733
0.414297
0.409817
0.405272
0.400624
0.395826
0.390813
0.385516
0.379852
0.373733
0.367068
0.359763
0.351721
0.34285
0.333054
0.322242
0.31032
0.297206
0.282835
0.267251
0.250178
0.233927
0.205915
0.253585
0.524942
0.668204
0.783614
0.891855
0.998513
1.10432
1.20842
1.31007
1.40948
1.50788
1.60721
1.70965
1.81708
1.9308
2.05133
2.17843
2.31121
2.44832
2.58815
2.72898
2.86913
3.00706
3.14139
3.27093
3.39469
3.51177
3.62138
3.72279
3.81526
3.89803
3.97023
4.03093
4.07906
4.1134
4.13262
4.13523
4.11956
4.08373
4.02563
3.94294
3.83307
3.69325
3.52058
3.31222
3.06568
2.77938
2.45375
2.09299
1.70825
1.32173
0.968601
0.689342
0.509401
0.421348
0.392276
0.389622
0.394904
0.40087
0.405545
0.408776
0.410869
0.412144
0.412837
0.413092
0.412987
0.412559
0.411828
0.410803
0.409496
0.407925
0.40611
0.404078
0.401856
0.399471
0.39695
0.394312
0.391568
0.388721
0.385763
0.38267
0.37941
0.375935
0.372185
0.368091
0.363575
0.358554
0.352939
0.346642
0.339573
0.331645
0.322773
0.312872
0.301858
0.289659
0.276212
0.261559
0.245435
0.230029
0.203342
0.238791
0.497774
0.645607
0.770053
0.889226
1.00623
1.11973
1.22764
1.32893
1.42413
1.51512
1.60457
1.69537
1.79004
1.8905
1.99781
2.11225
2.23337
2.36014
2.49115
2.6248
2.75939
2.89327
3.02488
3.1528
3.27572
3.39248
3.502
3.60328
3.69533
3.77713
3.84762
3.90565
3.94995
3.97912
3.99164
3.9858
3.95973
3.91135
3.83835
3.73823
3.60828
3.44571
3.24774
3.01192
2.73666
2.42209
2.07174
1.69539
1.31308
0.957885
0.670399
0.479883
0.383905
0.351308
0.348103
0.354114
0.361132
0.366745
0.370652
0.373158
0.374665
0.375513
0.375946
0.376124
0.376135
0.376018
0.375785
0.375432
0.374948
0.374325
0.373557
0.372645
0.371593
0.370408
0.3691
0.367673
0.366129
0.364464
0.362664
0.360703
0.358547
0.356149
0.353448
0.350378
0.346862
0.342818
0.33816
0.332802
0.326656
0.319639
0.31167
0.30267
0.292563
0.28128
0.268765
0.255055
0.239895
0.225363
0.200044
0.224655
0.472604
0.622924
0.75552
0.885551
1.0139
1.13723
1.25202
1.35655
1.45127
1.53838
1.62102
1.7026
1.78623
1.87433
1.96855
2.06967
2.17771
2.29205
2.41159
2.53492
2.66044
2.78648
2.91137
3.03352
3.15141
3.26364
3.36891
3.46595
3.55353
3.63042
3.69534
3.74692
3.7837
3.8041
3.80639
3.78867
3.7489
3.68481
3.59398
3.47381
3.32165
3.13488
2.91121
2.64915
2.34881
2.01341
1.65175
1.28204
0.934856
0.649205
0.455632
0.355355
0.319937
0.315729
0.321939
0.32975
0.33632
0.341083
0.344217
0.346094
0.347086
0.347506
0.347589
0.347497
0.347333
0.347151
0.346971
0.346795
0.346609
0.346398
0.346143
0.34583
0.345449
0.344991
0.344451
0.343823
0.343098
0.342263
0.3413
0.340179
0.338862
0.337301
0.335438
0.333205
0.330525
0.327318
0.323499
0.31898
0.313676
0.307504
0.300385
0.292243
0.283006
0.272609
0.260999
0.24821
0.233998
0.220334
0.196374
0.209982
0.447831
0.606286
0.753431
0.901401
1.04769
1.18613
1.31162
1.42194
1.51778
1.60191
1.67812
1.75041
1.8224
1.89705
1.97649
2.062
2.15409
2.25259
2.35678
2.46554
2.57742
2.69082
2.80406
2.91546
3.02337
3.12622
3.22247
3.31067
3.38934
3.45704
3.51227
3.55346
3.57896
3.58699
3.57565
3.54289
3.48651
3.40415
3.29337
3.15165
2.97659
2.76614
2.51903
2.23552
1.91873
1.57689
1.22669
0.896132
0.6215
0.43246
0.332192
0.295282
0.289926
0.295836
0.304055
0.311423
0.31709
0.321041
0.323546
0.324939
0.325542
0.325627
0.325406
0.325038
0.324631
0.324252
0.323935
0.323694
0.323523
0.323409
0.323334
0.323278
0.323224
0.323154
0.323054
0.32291
0.322703
0.322417
0.322025
0.321496
0.320789
0.319855
0.318636
0.317062
0.31506
0.312549
0.309442
0.305653
0.301095
0.295686
0.289345
0.281998
0.273575
0.264014
0.253263
0.241355
0.228052
0.215227
0.192586
0.195912
0.438141
0.626505
0.817739
1.01148
1.19488
1.35661
1.49152
1.60022
1.68688
1.75711
1.81659
1.87038
1.92264
1.97661
2.03462
2.09822
2.1682
2.24475
2.32748
2.41547
2.50753
2.6022
2.69785
2.79277
2.88521
2.97344
3.05574
3.13042
3.19581
3.25023
3.29197
3.31925
3.33023
3.32296
3.2954
3.24536
3.1706
3.06876
2.93755
2.77477
2.57866
2.34822
2.08399
1.78919
1.47172
1.14703
0.840568
0.585131
0.407788
0.312029
0.275375
0.269048
0.274294
0.282514
0.290405
0.296868
0.301678
0.304962
0.306979
0.308014
0.308337
0.308181
0.307735
0.307143
0.306515
0.305923
0.305414
0.305012
0.304723
0.304542
0.304457
0.30445
0.304502
0.304593
0.304704
0.304815
0.304905
0.304951
0.304924
0.304788
0.304504
0.304019
0.303276
0.302208
0.300739
0.29879
0.296275
0.293107
0.289197
0.284462
0.27882
0.272197
0.264522
0.255737
0.24579
0.234709
0.222265
0.210237
0.188853
0.189959
0.505697
0.849716
1.18519
1.46968
1.68565
1.83552
1.93227
1.99121
2.02591
2.04681
2.06129
2.07434
2.08936
2.10867
2.13385
2.16598
2.20552
2.25248
2.30654
2.36705
2.43297
2.50297
2.57546
2.6487
2.72085
2.79001
2.85429
2.91177
2.96055
2.99873
3.02436
3.03549
3.03009
3.00606
2.96126
2.89348
2.80051
2.68021
2.53065
2.35033
2.13861
1.89635
1.62699
1.33828
1.0446
0.768842
0.539713
0.380386
0.293329
0.258808
0.251933
0.256325
0.264193
0.27229
0.279343
0.284931
0.289028
0.291786
0.293431
0.294204
0.294332
0.294012
0.29341
0.292657
0.291855
0.291081
0.290387
0.289805
0.289353
0.289034
0.288844
0.28877
0.288797
0.288905
0.289076
0.289287
0.289516
0.289736
0.289918
0.290024
0.290014
0.289836
0.289433
0.288739
0.28768
0.286176
0.284144
0.281494
0.278138
0.27399
0.268968
0.262995
0.256001
0.247928
0.238723
0.228412
0.216771
0.205493
0.185292
0.0653904
0.963526
1.72057
2.17458
2.39615
2.47624
2.48099
2.45032
2.40562
2.35782
2.31268
2.27313
2.24077
2.21642
2.20032
2.19252
2.19294
2.20159
2.21838
2.24307
2.27509
2.3136
2.35742
2.40507
2.4549
2.50504
2.55354
2.59836
2.63743
2.66865
2.68991
2.69908
2.69403
2.67261
2.63264
2.57197
2.4885
2.38023
2.24549
2.08306
1.89267
1.67552
1.43534
1.17977
0.922248
0.68297
0.486112
0.349995
0.275165
0.244539
0.237692
0.241213
0.248476
0.256477
0.263866
0.270072
0.274918
0.278444
0.280793
0.28216
0.282745
0.282741
0.282315
0.281612
0.28075
0.279826
0.278912
0.278063
0.277319
0.276702
0.276227
0.275894
0.275698
0.275629
0.275672
0.275809
0.276019
0.27628
0.276565
0.276843
0.27708
0.277231
0.277249
0.277077
0.276651
0.275898
0.274741
0.273095
0.270873
0.267986
0.264345
0.259868
0.254475
0.248096
0.240671
0.232149
0.22255
0.211654
0.201074
0.181979
)
;

boundaryField
{
    outlet
    {
        type            zeroGradient;
    }
    inlet
    {
        type            fixedValue;
        value           uniform 0.2;
    }
    lowerWall
    {
        type            kqRWallFunction;
        value           nonuniform List<scalar> 
148
(
0.196709
0.190616
0.184994
0.179724
0.174798
0.17025
0.166114
0.162407
0.159125
0.156249
0.153752
0.151603
0.14977
0.14822
0.146925
0.145855
0.144987
0.144297
0.143765
0.143372
0.143103
0.142943
0.142878
0.142898
0.142991
0.14315
0.143361
0.143643
0.143874
0.144585
0.143269
0.151636
0.114748
0.0653928
0.137741
0.199167
0.241483
0.263476
0.272736
0.27321
0.265416
0.253585
0.238791
0.224655
0.209982
0.195912
0.189959
0.0653904
0.0653928
0.0925227
0.10702
0.107565
0.100379
0.0879085
0.0714107
0.0906471
0.181255
0.282135
0.378538
0.469266
0.554097
0.632927
0.705643
0.772108
0.832227
0.886026
0.933701
0.975618
1.01228
1.04426
1.07215
1.09652
1.11786
1.13657
1.15298
1.16731
1.17971
1.19025
1.19902
1.20607
1.21153
1.21557
1.21839
1.21968
1.2194
1.21756
1.21412
1.20904
1.20225
1.19366
1.18316
1.17061
1.15583
1.13861
1.11865
1.09565
1.06928
1.03931
1.00586
0.969895
0.934196
0.903894
0.874675
0.843262
0.809963
0.77581
0.741708
0.708298
0.67602
0.645194
0.616059
0.588778
0.563434
0.540035
0.518528
0.498812
0.480763
0.464242
0.449108
0.435229
0.422477
0.41074
0.399914
0.389909
0.380645
0.372051
0.364075
0.356668
0.349791
0.343418
0.337521
0.332068
0.327011
0.322292
0.317844
0.313586
0.309422
0.305242
0.300931
0.29637
0.291449
0.286054
0.280021
0.273178
0.265603
0.257598
0.250451
0.240872
)
;
    }
    upperWall
    {
        type            kqRWallFunction;
        value           nonuniform List<scalar> 
133
(
0.205419
0.216602
0.227661
0.238503
0.249093
0.259415
0.269459
0.279212
0.288667
0.297818
0.30666
0.315191
0.32341
0.331318
0.338918
0.346213
0.353209
0.35991
0.366324
0.372458
0.378319
0.383915
0.389255
0.394347
0.399199
0.403821
0.408222
0.412409
0.416391
0.420177
0.423774
0.427191
0.430439
0.434017
0.437941
0.441741
0.445409
0.448941
0.45233
0.45557
0.458656
0.461582
0.464341
0.466928
0.469336
0.471558
0.473586
0.475411
0.477025
0.478419
0.47958
0.480498
0.481159
0.481548
0.481647
0.48144
0.480904
0.480016
0.478751
0.477077
0.474963
0.472372
0.469263
0.465591
0.461307
0.456356
0.450682
0.444222
0.436916
0.428703
0.419525
0.409341
0.398126
0.385891
0.372696
0.358671
0.344038
0.329139
0.314447
0.300576
0.288257
0.278281
0.2714
0.268184
0.268877
0.273311
0.280796
0.290255
0.301512
0.31338
0.324203
0.332844
0.338798
0.342046
0.342865
0.341668
0.338863
0.334825
0.3299
0.324392
0.318553
0.312575
0.306605
0.300743
0.295061
0.289606
0.284407
0.279483
0.274846
0.270498
0.266437
0.262657
0.259146
0.255891
0.252877
0.250089
0.247514
0.245142
0.242966
0.240979
0.239177
0.237556
0.23611
0.234833
0.233713
0.232741
0.231897
0.231168
0.230528
0.229967
0.229435
0.229013
0.228257
)
;
    }
    frontAndBack
    {
        type            empty;
    }
}


// ************************************************************************* //
