/*--------------------------------*- C++ -*----------------------------------*\
  =========                 |
  \\      /  F ield         | OpenFOAM: The Open Source CFD Toolbox
   \\    /   O peration     | Website:  https://openfoam.org
    \\  /    A nd           | Version:  10
     \\/     M anipulation  |
\*---------------------------------------------------------------------------*/
FoamFile
{
    format      ascii;
    class       volScalarField;
    location    "500";
    object      p;
}
// * * * * * * * * * * * * * * * * * * * * * * * * * * * * * * * * * * * * * //

dimensions      [0 2 -2 0 0 0 0];

internalField   nonuniform List<scalar> 
6820
(
-7.83896
-8.61041
-9.05774
-9.20463
-9.28299
-9.34781
-9.39301
-9.42284
-9.4457
-9.46529
-9.48245
-9.49768
-9.51154
-9.52438
-9.53636
-9.54754
-9.55796
-9.5676
-9.57641
-9.58432
-9.59118
-9.59681
-9.60093
-9.60317
-9.60297
-9.59952
-9.59158
-9.57717
-9.55331
-9.51757
-9.44064
-9.3927
-9.15197
-9.3934
-9.53853
-9.51438
-9.44545
-9.41758
-9.42262
-9.43519
-9.44767
-9.46091
-9.47492
-9.48872
-9.50184
-9.51427
-9.52607
-9.53724
-9.54775
-9.55758
-9.56671
-9.57509
-9.58262
-9.58917
-9.59457
-9.59858
-9.60086
-9.60095
-9.59821
-9.59161
-9.58025
-9.56035
-9.53347
-9.4873
-9.40549
-9.29058
-9.39708
-9.26166
-9.26191
-9.29601
-9.3315
-9.36856
-9.40041
-9.42516
-9.44573
-9.46406
-9.48054
-9.49541
-9.50903
-9.52168
-9.5335
-9.54454
-9.55484
-9.56441
-9.5732
-9.58114
-9.58812
-9.59399
-9.59853
-9.60145
-9.60236
-9.60073
-9.59579
-9.58681
-9.57166
-9.55079
-9.51853
-9.48373
-9.46262
-9.3275
-9.24991
-9.29422
-9.3413
-9.36693
-9.39117
-9.41485
-9.43478
-9.45214
-9.46826
-9.48332
-9.4973
-9.51036
-9.52264
-9.53423
-9.54513
-9.55536
-9.5649
-9.57372
-9.58174
-9.58887
-9.59498
-9.5999
-9.6034
-9.60518
-9.60491
-9.60211
-9.59647
-9.58715
-9.57541
-9.56144
-9.55622
-9.57875
-9.32104
-9.29155
-9.32119
-9.35259
-9.37165
-9.39265
-9.41504
-9.43475
-9.45208
-9.46816
-9.4832
-9.49719
-9.51026
-9.52257
-9.53418
-9.54512
-9.55542
-9.56507
-9.57403
-9.58226
-9.58967
-9.59619
-9.60167
-9.60597
-9.60891
-9.61031
-9.61001
-9.60808
-9.60465
-9.60159
-9.60154
-9.61378
-9.65212
-9.32903
-9.31494
-9.33099
-9.35631
-9.37615
-9.39653
-9.41764
-9.43665
-9.45357
-9.46929
-9.48406
-9.49787
-9.51084
-9.52308
-9.53467
-9.54563
-9.55599
-9.56575
-9.57487
-9.58334
-9.59109
-9.59807
-9.60419
-9.60939
-9.6136
-9.61681
-9.6191
-9.62085
-9.62279
-9.62701
-9.63673
-9.6586
-9.70129
-9.3369
-9.32937
-9.3407
-9.36293
-9.38238
-9.40119
-9.42056
-9.43864
-9.45507
-9.47041
-9.4849
-9.49855
-9.51142
-9.52361
-9.5352
-9.54621
-9.55666
-9.56655
-9.57588
-9.58462
-9.59276
-9.60027
-9.60711
-9.61329
-9.61885
-9.62389
-9.62871
-9.63386
-9.64038
-9.65022
-9.66628
-9.69299
-9.73539
-9.34497
-9.34185
-9.35131
-9.37023
-9.38825
-9.40563
-9.42355
-9.44077
-9.45669
-9.47165
-9.48585
-9.49932
-9.51208
-9.52423
-9.53581
-9.54687
-9.55742
-9.56747
-9.57702
-9.58608
-9.59464
-9.60271
-9.61032
-9.61751
-9.62441
-9.63123
-9.63836
-9.64648
-9.65664
-9.67052
-9.69042
-9.71914
-9.75942
-9.35346
-9.35302
-9.36129
-9.37729
-9.39385
-9.41007
-9.42677
-9.4431
-9.45847
-9.47302
-9.48692
-9.50018
-9.51282
-9.52491
-9.53649
-9.5476
-9.55825
-9.56847
-9.57826
-9.58765
-9.59666
-9.60532
-9.61369
-9.62187
-9.63005
-9.6385
-9.64766
-9.65821
-9.67111
-9.68773
-9.7097
-9.73876
-9.7762
-9.36204
-9.36302
-9.37048
-9.38423
-9.39939
-9.41456
-9.43014
-9.44559
-9.46039
-9.47452
-9.4881
-9.50114
-9.51365
-9.52568
-9.53725
-9.5484
-9.55916
-9.56955
-9.57959
-9.58931
-9.59876
-9.608
-9.61711
-9.62624
-9.63559
-9.64546
-9.65631
-9.66875
-9.68361
-9.70191
-9.72477
-9.75318
-9.78763
-9.37043
-9.37212
-9.379
-9.39103
-9.40484
-9.419
-9.43358
-9.4482
-9.46242
-9.47613
-9.48939
-9.5022
-9.51457
-9.52651
-9.53807
-9.54927
-9.56013
-9.57069
-9.58097
-9.59103
-9.60091
-9.6107
-9.6205
-9.63048
-9.64085
-9.65193
-9.66412
-9.67796
-9.69411
-9.7133
-9.73626
-9.76351
-9.79511
-9.37852
-9.38052
-9.38692
-9.39759
-9.41017
-9.42337
-9.43705
-9.4509
-9.46454
-9.47782
-9.49076
-9.50334
-9.51555
-9.52741
-9.53895
-9.55018
-9.56115
-9.57187
-9.58238
-9.59275
-9.60304
-9.61334
-9.62376
-9.63448
-9.64572
-9.65776
-9.67097
-9.68578
-9.70269
-9.72221
-9.74477
-9.77061
-9.7996
-9.38623
-9.38831
-9.39427
-9.40385
-9.41535
-9.42766
-9.44051
-9.45364
-9.46672
-9.47958
-9.49219
-9.50454
-9.51659
-9.52836
-9.53987
-9.55113
-9.56218
-9.57306
-9.58379
-9.59445
-9.6051
-9.61585
-9.62682
-9.63817
-9.6501
-9.66288
-9.6768
-9.69221
-9.70947
-9.72891
-9.75078
-9.77514
-9.80178
-9.3935
-9.39556
-9.40111
-9.4098
-9.42034
-9.43182
-9.44392
-9.45638
-9.46893
-9.48138
-9.49367
-9.50577
-9.51766
-9.52934
-9.54081
-9.55209
-9.56322
-9.57422
-9.58516
-9.59607
-9.60705
-9.61818
-9.6296
-9.64145
-9.65391
-9.66721
-9.68159
-9.69731
-9.71461
-9.7337
-9.75471
-9.77759
-9.80211
-9.40031
-9.40228
-9.40745
-9.4154
-9.4251
-9.43583
-9.44724
-9.45909
-9.47113
-9.48318
-9.49515
-9.50702
-9.51874
-9.53032
-9.54174
-9.55303
-9.56422
-9.57534
-9.58644
-9.59757
-9.60882
-9.62027
-9.63204
-9.64427
-9.65711
-9.67074
-9.68536
-9.70114
-9.71826
-9.73683
-9.75688
-9.77833
-9.80096
-9.40664
-9.40851
-9.41332
-9.42065
-9.42962
-9.43966
-9.45045
-9.46173
-9.47329
-9.48495
-9.49663
-9.50826
-9.51981
-9.53128
-9.54265
-9.55393
-9.56517
-9.57638
-9.58761
-9.59892
-9.61038
-9.62207
-9.6341
-9.64659
-9.65966
-9.67347
-9.68814
-9.70381
-9.72057
-9.7385
-9.75756
-9.77766
-9.79858
-9.41249
-9.41425
-9.41873
-9.42551
-9.43386
-9.44328
-9.4535
-9.46427
-9.47538
-9.48667
-9.49805
-9.50946
-9.52084
-9.53219
-9.54349
-9.55477
-9.56602
-9.57729
-9.58862
-9.60006
-9.61167
-9.62354
-9.63574
-9.64838
-9.66156
-9.67539
-9.68997
-9.70539
-9.72169
-9.7389
-9.75697
-9.77579
-9.79518
-9.41784
-9.41949
-9.42367
-9.42999
-9.43779
-9.44666
-9.45636
-9.46666
-9.47736
-9.48831
-9.49941
-9.51058
-9.5218
-9.53303
-9.54426
-9.5555
-9.56676
-9.57806
-9.58945
-9.60098
-9.61268
-9.62465
-9.63693
-9.64962
-9.6628
-9.67655
-9.69092
-9.70598
-9.72174
-9.7382
-9.75529
-9.77292
-9.79092
-9.4227
-9.42424
-9.42816
-9.43407
-9.44138
-9.44977
-9.45901
-9.46888
-9.4792
-9.48982
-9.50065
-9.51161
-9.52266
-9.53377
-9.54492
-9.5561
-9.56734
-9.57865
-9.59007
-9.60163
-9.61338
-9.62537
-9.63766
-9.65032
-9.6634
-9.67696
-9.69104
-9.70567
-9.72084
-9.73653
-9.75268
-9.76919
-9.78593
-9.42704
-9.42849
-9.43217
-9.43772
-9.44462
-9.45258
-9.4614
-9.47088
-9.48085
-9.49118
-9.50176
-9.51251
-9.5234
-9.53438
-9.54543
-9.55655
-9.56775
-9.57904
-9.59044
-9.602
-9.61373
-9.62569
-9.63792
-9.65047
-9.66338
-9.67668
-9.6904
-9.70454
-9.71909
-9.73401
-9.74925
-9.76472
-9.78029
-9.43085
-9.43223
-9.43569
-9.44094
-9.44748
-9.45506
-9.4635
-9.47264
-9.4823
-9.49235
-9.50269
-9.51325
-9.52398
-9.53483
-9.54578
-9.55682
-9.56796
-9.5792
-9.59056
-9.60206
-9.61373
-9.62561
-9.63772
-9.6501
-9.66277
-9.67575
-9.68906
-9.70268
-9.71659
-9.73075
-9.74512
-9.75961
-9.77412
-9.43413
-9.43544
-9.43872
-9.44369
-9.44992
-9.45717
-9.46529
-9.47412
-9.48349
-9.49329
-9.50342
-9.5138
-9.52437
-9.53509
-9.54593
-9.55688
-9.56794
-9.5791
-9.59038
-9.6018
-9.61337
-9.62511
-9.63705
-9.64921
-9.66159
-9.67422
-9.68707
-9.70015
-9.71342
-9.72685
-9.74038
-9.75395
-9.76747
-9.43686
-9.43811
-9.44122
-9.44596
-9.45192
-9.45888
-9.46672
-9.47527
-9.4844
-9.49398
-9.50391
-9.51412
-9.52454
-9.53513
-9.54586
-9.55671
-9.56767
-9.57874
-9.58992
-9.60121
-9.61264
-9.62421
-9.63594
-9.64783
-9.65989
-9.67212
-9.68451
-9.69703
-9.70967
-9.72238
-9.73511
-9.74782
-9.76042
-9.43902
-9.44021
-9.44319
-9.44772
-9.45344
-9.46016
-9.46775
-9.47607
-9.48499
-9.49437
-9.50413
-9.51418
-9.52446
-9.53493
-9.54554
-9.55628
-9.56714
-9.57809
-9.58914
-9.60029
-9.61155
-9.62292
-9.6344
-9.64599
-9.6577
-9.66952
-9.68142
-9.69339
-9.7054
-9.71742
-9.72939
-9.74129
-9.75303
-9.44059
-9.44172
-9.44458
-9.44894
-9.45446
-9.46097
-9.46835
-9.47648
-9.48521
-9.49443
-9.50404
-9.51395
-9.52411
-9.53446
-9.54496
-9.55559
-9.56632
-9.57714
-9.58805
-9.59904
-9.6101
-9.62124
-9.63245
-9.64373
-9.65507
-9.66645
-9.67787
-9.68929
-9.70069
-9.71204
-9.7233
-9.73443
-9.74537
-9.44153
-9.44262
-9.44537
-9.44957
-9.45493
-9.46127
-9.46849
-9.47646
-9.48504
-9.49413
-9.50361
-9.51341
-9.52345
-9.5337
-9.54409
-9.5546
-9.56521
-9.5759
-9.58665
-9.59745
-9.6083
-9.61919
-9.63012
-9.64106
-9.65202
-9.66298
-9.67391
-9.68479
-9.69561
-9.70632
-9.71689
-9.7273
-9.73749
-9.44182
-9.44288
-9.44552
-9.44959
-9.4548
-9.46101
-9.4681
-9.47596
-9.48444
-9.49342
-9.50281
-9.51252
-9.52247
-9.53262
-9.54291
-9.55332
-9.5638
-9.57434
-9.58493
-9.59554
-9.60617
-9.61681
-9.62744
-9.63805
-9.64862
-9.65915
-9.66961
-9.67997
-9.69022
-9.70032
-9.71025
-9.71998
-9.72947
-9.44143
-9.44245
-9.44499
-9.44894
-9.45403
-9.46014
-9.46716
-9.47494
-9.48335
-9.49227
-9.5016
-9.51125
-9.52114
-9.53121
-9.54142
-9.55172
-9.56208
-9.57248
-9.5829
-9.59332
-9.60372
-9.61409
-9.62442
-9.63469
-9.64489
-9.65499
-9.66499
-9.67485
-9.68455
-9.69407
-9.70339
-9.71249
-9.72132
-9.44033
-9.4413
-9.44373
-9.44755
-9.45256
-9.45861
-9.46559
-9.47335
-9.48174
-9.49065
-9.49997
-9.50959
-9.51944
-9.52947
-9.53961
-9.54982
-9.56008
-9.57035
-9.58061
-9.59084
-9.60102
-9.61114
-9.62118
-9.63112
-9.64095
-9.65066
-9.66021
-9.66959
-9.67878
-9.68776
-9.69651
-9.70501
-9.71322
-9.43849
-9.43939
-9.44169
-9.44537
-9.4503
-9.45635
-9.46335
-9.47114
-9.47958
-9.48852
-9.49786
-9.50749
-9.51734
-9.52733
-9.53741
-9.54754
-9.55769
-9.56783
-9.57793
-9.58797
-9.59792
-9.60779
-9.61754
-9.62716
-9.63663
-9.64594
-9.65507
-9.664
-9.6727
-9.68117
-9.68939
-9.69734
-9.70499
-9.43589
-9.4367
-9.43879
-9.44229
-9.44717
-9.45327
-9.46036
-9.46825
-9.4768
-9.48586
-9.49531
-9.50504
-9.51495
-9.52498
-9.53508
-9.54519
-9.55529
-9.56534
-9.57531
-9.5852
-9.59497
-9.6046
-9.61409
-9.62342
-9.63256
-9.64151
-9.65024
-9.65874
-9.667
-9.67499
-9.68271
-9.69013
-9.69723
-9.43254
-9.43319
-9.43492
-9.43816
-9.44305
-9.44931
-9.45657
-9.46462
-9.47331
-9.48248
-9.49201
-9.50177
-9.5117
-9.52172
-9.53178
-9.54183
-9.55184
-9.56178
-9.57162
-9.58134
-9.59092
-9.60034
-9.60958
-9.61863
-9.62747
-9.63609
-9.64447
-9.65259
-9.66045
-9.66802
-9.6753
-9.68229
-9.68896
-9.42853
-9.42885
-9.42995
-9.43279
-9.43772
-9.44425
-9.45189
-9.46041
-9.46963
-9.4793
-9.48926
-9.49938
-9.50959
-9.51981
-9.53001
-9.54013
-9.55015
-9.56005
-9.5698
-9.57938
-9.58878
-9.59798
-9.60697
-9.61573
-9.62425
-9.63252
-9.64053
-9.64825
-9.65569
-9.66282
-9.66963
-9.67612
-9.68224
-9.42409
-9.42364
-9.42358
-9.42609
-9.43129
-9.4379
-9.44533
-9.45363
-9.46272
-9.47234
-9.48228
-9.49242
-9.50267
-9.51296
-9.52322
-9.53341
-9.54349
-9.55343
-9.5632
-9.57279
-9.58216
-9.59131
-9.60023
-9.60889
-9.61728
-9.6254
-9.63322
-9.64075
-9.64796
-9.65486
-9.66143
-9.66768
-9.67362
-9.41988
-9.41761
-9.41464
-9.41677
-9.424
-9.43327
-9.44312
-9.45344
-9.46409
-9.47483
-9.48552
-9.49614
-9.50664
-9.51699
-9.52719
-9.5372
-9.54702
-9.55664
-9.56605
-9.57523
-9.58417
-9.59287
-9.60131
-9.60949
-9.61738
-9.62498
-9.63229
-9.63928
-9.64595
-9.65229
-9.65829
-9.66392
-9.66917
-9.4171
-9.41194
-9.4043
-9.40185
-9.40427
-9.40962
-9.4175
-9.42737
-9.43832
-9.44973
-9.46138
-9.47311
-9.48481
-9.49636
-9.50771
-9.51882
-9.52968
-9.54025
-9.55053
-9.56051
-9.57017
-9.57951
-9.58852
-9.5972
-9.60554
-9.61352
-9.62116
-9.62843
-9.63535
-9.6419
-9.64809
-9.65395
-9.65947
-9.41737
-9.39742
-9.40013
-9.41976
-9.43633
-9.44703
-9.45665
-9.46685
-9.47696
-9.48662
-9.49603
-9.50534
-9.51455
-9.52366
-9.53263
-9.54149
-9.55021
-9.55877
-9.56716
-9.57537
-9.58338
-9.59116
-9.59872
-9.60602
-9.61306
-9.61983
-9.6263
-9.63248
-9.63834
-9.64388
-9.64907
-9.65391
-9.65835
-9.45471
-9.33142
-9.26823
-9.27173
-9.29391
-9.31545
-9.33657
-9.35813
-9.37912
-9.39888
-9.41744
-9.43492
-9.45139
-9.46692
-9.4816
-9.49551
-9.50872
-9.52127
-9.53321
-9.54458
-9.55541
-9.56571
-9.57551
-9.58483
-9.59367
-9.60204
-9.60996
-9.61742
-9.62444
-9.63102
-9.63717
-9.64291
-9.64823
-9.61453
-9.62765
-9.58627
-9.54399
-9.51984
-9.50913
-9.50442
-9.5023
-9.5023
-9.50441
-9.50822
-9.51316
-9.5189
-9.52523
-9.53199
-9.53907
-9.54633
-9.5537
-9.5611
-9.56847
-9.57577
-9.58295
-9.58997
-9.59681
-9.60343
-9.60982
-9.61595
-9.62181
-9.62737
-9.63263
-9.63758
-9.64219
-9.64645
-8.45024
-8.75052
-9.01542
-9.14121
-9.20605
-9.26201
-9.31139
-9.34962
-9.37923
-9.4041
-9.42597
-9.44536
-9.46269
-9.47844
-9.49296
-9.50647
-9.51912
-9.53101
-9.54224
-9.55285
-9.56291
-9.57244
-9.58148
-9.59004
-9.59813
-9.60578
-9.61298
-9.61975
-9.62609
-9.63201
-9.63751
-9.64261
-9.6473
-9.56676
-10.4174
-10.2396
-10.2476
-10.3779
-10.4405
-10.4232
-10.3737
-10.3274
-10.3028
-10.3036
-10.3219
-10.3479
-10.3772
-10.411
-10.452
-10.5019
-10.5606
-10.6267
-10.6985
-10.7737
-10.8492
-10.9211
-10.9851
-11.0372
-11.0745
-11.0953
-11.0994
-11.0878
-11.0621
-11.0243
-10.9762
-10.9189
-10.8525
-10.7762
-10.6881
-10.5857
-10.4666
-10.3285
-10.1699
-9.99047
-9.79072
-9.57242
-9.3382
-9.09136
-8.83557
-8.57443
-8.31107
-8.04771
-7.78542
-7.52405
-7.26236
-6.99843
-6.73002
-6.45512
-6.17239
-5.88143
-5.5831
-5.27954
-4.97412
-4.67116
-4.37545
-4.09164
-3.82355
-3.57375
-3.34328
-3.13177
-2.93782
-2.75934
-2.59395
-2.43925
-2.29299
-2.15309
-2.01774
-1.88533
-1.7545
-1.62407
-1.49305
-1.3607
-1.22661
-1.09106
-0.95559
-0.823418
-0.699283
-0.588083
-0.493038
-0.414585
-0.350855
-0.29894
-0.256053
-0.219934
-0.18906
-0.162048
-0.138505
-0.116654
-0.097588
-0.077858
-0.0583849
-0.043132
0.00123096
-9.57406
-10.237
-10.1626
-10.1799
-10.3319
-10.4188
-10.4145
-10.3685
-10.3196
-10.2903
-10.2881
-10.3061
-10.3325
-10.3613
-10.3935
-10.433
-10.4818
-10.5398
-10.6048
-10.6747
-10.7472
-10.8195
-10.888
-10.9489
-10.9981
-11.0327
-11.0511
-11.0531
-11.0397
-11.0126
-10.9737
-10.9247
-10.8669
-10.8001
-10.7236
-10.6354
-10.5331
-10.4143
-10.2766
-10.1188
-9.94038
-9.742
-9.52538
-9.29316
-9.04859
-8.79532
-8.53695
-8.2766
-8.01652
-7.75778
-7.50019
-7.24244
-6.98248
-6.71795
-6.44674
-6.16741
-5.87951
-5.58388
-5.28266
-4.97921
-4.67789
-4.38353
-4.10087
-3.83388
-3.58521
-3.356
-3.14592
-2.95351
-2.77661
-2.61275
-2.45942
-2.31428
-2.17519
-2.04029
-1.90796
-1.77682
-1.64569
-1.51358
-1.37973
-1.24368
-1.10568
-0.96724
-0.831748
-0.704264
-0.590102
-0.492797
-0.412869
-0.348324
-0.296066
-0.25315
-0.217218
-0.186686
-0.160124
-0.137128
-0.115836
-0.0974923
-0.0781346
-0.0600158
-0.043684
-0.00435505
-9.64737
-10.0524
-10.1242
-10.16
-10.2772
-10.3639
-10.3802
-10.3538
-10.3162
-10.2897
-10.2848
-10.2984
-10.3207
-10.3456
-10.3741
-10.4104
-10.457
-10.5135
-10.5772
-10.6452
-10.7149
-10.7837
-10.8486
-10.906
-10.9522
-10.9843
-11.0007
-11.0012
-10.9866
-10.9586
-10.9191
-10.8698
-10.8116
-10.7445
-10.6677
-10.5793
-10.477
-10.3584
-10.2214
-10.0646
-9.88772
-9.69136
-9.47721
-9.2478
-9.00631
-8.75626
-8.50116
-8.24408
-7.98725
-7.73178
-7.47749
-7.2231
-6.96654
-6.70543
-6.43762
-6.16164
-5.87703
-5.58457
-5.28637
-4.98572
-4.6869
-4.39468
-4.11378
-3.8482
-3.6007
-3.37252
-3.16341
-2.97196
-2.79599
-2.63299
-2.48041
-2.33584
-2.1971
-2.06229
-1.92978
-1.79817
-1.6663
-1.5332
-1.39807
-1.26047
-1.1206
-0.979946
-0.841942
-0.711811
-0.595136
-0.495709
-0.414188
-0.34856
-0.295629
-0.252346
-0.216276
-0.185779
-0.159386
-0.136663
-0.115678
-0.0978003
-0.0785506
-0.0616192
-0.0435844
-0.0100326
-9.70555
-9.97858
-10.1103
-10.1573
-10.2389
-10.3127
-10.3371
-10.3242
-10.2996
-10.2822
-10.2816
-10.296
-10.3178
-10.3416
-10.3678
-10.4006
-10.4427
-10.4941
-10.5524
-10.6148
-10.6787
-10.7419
-10.8017
-10.8548
-10.8977
-10.9275
-10.9425
-10.9422
-10.9274
-10.8995
-10.8601
-10.8108
-10.7525
-10.6852
-10.6081
-10.5194
-10.417
-10.2987
-10.1625
-10.0072
-9.83234
-9.6387
-9.42783
-9.2021
-8.96453
-8.71844
-8.46715
-8.21363
-7.96006
-7.70757
-7.45607
-7.20437
-6.95053
-6.69226
-6.42746
-6.15469
-5.8735
-5.58464
-5.29012
-4.99311
-4.69771
-4.40852
-4.1301
-3.8664
-3.62024
-3.39294
-3.1844
-2.99331
-2.81758
-2.65472
-2.50218
-2.35753
-2.21858
-2.08342
-1.95039
-1.81812
-1.68546
-1.55144
-1.4153
-1.2766
-1.13553
-0.993534
-0.853969
-0.722059
-0.603493
-0.50225
-0.419161
-0.35229
-0.298428
-0.254473
-0.217941
-0.187146
-0.160588
-0.1378
-0.116796
-0.0990406
-0.0795617
-0.06349
-0.0431859
-0.0155129
-9.75117
-9.94407
-10.0751
-10.1322
-10.197
-10.2601
-10.2892
-10.2885
-10.277
-10.2694
-10.2728
-10.2874
-10.3082
-10.3315
-10.3576
-10.3894
-10.4294
-10.4773
-10.531
-10.588
-10.6459
-10.7028
-10.7564
-10.8039
-10.8423
-10.8688
-10.8817
-10.8802
-10.8649
-10.837
-10.7978
-10.7486
-10.6901
-10.6225
-10.5448
-10.4557
-10.3531
-10.235
-10.0997
-9.94612
-9.77385
-9.58352
-9.3766
-9.1553
-8.92237
-8.68089
-8.43396
-8.18434
-7.93412
-7.68444
-7.43532
-7.18578
-6.93406
-6.67807
-6.41588
-6.14613
-5.8684
-5.58343
-5.29311
-5.00044
-4.70926
-4.42391
-4.14872
-3.88747
-3.64294
-3.41654
-3.20833
-3.01717
-2.84112
-2.67778
-2.52466
-2.37937
-2.23972
-2.10379
-1.96996
-1.83685
-1.70333
-1.56847
-1.43155
-1.29217
-1.15051
-1.00795
-0.867697
-0.734805
-0.614912
-0.512115
-0.427461
-0.359189
-0.304163
-0.259274
-0.222006
-0.190634
-0.163634
-0.140495
-0.119199
-0.101269
-0.0813011
-0.0657604
-0.0428494
-0.0208223
-9.78323
-9.92427
-10.0403
-10.105
-10.1618
-10.2155
-10.247
-10.2565
-10.2562
-10.2561
-10.2622
-10.2761
-10.2958
-10.3187
-10.3447
-10.3758
-10.4135
-10.4576
-10.5066
-10.5581
-10.6103
-10.6613
-10.7092
-10.7516
-10.7857
-10.809
-10.8198
-10.8172
-10.8015
-10.7735
-10.7344
-10.6851
-10.6263
-10.558
-10.4795
-10.3895
-10.2864
-10.1684
-10.0339
-9.88203
-9.71241
-9.52562
-9.32297
-9.10645
-8.87858
-8.64213
-8.39992
-8.1545
-7.9078
-7.66095
-7.41407
-7.16639
-6.91641
-6.66233
-6.40243
-6.13551
-5.86124
-5.58031
-5.29452
-5.00665
-4.72029
-4.43944
-4.16812
-3.90989
-3.6674
-3.44211
-3.2342
-3.04275
-2.86599
-2.70172
-2.54756
-2.40118
-2.26043
-2.12343
-1.98858
-1.85451
-1.72012
-1.58451
-1.44703
-1.30733
-1.16561
-1.02319
-0.883037
-0.749904
-0.629216
-0.525102
-0.438853
-0.368987
-0.312535
-0.266438
-0.228166
-0.195954
-0.168254
-0.144506
-0.122676
-0.1043
-0.0836393
-0.0683021
-0.0426371
-0.0258153
-9.80505
-9.91308
-10.0123
-10.0776
-10.1293
-10.1763
-10.2095
-10.2267
-10.2345
-10.2399
-10.2482
-10.2621
-10.2814
-10.3044
-10.3306
-10.3608
-10.3961
-10.4366
-10.481
-10.5274
-10.5742
-10.6197
-10.6622
-10.6993
-10.7289
-10.7486
-10.7568
-10.7527
-10.7362
-10.7079
-10.6687
-10.6192
-10.5601
-10.4912
-10.4119
-10.3212
-10.2176
-10.0996
-9.96589
-9.81564
-9.64862
-9.46532
-9.26691
-9.05519
-8.8324
-8.60106
-8.36371
-8.12264
-7.87965
-7.63577
-7.39125
-7.14546
-6.8972
-6.64493
-6.38722
-6.12307
-5.85223
-5.5754
-5.29427
-5.01141
-4.73013
-4.45412
-4.18706
-3.93226
-3.6922
-3.4683
-3.26085
-3.0691
-2.89151
-2.72608
-2.57058
-2.42281
-2.2807
-2.14241
-2.00638
-1.87127
-1.73601
-1.59976
-1.4619
-1.32217
-1.18081
-1.03908
-0.899705
-0.767024
-0.646095
-0.540957
-0.453129
-0.381486
-0.323339
-0.275745
-0.236189
-0.202872
-0.17422
-0.149613
-0.127018
-0.107937
-0.0864046
-0.0709331
-0.0425064
-0.0302568
-9.81953
-9.90552
-9.98909
-10.0512
-10.0998
-10.1432
-10.1771
-10.1989
-10.2121
-10.2216
-10.2321
-10.2468
-10.2662
-10.2891
-10.3149
-10.3438
-10.3768
-10.4138
-10.4541
-10.496
-10.538
-10.5785
-10.6157
-10.6479
-10.673
-10.6891
-10.6945
-10.6885
-10.6708
-10.6419
-10.6023
-10.5525
-10.4929
-10.4233
-10.3433
-10.2519
-10.1478
-10.0299
-9.89693
-9.74829
-9.58376
-9.40381
-9.20948
-9.00239
-8.78455
-8.55821
-8.32566
-8.08895
-7.84973
-7.60898
-7.36697
-7.12326
-6.87688
-6.62656
-6.37113
-6.10979
-5.8424
-5.56967
-5.29318
-5.01533
-4.73914
-4.46801
-4.20531
-3.95408
-3.71662
-3.49431
-3.28748
-3.09555
-2.91716
-2.75052
-2.59358
-2.44428
-2.30066
-2.16096
-2.02365
-1.88745
-1.75134
-1.6145
-1.47639
-1.3368
-1.19606
-1.05538
-0.91726
-0.785595
-0.664971
-0.559195
-0.469929
-0.396427
-0.336363
-0.287001
-0.245889
-0.211207
-0.181357
-0.155651
-0.13207
-0.112036
-0.0894729
-0.0735244
-0.0424387
-0.0339515
-9.82854
-9.89916
-9.96986
-10.0274
-10.0738
-10.1144
-10.1479
-10.1721
-10.1888
-10.2017
-10.2147
-10.2304
-10.2499
-10.2725
-10.2974
-10.3249
-10.3555
-10.3894
-10.4259
-10.4638
-10.5014
-10.5372
-10.5697
-10.5972
-10.618
-10.6304
-10.6331
-10.625
-10.6061
-10.5763
-10.5361
-10.4859
-10.4257
-10.3556
-10.2749
-10.1829
-10.0785
-9.96076
-9.82864
-9.68159
-9.51949
-9.34276
-9.15234
-8.94969
-8.73659
-8.51507
-8.28717
-8.05475
-7.8193
-7.58174
-7.34238
-7.10092
-6.85659
-6.60839
-6.35537
-6.09691
-5.83299
-5.56432
-5.29238
-5.01941
-4.74818
-4.4818
-4.22336
-3.97564
-3.74079
-3.52011
-3.31399
-3.12195
-2.94283
-2.77501
-2.61664
-2.46578
-2.3206
-2.17943
-2.04081
-1.90351
-1.76654
-1.62914
-1.49083
-1.35148
-1.21146
-1.07197
-0.935328
-0.805019
-0.685126
-0.579119
-0.488682
-0.413388
-0.351306
-0.299977
-0.257074
-0.220788
-0.189511
-0.162482
-0.13771
-0.116495
-0.0927598
-0.0760035
-0.0424509
-0.036786
-9.83363
-9.89318
-9.95374
-10.0063
-10.0502
-10.0884
-10.1208
-10.1462
-10.1655
-10.1812
-10.1963
-10.2131
-10.2326
-10.2544
-10.2783
-10.3042
-10.3326
-10.3636
-10.3968
-10.4308
-10.4643
-10.4957
-10.5237
-10.5469
-10.5637
-10.5726
-10.5725
-10.5624
-10.542
-10.5113
-10.4704
-10.4196
-10.3589
-10.2882
-10.207
-10.1146
-10.0101
-9.89268
-9.7615
-9.6161
-9.4564
-9.28279
-9.09614
-8.89773
-8.68918
-8.47229
-8.24889
-8.02066
-7.78895
-7.55463
-7.31804
-7.07899
-6.83691
-6.59099
-6.34051
-6.08501
-5.82457
-5.55989
-5.2924
-5.02414
-4.75768
-4.49586
-4.24151
-3.99719
-3.76489
-3.54584
-3.34047
-3.14839
-2.96861
-2.79968
-2.6399
-2.48752
-2.3408
-2.19817
-2.05823
-1.91983
-1.78201
-1.64407
-1.50558
-1.36648
-1.22719
-1.0889
-0.953755
-0.824908
-0.705966
-0.60003
-0.508713
-0.431811
-0.367749
-0.314366
-0.269512
-0.231432
-0.19853
-0.169981
-0.143831
-0.121232
-0.0962038
-0.0783368
-0.0425732
-0.0387304
-9.8359
-9.8872
-9.93975
-9.98743
-10.0285
-10.0645
-10.0958
-10.1216
-10.1426
-10.1604
-10.1772
-10.1947
-10.2139
-10.235
-10.2578
-10.2822
-10.3085
-10.3369
-10.3668
-10.3971
-10.4267
-10.454
-10.4779
-10.497
-10.51
-10.5156
-10.5128
-10.5006
-10.4787
-10.4469
-10.4052
-10.3537
-10.2925
-10.2213
-10.1396
-10.047
-9.94257
-9.82561
-9.69547
-9.55176
-9.39444
-9.22388
-9.04085
-8.84651
-8.64232
-8.42987
-8.21082
-7.98667
-7.75865
-7.52759
-7.29386
-7.05736
-6.81768
-6.57421
-6.3264
-6.07394
-5.81699
-5.55627
-5.29311
-5.02942
-4.76756
-4.51012
-4.25971
-4.01867
-3.78885
-3.57142
-3.36682
-3.17477
-2.99441
-2.82446
-2.66337
-2.50952
-2.36132
-2.21726
-2.07605
-1.93657
-1.79793
-1.65948
-1.52083
-1.38199
-1.2434
-1.10624
-0.97253
-0.845097
-0.727149
-0.621438
-0.529457
-0.451147
-0.38522
-0.329799
-0.282928
-0.242933
-0.208258
-0.178028
-0.150344
-0.126188
-0.0997641
-0.0805239
-0.0428367
-0.0398277
-9.83607
-9.881
-9.92713
-9.97024
-10.0085
-10.0425
-10.0725
-10.0983
-10.1202
-10.1394
-10.1572
-10.1751
-10.1941
-10.2145
-10.2361
-10.259
-10.2834
-10.3092
-10.3359
-10.3628
-10.3886
-10.4121
-10.432
-10.4473
-10.4568
-10.4593
-10.4538
-10.4396
-10.4161
-10.3831
-10.3405
-10.2884
-10.2266
-10.1549
-10.0729
-9.98012
-9.87586
-9.75948
-9.63046
-9.48846
-9.33349
-9.16588
-8.98635
-8.79592
-8.5959
-8.38772
-8.17286
-7.95268
-7.72831
-7.50052
-7.2697
-7.03586
-6.7987
-6.55781
-6.31277
-6.06342
-5.80998
-5.55317
-5.29426
-5.03501
-4.7776
-4.52439
-4.27778
-4.03992
-3.81252
-3.5967
-3.3929
-3.20095
-3.0201
-2.84921
-2.6869
-2.53167
-2.38205
-2.23664
-2.09421
-1.95371
-1.81429
-1.67536
-1.53659
-1.39801
-1.26011
-1.12402
-0.991636
-0.865515
-0.748514
-0.643074
-0.550556
-0.470994
-0.403328
-0.345933
-0.297039
-0.255073
-0.218532
-0.186509
-0.157169
-0.131324
-0.103422
-0.082594
-0.0432745
-0.0401891
-9.83462
-9.87447
-9.9154
-9.95442
-9.98991
-10.0219
-10.0506
-10.076
-10.0983
-10.1182
-10.1366
-10.1548
-10.1734
-10.193
-10.2135
-10.2349
-10.2573
-10.2806
-10.3044
-10.3279
-10.3501
-10.3699
-10.3862
-10.398
-10.4041
-10.4036
-10.3956
-10.3793
-10.3542
-10.32
-10.2765
-10.2236
-10.1612
-10.0891
-10.0068
-9.91398
-9.80997
-9.69426
-9.5664
-9.42613
-9.27346
-9.10873
-8.93256
-8.74589
-8.54987
-8.34579
-8.13498
-7.91867
-7.69788
-7.47336
-7.2455
-7.0144
-6.77988
-6.54166
-6.29948
-6.05328
-5.80335
-5.55041
-5.29566
-5.04073
-4.78762
-4.53851
-4.29557
-4.0608
-3.83577
-3.62155
-3.4186
-3.22681
-3.04554
-2.87381
-2.71036
-2.55384
-2.40288
-2.25618
-2.11259
-1.97112
-1.83098
-1.69162
-1.55276
-1.41446
-1.27723
-1.14216
-1.011
-0.886089
-0.769959
-0.664785
-0.571803
-0.491105
-0.421816
-0.362521
-0.311628
-0.267669
-0.229208
-0.195319
-0.164239
-0.136609
-0.107173
-0.084596
-0.0439158
-0.0399719
-9.83189
-9.86758
-9.90422
-9.93965
-9.97249
-10.0025
-10.0299
-10.0546
-10.0768
-10.0969
-10.1156
-10.1337
-10.1519
-10.1707
-10.19
-10.2099
-10.2304
-10.2512
-10.2721
-10.2925
-10.3113
-10.3277
-10.3405
-10.3489
-10.3519
-10.3486
-10.3381
-10.3198
-10.293
-10.2575
-10.213
-10.1594
-10.0964
-10.0239
-9.94143
-9.8486
-9.74493
-9.62994
-9.50327
-9.36472
-9.21432
-9.05237
-8.87944
-8.69637
-8.5042
-8.30408
-8.09719
-7.88464
-7.66739
-7.44613
-7.22127
-6.99297
-6.76118
-6.52571
-6.28645
-6.04344
-5.79701
-5.54789
-5.2972
-5.04647
-4.79753
-4.55238
-4.313
-4.08123
-3.85854
-3.64592
-3.44385
-3.25228
-3.07068
-2.89819
-2.73369
-2.57595
-2.42372
-2.2758
-2.13111
-1.98872
-1.84791
-1.70816
-1.56924
-1.43123
-1.29465
-1.16055
-1.03055
-0.906738
-0.7914
-0.686465
-0.593061
-0.511318
-0.440507
-0.379395
-0.326546
-0.280598
-0.240189
-0.204386
-0.171508
-0.14203
-0.111023
-0.0865854
-0.0447808
-0.0393531
-9.8281
-9.86034
-9.89339
-9.92565
-9.95602
-9.98417
-10.0102
-10.034
-10.0557
-10.0757
-10.0943
-10.1122
-10.1298
-10.1477
-10.1658
-10.1841
-10.2026
-10.2211
-10.2393
-10.2567
-10.2723
-10.2854
-10.295
-10.3003
-10.3003
-10.2942
-10.2813
-10.261
-10.2326
-10.1958
-10.1503
-10.0959
-10.0324
-9.95945
-9.87681
-9.78405
-9.68076
-9.56654
-9.44109
-9.30424
-9.15605
-8.99679
-8.82699
-8.64739
-8.45891
-8.26259
-8.05949
-7.85062
-7.63685
-7.41883
-7.19701
-6.97158
-6.74257
-6.50994
-6.27366
-6.03385
-5.79091
-5.54554
-5.29882
-5.05217
-4.80727
-4.56595
-4.33002
-4.10118
-3.88077
-3.66975
-3.4686
-3.27731
-3.09546
-2.9223
-2.75684
-2.59797
-2.44454
-2.29547
-2.14973
-2.00647
-1.86503
-1.72492
-1.58596
-1.44826
-1.31232
-1.17913
-1.05019
-0.927392
-0.812768
-0.708041
-0.614237
-0.531515
-0.459271
-0.396423
-0.341678
-0.293767
-0.251404
-0.213663
-0.178949
-0.147581
-0.114984
-0.0886136
-0.0458708
-0.038498
-9.82344
-9.85274
-9.88274
-9.91222
-9.94029
-9.96661
-9.99116
-10.014
-10.035
-10.0545
-10.0728
-10.0902
-10.1072
-10.1241
-10.1409
-10.1576
-10.1742
-10.1905
-10.2061
-10.2206
-10.2332
-10.2432
-10.2498
-10.252
-10.2492
-10.2405
-10.2253
-10.203
-10.173
-10.1349
-10.0884
-10.0332
-9.96908
-9.8958
-9.81301
-9.72037
-9.61752
-9.5041
-9.37987
-9.24472
-9.09868
-8.94203
-8.77523
-8.59895
-8.41403
-8.22137
-8.02194
-7.81665
-7.6063
-7.39152
-7.17274
-6.95023
-6.72408
-6.49434
-6.26107
-6.02449
-5.78501
-5.54333
-5.30049
-5.0578
-4.81681
-4.57918
-4.3466
-4.1206
-3.90244
-3.69301
-3.49281
-3.30186
-3.11984
-2.9461
-2.77977
-2.61986
-2.46532
-2.31514
-2.16842
-2.02435
-1.88231
-1.74188
-1.60289
-1.46549
-1.33015
-1.19782
-1.06987
-0.947996
-0.834014
-0.729458
-0.635266
-0.551617
-0.478011
-0.413502
-0.356919
-0.307086
-0.262786
-0.223104
-0.186535
-0.153258
-0.119059
-0.0907194
-0.0471655
-0.0375454
-9.81804
-9.84481
-9.87217
-9.89918
-9.92512
-9.94967
-9.97278
-9.99444
-10.0146
-10.0335
-10.0511
-10.0679
-10.0841
-10.0999
-10.1154
-10.1306
-10.1453
-10.1594
-10.1725
-10.1843
-10.194
-10.2011
-10.2048
-10.2042
-10.1987
-10.1875
-10.1701
-10.1459
-10.1142
-10.0748
-10.0273
-9.9713
-9.90664
-9.83302
-9.75013
-9.65765
-9.55526
-9.44267
-9.31967
-9.18617
-9.04223
-8.8881
-8.72419
-8.55111
-8.36959
-8.18046
-7.98458
-7.78278
-7.57579
-7.36422
-7.14851
-6.92894
-6.7057
-6.47889
-6.24868
-6.01533
-5.77928
-5.54124
-5.30218
-5.06333
-4.82612
-4.59207
-4.36272
-4.13948
-3.92352
-3.71569
-3.51646
-3.32592
-3.14381
-2.96958
-2.80247
-2.64159
-2.48601
-2.33482
-2.18716
-2.04232
-1.89972
-1.759
-1.62
-1.48288
-1.34812
-1.21659
-1.08954
-0.968508
-0.855096
-0.750679
-0.656105
-0.57157
-0.496663
-0.430556
-0.372192
-0.320477
-0.274265
-0.232655
-0.194229
-0.159042
-0.123234
-0.0929206
-0.0486206
-0.0365975
-9.812
-9.83655
-9.8616
-9.88641
-9.91038
-9.93324
-9.9549
-9.97536
-9.99457
-10.0126
-10.0295
-10.0454
-10.0607
-10.0753
-10.0895
-10.103
-10.1159
-10.1279
-10.1386
-10.1478
-10.1549
-10.1592
-10.1601
-10.1568
-10.1488
-10.1353
-10.1158
-10.0896
-10.0564
-10.0157
-9.96711
-9.91036
-9.84515
-9.7712
-9.68823
-9.59594
-9.49405
-9.3823
-9.26052
-9.12865
-8.98675
-8.83504
-8.67391
-8.50389
-8.32565
-8.13992
-7.94748
-7.74907
-7.54539
-7.337
-7.12434
-6.90775
-6.68745
-6.46362
-6.23648
-6.00634
-5.77369
-5.53922
-5.30385
-5.06873
-4.83517
-4.60458
-4.37836
-4.1578
-3.944
-3.73775
-3.53953
-3.34945
-3.16732
-2.99268
-2.82488
-2.66314
-2.50661
-2.35446
-2.20594
-2.06038
-1.91726
-1.77626
-1.63726
-1.50042
-1.36619
-1.2354
-1.10917
-0.988891
-0.875982
-0.771668
-0.676717
-0.591333
-0.515179
-0.447531
-0.387437
-0.333882
-0.285787
-0.24227
-0.201992
-0.164907
-0.127487
-0.0952192
-0.0501823
-0.0357265
-9.80541
-9.82799
-9.85099
-9.87381
-9.89597
-9.9172
-9.93743
-9.95663
-9.97476
-9.99179
-10.0078
-10.0228
-10.037
-10.0505
-10.0632
-10.0752
-10.0862
-10.0961
-10.1046
-10.1114
-10.1159
-10.1176
-10.1159
-10.1101
-10.0996
-10.0838
-10.0623
-10.0343
-9.99957
-9.95757
-9.90796
-9.85043
-9.78468
-9.71043
-9.62741
-9.53533
-9.43395
-9.32305
-9.20249
-9.0722
-8.93227
-8.7829
-8.62444
-8.45737
-8.28227
-8.09981
-7.91069
-7.71559
-7.51514
-7.3099
-7.1003
-6.8867
-6.66935
-6.44852
-6.22446
-5.99754
-5.76825
-5.53727
-5.3055
-5.07399
-4.84396
-4.6167
-4.39351
-4.17556
-3.96387
-3.75919
-3.56199
-3.37243
-3.19035
-3.0154
-2.847
-2.68447
-2.52706
-2.37404
-2.22472
-2.07848
-1.93489
-1.79363
-1.65463
-1.51805
-1.38432
-1.2542
-1.12872
-1.00911
-0.89664
-0.792394
-0.697069
-0.610868
-0.533517
-0.464384
-0.402611
-0.347257
-0.29731
-0.251909
-0.209794
-0.17083
-0.131797
-0.0976102
-0.0518025
-0.0349779
-9.79834
-9.81916
-9.84032
-9.86133
-9.88179
-9.90148
-9.9203
-9.93822
-9.95519
-9.97115
-9.9861
-10.0001
-10.0132
-10.0254
-10.0367
-10.047
-10.0563
-10.0642
-10.0706
-10.075
-10.0771
-10.0763
-10.0721
-10.0639
-10.0511
-10.0333
-10.0097
-9.98004
-9.94378
-9.90052
-9.84991
-9.79162
-9.72534
-9.65081
-9.56774
-9.4759
-9.37504
-9.26499
-9.14562
-9.01689
-8.87887
-8.73175
-8.57585
-8.41159
-8.23951
-8.0602
-7.87429
-7.6824
-7.48513
-7.28299
-7.07643
-6.86581
-6.65144
-6.43361
-6.21263
-5.98889
-5.76292
-5.53537
-5.30709
-5.07909
-4.85247
-4.62843
-4.40815
-4.19274
-3.98311
-3.78
-3.58384
-3.39483
-3.21288
-3.03769
-2.86878
-2.70555
-2.54736
-2.39353
-2.24346
-2.09661
-1.95257
-1.81108
-1.67209
-1.53574
-1.40247
-1.27296
-1.14815
-1.02913
-0.917038
-0.812826
-0.717127
-0.630139
-0.551639
-0.481075
-0.417673
-0.360565
-0.3088
-0.261544
-0.21761
-0.176793
-0.136148
-0.100088
-0.0534512
-0.0343802
-9.79084
-9.81007
-9.82956
-9.84892
-9.8678
-9.886
-9.90344
-9.92008
-9.93584
-9.95067
-9.96451
-9.97736
-9.98924
-10.0001
-10.01
-10.0188
-10.0263
-10.0323
-10.0366
-10.0388
-10.0386
-10.0355
-10.0289
-10.0185
-10.0035
-9.98357
-9.95816
-9.92682
-9.88911
-9.84464
-9.79304
-9.734
-9.66721
-9.59241
-9.50932
-9.41772
-9.3174
-9.20819
-9.08999
-8.96276
-8.82658
-8.68163
-8.52819
-8.36663
-8.19745
-8.02116
-7.83835
-7.64959
-7.45542
-7.25634
-7.05278
-6.84514
-6.63374
-6.4189
-6.20099
-5.98041
-5.7577
-5.5335
-5.30863
-5.08401
-4.86069
-4.63975
-4.4223
-4.20933
-4.00172
-3.80015
-3.60506
-3.41665
-3.23488
-3.05953
-2.89019
-2.72635
-2.56745
-2.41289
-2.26214
-2.11472
-1.97027
-1.82857
-1.68958
-1.55346
-1.4206
-1.29164
-1.16742
-1.04892
-0.937143
-0.832934
-0.736859
-0.649111
-0.569507
-0.497564
-0.432585
-0.373769
-0.320224
-0.271146
-0.225416
-0.182778
-0.140526
-0.102646
-0.0551124
-0.0339427
-9.78299
-9.80075
-9.81872
-9.83655
-9.85396
-9.87074
-9.88683
-9.90219
-9.91672
-9.93036
-9.94304
-9.9547
-9.96534
-9.97491
-9.98335
-9.99054
-9.99631
-10.0005
-10.0028
-10.0029
-10.0005
-9.99516
-9.98641
-9.97377
-9.95676
-9.93488
-9.90769
-9.87475
-9.83564
-9.78999
-9.73744
-9.67767
-9.61039
-9.53533
-9.45224
-9.36089
-9.26111
-9.15273
-9.03566
-8.9099
-8.7755
-8.63262
-8.48153
-8.32256
-8.15615
-7.98278
-7.80296
-7.61722
-7.42608
-7.23
-7.02942
-6.82472
-6.61627
-6.40442
-6.18955
-5.97209
-5.75258
-5.53166
-5.31009
-5.08874
-4.8686
-4.65066
-4.43593
-4.22534
-4.0197
-3.81965
-3.62563
-3.43785
-3.25633
-3.08089
-2.9112
-2.74683
-2.5873
-2.43209
-2.28072
-2.13278
-1.98795
-1.84605
-1.70706
-1.57114
-1.43866
-1.31019
-1.18649
-1.06844
-0.956923
-0.852684
-0.756232
-0.667748
-0.587084
-0.513814
-0.44731
-0.386834
-0.331551
-0.280689
-0.233192
-0.188767
-0.144919
-0.105274
-0.0567793
-0.0336609
-9.77483
-9.79125
-9.80781
-9.82423
-9.84024
-9.85567
-9.87045
-9.88453
-9.89783
-9.91026
-9.92173
-9.93217
-9.94153
-9.94975
-9.95674
-9.96237
-9.96647
-9.96884
-9.96923
-9.96736
-9.9629
-9.95546
-9.94463
-9.92995
-9.91098
-9.88726
-9.85838
-9.82391
-9.78346
-9.73667
-9.6832
-9.62273
-9.55498
-9.47967
-9.39659
-9.3055
-9.20624
-9.09867
-8.98272
-8.85837
-8.72567
-8.58479
-8.43595
-8.27946
-8.1157
-7.94512
-7.76819
-7.58538
-7.39718
-7.20404
-7.00639
-6.80461
-6.59909
-6.3902
-6.17833
-5.96394
-5.74757
-5.52983
-5.31146
-5.09329
-4.8762
-4.66114
-4.44904
-4.24074
-4.03702
-3.83848
-3.64553
-3.45842
-3.2772
-3.10173
-2.93177
-2.76696
-2.60687
-2.45107
-2.29914
-2.15073
-2.00556
-1.86348
-1.72449
-1.58875
-1.4566
-1.32856
-1.20532
-1.08766
-0.976341
-0.872042
-0.775211
-0.686014
-0.60433
-0.529784
-0.461809
-0.399724
-0.342748
-0.290143
-0.240913
-0.19474
-0.149312
-0.107957
-0.0584467
-0.0335173
-9.76641
-9.78159
-9.79684
-9.81194
-9.82664
-9.84078
-9.85429
-9.86712
-9.87919
-9.8904
-9.90065
-9.90984
-9.91791
-9.92477
-9.93032
-9.93442
-9.93688
-9.93752
-9.93609
-9.93232
-9.92591
-9.91649
-9.90368
-9.88708
-9.86625
-9.8408
-9.8103
-9.77438
-9.73266
-9.68478
-9.63042
-9.56928
-9.50107
-9.42554
-9.34246
-9.25164
-9.1529
-9.04612
-8.93124
-8.80825
-8.67719
-8.53821
-8.39152
-8.2374
-8.07618
-7.90828
-7.73412
-7.55415
-7.36881
-7.17854
-6.98376
-6.78486
-6.58222
-6.37624
-6.16734
-5.95596
-5.74265
-5.52801
-5.31275
-5.09763
-4.88349
-4.67121
-4.46163
-4.25555
-4.0537
-3.85663
-3.66476
-3.47835
-3.29747
-3.12204
-2.95188
-2.78669
-2.62612
-2.4698
-2.31737
-2.16853
-2.02305
-1.88081
-1.74182
-1.60623
-1.47437
-1.34671
-1.22387
-1.10652
-0.995361
-0.890975
-0.793761
-0.703874
-0.62121
-0.545438
-0.476045
-0.412403
-0.353782
-0.29948
-0.248555
-0.200677
-0.153687
-0.110678
-0.0601096
-0.0334899
-9.75778
-9.77181
-9.78585
-9.79971
-9.81317
-9.82608
-9.83836
-9.84997
-9.86083
-9.87082
-9.87984
-9.88778
-9.89455
-9.90006
-9.90419
-9.90678
-9.90767
-9.90664
-9.90347
-9.8979
-9.88963
-9.87834
-9.86368
-9.84525
-9.82268
-9.79558
-9.76356
-9.72626
-9.68332
-9.6344
-9.5792
-9.51741
-9.44877
-9.37303
-9.28997
-9.1994
-9.10117
-8.99517
-8.88132
-8.75963
-8.63014
-8.49298
-8.34834
-8.19647
-8.03768
-7.87234
-7.70085
-7.5236
-7.34104
-7.15356
-6.96159
-6.7655
-6.56571
-6.36259
-6.15659
-5.94816
-5.73784
-5.52621
-5.31394
-5.10176
-4.89046
-4.68084
-4.47369
-4.26976
-4.06971
-3.87409
-3.6833
-3.49761
-3.31711
-3.14178
-2.97149
-2.80599
-2.645
-2.48822
-2.33535
-2.18613
-2.04037
-1.89798
-1.75898
-1.62352
-1.49192
-1.36458
-1.24207
-1.12499
-1.01394
-0.909445
-0.811846
-0.721289
-0.637683
-0.560735
-0.489978
-0.424834
-0.36462
-0.30867
-0.256091
-0.206552
-0.158028
-0.113416
-0.06176
-0.0335541
-9.749
-9.76195
-9.77486
-9.78756
-9.79985
-9.81158
-9.82269
-9.83311
-9.84277
-9.85156
-9.85937
-9.86606
-9.87155
-9.87573
-9.87846
-9.87959
-9.87895
-9.87632
-9.87149
-9.86421
-9.85419
-9.84114
-9.82472
-9.80459
-9.78037
-9.75172
-9.71826
-9.67965
-9.63555
-9.58565
-9.52964
-9.46724
-9.39819
-9.32225
-9.23921
-9.1489
-9.05116
-8.94589
-8.83304
-8.71259
-8.5846
-8.44917
-8.30648
-8.15675
-8.00028
-7.83739
-7.66845
-7.49384
-7.31395
-7.12919
-6.93994
-6.74661
-6.54959
-6.34928
-6.14612
-5.94056
-5.73314
-5.52442
-5.31504
-5.10569
-4.89711
-4.69005
-4.48523
-4.28337
-4.08507
-3.89087
-3.70115
-3.51618
-3.3361
-3.16093
-2.99055
-2.82481
-2.66348
-2.5063
-2.35303
-2.20347
-2.05746
-1.91493
-1.77592
-1.64058
-1.50918
-1.38213
-1.2599
-1.14303
-1.03205
-0.927413
-0.829429
-0.738221
-0.653712
-0.575636
-0.503571
-0.43698
-0.375227
-0.31768
-0.263495
-0.212343
-0.162312
-0.116152
-0.0633879
-0.0336889
-9.74014
-9.75208
-9.76393
-9.77554
-9.78672
-9.79734
-9.80731
-9.81659
-9.82509
-9.8327
-9.83931
-9.84478
-9.84901
-9.85188
-9.85325
-9.85297
-9.85085
-9.8467
-9.84028
-9.83137
-9.81971
-9.805
-9.78694
-9.76519
-9.73943
-9.70931
-9.6745
-9.63466
-9.58947
-9.53864
-9.48186
-9.41888
-9.34944
-9.27331
-9.1903
-9.10023
-9.00297
-8.89841
-8.78651
-8.66725
-8.54067
-8.40688
-8.26604
-8.11836
-7.96409
-7.80353
-7.63703
-7.46493
-7.28762
-7.10548
-6.91889
-6.72824
-6.53392
-6.33634
-6.13594
-5.93318
-5.72856
-5.52264
-5.31605
-5.10942
-4.90344
-4.69883
-4.49625
-4.29637
-4.09977
-3.90695
-3.71828
-3.53406
-3.35443
-3.17944
-3.00905
-2.84313
-2.6815
-2.52398
-2.37037
-2.2205
-2.07425
-1.9316
-1.79257
-1.65733
-1.52611
-1.39929
-1.27729
-1.16058
-1.04964
-0.944842
-0.846472
-0.754634
-0.669257
-0.590103
-0.516783
-0.448804
-0.385569
-0.326481
-0.270739
-0.218023
-0.16652
-0.118862
-0.0649787
-0.033877
-9.73121
-9.74221
-9.75308
-9.76366
-9.7738
-9.78336
-9.79226
-9.80043
-9.80781
-9.81429
-9.81973
-9.82401
-9.82701
-9.82861
-9.82867
-9.82703
-9.8235
-9.81788
-9.80997
-9.79953
-9.78631
-9.77004
-9.75044
-9.72719
-9.69998
-9.66849
-9.6324
-9.5914
-9.54519
-9.49347
-9.43598
-9.37245
-9.30264
-9.22634
-9.14336
-9.05352
-8.95671
-8.85283
-8.74183
-8.62369
-8.49846
-8.36622
-8.22713
-8.08138
-7.92919
-7.77085
-7.60667
-7.43699
-7.26215
-7.08253
-6.8985
-6.71044
-6.51875
-6.32382
-6.12609
-5.92603
-5.72412
-5.5209
-5.31698
-5.11295
-4.90947
-4.70719
-4.50676
-4.30878
-4.11381
-3.92233
-3.73471
-3.55123
-3.37207
-3.19731
-3.02694
-2.86089
-2.69902
-2.54121
-2.3873
-2.23716
-2.09071
-1.94793
-1.80888
-1.67371
-1.54265
-1.41602
-1.2942
-1.17761
-1.06666
-0.96169
-0.862935
-0.770487
-0.68428
-0.604095
-0.529578
-0.460269
-0.395612
-0.33504
-0.277794
-0.223567
-0.170629
-0.121525
-0.0665144
-0.034109
-9.72237
-9.73249
-9.74243
-9.75205
-9.76121
-9.76976
-9.77763
-9.78475
-9.79105
-9.79643
-9.80075
-9.80387
-9.80569
-9.80606
-9.80486
-9.80191
-9.79703
-9.79003
-9.7807
-9.76882
-9.75414
-9.73641
-9.71537
-9.69071
-9.66214
-9.62937
-9.59209
-9.55
-9.50283
-9.45029
-9.39212
-9.32807
-9.25792
-9.18146
-9.0985
-9.00889
-8.91251
-8.80927
-8.69911
-8.58203
-8.45806
-8.3273
-8.18986
-8.04592
-7.8957
-7.73946
-7.57749
-7.4101
-7.23763
-7.06043
-6.87886
-6.6933
-6.50413
-6.31176
-6.11661
-5.91914
-5.71984
-5.51922
-5.31784
-5.1163
-4.91519
-4.71515
-4.51676
-4.3206
-4.1272
-3.93702
-3.75041
-3.56768
-3.389
-3.2145
-3.04419
-2.87805
-2.716
-2.55794
-2.40377
-2.25339
-2.10675
-1.96386
-1.82479
-1.68967
-1.55873
-1.43224
-1.31057
-1.19406
-1.08308
-0.977917
-0.878779
-0.785742
-0.698741
-0.617575
-0.541916
-0.471339
-0.40532
-0.343326
-0.284633
-0.22895
-0.174614
-0.124119
-0.0679708
-0.0343839
-9.71348
-9.72281
-9.73189
-9.74063
-9.74887
-9.75649
-9.7634
-9.76953
-9.77481
-9.77915
-9.78239
-9.78442
-9.78511
-9.78432
-9.78191
-9.77772
-9.77157
-9.76327
-9.75261
-9.73937
-9.72333
-9.70425
-9.68186
-9.65589
-9.62606
-9.5921
-9.5537
-9.51061
-9.46253
-9.40922
-9.35042
-9.28589
-9.21541
-9.1388
-9.05586
-8.96647
-8.87049
-8.76784
-8.65848
-8.5424
-8.41962
-8.29022
-8.15433
-8.0121
-7.86373
-7.70947
-7.54959
-7.38437
-7.21415
-7.03926
-6.86004
-6.67687
-6.49013
-6.30022
-6.10755
-5.91257
-5.71576
-5.51762
-5.31868
-5.1195
-4.92065
-4.72273
-4.52628
-4.33186
-4.13996
-3.95102
-3.76541
-3.5834
-3.40522
-3.231
-3.06079
-2.8946
-2.7324
-2.57413
-2.41973
-2.26913
-2.12233
-1.97933
-1.84023
-1.70514
-1.57429
-1.44792
-1.32635
-1.20989
-1.09884
-0.993481
-0.893965
-0.80036
-0.712602
-0.630504
-0.553762
-0.481978
-0.414662
-0.351308
-0.291227
-0.234148
-0.178455
-0.126626
-0.0693179
-0.034715
-9.70504
-9.71359
-9.72186
-9.72975
-9.73713
-9.74385
-9.74983
-9.75502
-9.75933
-9.76266
-9.76488
-9.76586
-9.76546
-9.76356
-9.76001
-9.75465
-9.7473
-9.73777
-9.72586
-9.71136
-9.69406
-9.67371
-9.65007
-9.62288
-9.59189
-9.55681
-9.51739
-9.47336
-9.42445
-9.37041
-9.31102
-9.24604
-9.17526
-9.0985
-9.01559
-8.92639
-8.83079
-8.7287
-8.62008
-8.50492
-8.38325
-8.25513
-8.12068
-7.98005
-7.83342
-7.68101
-7.52309
-7.35993
-7.19183
-7.01913
-6.84215
-6.66127
-6.47685
-6.28928
-6.09898
-5.90638
-5.71194
-5.51615
-5.31952
-5.12258
-4.92588
-4.72996
-4.53536
-4.34259
-4.15212
-3.96437
-3.77971
-3.59842
-3.42073
-3.24679
-3.0767
-2.91049
-2.74818
-2.58973
-2.43512
-2.28434
-2.13738
-1.99428
-1.85513
-1.72007
-1.58928
-1.46299
-1.34149
-1.22504
-1.11392
-1.00834
-0.908455
-0.814305
-0.725827
-0.642847
-0.565079
-0.492153
-0.423605
-0.358959
-0.297554
-0.239139
-0.182132
-0.129029
-0.0705191
-0.0351337
-9.69629
-9.7042
-9.71178
-9.71894
-9.72555
-9.73149
-9.73666
-9.74099
-9.74442
-9.74684
-9.74813
-9.74814
-9.74675
-9.74382
-9.73921
-9.73276
-9.7243
-9.71364
-9.70058
-9.68492
-9.66645
-9.64494
-9.62015
-9.59185
-9.55978
-9.52369
-9.48332
-9.43842
-9.38874
-9.33404
-9.2741
-9.2087
-9.13765
-9.06075
-8.97786
-8.88884
-8.79358
-8.69201
-8.58408
-8.46977
-8.34912
-8.22219
-8.08907
-7.94992
-7.80491
-7.65423
-7.49815
-7.33691
-7.17081
-7.00017
-6.82532
-6.6466
-6.46438
-6.27904
-6.09098
-5.90064
-5.70845
-5.51489
-5.32045
-5.12563
-4.93094
-4.73691
-4.54405
-4.35283
-4.16371
-3.97709
-3.79334
-3.61274
-3.43553
-3.26188
-3.09192
-2.92571
-2.7633
-2.6047
-2.44991
-2.29895
-2.15185
-2.00865
-1.86945
-1.73439
-1.60363
-1.4774
-1.35594
-1.23948
-1.12826
-1.02247
-0.922218
-0.827547
-0.738388
-0.654576
-0.575843
-0.50184
-0.43213
-0.366261
-0.303597
-0.243913
-0.185633
-0.131322
-0.071534
-0.0357027
-9.68886
-9.69606
-9.70291
-9.70931
-9.71515
-9.72029
-9.72464
-9.72813
-9.73069
-9.73223
-9.7326
-9.73168
-9.72933
-9.72542
-9.71981
-9.71234
-9.70284
-9.69112
-9.677
-9.66026
-9.64071
-9.61813
-9.59229
-9.56296
-9.52991
-9.49289
-9.45165
-9.40595
-9.35557
-9.30026
-9.23982
-9.17404
-9.10272
-9.0257
-8.94283
-8.85398
-8.75904
-8.65793
-8.55063
-8.43711
-8.3174
-8.19156
-8.05968
-7.9219
-7.77838
-7.62931
-7.47493
-7.31549
-7.15127
-6.98256
-6.80969
-6.63301
-6.45286
-6.26962
-6.08368
-5.89546
-5.7054
-5.51393
-5.32154
-5.1287
-4.93591
-4.74365
-4.5524
-4.36264
-4.17478
-3.98923
-3.80633
-3.62638
-3.44963
-3.27626
-3.10643
-2.94024
-2.77774
-2.619
-2.46405
-2.31293
-2.16568
-2.02238
-1.88313
-1.74805
-1.61732
-1.49112
-1.36967
-1.25318
-1.14185
-1.03584
-0.935241
-0.840076
-0.750277
-0.665685
-0.586047
-0.511034
-0.440232
-0.373213
-0.309361
-0.248477
-0.188969
-0.13352
-0.0723272
-0.0365335
-9.68011
-9.6869
-9.69327
-9.69916
-9.70444
-9.709
-9.71273
-9.71556
-9.71743
-9.71824
-9.71786
-9.71616
-9.71299
-9.70824
-9.70176
-9.6934
-9.68298
-9.67033
-9.65526
-9.63756
-9.61705
-9.59352
-9.56674
-9.5365
-9.50256
-9.4647
-9.42268
-9.37627
-9.32525
-9.26939
-9.2085
-9.14236
-9.07081
-8.99368
-8.91083
-8.82212
-8.72746
-8.62679
-8.52006
-8.40725
-8.2884
-8.16355
-8.0328
-7.89627
-7.75412
-7.60653
-7.45371
-7.29593
-7.13343
-6.96652
-6.7955
-6.62071
-6.44249
-6.26121
-6.07725
-5.89101
-5.70292
-5.51341
-5.32292
-5.13192
-4.94088
-4.75026
-4.56052
-4.3721
-4.18541
-4.00084
-3.81874
-3.63939
-3.46307
-3.28997
-3.12026
-2.95407
-2.7915
-2.63264
-2.47753
-2.32625
-2.17887
-2.03547
-1.89615
-1.76105
-1.63032
-1.50414
-1.38269
-1.26616
-1.15471
-1.04849
-0.947555
-0.851926
-0.761529
-0.676208
-0.595727
-0.519772
-0.44795
-0.379854
-0.314889
-0.252879
-0.192192
-0.135677
-0.0728883
-0.0378172
-9.6747
-9.68074
-9.6864
-9.69156
-9.69611
-9.69992
-9.70289
-9.70496
-9.70605
-9.70607
-9.70488
-9.70237
-9.69838
-9.69279
-9.68546
-9.67623
-9.66495
-9.65142
-9.63547
-9.61689
-9.59551
-9.57111
-9.54348
-9.51242
-9.47769
-9.43909
-9.39638
-9.34934
-9.29775
-9.24141
-9.18012
-9.11369
-9.04194
-8.96472
-8.88189
-8.79332
-8.69894
-8.59866
-8.49245
-8.38029
-8.26222
-8.13828
-8.00855
-7.87315
-7.73224
-7.58599
-7.4346
-7.27832
-7.11741
-6.95214
-6.78281
-6.60976
-6.43332
-6.25384
-6.0717
-5.8873
-5.70103
-5.51332
-5.32459
-5.13529
-4.94587
-4.75677
-4.56841
-4.38124
-4.19564
-4.01198
-3.83062
-3.65185
-3.47593
-3.30308
-3.13351
-2.96734
-2.80473
-2.64575
-2.49052
-2.33911
-2.19161
-2.04812
-1.90875
-1.77363
-1.6429
-1.51672
-1.39526
-1.27867
-1.16709
-1.06065
-0.959382
-0.863298
-0.772321
-0.686302
-0.605015
-0.528164
-0.455374
-0.386261
-0.320242
-0.257171
-0.195357
-0.137836
-0.0731832
-0.0396941
-9.66547
-9.67151
-9.67702
-9.682
-9.68633
-9.68988
-9.69253
-9.69424
-9.69493
-9.6945
-9.69283
-9.68979
-9.68525
-9.67907
-9.67112
-9.66125
-9.6493
-9.63509
-9.61844
-9.59916
-9.57705
-9.55194
-9.52361
-9.49185
-9.45646
-9.41722
-9.37392
-9.32633
-9.27426
-9.2175
-9.15586
-9.08916
-9.01723
-8.93993
-8.85711
-8.76866
-8.6745
-8.57456
-8.4688
-8.35721
-8.23981
-8.11665
-7.98782
-7.85342
-7.7136
-7.56854
-7.41843
-7.2635
-7.104
-6.94021
-6.77242
-6.60095
-6.42613
-6.24831
-6.06785
-5.88513
-5.70054
-5.5145
-5.3274
-5.13968
-4.95175
-4.76405
-4.57698
-4.39095
-4.20634
-4.02353
-3.84283
-3.66457
-3.489
-3.31637
-3.14688
-2.98071
-2.81801
-2.6589
-2.50351
-2.35193
-2.20428
-2.06067
-1.92119
-1.786
-1.65521
-1.52897
-1.40743
-1.29072
-1.17897
-1.07225
-0.970619
-0.874059
-0.782494
-0.695784
-0.613711
-0.535994
-0.462276
-0.39219
-0.325172
-0.261102
-0.198232
-0.139777
-0.0730938
-0.0416207
-9.66297
-9.66809
-9.6728
-9.67696
-9.68046
-9.68321
-9.68509
-9.68604
-9.68599
-9.68483
-9.68246
-9.67872
-9.67348
-9.66662
-9.65799
-9.64744
-9.63482
-9.61995
-9.60265
-9.58273
-9.56001
-9.53428
-9.50535
-9.47302
-9.43709
-9.39734
-9.35357
-9.30556
-9.25312
-9.19606
-9.13417
-9.06729
-8.99526
-8.91793
-8.83518
-8.74688
-8.65296
-8.55336
-8.44803
-8.33698
-8.22021
-8.09779
-7.96978
-7.8363
-7.6975
-7.55353
-7.4046
-7.25093
-7.09277
-6.93037
-6.76405
-6.59409
-6.42083
-6.2446
-6.06576
-5.88468
-5.70174
-5.51732
-5.33182
-5.14564
-4.95918
-4.77284
-4.58702
-4.4021
-4.21845
-4.03642
-3.85635
-3.67853
-3.50325
-3.33075
-3.16126
-2.99497
-2.83206
-2.67269
-2.51698
-2.36506
-2.21707
-2.07313
-1.93334
-1.79785
-1.66679
-1.54028
-1.41846
-1.30145
-1.18935
-1.08224
-0.980147
-0.883053
-0.790884
-0.703503
-0.620703
-0.542215
-0.46769
-0.396778
-0.328934
-0.26405
-0.200389
-0.141177
-0.0733182
-0.0421447
-9.65392
-9.65962
-9.66473
-9.66925
-9.67305
-9.67601
-9.67801
-9.67902
-9.67895
-9.67773
-9.67523
-9.67132
-9.66587
-9.65875
-9.64982
-9.63894
-9.62595
-9.6107
-9.593
-9.57266
-9.5495
-9.52334
-9.49398
-9.46122
-9.42487
-9.38473
-9.34059
-9.29225
-9.23951
-9.1822
-9.12012
-9.0531
-8.981
-8.90366
-8.82097
-8.73282
-8.63912
-8.53982
-8.43489
-8.3243
-8.20809
-8.0863
-7.95901
-7.82632
-7.68837
-7.54533
-7.39738
-7.24474
-7.08765
-6.92637
-6.76118
-6.59238
-6.42029
-6.24524
-6.06757
-5.88764
-5.7058
-5.52245
-5.33795
-5.15269
-4.96706
-4.78145
-4.59623
-4.41178
-4.22847
-4.04664
-3.86664
-3.68876
-3.51331
-3.34055
-3.17074
-3.00409
-2.8408
-2.68104
-2.52499
-2.37279
-2.22456
-2.08045
-1.94056
-1.80502
-1.67396
-1.54748
-1.4257
-1.30872
-1.19661
-1.08943
-0.987211
-0.889913
-0.79746
-0.70972
-0.626492
-0.547514
-0.472449
-0.400958
-0.332519
-0.267022
-0.202872
-0.142953
-0.0758552
-0.0405737
-9.65099
-9.65574
-9.66
-9.66372
-9.66681
-9.66913
-9.67055
-9.671
-9.67042
-9.66871
-9.66576
-9.66143
-9.65558
-9.64807
-9.63877
-9.62752
-9.61418
-9.59857
-9.58052
-9.55984
-9.53635
-9.50985
-9.48016
-9.44707
-9.4104
-9.36995
-9.32551
-9.27688
-9.22388
-9.16632
-9.10401
-9.03679
-8.96452
-8.88704
-8.80425
-8.71604
-8.62233
-8.52307
-8.41822
-8.30779
-8.19179
-8.07027
-7.94333
-7.81106
-7.6736
-7.53113
-7.38383
-7.23192
-7.07564
-6.91526
-6.75105
-6.58331
-6.41235
-6.23851
-6.0621
-5.88349
-5.70302
-5.52104
-5.33792
-5.15402
-4.9697
-4.78532
-4.60125
-4.41783
-4.23542
-4.05436
-3.87497
-3.69756
-3.52244
-3.34989
-3.18017
-3.01351
-2.85014
-2.69026
-2.53403
-2.38163
-2.2332
-2.08888
-1.94878
-1.81304
-1.68176
-1.55506
-1.43305
-1.31581
-1.20342
-1.09593
-0.99336
-0.89568
-0.802819
-0.714646
-0.630961
-0.551507
-0.475955
-0.403971
-0.335067
-0.269102
-0.204714
-0.14419
-0.0790428
-0.0372654
-9.65216
-9.65712
-9.6615
-9.66524
-9.66829
-9.67052
-9.67181
-9.67207
-9.67124
-9.66924
-9.66596
-9.66127
-9.65503
-9.64711
-9.63737
-9.62567
-9.61186
-9.59578
-9.57725
-9.5561
-9.53214
-9.50518
-9.47504
-9.44154
-9.40447
-9.36365
-9.31888
-9.26997
-9.21673
-9.15898
-9.09655
-9.02927
-8.957
-8.8796
-8.79696
-8.70898
-8.61558
-8.5167
-8.41233
-8.30244
-8.18707
-8.06627
-7.9401
-7.80869
-7.67216
-7.53067
-7.3844
-7.23358
-7.07843
-6.9192
-6.75618
-6.58963
-6.41988
-6.24722
-6.07199
-5.89451
-5.71511
-5.53415
-5.35196
-5.16888
-4.98527
-4.80147
-4.61784
-4.43471
-4.25242
-4.07133
-3.89175
-3.71402
-3.53843
-3.3653
-3.19489
-3.02747
-2.86328
-2.70255
-2.54546
-2.39221
-2.24295
-2.09782
-1.95698
-1.82053
-1.6886
-1.5613
-1.43871
-1.32094
-1.20803
-1.10004
-0.996963
-0.89878
-0.805432
-0.716799
-0.632692
-0.552862
-0.476973
-0.404668
-0.335436
-0.269179
-0.204617
-0.144054
-0.0800695
-0.0335427
-10.6332
-10.6328
-10.6364
-10.6419
-10.6465
-10.6497
-10.6516
-10.6532
-10.6547
-10.6564
-10.6589
-10.6626
-10.6683
-10.6775
-10.6921
-10.714
-10.7451
-10.7862
-10.837
-10.8962
-10.9613
-11.0294
-11.0973
-11.1618
-11.2202
-11.27
-11.3093
-11.3366
-11.3507
-11.351
-11.3368
-11.3076
-11.2627
-11.2013
-11.123
-11.0278
-10.9163
-10.7876
-10.6392
-10.4702
-10.2817
-10.0747
-9.85024
-9.60941
-9.35363
-9.08445
-8.80353
-8.51255
-8.21307
-7.90649
-7.59402
-7.27666
-6.95524
-6.63054
-6.30339
-5.97478
-5.64598
-5.31858
-4.9945
-4.6759
-4.36509
-4.06439
-3.77592
-3.5014
-3.24205
-2.99857
-2.77112
-2.5591
-2.36062
-2.17465
-2.00148
-1.84043
-1.68994
-1.54839
-1.41443
-1.28689
-1.16479
-1.0474
-0.934274
-0.825222
-0.720318
-0.619868
-0.524382
-0.434528
-0.351081
-0.274851
-0.206603
-0.146944
-0.0962274
-0.0544684
-0.0213215
0.00388955
0.0220753
0.0342977
0.0414989
0.0448378
0.0438997
0.0417981
0.0274665
0.0319754
-10.6368
-10.6393
-10.6429
-10.6469
-10.6499
-10.6515
-10.6513
-10.6495
-10.6472
-10.6455
-10.6456
-10.6475
-10.6513
-10.6591
-10.6736
-10.6977
-10.7336
-10.7818
-10.8409
-10.9085
-10.981
-11.0548
-11.1263
-11.1927
-11.2514
-11.3007
-11.3391
-11.3656
-11.3794
-11.3798
-11.3665
-11.3389
-11.2964
-11.2382
-11.1637
-11.0719
-10.9614
-10.8313
-10.6828
-10.517
-10.3332
-10.1314
-9.91199
-9.67598
-9.42468
-9.15967
-8.88273
-8.59564
-8.30013
-7.99773
-7.68971
-7.37707
-7.06059
-6.7409
-6.41858
-6.09436
-5.76921
-5.44444
-5.12174
-4.80309
-4.49072
-4.187
-3.89425
-3.61438
-3.34874
-3.09831
-2.8636
-2.64455
-2.44136
-2.25326
-2.07843
-1.91542
-1.76286
-1.61948
-1.48403
-1.35538
-1.23255
-1.1148
-1.0016
-0.892698
-0.788061
-0.687881
-0.59254
-0.502577
-0.418648
-0.341472
-0.27175
-0.210069
-0.156794
-0.111987
-0.0753762
-0.0463801
-0.0241972
-0.0078775
0.00341327
0.0107907
0.013721
0.015959
0.00576282
0.0218591
-10.6306
-10.6361
-10.64
-10.6426
-10.6438
-10.6435
-10.642
-10.6397
-10.6376
-10.6365
-10.6376
-10.6428
-10.6539
-10.6726
-10.7002
-10.7374
-10.7841
-10.8392
-10.9007
-10.9663
-11.0336
-11.1
-11.1633
-11.2215
-11.2729
-11.316
-11.3495
-11.3722
-11.3833
-11.3821
-11.3678
-11.34
-11.298
-11.2413
-11.1692
-11.0809
-10.9754
-10.8515
-10.7091
-10.5482
-10.3686
-10.1706
-9.95463
-9.72163
-9.47296
-9.2103
-8.93553
-8.6506
-8.35738
-8.05756
-7.75252
-7.44334
-7.13078
-6.81538
-6.4976
-6.17794
-5.85714
-5.53626
-5.21678
-4.9006
-4.58979
-4.28657
-3.99322
-3.71181
-3.44401
-3.19098
-2.9534
-2.73142
-2.52481
-2.33269
-2.15376
-1.98691
-1.83103
-1.68492
-1.54732
-1.41701
-1.29296
-1.17433
-1.06053
-0.951209
-0.84624
-0.745715
-0.649913
-0.559269
-0.474356
-0.395837
-0.324396
-0.260631
-0.204935
-0.157406
-0.117812
-0.0856216
-0.0600898
-0.0403275
-0.0255604
-0.0146312
-0.00823889
-0.00148145
-0.00818056
0.0192313
-10.6158
-10.6251
-10.6309
-10.6337
-10.6344
-10.6335
-10.6319
-10.6303
-10.6298
-10.6314
-10.6366
-10.6471
-10.6644
-10.6897
-10.7235
-10.7658
-10.8158
-10.8724
-10.9338
-10.9983
-11.0638
-11.1284
-11.1902
-11.2472
-11.2977
-11.3401
-11.3732
-11.3956
-11.4065
-11.405
-11.3907
-11.3629
-11.3211
-11.2647
-11.193
-11.1054
-11.0007
-10.8783
-10.7376
-10.5781
-10.3996
-10.2023
-9.98658
-9.75356
-9.50465
-9.24163
-8.96651
-8.68135
-8.38815
-8.08868
-7.78438
-7.47633
-7.16528
-6.85168
-6.53592
-6.2184
-5.89966
-5.5806
-5.26253
-4.94715
-4.6365
-4.3329
-4.0387
-3.7561
-3.48689
-3.23242
-2.9935
-2.77033
-2.56262
-2.36952
-2.18993
-2.0227
-1.86664
-1.72042
-1.58272
-1.45228
-1.32806
-1.20919
-1.09507
-0.985339
-0.879879
-0.778779
-0.682311
-0.590907
-0.505139
-0.425689
-0.353273
-0.288516
-0.231811
-0.183227
-0.142479
-0.108988
-0.081969
-0.0605225
-0.0438622
-0.0307723
-0.0220642
-0.0118183
-0.016135
0.0198515
-10.6002
-10.6137
-10.6227
-10.6266
-10.6272
-10.6262
-10.6244
-10.6231
-10.6233
-10.6263
-10.6337
-10.6469
-10.6673
-10.6956
-10.7322
-10.7769
-10.8289
-10.887
-10.9496
-11.015
-11.0815
-11.147
-11.2096
-11.2675
-11.3189
-11.362
-11.3954
-11.4179
-11.4286
-11.4267
-11.4118
-11.3834
-11.3412
-11.2847
-11.2131
-11.1256
-11.0215
-10.8996
-10.7593
-10.5999
-10.4212
-10.2232
-10.0066
-9.77234
-9.52215
-9.25791
-8.98177
-8.6959
-8.40238
-8.10301
-7.79928
-7.49223
-7.1825
-6.87044
-6.55624
-6.24014
-5.92258
-5.60433
-5.28663
-4.9712
-4.66016
-4.35591
-4.06095
-3.77762
-3.50786
-3.25315
-3.01432
-2.79158
-2.58457
-2.39244
-2.21403
-2.04806
-1.89315
-1.74787
-1.61083
-1.48076
-1.35656
-1.23738
-1.12264
-1.01202
-0.905429
-0.803043
-0.705199
-0.612397
-0.525284
-0.444625
-0.371208
-0.305691
-0.248444
-0.199453
-0.158321
-0.124359
-0.0966911
-0.0743739
-0.056573
-0.0420244
-0.0316449
-0.018598
-0.0214396
0.0210417
-10.5919
-10.6081
-10.6208
-10.6259
-10.626
-10.6239
-10.6208
-10.6181
-10.6172
-10.6196
-10.6269
-10.6407
-10.6621
-10.6917
-10.7297
-10.7758
-10.8291
-10.8885
-10.9526
-11.0197
-11.088
-11.1555
-11.2203
-11.2803
-11.3334
-11.3778
-11.412
-11.4346
-11.4449
-11.4423
-11.4263
-11.3969
-11.3538
-11.2965
-11.2245
-11.1369
-11.0327
-10.9109
-10.7705
-10.6107
-10.4312
-10.2321
-10.014
-9.77819
-9.5264
-9.26071
-8.98342
-8.69683
-8.40313
-8.10417
-7.80141
-7.4958
-7.18783
-6.87769
-6.56537
-6.25092
-5.93463
-5.6172
-5.29985
-4.98434
-4.67293
-4.3682
-4.07279
-3.78923
-3.51962
-3.26548
-3.02767
-2.80634
-2.60104
-2.41081
-2.23436
-2.07025
-1.91696
-1.77296
-1.6368
-1.50716
-1.38295
-1.2633
-1.14764
-1.03569
-0.927476
-0.823258
-0.7235
-0.628832
-0.540034
-0.457993
-0.383587
-0.317495
-0.26002
-0.211015
-0.16992
-0.135904
-0.107979
-0.0851624
-0.0665559
-0.0508892
-0.0391522
-0.0237644
-0.025553
0.0221027
-10.5928
-10.6128
-10.6278
-10.6332
-10.6317
-10.6267
-10.6203
-10.6141
-10.6099
-10.6097
-10.6153
-10.6281
-10.6491
-10.6787
-10.717
-10.7636
-10.8177
-10.8782
-10.9439
-11.0132
-11.084
-11.1543
-11.2219
-11.2844
-11.3395
-11.3853
-11.4201
-11.4426
-11.452
-11.448
-11.4305
-11.3995
-11.355
-11.2966
-11.2239
-11.136
-11.0316
-10.9096
-10.7688
-10.6083
-10.4278
-10.2274
-10.0077
-9.77023
-9.51684
-9.24983
-8.97166
-8.6848
-8.3915
-8.09362
-7.79255
-7.48907
-7.18351
-6.87581
-6.56578
-6.25327
-5.93845
-5.62197
-5.30508
-4.98968
-4.67816
-4.37329
-4.07794
-3.79477
-3.526
-3.27319
-3.03714
-2.81793
-2.61496
-2.42714
-2.25304
-2.09106
-1.93956
-1.79693
-1.66166
-1.53241
-1.40805
-1.28772
-1.17087
-1.05726
-0.947024
-0.840554
-0.738485
-0.641633
-0.550965
-0.467527
-0.392285
-0.3259
-0.268547
-0.219885
-0.179152
-0.145362
-0.117414
-0.0943047
-0.0750678
-0.0584905
-0.0455575
-0.0282191
-0.0290135
0.0227907
-10.6051
-10.6299
-10.6457
-10.6496
-10.6442
-10.634
-10.6215
-10.6091
-10.5995
-10.595
-10.5976
-10.6084
-10.628
-10.6568
-10.6946
-10.741
-10.7954
-10.8569
-10.9242
-10.9957
-11.0694
-11.1428
-11.2133
-11.2784
-11.3354
-11.3823
-11.4171
-11.4388
-11.4468
-11.4408
-11.4211
-11.3881
-11.3418
-11.2823
-11.2088
-11.1204
-11.0158
-10.8937
-10.7526
-10.5916
-10.4101
-10.2084
-9.98736
-9.74847
-9.49386
-9.22604
-8.94764
-8.66124
-8.36916
-8.07322
-7.77465
-7.47409
-7.17161
-6.86691
-6.55958
-6.2493
-5.93615
-5.62077
-5.3045
-4.98939
-4.67805
-4.37346
-4.07868
-3.79652
-3.52926
-3.27846
-3.04482
-2.82829
-2.62812
-2.44304
-2.27148
-2.11173
-1.96205
-1.82075
-1.68628
-1.55728
-1.4326
-1.31137
-1.19306
-1.07749
-0.964877
-0.855778
-0.75104
-0.651728
-0.559057
-0.474265
-0.39839
-0.332014
-0.275114
-0.227095
-0.186963
-0.153579
-0.12574
-0.102454
-0.0826827
-0.0653441
-0.0513021
-0.0323882
-0.0320377
0.0229526
-10.6322
-10.6613
-10.6763
-10.6759
-10.6635
-10.6446
-10.6225
-10.601
-10.5837
-10.5733
-10.5717
-10.5797
-10.5975
-10.6249
-10.6617
-10.7074
-10.7617
-10.8239
-10.8926
-10.9664
-11.0428
-11.1192
-11.1926
-11.26
-11.3187
-11.3661
-11.4006
-11.421
-11.4269
-11.4186
-11.3965
-11.3613
-11.3133
-11.2526
-11.1784
-11.0899
-10.9854
-10.8633
-10.7222
-10.5608
-10.3787
-10.1761
-9.95396
-9.71411
-9.45884
-9.19087
-8.91301
-8.62794
-8.33798
-8.04488
-7.7497
-7.45286
-7.15415
-6.85303
-6.54883
-6.2411
-5.92984
-5.61573
-5.30023
-4.9856
-4.67468
-4.3707
-4.07692
-3.79628
-3.53108
-3.28281
-3.05208
-2.83863
-2.64155
-2.4594
-2.29047
-2.13295
-1.98501
-1.84492
-1.71112
-1.58221
-1.45704
-1.33474
-1.21476
-1.09697
-0.981683
-0.869624
-0.761893
-0.659869
-0.565085
-0.479002
-0.402699
-0.33661
-0.28043
-0.233263
-0.193871
-0.160976
-0.133297
-0.109888
-0.0896333
-0.0716514
-0.0565509
-0.0364337
-0.0346852
0.0224966
-10.6761
-10.7088
-10.7204
-10.712
-10.6885
-10.6564
-10.6207
-10.5869
-10.5597
-10.5424
-10.5364
-10.5418
-10.5579
-10.584
-10.6196
-10.6644
-10.7183
-10.7807
-10.8506
-10.9262
-11.005
-11.084
-11.1599
-11.2293
-11.2891
-11.3367
-11.3705
-11.3893
-11.3931
-11.3823
-11.3578
-11.3204
-11.2708
-11.209
-11.1345
-11.0461
-10.9419
-10.8203
-10.6794
-10.518
-10.3355
-10.1324
-9.90964
-9.66932
-9.41399
-9.14654
-8.86997
-8.58703
-8.30004
-8.01061
-7.71964
-7.42725
-7.13296
-6.83596
-6.53534
-6.2305
-5.92139
-5.60875
-5.29419
-4.9802
-4.66989
-4.36677
-4.07428
-3.79549
-3.5327
-3.28733
-3.05979
-2.84966
-2.6558
-2.47662
-2.3103
-2.15492
-2.00859
-1.86958
-1.73629
-1.60733
-1.48153
-1.35801
-1.23622
-1.11605
-0.997866
-0.88258
-0.771577
-0.666627
-0.569648
-0.482347
-0.405805
-0.340224
-0.284946
-0.238741
-0.20013
-0.16773
-0.140207
-0.11669
-0.095981
-0.0774608
-0.0613453
-0.0403937
-0.0369708
0.0213562
-10.7426
-10.773
-10.7778
-10.7562
-10.7163
-10.6661
-10.6136
-10.5662
-10.5293
-10.5059
-10.4964
-10.4999
-10.515
-10.5403
-10.5749
-10.6186
-10.6715
-10.7334
-10.8034
-10.88
-10.9603
-11.0411
-11.1187
-11.1894
-11.2498
-11.2973
-11.33
-11.347
-11.3485
-11.3352
-11.3082
-11.2688
-11.2177
-11.1551
-11.0804
-10.9922
-10.8886
-10.7675
-10.6271
-10.4659
-10.2835
-10.0801
-9.85721
-9.61694
-9.36208
-9.09575
-8.82109
-8.54095
-8.25758
-7.9725
-7.68635
-7.39899
-7.10965
-6.8172
-6.52055
-6.21893
-5.91225
-5.60131
-5.28789
-4.97471
-4.66519
-4.36308
-4.07207
-3.79531
-3.53513
-3.2928
-3.06857
-2.8618
-2.67115
-2.49488
-2.33103
-2.17763
-2.03277
-1.89466
-1.76173
-1.63258
-1.50605
-1.38122
-1.25754
-1.13488
-1.01366
-0.894956
-0.780471
-0.672432
-0.573211
-0.484774
-0.408148
-0.343223
-0.28893
-0.243696
-0.205829
-0.173875
-0.146472
-0.122849
-0.10172
-0.0827673
-0.0656958
-0.0442674
-0.0389244
0.019471
-10.8348
-10.8475
-10.8423
-10.8033
-10.7441
-10.6742
-10.6044
-10.5434
-10.4966
-10.4672
-10.4551
-10.4583
-10.4737
-10.499
-10.533
-10.5755
-10.627
-10.6878
-10.7572
-10.8337
-10.9146
-10.9963
-11.0747
-11.1458
-11.2061
-11.2527
-11.2839
-11.2988
-11.2977
-11.2818
-11.2523
-11.2109
-11.1583
-11.095
-11.0201
-10.9322
-10.8291
-10.7086
-10.5687
-10.4079
-10.2256
-10.0224
-9.79977
-9.55999
-9.30608
-9.04135
-8.76909
-8.49219
-8.21289
-7.93255
-7.6516
-7.36961
-7.08551
-6.79792
-6.50551
-6.20738
-5.90342
-5.59446
-5.28244
-4.9703
-4.66174
-4.36078
-4.07133
-3.79667
-3.53911
-3.2998
-3.07882
-2.87528
-2.68769
-2.51413
-2.35256
-2.20094
-2.05733
-1.91996
-1.78724
-1.65778
-1.53043
-1.40425
-1.27865
-1.15347
-1.02917
-0.906951
-0.788866
-0.677656
-0.576191
-0.486696
-0.410084
-0.345868
-0.292538
-0.248195
-0.210972
-0.17938
-0.152053
-0.128327
-0.106824
-0.0875479
-0.0696008
-0.0480209
-0.040567
0.0168364
-10.9759
-10.9226
-10.9101
-10.8531
-10.7709
-10.6773
-10.5851
-10.5071
-10.4507
-10.4184
-10.408
-10.4146
-10.4331
-10.4605
-10.4952
-10.5375
-10.5882
-10.6479
-10.7164
-10.7923
-10.8728
-10.9542
-11.0324
-11.1029
-11.1621
-11.2071
-11.2361
-11.2484
-11.2446
-11.2259
-11.194
-11.1506
-11.0966
-11.0324
-10.9572
-10.8694
-10.7667
-10.6467
-10.5072
-10.3468
-10.165
-9.96229
-9.74024
-9.50137
-9.24883
-8.98607
-8.7165
-8.44308
-8.16801
-7.89254
-7.61688
-7.34033
-7.06155
-6.77892
-6.49091
-6.19651
-5.89554
-5.58888
-5.27859
-4.96779
-4.66042
-4.36074
-4.07289
-3.80026
-3.54517
-3.30869
-3.09069
-2.89012
-2.70529
-2.53416
-2.37459
-2.2245
-2.08193
-1.94512
-1.81248
-1.68264
-1.55443
-1.4269
-1.29944
-1.17182
-1.04449
-0.918794
-0.797118
-0.682746
-0.579071
-0.488556
-0.411957
-0.348372
-0.29586
-0.252236
-0.215502
-0.184161
-0.156858
-0.133031
-0.111206
-0.091705
-0.0729759
-0.0515091
-0.0418159
0.0135894
-11.1346
-10.9486
-10.9468
-10.8628
-10.7493
-10.6329
-10.5256
-10.4406
-10.3853
-10.3595
-10.3575
-10.3717
-10.3957
-10.426
-10.462
-10.5047
-10.5553
-10.6144
-10.6819
-10.7566
-10.8359
-10.9162
-10.993
-11.062
-11.1193
-11.162
-11.1883
-11.1978
-11.1912
-11.1698
-11.1356
-11.0903
-11.035
-10.9699
-10.8943
-10.8063
-10.7038
-10.5841
-10.4451
-10.2852
-10.104
-9.90209
-9.68105
-9.44349
-9.19266
-8.93214
-8.66541
-8.3955
-8.1246
-7.85385
-7.5833
-7.31203
-7.03847
-6.76076
-6.47723
-6.18673
-5.88904
-5.58504
-5.27685
-4.96773
-4.66178
-4.36349
-4.07719
-3.8064
-3.55348
-3.31943
-3.10401
-2.90599
-2.72353
-2.55448
-2.39663
-2.24785
-2.10616
-1.9698
-1.83718
-1.70695
-1.57792
-1.44916
-1.31996
-1.19008
-1.05991
-0.930897
-0.805746
-0.68827
-0.58238
-0.49076
-0.413995
-0.350784
-0.298802
-0.255629
-0.219175
-0.187953
-0.160615
-0.136686
-0.114597
-0.0949602
-0.0755625
-0.0544151
-0.0424635
0.0100023
-11.4539
-10.9969
-10.8299
-10.6892
-10.6044
-10.5307
-10.4519
-10.3821
-10.3347
-10.3149
-10.3193
-10.3389
-10.366
-10.3972
-10.4331
-10.4756
-10.5261
-10.5851
-10.6519
-10.7252
-10.8026
-10.8808
-10.9554
-11.0221
-11.077
-11.1169
-11.1404
-11.1471
-11.1378
-11.1141
-11.0778
-11.0309
-10.9744
-10.9085
-10.8324
-10.7444
-10.6419
-10.5225
-10.3839
-10.2247
-10.0444
-9.8435
-9.62379
-9.38786
-9.13901
-8.88088
-8.61703
-8.35053
-8.08359
-7.8173
-7.55158
-7.28533
-7.0168
-6.74394
-6.46489
-6.17842
-5.8842
-5.58312
-5.27732
-4.97011
-4.66573
-4.36884
-4.08393
-3.81468
-3.56353
-3.33147
-3.11818
-2.92231
-2.74191
-2.57471
-2.41842
-2.27086
-2.13001
-1.9941
-1.86155
-1.73099
-1.60125
-1.47135
-1.34057
-1.20858
-1.07574
-0.943523
-0.814943
-0.694295
-0.585987
-0.492937
-0.415605
-0.352353
-0.300536
-0.257543
-0.221212
-0.190051
-0.162713
-0.13878
-0.116582
-0.0969917
-0.0771524
-0.0565896
-0.0425959
0.00605324
)
;

boundaryField
{
    outlet
    {
        type            fixedValue;
        value           uniform 0;
    }
    inlet
    {
        type            zeroGradient;
    }
    lowerWall
    {
        type            zeroGradient;
    }
    upperWall
    {
        type            zeroGradient;
    }
    frontAndBack
    {
        type            empty;
    }
}


// ************************************************************************* //
