/*--------------------------------*- C++ -*----------------------------------*\
  =========                 |
  \\      /  F ield         | OpenFOAM: The Open Source CFD Toolbox
   \\    /   O peration     | Website:  https://openfoam.org
    \\  /    A nd           | Version:  10
     \\/     M anipulation  |
\*---------------------------------------------------------------------------*/
FoamFile
{
    format      ascii;
    class       volScalarField;
    location    "0.15";
    object      k;
}
// * * * * * * * * * * * * * * * * * * * * * * * * * * * * * * * * * * * * * //

dimensions      [0 2 -2 0 0 0 0];

internalField   nonuniform List<scalar> 
6820
(
0.198348
0.194833
0.191267
0.187685
0.184132
0.18063
0.177187
0.173804
0.170481
0.167214
0.164002
0.160842
0.15773
0.154664
0.15164
0.148657
0.145711
0.1428
0.13992
0.137069
0.134244
0.13144
0.128656
0.125887
0.12313
0.120383
0.117646
0.114919
0.112213
0.10954
0.106901
0.10458
0.101685
0.200923
0.20088
0.200417
0.199922
0.199421
0.198909
0.198386
0.19785
0.197301
0.196742
0.196173
0.195595
0.195011
0.194421
0.193827
0.193228
0.192625
0.19202
0.19141
0.190797
0.190181
0.18956
0.188934
0.188301
0.187662
0.187014
0.186356
0.185685
0.185002
0.184304
0.183598
0.1827
0.181648
0.236767
0.0165586
0.000322497
0.00768204
0.00737027
0.00751928
0.00907176
0.0109519
0.0129651
0.0150687
0.0172311
0.0194357
0.0216717
0.0239305
0.0262054
0.0284903
0.0307803
0.0330705
0.0353565
0.0376338
0.0398978
0.0421432
0.0443637
0.0465518
0.0486973
0.0507866
0.0528004
0.0547138
0.056489
0.0580854
0.0594321
0.060542
0.0614425
0.21081
0.147717
0.104455
0.0790813
0.0634954
0.0530088
0.0453273
0.0393302
0.0344364
0.0303193
0.0267817
0.0236973
0.020982
0.018578
0.0164453
0.0145558
0.01289
0.0114338
0.0101762
0.00910701
0.00821497
0.00748675
0.00690666
0.00645706
0.00611924
0.00587418
0.005704
0.00560013
0.00554565
0.0055172
0.00549972
0.00546948
0.00543127
0.222972
0.0853791
0.0235164
0.00541296
0.00128471
0.000691667
0.000822701
0.00103728
0.00123165
0.00140463
0.00156299
0.00170898
0.00184207
0.00196093
0.00206439
0.00215177
0.0022229
0.00227814
0.0023183
0.00234457
0.00235845
0.00236166
0.00235611
0.00234386
0.00232719
0.00230751
0.00228633
0.0022562
0.00221612
0.00216487
0.00210132
0.00202363
0.00193291
0.215525
0.123678
0.0667132
0.0415361
0.0303291
0.0242985
0.0200492
0.0163721
0.0129589
0.00984563
0.00716682
0.00502165
0.00341892
0.00228909
0.00152637
0.00102594
0.00070242
0.000494399
0.00036082
0.000275289
0.000221106
0.00018765
0.000167996
0.000158625
0.000157678
0.000164415
0.000177815
0.000197393
0.000222809
0.000253707
0.000289305
0.000328718
0.000369337
0.212366
0.139319
0.0844499
0.0558248
0.0415935
0.0338422
0.0289792
0.0254975
0.0227698
0.0205061
0.0185594
0.0168495
0.0153297
0.0139703
0.0127502
0.0116532
0.0106664
0.00977913
0.00898207
0.00826695
0.00762622
0.00705303
0.00654073
0.00608476
0.00568221
0.00533199
0.00503201
0.00477703
0.00455782
0.00436225
0.00417747
0.00399371
0.00380384
0.204308
0.178381
0.150286
0.122204
0.0977647
0.0787846
0.0645722
0.0538409
0.0454965
0.0388036
0.0333125
0.028741
0.0248976
0.0216476
0.018889
0.0165418
0.0145417
0.0128355
0.0113785
0.0101327
0.00906566
0.00814929
0.00736155
0.00668532
0.0061105
0.00563342
0.00525414
0.00497251
0.0047844
0.00467974
0.00464329
0.00465689
0.0047035
0.204023
0.179033
0.161046
0.149264
0.137861
0.126421
0.115524
0.105286
0.095388
0.0855629
0.0758797
0.0666138
0.0580073
0.050197
0.0432262
0.0370876
0.0317434
0.0271345
0.0231883
0.0198251
0.0169662
0.0145369
0.0124699
0.0107096
0.00921661
0.0079715
0.00697268
0.00622933
0.00575095
0.00553771
0.00557528
0.00583522
0.00627836
0.20442
0.176544
0.159675
0.151457
0.146179
0.141625
0.137212
0.132711
0.12785
0.12237
0.116095
0.108866
0.100559
0.0912319
0.081226
0.0710861
0.0613626
0.052455
0.0445642
0.0377274
0.0318829
0.026922
0.0227237
0.0191785
0.0162092
0.0137853
0.0119243
0.0106759
0.0100928
0.0101979
0.0109639
0.0123047
0.0140941
0.205172
0.172142
0.153712
0.146621
0.144298
0.143691
0.14352
0.143202
0.142544
0.141511
0.140023
0.137829
0.13454
0.129783
0.12337
0.115377
0.106114
0.096038
0.0856509
0.0754155
0.0656949
0.0567338
0.0486746
0.0415981
0.0355753
0.0307052
0.0271186
0.0249431
0.0242447
0.0249721
0.026938
0.0298289
0.0332916
0.20624
0.165992
0.145558
0.138908
0.138065
0.139434
0.141507
0.143558
0.145236
0.146405
0.147035
0.147116
0.14658
0.14526
0.142898
0.13922
0.134032
0.127309
0.119222
0.110115
0.100436
0.0906622
0.0812454
0.0725938
0.065072
0.0590002
0.0546325
0.052112
0.0514216
0.052358
0.0545536
0.0575226
0.0607879
0.207657
0.157978
0.135057
0.128619
0.128968
0.131986
0.135996
0.140186
0.144122
0.147587
0.150486
0.152787
0.154469
0.155484
0.155739
0.155101
0.153425
0.150584
0.146496
0.141172
0.134736
0.12744
0.119657
0.111845
0.104497
0.0980762
0.0929393
0.0892796
0.0870929
0.0861829
0.0862078
0.0867347
0.087344
0.209451
0.148187
0.122517
0.116338
0.117905
0.122486
0.128173
0.134053
0.139629
0.144642
0.148972
0.152581
0.155469
0.157644
0.159097
0.1598
0.159717
0.1588
0.157007
0.154316
0.150754
0.146424
0.141512
0.136277
0.131019
0.126032
0.121555
0.117731
0.11458
0.112003
0.10981
0.107743
0.105531
0.211539
0.137535
0.108756
0.102486
0.105044
0.111129
0.118568
0.126273
0.13364
0.140344
0.146235
0.15127
0.155466
0.158862
0.161493
0.163384
0.164548
0.16499
0.164711
0.163707
0.161985
0.159577
0.156552
0.153021
0.149128
0.145029
0.140869
0.136746
0.132692
0.128684
0.124649
0.120456
0.115929
0.213655
0.128097
0.0956487
0.0883047
0.0910988
0.0983087
0.107405
0.116977
0.126174
0.134523
0.141811
0.14799
0.1531
0.157224
0.160451
0.162859
0.164507
0.165441
0.165695
0.165292
0.164253
0.162601
0.160372
0.157618
0.154405
0.150801
0.146871
0.14265
0.138152
0.133364
0.128247
0.122718
0.116644
0.215315
0.122909
0.0860674
0.0758314
0.0772613
0.0845693
0.0948613
0.106236
0.11741
0.127626
0.136534
0.144052
0.150247
0.155246
0.159191
0.162209
0.164396
0.165824
0.166543
0.166586
0.165976
0.164731
0.16287
0.160419
0.15741
0.153859
0.149791
0.145226
0.140169
0.134599
0.128466
0.12171
0.114245
0.215932
0.12477
0.083153
0.067758
0.0654591
0.0710507
0.0814647
0.0942032
0.107307
0.119498
0.130131
0.139018
0.146229
0.15195
0.156387
0.159728
0.162119
0.16367
0.164461
0.164542
0.163948
0.1627
0.160814
0.158295
0.155143
0.151347
0.146909
0.141829
0.136095
0.129681
0.122567
0.114806
0.106469
0.215111
0.134299
0.0888157
0.0665788
0.0580138
0.0594217
0.0681422
0.0812432
0.0959338
0.110141
0.122694
0.133164
0.141581
0.148179
0.153243
0.157028
0.159735
0.16151
0.162456
0.162639
0.162098
0.160855
0.158905
0.156213
0.152768
0.148563
0.143589
0.137828
0.131256
0.123882
0.115804
0.107295
0.0986501
0.21294
0.149028
0.102452
0.0734211
0.0569417
0.0516774
0.0563168
0.0681065
0.0835354
0.0995153
0.114047
0.126236
0.135953
0.143453
0.149103
0.153243
0.156141
0.157991
0.158926
0.159035
0.158363
0.156921
0.154676
0.151593
0.147659
0.142865
0.137199
0.130653
0.123254
0.115138
0.106605
0.0981398
0.0901688
0.209991
0.164813
0.121154
0.0873681
0.0630313
0.0494874
0.0476435
0.0559234
0.070657
0.0877696
0.104174
0.118223
0.129442
0.138024
0.144406
0.149024
0.152224
0.154252
0.155272
0.155382
0.154613
0.152948
0.150363
0.146837
0.142352
0.1369
0.130487
0.123169
0.115115
0.106656
0.0982668
0.0904952
0.0837107
0.206986
0.178212
0.141215
0.105962
0.0754859
0.0535329
0.0435341
0.0460397
0.0581608
0.0752572
0.0930828
0.108955
0.121796
0.131589
0.138783
0.143909
0.147404
0.149579
0.150631
0.150653
0.149665
0.14766
0.144625
0.140548
0.135426
0.12928
0.122185
0.114335
0.106079
0.0978932
0.0902926
0.0837266
0.0783908
0.204458
0.187742
0.159531
0.126291
0.092386
0.0632877
0.0446704
0.0396622
0.0471252
0.0626366
0.0810434
0.0984873
0.113022
0.124207
0.132399
0.138184
0.142095
0.144506
0.145639
0.145591
0.144399
0.142071
0.138604
0.134009
0.12832
0.121637
0.11416
0.106214
0.0982309
0.0906789
0.0839848
0.0784854
0.0743041
0.202616
0.193606
0.17426
0.145794
0.111423
0.0773113
0.0507984
0.0374641
0.0385308
0.0506829
0.0684271
0.0868282
0.102895
0.115537
0.124852
0.131411
0.135814
0.138479
0.139667
0.139514
0.138072
0.13536
0.131405
0.126272
0.120095
0.113095
0.105566
0.0978645
0.0903912
0.0835645
0.0777847
0.073401
0.0705721
0.201428
0.196805
0.184865
0.162627
0.130374
0.0936343
0.0607527
0.0393218
0.0330092
0.040273
0.055985
0.0744837
0.0917312
0.105813
0.116385
0.123869
0.128873
0.131877
0.133202
0.133029
0.131453
0.128523
0.124309
0.118957
0.112674
0.105704
0.09832
0.0908653
0.0837899
0.0776231
0.0728772
0.0699304
0.0688719
0.200743
0.19841
0.191753
0.175677
0.147119
0.109779
0.072339
0.0438973
0.0301942
0.0316351
0.0440323
0.0615101
0.0792186
0.0944155
0.106185
0.11465
0.120333
0.123736
0.125204
0.124956
0.123152
0.119934
0.115492
0.110046
0.103782
0.0968626
0.0895553
0.0823434
0.075912
0.0709692
0.0680224
0.0672434
0.0684435
0.200367
0.199139
0.1959
0.185359
0.161669
0.125627
0.0852991
0.050944
0.0301648
0.0253214
0.0335008
0.049015
0.0664609
0.0823466
0.0951429
0.104602
0.111085
0.115071
0.116913
0.116852
0.115079
0.111797
0.10724
0.101626
0.0951457
0.0880855
0.0809728
0.0745747
0.0696961
0.0669025
0.0663578
0.0678474
0.0709247
0.200177
0.199434
0.198108
0.191858
0.173315
0.140096
0.0986599
0.0598209
0.0326516
0.0212433
0.0241646
0.0363709
0.0523037
0.0679423
0.0811788
0.091305
0.0983952
0.102828
0.104962
0.105092
0.10346
0.100265
0.0956752
0.0898939
0.0832938
0.0765322
0.0704925
0.0660374
0.0637255
0.0636716
0.0656096
0.0690662
0.0735466
0.200094
0.199535
0.199088
0.195816
0.18221
0.153154
0.112578
0.0709805
0.0385189
0.0208089
0.0179744
0.0259465
0.0393155
0.0537271
0.066635
0.0769482
0.0844293
0.0892412
0.0916444
0.0918552
0.0900353
0.0864191
0.0814585
0.0758451
0.0703938
0.0658696
0.0628438
0.0616134
0.0621947
0.0643793
0.0678298
0.0721741
0.0770855
0.200072
0.199535
0.199283
0.197413
0.186849
0.160871
0.121445
0.0786395
0.0430737
0.0208834
0.0129354
0.0160119
0.0252249
0.0363979
0.0470202
0.0559805
0.0629438
0.0678456
0.0706016
0.0710945
0.0694284
0.0661821
0.0623402
0.0589149
0.056587
0.0556246
0.0560278
0.0576948
0.0604907
0.0642418
0.0687263
0.0736974
0.0789357
0.200088
0.19947
0.198986
0.197596
0.18929
0.166813
0.130214
0.0881118
0.0508494
0.0249352
0.0119531
0.00965057
0.0139241
0.0209523
0.0283154
0.0349093
0.0403056
0.0441951
0.0463004
0.0467173
0.0461632
0.0456887
0.0460626
0.0474279
0.0494869
0.0519223
0.0546473
0.0577684
0.061414
0.0656094
0.0702554
0.0751868
0.0802439
0.200132
0.199306
0.198127
0.195087
0.183908
0.158354
0.120512
0.0797992
0.0452678
0.0213833
0.00847117
0.00433255
0.00570287
0.00961435
0.0141912
0.0185834
0.0224495
0.0255786
0.0279454
0.0299245
0.0321632
0.035102
0.0386551
0.0423806
0.0459051
0.0491836
0.0524409
0.0559551
0.059888
0.0642429
0.0689056
0.0737259
0.0785744
0.200228
0.198933
0.195757
0.188271
0.172003
0.144882
0.110445
0.0752245
0.0448689
0.022564
0.0090555
0.0030974
0.00224573
0.00398087
0.00656993
0.00921946
0.0117835
0.0144688
0.0176317
0.0215505
0.0261933
0.0311666
0.0359273
0.0400991
0.0436473
0.0468208
0.0499592
0.0533217
0.057016
0.0610172
0.0652156
0.0694927
0.0737523
0.200602
0.197654
0.188577
0.17076
0.144682
0.113819
0.0821495
0.0529766
0.0291926
0.0127075
0.0038124
0.000537606
0.000284523
0.00143058
0.0032659
0.00549059
0.00801306
0.0108719
0.0141248
0.0177341
0.0215189
0.0252106
0.0285773
0.0315361
0.0341812
0.0367177
0.039355
0.0422285
0.0453783
0.0487694
0.0523138
0.0559189
0.059503
0.201425
0.193176
0.177111
0.144933
0.102477
0.0681576
0.0433067
0.0254032
0.0129366
0.00525185
0.00138508
0.00021067
0.0001218
0.00038695
0.00102985
0.0021522
0.00376839
0.00581424
0.00816102
0.0106453
0.0131055
0.0154202
0.0175445
0.0195225
0.0214596
0.0234634
0.0255903
0.0278365
0.030168
0.0325521
0.0349587
0.0373667
0.0397448
0.205908
0.175184
0.128841
0.0801668
0.0429801
0.0221257
0.0118627
0.00700356
0.0046326
0.00336365
0.00260316
0.00209295
0.00171822
0.00142293
0.00118226
0.000985415
0.000826889
0.000702284
0.000607373
0.000538392
0.000492595
0.000468935
0.000469006
0.000498566
0.000570199
0.000707621
0.000951477
0.00136407
0.00202704
0.00302471
0.00441561
0.0061974
0.00833476
0.210294
0.150665
0.104378
0.0763559
0.0594964
0.0487541
0.0414104
0.0361039
0.0320898
0.0289532
0.0264217
0.0243321
0.0225615
0.0210292
0.0196843
0.0184904
0.0174201
0.0164535
0.0155753
0.0147727
0.014035
0.0133528
0.012718
0.0121234
0.011563
0.0110318
0.0105262
0.0100434
0.00958227
0.00914256
0.00872429
0.00833131
0.00795317
0.240233
0.000536192
0.038585
0.000197118
3.14328e-05
0.00119906
0.000529297
0.0043628
0.00167536
0.0161095
0.00267176
0.000672958
0.00115376
0.000919108
0.000709922
0.000714553
0.000788215
0.000837989
0.000872234
0.000904894
0.000932892
0.000951436
0.000959255
0.000956564
0.000944132
0.000923336
0.000895508
0.000861276
0.000820581
0.000773241
0.000719422
0.000660484
0.000598188
0.200086
0.199967
0.199812
0.19967
0.199543
0.199424
0.199308
0.199189
0.199065
0.198932
0.198789
0.198635
0.198469
0.19829
0.198098
0.197894
0.197676
0.197446
0.197203
0.196948
0.196681
0.196402
0.196111
0.195809
0.195496
0.195174
0.194842
0.194499
0.194146
0.193779
0.193394
0.192992
0.192554
0.199879
0.19956
0.199206
0.198834
0.198456
0.198081
0.197712
0.197354
0.197009
0.196678
0.196363
0.196064
0.195782
0.195516
0.195267
0.195034
0.194818
0.194617
0.194431
0.194261
0.194104
0.193962
0.193832
0.193715
0.193613
0.193529
0.193459
0.193398
0.193345
0.193293
0.19324
0.193182
0.193117
0.103224
0.104416
0.100847
0.0951678
0.0946208
0.104962
0.121986
0.127489
0.103244
0.0613238
0.0238356
0.00430059
0.00118394
0.00538455
0.00376435
0.0126436
0.0552071
0.0826007
0.0778122
0.0742244
0.0770889
0.0813909
0.0855479
0.0885808
0.0902156
0.0911327
0.0917083
0.090276
0.0845438
0.0787405
0.0919078
0.153183
0.207434
0.193326
0.136713
0.0799697
0.040791
0.0199669
0.0125939
0.0133248
0.017724
0.0228899
0.0278336
0.033071
0.0394255
0.046996
0.0549756
0.0622249
0.0679263
0.0717604
0.0736241
0.0733214
0.0701398
0.0642454
0.0521447
0.026946
0.028132
0.105319
0.213807
0.303861
0.371552
0.42313
0.458001
0.465481
0.444881
0.407868
0.317849
0.176207
0.0650638
0.029886
0.0467281
0.0791036
0.107507
0.125876
0.134598
0.13682
0.136017
0.134491
0.13307
0.131518
0.128994
0.124633
0.118849
0.113992
0.111997
0.11183
0.109951
0.102637
0.0893631
0.07413
0.0596945
0.0437137
0.0277712
0.0154085
0.00946354
0.0109403
0.0174163
0.0241986
0.0259933
0.0251546
0.179496
0.176793
0.174622
0.172583
0.168347
0.157993
0.135352
0.0977231
0.0562128
0.022133
0.00464061
0.00072571
0.00317097
0.00743702
0.00609583
0.00783642
0.0437079
0.0797325
0.0802684
0.0750576
0.0770429
0.081025
0.0847197
0.0872116
0.088396
0.0889167
0.0885682
0.0853092
0.0791125
0.0822239
0.129707
0.225119
0.269757
0.226539
0.147274
0.0796485
0.0381149
0.018966
0.0147702
0.0189657
0.0260745
0.0323458
0.0366857
0.040382
0.0453893
0.0525388
0.0609991
0.0690919
0.0754683
0.0796243
0.0815907
0.0814072
0.0785541
0.0727443
0.0624227
0.0379262
0.0232938
0.0798933
0.186455
0.281529
0.350696
0.399944
0.431244
0.435971
0.420944
0.382688
0.279055
0.13961
0.048686
0.0300721
0.0517811
0.0828651
0.109057
0.125871
0.1337
0.135507
0.134616
0.133157
0.131795
0.130198
0.127564
0.123234
0.117694
0.112886
0.110369
0.109313
0.106563
0.0983984
0.083867
0.0668312
0.0510995
0.0355309
0.0213032
0.0110756
0.00714242
0.0102239
0.0175735
0.0242495
0.0254964
0.0240699
0.061694
0.0615813
0.0615632
0.0611195
0.0583862
0.0501025
0.0354163
0.0202903
0.00795843
0.000628046
0.000384499
0.00260955
0.00526285
0.00836404
0.00788626
0.00523851
0.0319772
0.0735026
0.0821042
0.0760731
0.0766525
0.0802387
0.0834902
0.08549
0.0862294
0.0861406
0.0845772
0.0800144
0.0773957
0.101832
0.196138
0.30763
0.326826
0.252712
0.153736
0.0778381
0.0355746
0.0190643
0.0185481
0.0263417
0.0361285
0.0434006
0.0468124
0.0482506
0.0508864
0.0566496
0.0650499
0.0739573
0.0812952
0.0861121
0.0884383
0.0885498
0.086246
0.0809037
0.0721279
0.050837
0.0252664
0.0564998
0.154016
0.254201
0.327317
0.376137
0.404179
0.407819
0.397157
0.349059
0.231715
0.103041
0.0364814
0.0326838
0.0570863
0.0862616
0.110368
0.125754
0.132701
0.134085
0.133113
0.131745
0.130476
0.128879
0.126188
0.121885
0.116478
0.111618
0.108611
0.10679
0.103334
0.0945481
0.0790522
0.0604679
0.0435071
0.0283113
0.0157293
0.00760077
0.00568083
0.0103061
0.0184255
0.0251351
0.0259912
0.0238145
0.00524922
0.00493795
0.00461736
0.00415042
0.00341848
0.000848072
0.00611762
0.00035227
0.000786035
0.000977818
0.00193557
0.00425057
0.0067103
0.00906848
0.00942534
0.00468552
0.0214228
0.0640915
0.0824815
0.0773773
0.0760191
0.079004
0.0818584
0.0834127
0.0836704
0.0827838
0.0801001
0.0761126
0.0841743
0.144559
0.280837
0.387141
0.373814
0.269905
0.155012
0.0743955
0.0333419
0.0204758
0.0240691
0.0354065
0.0476067
0.0557252
0.0581192
0.0569081
0.0562679
0.0594856
0.0669308
0.0763497
0.0848605
0.0907481
0.0937841
0.0944137
0.0928183
0.0883415
0.0809166
0.0641709
0.0340454
0.0390614
0.117779
0.219851
0.29919
0.350377
0.376726
0.380919
0.369114
0.303207
0.178048
0.0706119
0.0299961
0.0374055
0.0622221
0.0892038
0.111475
0.125535
0.131588
0.132536
0.131499
0.13024
0.12908
0.127509
0.124792
0.120515
0.115187
0.110216
0.106707
0.104126
0.0999802
0.0907052
0.074605
0.0549493
0.0370244
0.0221546
0.0110021
0.00479448
0.0048078
0.0108399
0.0194511
0.0258088
0.0260258
0.0231651
0.00180442
0.00163452
0.00143533
0.00120852
0.000917751
0.00067412
0.000386868
0.00016551
0.000470316
0.00165552
0.0037184
0.00638392
0.00875675
0.010367
0.0108859
0.00564685
0.0130427
0.0521842
0.0804407
0.0789344
0.075415
0.0773637
0.0798525
0.0810046
0.080737
0.0790503
0.0759824
0.0762094
0.104579
0.209389
0.368873
0.455736
0.40708
0.276795
0.150962
0.069424
0.0316209
0.0233479
0.031341
0.0459551
0.0600643
0.0687598
0.0702291
0.0664143
0.0619942
0.061582
0.0669072
0.0761568
0.0858152
0.0931506
0.0973133
0.0987319
0.0979483
0.0946049
0.0884946
0.0763853
0.0480732
0.0314446
0.0816707
0.177277
0.262917
0.319342
0.346651
0.352016
0.329784
0.243042
0.123238
0.0463978
0.0293015
0.0431873
0.066766
0.0917414
0.112461
0.125217
0.130325
0.130826
0.129741
0.128604
0.127556
0.126014
0.123275
0.119003
0.113683
0.108528
0.104486
0.101139
0.0962701
0.0864771
0.0699071
0.0495902
0.0311995
0.0169365
0.00719694
0.0027346
0.00442954
0.0115436
0.0203411
0.0262724
0.0259312
0.0224466
0.000418953
0.000471991
0.000519967
0.000569446
0.000639168
0.000770025
0.00103335
0.00154169
0.00249209
0.00417788
0.0067226
0.00967858
0.0119001
0.012569
0.0124571
0.00763302
0.00761728
0.0390749
0.0750472
0.0803115
0.0752387
0.0754802
0.0775293
0.0783413
0.0775756
0.0754109
0.0735342
0.0832418
0.141143
0.285578
0.448354
0.506988
0.423229
0.272573
0.141952
0.0633051
0.0306932
0.0278346
0.0403157
0.0577342
0.0730331
0.0818645
0.0825425
0.0765556
0.0684346
0.063711
0.065719
0.0737526
0.0841481
0.0931242
0.0988335
0.101363
0.10149
0.0993591
0.0946569
0.0863297
0.064276
0.0355498
0.0525388
0.12844
0.215008
0.277485
0.30859
0.312501
0.270939
0.171917
0.0755834
0.0332843
0.0331345
0.0488555
0.0705511
0.0940269
0.113384
0.124758
0.128855
0.128913
0.127798
0.126787
0.125839
0.124317
0.121544
0.117244
0.111865
0.106462
0.101873
0.0977902
0.0922495
0.0820096
0.0651482
0.0445462
0.0261361
0.0127046
0.00435178
0.00146798
0.00457964
0.0124657
0.0211601
0.0263741
0.0253233
0.0212988
0.00358196
0.00332963
0.00309833
0.00292281
0.00284904
0.00294316
0.00331807
0.00418358
0.00584093
0.00847658
0.0117533
0.0146944
0.0161625
0.0155478
0.0141995
0.0100087
0.00518057
0.0262416
0.0656929
0.0804821
0.0758392
0.0737153
0.0749956
0.0755452
0.0744724
0.0725321
0.0742195
0.0989384
0.190089
0.359002
0.509911
0.534714
0.419858
0.257435
0.128819
0.0566483
0.0308796
0.0340483
0.0508796
0.0703892
0.0859684
0.0943305
0.0942951
0.0868267
0.0756949
0.0666294
0.0643984
0.0699497
0.0802156
0.0906768
0.0982481
0.102251
0.103435
0.102455
0.0992245
0.0935871
0.0790967
0.0494761
0.0379793
0.0811852
0.155581
0.219248
0.253572
0.249851
0.19075
0.101756
0.0438346
0.0311514
0.0390315
0.0534856
0.0737239
0.0962569
0.114241
0.124076
0.127103
0.126732
0.125605
0.124709
0.123838
0.122311
0.119487
0.115125
0.109635
0.103942
0.0988137
0.0940615
0.0879604
0.0774278
0.060489
0.0399008
0.0217928
0.00935073
0.00236291
0.000913551
0.00517932
0.0135275
0.0218747
0.0263239
0.024654
0.020159
0.00478191
0.00489222
0.00503501
0.00524945
0.00562352
0.00631343
0.00755452
0.00961051
0.01259
0.0161619
0.0194217
0.0212353
0.0209803
0.0187478
0.0160271
0.0123887
0.00541355
0.0153911
0.0525867
0.0778351
0.0771303
0.0726046
0.0724453
0.0728099
0.0718034
0.0710486
0.0788783
0.122291
0.241624
0.417326
0.545105
0.534028
0.396466
0.232793
0.112783
0.0501738
0.0325875
0.0421368
0.0628356
0.0834463
0.0982723
0.105488
0.104746
0.096586
0.0835897
0.0708565
0.0640056
0.0658498
0.0747254
0.0860479
0.095548
0.101373
0.103849
0.103945
0.102104
0.0983682
0.0900414
0.0675759
0.0413277
0.0484981
0.0943803
0.14663
0.176387
0.162023
0.104809
0.0505348
0.0321532
0.0362089
0.0443326
0.0568416
0.0766864
0.098568
0.114944
0.123047
0.12497
0.124197
0.123063
0.122257
0.121425
0.119864
0.116965
0.112515
0.106881
0.100883
0.0952485
0.0899126
0.0833893
0.0727647
0.0560133
0.0357317
0.0181691
0.00678664
0.00109446
0.000929542
0.0061396
0.0147206
0.0225205
0.026054
0.0237282
0.018844
0.00698079
0.0079776
0.00917707
0.0106152
0.0123855
0.0146262
0.0174514
0.0208097
0.0243081
0.0271617
0.028445
0.0275917
0.0248678
0.0211144
0.0175609
0.0145301
0.00770403
0.00816788
0.0372102
0.0705986
0.0780917
0.0727988
0.0704143
0.0703375
0.0698387
0.0712375
0.0870146
0.14868
0.284118
0.450757
0.547319
0.503278
0.355254
0.201236
0.0953244
0.0446601
0.0362734
0.0521891
0.0758433
0.096318
0.109364
0.114843
0.113392
0.105276
0.0917314
0.0765421
0.0653534
0.0626058
0.068645
0.079721
0.0908218
0.0987028
0.102783
0.103999
0.103338
0.10107
0.0965686
0.0833742
0.0576699
0.0402477
0.0509276
0.077826
0.0927466
0.0753568
0.0437401
0.0305261
0.036187
0.042695
0.0475063
0.0594572
0.0798762
0.100945
0.115317
0.121514
0.122331
0.121178
0.120023
0.119266
0.118432
0.116809
0.113821
0.109271
0.103485
0.0972003
0.0911224
0.0853179
0.0785415
0.0680592
0.0517784
0.0320551
0.0151823
0.00486649
0.000389238
0.00137453
0.00734819
0.0159362
0.0230058
0.0256104
0.0227435
0.0175714
0.0165508
0.0196199
0.0228061
0.0259782
0.0290826
0.0320864
0.0348644
0.0370842
0.038195
0.0376217
0.0351174
0.0310263
0.0262791
0.0219508
0.0186819
0.0165846
0.0114584
0.00572723
0.0224114
0.0578473
0.0765799
0.0744155
0.0696494
0.0683982
0.0686005
0.0727541
0.0965392
0.17099
0.307862
0.452544
0.513993
0.445574
0.301349
0.166093
0.0780387
0.0409452
0.0424
0.0641578
0.0893892
0.108353
0.118773
0.122181
0.120085
0.112584
0.0996707
0.0834636
0.0688237
0.061179
0.0630591
0.0724197
0.0843025
0.0942021
0.10021
0.102757
0.103118
0.102009
0.0995657
0.0932472
0.0764853
0.0532678
0.0397319
0.0396165
0.0385162
0.0292012
0.0267884
0.0366737
0.0454142
0.0462617
0.0488298
0.0622532
0.0835154
0.10319
0.115121
0.119291
0.119015
0.117487
0.116279
0.115525
0.114654
0.112955
0.109882
0.105247
0.0993359
0.0928198
0.0863954
0.0802621
0.0734215
0.0633406
0.0478404
0.0289197
0.0128
0.00348595
0.00012215
0.00215228
0.00876036
0.0171573
0.0233221
0.0249327
0.0215781
0.0162353
0.0375222
0.0421199
0.0461012
0.0491941
0.0512796
0.0522808
0.0520519
0.0503639
0.0470447
0.0422121
0.0364259
0.0305983
0.0256885
0.0223499
0.0205017
0.0196307
0.0166387
0.00843454
0.0118305
0.0408854
0.0696945
0.0760298
0.0708647
0.0675223
0.0678891
0.0746252
0.104214
0.182437
0.307111
0.420918
0.448843
0.36916
0.241901
0.130785
0.0624827
0.0399562
0.0513919
0.0777784
0.102786
0.11892
0.12622
0.127574
0.125005
0.118468
0.107012
0.0911306
0.0743272
0.0621606
0.0590002
0.0650699
0.0764362
0.0878862
0.0960167
0.100229
0.101653
0.101448
0.100154
0.0973717
0.0893946
0.0731205
0.0544872
0.0409134
0.0328518
0.0326238
0.0417491
0.0509332
0.0507346
0.0461618
0.0498139
0.0659451
0.0874822
0.104963
0.114074
0.116154
0.114796
0.112872
0.111567
0.110782
0.109863
0.108103
0.10498
0.100312
0.0943485
0.0877026
0.081068
0.0747689
0.0680602
0.0586398
0.0442318
0.0263492
0.0109814
0.00254099
0.000186692
0.00320792
0.0103321
0.0182938
0.0233675
0.024002
0.0203129
0.0149499
0.0643309
0.0674986
0.0693548
0.0696588
0.0683383
0.0653888
0.0608492
0.0548935
0.0479637
0.040804
0.0343274
0.029363
0.026377
0.0253118
0.0254829
0.0259195
0.0245231
0.0164137
0.00899203
0.0241054
0.0556999
0.0741379
0.0736938
0.0686169
0.0676772
0.0755464
0.10684
0.179266
0.281529
0.360757
0.362324
0.28587
0.183702
0.098236
0.0501208
0.0427372
0.0634923
0.0924597
0.11521
0.127512
0.131664
0.131319
0.128525
0.123077
0.113474
0.0989369
0.0813914
0.0656938
0.0572853
0.0587131
0.0679382
0.0799404
0.090061
0.0962681
0.0990167
0.0996275
0.0990568
0.0976859
0.0945492
0.0869189
0.0747368
0.0624145
0.0555192
0.0567511
0.0604904
0.0583405
0.0496728
0.0444816
0.0519642
0.0706731
0.0913564
0.105849
0.111867
0.111825
0.109379
0.107029
0.105596
0.104777
0.103843
0.102082
0.0989887
0.094387
0.0884955
0.0818741
0.0752065
0.0689215
0.0625237
0.0539842
0.0409535
0.0243483
0.00971066
0.00195048
0.000511767
0.00453507
0.0120387
0.0192836
0.0230945
0.0227785
0.0188882
0.0136637
0.0877014
0.0871226
0.0851264
0.0814886
0.0761697
0.0693319
0.0613982
0.0530696
0.0452189
0.0386878
0.0341047
0.031774
0.0315971
0.0330547
0.0352471
0.0369025
0.036393
0.0295203
0.0160029
0.014142
0.0369256
0.0643671
0.074903
0.0721332
0.0689462
0.0749315
0.102609
0.161613
0.23612
0.282891
0.269377
0.207396
0.132049
0.0707957
0.042651
0.0503634
0.0785053
0.107218
0.12582
0.133862
0.135315
0.133833
0.131058
0.126631
0.118894
0.106304
0.0893188
0.0714948
0.0583805
0.0543633
0.059786
0.0708472
0.0823163
0.0906478
0.0950921
0.0966693
0.0966444
0.0957871
0.0943005
0.0913466
0.085926
0.0793287
0.0747189
0.0720184
0.0665741
0.0559076
0.0451362
0.043802
0.0559381
0.0760196
0.0945535
0.105398
0.108147
0.105974
0.102437
0.0996503
0.0981057
0.097308
0.0964509
0.0948038
0.0918742
0.0874915
0.081851
0.0754627
0.0689828
0.062905
0.0569599
0.0494366
0.0379879
0.0228852
0.0089825
0.00165126
0.00108836
0.00617069
0.0138129
0.0199883
0.0224017
0.0212429
0.017341
0.0124279
0.102567
0.0981854
0.0924068
0.0851207
0.0765504
0.0673057
0.0582812
0.0503951
0.0443255
0.0404178
0.0387487
0.0391807
0.0413243
0.0445196
0.0479505
0.0505576
0.050973
0.0461802
0.0320751
0.0169806
0.0214474
0.0460338
0.0681626
0.0749695
0.0729505
0.0749424
0.0936546
0.134252
0.180735
0.202895
0.186836
0.143581
0.09068
0.0504753
0.0420663
0.0635172
0.0954954
0.120747
0.133948
0.138029
0.137569
0.135532
0.132934
0.129328
0.123214
0.112779
0.0973557
0.0789462
0.0623189
0.052822
0.0531152
0.0614553
0.0730414
0.0831927
0.0896267
0.0925038
0.0930708
0.0924223
0.0911636
0.0893841
0.0866797
0.0829719
0.0784466
0.0717474
0.0611097
0.0485482
0.0411083
0.0455671
0.0614814
0.0812436
0.0964283
0.103129
0.102525
0.0982651
0.0936964
0.0905421
0.088981
0.088335
0.0877092
0.0863462
0.083762
0.079799
0.0746377
0.0687398
0.0627093
0.0570429
0.0516408
0.0451388
0.035327
0.0218926
0.00879904
0.00164266
0.00200669
0.00814537
0.0155311
0.0202951
0.0212838
0.0194352
0.0156765
0.0112144
0.110196
0.102606
0.0937373
0.0838819
0.0737971
0.064494
0.0568482
0.0513215
0.0479914
0.0467729
0.0475471
0.0500775
0.0538711
0.0581882
0.0622326
0.0652454
0.0663433
0.0637739
0.0531575
0.0336093
0.0196996
0.0274513
0.0501559
0.0687391
0.0755913
0.0777394
0.0869947
0.108526
0.131649
0.140137
0.128481
0.0976477
0.0594789
0.0391646
0.0504241
0.0817937
0.112623
0.131698
0.139338
0.140396
0.138894
0.136733
0.134345
0.131308
0.12646
0.118085
0.10483
0.0872358
0.0686928
0.0544974
0.0490151
0.0529326
0.0629158
0.0739735
0.0823633
0.0869002
0.0883099
0.0878314
0.0863525
0.0842573
0.0814799
0.077603
0.0717861
0.0629286
0.0514402
0.0415659
0.0399076
0.0498801
0.0677887
0.0854767
0.0963021
0.0985388
0.0946386
0.0884888
0.083107
0.0797899
0.0784074
0.0781069
0.0779096
0.0770331
0.0750062
0.0716926
0.0672686
0.0621534
0.0568627
0.0518202
0.0470036
0.0413812
0.033043
0.0213014
0.00915703
0.00210029
0.00350156
0.0104058
0.0169732
0.0200762
0.0197479
0.0174147
0.0139415
0.0100387
0.108967
0.0992252
0.0887669
0.0784727
0.0693863
0.0622611
0.0573344
0.0544883
0.0535767
0.0545612
0.0573612
0.0616369
0.066759
0.07197
0.0765432
0.0798674
0.0814124
0.0804632
0.074353
0.0584615
0.0361222
0.0232191
0.0302231
0.0491327
0.065846
0.0755528
0.0829808
0.0924806
0.100989
0.102379
0.0898626
0.0619718
0.0381958
0.0407141
0.0686608
0.102833
0.12743
0.139178
0.142279
0.141549
0.139688
0.137599
0.135357
0.132657
0.128715
0.122116
0.111244
0.0955133
0.076735
0.0592864
0.0482728
0.0465757
0.0530598
0.0634894
0.0732321
0.0795735
0.0821766
0.0820343
0.0802467
0.0774374
0.0736936
0.0686379
0.0615678
0.0522497
0.0426341
0.0376139
0.0420291
0.0560161
0.073803
0.0877799
0.0934722
0.091184
0.0843379
0.076795
0.0710723
0.0679646
0.0670335
0.0672893
0.0677078
0.0675056
0.0662374
0.0637951
0.0603688
0.0563284
0.0520662
0.0478531
0.0436278
0.0386211
0.0313554
0.0210974
0.0100476
0.00337232
0.00575682
0.0127246
0.0179283
0.0193483
0.0179502
0.0153355
0.0122116
0.00889558
0.10499
0.0939957
0.0833816
0.0742354
0.0672738
0.0626396
0.0601145
0.0594875
0.0607104
0.0637452
0.0683227
0.0738706
0.0796788
0.0851479
0.0898271
0.0933361
0.0953073
0.0954329
0.0926868
0.0834542
0.0643171
0.041037
0.0272647
0.0298398
0.0428601
0.0569123
0.0675618
0.074326
0.0765243
0.0709137
0.0534357
0.0341689
0.033959
0.0587079
0.0938733
0.122356
0.137859
0.143231
0.143516
0.142053
0.140173
0.138155
0.135963
0.133435
0.130102
0.124912
0.116309
0.103035
0.0854761
0.0665729
0.0511473
0.0435098
0.0448872
0.0527604
0.0625695
0.0703673
0.0744025
0.0749142
0.0729583
0.0694266
0.0646763
0.0586022
0.0510393
0.0428043
0.0367941
0.0373706
0.0469365
0.062824
0.0782997
0.0871591
0.0873274
0.0809306
0.0719918
0.0639857
0.0586819
0.0562812
0.0560729
0.0570246
0.0581545
0.0587314
0.058353
0.0569549
0.0547389
0.0520119
0.0490103
0.0457841
0.0421224
0.0374095
0.0306518
0.0214114
0.0114888
0.00570417
0.00858137
0.0147023
0.0182207
0.0181632
0.0160186
0.0133085
0.0105571
0.00780512
0.0967523
0.0863138
0.0774368
0.0707876
0.0664598
0.0642205
0.0638765
0.0654069
0.0687955
0.07379
0.0798377
0.0862377
0.0923617
0.0977809
0.102274
0.105706
0.107911
0.108697
0.107771
0.103681
0.0927226
0.072906
0.0498889
0.0337435
0.0293802
0.0336913
0.0404585
0.0448927
0.0441562
0.0364146
0.0270818
0.0310238
0.0549249
0.0890984
0.118648
0.136282
0.143469
0.144824
0.143879
0.142246
0.140384
0.138351
0.136136
0.133687
0.130746
0.126597
0.119937
0.109267
0.0939381
0.0753524
0.0572598
0.0443641
0.0397892
0.0432397
0.0512784
0.0595001
0.0648094
0.0662744
0.0645027
0.060527
0.0551011
0.0486246
0.0416988
0.0360182
0.0346457
0.0405421
0.0535064
0.0688236
0.0799133
0.0827223
0.0776779
0.0683604
0.0588438
0.0517343
0.047788
0.0465759
0.0472297
0.048838
0.0505976
0.0519034
0.0524256
0.0521407
0.0512377
0.0499391
0.0482984
0.0461036
0.0429241
0.0381953
0.0313747
0.0225452
0.0135636
0.00886746
0.0114263
0.0160405
0.0179046
0.0167269
0.0141618
0.0114936
0.00907989
0.00680249
0.0894144
0.0805169
0.073817
0.0694483
0.0672145
0.0669403
0.0686027
0.0721783
0.0774183
0.0837813
0.0905718
0.0971671
0.103171
0.108395
0.112768
0.116245
0.118747
0.120119
0.12022
0.118778
0.11426
0.103631
0.0857985
0.0648304
0.0472837
0.0367765
0.0323067
0.0306856
0.0294975
0.0299714
0.0392322
0.0620836
0.092262
0.118919
0.135822
0.143511
0.1456
0.145202
0.143888
0.142192
0.140254
0.138133
0.135866
0.13345
0.130754
0.127324
0.122186
0.113918
0.101305
0.0844511
0.0656536
0.0490447
0.0387308
0.0365059
0.0408061
0.0477878
0.0535848
0.056022
0.0548673
0.0510159
0.0455997
0.0396942
0.0346744
0.032658
0.0361303
0.0461318
0.0600868
0.0722456
0.0773567
0.0741266
0.065296
0.0551972
0.047181
0.0424849
0.0407187
0.0409398
0.0423322
0.0443101
0.0463984
0.0482012
0.0494837
0.0502273
0.050574
0.0506323
0.050256
0.0489697
0.046115
0.0411255
0.0338294
0.0248856
0.0164874
0.0124841
0.0139634
0.0167511
0.0171181
0.0151319
0.0124011
0.00988728
0.0077915
0.00591995
0.0824567
0.075812
0.071451
0.0692549
0.0690832
0.0709057
0.0746701
0.0801066
0.0866775
0.093711
0.100601
0.106943
0.112555
0.117408
0.121532
0.124942
0.127607
0.129425
0.130266
0.130089
0.128688
0.124859
0.116574
0.103241
0.0872804
0.0726438
0.062223
0.0570923
0.0579071
0.0664442
0.083591
0.105274
0.124694
0.137599
0.143989
0.146115
0.146112
0.145141
0.143647
0.141799
0.139712
0.137476
0.135149
0.132743
0.130192
0.127228
0.123191
0.116916
0.107028
0.0927671
0.0750147
0.0567062
0.0419058
0.033795
0.0328518
0.036676
0.0415506
0.0444646
0.044215
0.0412405
0.0368557
0.0327073
0.030686
0.0328204
0.040425
0.0524294
0.0645435
0.0713325
0.0700319
0.0622987
0.0524235
0.0443738
0.0399473
0.0387642
0.039476
0.0409423
0.042654
0.0445131
0.0464811
0.0484208
0.0501755
0.0517016
0.053052
0.0541911
0.0547773
0.054113
0.0513653
0.0459693
0.038035
0.0287109
0.0205421
0.0164621
0.0163338
0.0171677
0.0161216
0.0134525
0.0106936
0.00841167
0.00663218
0.00514649
0.077683
0.0729855
0.0704761
0.070125
0.0719111
0.0757344
0.0812747
0.0879726
0.0951622
0.102255
0.108866
0.114821
0.120077
0.124656
0.128593
0.131906
0.134589
0.136614
0.137918
0.138457
0.138288
0.13735
0.134986
0.130192
0.122814
0.114304
0.107136
0.103712
0.105716
0.113327
0.124106
0.134239
0.141356
0.145185
0.146666
0.14678
0.146075
0.144783
0.143039
0.140976
0.13872
0.136368
0.133975
0.131555
0.129078
0.126397
0.123099
0.118333
0.110844
0.0994596
0.0839768
0.0659509
0.0486064
0.0355433
0.0288394
0.0279437
0.0302083
0.0325764
0.033149
0.031736
0.029485
0.0282228
0.0298847
0.0358446
0.0458499
0.0570309
0.0646576
0.0651824
0.0590068
0.050043
0.0426677
0.0392286
0.0395309
0.0418875
0.0445663
0.0466564
0.0481248
0.0493909
0.0508343
0.0525422
0.054428
0.0563959
0.0583757
0.0601748
0.0612864
0.0608683
0.0580054
0.0521721
0.0436775
0.0340211
0.0258966
0.0210134
0.0189176
0.0175457
0.0148038
0.0113612
0.00868197
0.00675946
0.00535737
0.00435388
0.0740582
0.0712303
0.0706366
0.072339
0.0762147
0.0818777
0.0887206
0.0960689
0.103348
0.110174
0.116361
0.121854
0.126678
0.130883
0.134508
0.137572
0.140083
0.142049
0.143468
0.144329
0.144663
0.144587
0.144181
0.143268
0.141569
0.139218
0.137035
0.136184
0.137387
0.140149
0.143118
0.145405
0.146786
0.147397
0.147384
0.146792
0.145639
0.143988
0.141958
0.139677
0.137258
0.134785
0.132308
0.129846
0.127388
0.124859
0.122021
0.118307
0.112721
0.104033
0.0914003
0.0751833
0.0573857
0.0411562
0.029358
0.0231091
0.0213915
0.0219705
0.0228632
0.0233421
0.0240392
0.0263713
0.031648
0.0400554
0.0498266
0.0573798
0.0593072
0.0550837
0.0477448
0.0416666
0.039616
0.04166
0.0460323
0.0506359
0.0540957
0.0560437
0.0568908
0.0574069
0.0581891
0.059494
0.0612814
0.0633907
0.0656205
0.067636
0.0688227
0.0682911
0.0651476
0.0589472
0.0501312
0.0404287
0.032234
0.0260728
0.0217844
0.0179499
0.0131505
0.00859587
0.00620773
0.00481197
0.00388507
0.00347619
0.0714204
0.0704876
0.0720339
0.075895
0.0816053
0.0885082
0.0959275
0.103312
0.110303
0.116715
0.122479
0.127587
0.132064
0.135947
0.139263
0.142032
0.144282
0.14604
0.147339
0.14821
0.148688
0.148839
0.148787
0.148657
0.148487
0.148263
0.148053
0.148006
0.148152
0.148284
0.148291
0.148306
0.148266
0.148012
0.147374
0.146255
0.144657
0.142655
0.140356
0.137868
0.135283
0.13267
0.130081
0.12754
0.125051
0.122581
0.12
0.116962
0.112755
0.106308
0.0965345
0.0829805
0.0664557
0.0491399
0.0338543
0.0227887
0.0165904
0.0144362
0.0149331
0.0171143
0.0208603
0.0265582
0.0342468
0.0427729
0.0496883
0.0523988
0.0502138
0.0453359
0.0413158
0.04082
0.0442981
0.050144
0.056203
0.0609775
0.0639384
0.0652795
0.0656287
0.0657205
0.066169
0.0672749
0.0690084
0.0711491
0.0733879
0.0752913
0.0762107
0.0753086
0.0718062
0.0653721
0.0565664
0.0472279
0.0387827
0.0311939
0.0247103
0.0183601
0.0114774
0.00594184
0.00389361
0.0030604
0.0026053
0.00282079
0.0695732
0.0710492
0.0749675
0.080793
0.0878232
0.0953764
0.102913
0.110078
0.116677
0.122624
0.127903
0.132537
0.136566
0.140026
0.142942
0.145345
0.147271
0.148761
0.149856
0.150604
0.151052
0.151244
0.151241
0.151127
0.150985
0.150857
0.150728
0.150553
0.150287
0.149922
0.149522
0.149132
0.148622
0.147831
0.146651
0.145048
0.143054
0.140737
0.138184
0.135481
0.132706
0.129924
0.127186
0.124526
0.121956
0.119468
0.117
0.114355
0.111068
0.106311
0.0990232
0.0883333
0.07414
0.0575429
0.0407669
0.0263782
0.0162904
0.0111914
0.0106752
0.0138211
0.0196715
0.0272398
0.0351668
0.041599
0.0448381
0.0445463
0.0425859
0.041794
0.0432615
0.0472931
0.0533419
0.059528
0.064381
0.0675022
0.0692192
0.070061
0.0705075
0.0709917
0.0718981
0.0734193
0.0754861
0.0778309
0.0800782
0.0817554
0.0822553
0.0808772
0.0770276
0.0705218
0.0620992
0.0533728
0.0445288
0.035744
0.0277025
0.0199393
0.0120188
0.00579792
0.00333512
0.00245307
0.00212812
0.00271505
0.0700849
0.0739076
0.0796565
0.0866198
0.0941336
0.101687
0.10894
0.11569
0.121828
0.127307
0.132124
0.136308
0.139896
0.142922
0.145429
0.147467
0.149087
0.150335
0.151255
0.15189
0.152282
0.152469
0.152487
0.152375
0.152173
0.151916
0.151618
0.151271
0.150863
0.15038
0.149793
0.149057
0.148084
0.146793
0.145141
0.143125
0.140779
0.138159
0.135338
0.132392
0.129392
0.126401
0.12347
0.120638
0.117931
0.115355
0.112889
0.110433
0.107704
0.104114
0.0987649
0.0906682
0.0791729
0.0644833
0.04804
0.0322576
0.0197176
0.0122453
0.0103578
0.0132888
0.0193924
0.026612
0.0329326
0.0369856
0.0387604
0.0397503
0.0424136
0.0476056
0.051895
0.0559323
0.0603379
0.0636148
0.0652777
0.0659136
0.0663888
0.0672392
0.0686057
0.0704785
0.0728391
0.0756364
0.0786917
0.0816837
0.0842046
0.085796
0.0859528
0.0841708
0.0800806
0.0737108
0.0660105
0.0577528
0.0485143
0.0389254
0.0299317
0.0214406
0.0131737
0.00682955
0.00392279
0.00266312
0.0021063
0.00242373
0.0719562
0.0777748
0.0847927
0.0923716
0.100016
0.107385
0.114266
0.120537
0.12614
0.131063
0.135332
0.138991
0.142084
0.144667
0.1468
0.148537
0.149924
0.151001
0.151802
0.152359
0.152706
0.152872
0.152885
0.152768
0.152541
0.152221
0.151817
0.151327
0.150737
0.150017
0.149116
0.147993
0.146593
0.144873
0.142811
0.140415
0.137717
0.134772
0.131647
0.128414
0.12514
0.121884
0.118698
0.115626
0.112705
0.109958
0.107389
0.104959
0.10251
0.0996482
0.0956713
0.0896557
0.0807169
0.0684788
0.0536886
0.0383286
0.0250612
0.0162136
0.0128368
0.0143589
0.0189737
0.0245168
0.0294287
0.0334216
0.0375092
0.0430321
0.0508389
0.0591727
0.0605265
0.0601071
0.0599134
0.0586403
0.0566341
0.0550235
0.0547568
0.0561385
0.059024
0.0629895
0.0675897
0.0724494
0.0772015
0.0814311
0.0846997
0.0865898
0.0867327
0.0848446
0.0807904
0.0748859
0.0679672
0.0598389
0.0502468
0.0400303
0.0301418
0.0207192
0.0121678
0.00621185
0.00316956
0.0016169
0.000832725
0.000600965
0.0759063
0.0826414
0.0899775
0.0974788
0.104816
0.111756
0.118144
0.123886
0.128948
0.133339
0.137102
0.140299
0.142999
0.145268
0.14716
0.148715
0.149965
0.150936
0.151657
0.152152
0.152449
0.15257
0.152537
0.152368
0.152073
0.151659
0.151123
0.150456
0.149637
0.148637
0.147414
0.145927
0.144133
0.142004
0.139534
0.136738
0.133654
0.130339
0.126856
0.12327
0.119643
0.116029
0.112483
0.109058
0.105805
0.102766
0.0999712
0.0974166
0.0950242
0.0925375
0.0894334
0.0849385
0.0781591
0.0684423
0.056046
0.0424286
0.0299003
0.0207195
0.0161278
0.0159325
0.0188866
0.0235762
0.0292045
0.0357697
0.0435777
0.0522768
0.0607124
0.0666744
0.0628039
0.0559577
0.0502367
0.0447583
0.0401583
0.0373926
0.0370013
0.0391142
0.0434685
0.0494691
0.0564132
0.0636379
0.0705333
0.0765216
0.0810896
0.0838428
0.0845403
0.0830934
0.0796016
0.0745629
0.0682648
0.0603158
0.0508169
0.0404286
0.029527
0.0183479
0.0093616
0.00433409
0.0019652
0.000854986
0.000338874
0.000120339
0.0794996
0.0867709
0.0942243
0.101551
0.10852
0.114967
0.120788
0.125938
0.130424
0.134293
0.137617
0.140465
0.142899
0.144968
0.146704
0.148133
0.149276
0.150158
0.150799
0.151223
0.15145
0.151498
0.151383
0.151116
0.150701
0.150139
0.149422
0.148534
0.147451
0.146146
0.144581
0.142713
0.140507
0.137946
0.135033
0.131791
0.128263
0.1245
0.120558
0.116493
0.11236
0.108219
0.104135
0.100182
0.0964343
0.0929587
0.0898043
0.0869922
0.0844884
0.0821213
0.0795071
0.0760473
0.0709574
0.0635219
0.0537215
0.0425514
0.0318141
0.0234443
0.0187549
0.0180752
0.020936
0.026529
0.0340069
0.0424552
0.0507219
0.0572841
0.060661
0.0600684
0.0526728
0.041854
0.0330369
0.0260582
0.0212131
0.0187564
0.0187078
0.0211471
0.026032
0.0330098
0.0414224
0.0504656
0.0593096
0.067168
0.0733831
0.0775126
0.0793643
0.0789585
0.0765383
0.0724755
0.066755
0.0593514
0.0506184
0.0410954
0.0312575
0.0218968
0.0143303
0.0091097
0.00586119
0.00393835
0.00289107
0.00208612
0.0831615
0.0902966
0.0974284
0.104312
0.110757
0.116634
0.121876
0.126477
0.130481
0.133959
0.136978
0.139596
0.141852
0.143773
0.14538
0.146694
0.147734
0.14852
0.149071
0.149407
0.149542
0.149489
0.149258
0.148854
0.148277
0.14752
0.146573
0.145414
0.14402
0.142364
0.140406
0.138099
0.135414
0.132343
0.128897
0.125103
0.120995
0.11661
0.111993
0.107198
0.102298
0.0973815
0.0925479
0.0879023
0.0835449
0.0795598
0.0760078
0.0729141
0.0702582
0.0679101
0.0655729
0.0627943
0.0589237
0.0533272
0.0459527
0.037566
0.0295657
0.0234942
0.0205179
0.021106
0.0249598
0.0310981
0.038038
0.0441089
0.0478256
0.0481754
0.0450122
0.0386273
0.0296273
0.0213495
0.0145985
0.00984332
0.00714588
0.00607096
0.00624162
0.00790237
0.0116387
0.0177628
0.025969
0.0354707
0.045284
0.0544243
0.0620507
0.0675884
0.0707723
0.0716063
0.0702948
0.0670285
0.0619195
0.0552433
0.0474716
0.0391859
0.0309808
0.0234603
0.0171798
0.0124127
0.00912469
0.00705868
0.00594054
0.00526345
0.0851198
0.0921332
0.0989505
0.105382
0.111289
0.116601
0.121311
0.12546
0.12911
0.132319
0.135129
0.137572
0.139673
0.14145
0.142925
0.144114
0.145038
0.145713
0.146155
0.146378
0.146392
0.146204
0.145817
0.14523
0.144437
0.143426
0.142179
0.140673
0.13888
0.136769
0.134299
0.13143
0.128142
0.124428
0.120288
0.115722
0.110743
0.105387
0.0997266
0.0938706
0.087956
0.0821303
0.0765339
0.0712889
0.0664928
0.0622149
0.0585001
0.0553495
0.0527313
0.0505249
0.0484499
0.0461423
0.043106
0.0389496
0.0338495
0.0285694
0.0241379
0.0214536
0.0210129
0.0227673
0.0260625
0.0297156
0.0323563
0.0329244
0.0309915
0.0268244
0.0212391
0.0152817
0.00984926
0.00571854
0.00383827
0.00424097
0.00554102
0.00628653
0.00593722
0.00503795
0.00512067
0.0077449
0.0134229
0.0215274
0.0308539
0.0401389
0.0483213
0.0546491
0.0587097
0.0603949
0.0597819
0.0570294
0.0524056
0.04633
0.0393595
0.0321218
0.0252336
0.0192027
0.0143246
0.0106782
0.00818567
0.00670031
0.00593593
0.00595601
0.0861179
0.0926759
0.0989518
0.104787
0.110093
0.114854
0.119103
0.122889
0.126252
0.129223
0.131827
0.134085
0.136015
0.137634
0.138956
0.139998
0.140776
0.141304
0.141593
0.141652
0.141487
0.141098
0.140481
0.13963
0.138531
0.137164
0.135505
0.133526
0.131189
0.128465
0.125332
0.121736
0.117624
0.112944
0.107667
0.101804
0.0954304
0.0886837
0.0817538
0.0748529
0.068182
0.0619061
0.0561419
0.0509602
0.0463968
0.0424608
0.039149
0.0364205
0.0342219
0.032438
0.0307493
0.0288608
0.0265397
0.0237517
0.0209102
0.0186284
0.0173294
0.0170561
0.0175209
0.0182424
0.0186446
0.0182245
0.0167976
0.014468
0.0114984
0.00829374
0.00540566
0.00341465
0.00299906
0.00546113
0.0112127
0.0181065
0.0233213
0.0253708
0.0235286
0.0185046
0.0123645
0.00803367
0.00770793
0.0116167
0.0184454
0.0264209
0.0340143
0.0401652
0.044281
0.0461303
0.04569
0.0431391
0.0388294
0.0332758
0.027115
0.0210295
0.0156459
0.011375
0.00827471
0.00616227
0.00479871
0.00402727
0.00359688
0.00377701
0.0841407
0.0902674
0.0960517
0.101386
0.106242
0.110635
0.114592
0.118133
0.12128
0.124053
0.126468
0.128541
0.130285
0.131719
0.132859
0.13372
0.134313
0.134649
0.134732
0.134566
0.134149
0.133474
0.132528
0.131294
0.129745
0.127851
0.125577
0.122879
0.119724
0.116067
0.111804
0.106837
0.101121
0.0946801
0.0876181
0.0801177
0.0724222
0.0647993
0.0575008
0.050726
0.0446024
0.0391852
0.0344731
0.0304285
0.0270045
0.0241434
0.0217948
0.0198958
0.0183843
0.0171902
0.0159983
0.0145797
0.0130156
0.0114937
0.010305
0.00959833
0.00923926
0.00892214
0.00836419
0.00743803
0.00620062
0.00484902
0.00364091
0.00283668
0.00269865
0.00355959
0.00582695
0.00987258
0.0168475
0.027799
0.0399582
0.0511467
0.0597697
0.0623575
0.0573221
0.0471538
0.0346018
0.0223212
0.0134228
0.00986659
0.0112928
0.0158218
0.0213536
0.0262619
0.02957
0.0308607
0.0300593
0.027395
0.0233452
0.0185805
0.0138656
0.00981175
0.00670338
0.00453213
0.00312033
0.00224945
0.00172837
0.00143791
0.00126496
0.00130264
0.0786195
0.0839315
0.0889335
0.0935786
0.097857
0.101768
0.105313
0.108493
0.111306
0.113753
0.115843
0.11759
0.11901
0.120117
0.120924
0.121442
0.121676
0.121628
0.121296
0.120673
0.119746
0.118496
0.116897
0.114917
0.112514
0.109643
0.106254
0.102302
0.0977565
0.092557
0.0866311
0.0800261
0.0728872
0.0654309
0.0579171
0.0506136
0.0437592
0.0375364
0.0320479
0.0273159
0.0233011
0.0199265
0.0171035
0.0147436
0.0127811
0.0111432
0.00978091
0.00865431
0.00768658
0.00687213
0.00597633
0.00502722
0.00416827
0.00349393
0.00282028
0.00209186
0.00141792
0.000830539
0.00041404
0.000402174
0.00108239
0.00271259
0.00549336
0.00957402
0.0150808
0.0221311
0.0306192
0.0408006
0.0544882
0.0684897
0.0807928
0.101461
0.124286
0.129668
0.115026
0.0902266
0.0660174
0.0457576
0.0295544
0.0183519
0.012745
0.0117493
0.0134233
0.0158605
0.0176875
0.018186
0.0172115
0.0150192
0.0120689
0.00888226
0.00595714
0.00364247
0.00206324
0.00113688
0.000677136
0.000491361
0.000429987
0.0004233
0.000407604
0.000494491
0.0635885
0.0680348
0.0722288
0.0761251
0.0796933
0.0829158
0.0857735
0.0882539
0.0903555
0.0920879
0.0934663
0.0945077
0.095228
0.0956401
0.0957528
0.0955707
0.0950942
0.0943198
0.0932409
0.0918478
0.0901277
0.0880642
0.0856366
0.0828192
0.0795831
0.0759004
0.0717517
0.0671328
0.0620561
0.0565766
0.0508341
0.0450014
0.0392675
0.0338156
0.0288002
0.0243284
0.0204486
0.0171619
0.0144014
0.0120803
0.0101338
0.00848712
0.00708005
0.00587482
0.00476745
0.00385751
0.00313581
0.00248971
0.00186475
0.001192
0.000139025
2.32128e-05
0.000109354
0.00051275
0.000931234
0.00159921
0.00333558
0.00637103
0.0105404
0.0158049
0.022185
0.0296014
0.0378999
0.0470207
0.057002
0.0676277
0.0784065
0.0906047
0.103284
0.108821
0.134147
0.19867
0.259216
0.273909
0.239639
0.178326
0.119733
0.0779595
0.0510645
0.0334537
0.0222051
0.0159188
0.0131495
0.0123093
0.0120543
0.0115419
0.0104228
0.00871857
0.0066989
0.00476853
0.00325128
0.00225118
0.00167989
0.00139506
0.00126173
0.00118052
0.00110612
0.00103561
0.000980037
0.000923973
0.0424394
0.0453711
0.0481187
0.0506218
0.0528457
0.0547778
0.0564146
0.0577585
0.0588167
0.0596008
0.0601244
0.0604013
0.0604437
0.0602607
0.0598571
0.0592335
0.0583859
0.0573077
0.0559899
0.0544235
0.0526009
0.0505168
0.0481701
0.0455645
0.0427101
0.0396274
0.0363508
0.0329289
0.0294294
0.0259708
0.0226722
0.0196127
0.0168428
0.0143842
0.012229
0.0103424
0.00869138
0.00717293
0.00580015
0.00462987
0.00360989
0.00274279
0.00195516
0.00128977
0.000388552
0.000788342
0.00045618
0.00110479
0.000889334
0.00213031
0.00117394
0.00250918
0.00588137
0.0109839
0.0178642
0.0262245
0.0355756
0.0455617
0.0559912
0.0666088
0.0770366
0.0869597
0.0962792
0.105163
0.113708
0.121451
0.128646
0.137439
0.137792
0.149398
0.245584
0.370633
0.445356
0.466298
0.419428
0.320795
0.21366
0.131953
0.0815044
0.0527136
0.0359656
0.0259691
0.0201035
0.0167629
0.0147936
0.0134394
0.0122977
0.0112588
0.0104576
0.0100537
0.0100256
0.0101804
0.0102949
0.0102376
0.00999421
0.00963041
0.0092515
0.00896247
0.00880784
0.00890562
0.0110704
0.0143149
0.0174743
0.0203594
0.022876
0.0250022
0.0267529
0.0281565
0.0292442
0.0300458
0.0305889
0.0308985
0.0309965
0.0309018
0.03063
0.0301934
0.0296012
0.0288597
0.0279732
0.0269452
0.0257793
0.0244815
0.0230616
0.0215345
0.0199215
0.0182505
0.0165551
0.0148742
0.0132535
0.0117268
0.010301
0.0089663
0.00769362
0.006448
0.00520073
0.00392488
0.00270053
0.00122853
0.000212453
0.000426458
0.000137592
1.24506e-05
4.92264e-05
0.000306363
0.000710267
0.00107984
0.00199005
0.0043308
0.00870363
0.0153826
0.0245913
0.0362909
0.0499595
0.0645993
0.0790735
0.0925723
0.104682
0.115571
0.125011
0.132345
0.13793
0.142481
0.146662
0.150809
0.154841
0.159106
0.163982
0.166432
0.165093
0.256891
0.416452
0.495649
0.521009
0.533573
0.515289
0.434331
0.314149
0.202829
0.125372
0.0796385
0.0542463
0.0399591
0.0316942
0.0269262
0.0242128
0.0227204
0.0219984
0.0218857
0.0222917
0.0230343
0.0238985
0.0246464
0.0251195
0.0252442
0.0250256
0.0246163
0.0242
0.0239674
0.0238895
0.0245297
0.00759146
0.00725041
0.00701255
0.00690239
0.00692785
0.00708209
0.00734723
0.00769866
0.00810914
0.008552
0.00900317
0.00944208
0.00985171
0.0102182
0.0105305
0.0107798
0.0109594
0.0110644
0.0110915
0.0110396
0.0109093
0.0107024
0.0104216
0.01007
0.00964844
0.00915104
0.00859153
0.00803279
0.00741549
0.00658847
0.00554823
0.00435792
0.00312896
0.00200038
0.00110478
0.000548115
0.000409123
0.000764033
0.00166254
0.00314651
0.0052811
0.00814299
0.0118609
0.0166062
0.0226409
0.0303261
0.040054
0.052224
0.0669063
0.0837791
0.102124
0.12003
0.135302
0.147043
0.155413
0.161026
0.164549
0.166756
0.166397
0.164322
0.164862
0.168186
0.17311
0.177697
0.185399
0.201796
0.209156
0.199693
0.289345
0.431656
0.474073
0.475682
0.501335
0.524628
0.535916
0.484439
0.377136
0.262075
0.172244
0.113869
0.079494
0.0599623
0.0488677
0.0425515
0.0390466
0.0373222
0.0368158
0.0370324
0.0376028
0.0388281
0.040805
0.0426512
0.0433427
0.0428357
0.0416272
0.0402046
0.0389201
0.0380538
0.0373982
0.0380532
0.000537726
0.000492574
0.000464869
0.00044082
0.000414706
0.000385262
0.000353025
0.000320634
0.000292243
0.000270558
0.000254197
0.000238597
0.00021984
0.000197758
0.0001757
0.000158289
0.000150488
0.000157569
0.000182384
0.000222078
0.000272164
0.00033634
0.000427773
0.000560469
0.000763597
0.0011094
0.00164609
0.00240843
0.00360403
0.00529372
0.00749121
0.0104032
0.0143145
0.0193586
0.0254335
0.0323022
0.0397397
0.0476061
0.0558443
0.0644536
0.0734772
0.083002
0.0931546
0.104082
0.115904
0.128636
0.142079
0.155709
0.168581
0.179613
0.186879
0.188051
0.184156
0.179335
0.174764
0.170219
0.16642
0.160349
0.161075
0.17738
0.196728
0.212509
0.222747
0.228475
0.262255
0.327038
0.337494
0.352297
0.394094
0.407076
0.431021
0.441808
0.489365
0.518283
0.51276
0.463262
0.375947
0.281487
0.202302
0.145844
0.109432
0.0872
0.0739502
0.0659385
0.0608131
0.0573639
0.0552591
0.0553285
0.0591198
0.0668014
0.0758412
0.082836
0.0862817
0.086863
0.0857078
0.0839466
0.0824073
0.0816336
0.081367
0.0831034
0.192055
0.191425
0.190722
0.189958
0.189136
0.188256
0.187311
0.186301
0.185223
0.184081
0.182878
0.181619
0.18031
0.178964
0.177593
0.17622
0.174869
0.173569
0.172354
0.171263
0.170335
0.169622
0.169178
0.16905
0.169348
0.170375
0.172311
0.175053
0.178187
0.181498
0.184864
0.188214
0.1915
0.194683
0.197732
0.200623
0.203337
0.205865
0.208202
0.210346
0.21229
0.214004
0.215418
0.216381
0.216621
0.215673
0.212848
0.20716
0.197965
0.183217
0.160656
0.142193
0.138113
0.142088
0.145236
0.144683
0.144522
0.135431
0.213922
0.325991
0.313655
0.302837
0.306866
0.323167
0.340226
0.344971
0.336581
0.315146
0.285351
0.32363
0.367136
0.366853
0.377562
0.396448
0.39358
0.359934
0.307997
0.251441
0.201744
0.163323
0.136072
0.118064
0.106742
0.100007
0.0963953
0.094376
0.0954074
0.102454
0.113292
0.121667
0.126311
0.131167
0.134983
0.136804
0.137136
0.137141
0.137722
0.139367
0.141492
0.146227
0.19304
0.192961
0.192881
0.192796
0.192707
0.192618
0.192532
0.192447
0.192366
0.192287
0.192209
0.192132
0.192054
0.191972
0.191886
0.191792
0.191687
0.191569
0.191435
0.19128
0.191101
0.19089
0.190641
0.190366
0.189993
0.189248
0.188009
0.186305
0.184221
0.181857
0.179303
0.176626
0.173866
0.17104
0.168156
0.165214
0.162211
0.15913
0.155925
0.152511
0.14875
0.144435
0.139286
0.13293
0.124886
0.114517
0.10113
0.0831538
0.0618886
0.0301351
0.0305714
0.0481563
0.120277
0.139607
0.155473
0.165369
0.171751
0.182221
0.197764
0.190343
0.210749
0.231118
0.23529
0.227011
0.212342
0.207219
0.200436
0.180003
0.158827
0.155439
0.18925
0.220596
0.226126
0.224188
0.230295
0.220099
0.205597
0.189321
0.17406
0.161423
0.152679
0.147973
0.144834
0.142597
0.141169
0.14127
0.141346
0.137403
0.12477
0.101923
0.0859478
0.100217
0.135565
0.163782
0.177656
0.182614
0.184193
0.185728
0.187374
0.194187
0.0467977
0.0778029
0.0934537
0.104547
0.109188
0.113176
0.116987
0.12026
0.122567
0.123422
0.122574
0.11961
0.112244
0.0992841
0.0802537
0.0569829
0.0349219
0.0176211
0.0220549
0.0596315
0.0998153
0.117929
0.124352
0.129751
0.133279
0.135498
0.139064
0.143776
0.143235
0.11301
0.0581847
0.0185754
0.0173178
0.0358001
0.0593586
0.0782892
0.091965
0.101035
0.106303
0.108463
0.108319
0.107845
0.107923
0.108254
0.108985
0.110264
0.112323
0.115438
0.119885
0.12594
0.134858
0.146909
0.160104
0.162202
0.141354
0.150163
0.17792
0.137091
0.115785
0.171068
0.213233
0.23121
0.233767
0.232001
0.221985
0.211349
0.201056
0.193799
0.191537
0.193189
0.196645
0.199531
0.198814
0.191052
0.173924
0.1485
0.119969
0.0957202
0.0818078
0.0778411
0.0789725
0.0809064
0.0823086
0.0843591
0.08816
0.092824
0.0943045
0.0890735
0.0781397
0.0696876
0.0736159
0.087304
0.0963223
0.0902511
0.0716243
0.0530396
0.0421414
0.0391217
0.038616
0.043288
0.0290612
0.0706022
0.0942862
0.115483
0.137769
0.159621
0.179235
0.195569
0.20778
0.214935
0.215841
0.209611
0.197425
0.18102
0.160588
0.135487
0.107813
0.0809696
0.0625521
0.0597916
0.0670328
0.0774933
0.0907914
0.105957
0.116019
0.113224
0.111768
0.134969
0.146321
0.101613
0.0585671
0.0578408
0.075985
0.0950706
0.107295
0.111132
0.109551
0.106029
0.103237
0.102432
0.103159
0.102265
0.0990283
0.0945044
0.0894603
0.0846679
0.0807809
0.0783542
0.0777674
0.0792703
0.0850875
0.101708
0.129736
0.158518
0.186464
0.227248
0.256811
0.238874
0.278079
0.332023
0.337905
0.325727
0.313482
0.30135
0.285443
0.254213
0.2135
0.172137
0.141097
0.127018
0.127684
0.139481
0.158322
0.17818
0.19034
0.186376
0.164523
0.132246
0.10025
0.0762008
0.0616065
0.0539277
0.0499015
0.0480868
0.0493648
0.0560456
0.0681687
0.0814156
0.0920919
0.0991272
0.101833
0.097833
0.0850299
0.0657978
0.0468186
0.0329781
0.0252827
0.022682
0.0221792
0.0259138
0.0432602
0.0933743
0.131045
0.170667
0.208301
0.238923
0.262802
0.280734
0.292872
0.299039
0.298949
0.291597
0.275215
0.24896
0.216615
0.183101
0.150586
0.120178
0.0951735
0.0801429
0.0754622
0.0790493
0.0914552
0.107488
0.115964
0.111609
0.108566
0.119657
0.109245
0.0798236
0.0765336
0.0908374
0.105076
0.112659
0.1147
0.116857
0.123794
0.135609
0.148228
0.156201
0.156462
0.150617
0.140126
0.127014
0.113115
0.0997756
0.0879313
0.0782122
0.070884
0.0664913
0.0636201
0.0670662
0.0921093
0.133265
0.177214
0.227808
0.258969
0.283451
0.356863
0.386589
0.38875
0.404261
0.425689
0.432455
0.412305
0.36658
0.299542
0.222914
0.152502
0.10694
0.087552
0.0871445
0.0987151
0.117577
0.137905
0.149794
0.142168
0.11191
0.0700625
0.0337742
0.0127393
0.0054744
0.00630701
0.0115619
0.0214875
0.0357466
0.0494354
0.0589269
0.0647046
0.0680649
0.0674939
0.0594934
0.0432065
0.0237827
0.00889421
0.00175793
0.00128597
0.00540233
0.0114733
0.0204826
0.0787037
0.1314
0.178728
0.221873
0.246955
0.258109
0.262679
0.261728
0.257317
0.2521
0.247349
0.242672
0.236776
0.227446
0.211965
0.189018
0.160758
0.132601
0.109386
0.0932265
0.084716
0.0884937
0.10582
0.118352
0.112631
0.102356
0.102151
0.100983
0.0879166
0.0849408
0.0958861
0.107224
0.113275
0.116435
0.12308
0.138429
0.161611
0.185175
0.201152
0.205688
0.200166
0.186674
0.167741
0.146469
0.125323
0.105907
0.0891293
0.0754338
0.0648284
0.0576441
0.0541459
0.0516741
0.0640241
0.106295
0.158481
0.207999
0.246788
0.310201
0.39239
0.410631
0.437553
0.490874
0.534377
0.545433
0.523074
0.469468
0.387442
0.288529
0.188888
0.115441
0.0797266
0.073463
0.0815025
0.0940857
0.108156
0.121648
0.129885
0.128306
0.117233
0.103127
0.093046
0.0885064
0.0871067
0.0862669
0.084846
0.082871
0.0796876
0.0755829
0.0713846
0.0664108
0.059107
0.0485146
0.0356461
0.0252505
0.0230103
0.0310717
0.044117
0.0522971
0.0517529
0.0393888
0.100939
0.154831
0.199913
0.214627
0.211403
0.198458
0.179333
0.16119
0.148356
0.141429
0.139012
0.139152
0.140283
0.141313
0.141498
0.138879
0.131376
0.117923
0.103308
0.0924501
0.0911877
0.102705
0.112979
0.108042
0.0973828
0.0938496
0.0943282
0.0896862
0.0885771
0.0971335
0.106757
0.112052
0.115335
0.122467
0.138753
0.164529
0.193065
0.215238
0.225724
0.224035
0.212095
0.192183
0.167715
0.142175
0.118013
0.0966669
0.0787276
0.0642443
0.053106
0.0448075
0.0404444
0.0384613
0.0433542
0.0791903
0.136809
0.18657
0.233941
0.323066
0.406586
0.429238
0.483563
0.56232
0.613345
0.623308
0.596516
0.537318
0.451089
0.340467
0.222976
0.126847
0.0756707
0.0660954
0.0777409
0.0920844
0.101656
0.107481
0.111666
0.113661
0.112432
0.10945
0.107768
0.10957
0.113313
0.112722
0.103564
0.0910667
0.079426
0.0709726
0.066895
0.0634828
0.0584248
0.0515702
0.0449015
0.0407645
0.0398096
0.0415573
0.0423115
0.0354833
0.024927
0.0181573
0.11007
0.16534
0.184544
0.172811
0.150311
0.129311
0.115764
0.109168
0.104684
0.101276
0.100053
0.102144
0.106825
0.10882
0.107535
0.103585
0.0989759
0.0956087
0.0937394
0.0963312
0.104965
0.111093
0.103995
0.0920956
0.087745
0.0894085
0.0898454
0.0904825
0.0970698
0.105465
0.110148
0.112976
0.118201
0.13067
0.152077
0.178358
0.202067
0.216868
0.219249
0.210632
0.193228
0.170062
0.144461
0.119277
0.0964236
0.0768217
0.0606689
0.0477669
0.0378841
0.0306845
0.0264554
0.0253903
0.0270045
0.0538348
0.113554
0.168114
0.221394
0.322767
0.408676
0.443837
0.515497
0.608343
0.666435
0.678067
0.643581
0.575204
0.485693
0.374313
0.24732
0.135926
0.0728833
0.0605076
0.0768733
0.0981827
0.111387
0.115092
0.11408
0.112843
0.112948
0.114442
0.117434
0.121721
0.125621
0.12628
0.122685
0.119276
0.11634
0.108198
0.09232
0.0727825
0.0589112
0.0543949
0.0564893
0.0610237
0.0630014
0.0587186
0.0518992
0.0498206
0.0512657
0.0465224
0.114645
0.159307
0.159154
0.140596
0.124601
0.117019
0.115012
0.113077
0.108729
0.100877
0.0908389
0.0842272
0.0884871
0.102396
0.108584
0.11155
0.110252
0.107474
0.107275
0.11004
0.110055
0.100746
0.0881658
0.082894
0.0851036
0.0884844
0.0914474
0.0968369
0.103954
0.108286
0.110525
0.113892
0.121734
0.13645
0.15624
0.175907
0.189773
0.19391
0.188137
0.174022
0.154165
0.131475
0.108554
0.0872444
0.068562
0.0528586
0.0400832
0.0300409
0.0225611
0.0175119
0.0147239
0.0147995
0.0151755
0.0319841
0.0881966
0.150683
0.209107
0.312065
0.403617
0.4521
0.530419
0.627832
0.692991
0.706388
0.667162
0.592325
0.49994
0.390427
0.259513
0.138812
0.0689582
0.0560891
0.0764683
0.103614
0.122449
0.129481
0.128258
0.12446
0.122211
0.122839
0.125614
0.128686
0.129126
0.124256
0.117692
0.115872
0.113935
0.110103
0.105514
0.098519
0.0885502
0.0791521
0.0743128
0.0725914
0.0681213
0.0573174
0.0462799
0.0442135
0.0462627
0.0430652
0.11469
0.150974
0.144898
0.129383
0.12188
0.121857
0.124457
0.126263
0.124598
0.116113
0.0991233
0.075275
0.0586884
0.0766569
0.0922053
0.101263
0.11028
0.114556
0.112988
0.106997
0.0965492
0.0849094
0.0792902
0.081247
0.0860717
0.09083
0.0962234
0.102293
0.106509
0.108296
0.110487
0.114807
0.123557
0.136288
0.149408
0.15844
0.160489
0.154992
0.143016
0.126605
0.107992
0.0891053
0.0712978
0.0553737
0.0417316
0.0304817
0.0216005
0.0150541
0.0107617
0.00851791
0.00773026
0.00875456
0.00879758
0.0158474
0.0617858
0.131199
0.196225
0.295983
0.392792
0.45298
0.530863
0.625237
0.692917
0.707352
0.667117
0.591867
0.500606
0.393146
0.260661
0.13484
0.0632029
0.0530159
0.0774253
0.107864
0.129441
0.139287
0.140417
0.137407
0.134154
0.132659
0.132706
0.132329
0.128263
0.118322
0.11057
0.114403
0.115421
0.108614
0.102415
0.100465
0.0987032
0.0938983
0.0863953
0.0756562
0.0603161
0.0430786
0.0340014
0.0392035
0.0469007
0.0441395
0.112333
0.145629
0.140478
0.128596
0.124853
0.127957
0.133499
0.138978
0.139739
0.133161
0.117568
0.0882219
0.0480616
0.0467435
0.0745641
0.0836635
0.0885674
0.0942082
0.0948547
0.0895286
0.081279
0.0763307
0.0778031
0.082993
0.0887826
0.0946045
0.100282
0.10442
0.106026
0.107836
0.110008
0.114415
0.121555
0.129152
0.133195
0.131211
0.123003
0.110643
0.0962692
0.0813206
0.0666538
0.0528648
0.0403673
0.0295111
0.0205321
0.0135679
0.00872997
0.00602142
0.00516933
0.00566052
0.00665799
0.00813852
0.00818898
0.00736324
0.0374089
0.107816
0.181561
0.277266
0.37672
0.446489
0.521093
0.607405
0.671635
0.685782
0.648325
0.578748
0.492289
0.386578
0.251628
0.124166
0.0559155
0.0514737
0.0799765
0.111864
0.133396
0.143357
0.145534
0.143949
0.14135
0.139033
0.136806
0.133126
0.125594
0.114417
0.110485
0.11845
0.122961
0.117327
0.107116
0.100444
0.0967643
0.090945
0.0803423
0.0643206
0.0454921
0.0305819
0.0282116
0.0382851
0.0468557
0.0441865
0.108187
0.142113
0.140772
0.130911
0.127909
0.131248
0.137189
0.147019
0.147078
0.139573
0.124514
0.0969169
0.0534144
0.0246652
0.0547441
0.0786517
0.0782971
0.0782638
0.0788664
0.0765094
0.0735518
0.0746443
0.0795311
0.0856599
0.0918437
0.0975803
0.101828
0.103787
0.105138
0.106731
0.10857
0.112059
0.116318
0.117739
0.112949
0.100268
0.0854435
0.0715286
0.0590502
0.0476344
0.0369985
0.027309
0.0189368
0.0122026
0.00731365
0.00444378
0.00359221
0.00444572
0.00641333
0.00881198
0.0108674
0.0122715
0.0123371
0.00687896
0.0191652
0.0812389
0.163606
0.257489
0.356693
0.43366
0.505745
0.580943
0.637147
0.65015
0.618742
0.558926
0.478446
0.372743
0.234307
0.108515
0.0482547
0.0516771
0.0838263
0.11568
0.135679
0.144262
0.145976
0.144801
0.142835
0.140606
0.137581
0.132654
0.125098
0.117141
0.116936
0.123328
0.12676
0.123618
0.115035
0.104662
0.0937475
0.0807538
0.0654008
0.0483909
0.0327958
0.0237087
0.0256149
0.0369065
0.0456618
0.0449376
0.102956
0.13814
0.141946
0.134197
0.131394
0.1344
0.141025
0.149475
0.14905
0.14082
0.12402
0.0935736
0.0532494
0.0153378
0.0314947
0.0726546
0.0783887
0.072753
0.0714902
0.0709982
0.0718455
0.0760095
0.081892
0.0881567
0.0940592
0.0987204
0.10128
0.10232
0.103966
0.105125
0.106669
0.108729
0.107999
0.0990861
0.0819317
0.0681089
0.0576679
0.0477175
0.0376101
0.027944
0.0192658
0.0121602
0.00698589
0.00383994
0.00277162
0.0036405
0.00602713
0.00933118
0.0129237
0.016225
0.0186548
0.0196865
0.0194995
0.0126837
0.00992563
0.0548137
0.141305
0.236956
0.334493
0.415797
0.487569
0.553167
0.599122
0.610541
0.587527
0.536058
0.459719
0.352338
0.210229
0.0901289
0.0417408
0.0538259
0.0885038
0.119077
0.136871
0.143786
0.144662
0.14331
0.141529
0.139537
0.136744
0.132487
0.126619
0.120601
0.120669
0.12484
0.126603
0.123574
0.116545
0.107039
0.0940254
0.0766673
0.0578598
0.0405091
0.027027
0.020002
0.021402
0.0297792
0.0364576
0.0389208
0.0942932
0.133528
0.142486
0.138206
0.135315
0.137944
0.144031
0.148825
0.145392
0.137268
0.118487
0.0837297
0.0434856
0.010218
0.0142232
0.0610958
0.080566
0.0731556
0.0695394
0.0700332
0.0728557
0.078
0.0839389
0.0898837
0.094931
0.0982372
0.0997639
0.100939
0.102562
0.103304
0.103384
0.0997021
0.0869513
0.0709963
0.0659971
0.0618845
0.0522181
0.0394557
0.0271274
0.0170043
0.00957962
0.00501694
0.00305535
0.00342658
0.00573079
0.00937712
0.0137318
0.0182657
0.0225508
0.0261596
0.0286134
0.0292233
0.0283607
0.0220734
0.00985785
0.0330255
0.115057
0.214934
0.311574
0.394552
0.466966
0.527212
0.565545
0.576449
0.559274
0.511625
0.43757
0.325925
0.18119
0.071429
0.0375612
0.0577688
0.0934327
0.121805
0.137251
0.142692
0.14291
0.141372
0.139617
0.137785
0.1354
0.131922
0.126775
0.121293
0.120969
0.124147
0.125146
0.12121
0.113441
0.104017
0.0915309
0.0737954
0.0538644
0.0357281
0.0223079
0.0160112
0.0180765
0.0269084
0.0339715
0.0371841
0.082157
0.125269
0.139627
0.140731
0.138554
0.140474
0.14586
0.144779
0.138847
0.130478
0.106364
0.0667807
0.0289599
0.00534928
0.00456687
0.0467477
0.0803996
0.076535
0.0703613
0.0709298
0.0744822
0.0796899
0.0853376
0.0906306
0.0946007
0.0968296
0.0980722
0.0996274
0.100703
0.099846
0.095071
0.0830669
0.0738984
0.0811272
0.0836698
0.0710869
0.0514404
0.0330057
0.0192421
0.0102967
0.00545449
0.00401219
0.00528192
0.00864116
0.0133601
0.0187087
0.0241389
0.0293063
0.0339325
0.0376503
0.0399929
0.0402304
0.0384062
0.0328632
0.0168407
0.0193358
0.0871228
0.190393
0.288467
0.371681
0.443499
0.502303
0.53795
0.549281
0.532821
0.48557
0.412936
0.293878
0.149393
0.0546974
0.0363315
0.0629876
0.0980971
0.123757
0.137005
0.141296
0.141089
0.139495
0.137819
0.136139
0.134021
0.130754
0.125427
0.120128
0.119388
0.121701
0.122009
0.117264
0.108453
0.098421
0.0861777
0.0685525
0.0484256
0.0305213
0.0184198
0.0142521
0.0178122
0.0259718
0.031065
0.0331389
0.0630459
0.108211
0.128555
0.137072
0.138563
0.140384
0.139848
0.13413
0.13184
0.119357
0.0857977
0.0438353
0.014023
0.00238258
0.000887405
0.0326392
0.0756295
0.0804144
0.0724331
0.0722071
0.0758599
0.0808211
0.0860096
0.0904962
0.0934772
0.0950662
0.0963504
0.0977603
0.0971242
0.092698
0.0830698
0.0772035
0.0957878
0.113901
0.103646
0.0760223
0.0476877
0.026716
0.0140953
0.00790463
0.00623106
0.00769521
0.0113759
0.0166093
0.0227594
0.0292211
0.0355044
0.0412521
0.0461683
0.0499135
0.0520663
0.0520009
0.0492997
0.0439152
0.0279502
0.0148747
0.0610575
0.162901
0.264759
0.348573
0.418462
0.476368
0.512586
0.524109
0.504684
0.458474
0.384968
0.256716
0.117454
0.0417083
0.037987
0.0687675
0.102106
0.124989
0.136359
0.139768
0.139291
0.137707
0.136163
0.134654
0.132622
0.129084
0.123393
0.118233
0.117045
0.118492
0.118164
0.112665
0.102479
0.0910926
0.0786847
0.0617008
0.0425011
0.0258753
0.0156079
0.0135096
0.0183498
0.0263047
0.0302289
0.0308039
0.0358282
0.068699
0.0904305
0.106271
0.116121
0.11749
0.115853
0.124913
0.124599
0.097558
0.0554821
0.0198493
0.00377027
0.00284826
0.00135619
0.0207396
0.0664241
0.0829155
0.0752253
0.0733781
0.0767581
0.0813802
0.0860382
0.0897268
0.0919268
0.0931473
0.0942748
0.0945758
0.0911809
0.0838629
0.0786952
0.101155
0.14475
0.153417
0.121947
0.0789275
0.0440305
0.0224507
0.0121766
0.00937956
0.0108621
0.0145329
0.0194007
0.025237
0.031958
0.0392211
0.0464071
0.0528615
0.0581096
0.061851
0.0638036
0.0635425
0.0603652
0.0547047
0.0405503
0.0185047
0.0405217
0.133177
0.239348
0.325509
0.393656
0.448669
0.485509
0.495779
0.473742
0.431883
0.35283
0.215847
0.0880961
0.033395
0.0418822
0.074407
0.10528
0.12564
0.135495
0.138226
0.137557
0.135999
0.134546
0.133094
0.130884
0.126879
0.121083
0.116137
0.114536
0.115147
0.11414
0.107989
0.0966345
0.0837495
0.0706235
0.0540345
0.0360642
0.0211985
0.0129491
0.0126889
0.0183702
0.0254353
0.0278482
0.0275357
)
;

boundaryField
{
    outlet
    {
        type            zeroGradient;
    }
    inlet
    {
        type            fixedValue;
        value           uniform 0.2;
    }
    lowerWall
    {
        type            fixedValue;
        value           uniform 0;
    }
    upperWall
    {
        type            fixedValue;
        value           uniform 0;
    }
    frontAndBack
    {
        type            empty;
    }
}


// ************************************************************************* //
