/*--------------------------------*- C++ -*----------------------------------*\
  =========                 |
  \\      /  F ield         | OpenFOAM: The Open Source CFD Toolbox
   \\    /   O peration     | Website:  https://openfoam.org
    \\  /    A nd           | Version:  10
     \\/     M anipulation  |
\*---------------------------------------------------------------------------*/
FoamFile
{
    format      ascii;
    class       volScalarField;
    location    "1900";
    object      omega;
}
// * * * * * * * * * * * * * * * * * * * * * * * * * * * * * * * * * * * * * //

dimensions      [0 0 -1 0 0 0 0];

internalField   nonuniform List<scalar> 
6820
(
6119.65
8495.53
9975.17
10745.8
11095.1
11205.2
11181.5
11085.3
10953.1
10806.8
10658.4
10514.8
10379.1
10252.8
10136.1
10028.7
9930.07
9839.5
9756.25
9679.62
9608.96
9543.68
9483.23
9427.14
9374.99
9326.37
9280.96
9238.44
9198.4
9161.24
9122.77
9101.46
9003.06
563.863
1593.66
2118.99
2485.29
2810.04
3047.21
3202.64
3297.98
3354.17
3382.65
3395.35
3394.49
3390.56
3382.3
3371.9
3361.05
3350.53
3340.71
3331.86
3324.04
3317.32
3311.61
3306.9
3303.08
3300.13
3297.92
3296.46
3295.63
3295.82
3296.64
3298.18
3301.9
3307.68
97.8512
383.671
612.514
783.211
925.913
1044.15
1139.72
1215.41
1275.18
1321.46
1357.37
1384.53
1405.16
1420.61
1432.05
1440.37
1446.35
1450.52
1453.37
1455.22
1456.38
1457.03
1457.37
1457.5
1457.54
1457.56
1457.64
1457.79
1458.14
1458.58
1459.51
1460.38
1462.65
35.0872
109.689
194.406
270.89
340.029
401.75
456.059
503.312
544.328
579.675
610.092
636.128
658.406
677.424
693.681
707.537
719.395
729.497
738.174
745.562
751.954
757.386
762.146
766.172
769.779
772.796
775.611
777.912
780.209
782.028
784.043
785.576
787.568
22.8645
46.9745
78.9735
111.645
143.697
174.308
202.955
229.405
253.675
275.804
295.908
314.101
330.538
345.356
358.716
370.737
381.575
391.321
400.123
408.038
415.209
421.659
427.53
432.809
437.649
441.997
446.021
449.633
453.019
456.059
458.959
461.575
464.134
19.4482
28.8211
42.7198
57.8276
73.3611
88.8415
103.932
118.422
132.214
145.247
157.503
168.976
179.69
189.667
198.948
207.564
215.565
222.981
229.865
236.24
242.162
247.646
252.747
257.473
261.88
265.965
269.786
273.332
276.662
279.762
282.687
285.422
288.024
18.2937
22.3026
29.0894
36.8342
45.0409
53.4276
61.8037
70.042
78.0648
85.8188
93.2711
100.401
107.199
113.664
119.8
125.611
131.111
136.309
141.22
145.855
150.231
154.358
158.255
161.93
165.402
168.677
171.775
174.7
177.471
180.091
182.58
184.938
187.186
17.8628
19.6407
23.1435
27.4253
32.1054
36.9869
41.946
46.901
51.7981
56.5996
61.2795
65.8192
70.2077
74.4371
78.5045
82.4079
86.1493
89.73
93.1546
96.4263
99.5513
102.533
105.38
108.095
110.685
113.156
115.514
117.764
119.913
121.964
123.926
125.8
127.595
17.6921
18.5022
20.2904
22.7591
25.5623
28.5575
31.6531
34.789
37.925
41.0328
44.0924
47.0892
50.0133
52.8576
55.6174
58.2898
60.8733
63.3674
65.7727
68.0899
70.321
72.4674
74.5317
76.5161
78.4234
80.256
82.017
83.7088
85.3347
86.8971
88.3992
89.8433
91.2323
17.6213
17.9912
18.8824
20.3079
22.0195
23.9107
25.9093
27.9667
30.05
32.1359
34.2079
36.254
38.2654
40.2358
42.1608
44.037
45.8624
47.6356
49.3561
51.0236
52.6384
54.2009
55.712
57.1727
58.5841
59.9474
61.264
62.5352
63.7627
64.9477
66.0918
67.1964
68.2629
17.591
17.7573
18.1874
18.9891
20.029
21.2312
22.54
23.916
25.3312
26.7655
28.2045
29.6375
31.0565
32.4559
33.8312
35.1793
36.498
37.7854
39.0407
40.263
41.452
42.6077
43.7302
44.8197
45.8768
46.902
47.8959
48.8591
49.7925
50.6968
51.5728
52.4213
53.243
17.5777
17.6499
17.8528
18.2782
18.8974
19.6531
20.5077
21.4311
22.4002
23.3977
24.4109
25.43
26.4478
27.4588
28.4588
29.4446
30.4138
31.3647
32.296
33.2067
34.0961
34.9639
35.8098
36.6339
37.436
38.2165
38.9756
39.7135
40.4307
41.1274
41.8043
42.4615
43.0996
17.5717
17.6008
17.6934
17.9051
18.2597
18.7223
19.2706
19.8837
20.5439
21.2371
21.9523
22.6808
23.416
24.1527
24.8868
25.6153
26.3357
27.0462
27.7452
28.4318
29.105
29.7643
30.4092
31.0396
31.6551
32.2558
32.8416
33.4127
33.9692
34.5112
35.039
35.5526
36.0524
17.5685
17.5785
17.6181
17.7167
17.9085
18.1807
18.5221
18.92
19.3623
19.8384
20.3392
20.8575
21.3874
21.9242
22.4641
23.0041
23.5418
24.0753
24.6031
25.124
25.6371
26.1416
26.6369
27.1227
27.5987
28.0645
28.5202
28.9656
29.4007
29.8255
30.2401
30.6445
31.0388
17.5667
17.5684
17.5829
17.6262
17.7205
17.8733
18.0775
18.3273
18.6156
18.9354
19.2799
19.6435
20.0213
20.4092
20.8038
21.2024
21.6026
22.0027
22.4011
22.7965
23.1881
23.5749
23.9563
24.3318
24.7011
25.0637
25.4195
25.7683
26.11
26.4445
26.7717
27.0916
27.4042
17.5661
17.5629
17.5666
17.5833
17.6249
17.7047
17.8205
17.9706
18.1518
18.3599
18.5907
18.8401
19.1043
19.38
19.6645
19.9553
20.2503
20.5479
20.8466
21.1452
21.4427
21.7383
22.0312
22.321
22.6071
22.8892
23.167
23.4402
23.7087
23.9723
24.2309
24.4843
24.7326
17.5661
17.5601
17.5585
17.5631
17.5791
17.6155
17.6769
17.7623
17.8709
18.001
18.1502
18.3159
18.4957
18.6871
18.8878
19.096
19.31
19.5281
19.7492
19.9721
20.1959
20.4197
20.643
20.865
21.0854
21.3038
21.5197
21.7329
21.9431
22.1503
22.3541
22.5546
22.7515
17.5661
17.5591
17.5541
17.5533
17.5575
17.5711
17.5997
17.6448
17.7061
17.7833
17.8755
17.9813
18.0994
18.228
18.3657
18.511
18.6625
18.8191
18.9796
19.1431
19.3088
19.476
19.6439
19.8121
19.98
20.1473
20.3136
20.4787
20.6422
20.8039
20.9636
21.1213
21.2767
17.5662
17.5588
17.5523
17.5479
17.5469
17.5501
17.5603
17.5811
17.6128
17.6556
17.7093
17.7736
17.8477
17.9307
18.0218
18.1198
18.224
18.3333
18.4469
18.5641
18.6842
18.8066
18.9306
19.0559
19.1819
19.3083
19.4348
19.561
19.6867
19.8117
19.9358
20.0587
20.1804
17.5662
17.5587
17.5517
17.5456
17.5413
17.5397
17.5415
17.5482
17.5621
17.5834
17.6122
17.6487
17.6926
17.7435
17.801
17.8645
17.9334
18.0072
18.0851
18.1667
18.2515
18.3389
18.4285
18.5198
18.6126
18.7064
18.801
18.8961
18.9915
19.0869
19.1821
19.277
19.3714
17.5662
17.5587
17.5515
17.5447
17.5388
17.5344
17.5319
17.5324
17.5359
17.5442
17.5577
17.5764
17.6003
17.6295
17.6637
17.7028
17.7463
17.794
17.8455
17.9005
17.9585
18.0192
18.0822
18.1473
18.2142
18.2825
18.3521
18.4226
18.4938
18.5657
18.6379
18.7104
18.7829
17.5662
17.5587
17.5514
17.5444
17.5378
17.532
17.5272
17.5241
17.5231
17.5243
17.5283
17.5362
17.5475
17.5627
17.5815
17.604
17.63
17.6595
17.6921
17.7278
17.7663
17.8073
17.8507
17.8961
17.9434
17.9923
18.0428
18.0944
18.1472
18.2009
18.2553
18.3103
18.3659
17.5662
17.5587
17.5514
17.5442
17.5374
17.531
17.5251
17.5202
17.5164
17.5141
17.5138
17.5151
17.5189
17.5255
17.5347
17.5466
17.5613
17.5787
17.5987
17.6213
17.6464
17.6737
17.7032
17.7347
17.7681
17.8031
17.8398
17.8778
17.917
17.9574
17.9988
18.0411
18.084
17.5662
17.5587
17.5514
17.5442
17.5372
17.5306
17.5243
17.5185
17.5135
17.5094
17.5065
17.505
17.5052
17.5068
17.5105
17.5164
17.5245
17.5348
17.5473
17.5619
17.5787
17.5975
17.6184
17.6411
17.6656
17.6917
17.7195
17.7486
17.7791
17.8108
17.8436
17.8775
17.9121
17.5662
17.5587
17.5513
17.5442
17.5372
17.5304
17.524
17.518
17.5126
17.5078
17.5041
17.5014
17.5002
17.5004
17.5018
17.5051
17.5104
17.5177
17.5269
17.5381
17.5511
17.5661
17.583
17.6016
17.622
17.644
17.6675
17.6924
17.7187
17.7462
17.7749
17.8046
17.8352
17.5662
17.5587
17.5513
17.5442
17.5372
17.5305
17.5242
17.5183
17.5132
17.5088
17.5055
17.5034
17.5028
17.5035
17.5056
17.5097
17.5158
17.5238
17.5337
17.5456
17.5594
17.575
17.5925
17.6117
17.6326
17.6551
17.6791
17.7045
17.7311
17.759
17.788
17.8181
17.849
17.5662
17.5587
17.5513
17.5442
17.5374
17.5309
17.5251
17.52
17.5159
17.5131
17.5117
17.5122
17.5141
17.5183
17.5246
17.5331
17.5437
17.5566
17.5716
17.5888
17.608
17.6292
17.6522
17.677
17.7035
17.7316
17.7611
17.7919
17.824
17.8571
17.8913
17.9264
17.9624
17.5662
17.5587
17.5514
17.5444
17.5379
17.5322
17.5276
17.5243
17.523
17.5238
17.5267
17.5327
17.5416
17.5534
17.5681
17.5857
17.6061
17.6292
17.6549
17.6831
17.7135
17.7461
17.7806
17.817
17.855
17.8944
17.9353
17.9773
18.0204
18.0644
18.1093
18.1548
18.201
17.5662
17.5587
17.5516
17.5451
17.5396
17.5357
17.5342
17.5354
17.5395
17.5482
17.5612
17.5785
17.6003
17.6263
17.6565
17.6905
17.7282
17.7692
17.8134
17.8603
17.9097
17.9613
18.015
18.0703
18.1272
18.1853
18.2446
18.3048
18.3657
18.4273
18.4893
18.5516
18.6142
17.5662
17.5589
17.5522
17.5473
17.5446
17.5455
17.5504
17.5615
17.5798
17.605
17.6371
17.6761
17.7215
17.7729
17.8299
17.8918
17.9581
18.0284
18.102
18.1786
18.2577
18.3389
18.4217
18.506
18.5914
18.6776
18.7644
18.8516
18.939
19.0264
19.1138
19.2008
19.2875
17.5662
17.5594
17.5546
17.5542
17.558
17.5696
17.5932
17.6282
17.6749
17.7329
17.8016
17.8801
17.9674
18.0624
18.164
18.2714
18.3835
18.4996
18.6189
18.7408
18.8645
18.9897
19.1159
19.2426
19.3696
19.4965
19.6231
19.7491
19.8743
19.9987
20.122
20.2442
20.3651
17.5663
17.5617
17.563
17.5718
17.595
17.6401
17.7055
17.7911
17.8954
18.0165
18.1523
18.3006
18.4593
18.6266
18.8007
18.9802
19.1638
19.3502
19.5387
19.7283
19.9185
20.1085
20.2979
20.4864
20.6735
20.859
21.0426
21.2241
21.4034
21.5803
21.7548
21.9267
22.0961
17.5672
17.57
17.5859
17.6276
17.7109
17.8336
17.9919
18.1815
18.3976
18.6351
18.8897
19.1574
19.435
19.7198
20.0094
20.302
20.596
20.8902
21.1836
21.4753
21.7646
22.0511
22.3342
22.6137
22.8892
23.1606
23.4276
23.6903
23.9484
24.2019
24.4508
24.6951
24.9348
17.5716
17.5953
17.6662
17.8177
18.053
18.3543
18.7087
19.1036
19.5285
19.9745
20.4349
20.9044
21.3787
21.8548
22.3301
22.8027
23.2712
23.7345
24.1917
24.6422
25.0854
25.521
25.9488
26.3685
26.7801
27.1836
27.5788
27.9659
28.3448
28.7157
29.0786
29.4337
29.7811
17.5854
17.6974
17.9699
18.4419
19.0444
19.7381
20.4917
21.2821
22.0933
22.9141
23.7366
24.5557
25.3673
26.1688
26.9583
27.7344
28.4962
29.243
29.9745
30.6904
31.3907
32.0753
32.7443
33.3978
34.0361
34.6594
35.2678
35.8617
36.4414
37.0072
37.5593
38.0981
38.6238
17.6522
18.1438
19.1451
20.4574
21.9286
23.4776
25.0548
26.6331
28.1966
29.7371
31.25
32.7322
34.182
35.5983
36.9807
38.3291
39.6436
40.9246
42.1725
43.3878
44.5711
45.723
46.8442
47.9354
48.9973
50.0307
51.0362
52.0146
52.9666
53.893
54.7944
55.6717
56.5255
18.0423
20.3419
23.6954
27.3243
30.9671
34.5343
37.9952
41.351
44.6032
47.7618
50.8283
53.8045
56.6925
59.4942
62.2115
64.8462
67.4002
69.8754
72.2738
74.5972
76.8478
79.0276
81.1387
83.183
85.1627
87.0798
88.9365
90.7347
92.4763
94.1635
95.7979
97.3817
98.9165
21.0783
32.2377
43.8848
55.0827
65.2654
74.7229
83.6608
92.2515
100.529
108.499
116.169
123.546
130.634
137.44
143.973
150.24
156.249
162.01
167.532
172.822
177.893
182.751
187.407
191.869
196.147
200.248
204.182
207.956
211.577
215.054
218.393
221.602
224.685
63.2893
131.146
179.994
220.948
253.72
286.904
320.749
353.551
384.645
413.765
440.836
465.898
489.06
510.454
530.221
548.492
565.403
581.067
595.602
609.099
621.66
633.357
644.277
654.474
664.025
672.967
681.373
689.262
696.705
703.707
710.338
716.588
722.534
1672.14
1819.15
1960.96
2086.92
2197.23
2294.25
2379.79
2455.18
2521.53
2579.87
2631.09
2676.01
2715.34
2749.72
2779.71
2805.83
2828.53
2848.19
2865.19
2879.82
2892.37
2903.08
2912.17
2919.82
2926.22
2931.5
2935.79
2939.23
2941.89
2943.89
2945.3
2946.18
2946.62
8955.69
8416.75
7889.64
7362.63
6856.62
6384.19
5950.34
5555.94
5197.6
4870.48
4574.62
4306.88
4063.96
3843.43
3642.62
3459.34
3291.21
3136.83
2994.37
2862.88
2741.28
2628.7
2524.1
2426.71
2335.65
2250.09
2169.41
2093
2020.37
1950.98
1884.42
1820.34
1757.99
1697.33
1638.19
1580.34
1523.59
1467.75
1412.75
1358.37
1304.52
1251.19
1198.36
1146.08
1094.39
1043.34
993.019
943.544
895.047
847.674
801.578
756.916
713.842
672.503
633.033
595.545
560.131
526.855
495.754
466.839
440.092
415.469
392.907
372.322
353.617
336.685
321.409
307.671
295.349
284.329
274.489
265.724
257.922
250.992
244.828
239.357
234.48
230.136
226.253
222.763
219.613
216.751
214.135
211.714
209.457
207.332
205.31
203.363
201.477
199.622
197.801
195.97
194.166
192.303
190.512
188.532
186.809
184.548
183.12
180.092
3308.98
3344.71
3419.12
3494.34
3569.42
3646.17
3712.18
3766.71
3789.42
3781.15
3753.61
3695.07
3608.95
3504.25
3386.8
3262.17
3134.21
3007.15
2881.99
2762.04
2647.53
2538.72
2435.1
2336.87
2243.53
2154.64
2070.04
1989.33
1912.17
1838.17
1766.98
1698.38
1631.99
1567.57
1504.92
1443.87
1384.26
1325.97
1268.9
1212.97
1158.11
1104.29
1051.52
999.821
949.251
899.875
851.777
805.052
759.808
716.157
674.207
634.066
595.829
559.578
525.376
493.267
463.274
435.394
409.604
385.859
364.098
344.24
326.196
309.863
295.135
281.903
270.053
259.477
250.065
241.718
234.332
227.819
222.086
217.059
212.647
208.797
205.418
202.472
199.892
197.62
195.615
193.836
192.243
190.79
189.455
188.207
187.021
185.872
184.747
183.621
182.494
181.328
180.155
178.908
177.681
176.278
175.037
173.357
172.273
169.942
1464.49
1470.28
1481.89
1495.93
1509.83
1527.18
1550.46
1582.62
1624.58
1674.39
1731.25
1791.08
1850.73
1907.42
1957.38
1997.15
2024.63
2037.63
2034.64
2023.47
1998.86
1963.35
1919.19
1870.38
1816.97
1761.1
1704.34
1646.88
1589.22
1531.67
1474.6
1418.17
1362.52
1307.7
1253.76
1200.71
1148.58
1097.37
1047.12
997.841
949.58
902.377
856.288
811.376
767.715
725.384
684.47
645.054
607.222
571.051
536.612
503.963
473.15
444.202
417.133
391.937
368.593
347.062
327.29
309.212
292.751
277.823
264.338
252.204
241.326
231.611
222.968
215.31
208.548
202.609
197.411
192.89
188.971
185.603
182.71
180.261
178.169
176.427
174.966
173.74
172.725
171.883
171.181
170.572
170.048
169.576
169.135
168.703
168.267
167.805
167.316
166.765
166.181
165.513
164.819
163.967
163.185
162.068
161.32
159.667
789.42
792.136
795.928
799.573
802.181
804.485
806.94
810.494
815.455
822.84
832.941
846.814
864.288
886.28
911.784
941.225
972.178
1004.78
1035.01
1063.76
1087.92
1108.91
1122.19
1132.2
1132.1
1128.99
1120.92
1106.22
1086.69
1063.3
1037.07
1008.35
977.713
945.586
912.332
878.271
843.681
808.806
773.86
739.033
704.497
670.406
636.902
604.118
572.173
541.179
511.238
482.441
454.866
428.582
403.643
380.087
357.942
337.216
317.908
300.001
283.466
268.263
254.344
241.653
230.13
219.709
210.323
201.906
194.389
187.709
181.8
176.605
172.061
168.121
164.724
161.833
159.391
157.365
155.696
154.372
153.312
152.539
151.974
151.59
151.376
151.298
151.322
151.408
151.56
151.74
151.931
152.113
152.273
152.392
152.467
152.465
152.414
152.273
152.067
151.726
151.371
150.785
150.357
149.349
466.87
469.976
473.194
476.219
478.659
480.68
482.303
483.814
485.158
486.672
488.294
490.508
493.225
497.029
501.711
507.908
515.191
524.188
534.129
545.451
557.067
569.434
581.011
592.298
601.644
609.4
614.554
618.655
618.903
617.694
614.436
608.156
599.622
588.831
576.068
561.614
545.739
528.705
510.756
492.12
473.009
453.616
434.118
414.678
395.44
376.536
358.081
340.175
322.905
306.343
290.546
275.56
261.416
248.133
235.72
224.174
213.484
203.632
194.593
186.337
178.831
172.039
165.922
160.444
155.565
151.248
147.456
144.154
141.305
138.884
136.849
135.183
133.845
132.818
132.055
131.563
131.26
131.209
131.298
131.537
131.925
132.414
132.989
133.615
134.286
134.977
135.671
136.349
136.998
137.6
138.149
138.622
139.025
139.342
139.572
139.69
139.719
139.623
139.496
139.079
290.877
294.02
297.103
300.043
302.678
305.04
307.114
308.992
310.628
312.128
313.443
314.718
315.895
317.146
318.386
319.802
321.284
323.027
324.906
327.165
329.604
332.436
335.386
338.6
341.726
344.848
347.496
349.871
351.461
352.323
352.152
351.339
349.505
346.616
342.766
337.96
332.231
325.643
318.276
310.226
301.597
292.496
283.035
273.319
263.454
253.536
243.656
233.896
224.33
215.022
206.026
197.388
189.145
181.326
173.949
167.03
160.574
154.582
149.052
143.974
139.339
135.133
131.341
127.947
124.934
122.285
119.981
118.006
116.34
114.974
113.879
113.056
112.47
112.117
111.962
112.022
112.222
112.632
113.174
113.834
114.613
115.484
116.431
117.429
118.466
119.523
120.584
121.631
122.651
123.629
124.553
125.408
126.186
126.887
127.484
127.996
128.376
128.69
128.852
128.951
189.676
192.422
195.101
197.687
200.114
202.381
204.477
206.428
208.216
209.873
211.377
212.77
214.026
215.191
216.229
217.185
218.014
218.769
219.401
219.975
220.448
220.884
221.242
221.563
221.813
222.022
222.124
222.1
221.988
221.721
221.183
220.387
219.288
217.835
216.043
213.891
211.365
208.462
205.189
201.561
197.605
193.353
188.844
184.121
179.231
174.22
169.138
164.029
158.939
153.908
148.974
144.171
139.528
135.069
130.817
126.786
122.991
119.44
116.139
113.091
110.296
107.755
105.464
103.419
101.614
100.044
98.7016
97.5823
96.6754
95.9818
95.4806
95.1845
95.0603
95.112
95.302
95.6923
96.2048
96.8688
97.6567
98.5525
99.5509
100.636
101.795
103.01
104.267
105.551
106.846
108.138
109.411
110.654
111.849
112.99
114.055
115.057
115.949
116.784
117.453
118.121
118.519
119.087
129.599
131.818
133.993
136.113
138.15
140.098
141.948
143.706
145.366
146.935
148.404
149.785
151.065
152.255
153.339
154.323
155.186
155.938
156.556
157.056
157.413
157.656
157.754
157.723
157.609
157.366
157.011
156.54
155.964
155.289
154.5
153.592
152.562
151.397
150.094
148.648
147.054
145.309
143.412
141.364
139.171
136.84
134.382
131.813
129.148
126.407
123.61
120.779
117.935
115.101
112.296
109.541
106.855
104.253
101.751
99.3624
97.0976
94.9661
92.9753
91.1312
89.4379
87.8988
86.5154
85.2888
84.2191
83.3057
82.5473
81.9434
81.4912
81.1945
81.0375
81.0417
81.1486
81.4125
81.8079
82.344
82.9945
83.7669
84.6514
85.6366
86.7167
87.8814
89.121
90.4222
91.7729
93.1608
94.5717
95.993
97.4092
98.8099
100.177
101.507
102.77
103.989
105.098
106.181
107.073
108.031
108.612
109.584
92.7903
94.5254
96.2361
97.9156
99.5521
101.139
102.672
104.151
105.572
106.935
108.236
109.478
110.653
111.764
112.801
113.762
114.636
115.422
116.106
116.69
117.159
117.523
117.764
117.898
117.885
117.805
117.613
117.297
116.883
116.369
115.764
115.068
114.284
113.415
112.463
111.429
110.316
109.125
107.858
106.519
105.11
103.635
102.1
100.51
98.8742
97.2002
95.4975
93.7764
92.0478
90.3229
88.6127
86.9285
85.281
83.6805
82.1364
80.6577
79.2523
77.9272
76.6886
75.5418
74.4912
73.5408
72.693
71.9508
71.3158
70.7894
70.3727
70.0674
69.8753
69.7987
69.8256
69.9486
70.1983
70.5566
71.0207
71.5972
72.2758
73.0575
73.9391
74.9143
75.9785
77.1252
78.3477
79.6368
80.9828
82.376
83.8043
85.2573
86.7204
88.1852
89.632
91.0615
92.4382
93.7914
95.042
96.2964
97.3466
98.5258
99.2404
100.539
69.4637
70.8072
72.1383
73.4532
74.7458
76.0121
77.2486
78.4538
79.6251
80.7614
81.8603
82.9208
83.9396
84.9151
85.842
86.7173
87.534
88.2886
88.9731
89.5853
90.1161
90.5667
90.9264
91.2031
91.3787
91.47
91.455
91.3825
91.2139
90.9502
90.6114
90.1917
89.7002
89.1384
88.5103
87.82
87.0711
86.2672
85.4122
84.5098
83.5638
82.5781
81.5571
80.5054
79.4279
78.3299
77.2172
76.0959
74.9722
73.8528
72.7443
71.6536
70.5871
69.5514
68.5528
67.597
66.6896
65.8356
65.0396
64.3057
63.6377
63.0389
62.5116
62.0593
61.6833
61.3859
61.1693
61.0362
60.991
61.0215
61.1274
61.3315
61.6234
62.0035
62.4704
63.0283
63.6743
64.4085
65.2304
66.1371
67.1263
68.1943
69.3367
70.5479
71.8209
73.1485
74.5211
75.9308
77.3644
78.816
80.2655
81.7169
83.1315
84.5443
85.8657
87.2199
88.3655
89.6948
90.4977
92.0389
54.171
55.2132
56.2501
57.2791
58.2973
59.3017
60.2902
61.2609
62.2123
63.1428
64.0508
64.9348
65.7928
66.6227
67.4213
68.1859
68.9119
69.5962
70.2335
70.8211
71.353
71.828
72.2393
72.5892
72.8683
73.0837
73.2216
73.3008
73.2935
73.2442
73.1244
72.929
72.6796
72.3685
72.0024
71.585
71.1184
70.6068
70.0539
69.4632
68.8383
68.1831
67.5016
66.7975
66.0751
65.3384
64.5918
63.8395
63.0863
62.3366
61.595
60.8662
60.1547
59.465
58.8015
58.1682
57.569
57.0078
56.4877
56.012
55.5839
55.2058
54.8794
54.6084
54.3933
54.2369
54.1422
54.1129
54.1397
54.2251
54.3845
54.6118
54.9085
55.2761
55.7149
56.2275
56.8142
57.4756
58.2125
59.0245
59.9106
60.8695
61.8989
62.9958
64.1555
65.3737
66.643
67.9582
69.3079
70.6888
72.0817
73.4931
74.8836
76.2922
77.623
79.0125
80.1969
81.6084
82.4604
84.159
43.8221
44.636
45.4486
46.2582
47.063
47.8612
48.6512
49.4317
50.2012
50.9587
51.7029
52.4324
53.1458
53.8413
54.5169
55.1703
55.7987
56.3994
56.969
57.5049
58.0034
58.4625
58.878
59.2494
59.5718
59.8473
60.0683
60.243
60.3578
60.4316
60.4385
60.4115
60.3394
60.2057
60.0321
59.8156
59.557
59.2613
58.931
58.5683
58.1764
57.7591
57.3194
56.8605
56.386
55.8992
55.4035
54.9025
54.3998
53.8989
53.4034
52.9166
52.4421
51.9833
51.5433
51.1252
50.732
50.3666
50.0313
49.7288
49.4618
49.2314
49.0396
48.8901
48.7817
48.7189
48.7051
48.7312
48.8044
48.9317
49.1106
49.3426
49.6293
49.9726
50.3734
50.8339
51.3554
51.9392
52.5867
53.2986
54.0754
54.9171
55.823
56.792
57.8216
58.9095
60.0507
61.2422
62.4748
63.7477
65.0432
66.3703
67.69
69.0446
70.3355
71.7061
72.8816
74.3141
75.1834
76.9564
36.6195
37.2603
37.9019
38.5432
39.1832
39.8206
40.4542
41.0832
41.7064
42.323
42.9319
43.5322
44.1226
44.702
45.2689
45.8215
46.3579
46.8762
47.374
47.8494
48.2997
48.723
49.1167
49.4796
49.8086
50.1038
50.3612
50.5835
50.7645
50.9109
51.0141
51.082
51.112
51.1021
51.066
50.9887
50.876
50.7355
50.5655
50.3675
50.1451
49.9012
49.6379
49.3577
49.0634
48.7579
48.4438
48.1243
47.802
47.4799
47.1608
46.8473
46.5423
46.2485
45.9682
45.704
45.458
45.2328
45.0299
44.8519
44.7007
44.5763
44.4817
44.4199
44.3879
44.3937
44.4271
44.5006
44.611
44.7603
44.9497
45.1807
45.4545
45.773
46.1374
46.5495
47.0111
47.5237
48.0889
48.708
49.3823
50.1127
50.8995
51.7429
52.642
53.5961
54.6021
55.6589
56.7595
57.9051
59.0799
60.2951
61.5135
62.779
63.994
65.3038
66.4332
67.8359
68.6955
70.4714
31.4872
31.9951
32.5051
33.0165
33.5284
34.04
34.5507
35.0595
35.5657
36.0687
36.5677
37.0618
37.5503
38.0321
38.5062
38.9715
39.4265
39.8697
40.2997
40.7149
41.1133
41.4937
41.854
42.193
42.5088
42.8007
43.0665
43.3066
43.5181
43.7028
43.858
43.9848
44.084
44.1529
44.1983
44.2119
44.2021
44.1721
44.1141
44.0323
43.9323
43.8148
43.6802
43.5311
43.3698
43.1984
43.0191
42.8345
42.6467
42.4579
42.2704
42.0866
41.9084
41.7383
41.578
41.4294
41.2944
41.1752
41.0724
40.9893
40.9263
40.8823
40.863
40.8689
40.8937
40.9489
41.0294
41.1379
41.275
41.4419
41.6399
41.87
42.1335
42.4319
42.7666
43.139
43.5508
44.0035
44.4989
45.0385
45.6238
46.2562
46.9367
47.6662
48.4448
49.273
50.1491
51.0735
52.041
53.0543
54.1
55.1905
56.2912
57.4467
58.5629
59.7831
60.8399
62.1743
63.001
64.725
27.7604
28.1651
28.5725
28.9822
29.3935
29.8061
30.2192
30.6323
31.0448
31.4563
31.866
32.2734
32.6779
33.0787
33.4751
33.8663
34.2511
34.6287
34.9978
35.3573
35.7059
36.0426
36.3659
36.6748
36.968
37.2446
37.5032
37.7436
37.9642
38.1652
38.3455
38.5048
38.6438
38.7609
38.8587
38.9351
38.9918
39.0309
39.0521
39.0514
39.0406
39.0144
38.9728
38.9197
38.8568
38.7851
38.7069
38.6242
38.5382
38.4509
38.3641
38.2795
38.1991
38.1248
38.0573
37.9986
37.9504
37.9144
37.8906
37.8835
37.8899
37.91
37.9506
38.0103
38.0863
38.1833
38.3006
38.4393
38.6
38.7836
38.9909
39.223
39.4809
39.7658
40.0788
40.4214
40.7948
41.2005
41.6402
42.1154
42.6275
43.1783
43.7688
44.4006
45.0742
45.7909
46.5499
47.3527
48.1954
49.0819
50.0008
50.9654
51.944
52.9808
53.987
55.101
56.069
57.3093
58.0857
59.7178
25.0162
25.3393
25.6656
25.9946
26.3261
26.6596
26.9947
27.3309
27.6678
28.005
28.3421
28.6786
29.0139
29.3477
29.6793
30.0081
30.3333
30.6543
30.9702
31.2802
31.5834
31.8789
32.1658
32.4431
32.7101
32.9659
33.2097
33.4408
33.6584
33.8622
34.0517
34.2263
34.3862
34.5308
34.6608
34.7757
34.876
34.9624
35.0361
35.0951
35.1432
35.1807
35.2075
35.2251
35.2351
35.2378
35.236
35.2308
35.2224
35.2131
35.2042
35.1971
35.1933
35.1946
35.2002
35.2132
35.2349
35.2659
35.3066
35.3593
35.4239
35.4998
35.5898
35.6947
35.8134
35.9476
36.0976
36.2639
36.447
36.6476
36.8663
37.1039
37.3612
37.6392
37.9387
38.2608
38.6068
38.978
39.3755
39.801
40.2557
40.7413
41.2591
41.8105
42.3966
43.0189
43.6772
44.3737
45.1054
45.8771
46.6788
47.5245
48.3853
49.3043
50.1989
51.2005
52.0725
53.2045
53.9196
55.4336
22.977
23.2348
23.496
23.7603
24.0275
24.2972
24.5691
24.843
25.1184
25.3951
25.6726
25.9508
26.2291
26.5073
26.7848
27.0613
27.3362
27.609
27.879
28.1458
28.4087
28.6669
28.9199
29.167
29.4075
29.6408
29.8664
30.0835
30.2918
30.4908
30.6802
30.8594
31.0286
31.1872
31.3356
31.4736
31.6014
31.7192
31.8278
31.9268
32.0173
32.1002
32.1759
32.2451
32.3089
32.3678
32.4233
32.4766
32.5283
32.5797
32.6317
32.6857
32.7425
32.8036
32.8693
32.9407
33.019
33.1051
33.1992
33.3026
33.4157
33.5383
33.6716
33.8164
33.9724
34.1402
34.3202
34.5127
34.718
34.9366
35.1689
35.4154
35.6769
35.9538
36.247
36.5573
36.8857
37.2331
37.6007
37.9897
38.4015
38.8373
39.2984
39.7864
40.3022
40.8475
41.4225
42.0297
42.6668
43.3388
44.0373
44.7763
45.5293
46.3381
47.1263
48.0174
48.7935
49.8127
50.4613
51.8437
21.4552
21.6602
21.8687
22.0805
22.2954
22.5132
22.7336
22.9565
23.1815
23.4084
23.637
23.867
24.0981
24.3301
24.5625
24.7952
25.0277
25.2596
25.4905
25.7201
25.9478
26.1731
26.3957
26.6149
26.8304
27.0417
27.2483
27.4499
27.6459
27.8362
28.0204
28.1982
28.3694
28.534
28.6918
28.843
28.9875
29.1255
29.2574
29.3833
29.5036
29.619
29.7299
29.8369
29.9407
30.0418
30.1411
30.2395
30.3377
30.4365
30.5368
30.6394
30.7451
30.8548
30.9691
31.0887
31.2142
31.3464
31.4856
31.6324
31.7872
31.9502
32.1218
32.3023
32.492
32.6909
32.8993
33.1172
33.3448
33.5824
33.8304
34.0891
34.3587
34.6398
34.9329
35.2387
35.5577
35.8908
36.239
36.6032
36.9845
37.3841
37.803
38.2428
38.7042
39.1891
39.6976
40.2324
40.7915
41.3804
41.9913
42.6381
43.2967
44.0071
44.6987
45.4869
46.1725
47.082
47.6639
48.9115
20.3208
20.4827
20.6482
20.8172
20.9894
21.1647
21.3429
21.5239
21.7075
21.8934
22.0816
22.2717
22.4637
22.6572
22.8521
23.0481
23.245
23.4425
23.6403
23.8381
24.0356
24.2324
24.4283
24.6228
24.8157
25.0066
25.1951
25.3811
25.5642
25.7442
25.9209
26.094
26.2635
26.4292
26.5911
26.7493
26.9037
27.0545
27.2019
27.3461
27.4874
27.6262
27.7629
27.8979
28.0318
28.165
28.2981
28.4317
28.5665
28.703
28.842
28.984
29.1296
29.2795
29.4341
29.594
29.7595
29.9312
30.1091
30.2937
30.4853
30.684
30.89
31.1033
31.3241
31.5522
31.7879
32.0308
32.2811
32.5389
32.8046
33.078
33.3595
33.6492
33.9475
34.2548
34.5716
34.8985
35.2361
35.5853
35.9469
36.3219
36.7112
37.1161
37.5373
37.9766
38.4339
38.9121
39.4094
39.9311
40.4702
41.0404
41.6192
42.245
42.8524
43.549
44.1529
44.9611
45.4797
46.5975
19.4808
19.6077
19.7382
19.8722
20.0095
20.1501
20.2938
20.4405
20.59
20.7423
20.8971
21.0545
21.2141
21.3759
21.5397
21.7053
21.8726
22.0413
22.2114
22.3825
22.5544
22.727
22.9
23.0731
23.2462
23.4191
23.5914
23.763
23.9338
24.1036
24.2721
24.4394
24.6053
24.7698
24.9328
25.0944
25.2547
25.4138
25.5717
25.7288
25.8853
26.0413
26.1974
26.3537
26.5108
26.669
26.8288
26.9905
27.1547
27.322
27.4927
27.6673
27.8463
28.0301
28.2191
28.4134
28.6136
28.8197
29.0316
29.2499
29.4746
29.7058
29.9434
30.1874
30.4376
30.6939
30.9563
31.224
31.4975
31.7769
32.0621
32.3529
32.6494
32.9515
33.2595
33.5736
33.8941
34.2215
34.5561
34.8986
35.2497
35.6101
35.9805
36.3621
36.7554
37.1619
37.5818
38.0175
38.4675
38.937
39.4193
39.928
40.4417
40.9973
41.5339
42.1521
42.6851
43.4037
43.8649
44.8637
18.8675
18.9664
19.0687
19.1745
19.2837
19.3961
19.5119
19.6307
19.7526
19.8775
20.0053
20.1359
20.2692
20.4051
20.5435
20.6843
20.8274
20.9726
21.1198
21.2689
21.4198
21.5723
21.7263
21.8816
22.0381
22.1956
22.354
22.5133
22.6733
22.8338
22.9949
23.1565
23.3186
23.481
23.644
23.8075
23.9716
24.1364
24.3021
24.4688
24.6368
24.8064
24.9777
25.1511
25.327
25.5055
25.687
25.872
26.0609
26.254
26.4516
26.6542
26.862
27.0753
27.2942
27.5191
27.7501
27.9869
28.2296
28.4787
28.7342
28.9959
29.2634
29.5367
29.8154
30.0994
30.3883
30.6825
30.9817
31.2856
31.5934
31.905
32.2203
32.5392
32.8617
33.1879
33.5179
33.8519
34.1903
34.5335
34.8819
35.2361
35.5967
35.9646
36.3402
36.7249
37.1186
37.5239
37.9389
38.369
38.8075
39.268
39.7297
40.2285
40.7067
41.2592
41.7321
42.3734
42.7841
43.6782
18.4311
18.5079
18.5882
18.6719
18.7589
18.8493
18.9429
19.0398
19.1399
19.2432
19.3496
19.459
19.5714
19.6868
19.8051
19.9262
20.05
20.1766
20.3057
20.4374
20.5716
20.7081
20.847
20.9881
21.1313
21.2767
21.4241
21.5734
21.7248
21.878
22.0332
22.1902
22.3492
22.5102
22.6732
22.8383
23.0056
23.1753
23.3475
23.5225
23.7003
23.8813
24.0657
24.2537
24.4457
24.6417
24.8421
25.0473
25.2578
25.4738
25.6954
25.9229
26.1566
26.3966
26.6429
26.8958
27.1552
27.4213
27.6944
27.9747
28.2613
28.5538
28.852
29.1556
29.4642
29.7774
30.0949
30.4165
30.7412
31.0681
31.3976
31.7297
32.0641
32.4008
32.7394
33.0801
33.4228
33.7675
34.1144
34.4638
34.816
35.1713
35.5301
35.8931
36.2607
36.6341
37.0129
37.3997
37.7924
38.1965
38.605
39.0317
39.4559
39.9131
40.3475
40.8502
41.2765
41.8557
42.2242
43.0294
18.1349
18.1955
18.2594
18.3265
18.3971
18.4709
18.548
18.6285
18.7123
18.7993
18.8897
18.9833
19.0801
19.1801
19.2833
19.3897
19.4992
19.6119
19.7276
19.8464
19.9681
20.0929
20.2207
20.3514
20.4851
20.6217
20.7613
20.9037
21.0492
21.1976
21.349
21.5035
21.6611
21.822
21.9861
22.1538
22.325
22.4999
22.6788
22.8618
23.0492
23.2411
23.4378
23.6395
23.8466
24.0593
24.2781
24.5034
24.7353
24.9739
25.2193
25.4717
25.7312
25.9979
26.2719
26.5532
26.8416
27.1371
27.4397
27.7476
28.0614
28.3812
28.7065
29.0372
29.3727
29.7127
30.0565
30.404
30.7546
31.1079
31.4633
31.8203
32.1786
32.5379
32.8978
33.2583
33.6192
33.9803
34.3418
34.7037
35.066
35.4292
35.7933
36.1591
36.5265
36.8967
37.2692
37.6466
38.0263
38.4143
38.8028
39.2063
39.6035
40.0304
40.4315
40.896
41.2852
41.8172
42.1531
42.8899
17.9535
18.0033
18.0563
18.1125
18.172
18.2348
18.3009
18.3704
18.4433
18.5195
18.5991
18.6821
18.7686
18.8585
18.9517
19.0485
19.1486
19.2522
19.3593
19.4698
19.5838
19.7013
19.8224
19.947
20.0751
20.2069
20.3424
20.4816
20.6246
20.7715
20.9223
21.0773
21.2364
21.3998
21.5677
21.7402
21.9176
22.0999
22.2874
22.4804
22.679
22.8835
23.0941
23.3111
23.5347
23.7653
24.0032
24.2477
24.4994
24.7585
25.0254
25.3001
25.5828
25.8734
26.172
26.4786
26.793
27.115
27.4445
27.7815
28.1251
28.4751
28.831
29.1924
29.5586
29.9293
30.3037
30.6813
31.0618
31.4444
31.8285
32.2136
32.5992
32.9849
33.3702
33.7549
34.1385
34.521
34.9022
35.2821
35.6605
36.0377
36.4137
36.7891
37.1635
37.5384
37.9127
38.2892
38.6648
39.0461
39.4242
39.8149
40.1952
40.6029
40.9811
41.4196
41.7818
42.2787
42.5892
43.2729
17.872
17.9164
17.964
18.0149
18.0689
18.1263
18.187
18.251
18.3186
18.3895
18.464
18.542
18.6235
18.7086
18.7974
18.8897
18.9858
19.0856
19.1891
19.2965
19.4077
19.5228
19.6418
19.7649
19.8921
20.0234
20.1591
20.2991
20.4435
20.5926
20.7464
20.905
21.0686
21.2375
21.4117
21.5914
21.7769
21.9684
22.1661
22.3702
22.5809
22.7986
23.0235
23.2558
23.4958
23.7437
23.9998
24.2644
24.5376
24.8195
25.1102
25.4098
25.7184
26.0359
26.3624
26.6976
27.0415
27.3937
27.7541
28.1224
28.498
28.8805
29.2694
29.664
30.0637
30.468
30.8761
31.2874
31.7012
32.1169
32.5337
32.951
33.3682
33.7848
34.2
34.6136
35.0251
35.4342
35.8405
36.2439
36.6442
37.0417
37.4358
37.8274
38.2158
38.6025
38.9858
39.3694
39.7487
40.1319
40.5082
40.8953
41.2679
41.6666
42.0313
42.4549
42.7992
43.2738
43.5665
44.214
17.8861
17.9309
17.9788
18.03
18.0844
18.1421
18.2031
18.2676
18.3356
18.407
18.482
18.5607
18.6429
18.7289
18.8186
18.9121
19.0095
19.1108
19.2161
19.3254
19.4389
19.5565
19.6785
19.8049
19.9358
20.0713
20.2116
20.3567
20.507
20.6624
20.8232
20.9895
21.1617
21.3397
21.524
21.7147
21.912
22.1163
22.3277
22.5465
22.7731
23.0076
23.2504
23.5017
23.7618
24.0309
24.3093
24.5973
24.8949
25.2024
25.5198
25.8472
26.1847
26.5321
26.8894
27.2565
27.6332
28.019
28.4138
28.8171
29.2285
29.6474
30.0732
30.5052
30.9427
31.3851
31.8314
32.281
32.7331
33.1869
33.6415
34.0963
34.5504
35.0032
35.454
35.9023
36.3473
36.7889
37.2263
37.6595
38.0879
38.5119
38.9307
39.3452
39.7541
40.1597
40.5591
40.9571
41.3477
41.7408
42.1229
42.5153
42.8882
43.2873
43.6468
44.066
44.4006
44.8647
45.1469
45.7742
18.0051
18.0564
18.1108
18.1685
18.2295
18.2939
18.3616
18.4328
18.5075
18.5858
18.6676
18.7532
18.8425
18.9355
19.0324
19.1333
19.2381
19.347
19.4601
19.5774
19.699
19.8251
19.9559
20.0913
20.2316
20.3769
20.5274
20.6832
20.8446
21.0118
21.1849
21.3642
21.5499
21.7423
21.9416
22.1482
22.3623
22.5841
22.814
23.0523
23.2993
23.5553
23.8206
24.0955
24.3803
24.6752
24.9806
25.2965
25.6233
25.9611
26.3099
26.67
27.0411
27.4234
27.8166
28.2206
28.6352
29.0601
29.4947
29.9387
30.3916
30.8527
31.3214
31.7969
32.2784
32.7651
33.2561
33.7506
34.2476
34.7462
35.2454
35.7445
36.2425
36.7385
37.2318
37.7217
38.2074
38.6884
39.1639
39.634
40.0975
40.5552
41.0055
41.4501
41.8866
42.3183
42.7409
43.1609
43.5698
43.9805
44.3758
44.7817
45.1622
45.5708
45.9324
46.3572
46.6894
47.1544
47.4329
48.0558
18.2554
18.3199
18.3878
18.459
18.5335
18.6115
18.693
18.7779
18.8665
18.9586
19.0544
19.1539
19.2573
19.3645
19.4756
19.5908
19.71
19.8335
19.9612
20.0934
20.2301
20.3715
20.5178
20.669
20.8255
20.9873
21.1547
21.3278
21.507
21.6924
21.8844
22.0832
22.289
22.5022
22.723
22.9519
23.1891
23.4349
23.6898
23.954
24.2279
24.5118
24.8061
25.1112
25.4272
25.7545
26.0935
26.4442
26.807
27.1821
27.5694
27.9691
28.3812
28.8057
29.2423
29.6909
30.1512
30.6229
31.1054
31.5984
32.1011
32.6129
33.133
33.6607
34.1949
34.7349
35.2796
35.8279
36.3789
36.9315
37.4845
38.0371
38.5879
39.1364
39.6812
40.2217
40.7568
41.2861
41.8083
42.3238
42.8307
43.3304
43.8202
44.303
44.7748
45.2407
45.6938
46.1438
46.5781
47.0148
47.43
47.858
48.2528
48.6802
49.0506
49.4909
49.8274
50.3044
50.5857
51.2198
18.6874
18.7732
18.8625
18.9553
19.0515
19.1512
19.2546
19.3615
19.472
19.5862
19.7042
19.8259
19.9515
20.0811
20.2147
20.3524
20.4943
20.6405
20.7912
20.9465
21.1065
21.2715
21.4415
21.6169
21.7977
21.9843
22.1768
22.3756
22.5808
22.7929
23.012
23.2386
23.4729
23.7153
23.9662
24.2259
24.4948
24.7733
25.0617
25.3606
25.6702
25.9911
26.3234
26.6677
27.0242
27.3934
27.7755
28.1707
28.5794
29.0016
29.4376
29.8873
30.3509
30.8282
31.3191
31.8233
32.3406
32.8705
33.4125
33.9661
34.5305
35.1051
35.6889
36.2811
36.8806
37.4863
38.0972
38.712
39.3295
39.9487
40.568
41.1864
41.8026
42.4156
43.0238
43.6268
44.2227
44.8117
45.3915
45.9633
46.5239
47.0759
47.6149
48.1458
48.6617
49.1712
49.663
50.1522
50.6195
51.0912
51.5334
51.9928
52.4086
52.8643
53.2499
53.7164
54.0634
54.5642
54.855
55.5171
19.3881
19.5051
19.6257
19.7499
19.8777
20.0092
20.1443
20.2831
20.4257
20.572
20.7222
20.8762
21.0342
21.1963
21.3625
21.5329
21.7077
21.887
22.071
22.2597
22.4535
22.6524
22.8567
23.0666
23.2824
23.5044
23.7328
23.9679
24.2101
24.4597
24.7171
24.9826
25.2566
25.5396
25.8319
26.134
26.4463
26.7693
27.1034
27.4491
27.8069
28.1771
28.5602
28.9567
29.3669
29.7912
30.23
30.6836
31.1522
31.636
32.1353
32.65
33.1801
33.7257
34.2866
34.8624
35.4528
36.0575
36.6757
37.3069
37.9503
38.605
39.27
39.9443
40.6267
41.316
42.0108
42.71
43.4117
44.1151
44.818
45.5197
46.218
46.9124
47.6002
48.2818
48.954
49.618
50.2698
50.9122
51.5397
52.1575
52.7578
53.3493
53.9202
54.485
55.0253
55.5649
56.0738
56.5915
57.0683
57.5702
58.0138
58.5096
58.9169
59.422
59.7864
60.3246
60.6326
61.3429
20.5045
20.6655
20.8303
20.9989
21.1712
21.3474
21.5273
21.7111
21.8987
22.0903
22.2859
22.4854
22.6891
22.897
23.1093
23.3259
23.5472
23.7732
24.0041
24.2401
24.4814
24.7283
24.981
25.2398
25.5049
25.7768
26.0557
26.3419
26.636
26.9382
27.2491
27.569
27.8983
28.2377
28.5875
28.9484
29.3207
29.705
30.1018
30.5117
30.9352
31.3729
31.8251
32.2924
32.7753
33.2743
33.7896
34.3217
34.8708
35.4372
36.0212
36.6226
37.2417
37.8782
38.532
39.2029
39.8903
40.5939
41.3128
42.0465
42.7939
43.5541
44.3258
45.108
45.899
46.6978
47.5023
48.3115
49.123
49.9358
50.7473
51.557
52.3614
53.1609
53.9512
54.734
55.5038
56.2641
57.0075
57.7404
58.4527
59.1548
59.8322
60.5014
61.1413
61.7776
62.3783
62.9837
63.5444
64.1232
64.6436
65.2032
65.6827
66.2346
66.6715
67.2323
67.6227
68.2172
68.5531
69.3399
22.2905
22.5137
22.7408
22.972
23.2072
23.4463
23.6895
23.9367
24.1879
24.4433
24.7029
24.9668
25.2351
25.5078
25.7851
26.0672
26.3543
26.6464
26.9439
27.247
27.5558
27.8708
28.1921
28.5202
28.8553
29.198
29.5485
29.9073
30.2748
30.6516
31.0382
31.435
31.8426
32.2616
32.6926
33.1361
33.5928
34.0633
34.5482
35.0481
35.5637
36.0955
36.6442
37.2103
37.7943
38.3969
39.0184
39.6593
40.3199
41.0005
41.7013
42.4223
43.1637
43.9254
44.7069
45.5082
46.3285
47.1675
48.0241
48.8976
49.7868
50.6906
51.6073
52.536
53.4743
54.4212
55.3738
56.3315
57.2905
58.2506
59.2075
60.1616
61.1074
62.0471
62.9732
63.8904
64.7888
65.6764
66.5398
67.3922
68.2147
69.0279
69.8048
70.577
71.3053
72.0369
72.715
73.409
74.0364
74.6992
75.2762
75.9173
76.4449
77.0781
77.5571
78.2015
78.6323
79.3143
79.696
80.6073
25.209
25.5225
25.8402
26.1621
26.4883
26.8188
27.1536
27.4928
27.8363
28.1843
28.5368
28.894
29.256
29.6228
29.9947
30.3719
30.7545
31.1428
31.5371
31.9375
32.3446
32.7585
33.1797
33.6086
34.0456
34.4911
34.9458
35.41
35.8844
36.3695
36.866
37.3745
37.8956
38.4301
38.9786
39.5419
40.1207
40.7158
41.3279
41.9578
42.6061
43.2738
43.9613
44.6696
45.3991
46.1506
46.9245
47.7215
48.5418
49.3858
50.2538
51.1459
52.0621
53.0022
53.966
54.953
55.9625
56.994
58.0462
59.1182
60.2083
61.3156
62.4375
63.5731
64.7189
65.8745
67.0353
68.2015
69.367
70.5333
71.6926
72.8483
73.9902
75.1247
76.2381
77.3415
78.4162
79.48
80.507
81.5247
82.4967
83.4641
84.3759
85.2917
86.1401
87.0064
87.7902
88.6125
89.3323
90.1198
90.7779
91.5439
92.144
92.9062
93.4532
94.2346
94.7352
95.5657
96.0285
97.1571
30.1775
30.6289
31.085
31.5457
32.011
32.481
32.9556
33.4351
33.9193
34.4084
34.9026
35.4019
35.9065
36.4166
36.9323
37.454
37.9819
38.5163
39.0574
39.6058
40.1618
40.7257
41.2982
41.8797
42.4708
43.072
43.684
44.3076
44.9432
45.5918
46.2541
46.9309
47.6231
48.3315
49.0569
49.8004
50.5629
51.3452
52.1484
52.9734
53.8211
54.6924
55.5883
56.5095
57.457
58.4316
59.4338
60.4643
61.5236
62.6122
63.7303
64.8781
66.0555
67.2624
68.4983
69.7628
71.0547
72.3736
73.7174
75.0856
76.475
77.8854
79.3122
80.7557
82.2097
83.6753
85.1444
86.6196
88.0903
89.5616
91.0192
92.4726
93.9026
95.3244
96.7124
98.0905
99.4235
100.748
102.015
103.278
104.471
105.669
106.782
107.917
108.948
110.025
110.974
112.003
112.873
113.868
114.666
115.647
116.379
117.37
118.048
119.079
119.717
120.824
121.441
122.974
39.2223
39.9019
40.5864
41.2759
41.9703
42.6697
43.374
44.0835
44.7981
45.5179
46.2432
46.974
47.7106
48.4532
49.2021
49.9577
50.7201
51.49
52.2677
53.0537
53.8485
54.6529
55.4673
56.2926
57.1294
57.9786
58.8411
59.7177
60.6094
61.5173
62.4423
63.3856
64.3484
65.3317
66.3369
67.3651
68.4176
69.4957
70.6006
71.7337
72.8961
74.0893
75.3143
76.5723
77.8645
79.1919
80.5555
81.956
83.3942
84.8708
86.3858
87.9399
89.5325
91.1639
92.8329
94.5396
96.2818
98.0593
99.8686
101.71
103.578
105.473
107.387
109.323
111.271
113.232
115.195
117.166
119.125
121.086
123.022
124.954
126.848
128.733
130.565
132.389
134.144
135.894
137.559
139.23
140.796
142.386
143.85
145.365
146.727
148.176
149.44
150.842
152.014
153.393
154.482
155.864
156.882
158.301
159.26
160.756
161.672
163.292
164.187
166.433
57.4948
58.5917
59.6929
60.7982
61.9076
63.0211
64.1387
65.2605
66.3865
67.5169
68.6519
69.7917
70.9366
72.087
73.2432
74.4058
75.5753
76.7523
77.9376
79.1318
80.3358
81.5507
82.7773
84.0168
85.2704
86.5392
87.8247
89.1283
90.4515
91.7957
93.1628
94.5542
95.9719
97.4177
98.8933
100.401
101.942
103.519
105.133
106.788
108.483
110.223
112.008
113.84
115.721
117.653
119.637
121.674
123.766
125.914
128.117
130.378
132.694
135.067
137.495
139.977
142.511
145.097
147.728
150.406
153.122
155.876
158.658
161.471
164.297
167.145
169.991
172.847
175.685
178.524
181.326
184.12
186.859
189.585
192.237
194.875
197.422
199.958
202.385
204.814
207.112
209.434
211.603
213.826
215.866
218.004
219.92
221.991
223.787
225.816
227.496
229.511
231.074
233.11
234.554
236.653
237.972
240.193
241.38
244.318
100.652
102.605
104.555
106.501
108.444
110.384
112.32
114.253
116.182
118.109
120.033
121.955
123.876
125.797
127.718
129.64
131.565
133.494
135.429
137.371
139.321
141.282
143.256
145.245
147.252
149.278
151.327
153.401
155.503
157.637
159.805
162.01
164.257
166.548
168.887
171.278
173.723
176.228
178.795
181.428
184.131
186.907
189.759
192.692
195.707
198.808
201.998
205.278
208.651
212.118
215.679
219.336
223.088
226.934
230.872
234.9
239.014
243.21
247.482
251.826
256.231
260.694
265.201
269.747
274.317
278.906
283.494
288.08
292.64
297.176
301.659
306.099
310.46
314.76
318.958
323.078
327.076
330.985
334.753
338.421
341.934
345.341
348.578
351.704
354.65
357.476
360.112
362.629
364.95
367.155
369.138
371.034
372.668
374.272
375.549
376.902
377.817
378.992
379.511
380.742
228.144
231.997
235.806
239.57
243.29
246.968
250.605
254.202
257.761
261.284
264.775
268.235
271.667
275.075
278.462
281.833
285.191
288.541
291.888
295.237
298.592
301.96
305.347
308.758
312.2
315.679
319.202
322.776
326.408
330.105
333.875
337.724
341.661
345.691
349.824
354.065
358.423
362.903
367.514
372.259
377.149
382.185
387.375
392.722
398.232
403.905
409.747
415.755
421.935
428.279
434.792
441.462
448.293
455.267
462.387
469.63
476.995
484.454
492.006
499.613
507.273
514.942
522.618
530.247
537.828
545.302
552.667
559.859
566.878
573.657
580.184
586.425
592.353
597.922
603.122
607.907
612.277
616.184
619.644
622.605
625.1
627.075
628.579
629.556
630.075
629.976
629.594
628.65
627.548
625.52
623.725
620.849
618.52
614.881
612.211
607.894
605.104
600.203
597.414
591.096
729.079
736.253
743.232
750.029
756.656
763.129
769.459
775.661
781.75
787.74
793.645
799.481
805.263
811.007
816.727
822.439
828.16
833.905
839.689
845.53
851.441
857.439
863.539
869.756
876.105
882.598
889.251
896.074
903.082
910.283
917.689
925.308
933.148
941.215
949.516
958.05
966.824
975.832
985.078
994.552
1004.25
1014.17
1024.29
1034.59
1045.08
1055.71
1066.48
1077.35
1088.29
1099.27
1110.26
1121.2
1132.07
1142.8
1153.36
1163.66
1173.67
1183.31
1192.54
1201.24
1209.41
1216.91
1223.74
1229.74
1234.95
1239.19
1242.53
1244.75
1246.01
1245.79
1244.87
1242.81
1239.41
1234.82
1229.11
1222.24
1214.34
1205.37
1195.5
1184.68
1173.16
1160.83
1148.05
1134.61
1121
1106.84
1092.84
1078.35
1064.42
1049.94
1036.49
1022.26
1009.71
995.893
984.64
971.249
961.78
948.612
941.301
926.559
2946.59
2945.98
2944.78
2943.03
2940.74
2937.95
2934.68
2930.97
2926.84
2922.3
2917.38
2912.11
2906.49
2900.55
2894.3
2887.75
2880.91
2873.79
2866.4
2858.75
2850.83
2842.65
2834.21
2825.52
2816.55
2807.32
2797.81
2788.02
2777.94
2767.56
2756.86
2745.84
2734.48
2722.78
2710.7
2698.25
2685.4
2672.15
2658.47
2644.36
2629.8
2614.78
2599.29
2583.33
2566.88
2549.94
2532.52
2514.61
2496.22
2477.36
2458.05
2438.29
2418.13
2397.57
2376.67
2355.45
2333.98
2312.28
2290.44
2268.5
2246.54
2224.64
2202.87
2181.31
2160.05
2139.18
2118.79
2098.95
2079.75
2061.26
2043.57
2026.72
2010.77
1995.76
1981.73
1968.68
1956.62
1945.54
1935.42
1926.23
1917.91
1910.41
1903.66
1897.61
1892.17
1887.26
1882.82
1878.76
1875.01
1871.51
1868.17
1864.94
1861.75
1858.57
1855.31
1851.93
1848.45
1844.48
1841.28
1834.19
1180.71
275.013
275.013
275.013
275.013
275.013
275.013
275.013
275.013
275.013
275.013
275.013
275.013
385.336
518.536
617.864
702.038
775.743
841.509
900.784
954.439
1003.08
1047.2
1087.31
1123.91
1157.5
1188.56
1217.55
1244.84
1270.76
1295.55
1319.41
1342.49
1364.92
1386.78
1408.21
1429.33
1450.33
1471.35
1491.95
1512.29
1532.37
1552.18
1571.68
1590.84
1609.61
1627.94
1645.78
1663.07
1679.77
1695.81
1711.12
1725.64
1739.32
1752.08
1763.86
1774.59
1784.21
1792.68
1799.94
1805.96
1810.7
1814.13
1816.25
1817.04
1816.48
1814.59
1811.33
1806.69
1800.53
1793.93
1787.33
1779.38
1770.1
1759.75
1748.54
1736.63
1724.14
1711.15
1697.76
1684.06
1670.12
1656.03
1641.86
1627.67
1613.52
1599.46
1585.55
1571.82
1558.32
1545.07
1532.14
1519.53
1507.34
1495.53
1484.33
1473.63
1463.93
1455.47
1448.6
1180.71
628.993
367.188
265.056
217.306
190.789
193.627
222.648
291.393
350.074
421.083
460.512
494.154
541.366
580.781
610.497
628.264
632.393
634.037
634.334
633.91
633.688
633.668
634.558
636.098
638.402
641.314
644.742
648.543
652.601
656.809
661.096
665.419
669.779
674.226
678.874
683.924
689.74
696.836
703.424
710.018
716.46
722.784
728.964
734.991
740.848
746.518
751.983
757.225
762.222
766.953
771.4
775.557
779.37
782.819
785.875
788.516
790.719
792.469
793.75
794.49
794.75
794.563
793.815
792.542
790.747
788.434
785.615
782.319
778.638
774.669
770.392
765.737
760.705
755.334
749.671
743.74
737.664
731.435
725.079
718.616
712.062
705.433
698.752
692.041
685.32
678.608
671.916
665.269
658.656
652.136
645.62
639.293
632.815
626.815
620.168
614.766
607.38
602.783
591.223
1180.71
419.253
238.856
185.353
175.411
200.301
235.761
310.97
388.821
430.903
454.055
471.534
492.961
510.346
514.569
504.922
492.667
489.767
488.705
488.36
489.144
491.117
493.877
497.348
501.316
505.678
510.321
515.175
520.183
525.31
530.537
535.86
541.293
546.863
552.61
558.577
564.825
571.382
578.1
584.743
591.37
597.94
604.439
610.844
617.132
623.281
629.263
635.051
640.615
645.921
650.933
655.606
659.868
663.733
667.178
670.166
672.668
674.653
676.099
676.96
677.239
676.866
675.769
673.982
671.549
668.48
664.793
660.512
655.667
650.299
644.452
638.194
631.596
624.689
617.509
610.089
602.465
594.795
587.035
579.259
571.466
563.655
555.856
548.094
540.392
532.769
525.243
517.82
510.522
503.334
496.305
489.349
482.618
475.818
469.5
462.656
456.994
449.538
444.888
434.17
1180.71
333.317
224.092
207.463
221.065
265.924
323.045
372.216
403.729
425.207
439.813
447.019
448.671
439.09
433.603
427.682
424.904
424.282
425.178
427.655
431.472
436.428
442.232
448.661
455.501
462.606
469.868
477.222
484.631
492.089
499.586
507.126
514.732
522.43
530.25
538.222
546.321
554.485
562.648
570.754
578.8
586.764
594.625
602.357
609.93
617.313
624.471
631.369
637.968
644.225
650.097
655.54
660.518
664.976
668.864
672.127
674.729
676.619
677.771
678.153
677.779
676.593
674.528
671.657
667.985
663.536
658.341
652.434
645.858
638.668
630.903
622.643
613.999
605.027
595.781
586.296
576.639
566.585
556.476
546.467
536.512
526.625
516.857
507.241
497.799
488.548
479.504
470.671
462.065
453.672
445.526
437.561
429.917
422.32
415.236
407.766
401.465
393.521
388.585
377.875
1180.71
342.835
263.31
256.52
279.717
314.353
346.496
372.265
392.252
400.222
402.132
400.83
398.521
393.391
390.668
388.87
388.542
390.224
393.777
399.07
405.865
413.883
422.836
432.47
442.482
452.704
463.015
473.336
483.612
493.8
503.959
514.136
524.345
534.603
544.903
555.203
565.5
575.764
585.96
596.061
606.052
615.911
625.612
635.123
644.405
653.415
662.105
670.427
678.329
685.749
692.63
698.914
704.529
709.418
713.526
716.757
719.103
720.464
720.841
720.265
718.631
715.832
711.982
707.088
701.18
694.319
686.559
677.953
668.579
658.528
647.834
636.631
625.095
613.264
601.216
588.977
576.591
564.274
552.009
539.802
527.767
515.965
504.408
493.116
482.107
471.394
460.989
450.895
441.121
431.651
422.512
413.634
405.137
396.77
388.965
380.871
373.988
365.53
360.316
349.35
1180.71
363.93
291.482
285.846
302.555
322.558
343.589
358.943
364.592
367.412
369.885
370.624
370.232
368.708
368.237
368.811
371.279
375.732
382.126
390.345
400.161
411.269
423.284
435.822
448.887
462.302
475.903
489.561
503.191
516.767
530.251
543.617
556.853
569.95
582.906
595.737
608.438
620.991
633.372
645.556
657.523
669.244
680.688
691.814
702.575
712.916
722.769
732.078
740.78
748.788
756.03
762.451
767.929
772.422
775.884
778.13
779.272
779.081
777.848
775.131
771.083
765.762
759.154
751.303
742.285
732.217
721.169
709.213
696.481
683.094
669.05
654.507
639.621
624.578
609.48
594.513
579.837
565.404
551.173
537.122
523.341
509.895
496.816
484.126
471.839
459.963
448.501
437.449
426.808
416.556
406.712
397.201
388.131
379.254
370.987
362.491
355.254
346.478
341.107
329.99
1180.71
377.303
303.819
295.11
302.079
317.122
327.573
334.611
344.515
351.839
357.538
360.865
362.649
363.73
365.48
368.368
372.651
378.966
387.497
398.157
410.73
424.913
440.388
456.896
474.04
491.527
509.148
526.716
544.09
561.205
578.018
594.514
610.704
626.589
642.171
657.453
672.429
687.083
701.392
715.33
728.868
741.97
754.593
766.694
778.214
789.09
799.223
808.562
817.039
824.531
830.958
836.309
840.345
843.119
844.609
844.415
843.107
840.118
835.521
829.374
821.753
812.721
802.228
790.404
777.395
762.918
747.376
731.096
714.256
696.968
679.657
662.391
645.087
627.812
610.656
593.684
576.96
560.598
544.649
529.129
514.068
499.495
485.428
471.877
458.844
446.323
434.309
422.785
411.744
401.154
391.029
381.284
372.022
362.99
354.598
346.011
338.703
329.895
324.538
313.534
1180.71
384.226
305.433
293.611
294.82
306.918
321.191
334.866
347.049
356.482
363.674
368.484
371.911
374.993
378.921
384.327
391.817
401.663
413.921
428.476
445.093
463.446
483.157
503.901
525.256
546.82
568.295
589.5
610.331
630.71
650.587
669.935
688.744
707.012
724.737
741.917
758.539
774.59
790.048
804.876
819.042
832.499
845.187
857.074
868.079
878.152
887.119
894.996
901.708
907.052
910.992
913.623
914.419
913.782
911.711
907.495
901.699
894.225
884.932
873.948
861.123
846.274
830.079
812.778
794.48
775.926
756.963
737.556
717.811
697.869
677.808
657.793
637.986
618.499
599.422
580.822
562.746
545.249
528.366
512.11
496.489
481.504
467.149
453.413
440.283
427.738
415.76
404.32
393.403
382.966
373.018
363.468
354.413
345.597
337.423
329.069
321.973
313.431
308.26
297.674
1180.71
386.733
302.891
289.63
295.452
313.773
334.595
354.386
371.921
385.719
396.375
404.602
411.601
418.527
426.41
435.943
447.686
461.854
478.408
497.178
517.952
540.402
564.019
588.348
612.996
637.681
662.133
686.141
709.557
732.279
754.237
775.39
795.716
815.198
833.831
851.608
868.504
884.515
899.62
913.759
926.912
939.006
949.967
959.815
968.408
975.745
981.488
985.907
988.825
989.885
989.287
987.221
982.92
976.858
968.878
958.891
946.654
931.925
915.462
897.475
878.375
858.772
838.316
817.038
795.097
772.512
749.562
726.487
703.47
680.677
658.23
636.248
614.839
594.089
574.059
554.79
536.303
518.609
501.709
485.593
470.24
455.626
441.725
428.504
415.932
403.975
392.603
381.776
371.473
361.644
352.293
343.325
334.833
326.564
318.908
311.072
304.43
296.417
291.581
281.686
1180.71
386.578
303.46
296.296
319.551
357.226
394.632
427.333
454.12
474.781
490.685
503.527
514.861
525.997
537.941
551.393
566.857
584.7
604.632
626.41
649.693
674.11
699.393
725.183
751.116
776.881
802.205
826.865
850.691
873.559
895.382
916.106
935.695
954.111
971.353
987.402
1002.21
1015.81
1028.18
1039.19
1048.88
1057.12
1063.84
1069.2
1072.88
1074.99
1074.89
1073.57
1070.29
1064.94
1057.51
1048.11
1036.36
1021.59
1004.78
986.128
966.148
945.471
923.636
900.646
876.562
851.432
825.631
799.415
773.028
746.646
720.469
694.693
669.483
644.981
621.291
598.494
576.648
555.787
535.927
517.067
499.187
482.26
466.251
451.117
436.813
423.293
410.508
398.41
386.956
376.1
365.803
356.019
346.723
337.861
329.434
321.349
313.693
306.226
299.312
292.213
286.202
278.919
274.527
265.532
1389.87
395.194
318.955
347.319
415.78
490.323
555.619
607.745
647.193
675.89
696.794
713.234
727.3
740.533
754.061
768.599
784.519
801.784
820.565
840.771
862.173
884.46
907.338
930.48
953.565
976.296
998.413
1019.7
1039.97
1059.1
1076.97
1093.54
1108.73
1122.48
1134.8
1145.65
1154.94
1162.83
1169.19
1173.8
1176.88
1178.06
1177.52
1175.57
1171.41
1165.47
1157.36
1147.24
1134.91
1119.27
1101.4
1081.55
1060.11
1038
1014.57
989.75
963.518
935.877
907.218
877.818
847.928
817.751
787.553
757.583
728.079
699.239
671.233
644.206
618.272
593.515
569.984
547.706
526.68
506.887
488.291
470.844
454.489
439.161
424.794
411.322
398.679
386.798
375.62
365.087
355.145
345.744
336.84
328.387
320.357
312.696
305.405
298.396
291.75
285.244
279.215
272.99
267.721
261.294
257.414
249.447
1432.61
424.588
406.103
529.807
675.081
802.957
902.493
974.549
1024.69
1057.32
1077.83
1091.26
1100.4
1107.78
1114.8
1122.24
1130.5
1139.69
1149.91
1161.16
1173.33
1186.22
1199.58
1213.14
1226.64
1239.82
1252.44
1264.31
1275.21
1285.03
1293.6
1300.89
1306.74
1311.03
1313.91
1315.14
1314.72
1313.08
1309.56
1304.01
1297.01
1288.09
1277.2
1264.5
1249.05
1230.75
1210.34
1187.94
1164.06
1139.59
1113.79
1086.52
1057.75
1027.31
995.617
962.923
929.464
895.432
861.104
826.761
792.681
759.113
726.291
694.428
663.706
634.274
606.242
579.687
554.65
531.145
509.155
488.644
469.556
451.823
435.365
420.097
405.931
392.777
380.552
369.171
358.556
348.633
339.336
330.603
322.378
314.61
307.255
300.269
293.625
287.272
281.212
275.365
269.804
264.332
259.248
253.961
249.48
243.966
240.626
233.744
1180.71
551.219
755.736
1045.67
1287.22
1460.93
1574.21
1642.74
1678.54
1692.11
1691.56
1686.47
1675.48
1662.85
1649.62
1636.43
1623.76
1611.93
1601.17
1591.65
1583.35
1576.19
1569.97
1564.42
1559.4
1554.65
1549.92
1544.96
1539.54
1533.49
1526.57
1518.81
1509.72
1499.36
1488.07
1475.48
1461.34
1445.82
1428.77
1409.22
1387.2
1363.34
1337.85
1310.54
1282.78
1254.32
1224.63
1193.59
1161.14
1127.04
1091.67
1055.23
1017.94
979.914
941.408
902.686
864.025
825.686
787.932
751.017
715.176
680.618
647.515
616.009
586.2
558.156
531.905
507.445
484.745
463.751
444.387
426.569
410.195
395.166
381.372
368.709
357.072
346.362
336.485
327.353
318.885
311.007
303.654
296.764
290.285
284.167
278.372
272.857
267.598
262.551
257.718
253.03
248.549
244.107
239.963
235.612
231.914
227.313
224.51
218.707
1180.71
1293.26
1928.88
2362.28
2611.68
2727.08
2751.51
2738.55
2703.66
2650.99
2593.1
2534.29
2474.96
2416.03
2358.12
2301.78
2247.57
2195.97
2147.3
2101.7
2059.12
2019.36
1982.11
1947.1
1914.36
1883.33
1853.59
1824.77
1796.57
1768.68
1740.87
1713.06
1684.1
1654.22
1623.15
1591.22
1558.41
1524.87
1490.06
1455.9
1421.49
1386.34
1350.28
1313.32
1275.1
1235.7
1195.35
1154.17
1112.3
1069.81
1026.87
983.698
940.528
897.585
855.11
813.354
772.561
732.964
694.775
658.179
623.333
590.356
559.334
530.314
503.308
478.299
455.239
434.06
414.671
396.973
380.852
366.195
352.879
340.793
329.813
319.838
310.756
302.47
294.891
287.935
281.524
275.59
270.075
264.921
260.08
255.508
251.171
247.032
243.07
239.246
235.564
231.963
228.498
225.029
221.772
218.308
215.35
211.62
209.327
204.551
1180.71
4214.11
5093.04
5116.76
5017.83
4795.8
4556.82
4330.72
4123.49
3932.1
3754.77
3589.63
3434.93
3289.78
3153.71
3026.56
2908.09
2798.08
2696.02
2601.38
2513.53
2431.82
2355.59
2284.2
2216.7
2152.7
2091.79
2033.52
1977.52
1923.36
1870.89
1819.29
1770.05
1722.39
1675.55
1629.2
1583.11
1537.15
1491.26
1444.9
1398.2
1351.25
1304.06
1256.67
1209.06
1161.25
1113.35
1065.48
1017.8
970.468
923.656
877.561
832.392
788.357
745.66
704.492
665.029
627.422
591.794
558.238
526.811
497.54
470.418
445.412
422.46
401.483
382.381
365.047
349.361
335.204
322.448
310.976
300.663
291.404
283.08
275.599
268.856
262.767
257.254
252.238
247.653
243.44
239.548
235.923
232.527
229.32
226.273
223.354
220.544
217.81
215.157
212.531
209.98
207.392
204.938
202.284
200.001
197.069
195.245
191.417
)
;

boundaryField
{
    outlet
    {
        type            zeroGradient;
    }
    inlet
    {
        type            fixedValue;
        value           uniform 17.57;
    }
    lowerWall
    {
        beta1           0.075;
        blended         0;
        type            omegaWallFunction;
        value           nonuniform List<scalar> 
148
(
6119.65
8495.53
9975.17
10745.8
11095.1
11205.2
11181.5
11085.3
10953.1
10806.8
10658.4
10514.8
10379.1
10252.8
10136.1
10028.7
9930.07
9839.5
9756.25
9679.62
9608.96
9543.68
9483.23
9427.14
9374.99
9326.37
9280.96
9238.44
9198.4
9161.24
9122.77
9101.46
9003.06
1180.71
1180.71
1180.71
1180.71
1180.71
1180.71
1180.71
1180.71
1180.71
1180.71
1389.87
1432.61
1180.71
1180.71
1180.71
1180.71
275.013
275.013
275.013
275.013
275.013
275.013
275.013
275.013
275.013
275.013
275.013
275.013
385.336
518.536
617.864
702.038
775.743
841.509
900.784
954.439
1003.08
1047.2
1087.31
1123.91
1157.5
1188.56
1217.55
1244.84
1270.76
1295.55
1319.41
1342.49
1364.92
1386.78
1408.21
1429.33
1450.33
1471.35
1491.95
1512.29
1532.37
1552.18
1571.68
1590.84
1609.61
1627.94
1645.78
1663.07
1679.77
1695.81
1711.12
1725.64
1739.32
1752.08
1763.86
1774.59
1784.21
1792.68
1799.94
1805.96
1810.7
1814.13
1816.25
1817.04
1816.48
1814.59
1811.33
1806.69
1800.53
1793.93
1787.33
1779.38
1770.1
1759.75
1748.54
1736.63
1724.14
1711.15
1697.76
1684.06
1670.12
1656.03
1641.86
1627.67
1613.52
1599.46
1585.55
1571.82
1558.32
1545.07
1532.14
1519.53
1507.34
1495.53
1484.33
1473.63
1463.93
1455.47
1448.6
)
;
    }
    upperWall
    {
        beta1           0.075;
        blended         0;
        type            omegaWallFunction;
        value           nonuniform List<scalar> 
133
(
1672.14
1819.15
1960.96
2086.92
2197.23
2294.25
2379.79
2455.18
2521.53
2579.87
2631.09
2676.01
2715.34
2749.72
2779.71
2805.83
2828.53
2848.19
2865.19
2879.82
2892.37
2903.08
2912.17
2919.82
2926.22
2931.5
2935.79
2939.23
2941.89
2943.89
2945.3
2946.18
2946.62
2946.59
2945.98
2944.78
2943.03
2940.74
2937.95
2934.68
2930.97
2926.84
2922.3
2917.38
2912.11
2906.49
2900.55
2894.3
2887.75
2880.91
2873.79
2866.4
2858.75
2850.83
2842.65
2834.21
2825.52
2816.55
2807.32
2797.81
2788.02
2777.94
2767.56
2756.86
2745.84
2734.48
2722.78
2710.7
2698.25
2685.4
2672.15
2658.47
2644.36
2629.8
2614.78
2599.29
2583.33
2566.88
2549.94
2532.52
2514.61
2496.22
2477.36
2458.05
2438.29
2418.13
2397.57
2376.67
2355.45
2333.98
2312.28
2290.44
2268.5
2246.54
2224.64
2202.87
2181.31
2160.05
2139.18
2118.79
2098.95
2079.75
2061.26
2043.57
2026.72
2010.77
1995.76
1981.73
1968.68
1956.62
1945.54
1935.42
1926.23
1917.91
1910.41
1903.66
1897.61
1892.17
1887.26
1882.82
1878.76
1875.01
1871.51
1868.17
1864.94
1861.75
1858.57
1855.31
1851.93
1848.45
1844.48
1841.28
1834.19
)
;
    }
    frontAndBack
    {
        type            empty;
    }
}


// ************************************************************************* //
