/*--------------------------------*- C++ -*----------------------------------*\
  =========                 |
  \\      /  F ield         | OpenFOAM: The Open Source CFD Toolbox
   \\    /   O peration     | Website:  https://openfoam.org
    \\  /    A nd           | Version:  10
     \\/     M anipulation  |
\*---------------------------------------------------------------------------*/
FoamFile
{
    format      ascii;
    class       volScalarField;
    location    "0.18";
    object      k;
}
// * * * * * * * * * * * * * * * * * * * * * * * * * * * * * * * * * * * * * //

dimensions      [0 2 -2 0 0 0 0];

internalField   nonuniform List<scalar> 
6820
(
0.198344
0.194813
0.191223
0.187612
0.18403
0.180503
0.177043
0.173655
0.170343
0.167108
0.16395
0.160869
0.157866
0.154941
0.152092
0.149321
0.146625
0.144005
0.141459
0.138986
0.136585
0.134253
0.131985
0.129777
0.12762
0.125504
0.123414
0.121331
0.119218
0.117067
0.114664
0.11261
0.10756
0.200925
0.200902
0.200473
0.200012
0.199546
0.199066
0.198566
0.198042
0.197493
0.19692
0.196323
0.195705
0.195066
0.19441
0.193738
0.193053
0.192356
0.191649
0.190935
0.190216
0.189493
0.18877
0.188048
0.187331
0.186621
0.185922
0.185236
0.184568
0.183923
0.1833
0.182717
0.182103
0.181822
0.236739
0.0165858
0.00855744
0.0102984
0.00709674
0.0077334
0.00944351
0.0113661
0.013442
0.0155912
0.0177773
0.0199797
0.022183
0.0243754
0.0265478
0.0286927
0.0308047
0.0328796
0.0349149
0.0369097
0.0388646
0.0407826
0.0426689
0.0445317
0.0463831
0.0482395
0.0501239
0.0520665
0.0541092
0.0563068
0.0587336
0.061511
0.0646738
0.210792
0.147871
0.104756
0.0793752
0.0637247
0.0531454
0.0453569
0.0392539
0.0342634
0.030063
0.0264581
0.023324
0.0205765
0.018157
0.0160236
0.0141454
0.0124989
0.0110652
0.00982801
0.00877221
0.00788271
0.00714422
0.00654132
0.00605907
0.00568375
0.00540359
0.00520958
0.00509619
0.00506205
0.00511217
0.00525546
0.00552585
0.00592352
0.223411
0.0829059
0.0212525
0.00422348
0.000727039
0.000447717
0.0007427
0.001045
0.00129048
0.00149546
0.00167309
0.00182793
0.00196049
0.00207027
0.00215696
0.0022208
0.00226268
0.00228391
0.00228617
0.00227128
0.0022411
0.00219736
0.00214158
0.00207495
0.00199824
0.00191175
0.00181523
0.00170783
0.00158805
0.00145356
0.00130153
0.00112814
0.000927524
0.217071
0.114994
0.0546259
0.0309146
0.0216966
0.0172534
0.0141374
0.0112849
0.00849928
0.0059291
0.00380485
0.00225548
0.00125202
0.000665118
0.000348489
0.000187503
0.000108881
7.14828e-05
5.41044e-05
4.64589e-05
4.37798e-05
4.39631e-05
4.60354e-05
4.96801e-05
5.43408e-05
5.95377e-05
6.48157e-05
6.98168e-05
7.38215e-05
7.63567e-05
7.38894e-05
7.78697e-05
3.89438e-05
0.213555
0.132742
0.0677074
0.0365674
0.023407
0.017645
0.0147879
0.013176
0.0121672
0.0114832
0.0109922
0.0106277
0.0103528
0.0101441
0.00998208
0.00984621
0.00970937
0.0095326
0.00925942
0.00881623
0.00811828
0.00723756
0.00627044
0.00537978
0.0046774
0.00417125
0.003816
0.00356117
0.00336973
0.00321645
0.00308673
0.00296954
0.0028596
0.204425
0.178323
0.130085
0.0789461
0.0462931
0.0294984
0.0212248
0.0169904
0.0146736
0.0133225
0.0124993
0.0119891
0.0116766
0.0114937
0.0113963
0.0113516
0.0113304
0.0112993
0.0112109
0.0109734
0.0105089
0.0102058
0.0100336
0.0098996
0.00979203
0.0097136
0.00966709
0.00965003
0.009658
0.00968259
0.00971664
0.00975213
0.00978729
0.203137
0.184615
0.160071
0.1265
0.0918486
0.0652726
0.0476925
0.0367378
0.029973
0.0257087
0.0229339
0.0210707
0.0197834
0.018868
0.0181902
0.0176514
0.0171656
0.0166422
0.0159731
0.0150845
0.0141047
0.0136145
0.0134665
0.0134746
0.0135778
0.0137574
0.014004
0.014307
0.0146545
0.0150339
0.0154356
0.0158488
0.0162701
0.202518
0.187723
0.171929
0.155098
0.133275
0.108651
0.0857769
0.0675471
0.0543565
0.0452347
0.0389954
0.0346945
0.031677
0.0295063
0.0278864
0.0266046
0.0254928
0.0244097
0.0232637
0.0220986
0.0212135
0.02089
0.0209605
0.0212484
0.0216751
0.0222093
0.022833
0.0235314
0.0242887
0.0250893
0.0259216
0.0267704
0.0276315
0.202091
0.189879
0.176837
0.165327
0.153549
0.140587
0.126333
0.111554
0.0975432
0.0852531
0.0750318
0.066795
0.0602443
0.0550212
0.0507882
0.0472579
0.0442043
0.0414855
0.0390945
0.0372009
0.0360336
0.0355896
0.0356794
0.0361111
0.0367745
0.0376095
0.038582
0.0396626
0.0408238
0.0420397
0.0432914
0.0445541
0.0458191
0.201785
0.19142
0.180308
0.171108
0.163049
0.155498
0.147781
0.139268
0.129858
0.119938
0.110099
0.100883
0.0926241
0.0854346
0.0792658
0.0739935
0.0694886
0.0656782
0.0625889
0.0603188
0.0589104
0.0582199
0.0580435
0.0581434
0.0584428
0.0589152
0.0595392
0.0602858
0.0611263
0.0620319
0.0629816
0.0639474
0.0649144
0.201557
0.192573
0.182769
0.174743
0.168176
0.162757
0.157994
0.153273
0.148216
0.142702
0.136775
0.130588
0.124341
0.118217
0.112359
0.106863
0.101809
0.0972858
0.093395
0.0902222
0.0877594
0.0857761
0.0841598
0.0828434
0.0818279
0.0810962
0.0806127
0.0803363
0.080232
0.080268
0.0804218
0.0806624
0.0809625
0.201394
0.193399
0.184565
0.177327
0.17143
0.166446
0.162043
0.157921
0.153873
0.149787
0.145618
0.141368
0.137074
0.132791
0.128568
0.124441
0.120431
0.116555
0.112836
0.109311
0.106041
0.103027
0.100317
0.097961
0.0959784
0.0943545
0.0930555
0.092039
0.0912645
0.0906912
0.0902879
0.0900177
0.0898417
0.201276
0.193996
0.185808
0.178867
0.173073
0.168118
0.16384
0.160075
0.156643
0.153396
0.150222
0.147047
0.143827
0.140538
0.137165
0.133698
0.13013
0.126467
0.12274
0.119016
0.115389
0.111961
0.108821
0.106028
0.103604
0.101543
0.0998191
0.0983956
0.0972345
0.0962945
0.0955426
0.0949421
0.0944493
0.201197
0.194404
0.186556
0.179691
0.173881
0.168904
0.164606
0.16083
0.157417
0.154243
0.151211
0.148253
0.145312
0.142346
0.139315
0.136184
0.132928
0.129539
0.126037
0.12248
0.118949
0.115537
0.112329
0.109388
0.106749
0.104421
0.102398
0.100656
0.0991696
0.0979064
0.0968385
0.0959353
0.0951516
0.201151
0.194654
0.186931
0.180033
0.174124
0.169028
0.164607
0.160715
0.157208
0.153967
0.150895
0.147911
0.144948
0.141946
0.138858
0.135646
0.132294
0.128806
0.12522
0.121597
0.118017
0.114564
0.111308
0.108303
0.105577
0.103139
0.100985
0.0990966
0.0974518
0.0960233
0.0947855
0.0937144
0.0927658
0.201135
0.19476
0.187003
0.179957
0.173852
0.168548
0.16391
0.159787
0.156036
0.152539
0.149208
0.145968
0.14276
0.139532
0.136239
0.132852
0.129359
0.125768
0.122115
0.118453
0.114848
0.111367
0.108069
0.104997
0.102178
0.0996222
0.0973289
0.0952863
0.0934791
0.09188
0.090465
0.0892225
0.0881139
0.201148
0.194729
0.186774
0.179448
0.173038
0.167426
0.162475
0.158033
0.153952
0.150116
0.146434
0.142831
0.139249
0.135642
0.131977
0.128243
0.124441
0.120596
0.116746
0.112943
0.109241
0.105693
0.102343
0.0992225
0.0963513
0.0937365
0.091375
0.0892579
0.0873635
0.085656
0.0841165
0.0827534
0.0815497
0.201192
0.194555
0.186221
0.178472
0.171641
0.165627
0.160285
0.155451
0.150972
0.146725
0.142618
0.138581
0.134565
0.13054
0.126489
0.122411
0.11832
0.11424
0.110206
0.106259
0.102444
0.0988028
0.0953688
0.0921675
0.0892139
0.0865137
0.0840631
0.0818473
0.0798379
0.0780124
0.0763596
0.0748891
0.073598
0.20127
0.194225
0.185301
0.176964
0.169591
0.16308
0.157269
0.151975
0.147032
0.14231
0.137721
0.133202
0.128717
0.124248
0.119788
0.115347
0.11094
0.106595
0.102343
0.098224
0.094273
0.0905239
0.0870033
0.0837295
0.0807134
0.0779528
0.0754336
0.073138
0.0710505
0.0691581
0.0674492
0.0659277
0.0645922
0.201389
0.193705
0.183943
0.17483
0.166785
0.159685
0.153334
0.147517
0.142054
0.136816
0.131719
0.126713
0.121768
0.116873
0.112028
0.107244
0.10254
0.0979444
0.093487
0.0892007
0.0851167
0.0812619
0.0776564
0.0743146
0.0712373
0.0684129
0.0658302
0.0634794
0.0613502
0.0594289
0.0577011
0.0561625
0.054804
0.201561
0.192949
0.18204
0.171933
0.163076
0.155295
0.148338
0.141955
0.135952
0.130197
0.124612
0.119145
0.113772
0.108483
0.103283
0.0981851
0.0932127
0.0883932
0.083756
0.0793304
0.0751425
0.071214
0.0675583
0.0641807
0.0610736
0.0582299
0.0556427
0.0533026
0.0511964
0.0493073
0.047617
0.0461151
0.0447834
0.201807
0.191866
0.179409
0.168038
0.158209
0.149661
0.142061
0.135106
0.128574
0.122323
0.116271
0.110369
0.104594
0.0989424
0.0934224
0.0880529
0.0828589
0.0778683
0.0731084
0.0686041
0.0643765
0.0604389
0.0567928
0.0534379
0.0503718
0.0475888
0.0450788
0.0428275
0.0408175
0.0390284
0.0374393
0.0360343
0.0347894
0.20217
0.190277
0.175728
0.162805
0.151907
0.142596
0.134402
0.126937
0.119942
0.113262
0.106813
0.10055
0.0944537
0.0885243
0.0827744
0.0772261
0.071906
0.0668413
0.0620569
0.0575713
0.0533986
0.0495444
0.0460077
0.0427866
0.039876
0.0372642
0.0349346
0.0328679
0.0310426
0.0294357
0.0280237
0.026787
0.025698
0.202699
0.18794
0.170617
0.155847
0.143805
0.13375
0.125003
0.117073
0.109658
0.102596
0.0958078
0.0892553
0.0829258
0.0768229
0.0709628
0.0653694
0.060069
0.0550861
0.0504385
0.0461333
0.0421765
0.0385706
0.0353122
0.0323936
0.0298023
0.0275196
0.0255226
0.0237864
0.0222851
0.0209922
0.019882
0.018933
0.0181178
0.203472
0.184518
0.163609
0.146788
0.133687
0.123059
0.113941
0.105712
0.0980329
0.0907432
0.083775
0.0771023
0.0707189
0.064631
0.0588555
0.0534133
0.0483286
0.0436219
0.0393049
0.0353806
0.0318488
0.0287037
0.0259328
0.0235204
0.0214473
0.019689
0.0182172
0.0170017
0.0160117
0.0152177
0.014591
0.0141063
0.0137362
0.204625
0.179387
0.153862
0.134809
0.120757
0.10971
0.100359
0.0919666
0.0841728
0.0768327
0.0698977
0.0633528
0.0571933
0.0514213
0.046045
0.0410749
0.0365292
0.0324244
0.0287692
0.025564
0.0228015
0.0204645
0.0185287
0.0169663
0.0157466
0.0148348
0.0141929
0.0137812
0.0135609
0.013495
0.0135499
0.0136961
0.01391
0.206331
0.171736
0.140799
0.119872
0.105413
0.0944165
0.0852195
0.0770009
0.0694157
0.0623492
0.0557798
0.0497095
0.0441356
0.0390523
0.0344568
0.0303538
0.0267551
0.0236698
0.0210992
0.019035
0.0174575
0.016332
0.0156122
0.0152454
0.0151775
0.0153544
0.0157229
0.0162317
0.016835
0.017494
0.0181781
0.0188643
0.0195423
0.208861
0.16016
0.123053
0.100694
0.0863572
0.0758919
0.0673223
0.0597867
0.0529532
0.0467317
0.0411188
0.0361252
0.0317466
0.0279677
0.0247719
0.0221461
0.020078
0.0185484
0.0175277
0.0169758
0.01684
0.0170545
0.0175453
0.0182359
0.0190579
0.0199575
0.020894
0.0218353
0.0227567
0.0236405
0.0244755
0.0252566
0.025989
0.212419
0.143445
0.101154
0.0787438
0.0654577
0.0563761
0.0493493
0.0434047
0.0381699
0.0335892
0.0296952
0.0265052
0.0240008
0.0221391
0.0208657
0.0201212
0.0198377
0.0199354
0.0203299
0.0209385
0.0216882
0.0225264
0.0234166
0.0243271
0.0252302
0.0261073
0.0269498
0.0277555
0.0285246
0.0292574
0.0299541
0.0306148
0.0312438
0.216515
0.123104
0.0774567
0.0562443
0.0449657
0.0383582
0.0340067
0.0306083
0.0276808
0.0252087
0.0232698
0.0218747
0.0209666
0.0204572
0.0202509
0.0202538
0.0203763
0.0205465
0.0207184
0.0208629
0.0209673
0.0210458
0.0211272
0.0212338
0.0213747
0.0215506
0.0217606
0.0220043
0.0222803
0.0225869
0.0229234
0.0232893
0.0236838
0.221153
0.0969408
0.0510037
0.0350051
0.0284102
0.0247373
0.0221613
0.0202839
0.0189965
0.0181688
0.0176526
0.0173271
0.0171057
0.016924
0.0167324
0.0164961
0.0162024
0.0158679
0.0155246
0.0152
0.014913
0.0146786
0.0145076
0.0144063
0.0143779
0.0144234
0.0145416
0.0147252
0.014961
0.0152354
0.0155393
0.015866
0.0162116
0.225357
0.0734875
0.0275005
0.0152244
0.0118574
0.0106006
0.00985304
0.00939508
0.00919578
0.009166
0.00921105
0.00927751
0.00934317
0.00939457
0.00941858
0.00940416
0.00934625
0.00924817
0.00911959
0.00897253
0.00881939
0.00867136
0.00853792
0.00842769
0.00834806
0.0083025
0.00829018
0.0083063
0.00834543
0.00840363
0.00847789
0.00856546
0.00866367
0.226713
0.0665759
0.0206798
0.00893745
0.00589643
0.00506116
0.00485388
0.00486802
0.00496405
0.00508227
0.00520056
0.00531364
0.0054182
0.00550872
0.00557952
0.00562706
0.00564985
0.00564804
0.00562454
0.00558468
0.00553517
0.00548299
0.0054346
0.00539587
0.00536974
0.00535403
0.00534563
0.00534303
0.00534544
0.00535214
0.00536233
0.00537511
0.00539022
0.223949
0.0786162
0.0317683
0.0179734
0.0133046
0.0111597
0.00976817
0.00862887
0.00758947
0.00661285
0.00570013
0.00486386
0.00411412
0.00345549
0.00288766
0.00240663
0.00200546
0.00167526
0.00140688
0.00119144
0.00102065
0.000887213
0.0007849
0.00070841
0.000653354
0.000616303
0.000594417
0.000585253
0.000586821
0.000597515
0.000616084
0.000641338
0.000673841
0.213027
0.135552
0.0897746
0.06578
0.0525779
0.0445968
0.0393089
0.0355378
0.0327054
0.0304895
0.0287071
0.0272405
0.0260096
0.0249584
0.0240487
0.0232529
0.0225494
0.0219213
0.0213552
0.0208407
0.0203691
0.0199336
0.0195284
0.0191492
0.0187923
0.0184546
0.0181333
0.0178257
0.0175295
0.0172433
0.0169647
0.0166956
0.0164228
0.240245
0.00048678
0.0366666
0.033219
0.000660558
0.000110742
0.00565852
0.00131448
0.0147045
0.00218465
0.0265421
0.000673797
0.00100438
0.00102728
0.000873695
0.000798856
0.000859128
0.000964419
0.00106756
0.00117672
0.00129992
0.00143432
0.00157845
0.00173567
0.00191036
0.00210506
0.00232014
0.00255443
0.0028064
0.00307513
0.00336064
0.00366415
0.00398602
0.200085
0.19995
0.199768
0.199594
0.199435
0.199287
0.199148
0.199015
0.198888
0.198765
0.198648
0.198536
0.19843
0.198329
0.198233
0.198144
0.198062
0.197987
0.19792
0.197861
0.197811
0.19777
0.197738
0.197716
0.197705
0.197705
0.197716
0.197739
0.197773
0.19782
0.197877
0.19795
0.19802
0.199875
0.199564
0.199225
0.198872
0.198512
0.19815
0.19779
0.197432
0.197077
0.196726
0.196378
0.196033
0.195691
0.195352
0.195014
0.194678
0.194342
0.194008
0.193672
0.193337
0.192999
0.19266
0.192319
0.191974
0.191626
0.191274
0.190917
0.190554
0.190186
0.189811
0.18943
0.189041
0.188645
0.114224
0.136102
0.146076
0.148549
0.149198
0.148845
0.147001
0.139671
0.122539
0.101118
0.0826755
0.0701332
0.0630008
0.0595496
0.0581198
0.0576255
0.0575767
0.0583018
0.0653351
0.0859364
0.113455
0.122223
0.0955686
0.0511878
0.0191425
0.0146274
0.0321913
0.0561837
0.0742785
0.082421
0.0827225
0.0794015
0.075817
0.073393
0.0719581
0.0707896
0.0697839
0.0701481
0.0740526
0.0832528
0.0977899
0.115842
0.133274
0.142222
0.134964
0.114358
0.0941207
0.0825234
0.0739164
0.0644845
0.0640223
0.0833168
0.117736
0.14921
0.165142
0.167319
0.163934
0.159921
0.155032
0.14787
0.147612
0.17937
0.263929
0.374918
0.425237
0.39252
0.321778
0.249002
0.186091
0.139119
0.110903
0.0938803
0.087209
0.111584
0.163179
0.18592
0.158045
0.143901
0.189426
0.262481
0.313463
0.323043
0.300703
0.258491
0.205121
0.152531
0.111569
0.0855704
0.0729315
0.0701378
0.0717592
0.0722541
0.0694535
0.0649978
0.061441
0.058097
0.0518341
0.0428991
0.0618372
0.0827494
0.179585
0.176901
0.176508
0.176297
0.176051
0.175865
0.175655
0.174667
0.169598
0.156216
0.135136
0.112605
0.0942099
0.0817633
0.0746859
0.0719992
0.0727777
0.0816405
0.100877
0.12296
0.128223
0.102499
0.0587319
0.0227635
0.0107931
0.0223928
0.0453109
0.0664928
0.0789132
0.0821875
0.0797949
0.0757915
0.0727696
0.0713849
0.0709195
0.0703052
0.069221
0.0688054
0.0714133
0.0792574
0.0928549
0.110669
0.129096
0.141083
0.138076
0.119792
0.098248
0.0842064
0.0749824
0.0660187
0.0652508
0.0835611
0.117577
0.149438
0.165468
0.166956
0.16262
0.157923
0.15262
0.145911
0.149118
0.186371
0.274209
0.375247
0.412184
0.374173
0.305138
0.235651
0.17609
0.132653
0.1072
0.0921435
0.0833498
0.0995424
0.149248
0.185498
0.169496
0.142207
0.15755
0.207451
0.249355
0.261599
0.247924
0.215342
0.1723
0.131203
0.100667
0.0814571
0.0714242
0.0684902
0.0692791
0.069459
0.0669853
0.0632688
0.0606725
0.0587041
0.0543985
0.0469456
0.0659942
0.081313
0.0695906
0.0750995
0.0800993
0.0845758
0.0891787
0.0954285
0.105119
0.118748
0.134527
0.148154
0.154736
0.15237
0.143515
0.132854
0.124499
0.120736
0.123815
0.131775
0.137948
0.129659
0.0997064
0.0580775
0.023354
0.00842194
0.0152583
0.0356945
0.0581729
0.074185
0.0808726
0.0801711
0.0761036
0.0722028
0.0702184
0.0700981
0.0706782
0.0706312
0.0694599
0.0682197
0.0694015
0.0756545
0.0880362
0.105339
0.124362
0.138889
0.140141
0.125031
0.103071
0.0865782
0.0762242
0.0675107
0.0663764
0.0835301
0.116919
0.149131
0.165389
0.166286
0.161015
0.155643
0.150021
0.144255
0.151179
0.193158
0.281164
0.370128
0.394952
0.353834
0.287996
0.222259
0.166383
0.126873
0.104329
0.0914013
0.0817726
0.0904851
0.134521
0.179775
0.178429
0.148437
0.14103
0.166639
0.195983
0.208313
0.201068
0.17695
0.144318
0.114642
0.0934915
0.0795425
0.0707852
0.066847
0.066378
0.0661421
0.0640059
0.060995
0.0592747
0.0586619
0.0567987
0.0519414
0.070065
0.0795164
0.00674459
0.00811251
0.00978943
0.0117461
0.0142038
0.0178832
0.0241823
0.0349283
0.0513187
0.0724794
0.0949812
0.114399
0.12782
0.135084
0.137907
0.138859
0.137298
0.129222
0.110274
0.0796633
0.0452177
0.0179856
0.00581808
0.01089
0.0286575
0.0506783
0.0688563
0.0786824
0.0802244
0.0767015
0.072037
0.0689788
0.0684256
0.0697182
0.0713641
0.0718664
0.0705926
0.0684951
0.0681398
0.0725687
0.0834293
0.0999269
0.119176
0.135724
0.141044
0.129767
0.108388
0.0897085
0.077766
0.0689812
0.0673976
0.0832201
0.115735
0.148247
0.164892
0.165339
0.15916
0.153105
0.147293
0.142969
0.153599
0.199196
0.284113
0.360086
0.374404
0.33267
0.271053
0.209204
0.157298
0.121908
0.102269
0.0914181
0.0819777
0.0846076
0.120788
0.170393
0.183133
0.157639
0.136781
0.141611
0.157302
0.166742
0.162875
0.14575
0.123112
0.103835
0.0901996
0.0796367
0.070861
0.0652112
0.0631537
0.0624262
0.0606813
0.0583703
0.0574061
0.0578649
0.058192
0.0565345
0.0728858
0.0768156
0.00068807
0.00018218
0.000252658
0.000396052
0.000197514
0.000105759
0.000354288
0.0014258
0.0048288
0.0124519
0.0249779
0.0408421
0.0569083
0.0700864
0.0783381
0.0803802
0.0748076
0.0615676
0.042238
0.0229971
0.00842946
0.002862
0.00886688
0.0246432
0.0451146
0.0639044
0.0759854
0.0798272
0.0773898
0.0723509
0.068089
0.0664636
0.0675989
0.0703547
0.073025
0.0740296
0.0726398
0.0696831
0.0677261
0.0701332
0.0791624
0.0945347
0.113653
0.131696
0.140719
0.133724
0.11396
0.0936155
0.0797412
0.0704749
0.0683171
0.0826342
0.114005
0.146738
0.163956
0.164144
0.157101
0.150341
0.144517
0.142041
0.156142
0.20394
0.282962
0.345806
0.351914
0.311659
0.254609
0.19662
0.14902
0.117839
0.100927
0.0919395
0.0834209
0.0816639
0.109333
0.158978
0.183345
0.165897
0.14005
0.130268
0.13346
0.137747
0.134693
0.123316
0.109575
0.0986465
0.0901192
0.0811381
0.0714006
0.063641
0.0597949
0.0584856
0.0571712
0.0555735
0.0552789
0.0565155
0.0583957
0.059557
0.073665
0.0731308
2.71604e-05
0.000121591
0.000163123
9.39703e-05
0.000372028
0.000319188
0.000351164
0.000309594
0.000291954
0.000200535
0.00119501
0.00394794
0.00854032
0.0137022
0.017417
0.0175095
0.0144622
0.00925191
0.00312316
0.00185875
0.00332358
0.00989906
0.0237241
0.0421976
0.0603673
0.0734786
0.0791001
0.0779564
0.0730019
0.0677237
0.064708
0.0649433
0.0678961
0.0720733
0.0756676
0.0770985
0.0755809
0.0717956
0.0682276
0.0684676
0.0753679
0.0892703
0.107902
0.126931
0.139165
0.136671
0.11951
0.0982558
0.0822828
0.0720706
0.0691478
0.0817833
0.111717
0.144555
0.162552
0.16273
0.15489
0.147395
0.14177
0.141392
0.158531
0.206885
0.278002
0.32841
0.328821
0.291408
0.238752
0.184618
0.141677
0.114695
0.100191
0.0927784
0.0856458
0.0811815
0.100772
0.147152
0.179768
0.170329
0.145751
0.128448
0.122119
0.120629
0.117107
0.110334
0.103471
0.0980867
0.0922316
0.0834545
0.0722778
0.0622986
0.056544
0.0544966
0.0535736
0.0527121
0.0530393
0.0548367
0.0576604
0.060638
0.0722894
0.0686306
0.00273516
0.00258884
0.00242299
0.00225338
0.00208336
0.00189032
0.0016585
0.00137801
0.00107332
0.000392723
0.00122009
0.000862207
0.000137895
0.000184627
0.000569893
0.000888017
0.000903818
0.000952836
0.00213435
0.00570246
0.0134757
0.0261616
0.0424679
0.0590777
0.0719461
0.0784075
0.0783252
0.0737615
0.0678285
0.063428
0.0623
0.064651
0.0694163
0.0748776
0.0792361
0.0809911
0.0793399
0.074795
0.0696726
0.067672
0.0721836
0.0842566
0.102039
0.12157
0.136438
0.138418
0.124729
0.103513
0.085508
0.0738845
0.0699286
0.0806893
0.10887
0.141644
0.160633
0.16112
0.152588
0.144329
0.13909
0.140893
0.160475
0.207702
0.269786
0.30922
0.30623
0.272223
0.223483
0.173332
0.135299
0.112393
0.0999055
0.0938034
0.0882595
0.0826288
0.0952082
0.136277
0.173743
0.17064
0.150009
0.131302
0.119722
0.113708
0.109522
0.105889
0.103169
0.100455
0.0953815
0.0860919
0.0734699
0.0613911
0.0536482
0.0506271
0.0499424
0.0498382
0.05075
0.0529523
0.0562129
0.0599031
0.0691858
0.0636244
0.00981792
0.00981801
0.00975233
0.0096207
0.00941847
0.00911946
0.00869255
0.00811596
0.00740622
0.00653625
0.00566784
0.00492272
0.00423214
0.00378223
0.00372751
0.00425286
0.00554908
0.00813954
0.0129031
0.0208112
0.032283
0.0463942
0.0606782
0.0720364
0.0781811
0.0785683
0.0744314
0.0682023
0.0626596
0.0600107
0.061197
0.065743
0.0721793
0.0786945
0.0836072
0.085568
0.0837888
0.0785938
0.0720442
0.0678162
0.0697428
0.0796304
0.096181
0.115755
0.13264
0.138829
0.129292
0.109187
0.0894967
0.0760659
0.0707334
0.0793957
0.105478
0.137953
0.158138
0.159325
0.150246
0.14125
0.136549
0.140385
0.161695
0.206319
0.259107
0.289513
0.28491
0.254144
0.208771
0.162887
0.129807
0.110746
0.09993
0.094925
0.0909658
0.0853582
0.0924272
0.127264
0.166628
0.169003
0.151848
0.134597
0.121954
0.113967
0.10946
0.107255
0.106019
0.103844
0.0985831
0.0887375
0.0750182
0.0611028
0.0513086
0.0470172
0.0463141
0.0469475
0.0484502
0.0508973
0.0542161
0.0578236
0.065002
0.0584044
0.0167522
0.0172754
0.0177313
0.0181005
0.0183745
0.0185265
0.0185136
0.0182965
0.0178628
0.0172495
0.0165314
0.0158384
0.0153569
0.0152701
0.0158229
0.0173583
0.0203157
0.025228
0.0325836
0.0423901
0.0537833
0.0649865
0.073845
0.0786612
0.0788087
0.0748969
0.0686023
0.0622616
0.0581991
0.05793
0.0616422
0.0682778
0.0761078
0.0833685
0.0885945
0.0906418
0.0887573
0.0830599
0.0752788
0.0689308
0.0681626
0.0755379
0.0904593
0.109635
0.127915
0.137841
0.132877
0.114994
0.0942633
0.0787854
0.0716808
0.0779762
0.101583
0.133431
0.154957
0.157311
0.147988
0.138356
0.134141
0.139683
0.161941
0.202898
0.246896
0.27034
0.265207
0.236981
0.194597
0.153297
0.125112
0.109537
0.100142
0.0960764
0.0935997
0.0887958
0.0920241
0.120549
0.159386
0.167227
0.152525
0.136294
0.124649
0.117078
0.112769
0.110703
0.109284
0.106718
0.101204
0.0912222
0.0769329
0.0615182
0.0496457
0.0437744
0.0427375
0.0440149
0.0461889
0.0487763
0.0517996
0.0548408
0.060267
0.0531798
0.0286196
0.029714
0.030727
0.0316236
0.0323908
0.0330059
0.0334335
0.0336434
0.0336336
0.0334508
0.0331932
0.0330168
0.0331337
0.0337889
0.0352991
0.0380587
0.0423512
0.0482826
0.0556328
0.063677
0.0712404
0.0769769
0.0797727
0.0790785
0.0750877
0.0688076
0.0619965
0.0568
0.0550506
0.057544
0.0637584
0.0721888
0.0810184
0.0886695
0.0939665
0.0959966
0.094049
0.0880276
0.0792685
0.0710008
0.0675313
0.0721261
0.0850145
0.103356
0.122432
0.135473
0.135198
0.120576
0.099728
0.0822098
0.0729382
0.0765547
0.0972472
0.128041
0.151034
0.155118
0.145976
0.135768
0.131825
0.138594
0.161007
0.197742
0.234028
0.252363
0.247023
0.220397
0.180936
0.144447
0.121038
0.108542
0.100442
0.0972227
0.0960604
0.0925035
0.0934028
0.116229
0.152634
0.16529
0.153123
0.136635
0.125464
0.119043
0.11537
0.113119
0.11115
0.108273
0.102952
0.0934121
0.0791122
0.0625877
0.048695
0.0409861
0.0392852
0.0410442
0.0439599
0.0466914
0.0491549
0.0513004
0.0553243
0.0480507
0.047262
0.0488472
0.0503128
0.0516122
0.0527333
0.0536675
0.0543987
0.0549155
0.0552314
0.0554019
0.0555331
0.0557823
0.0563456
0.0574513
0.0593162
0.0620095
0.0655091
0.069617
0.0739092
0.0777316
0.080317
0.0809549
0.0791708
0.0748944
0.0686356
0.0616096
0.0556248
0.0525786
0.0537123
0.0590664
0.0675067
0.0772701
0.0866351
0.0943203
0.0994745
0.101412
0.0994622
0.0933118
0.0838691
0.0739635
0.0678978
0.0695309
0.0799976
0.0970676
0.116379
0.131823
0.136039
0.125524
0.105692
0.0864666
0.0747136
0.0753172
0.0926137
0.121824
0.146254
0.152667
0.144297
0.133601
0.129573
0.136938
0.158752
0.191181
0.221122
0.235733
0.229861
0.204003
0.167747
0.136329
0.117513
0.107521
0.100755
0.09838
0.0983128
0.0961766
0.0960129
0.114109
0.146863
0.162575
0.153177
0.135843
0.123835
0.118061
0.115261
0.113205
0.111081
0.108351
0.103714
0.0951178
0.0813271
0.0641465
0.0484279
0.0387336
0.0360564
0.038082
0.0417305
0.0447113
0.0465393
0.0475365
0.0503841
0.0430631
0.0660426
0.067276
0.0684017
0.069387
0.0702371
0.0709699
0.071597
0.072124
0.072561
0.0729344
0.0732961
0.0737251
0.0743195
0.0751754
0.0763421
0.0778048
0.0794478
0.0810387
0.0822232
0.0825488
0.0815431
0.078819
0.0742122
0.0679603
0.0608868
0.0544402
0.0504007
0.050249
0.0545105
0.0625049
0.0726664
0.0831958
0.0926262
0.100034
0.104885
0.106691
0.104809
0.0987253
0.088911
0.077712
0.0692633
0.0678634
0.0755639
0.0909204
0.109942
0.12706
0.135284
0.129417
0.111827
0.0915979
0.0772376
0.0744896
0.0879224
0.114859
0.140465
0.149785
0.142967
0.131979
0.127413
0.134587
0.1551
0.183465
0.208394
0.220052
0.212932
0.187475
0.155121
0.129152
0.114262
0.10624
0.10108
0.0996206
0.10038
0.0996454
0.09944
0.113862
0.142322
0.158614
0.151993
0.133839
0.120202
0.114469
0.112615
0.111188
0.109335
0.107071
0.103399
0.0960895
0.0832778
0.0659665
0.0487725
0.037089
0.0331702
0.0352021
0.0394945
0.0428059
0.0440918
0.0438946
0.0455725
0.0382397
0.0814241
0.0819808
0.0825097
0.082977
0.0833778
0.0837212
0.084015
0.0842625
0.0844666
0.084635
0.0847834
0.0849328
0.0851066
0.0853039
0.085495
0.0856052
0.0854913
0.0849453
0.0836981
0.0814461
0.0779139
0.0729509
0.0666772
0.0596599
0.0530261
0.0483371
0.0471265
0.0502627
0.0575164
0.0676334
0.0788597
0.0895692
0.0986545
0.105555
0.110006
0.111672
0.109931
0.104094
0.0942143
0.082103
0.0715789
0.0671973
0.0718641
0.0850705
0.103307
0.121398
0.132933
0.131876
0.117686
0.0975089
0.0807252
0.0743531
0.0834539
0.107301
0.133525
0.14619
0.141888
0.131028
0.125466
0.131525
0.150036
0.174659
0.195587
0.204445
0.195382
0.170842
0.143606
0.123003
0.110926
0.104564
0.101509
0.101054
0.10232
0.102852
0.103403
0.115184
0.139213
0.154234
0.149855
0.131444
0.115984
0.109627
0.108371
0.107641
0.106226
0.104518
0.101895
0.096082
0.0846689
0.0678
0.0496191
0.0360969
0.0307448
0.0324944
0.0372708
0.0409247
0.0417846
0.04043
0.0409168
0.0336184
0.0898201
0.0898846
0.0899823
0.0900799
0.0901614
0.0902215
0.0902543
0.0902499
0.090195
0.090076
0.0898792
0.0895892
0.0891804
0.0886198
0.0878494
0.0867702
0.0852343
0.0830623
0.0800535
0.0760216
0.0708609
0.0646526
0.0578133
0.0512249
0.0462134
0.0442442
0.0463774
0.0527623
0.0625073
0.0740226
0.0856155
0.0959881
0.104427
0.110687
0.114703
0.116247
0.114713
0.109271
0.099603
0.0869692
0.0747486
0.0675589
0.0690306
0.079677
0.0966442
0.115075
0.12912
0.132627
0.122749
0.10393
0.0853176
0.0752263
0.0795649
0.0994188
0.125349
0.141491
0.140785
0.130828
0.123993
0.12795
0.143646
0.164646
0.182052
0.187789
0.176781
0.154946
0.133852
0.117728
0.107146
0.102526
0.102218
0.102809
0.104187
0.105787
0.107695
0.117794
0.137731
0.150983
0.147687
0.129573
0.112524
0.104773
0.103272
0.102889
0.101859
0.100684
0.0991023
0.0949092
0.0852484
0.0693953
0.0508125
0.0357507
0.0288746
0.0300533
0.0350943
0.0390459
0.0395553
0.0370998
0.0364207
0.0292271
0.0940895
0.093794
0.0935592
0.0933522
0.0931497
0.0929353
0.0926925
0.0924
0.0920324
0.0915603
0.0909505
0.090166
0.0891544
0.0878502
0.0861702
0.0840094
0.0812401
0.077732
0.0733693
0.0680953
0.0619896
0.0553843
0.0489866
0.043909
0.0414823
0.0428269
0.0483596
0.0575342
0.0690053
0.0811212
0.0924542
0.102108
0.109728
0.115308
0.118906
0.120358
0.119077
0.11414
0.104918
0.0921329
0.0786368
0.0689218
0.067163
0.0748983
0.0901215
0.108329
0.12408
0.131554
0.126491
0.110406
0.0910105
0.077423
0.0766888
0.0916272
0.115994
0.135233
0.139132
0.131305
0.123373
0.12437
0.136271
0.153345
0.167073
0.169352
0.157911
0.141249
0.126046
0.112587
0.10267
0.100371
0.103407
0.105055
0.106035
0.108422
0.11211
0.121431
0.137887
0.149061
0.145656
0.127932
0.109608
0.100033
0.0975687
0.0970824
0.0962596
0.095538
0.0949552
0.0924415
0.084804
0.0704946
0.0521454
0.0359774
0.0276098
0.0279623
0.0330108
0.0371715
0.037382
0.033878
0.0321006
0.0250938
0.0944777
0.0938463
0.0932984
0.0928002
0.0923222
0.0918379
0.0913194
0.0907342
0.0900436
0.0892037
0.0881651
0.0868709
0.0852607
0.0832627
0.0807937
0.0777607
0.0740669
0.0696361
0.0644435
0.0585738
0.0523132
0.0462518
0.0413309
0.0387301
0.0395436
0.0443448
0.0528737
0.0640584
0.0763786
0.0883635
0.0989672
0.107684
0.114439
0.11937
0.122596
0.12399
0.12299
0.118625
0.110024
0.0974193
0.0830799
0.0712071
0.0663145
0.0708811
0.0839016
0.101367
0.118087
0.128706
0.128455
0.116314
0.0975726
0.08118
0.075312
0.0845087
0.105754
0.127011
0.13612
0.132033
0.12396
0.121661
0.128802
0.141211
0.150649
0.150085
0.141249
0.131099
0.119661
0.106754
0.0976308
0.0985481
0.105235
0.107936
0.107958
0.110678
0.116371
0.125773
0.139426
0.148066
0.143356
0.125503
0.106149
0.094907
0.0912628
0.0902981
0.0894106
0.0890225
0.0893952
0.0885796
0.0831485
0.0708356
0.053365
0.0366345
0.0269438
0.0262818
0.0310691
0.0353229
0.03528
0.030773
0.0279789
0.0212489
0.0919018
0.0910591
0.0903062
0.0896088
0.0889324
0.0882427
0.0875027
0.08667
0.0856967
0.0845297
0.0831097
0.0813706
0.0792415
0.0766484
0.0735166
0.0697769
0.0653802
0.0603294
0.0547238
0.0488289
0.0431597
0.0385255
0.035959
0.0364756
0.0407114
0.0486112
0.0593601
0.0716232
0.0839705
0.0952678
0.104869
0.112585
0.11852
0.122879
0.125796
0.12716
0.126446
0.122681
0.114821
0.102668
0.0878994
0.0742903
0.0664827
0.0677449
0.0781437
0.0943669
0.111421
0.124293
0.128353
0.120934
0.104478
0.0865397
0.0759122
0.078798
0.0952543
0.11668
0.130739
0.132014
0.125699
0.120881
0.122895
0.129878
0.134799
0.133622
0.129861
0.124321
0.113307
0.0997064
0.0926524
0.0976315
0.107751
0.111511
0.110127
0.112467
0.120049
0.130285
0.141779
0.147494
0.140548
0.122069
0.102152
0.0896736
0.0846036
0.0825609
0.0812008
0.0810414
0.0823724
0.0832538
0.0801247
0.0701645
0.0541895
0.0375176
0.0268067
0.025038
0.0293153
0.0335392
0.0333078
0.0278494
0.0240976
0.0177449
0.0870692
0.0860273
0.0850817
0.0841966
0.0833331
0.0824501
0.081502
0.0804378
0.0792009
0.0777293
0.0759577
0.0738184
0.0712433
0.0681681
0.0645395
0.0603266
0.0555475
0.0503102
0.044868
0.0396838
0.0354663
0.0331191
0.0335576
0.0374169
0.0447706
0.0550191
0.0670318
0.0794842
0.0912233
0.101501
0.11001
0.116778
0.121996
0.125878
0.128546
0.129901
0.129463
0.12629
0.119235
0.107743
0.0929158
0.0780123
0.0676074
0.0655649
0.0729981
0.08749
0.104333
0.11864
0.126155
0.123595
0.110905
0.0931992
0.0788304
0.0753148
0.0854982
0.10463
0.1221
0.129597
0.127514
0.122497
0.12051
0.122254
0.123789
0.124369
0.124501
0.118657
0.105099
0.0917537
0.0888336
0.0981542
0.110865
0.115679
0.112831
0.113789
0.122515
0.134062
0.144025
0.146703
0.13723
0.118165
0.0983289
0.0848573
0.0777604
0.0737988
0.0715321
0.0715784
0.0739198
0.0764619
0.0756296
0.0682621
0.0543332
0.0383764
0.0270673
0.0242169
0.0277891
0.031878
0.0315748
0.0252537
0.0205181
0.0146346
0.0803983
0.0792356
0.0781685
0.0771598
0.0761675
0.0751451
0.0740414
0.0727992
0.0713556
0.0696434
0.0675941
0.0651415
0.0622264
0.0588047
0.0548596
0.0504215
0.0456057
0.0406585
0.0360064
0.0322806
0.0302743
0.0307979
0.0344457
0.0413576
0.0510974
0.062729
0.0750708
0.0870119
0.0977521
0.106888
0.114356
0.120297
0.124923
0.128424
0.130897
0.132254
0.13207
0.129457
0.123222
0.112532
0.0979606
0.0821947
0.0695776
0.0643602
0.0685948
0.0808866
0.0970188
0.112102
0.122104
0.123871
0.115857
0.100384
0.0840571
0.0748092
0.0777899
0.0920159
0.110035
0.12291
0.126925
0.124976
0.122117
0.120689
0.120818
0.122739
0.121367
0.110498
0.0944235
0.084414
0.0874218
0.100403
0.114363
0.120138
0.116485
0.114893
0.123076
0.135778
0.144892
0.144896
0.133308
0.1141
0.0947337
0.0801134
0.0703463
0.0638789
0.0605392
0.0608804
0.0642547
0.0683242
0.069658
0.064985
0.0535453
0.0389437
0.0275467
0.0237672
0.0265265
0.0304188
0.0302313
0.0231922
0.0172511
0.0119136
0.0723493
0.0710779
0.069903
0.0687858
0.0676815
0.0665401
0.0653059
0.0639172
0.0623085
0.0604127
0.0581648
0.0555076
0.0524002
0.048831
0.0448374
0.0405365
0.0361668
0.032125
0.028979
0.0274273
0.0281787
0.0317661
0.0383517
0.0476147
0.0587895
0.0708523
0.0827792
0.0937697
0.103356
0.111391
0.117949
0.12321
0.127367
0.13057
0.132891
0.134255
0.134293
0.132192
0.126758
0.116955
0.102888
0.0866585
0.0722477
0.0640933
0.0650258
0.074703
0.0896296
0.104971
0.116624
0.121751
0.118448
0.106871
0.0909673
0.077676
0.0735043
0.0807404
0.0957091
0.11102
0.120816
0.124231
0.123952
0.122853
0.123059
0.122362
0.113803
0.0974999
0.0830134
0.0800129
0.0892616
0.104266
0.117974
0.124447
0.121167
0.116531
0.121618
0.134004
0.142811
0.141146
0.128541
0.10998
0.0911698
0.0750052
0.0621737
0.0531281
0.0488724
0.0495821
0.0538356
0.0591331
0.0623605
0.0603263
0.0516642
0.0389787
0.0280454
0.0236132
0.0255683
0.0292647
0.0294253
0.0218453
0.0142027
0.00949725
0.0632913
0.0619605
0.0607252
0.0595458
0.0583762
0.0571642
0.0558514
0.0543752
0.0526711
0.0506761
0.0483346
0.0456073
0.0424842
0.0390052
0.0352871
0.0315588
0.0281895
0.0256914
0.0246782
0.0257626
0.029406
0.0357638
0.0445923
0.0552676
0.0669215
0.0786449
0.0896793
0.0995313
0.107988
0.115056
0.120867
0.125592
0.129385
0.132356
0.134558
0.135927
0.136154
0.134509
0.129833
0.120954
0.107581
0.0912413
0.0754608
0.0646835
0.0623379
0.0690785
0.0823004
0.0974349
0.110145
0.117625
0.118252
0.111287
0.0981656
0.0835222
0.0736527
0.0730849
0.0817776
0.0952251
0.107683
0.115786
0.119394
0.120288
0.119348
0.112465
0.0977143
0.0818361
0.0747966
0.080505
0.094283
0.109239
0.121439
0.128138
0.126348
0.119733
0.119568
0.12848
0.136508
0.134701
0.122948
0.105932
0.0873197
0.0692697
0.0536856
0.0426735
0.0378161
0.0387027
0.0433642
0.0493953
0.0541066
0.0544803
0.048677
0.0383173
0.0283816
0.0236777
0.0249689
0.028529
0.0292334
0.0212492
0.0116034
0.00749739
0.053476
0.0521164
0.0508537
0.0496477
0.0484517
0.0472139
0.0458776
0.0443834
0.0426721
0.0406907
0.0384009
0.0357932
0.0329065
0.0298544
0.0268527
0.0242403
0.0224747
0.0220885
0.0236014
0.0273989
0.033613
0.04205
0.0522022
0.0633476
0.0747054
0.0855907
0.0955197
0.104241
0.111699
0.117972
0.123194
0.127503
0.131012
0.1338
0.135903
0.137275
0.137659
0.136415
0.132445
0.124497
0.111957
0.0958116
0.0790711
0.0660307
0.060536
0.0641317
0.0751767
0.0896158
0.102951
0.112056
0.115501
0.112688
0.103753
0.090765
0.0781655
0.070954
0.0717783
0.0793892
0.0897958
0.0989303
0.104552
0.106237
0.102627
0.0917181
0.0780046
0.0701048
0.0735084
0.0861121
0.101429
0.114613
0.124527
0.130776
0.130953
0.124742
0.119613
0.122022
0.127153
0.126288
0.117152
0.102038
0.082515
0.062665
0.0457385
0.0341214
0.0289911
0.0294857
0.033758
0.0398589
0.0455098
0.0478598
0.0447427
0.0369051
0.0284235
0.0239014
0.0247947
0.0283147
0.0296437
0.0212977
0.0109956
0.0068919
0.0434761
0.0421388
0.0408989
0.0397173
0.0385499
0.0373477
0.0360586
0.03463
0.0330139
0.0311761
0.0291096
0.0268537
0.0245172
0.0223006
0.0205087
0.0195404
0.019846
0.0218519
0.0258655
0.031986
0.0400524
0.049654
0.0602031
0.0710508
0.0816062
0.0914237
0.100239
0.107952
0.114586
0.120228
0.12499
0.128973
0.132257
0.134897
0.136922
0.138297
0.138816
0.137924
0.134604
0.127573
0.115964
0.100271
0.0829565
0.0680363
0.0595993
0.0599513
0.0684141
0.0816307
0.0951741
0.105479
0.110864
0.111055
0.106185
0.0968584
0.0851308
0.0745865
0.0686966
0.0687522
0.0732384
0.0790352
0.0832208
0.0836259
0.0785673
0.0701427
0.0649707
0.0682071
0.0797081
0.0950127
0.109179
0.119705
0.126941
0.131913
0.133628
0.130031
0.123355
0.119762
0.119939
0.118711
0.112013
0.0978944
0.0758765
0.0552314
0.0393199
0.0288001
0.0236312
0.0230335
0.0260597
0.0315027
0.0374311
0.0411348
0.0402655
0.0348737
0.0281393
0.024253
0.0250995
0.0286835
0.0305624
0.0221903
0.0135266
0.00868444
0.0335641
0.0323157
0.0311655
0.030078
0.029014
0.0279308
0.0267854
0.0255392
0.0241664
0.0226665
0.0210812
0.0195138
0.0181449
0.0172382
0.0171265
0.0181725
0.0207083
0.0249636
0.0310023
0.0386886
0.0476962
0.0575609
0.0677637
0.077818
0.0873372
0.0960667
0.103881
0.110755
0.116729
0.121876
0.126276
0.130002
0.133109
0.135638
0.13761
0.139001
0.139646
0.139068
0.13634
0.130194
0.119576
0.104547
0.0870138
0.0706063
0.0594895
0.0565885
0.062148
0.0736155
0.0868747
0.0980609
0.104946
0.107139
0.105177
0.0996078
0.0911315
0.0813211
0.0725837
0.0669863
0.0650083
0.065397
0.0660276
0.0649012
0.06215
0.0612068
0.0656945
0.0760982
0.0901375
0.104517
0.116261
0.123882
0.128122
0.13093
0.133045
0.132779
0.128671
0.123131
0.118922
0.115153
0.108276
0.093073
0.068377
0.048346
0.0347085
0.0258276
0.0206665
0.0189257
0.0205656
0.0249771
0.0305882
0.034965
0.035761
0.0325276
0.0276437
0.0247643
0.0259195
0.0296386
0.0318919
0.0244185
0.0176178
0.0130739
0.0246298
0.0235558
0.0225824
0.0216789
0.0208132
0.0199541
0.0190759
0.0181657
0.0172336
0.0163261
0.0155395
0.0150296
0.0150115
0.0157452
0.0175031
0.0205254
0.0249695
0.0308685
0.0381097
0.0464428
0.0555164
0.0649342
0.0743158
0.083345
0.0917956
0.0995333
0.106501
0.112695
0.118148
0.122908
0.12703
0.130565
0.133554
0.136023
0.137986
0.139423
0.140199
0.139908
0.137716
0.132399
0.122786
0.108576
0.0911345
0.0736269
0.0601348
0.0540441
0.0564562
0.0656834
0.0781023
0.0897778
0.0979516
0.101708
0.10159
0.0985836
0.0934017
0.0866169
0.0791681
0.0723644
0.0672616
0.0640864
0.0622957
0.0615791
0.063002
0.0677966
0.0763099
0.0877212
0.100536
0.112731
0.121839
0.126301
0.12706
0.126923
0.128105
0.130126
0.130273
0.127263
0.122115
0.115505
0.105553
0.087434
0.0621218
0.0423289
0.0291701
0.0207509
0.0157653
0.0139853
0.0154246
0.0195012
0.0248853
0.0295762
0.0315159
0.0300749
0.0270306
0.0254477
0.0272245
0.031129
0.0336892
0.0288939
0.0243113
0.0214343
0.0173413
0.0165913
0.0159444
0.0153778
0.0148721
0.0144148
0.0140059
0.0136655
0.0134421
0.01342
0.013724
0.0145165
0.0159845
0.0183169
0.0216741
0.0261556
0.031774
0.038442
0.0459782
0.0541306
0.0626134
0.0711464
0.0794873
0.0874506
0.0949108
0.101794
0.108068
0.113725
0.118779
0.123259
0.127199
0.130631
0.133583
0.136068
0.138088
0.139621
0.14055
0.140528
0.138808
0.134237
0.125586
0.112274
0.0951716
0.0769285
0.0613948
0.0522394
0.0513201
0.0578484
0.0688407
0.0805018
0.0897175
0.0949553
0.0963107
0.094844
0.0916962
0.0875885
0.0829343
0.0781973
0.0740024
0.0709458
0.0695251
0.0703323
0.0736739
0.0794847
0.0876153
0.0976918
0.108763
0.118814
0.124965
0.12561
0.12234
0.118825
0.118088
0.120436
0.123348
0.124003
0.120797
0.113187
0.10003
0.0796625
0.0554022
0.0354656
0.0218147
0.0135009
0.00915939
0.00809195
0.00990051
0.0139496
0.0192202
0.0241802
0.0271125
0.0273474
0.0262159
0.0262041
0.028886
0.0331556
0.0364316
0.0356263
0.0340166
0.0331816
0.0134399
0.0132166
0.0130878
0.0130398
0.0130676
0.0131787
0.0133973
0.013769
0.0143638
0.0152771
0.0166256
0.0185383
0.0211408
0.0245364
0.0287861
0.0338928
0.0397943
0.0463669
0.0534411
0.0608237
0.0683229
0.0757681
0.0830218
0.0899812
0.0965737
0.10275
0.108478
0.113739
0.118529
0.122855
0.126732
0.130177
0.133198
0.135794
0.137952
0.139642
0.140755
0.140983
0.13966
0.135711
0.127909
0.115481
0.0988811
0.0802287
0.0630148
0.050993
0.0466236
0.0500088
0.0589411
0.0699716
0.0798302
0.0864702
0.0893861
0.0892766
0.0873567
0.0847077
0.0819802
0.0794959
0.0775083
0.0763729
0.0765533
0.0784052
0.0821125
0.087811
0.0954662
0.104716
0.114358
0.121825
0.124005
0.120007
0.112574
0.105954
0.103081
0.104004
0.106626
0.108661
0.107532
0.100851
0.0873079
0.0677217
0.0461497
0.0277841
0.0148295
0.00711332
0.00352111
0.00302994
0.00487442
0.00847406
0.0132498
0.018194
0.0219429
0.023829
0.0247832
0.0266826
0.0306424
0.0357347
0.0402924
0.0427852
0.0436118
0.04458
0.0142224
0.0146366
0.0151018
0.0156154
0.016187
0.0168409
0.0176178
0.0185755
0.0197876
0.0213398
0.0233232
0.025824
0.0289114
0.0326257
0.0369688
0.0419013
0.0473455
0.0531961
0.0593344
0.0656426
0.0720152
0.0783639
0.0846176
0.0907179
0.0966141
0.10226
0.107616
0.112646
0.117327
0.121647
0.125602
0.129187
0.132392
0.135198
0.137573
0.139471
0.140783
0.141223
0.140186
0.136682
0.129533
0.117873
0.101844
0.0830715
0.0645904
0.0500263
0.0422198
0.0420702
0.0482432
0.0578631
0.0677446
0.0754988
0.0800622
0.0816042
0.0810478
0.0795073
0.077879
0.0767044
0.0762682
0.0767676
0.0784011
0.0814507
0.0861907
0.0926258
0.100507
0.109076
0.116483
0.119799
0.11668
0.107904
0.0973234
0.0889826
0.0847132
0.0834507
0.0835248
0.084021
0.0832191
0.0783938
0.0676288
0.0517043
0.0341888
0.019019
0.00849645
0.00274103
0.000498355
0.000343549
0.0015357
0.00393963
0.0075668
0.0119245
0.0160295
0.0193005
0.0223214
0.0263296
0.0318885
0.0381267
0.0437287
0.0476235
0.0494082
0.0513871
0.0203033
0.0211484
0.0219782
0.0228033
0.023647
0.0245454
0.0255467
0.0267101
0.0281017
0.0297904
0.0318404
0.0343036
0.0372118
0.0405712
0.0443611
0.0485382
0.0530447
0.0578191
0.0628045
0.067953
0.0732259
0.0785895
0.0840099
0.0894475
0.0948552
0.10018
0.105364
0.110357
0.115114
0.119601
0.12379
0.127652
0.131155
0.134254
0.136898
0.139021
0.140498
0.141051
0.140115
0.136792
0.129993
0.118866
0.103374
0.0847388
0.0655015
0.0489602
0.038046
0.0342293
0.037024
0.0443185
0.0533097
0.0615311
0.0675125
0.0709052
0.0721959
0.0722646
0.0719994
0.0720818
0.072946
0.0748481
0.0779954
0.0825599
0.0885015
0.0956364
0.103353
0.109828
0.112611
0.109784
0.101183
0.0893964
0.0783405
0.0706773
0.0663665
0.0635221
0.0611581
0.0592873
0.0573859
0.0536707
0.0462922
0.0352039
0.02267
0.0116068
0.00393929
0.000800379
0.000809234
0.000563027
0.000326868
0.00110172
0.00312447
0.00627002
0.0100398
0.0140613
0.0186823
0.0245366
0.03156
0.0386482
0.0444359
0.0481617
0.049578
0.0514568
0.0267841
0.0276391
0.0284551
0.0292477
0.0300434
0.0308778
0.0317948
0.0328438
0.0340757
0.0355392
0.0372756
0.0393144
0.0416699
0.0443415
0.0473163
0.0505762
0.0541045
0.0578903
0.0619296
0.0662218
0.0707637
0.075543
0.0805342
0.0856959
0.0909727
0.0962989
0.101605
0.106821
0.111886
0.116739
0.121328
0.125595
0.12948
0.132916
0.135827
0.13812
0.139644
0.140109
0.138983
0.13546
0.128595
0.117653
0.102567
0.0842943
0.0649224
0.0472903
0.0341255
0.0271298
0.0264498
0.0307585
0.0378741
0.0455812
0.0522797
0.0572516
0.0605592
0.0627418
0.0644965
0.0664514
0.0690648
0.072636
0.0773225
0.0830761
0.0896521
0.0965768
0.102255
0.103358
0.0988082
0.0900025
0.078833
0.0680709
0.0600638
0.055295
0.052444
0.0500404
0.0477272
0.0454958
0.0428969
0.0391541
0.0335627
0.0261423
0.0180141
0.0107683
0.00576113
0.00376351
0.00359195
0.00371242
0.00314368
0.00223998
0.00188327
0.00280646
0.00515106
0.00886303
0.0141044
0.0209139
0.0285895
0.0356887
0.0407823
0.0434166
0.0437757
0.0446403
0.0319383
0.03268
0.0333631
0.0339855
0.0345638
0.0351328
0.0357403
0.0364392
0.03728
0.0383045
0.0395435
0.0410162
0.0427323
0.0446962
0.0469116
0.0493871
0.0521387
0.0551895
0.0585658
0.0622908
0.0663774
0.0708221
0.0756022
0.0806747
0.0859799
0.0914452
0.0969898
0.102528
0.107974
0.113242
0.118244
0.122894
0.127103
0.130778
0.133817
0.136097
0.137428
0.137498
0.135802
0.131643
0.124268
0.113153
0.0983406
0.0806751
0.061881
0.0443075
0.0302773
0.0213957
0.0181082
0.0196765
0.0245613
0.0310101
0.0375841
0.0434454
0.0483706
0.0525755
0.0564754
0.0604963
0.0649826
0.0701232
0.0759039
0.0819938
0.0876203
0.0915717
0.0916647
0.085087
0.07474
0.0648704
0.0565895
0.0509675
0.0483087
0.0476893
0.0478479
0.048669
0.0507226
0.0525432
0.0515759
0.0472993
0.0411145
0.0344925
0.0281285
0.0227827
0.019022
0.0171021
0.0165017
0.015856
0.0139488
0.0106245
0.00693727
0.00425718
0.00353508
0.00528139
0.00961563
0.0159203
0.0227767
0.0285909
0.0321699
0.0332405
0.0323324
0.031766
0.0241845
0.0247949
0.0254333
0.0260863
0.0267552
0.0274598
0.0282352
0.0291238
0.0301659
0.0313928
0.032823
0.0344629
0.0363123
0.0383716
0.0406487
0.0431634
0.0459463
0.0490339
0.0524608
0.0562519
0.0604166
0.0649467
0.0698167
0.0749853
0.0803966
0.0859807
0.0916543
0.097323
0.102885
0.108235
0.113269
0.117886
0.121985
0.125463
0.128208
0.130076
0.130854
0.130214
0.127681
0.122676
0.114661
0.103371
0.0890469
0.0725234
0.0552332
0.039042
0.025777
0.0167501
0.0124431
0.012457
0.0157437
0.0210068
0.0270893
0.0332129
0.0390228
0.0444959
0.0498112
0.055162
0.0606374
0.0661426
0.0712062
0.0747978
0.0756662
0.0731064
0.0672367
0.0590315
0.051237
0.0463623
0.0445722
0.0455612
0.0485677
0.0523489
0.0567664
0.0651723
0.0788291
0.0910087
0.0945367
0.0891857
0.0796208
0.0698406
0.0607751
0.0526156
0.0463252
0.0422312
0.0398378
0.0377577
0.0342656
0.0284867
0.0210714
0.0137183
0.0082392
0.00595978
0.00733602
0.0115535
0.0165104
0.0200211
0.0212023
0.0205809
0.0191429
0.0182744
0.0166331
0.0171406
0.0176782
0.018247
0.0188552
0.01952
0.0202684
0.0211368
0.0221678
0.0234072
0.0249005
0.0266892
0.0288082
0.0312812
0.034116
0.0372991
0.0407932
0.0445403
0.0484723
0.0525271
0.0566653
0.0608784
0.0651839
0.0696084
0.0741645
0.0788325
0.0835544
0.0882423
0.0927902
0.0970853
0.101026
0.104534
0.107542
0.109971
0.111722
0.112667
0.112612
0.111253
0.108169
0.102886
0.0950356
0.0845586
0.071851
0.057745
0.0434068
0.0302174
0.019459
0.0120439
0.00834125
0.00812759
0.0107116
0.0151826
0.0206663
0.0265019
0.0323025
0.0378883
0.0431707
0.0480594
0.0522913
0.0552238
0.0558508
0.0534668
0.0486884
0.043508
0.0400407
0.0392535
0.0409666
0.0447429
0.0500936
0.0565946
0.0632806
0.0697104
0.0815941
0.107709
0.142341
0.167014
0.17337
0.164876
0.150293
0.13518
0.120233
0.105402
0.0916643
0.0802666
0.071889
0.065917
0.0602479
0.0527237
0.0426919
0.0313148
0.0207905
0.0132868
0.00989423
0.010127
0.01222
0.0142422
0.0150915
0.0148016
0.0138986
0.0133287
0.00879122
0.00895125
0.00912666
0.00931778
0.00952701
0.00976019
0.0100291
0.0103561
0.0107809
0.0113687
0.0122147
0.0134403
0.0151749
0.0175235
0.0205268
0.0241298
0.0281755
0.0324323
0.0366525
0.0406389
0.0442938
0.0476294
0.0507361
0.0537255
0.0566772
0.059607
0.0624702
0.0651924
0.0676904
0.0698823
0.0717218
0.0732182
0.0743984
0.0752543
0.0757341
0.0757535
0.075179
0.073793
0.0712882
0.0673252
0.061653
0.0542582
0.045473
0.0359449
0.026498
0.0180167
0.0112433
0.0066906
0.00457629
0.00478341
0.00691111
0.0103985
0.0146574
0.0191692
0.0235266
0.0274548
0.0306462
0.0326633
0.032931
0.0310578
0.0276311
0.0248843
0.0256114
0.030877
0.0395224
0.0494844
0.0589726
0.0672633
0.0745957
0.0810841
0.086877
0.0981588
0.131335
0.187745
0.235522
0.252884
0.247948
0.231358
0.211444
0.196558
0.180813
0.160514
0.13833
0.118286
0.102672
0.0915155
0.0829878
0.0744785
0.0640796
0.0515221
0.038265
0.0266178
0.0183652
0.0138209
0.0119719
0.0113598
0.0109412
0.0104347
0.00988987
0.00994189
0.00540937
0.00543322
0.0054594
0.00548884
0.00552326
0.00556525
0.00561857
0.00568964
0.00579104
0.00594766
0.00620341
0.00662455
0.00729361
0.00829096
0.00966663
0.0114131
0.0134528
0.0156505
0.0178479
0.0199076
0.0217449
0.0233358
0.0246991
0.0258668
0.0268552
0.0276632
0.0282796
0.0286649
0.028817
0.02886
0.0289241
0.0289318
0.0287339
0.0283867
0.0280883
0.0279014
0.0276671
0.0271407
0.0261307
0.0245331
0.0223198
0.0195391
0.0163312
0.0129387
0.0096732
0.00680332
0.00449165
0.00289621
0.00215968
0.00233391
0.00334368
0.00498891
0.00699753
0.00905344
0.0108262
0.0117606
0.0116646
0.0106234
0.00938013
0.00993301
0.01538
0.0276417
0.0449011
0.0631392
0.0792247
0.091411
0.0990803
0.103269
0.105819
0.108191
0.116145
0.149308
0.220643
0.288987
0.30007
0.282337
0.251892
0.2329
0.247409
0.289139
0.301589
0.282281
0.243645
0.200423
0.162675
0.134077
0.113786
0.0985961
0.0849225
0.0705484
0.0556177
0.041748
0.0303641
0.0221022
0.0167038
0.013426
0.0115567
0.0107035
0.0105129
0.011464
0.000717958
0.000778257
0.000849059
0.000930275
0.00102139
0.00112145
0.00122983
0.00134586
0.00146856
0.00159651
0.00172743
0.00185782
0.00198253
0.00209473
0.00218651
0.00225011
0.00227954
0.00227187
0.00222738
0.00214866
0.00203886
0.00190055
0.00173327
0.00154382
0.0013194
0.00108342
0.00088002
0.000551379
7.73136e-05
0.00011446
0.00116003
0.00244201
0.00276363
0.00211604
0.00154388
0.00173469
0.00242422
0.00297805
0.00303662
0.0026133
0.00190506
0.0011532
0.000582628
0.000334244
0.00040043
0.000636133
0.000860983
0.000969563
0.000952946
0.000849225
0.000746027
0.000361532
0.000803054
0.00101032
0.00220429
0.00107616
0.00209145
0.00792593
0.0190979
0.0361207
0.0585938
0.0820749
0.101896
0.117772
0.12946
0.135173
0.135295
0.132499
0.13108
0.138042
0.168424
0.241163
0.320612
0.336249
0.290521
0.280465
0.246668
0.294466
0.411645
0.500353
0.539395
0.514317
0.444138
0.359252
0.280844
0.217923
0.171487
0.138315
0.113624
0.093158
0.0746327
0.0577664
0.0435287
0.0327427
0.0250793
0.0200109
0.01714
0.0160871
0.0160136
0.0175042
0.0161474
0.0158391
0.015528
0.0152119
0.014889
0.0145574
0.0142165
0.013867
0.0135101
0.0131477
0.0127826
0.0124184
0.0120602
0.0117138
0.0113864
0.0110859
0.0108208
0.0106002
0.0104327
0.0103264
0.0102881
0.0103222
0.0104305
0.0106112
0.0108585
0.0111616
0.0115042
0.0118713
0.0122396
0.012565
0.0128116
0.0129763
0.0130616
0.0130408
0.0128733
0.0125418
0.0120587
0.0114435
0.0107066
0.0098516
0.0088845
0.00782206
0.00669489
0.00554553
0.00442461
0.00338478
0.00245404
0.00177841
0.0010241
0.000384883
0.000168936
2.3748e-05
0.000195406
0.00235867
0.0093399
0.0234767
0.04374
0.0668983
0.0900323
0.111345
0.127904
0.137124
0.147564
0.164569
0.175808
0.173472
0.16818
0.165561
0.171609
0.208605
0.27903
0.328078
0.333977
0.324829
0.308248
0.357237
0.417925
0.438538
0.477791
0.533928
0.572118
0.57833
0.552811
0.487119
0.402524
0.319796
0.249997
0.195812
0.155026
0.123756
0.098717
0.0780669
0.0611825
0.0479121
0.0381758
0.0318021
0.0281139
0.0262232
0.0254405
0.0295518
0.00439126
0.00490391
0.00548205
0.00613394
0.00686817
0.00769435
0.00862304
0.00966511
0.0108311
0.0121309
0.0135737
0.0151683
0.0169224
0.0188425
0.0209322
0.0231919
0.025618
0.0282022
0.0309307
0.0337841
0.0367365
0.0397556
0.0428032
0.0458356
0.048805
0.0516606
0.0543502
0.0568213
0.0590228
0.0609074
0.0624337
0.0635678
0.0642854
0.0645718
0.0644194
0.0638247
0.0627828
0.061284
0.0593157
0.0568645
0.0539103
0.0504746
0.0466575
0.0425261
0.0381688
0.0337121
0.0294134
0.0256831
0.0230854
0.0224436
0.0250135
0.0326734
0.0474488
0.0703544
0.0993397
0.127154
0.146271
0.155698
0.158087
0.156731
0.14985
0.156016
0.193476
0.235966
0.244312
0.225985
0.232066
0.275653
0.304041
0.304009
0.292073
0.27851
0.289599
0.322745
0.346257
0.344971
0.335371
0.357308
0.419289
0.491965
0.561326
0.577154
0.575515
0.531989
0.460597
0.381851
0.308224
0.245868
0.195968
0.156913
0.126296
0.102125
0.0827051
0.0669207
0.0542275
0.0448511
0.0399846
0.040417
0.0465162
0.0610617
0.198167
0.198369
0.198608
0.198887
0.199209
0.199576
0.19999
0.200453
0.200966
0.201528
0.20214
0.2028
0.203503
0.204246
0.205023
0.205824
0.206643
0.207467
0.208286
0.209086
0.209855
0.21058
0.211248
0.211847
0.212367
0.212798
0.213131
0.213357
0.213474
0.213478
0.213368
0.213137
0.212773
0.212254
0.211583
0.210788
0.209876
0.208846
0.207691
0.206403
0.204983
0.203413
0.201622
0.199602
0.197391
0.195138
0.192908
0.191112
0.190974
0.193513
0.199291
0.207674
0.216021
0.220733
0.212586
0.18636
0.161463
0.149967
0.143853
0.139282
0.138522
0.206367
0.282923
0.307621
0.306906
0.295332
0.28698
0.280906
0.266102
0.232842
0.199763
0.19083
0.208138
0.241829
0.268539
0.266745
0.265151
0.286088
0.318812
0.373049
0.438462
0.479046
0.483192
0.457072
0.410745
0.356235
0.301843
0.252752
0.210674
0.175926
0.148184
0.126436
0.109941
0.0979566
0.0893761
0.0845234
0.0860074
0.0928876
0.100757
0.104945
0.188173
0.187606
0.187
0.18635
0.185653
0.184905
0.1841
0.183235
0.182307
0.181311
0.180245
0.179107
0.177896
0.176612
0.175259
0.17384
0.172364
0.17084
0.169284
0.167712
0.166149
0.16462
0.163157
0.161796
0.160574
0.159539
0.158721
0.15812
0.15792
0.15842
0.159749
0.161961
0.165077
0.169083
0.173875
0.179284
0.185177
0.191431
0.197915
0.204489
0.211012
0.217354
0.223396
0.229023
0.234075
0.238323
0.241431
0.24202
0.239203
0.232522
0.220827
0.202096
0.174626
0.137613
0.0785078
0.0201002
0.0401753
0.108925
0.156387
0.169511
0.181332
0.174372
0.157913
0.187019
0.228145
0.233156
0.20973
0.182822
0.165464
0.155402
0.151156
0.15124
0.151669
0.153907
0.157157
0.152571
0.13882
0.124838
0.146598
0.196352
0.236182
0.264019
0.276849
0.268218
0.253052
0.233858
0.213718
0.194151
0.176167
0.162016
0.150456
0.139975
0.131242
0.124796
0.120795
0.118265
0.113419
0.105733
0.0885336
0.0654101
0.0357596
0.0759367
0.0866866
0.0873074
0.092306
0.109102
0.137142
0.152017
0.13022
0.0785232
0.0331128
0.0171147
0.0150675
0.0227509
0.0322048
0.0404517
0.04723
0.0524601
0.0561975
0.058799
0.0603938
0.0615737
0.0627072
0.0638895
0.0652777
0.0670191
0.0691888
0.0717461
0.0745129
0.0771761
0.0793554
0.081494
0.0846805
0.0896345
0.0962802
0.103897
0.111559
0.118411
0.123752
0.127083
0.127873
0.124199
0.111443
0.0868819
0.0601603
0.0473273
0.0512661
0.0593171
0.0613563
0.0579574
0.0534455
0.0499677
0.0475714
0.0458558
0.044577
0.0435219
0.04238
0.0409534
0.039611
0.0393402
0.0409999
0.0446987
0.0499763
0.0562026
0.0630313
0.0704743
0.0799259
0.0942011
0.113664
0.136688
0.161055
0.183103
0.195994
0.196803
0.192758
0.186671
0.196305
0.239056
0.283976
0.31391
0.32846
0.338893
0.334378
0.323803
0.307237
0.287663
0.272153
0.265802
0.267291
0.266098
0.245276
0.196673
0.143938
0.118441
0.120731
0.132184
0.142824
0.145633
0.138239
0.118164
0.053844
0.113941
0.132142
0.120945
0.105505
0.102558
0.117182
0.131964
0.106625
0.0585771
0.0366189
0.033836
0.0406051
0.050821
0.0589595
0.0644364
0.0678531
0.0698094
0.0710279
0.0719012
0.0726073
0.072615
0.0717525
0.0700499
0.0676276
0.0649155
0.0626861
0.0618777
0.0632241
0.0665509
0.0701567
0.0702702
0.0662346
0.0600485
0.0545547
0.051937
0.0539206
0.0609271
0.0718356
0.0839137
0.0932295
0.0968234
0.0955567
0.092634
0.0880112
0.0825731
0.0782611
0.0730305
0.064591
0.0553653
0.048753
0.0451179
0.043075
0.0416771
0.040667
0.0397615
0.038286
0.0357006
0.0325395
0.0301741
0.0294185
0.0301613
0.0321229
0.0353137
0.0399663
0.0463805
0.054834
0.0646198
0.0761511
0.0898218
0.105657
0.123129
0.139841
0.161305
0.220667
0.33826
0.431846
0.458756
0.459786
0.462245
0.472603
0.479654
0.474654
0.447985
0.406062
0.35086
0.288149
0.235564
0.214668
0.229591
0.255941
0.259289
0.22183
0.160158
0.104275
0.0774206
0.0828144
0.104609
0.128932
0.148995
0.0593682
0.127847
0.170593
0.173833
0.154473
0.133951
0.115466
0.0990187
0.0702417
0.0475795
0.0427247
0.048363
0.0586423
0.06868
0.0766548
0.0828534
0.0876551
0.0911537
0.0932277
0.0937198
0.0931078
0.0923818
0.0918983
0.0914696
0.0900072
0.0860983
0.0792701
0.070887
0.0642119
0.0621303
0.0668547
0.0768898
0.0877015
0.0940849
0.0926976
0.0839123
0.0710073
0.0585851
0.0510488
0.0516213
0.0615091
0.0783882
0.0952727
0.103781
0.101812
0.0942838
0.0853617
0.0736048
0.0577709
0.0429041
0.0345836
0.0324715
0.0330302
0.0340533
0.035115
0.0361539
0.036924
0.0375203
0.0388746
0.042096
0.0471697
0.0530943
0.0589591
0.0644785
0.0698153
0.075162
0.0807522
0.0872183
0.0962569
0.110221
0.12999
0.149428
0.160505
0.189386
0.29297
0.450059
0.532717
0.529611
0.526769
0.557982
0.602611
0.625453
0.609141
0.560636
0.499131
0.431319
0.350436
0.259215
0.186311
0.165002
0.188667
0.208853
0.185535
0.12155
0.0557893
0.0224473
0.0268104
0.0509346
0.0759562
0.0887923
0.0696469
0.140269
0.19702
0.195602
0.146136
0.112487
0.0946485
0.0746026
0.055858
0.0480827
0.0512703
0.0611652
0.0731073
0.0835043
0.0916305
0.0975507
0.101459
0.103829
0.104976
0.104153
0.100825
0.0956253
0.091
0.089543
0.0921194
0.095677
0.094547
0.0850185
0.0700791
0.0564546
0.0515704
0.0580562
0.0735534
0.0927071
0.10926
0.11793
0.116025
0.104139
0.0860697
0.0685576
0.0594488
0.0636888
0.0788282
0.0950221
0.102486
0.099596
0.0893479
0.0730438
0.0527476
0.0357309
0.0283316
0.0294058
0.0338637
0.0385597
0.0429812
0.0473361
0.0517722
0.0567939
0.0633258
0.0717522
0.0811209
0.0900735
0.0978486
0.104263
0.109163
0.112181
0.113144
0.112342
0.111041
0.112222
0.121494
0.14361
0.169537
0.21653
0.344227
0.511631
0.570307
0.550727
0.570947
0.645898
0.716536
0.743564
0.714073
0.640635
0.553981
0.473955
0.390817
0.2941
0.196246
0.139407
0.14507
0.177345
0.178621
0.134536
0.0805618
0.0537767
0.0592716
0.0778268
0.094141
0.0871712
0.110717
0.172206
0.212175
0.165106
0.112094
0.0925201
0.0787158
0.0639073
0.0538416
0.0529178
0.0601297
0.0721683
0.0846509
0.0951054
0.103559
0.110833
0.11794
0.124691
0.12875
0.128033
0.122559
0.112092
0.0978804
0.0858777
0.0832588
0.0902696
0.0974195
0.0939205
0.0784598
0.0597697
0.0487237
0.0506423
0.0636956
0.082744
0.102877
0.120141
0.131085
0.13269
0.123126
0.103862
0.0821059
0.068609
0.0703132
0.0838473
0.0972854
0.100499
0.091517
0.0729644
0.0503929
0.0331989
0.0282147
0.0336945
0.043166
0.052357
0.0604873
0.0680269
0.0754675
0.0834683
0.0926753
0.102881
0.112901
0.12173
0.12895
0.134361
0.137832
0.139561
0.13988
0.139056
0.136063
0.129719
0.122106
0.123219
0.145977
0.208691
0.355101
0.531028
0.582249
0.55925
0.604206
0.70403
0.778958
0.801553
0.764219
0.68348
0.586069
0.495859
0.407742
0.310839
0.206395
0.127069
0.107989
0.134566
0.154896
0.138053
0.099518
0.0684866
0.0551644
0.0560532
0.0667088
0.0757434
0.138039
0.185017
0.20624
0.135348
0.0945194
0.080658
0.0710164
0.0615635
0.0565366
0.0586209
0.0674282
0.0799972
0.0924308
0.102998
0.112205
0.121434
0.131118
0.139068
0.142193
0.140694
0.136667
0.127581
0.110574
0.0905986
0.0805914
0.0856633
0.0952861
0.0942484
0.0782854
0.0574423
0.0453824
0.0481835
0.0626196
0.081757
0.100451
0.116614
0.129632
0.138304
0.139722
0.1303
0.11002
0.0870259
0.0739981
0.0773234
0.0901639
0.0981341
0.0922645
0.0737212
0.0504041
0.0336851
0.0313472
0.0414875
0.056277
0.0699881
0.0813275
0.0910359
0.099994
0.108953
0.118314
0.127639
0.135892
0.142236
0.146046
0.147157
0.147071
0.148723
0.152896
0.157244
0.158086
0.15435
0.144924
0.129406
0.12323
0.169071
0.321616
0.512848
0.579756
0.566928
0.619635
0.720923
0.796042
0.813449
0.771796
0.689029
0.593096
0.502254
0.411393
0.313566
0.210926
0.12349
0.0842268
0.0960123
0.120514
0.121611
0.0986102
0.0746079
0.0682867
0.0791266
0.0917228
0.0940592
0.148214
0.190021
0.196585
0.123742
0.0860677
0.0748606
0.068609
0.0628385
0.0602505
0.0631765
0.072045
0.0844136
0.0967523
0.107348
0.11675
0.126466
0.136722
0.14398
0.144161
0.141335
0.137353
0.129382
0.112534
0.0912237
0.079987
0.0854761
0.0954814
0.0922093
0.0728482
0.0509786
0.0413658
0.0481189
0.065361
0.0847578
0.101265
0.113959
0.124184
0.133226
0.14026
0.141185
0.13069
0.108943
0.0866228
0.0774391
0.0840327
0.0937582
0.0917986
0.0750999
0.0521293
0.0359002
0.0357313
0.0500966
0.0698698
0.0876012
0.101289
0.111985
0.121073
0.129464
0.137446
0.144553
0.149835
0.152169
0.150902
0.148329
0.150946
0.162952
0.17926
0.18764
0.183592
0.174866
0.166242
0.153116
0.129505
0.129645
0.254867
0.464167
0.567887
0.574619
0.619452
0.708359
0.779431
0.794191
0.75361
0.674513
0.582507
0.494911
0.403019
0.303552
0.205725
0.122204
0.0730387
0.0681615
0.0870385
0.0978362
0.0899512
0.0760605
0.0712713
0.0792614
0.0977911
0.11719
0.152867
0.193903
0.191711
0.122303
0.0828254
0.0723752
0.0684993
0.0650767
0.063476
0.0659897
0.0739993
0.0856837
0.0977938
0.108288
0.117274
0.12606
0.134834
0.140642
0.141578
0.139087
0.134486
0.125052
0.106506
0.0857409
0.0785744
0.0879233
0.096389
0.0868408
0.0629646
0.0427493
0.0392495
0.0518405
0.0714302
0.0894441
0.102282
0.11069
0.11726
0.12441
0.132918
0.140301
0.14019
0.126663
0.103231
0.0843429
0.0814568
0.089045
0.0903061
0.0766819
0.0549298
0.0390761
0.0403373
0.0581186
0.0821892
0.103233
0.118405
0.129114
0.137368
0.144335
0.15028
0.154725
0.156526
0.154268
0.149644
0.151766
0.171812
0.207115
0.23915
0.242891
0.222336
0.196871
0.180468
0.170471
0.152899
0.121826
0.17987
0.38474
0.537445
0.577481
0.614173
0.683327
0.742527
0.755319
0.721414
0.64933
0.562363
0.476646
0.382594
0.282398
0.191243
0.118816
0.0712849
0.0546319
0.0628339
0.0762019
0.0804171
0.0774695
0.0754033
0.0776241
0.0904056
0.115234
0.155748
0.19324
0.189815
0.127317
0.0831334
0.0713535
0.0686445
0.0667427
0.0655669
0.0672001
0.0737686
0.084158
0.0956757
0.10616
0.115016
0.122829
0.129725
0.134112
0.134985
0.132808
0.127559
0.115491
0.0950477
0.0782527
0.0794983
0.0927561
0.0952599
0.0764759
0.0500521
0.0358841
0.0412545
0.0593238
0.0790797
0.0936053
0.101702
0.105759
0.109133
0.114513
0.123083
0.13366
0.141149
0.137403
0.118968
0.0956083
0.083291
0.0855227
0.0881799
0.0780719
0.0582478
0.0427654
0.0447195
0.0649671
0.0925235
0.116182
0.132144
0.142194
0.149065
0.154257
0.158051
0.15985
0.158081
0.15213
0.14954
0.168172
0.216401
0.279473
0.312751
0.297419
0.255261
0.212802
0.187003
0.176542
0.170166
0.141264
0.132863
0.286754
0.477596
0.565422
0.607333
0.659329
0.703233
0.713479
0.686322
0.618472
0.535153
0.449283
0.352538
0.253627
0.170835
0.11204
0.0738503
0.0537377
0.0512785
0.0598682
0.069452
0.075699
0.0796872
0.0806469
0.0886193
0.109716
0.156934
0.188667
0.189495
0.134845
0.086578
0.0710804
0.0681347
0.0672105
0.0665825
0.0675522
0.0722746
0.0806263
0.0907893
0.100961
0.109919
0.117395
0.123219
0.126642
0.126921
0.124014
0.116548
0.100823
0.0811076
0.0737247
0.0853506
0.0975885
0.0883795
0.0609025
0.0374077
0.0338086
0.048329
0.0690823
0.0859716
0.0954175
0.0987371
0.0992447
0.100379
0.104642
0.113099
0.125106
0.137164
0.141664
0.131024
0.108327
0.0890457
0.0842433
0.0860107
0.0790296
0.0616226
0.0466646
0.0487181
0.0704941
0.100734
0.126421
0.142693
0.151687
0.156925
0.160303
0.1621
0.161466
0.156494
0.149291
0.156381
0.199094
0.278068
0.354339
0.366342
0.325503
0.265705
0.212456
0.180525
0.170716
0.174525
0.163987
0.127113
0.198793
0.389183
0.526435
0.591556
0.638786
0.670312
0.677309
0.649688
0.581332
0.501062
0.413245
0.314793
0.220387
0.148057
0.102975
0.0766942
0.0599147
0.0514796
0.0526551
0.0605385
0.0702822
0.0788859
0.0814434
0.0884892
0.106723
0.157721
0.179878
0.186419
0.14192
0.093763
0.0725375
0.067568
0.0665258
0.0664324
0.0671878
0.0702506
0.076204
0.0842124
0.0931008
0.101622
0.10885
0.114135
0.116842
0.116056
0.111386
0.100499
0.0828641
0.0703444
0.0773302
0.0951814
0.0970926
0.0733646
0.0431255
0.0296258
0.0385138
0.0591231
0.0784216
0.0900711
0.0942016
0.0937588
0.0920491
0.0919444
0.0955676
0.103874
0.116436
0.130905
0.141263
0.138625
0.120182
0.0974207
0.08561
0.0844341
0.079532
0.0647298
0.0505332
0.0522936
0.0747671
0.10696
0.134224
0.150522
0.158267
0.161814
0.1635
0.163559
0.160794
0.153513
0.148399
0.170688
0.239414
0.341459
0.407156
0.38908
0.328553
0.258445
0.200168
0.164628
0.153827
0.166572
0.176824
0.146055
0.146913
0.290656
0.456287
0.555935
0.612567
0.639162
0.642887
0.608519
0.539202
0.459948
0.369488
0.272372
0.186257
0.126116
0.0936197
0.0781522
0.0674674
0.0581164
0.0539199
0.0572787
0.0655961
0.0747023
0.0773049
0.0835703
0.1034
0.160145
0.168042
0.175306
0.14697
0.104719
0.077883
0.0684323
0.0653344
0.0649874
0.0657415
0.0677798
0.0716644
0.0772692
0.0839025
0.0909152
0.0971574
0.101576
0.103212
0.101147
0.0942677
0.0809635
0.0676731
0.0702467
0.0901118
0.102193
0.0857068
0.0521496
0.0289816
0.0302475
0.0490875
0.070503
0.0848447
0.0905999
0.0905144
0.0878713
0.0852143
0.0845792
0.0877171
0.0956684
0.108258
0.123833
0.13793
0.142127
0.129751
0.106868
0.0894068
0.0839567
0.0797475
0.0673975
0.0541723
0.0554467
0.0779472
0.111459
0.139967
0.156155
0.162602
0.164508
0.164687
0.163285
0.158761
0.150416
0.150954
0.189719
0.280885
0.393521
0.431613
0.390463
0.317963
0.244036
0.184942
0.147908
0.133272
0.14887
0.177443
0.168093
0.135209
0.208244
0.365374
0.49379
0.568434
0.602103
0.602579
0.559527
0.491079
0.411235
0.320375
0.229157
0.154617
0.107287
0.0855641
0.0782407
0.073068
0.0654539
0.0589847
0.0582952
0.0628601
0.0688442
0.0688733
0.0750454
0.0985954
0.168936
0.163369
0.15924
0.145652
0.117021
0.0893492
0.0737469
0.0659843
0.0632984
0.0632346
0.0645628
0.0670596
0.0706767
0.0750453
0.0797683
0.0841284
0.0869763
0.087167
0.0836692
0.0750787
0.0643206
0.0647349
0.0845347
0.104432
0.0966584
0.0630683
0.0316666
0.0240794
0.0392278
0.0619407
0.079277
0.0872781
0.0881661
0.0856038
0.0822156
0.0794922
0.0786762
0.0812671
0.0885555
0.100757
0.116671
0.132971
0.14243
0.136511
0.116067
0.0949997
0.0848368
0.0799451
0.0695818
0.0574405
0.058188
0.0802201
0.114516
0.144023
0.160073
0.165265
0.165637
0.164509
0.161905
0.156039
0.147974
0.156474
0.210731
0.319204
0.423946
0.436385
0.379009
0.301285
0.228008
0.170665
0.134364
0.116142
0.127187
0.165967
0.181871
0.147807
0.158911
0.274683
0.410274
0.503133
0.547433
0.545561
0.501586
0.435573
0.356632
0.269978
0.189105
0.128005
0.092736
0.0794599
0.0774279
0.0758267
0.0702927
0.0636158
0.0604915
0.0612888
0.0629274
0.0599675
0.0679852
0.094069
0.192835
0.19514
0.1567
0.154913
0.133997
0.110607
0.0895148
0.0743168
0.065342
0.0614148
0.0606884
0.0617665
0.0638861
0.0665264
0.0692039
0.0714383
0.0724382
0.0712552
0.0668185
0.0602396
0.061313
0.0806096
0.105563
0.105867
0.0744184
0.0368167
0.0201952
0.0299564
0.0526965
0.0729722
0.0838448
0.0862501
0.0840988
0.0806654
0.0775217
0.0751907
0.0743047
0.0762216
0.082552
0.0940079
0.109777
0.127257
0.140497
0.140542
0.124113
0.101579
0.0870539
0.0803867
0.071332
0.0602655
0.0605328
0.0817733
0.116417
0.146735
0.162679
0.166716
0.165681
0.163428
0.159858
0.153092
0.146706
0.163736
0.231366
0.34891
0.435798
0.428003
0.361028
0.282711
0.21234
0.158065
0.124025
0.104526
0.108213
0.147355
0.183842
0.166271
0.142357
0.203777
0.320896
0.420866
0.47386
0.47459
0.435102
0.374023
0.300317
0.222846
0.155246
0.107695
0.0825969
0.075178
0.0759905
0.0761144
0.0720362
0.0659687
0.0618443
0.0599608
0.0575315
0.0517688
0.0636341
0.0902203
0.226302
0.314937
0.152985
0.159841
0.157303
0.144511
0.126304
0.105135
0.0858396
0.0719856
0.064015
0.0604654
0.0596021
0.0600811
0.0609567
0.0615259
0.0613296
0.0597074
0.0573037
0.061126
0.0808569
0.108166
0.113946
0.0849479
0.043126
0.0183676
0.0216629
0.0429098
0.0655994
0.0798484
0.084509
0.0831137
0.0796437
0.076436
0.0740647
0.0723102
0.0713673
0.0725087
0.077657
0.0880651
0.103335
0.121328
0.137156
0.142257
0.130548
0.108402
0.0904065
0.081283
0.0727728
0.0626538
0.062499
0.0827398
0.117374
0.148365
0.164296
0.167327
0.16503
0.161816
0.15749
0.150292
0.146711
0.171757
0.249714
0.367329
0.435151
0.411703
0.34069
0.264587
0.197996
0.147372
0.116252
0.0975155
0.094813
0.127644
0.175913
0.180064
0.146736
0.161418
0.243237
0.334802
0.389937
0.395527
0.36421
0.311843
0.247641
0.18253
0.129061
0.0936961
0.0762562
0.0722071
0.0740211
0.0746384
0.0713913
0.0661438
0.0619901
0.0587494
0.0537114
0.0464047
0.0625202
0.0865219
)
;

boundaryField
{
    outlet
    {
        type            zeroGradient;
    }
    inlet
    {
        type            fixedValue;
        value           uniform 0.2;
    }
    lowerWall
    {
        type            fixedValue;
        value           uniform 0;
    }
    upperWall
    {
        type            fixedValue;
        value           uniform 0;
    }
    frontAndBack
    {
        type            empty;
    }
}


// ************************************************************************* //
