/*--------------------------------*- C++ -*----------------------------------*\
  =========                 |
  \\      /  F ield         | OpenFOAM: The Open Source CFD Toolbox
   \\    /   O peration     | Website:  https://openfoam.org
    \\  /    A nd           | Version:  10
     \\/     M anipulation  |
\*---------------------------------------------------------------------------*/
FoamFile
{
    format      ascii;
    class       volScalarField;
    location    "1800";
    object      k;
}
// * * * * * * * * * * * * * * * * * * * * * * * * * * * * * * * * * * * * * //

dimensions      [0 2 -2 0 0 0 0];

internalField   nonuniform List<scalar> 
6820
(
0.19714
0.192517
0.18828
0.184033
0.179769
0.175611
0.171677
0.168043
0.164748
0.161801
0.159196
0.156915
0.154935
0.15323
0.151775
0.150547
0.149521
0.148678
0.147997
0.147462
0.147056
0.146766
0.146579
0.146483
0.146469
0.14653
0.146649
0.146866
0.146916
0.148202
0.146006
0.147436
0.148588
0.20725
0.212379
0.21006
0.20542
0.200998
0.197556
0.195151
0.193629
0.192802
0.192506
0.192613
0.193026
0.19367
0.194493
0.195452
0.196516
0.197662
0.198871
0.200129
0.201425
0.20275
0.204101
0.205474
0.20687
0.208295
0.209761
0.211282
0.212935
0.214645
0.216909
0.21936
0.226078
0.210983
0.200993
0.203846
0.20455
0.203317
0.201176
0.198803
0.196518
0.194453
0.192652
0.191119
0.189842
0.188803
0.187978
0.187346
0.186886
0.186578
0.186404
0.186349
0.186398
0.18654
0.186764
0.187061
0.187423
0.187847
0.188328
0.188867
0.189466
0.190152
0.190897
0.191831
0.193138
0.194774
0.192507
0.199593
0.199508
0.199518
0.199121
0.198259
0.197061
0.195675
0.194212
0.192747
0.191324
0.189973
0.188708
0.187538
0.186466
0.185491
0.18461
0.183821
0.183118
0.182497
0.181952
0.181478
0.181072
0.18073
0.180447
0.180223
0.180057
0.17995
0.179913
0.179947
0.180087
0.180436
0.180997
0.181082
0.199411
0.198475
0.197748
0.197076
0.196333
0.19547
0.194494
0.19343
0.192314
0.191172
0.190029
0.188901
0.187801
0.186738
0.185717
0.184744
0.183819
0.182944
0.182118
0.181342
0.180614
0.179934
0.1793
0.178711
0.178166
0.177666
0.177213
0.17681
0.176462
0.176182
0.176005
0.175949
0.175887
0.199395
0.198255
0.197227
0.19629
0.195403
0.194525
0.193631
0.19271
0.191764
0.190799
0.189823
0.188845
0.187873
0.186914
0.185971
0.185051
0.184155
0.183287
0.182447
0.181638
0.180859
0.180111
0.179395
0.17871
0.178056
0.177435
0.176847
0.176294
0.175781
0.175312
0.174899
0.174549
0.174245
0.199395
0.198216
0.197096
0.196039
0.195039
0.194082
0.193155
0.192244
0.191342
0.190445
0.189551
0.188663
0.18778
0.186907
0.186044
0.185195
0.184362
0.183545
0.182748
0.181969
0.181212
0.180475
0.179761
0.179068
0.178398
0.177752
0.17713
0.176533
0.175964
0.175426
0.174924
0.174458
0.174031
0.199395
0.19821
0.197068
0.19597
0.194919
0.193911
0.192941
0.192004
0.191094
0.190205
0.189335
0.18848
0.187641
0.186815
0.186003
0.185205
0.184421
0.183653
0.1829
0.182162
0.181441
0.180737
0.18005
0.17938
0.178728
0.178094
0.177478
0.176883
0.176309
0.175757
0.175231
0.174731
0.174259
0.199395
0.198209
0.197062
0.195954
0.194885
0.193855
0.192861
0.191902
0.190974
0.190075
0.189203
0.188354
0.187526
0.186718
0.185929
0.185157
0.184402
0.183664
0.182942
0.182235
0.181544
0.180869
0.18021
0.179566
0.178938
0.178326
0.177729
0.17715
0.176588
0.176045
0.175522
0.17502
0.174538
0.199395
0.198209
0.197061
0.195951
0.194877
0.193838
0.192835
0.191864
0.190925
0.190017
0.189137
0.188283
0.187455
0.18665
0.185867
0.185104
0.184361
0.183637
0.182931
0.182242
0.18157
0.180915
0.180275
0.17965
0.179041
0.178448
0.17787
0.177307
0.176761
0.176231
0.175719
0.175223
0.174746
0.199395
0.198209
0.197061
0.19595
0.194874
0.193834
0.192827
0.191852
0.190908
0.189994
0.189109
0.188251
0.187419
0.186611
0.185828
0.185067
0.184327
0.183608
0.182908
0.182226
0.181563
0.180917
0.180288
0.179676
0.179079
0.178497
0.177932
0.177381
0.176847
0.176328
0.175825
0.175338
0.174867
0.199395
0.198209
0.19706
0.195949
0.194873
0.193832
0.192824
0.191848
0.190902
0.189986
0.189098
0.188237
0.187402
0.186593
0.185808
0.185045
0.184305
0.183586
0.182888
0.182209
0.181549
0.180907
0.180283
0.179675
0.179085
0.17851
0.177951
0.177408
0.17688
0.176368
0.175871
0.175389
0.174923
0.199395
0.198209
0.19706
0.195949
0.194873
0.193831
0.192823
0.191846
0.1909
0.189982
0.189093
0.188231
0.187396
0.186585
0.185798
0.185035
0.184294
0.183575
0.182876
0.182197
0.181538
0.180897
0.180274
0.179669
0.17908
0.178508
0.177952
0.177412
0.176888
0.176379
0.175885
0.175406
0.174941
0.199395
0.198209
0.19706
0.195949
0.194873
0.193831
0.192822
0.191845
0.190898
0.189981
0.189091
0.188229
0.187393
0.186581
0.185794
0.18503
0.184288
0.183568
0.182869
0.18219
0.181531
0.18089
0.180267
0.179662
0.179075
0.178503
0.177949
0.17741
0.176886
0.176378
0.175885
0.175407
0.174942
0.199395
0.198209
0.19706
0.195948
0.194872
0.19383
0.192822
0.191844
0.190897
0.18998
0.18909
0.188227
0.187391
0.186579
0.185792
0.185027
0.184285
0.183565
0.182866
0.182187
0.181527
0.180886
0.180263
0.179658
0.179071
0.1785
0.177945
0.177406
0.176883
0.176375
0.175882
0.175403
0.174938
0.199395
0.198208
0.19706
0.195948
0.194872
0.19383
0.192821
0.191844
0.190897
0.189979
0.189089
0.188226
0.18739
0.186578
0.18579
0.185026
0.184284
0.183563
0.182864
0.182184
0.181525
0.180884
0.180261
0.179656
0.179068
0.178497
0.177942
0.177403
0.17688
0.176371
0.175877
0.175398
0.174932
0.199395
0.198208
0.19706
0.195948
0.194872
0.19383
0.192821
0.191843
0.190896
0.189978
0.189088
0.188226
0.187389
0.186577
0.185789
0.185025
0.184282
0.183562
0.182862
0.182183
0.181523
0.180882
0.180259
0.179654
0.179066
0.178495
0.17794
0.177401
0.176877
0.176368
0.175874
0.175394
0.174927
0.199395
0.198208
0.19706
0.195948
0.194872
0.19383
0.19282
0.191843
0.190896
0.189978
0.189088
0.188225
0.187388
0.186576
0.185788
0.185024
0.184281
0.183561
0.182861
0.182182
0.181522
0.180881
0.180258
0.179653
0.179065
0.178494
0.177939
0.177399
0.176875
0.176366
0.175871
0.17539
0.174922
0.199395
0.198208
0.19706
0.195948
0.194871
0.193829
0.19282
0.191842
0.190895
0.189977
0.189087
0.188224
0.187387
0.186575
0.185787
0.185023
0.184281
0.18356
0.18286
0.182181
0.181521
0.18088
0.180257
0.179652
0.179064
0.178493
0.177938
0.177398
0.176873
0.176364
0.175868
0.175386
0.174918
0.199395
0.198208
0.197059
0.195948
0.194871
0.193829
0.19282
0.191842
0.190895
0.189977
0.189087
0.188224
0.187387
0.186575
0.185787
0.185022
0.18428
0.183559
0.18286
0.18218
0.18152
0.180879
0.180256
0.179651
0.179063
0.178492
0.177936
0.177396
0.176872
0.176362
0.175866
0.175383
0.174914
0.199395
0.198208
0.197059
0.195947
0.194871
0.193829
0.19282
0.191842
0.190895
0.189976
0.189086
0.188223
0.187386
0.186574
0.185786
0.185021
0.184279
0.183559
0.182859
0.18218
0.18152
0.180878
0.180256
0.17965
0.179062
0.178491
0.177935
0.177395
0.17687
0.176359
0.175863
0.17538
0.174911
0.199395
0.198208
0.197059
0.195947
0.194871
0.193829
0.192819
0.191842
0.190894
0.189976
0.189086
0.188223
0.187386
0.186574
0.185786
0.185021
0.184279
0.183558
0.182858
0.182179
0.181519
0.180878
0.180255
0.17965
0.179061
0.17849
0.177934
0.177394
0.176868
0.176357
0.175861
0.175378
0.174908
0.199395
0.198208
0.197059
0.195947
0.194871
0.193829
0.192819
0.191842
0.190894
0.189976
0.189086
0.188222
0.187385
0.186573
0.185785
0.185021
0.184278
0.183558
0.182858
0.182178
0.181518
0.180877
0.180254
0.179649
0.17906
0.178489
0.177933
0.177392
0.176867
0.176355
0.175858
0.175375
0.174904
0.199395
0.198208
0.197059
0.195947
0.194871
0.193829
0.192819
0.191841
0.190894
0.189976
0.189085
0.188222
0.187385
0.186573
0.185785
0.18502
0.184278
0.183557
0.182857
0.182178
0.181518
0.180877
0.180254
0.179648
0.17906
0.178488
0.177931
0.177391
0.176865
0.176354
0.175856
0.175372
0.174901
0.199395
0.198208
0.197059
0.195947
0.194871
0.193829
0.192819
0.191841
0.190894
0.189975
0.189085
0.188222
0.187385
0.186573
0.185785
0.18502
0.184278
0.183557
0.182857
0.182178
0.181517
0.180876
0.180253
0.179647
0.179059
0.178487
0.17793
0.177389
0.176863
0.176352
0.175854
0.17537
0.174899
0.199395
0.198208
0.197059
0.195947
0.194871
0.193828
0.192819
0.191841
0.190894
0.189975
0.189085
0.188222
0.187385
0.186572
0.185784
0.18502
0.184277
0.183557
0.182857
0.182177
0.181517
0.180876
0.180252
0.179647
0.179058
0.178486
0.177929
0.177388
0.176862
0.17635
0.175852
0.175368
0.174896
0.199395
0.198208
0.197059
0.195947
0.194871
0.193828
0.192819
0.191841
0.190894
0.189975
0.189085
0.188222
0.187384
0.186572
0.185784
0.185019
0.184277
0.183556
0.182857
0.182177
0.181517
0.180875
0.180252
0.179646
0.179057
0.178485
0.177928
0.177387
0.17686
0.176348
0.17585
0.175365
0.174894
0.199395
0.198208
0.197059
0.195947
0.194871
0.193828
0.192819
0.191841
0.190894
0.189975
0.189085
0.188222
0.187384
0.186572
0.185784
0.185019
0.184277
0.183556
0.182856
0.182177
0.181516
0.180875
0.180251
0.179646
0.179057
0.178484
0.177927
0.177386
0.176859
0.176347
0.175848
0.175363
0.174891
0.199395
0.198208
0.197059
0.195947
0.194871
0.193828
0.192819
0.191841
0.190894
0.189975
0.189085
0.188222
0.187384
0.186572
0.185784
0.185019
0.184277
0.183556
0.182856
0.182177
0.181516
0.180875
0.180251
0.179645
0.179056
0.178483
0.177927
0.177385
0.176858
0.176346
0.175847
0.175362
0.174889
0.199395
0.198208
0.197059
0.195947
0.194871
0.193828
0.192819
0.191841
0.190894
0.189975
0.189085
0.188222
0.187384
0.186572
0.185784
0.185019
0.184277
0.183556
0.182856
0.182177
0.181516
0.180875
0.180251
0.179645
0.179056
0.178483
0.177926
0.177384
0.176857
0.176345
0.175846
0.17536
0.174888
0.199395
0.198208
0.197059
0.195947
0.194871
0.193828
0.192819
0.191841
0.190894
0.189975
0.189085
0.188222
0.187385
0.186572
0.185784
0.18502
0.184277
0.183556
0.182856
0.182177
0.181516
0.180875
0.180251
0.179645
0.179056
0.178483
0.177926
0.177384
0.176857
0.176344
0.175845
0.175359
0.174886
0.199395
0.198208
0.197059
0.195947
0.194871
0.193828
0.192819
0.191841
0.190894
0.189975
0.189085
0.188222
0.187385
0.186573
0.185785
0.18502
0.184278
0.183557
0.182857
0.182177
0.181517
0.180875
0.180252
0.179646
0.179056
0.178483
0.177926
0.177384
0.176857
0.176344
0.175845
0.175359
0.174886
0.199395
0.198208
0.197059
0.195947
0.194871
0.193829
0.192819
0.191841
0.190894
0.189976
0.189086
0.188223
0.187385
0.186573
0.185786
0.185021
0.184279
0.183558
0.182858
0.182178
0.181518
0.180876
0.180253
0.179646
0.179057
0.178484
0.177926
0.177384
0.176856
0.176343
0.175843
0.175357
0.174883
0.199395
0.198208
0.197059
0.195947
0.194871
0.193829
0.19282
0.191843
0.190896
0.189978
0.189089
0.188226
0.18739
0.186579
0.185791
0.185027
0.184285
0.183564
0.182864
0.182184
0.181524
0.180881
0.180257
0.17965
0.179059
0.178485
0.177926
0.177382
0.176853
0.176338
0.175836
0.175347
0.174871
0.199395
0.198208
0.197059
0.195948
0.194872
0.193831
0.192824
0.191848
0.190902
0.189986
0.189098
0.188236
0.1874
0.186589
0.185802
0.185037
0.184294
0.183572
0.18287
0.182188
0.181524
0.180879
0.180251
0.179639
0.179044
0.178465
0.177901
0.177351
0.176816
0.176295
0.175786
0.175291
0.174808
0.199395
0.198209
0.197062
0.195955
0.194886
0.193854
0.192854
0.191885
0.190946
0.190033
0.189147
0.188285
0.187447
0.186632
0.185839
0.185067
0.184316
0.183584
0.182871
0.182177
0.1815
0.180841
0.180199
0.179572
0.178962
0.178366
0.177785
0.177219
0.176666
0.176127
0.175601
0.175088
0.174587
0.199395
0.198223
0.197106
0.196031
0.194987
0.19397
0.192977
0.192007
0.19106
0.190136
0.189233
0.188352
0.187492
0.186653
0.185835
0.185036
0.184256
0.183495
0.182752
0.182027
0.181319
0.180629
0.179954
0.179295
0.178652
0.178024
0.177411
0.176811
0.176226
0.175654
0.175095
0.174548
0.174015
0.19941
0.198319
0.197297
0.196301
0.195311
0.19432
0.193331
0.192348
0.191377
0.190421
0.189483
0.188566
0.187669
0.186794
0.185941
0.185108
0.184296
0.183504
0.182732
0.181978
0.181242
0.180524
0.179822
0.179137
0.178468
0.177815
0.177177
0.176553
0.175943
0.175347
0.174765
0.174196
0.17364
0.199716
0.199139
0.198469
0.197763
0.19707
0.196417
0.19581
0.195248
0.19473
0.194256
0.193823
0.19343
0.193075
0.192755
0.19247
0.192217
0.191995
0.1918
0.191631
0.191487
0.191366
0.191266
0.191185
0.191122
0.191076
0.191046
0.19103
0.191028
0.191038
0.19106
0.191092
0.191135
0.191187
0.205424
0.216593
0.227629
0.238434
0.248975
0.259243
0.269229
0.278926
0.288327
0.297426
0.306219
0.314705
0.322883
0.330755
0.338322
0.34559
0.352562
0.359244
0.365643
0.371766
0.377619
0.383212
0.388552
0.393647
0.398507
0.403139
0.407553
0.411756
0.415757
0.419565
0.423187
0.426631
0.429908
0.672004
0.551611
1.03192
1.90459
2.48615
2.70239
2.72082
2.66167
2.58292
2.50825
2.44428
2.38957
2.33972
2.29039
2.23894
2.18472
2.1287
2.0727
2.01876
1.96859
1.92344
1.88404
1.8507
1.82334
1.8016
1.78481
1.77207
1.76223
1.75407
1.74632
1.73781
1.72762
1.71517
1.70035
1.68354
1.66572
1.6484
1.63353
1.62333
1.62002
1.62535
1.64013
1.66376
1.69412
1.72774
1.76038
1.78784
1.80652
1.81391
1.80864
1.79043
1.75992
1.7184
1.66762
1.60965
1.54667
1.48089
1.41437
1.34892
1.28593
1.22637
1.17064
1.11867
1.06999
1.0239
0.979665
0.936672
0.894582
0.853396
0.813487
0.775593
0.740843
0.710864
0.688061
0.675962
0.678996
0.700808
0.741396
0.795586
0.854805
0.910652
0.957384
0.992359
1.01526
1.02708
1.02939
1.02389
1.01225
0.995984
0.976493
0.955086
0.932984
0.911317
0.891051
0.872918
0.857267
0.844155
0.833025
0.824007
0.81311
0.320604
0.436049
0.432801
0.578992
0.986796
1.42503
1.72397
1.87929
1.94536
1.9665
1.96682
1.95628
1.93743
1.91042
1.87592
1.83587
1.79305
1.75034
1.71012
1.67396
1.64267
1.61646
1.59518
1.57839
1.56549
1.55569
1.54806
1.54151
1.53491
1.52716
1.51733
1.50474
1.48908
1.47048
1.44956
1.42745
1.40573
1.38639
1.37164
1.36372
1.36453
1.37512
1.39529
1.42329
1.45588
1.48885
1.51778
1.53873
1.54878
1.54623
1.53058
1.50234
1.46278
1.41374
1.35738
1.29604
1.23204
1.16761
1.10466
1.04474
0.988903
0.937647
0.890957
0.848376
0.809168
0.772504
0.737655
0.704127
0.671753
0.640716
0.611547
0.585129
0.56278
0.546518
0.539469
0.545873
0.569675
0.611658
0.667499
0.72912
0.788194
0.838797
0.878037
0.905371
0.921633
0.928281
0.926961
0.91929
0.906786
0.89086
0.872838
0.853967
0.835403
0.818143
0.802938
0.79016
0.779857
0.771515
0.765046
0.757771
0.21217
0.244667
0.241907
0.226545
0.269546
0.429885
0.66654
0.897633
1.07651
1.19706
1.27117
1.31259
1.33147
1.33454
1.32661
1.31182
1.29394
1.27615
1.26069
1.2487
1.24043
1.23557
1.23353
1.23364
1.23521
1.23747
1.2396
1.2407
1.23984
1.23616
1.229
1.21795
1.20296
1.18442
1.16312
1.1403
1.11754
1.09676
1.08005
1.06954
1.06713
1.07413
1.09083
1.11608
1.14726
1.18052
1.21147
1.23592
1.25056
1.25325
1.24312
1.22042
1.1863
1.14254
1.09135
1.03512
0.976283
0.917123
0.859663
0.805525
0.755841
0.711193
0.671624
0.636717
0.605732
0.577797
0.552087
0.527974
0.505112
0.483479
0.463361
0.445346
0.430366
0.419912
0.416459
0.423763
0.446006
0.485198
0.538673
0.599532
0.659766
0.71316
0.756311
0.788192
0.809277
0.820784
0.824208
0.821083
0.812883
0.801
0.786755
0.771402
0.756112
0.741907
0.729577
0.719543
0.711889
0.706185
0.70213
0.69843
0.183076
0.189713
0.192184
0.185018
0.179407
0.194003
0.24707
0.336874
0.443138
0.543894
0.625533
0.683725
0.720075
0.739113
0.746553
0.74803
0.748219
0.750317
0.755954
0.76546
0.778309
0.793551
0.810143
0.827112
0.843603
0.858846
0.872105
0.882646
0.88976
0.892827
0.891408
0.885334
0.874775
0.86027
0.842721
0.823358
0.803669
0.785331
0.770129
0.759862
0.756216
0.76055
0.773572
0.794943
0.822996
0.854752
0.886342
0.91369
0.933226
0.942387
0.939836
0.925425
0.900013
0.865212
0.823127
0.776119
0.726596
0.67683
0.628803
0.584089
0.543769
0.508395
0.478012
0.452235
0.430376
0.411598
0.395079
0.380144
0.366345
0.353498
0.341676
0.331194
0.322616
0.31689
0.315701
0.321962
0.339641
0.371906
0.418341
0.474094
0.532068
0.585895
0.631517
0.667191
0.692808
0.709178
0.717529
0.719226
0.715641
0.708104
0.697894
0.686246
0.674322
0.663164
0.653603
0.646134
0.64091
0.637631
0.635791
0.635534
0.175935
0.176826
0.177587
0.175958
0.172334
0.171108
0.177548
0.194941
0.223027
0.257738
0.293102
0.323799
0.346791
0.361539
0.369377
0.372822
0.374753
0.377747
0.383649
0.393384
0.406997
0.423873
0.443013
0.463296
0.483638
0.503064
0.520707
0.535795
0.547652
0.555731
0.559675
0.559379
0.555039
0.547158
0.536525
0.524149
0.511192
0.498888
0.48849
0.48123
0.478292
0.48076
0.489474
0.504775
0.52616
0.55204
0.579775
0.606073
0.627608
0.641632
0.646375
0.64119
0.626474
0.603465
0.573974
0.54012
0.504082
0.467887
0.43325
0.401468
0.373373
0.34934
0.329344
0.313041
0.299873
0.289177
0.280294
0.272658
0.265854
0.259654
0.254009
0.249048
0.245063
0.242571
0.242539
0.246842
0.258582
0.281285
0.316618
0.362487
0.413658
0.464214
0.509588
0.547207
0.576183
0.596725
0.609642
0.616017
0.617033
0.613894
0.607791
0.599895
0.591331
0.583137
0.576178
0.571035
0.567954
0.566805
0.566897
0.56982
0.173928
0.173657
0.173448
0.172793
0.171343
0.169853
0.169852
0.172578
0.178479
0.187086
0.197169
0.207157
0.215648
0.221795
0.225502
0.227259
0.22792
0.228454
0.229748
0.232471
0.237016
0.243483
0.251711
0.261338
0.271869
0.282735
0.293339
0.303091
0.311444
0.317929
0.322201
0.324091
0.323631
0.32106
0.316799
0.311405
0.305511
0.29977
0.294822
0.291274
0.289716
0.29073
0.294893
0.302699
0.314378
0.329645
0.347481
0.366128
0.383347
0.396887
0.404947
0.4065
0.401393
0.39026
0.374317
0.355105
0.334233
0.313175
0.293123
0.274918
0.25905
0.245699
0.234808
0.226151
0.219395
0.214158
0.210054
0.206737
0.203934
0.201469
0.19927
0.197368
0.195895
0.195098
0.195451
0.19794
0.204489
0.217936
0.240855
0.273639
0.313699
0.356599
0.397934
0.434527
0.464675
0.487845
0.504272
0.514623
0.519787
0.520758
0.518574
0.514287
0.508943
0.503536
0.498942
0.495819
0.494518
0.495106
0.496747
0.502408
0.173573
0.173046
0.17252
0.171923
0.17112
0.170169
0.169437
0.169383
0.170297
0.17218
0.174768
0.17763
0.180281
0.182337
0.183637
0.184227
0.184308
0.184175
0.184135
0.18446
0.185342
0.186882
0.18909
0.191896
0.195166
0.198717
0.202339
0.205802
0.208879
0.211363
0.213091
0.213963
0.213959
0.213145
0.211661
0.209706
0.207512
0.20532
0.203362
0.20186
0.201024
0.201068
0.202227
0.204753
0.208882
0.214737
0.222199
0.230785
0.239633
0.247627
0.253642
0.256811
0.256712
0.253415
0.247409
0.239447
0.230373
0.22097
0.21187
0.203513
0.196155
0.189901
0.184747
0.180616
0.177386
0.174907
0.173018
0.171564
0.17041
0.169456
0.168647
0.16798
0.167505
0.167328
0.167649
0.168908
0.172076
0.178893
0.191561
0.211614
0.23875
0.270703
0.304222
0.336242
0.364572
0.388005
0.406139
0.419124
0.427453
0.431818
0.433029
0.431959
0.429515
0.4266
0.424057
0.422583
0.422626
0.424461
0.427158
0.434893
0.173743
0.17315
0.172542
0.171917
0.171252
0.170533
0.169823
0.169251
0.16895
0.168985
0.169328
0.169863
0.170427
0.170864
0.171079
0.171047
0.170809
0.170452
0.170086
0.169815
0.169721
0.169853
0.170225
0.170817
0.171584
0.17246
0.173369
0.174231
0.174966
0.175504
0.175788
0.175785
0.175488
0.174918
0.174118
0.173151
0.172094
0.171023
0.170015
0.169142
0.168472
0.168075
0.168026
0.168414
0.169332
0.170865
0.173045
0.175798
0.17891
0.182029
0.184724
0.186587
0.187326
0.186836
0.185197
0.182635
0.179451
0.175952
0.172402
0.169004
0.165888
0.163126
0.160749
0.158754
0.157119
0.155806
0.15477
0.153956
0.153314
0.152798
0.152379
0.152047
0.151819
0.151733
0.151865
0.152388
0.153716
0.156727
0.162802
0.173406
0.189289
0.209931
0.233671
0.258339
0.281915
0.302909
0.320446
0.334186
0.344189
0.350788
0.354501
0.355962
0.355885
0.355024
0.35413
0.353886
0.354795
0.357314
0.360494
0.369396
0.174005
0.173398
0.172778
0.172149
0.171512
0.170865
0.170211
0.169577
0.169004
0.168529
0.168166
0.167897
0.167674
0.16744
0.16715
0.16678
0.166333
0.165834
0.16532
0.164835
0.164413
0.164079
0.163842
0.163696
0.163623
0.163598
0.163588
0.16356
0.163484
0.163333
0.163086
0.162733
0.162271
0.161709
0.161061
0.16035
0.159599
0.158835
0.158083
0.157367
0.156709
0.156134
0.155666
0.155337
0.155182
0.155239
0.155536
0.156075
0.156813
0.157661
0.158484
0.159135
0.159485
0.159454
0.159023
0.158231
0.157154
0.155889
0.154525
0.15314
0.151792
0.150519
0.149345
0.148282
0.147337
0.146508
0.145792
0.145177
0.144653
0.144205
0.143822
0.143499
0.143241
0.143059
0.142979
0.143058
0.14345
0.144536
0.147029
0.151903
0.16002
0.171671
0.186368
0.203002
0.22021
0.236714
0.251538
0.264065
0.27402
0.281406
0.286439
0.28949
0.291042
0.291656
0.291933
0.292477
0.293782
0.296425
0.299507
0.308488
0.174212
0.173608
0.172995
0.172376
0.171753
0.17113
0.170505
0.16988
0.169265
0.168671
0.168109
0.167579
0.167071
0.16657
0.166055
0.165516
0.164948
0.164357
0.163756
0.163163
0.162595
0.162062
0.161573
0.161127
0.160718
0.160334
0.159964
0.159593
0.159206
0.158792
0.158344
0.157854
0.157323
0.156752
0.156146
0.155511
0.154854
0.154184
0.153507
0.152831
0.152163
0.151511
0.150886
0.150302
0.149773
0.149321
0.148964
0.148716
0.148576
0.148527
0.148535
0.148552
0.148528
0.148422
0.14821
0.147885
0.147455
0.146939
0.146359
0.145736
0.145086
0.144425
0.143762
0.143106
0.142467
0.141851
0.141265
0.140715
0.140202
0.139728
0.139293
0.138896
0.138539
0.138226
0.137961
0.137759
0.137667
0.137828
0.138562
0.140393
0.143945
0.149685
0.157689
0.167581
0.178656
0.190081
0.201075
0.211018
0.219503
0.226328
0.23148
0.235099
0.237446
0.238877
0.239816
0.240732
0.242047
0.244356
0.24688
0.254861
0.174337
0.173739
0.173136
0.172528
0.171918
0.171307
0.170697
0.170086
0.169474
0.168863
0.168257
0.167658
0.167064
0.16647
0.165872
0.165262
0.164639
0.164003
0.163359
0.162715
0.162078
0.161455
0.160851
0.160268
0.159705
0.15916
0.158627
0.158101
0.157575
0.157045
0.156507
0.155956
0.15539
0.15481
0.154215
0.153605
0.15298
0.152342
0.15169
0.151025
0.150349
0.149665
0.148979
0.148297
0.14763
0.146991
0.146394
0.145853
0.145378
0.144973
0.144634
0.144349
0.144102
0.143873
0.143646
0.143407
0.143146
0.142858
0.142539
0.142187
0.141802
0.141383
0.140932
0.140453
0.139951
0.139432
0.138905
0.138378
0.137857
0.137349
0.136859
0.136388
0.135939
0.135511
0.135104
0.134718
0.134361
0.134078
0.133993
0.13435
0.135504
0.13783
0.141569
0.14672
0.153023
0.160041
0.167271
0.17424
0.180567
0.185995
0.190394
0.193751
0.196164
0.197815
0.198961
0.199919
0.200998
0.20272
0.204464
0.210666
0.174397
0.173803
0.173207
0.172608
0.172006
0.171404
0.170802
0.170199
0.169595
0.168988
0.168379
0.167768
0.167156
0.166539
0.165917
0.165287
0.164647
0.163998
0.163341
0.16268
0.162017
0.161358
0.160706
0.160064
0.159433
0.158813
0.158203
0.157603
0.15701
0.156422
0.155837
0.155253
0.154667
0.154077
0.153481
0.152877
0.152262
0.151634
0.15099
0.150329
0.149651
0.148956
0.148247
0.147531
0.146813
0.146106
0.14542
0.144769
0.144164
0.143615
0.143126
0.142698
0.142327
0.142004
0.14172
0.141462
0.141218
0.140975
0.140722
0.140449
0.140148
0.139814
0.139442
0.139033
0.138588
0.138113
0.137612
0.137094
0.136566
0.136035
0.135505
0.13498
0.134463
0.133953
0.133446
0.132939
0.132428
0.131923
0.131464
0.131152
0.131157
0.131705
0.133012
0.135205
0.138264
0.142025
0.146222
0.150554
0.154735
0.158533
0.161792
0.164431
0.166447
0.167909
0.168944
0.169739
0.170488
0.171585
0.172583
0.176753
0.174417
0.173825
0.173232
0.172637
0.17204
0.171443
0.170845
0.170246
0.169646
0.169044
0.168438
0.16783
0.167217
0.166599
0.165975
0.165343
0.164704
0.164056
0.163401
0.162739
0.162073
0.161406
0.16074
0.160077
0.159419
0.158769
0.158127
0.157493
0.156867
0.15625
0.15564
0.155036
0.154436
0.153836
0.153235
0.152629
0.152015
0.151389
0.150748
0.15009
0.149413
0.148717
0.148004
0.147279
0.146548
0.14582
0.145106
0.144416
0.143761
0.143153
0.142597
0.142099
0.141659
0.141273
0.140934
0.140633
0.140359
0.140098
0.139839
0.139569
0.139279
0.13896
0.138608
0.138219
0.137793
0.137333
0.136843
0.136329
0.135796
0.135251
0.134697
0.134139
0.133577
0.133012
0.132439
0.131854
0.131252
0.130629
0.129997
0.129391
0.128885
0.128592
0.12865
0.12918
0.130252
0.13185
0.133877
0.136177
0.138572
0.14089
0.142992
0.144782
0.146211
0.147282
0.148041
0.148581
0.149008
0.149579
0.150012
0.152388
0.174418
0.173826
0.173233
0.172639
0.172044
0.171447
0.17085
0.170253
0.169654
0.169053
0.16845
0.167843
0.167232
0.166617
0.165995
0.165368
0.164733
0.164091
0.163441
0.162786
0.162125
0.161461
0.160795
0.16013
0.159467
0.158807
0.158154
0.157507
0.156868
0.156237
0.155614
0.154998
0.154387
0.15378
0.153172
0.152562
0.151946
0.151319
0.150679
0.150022
0.149348
0.148656
0.147948
0.147226
0.146498
0.145769
0.145049
0.144349
0.143678
0.143046
0.14246
0.141925
0.141443
0.141012
0.140628
0.140284
0.139969
0.139672
0.139383
0.139089
0.138781
0.13845
0.13809
0.137699
0.137273
0.136815
0.136328
0.135813
0.135277
0.134724
0.134157
0.133578
0.13299
0.13239
0.131776
0.131143
0.130486
0.129798
0.129083
0.128349
0.127628
0.126969
0.126445
0.126136
0.126112
0.126413
0.12703
0.12791
0.128967
0.130097
0.131199
0.132189
0.133009
0.13363
0.134054
0.134316
0.134462
0.134638
0.134696
0.135743
0.174412
0.173819
0.173225
0.172629
0.172033
0.171436
0.170838
0.170239
0.169639
0.169037
0.168434
0.167827
0.167217
0.166603
0.165984
0.165359
0.164728
0.164091
0.163447
0.162798
0.162144
0.161486
0.160826
0.160164
0.159503
0.158844
0.158189
0.157539
0.156896
0.156259
0.155629
0.155006
0.154388
0.153774
0.153161
0.152546
0.151926
0.151297
0.150657
0.150003
0.149333
0.148647
0.147946
0.147233
0.146513
0.145792
0.145077
0.144378
0.143704
0.143063
0.142461
0.141904
0.141394
0.14093
0.14051
0.140126
0.139772
0.139437
0.139111
0.138785
0.13845
0.138097
0.13772
0.137316
0.136883
0.136421
0.13593
0.135414
0.134876
0.134318
0.133743
0.133153
0.132549
0.131928
0.13129
0.130628
0.129937
0.129215
0.128457
0.127669
0.12686
0.126052
0.12528
0.124589
0.124024
0.123627
0.123421
0.123404
0.123549
0.123809
0.124128
0.124448
0.124719
0.124907
0.124992
0.124979
0.124881
0.124766
0.124582
0.124745
0.174405
0.17381
0.173214
0.172617
0.172019
0.171419
0.170819
0.170218
0.169616
0.169012
0.168406
0.167798
0.167187
0.166572
0.165953
0.16533
0.164701
0.164067
0.163428
0.162784
0.162135
0.161483
0.160827
0.160171
0.159514
0.158858
0.158205
0.157555
0.15691
0.156271
0.155638
0.15501
0.154388
0.153768
0.15315
0.15253
0.151907
0.151276
0.150636
0.149984
0.149318
0.148639
0.147946
0.147243
0.146533
0.145821
0.145115
0.144422
0.14375
0.143105
0.142495
0.141923
0.141392
0.140903
0.140452
0.140034
0.139644
0.139273
0.138913
0.138555
0.13819
0.137813
0.137416
0.136997
0.136553
0.136083
0.135587
0.135068
0.134527
0.133965
0.133386
0.132789
0.132176
0.131543
0.13089
0.130211
0.129502
0.12876
0.127983
0.12717
0.126327
0.125464
0.124597
0.123747
0.122942
0.122209
0.121574
0.121049
0.120636
0.120323
0.120087
0.119898
0.119722
0.119534
0.119311
0.119043
0.118729
0.118388
0.118036
0.117639
0.174399
0.173802
0.173204
0.172604
0.172004
0.171402
0.1708
0.170196
0.169591
0.168984
0.168376
0.167765
0.167152
0.166536
0.165916
0.165293
0.164665
0.164032
0.163395
0.162754
0.162109
0.16146
0.160809
0.160156
0.159503
0.15885
0.158199
0.15755
0.156905
0.156265
0.155629
0.154998
0.154371
0.153747
0.153124
0.1525
0.151873
0.151241
0.1506
0.14995
0.149288
0.148614
0.147929
0.147235
0.146536
0.145834
0.145137
0.144451
0.143782
0.143137
0.142521
0.141938
0.141391
0.14088
0.140404
0.139957
0.139536
0.139133
0.138741
0.138352
0.13796
0.137559
0.137142
0.136707
0.13625
0.135771
0.13527
0.134746
0.134202
0.133638
0.133055
0.132454
0.131834
0.131195
0.130532
0.129844
0.129125
0.128373
0.127587
0.126765
0.125911
0.12503
0.124131
0.123224
0.122324
0.121447
0.120612
0.119831
0.119114
0.118464
0.117876
0.117339
0.116838
0.116356
0.115878
0.115391
0.114891
0.114369
0.113886
0.113133
0.174393
0.173794
0.173195
0.172593
0.171991
0.171387
0.170782
0.170176
0.169568
0.168958
0.168347
0.167734
0.167119
0.1665
0.165879
0.165254
0.164626
0.163994
0.163357
0.162718
0.162074
0.161428
0.16078
0.160129
0.159479
0.158828
0.158178
0.15753
0.156885
0.156243
0.155606
0.154971
0.15434
0.153712
0.153085
0.152457
0.151826
0.151191
0.15055
0.149901
0.149242
0.148573
0.147895
0.14721
0.146519
0.145827
0.145138
0.144459
0.143794
0.143149
0.142529
0.141938
0.141377
0.140848
0.140349
0.139877
0.139428
0.138997
0.138576
0.138161
0.137744
0.13732
0.136884
0.136433
0.135964
0.135475
0.134967
0.134438
0.13389
0.133323
0.132737
0.132133
0.131509
0.130864
0.130196
0.129502
0.128778
0.128022
0.127233
0.126409
0.125554
0.124671
0.123765
0.122842
0.121911
0.120981
0.120064
0.119169
0.118305
0.117478
0.116692
0.115945
0.115232
0.114546
0.113879
0.113221
0.112571
0.111906
0.111317
0.110331
0.174388
0.173788
0.173187
0.172584
0.171979
0.171374
0.170766
0.170157
0.169547
0.168935
0.168321
0.167706
0.167088
0.166467
0.165844
0.165218
0.164589
0.163956
0.16332
0.162681
0.162038
0.161393
0.160746
0.160097
0.159448
0.158798
0.158149
0.157501
0.156855
0.156212
0.155572
0.154935
0.1543
0.153668
0.153036
0.152404
0.151771
0.151133
0.150491
0.149842
0.149185
0.14852
0.147848
0.147169
0.146486
0.145802
0.145121
0.144448
0.143786
0.143142
0.142519
0.14192
0.141348
0.140804
0.140286
0.139792
0.139319
0.138862
0.138416
0.137976
0.137536
0.137092
0.136638
0.136171
0.13569
0.135191
0.134675
0.134141
0.133588
0.133018
0.132429
0.131821
0.131194
0.130545
0.129874
0.129176
0.128449
0.127692
0.126902
0.126081
0.125228
0.124349
0.123445
0.122523
0.121587
0.120644
0.119699
0.118761
0.117835
0.116927
0.116042
0.115181
0.114346
0.113534
0.112742
0.111966
0.111205
0.110434
0.109762
0.108619
0.174383
0.173782
0.173179
0.172575
0.171969
0.171362
0.170752
0.170141
0.169529
0.168915
0.168298
0.16768
0.16706
0.166438
0.165813
0.165185
0.164554
0.163921
0.163284
0.162645
0.162003
0.161359
0.160712
0.160064
0.159415
0.158766
0.158117
0.157468
0.156822
0.156177
0.155534
0.154894
0.154256
0.15362
0.152984
0.152348
0.151711
0.151071
0.150427
0.149778
0.149123
0.148461
0.147793
0.14712
0.146443
0.145766
0.145091
0.144423
0.143764
0.143121
0.142495
0.14189
0.141309
0.140751
0.140216
0.139703
0.139209
0.13873
0.138262
0.137799
0.137338
0.136874
0.136403
0.135922
0.135428
0.13492
0.134396
0.133855
0.133297
0.132722
0.132129
0.131518
0.130888
0.130236
0.129561
0.128861
0.128132
0.127375
0.126586
0.125768
0.12492
0.124046
0.123149
0.122233
0.121302
0.12036
0.119412
0.118462
0.117515
0.116576
0.115647
0.114733
0.113835
0.112954
0.112089
0.111238
0.110404
0.109561
0.10883
0.107582
0.174379
0.173777
0.173173
0.172567
0.17196
0.171351
0.17074
0.170127
0.169513
0.168896
0.168278
0.167658
0.167036
0.166411
0.165784
0.165155
0.164523
0.163889
0.163252
0.162612
0.16197
0.161325
0.160679
0.160031
0.159382
0.158733
0.158083
0.157434
0.156786
0.15614
0.155495
0.154852
0.15421
0.15357
0.152931
0.152292
0.151651
0.151009
0.150363
0.149713
0.149059
0.148399
0.147734
0.147066
0.146394
0.145722
0.145052
0.144388
0.143732
0.143089
0.142461
0.141851
0.141261
0.140692
0.140143
0.139613
0.139101
0.138602
0.138113
0.137631
0.137151
0.136669
0.136182
0.135687
0.135181
0.134662
0.134129
0.133581
0.133018
0.132437
0.13184
0.131225
0.130591
0.129935
0.129257
0.128554
0.127825
0.127067
0.12628
0.125465
0.124622
0.123754
0.122865
0.121956
0.121032
0.120097
0.119153
0.118204
0.117255
0.116307
0.115364
0.114429
0.113503
0.112588
0.111685
0.110792
0.109915
0.109026
0.108256
0.106939
0.174375
0.173772
0.173167
0.172561
0.171952
0.171341
0.170729
0.170115
0.169498
0.16888
0.16826
0.167638
0.167014
0.166388
0.165759
0.165129
0.164495
0.16386
0.163222
0.162581
0.161939
0.161294
0.160647
0.159999
0.15935
0.1587
0.15805
0.1574
0.156751
0.156103
0.155456
0.15481
0.154165
0.153522
0.152879
0.152237
0.151593
0.150948
0.150301
0.14965
0.148996
0.148338
0.147675
0.14701
0.146342
0.145675
0.145009
0.144348
0.143694
0.143051
0.142421
0.141807
0.14121
0.140631
0.140069
0.139525
0.138996
0.138479
0.137973
0.137472
0.136975
0.136476
0.135974
0.135465
0.134947
0.134418
0.133876
0.13332
0.13275
0.132164
0.131562
0.130941
0.130302
0.129643
0.128961
0.128256
0.127524
0.126766
0.12598
0.125167
0.124329
0.123467
0.122584
0.121682
0.120766
0.119838
0.118901
0.117958
0.117012
0.116065
0.11512
0.114179
0.113243
0.112314
0.111393
0.11048
0.109579
0.108664
0.107871
0.10651
0.174371
0.173768
0.173162
0.172554
0.171944
0.171333
0.170719
0.170103
0.169486
0.168866
0.168244
0.167621
0.166995
0.166367
0.165737
0.165105
0.16447
0.163834
0.163195
0.162553
0.16191
0.161265
0.160618
0.159969
0.15932
0.158669
0.158018
0.157367
0.156717
0.156067
0.155418
0.154769
0.154122
0.153476
0.15283
0.152184
0.151538
0.150891
0.150242
0.14959
0.148935
0.148278
0.147617
0.146954
0.14629
0.145625
0.144963
0.144304
0.143652
0.143009
0.142378
0.14176
0.141156
0.140568
0.139996
0.139439
0.138895
0.138363
0.13784
0.137323
0.13681
0.136296
0.135779
0.135257
0.134727
0.134187
0.133636
0.133072
0.132494
0.131901
0.131292
0.130666
0.130022
0.129357
0.128671
0.127961
0.127227
0.126468
0.125682
0.124871
0.124035
0.123177
0.122299
0.121404
0.120494
0.119572
0.118642
0.117705
0.116764
0.115821
0.114878
0.113937
0.112999
0.112066
0.111138
0.110214
0.109302
0.108372
0.107565
0.106178
0.174368
0.173763
0.173157
0.172548
0.171938
0.171325
0.17071
0.170093
0.169474
0.168853
0.16823
0.167605
0.166978
0.166348
0.165717
0.165083
0.164448
0.16381
0.16317
0.162528
0.161884
0.161238
0.16059
0.159941
0.159291
0.15864
0.157988
0.157336
0.156684
0.156032
0.155381
0.154731
0.154081
0.153432
0.152783
0.152135
0.151486
0.150836
0.150185
0.149533
0.148878
0.148221
0.147561
0.1469
0.146238
0.145576
0.144916
0.144259
0.143608
0.142965
0.142332
0.14171
0.141101
0.140506
0.139924
0.139355
0.138799
0.138253
0.137715
0.137183
0.136655
0.136126
0.135596
0.13506
0.134518
0.133967
0.133406
0.132832
0.132246
0.131645
0.131029
0.130395
0.129744
0.129073
0.128381
0.127667
0.126929
0.126167
0.125379
0.124568
0.123734
0.122878
0.122003
0.121112
0.120206
0.119289
0.118364
0.117432
0.116495
0.115556
0.114616
0.113676
0.112739
0.111804
0.110872
0.109944
0.109026
0.108088
0.107273
0.105868
0.174364
0.17376
0.173152
0.172543
0.171931
0.171318
0.170702
0.170084
0.169464
0.168841
0.168217
0.167591
0.166962
0.166331
0.165699
0.165064
0.164427
0.163788
0.163147
0.162504
0.161859
0.161213
0.160564
0.159915
0.159264
0.158612
0.157959
0.157306
0.156652
0.155999
0.155346
0.154694
0.154042
0.15339
0.152739
0.152088
0.151437
0.150785
0.150133
0.149479
0.148823
0.148166
0.147507
0.146847
0.146187
0.145527
0.144868
0.144213
0.143563
0.14292
0.142285
0.141659
0.141045
0.140443
0.139853
0.139274
0.138706
0.138147
0.137596
0.13705
0.136507
0.135964
0.13542
0.134871
0.134317
0.133754
0.133181
0.132597
0.132001
0.131391
0.130765
0.130123
0.129463
0.128784
0.128085
0.127363
0.126619
0.125852
0.125061
0.124247
0.123412
0.122556
0.121682
0.120792
0.119889
0.118975
0.118052
0.117122
0.116188
0.115251
0.114312
0.113374
0.112436
0.1115
0.110567
0.109635
0.108712
0.107769
0.106949
0.105531
0.174361
0.173756
0.173148
0.172538
0.171926
0.171311
0.170694
0.170075
0.169454
0.168831
0.168206
0.167578
0.166948
0.166316
0.165683
0.165047
0.164409
0.163769
0.163127
0.162483
0.161837
0.161189
0.16054
0.15989
0.159238
0.158585
0.157931
0.157277
0.156622
0.155968
0.155313
0.154659
0.154005
0.153351
0.152698
0.152045
0.151391
0.150738
0.150083
0.149428
0.148772
0.148114
0.147456
0.146797
0.146137
0.145478
0.144821
0.144166
0.143516
0.142872
0.142235
0.141607
0.140988
0.140379
0.13978
0.139192
0.138613
0.138042
0.137477
0.136918
0.136361
0.135804
0.135246
0.134683
0.134115
0.133539
0.132954
0.132358
0.131749
0.131127
0.13049
0.129837
0.129166
0.128476
0.127767
0.127036
0.126283
0.125508
0.124711
0.123892
0.123053
0.122194
0.121318
0.120427
0.119524
0.118609
0.117686
0.116757
0.115823
0.114886
0.113947
0.113007
0.112068
0.111129
0.110193
0.109258
0.108331
0.107382
0.106556
0.105127
0.174358
0.173753
0.173144
0.172534
0.171921
0.171305
0.170688
0.170068
0.169446
0.168822
0.168195
0.167567
0.166936
0.166303
0.165668
0.165031
0.164392
0.163751
0.163108
0.162463
0.161816
0.161168
0.160518
0.159867
0.159214
0.15856
0.157906
0.15725
0.156594
0.155938
0.155282
0.154626
0.15397
0.153314
0.152659
0.152004
0.151348
0.150693
0.150037
0.14938
0.148723
0.148065
0.147406
0.146747
0.146088
0.145429
0.144772
0.144118
0.143467
0.142821
0.142182
0.14155
0.140926
0.14031
0.139703
0.139105
0.138515
0.137932
0.137354
0.13678
0.136208
0.135636
0.135062
0.134484
0.133901
0.13331
0.132709
0.132098
0.131475
0.130838
0.130186
0.129518
0.128833
0.128129
0.127406
0.126663
0.125898
0.125112
0.124305
0.123478
0.122631
0.121766
0.120886
0.11999
0.119083
0.118166
0.11724
0.116308
0.115372
0.114432
0.11349
0.112547
0.111604
0.110662
0.109721
0.108782
0.107849
0.106894
0.106063
0.104621
0.174356
0.17375
0.173141
0.17253
0.171916
0.1713
0.170682
0.170061
0.169438
0.168813
0.168186
0.167557
0.166925
0.166291
0.165655
0.165017
0.164377
0.163735
0.163091
0.162445
0.161798
0.161149
0.160498
0.159845
0.159192
0.158537
0.157881
0.157225
0.156568
0.15591
0.155253
0.154595
0.153937
0.153279
0.152622
0.151965
0.151307
0.15065
0.149992
0.149333
0.148675
0.148015
0.147356
0.146696
0.146036
0.145377
0.144719
0.144063
0.143411
0.142763
0.14212
0.141482
0.140852
0.140229
0.139613
0.139004
0.138401
0.137804
0.137211
0.136621
0.136033
0.135443
0.134852
0.134255
0.133653
0.133043
0.132424
0.131794
0.131151
0.130495
0.129824
0.129137
0.128434
0.127712
0.126971
0.12621
0.12543
0.124629
0.123809
0.12297
0.122112
0.121238
0.120348
0.119446
0.118532
0.117608
0.116677
0.11574
0.114798
0.113853
0.112906
0.111958
0.11101
0.110062
0.109116
0.10817
0.107231
0.106268
0.105432
0.103979
0.174354
0.173747
0.173138
0.172526
0.171912
0.171296
0.170677
0.170055
0.169432
0.168806
0.168178
0.167548
0.166915
0.16628
0.165644
0.165005
0.164364
0.163721
0.163076
0.162429
0.161781
0.161131
0.160479
0.159826
0.159171
0.158515
0.157858
0.1572
0.156542
0.155883
0.155224
0.154564
0.153904
0.153244
0.152585
0.151925
0.151265
0.150605
0.149944
0.149284
0.148623
0.147961
0.147299
0.146637
0.145975
0.145313
0.144653
0.143994
0.143338
0.142685
0.142036
0.141392
0.140753
0.140119
0.139491
0.138869
0.138251
0.137637
0.137026
0.136417
0.135808
0.135197
0.134583
0.133964
0.133338
0.132704
0.132061
0.131406
0.130739
0.130058
0.129363
0.128652
0.127924
0.127179
0.126415
0.125633
0.124832
0.124013
0.123175
0.122319
0.121447
0.12056
0.119659
0.118745
0.117822
0.11689
0.11595
0.115006
0.114057
0.113105
0.112151
0.111197
0.110242
0.109287
0.108334
0.107382
0.106436
0.105467
0.104626
0.103162
0.174352
0.173745
0.173135
0.172523
0.171909
0.171292
0.170672
0.17005
0.169426
0.1688
0.168171
0.16754
0.166906
0.166271
0.165633
0.164993
0.164351
0.163707
0.163062
0.162414
0.161764
0.161113
0.16046
0.159806
0.15915
0.158492
0.157834
0.157175
0.156514
0.155853
0.155192
0.15453
0.153867
0.153204
0.152541
0.151878
0.151215
0.150551
0.149886
0.149222
0.148556
0.147891
0.147224
0.146557
0.14589
0.145224
0.144557
0.143892
0.143228
0.142567
0.141908
0.141252
0.1406
0.139952
0.139308
0.138667
0.138029
0.137393
0.136759
0.136124
0.135489
0.13485
0.134208
0.133559
0.132903
0.132238
0.131564
0.130878
0.130179
0.129467
0.128741
0.127999
0.127241
0.126467
0.125676
0.124868
0.124042
0.123199
0.12234
0.121465
0.120575
0.119671
0.118756
0.11783
0.116894
0.115952
0.115003
0.114049
0.113092
0.112132
0.111171
0.11021
0.109249
0.108289
0.107331
0.106373
0.105424
0.104452
0.103608
0.102142
0.17435
0.173743
0.173133
0.17252
0.171905
0.171288
0.170668
0.170046
0.169421
0.168794
0.168164
0.167532
0.166898
0.166261
0.165622
0.164981
0.164338
0.163693
0.163046
0.162397
0.161745
0.161092
0.160437
0.159781
0.159123
0.158463
0.157802
0.15714
0.156476
0.155812
0.155147
0.15448
0.153813
0.153146
0.152477
0.151808
0.151139
0.150468
0.149797
0.149125
0.148452
0.147778
0.147103
0.146427
0.145751
0.145073
0.144396
0.143718
0.143041
0.142365
0.14169
0.141016
0.140344
0.139674
0.139006
0.13834
0.137674
0.137009
0.136343
0.135675
0.135005
0.13433
0.13365
0.132964
0.132269
0.131565
0.130851
0.130126
0.129389
0.128638
0.127874
0.127095
0.126302
0.125494
0.12467
0.123832
0.122978
0.122109
0.121225
0.120328
0.119419
0.118498
0.117566
0.116626
0.115679
0.114725
0.113767
0.112806
0.111842
0.110877
0.109912
0.108947
0.107985
0.107024
0.106067
0.105112
0.104167
0.103202
0.102366
0.100917
0.174349
0.173741
0.173131
0.172518
0.171902
0.171284
0.170663
0.17004
0.169414
0.168786
0.168155
0.167521
0.166885
0.166247
0.165606
0.164963
0.164318
0.16367
0.16302
0.162368
0.161714
0.161057
0.160399
0.159738
0.159075
0.158411
0.157745
0.157077
0.156407
0.155736
0.155063
0.154389
0.153714
0.153037
0.152359
0.151679
0.150999
0.150316
0.149633
0.148947
0.14826
0.147571
0.146881
0.146188
0.145494
0.144799
0.144101
0.143403
0.142703
0.142003
0.141302
0.140601
0.1399
0.139198
0.138496
0.137793
0.137089
0.136384
0.135676
0.134965
0.134249
0.133529
0.132802
0.132067
0.131325
0.130573
0.129812
0.12904
0.128256
0.127461
0.126653
0.125833
0.125
0.124155
0.123296
0.122425
0.121541
0.120645
0.119737
0.118819
0.117891
0.116954
0.116009
0.115058
0.114103
0.113143
0.112182
0.111219
0.110257
0.109296
0.108338
0.107383
0.106433
0.105489
0.104551
0.103619
0.102701
0.101767
0.100963
0.0995805
0.174346
0.173737
0.173125
0.172511
0.171894
0.171274
0.170651
0.170025
0.169397
0.168766
0.168132
0.167495
0.166856
0.166213
0.165568
0.16492
0.16427
0.163616
0.16296
0.162302
0.16164
0.160976
0.160309
0.15964
0.158967
0.158293
0.157616
0.156936
0.156254
0.15557
0.154883
0.154194
0.153503
0.152809
0.152113
0.151415
0.150714
0.150011
0.149306
0.148597
0.147886
0.147172
0.146455
0.145735
0.145012
0.144287
0.143558
0.142826
0.142092
0.141355
0.140616
0.139874
0.139131
0.138384
0.137636
0.136885
0.13613
0.135373
0.134611
0.133845
0.133073
0.132296
0.131512
0.130722
0.129923
0.129116
0.128301
0.127476
0.126642
0.125799
0.124946
0.124083
0.12321
0.122328
0.121436
0.120535
0.119625
0.118707
0.117781
0.116849
0.115911
0.114969
0.114023
0.113076
0.112128
0.111181
0.110237
0.109298
0.108363
0.107436
0.106518
0.105609
0.104711
0.103826
0.102955
0.102099
0.101264
0.100427
0.0997129
0.0985157
0.174331
0.173719
0.173103
0.172484
0.171862
0.171237
0.170609
0.169977
0.169342
0.168703
0.168061
0.167416
0.166767
0.166115
0.16546
0.1648
0.164138
0.163472
0.162802
0.162129
0.161452
0.160772
0.160088
0.1594
0.158709
0.158015
0.157317
0.156615
0.15591
0.155201
0.154489
0.153773
0.153054
0.152331
0.151605
0.150875
0.150141
0.149403
0.148662
0.147917
0.147167
0.146413
0.145656
0.144893
0.144127
0.143356
0.14258
0.1418
0.141016
0.140228
0.139436
0.138639
0.137838
0.137034
0.136225
0.135412
0.134595
0.133774
0.132948
0.132117
0.131281
0.13044
0.129594
0.128741
0.127883
0.127019
0.126149
0.125273
0.124392
0.123505
0.122612
0.121714
0.120812
0.119905
0.118995
0.118081
0.117165
0.116248
0.115331
0.114415
0.113502
0.112593
0.11169
0.110794
0.109909
0.109035
0.108175
0.10733
0.106503
0.105696
0.10491
0.104149
0.103414
0.102708
0.102034
0.101393
0.100791
0.100219
0.0997439
0.0990359
0.174259
0.173637
0.17301
0.172379
0.171745
0.171106
0.170463
0.169815
0.169164
0.168508
0.167848
0.167183
0.166514
0.16584
0.165162
0.164479
0.163792
0.1631
0.162403
0.161702
0.160996
0.160285
0.159569
0.158849
0.158123
0.157393
0.156658
0.155918
0.155173
0.154423
0.153669
0.152909
0.152145
0.151375
0.150601
0.149822
0.149037
0.148247
0.147453
0.146652
0.145847
0.145036
0.14422
0.143398
0.142571
0.141738
0.140899
0.140055
0.139206
0.138351
0.137492
0.136627
0.135758
0.134884
0.134005
0.133123
0.132237
0.131347
0.130454
0.129558
0.128659
0.127758
0.126855
0.12595
0.125045
0.124139
0.123234
0.12233
0.121428
0.120528
0.119633
0.118744
0.117861
0.116987
0.116122
0.11527
0.114432
0.11361
0.112807
0.112025
0.111266
0.110534
0.10983
0.109158
0.108521
0.107921
0.107361
0.106845
0.106376
0.105958
0.105594
0.105287
0.105043
0.104865
0.104756
0.104723
0.104764
0.104903
0.10506
0.105599
0.174016
0.173369
0.172715
0.172057
0.171394
0.170725
0.170051
0.169371
0.168686
0.167995
0.167298
0.166596
0.165888
0.165174
0.164454
0.163729
0.162997
0.162259
0.161515
0.160765
0.160009
0.159247
0.158478
0.157704
0.156923
0.156136
0.155342
0.154542
0.153737
0.152924
0.152106
0.151282
0.150451
0.149614
0.148771
0.147922
0.147067
0.146207
0.14534
0.144468
0.14359
0.142706
0.141817
0.140923
0.140023
0.139118
0.138209
0.137295
0.136377
0.135456
0.134531
0.133604
0.132675
0.131745
0.130815
0.129886
0.128958
0.128034
0.127114
0.126201
0.125295
0.124398
0.123513
0.122642
0.121786
0.120949
0.120134
0.119344
0.118582
0.117852
0.11716
0.116508
0.115902
0.115346
0.114846
0.114405
0.114029
0.113721
0.113486
0.113328
0.11325
0.113256
0.113348
0.11353
0.113805
0.114175
0.114645
0.115216
0.115891
0.116673
0.117564
0.118565
0.119677
0.120902
0.122237
0.123683
0.12522
0.126919
0.128425
0.131357
0.173406
0.172714
0.172015
0.171309
0.170597
0.169878
0.169151
0.168418
0.167677
0.16693
0.166175
0.165412
0.164643
0.163866
0.163081
0.162289
0.16149
0.160683
0.159869
0.159048
0.158219
0.157383
0.156541
0.155691
0.154834
0.153971
0.153101
0.152225
0.151343
0.150456
0.149563
0.148665
0.147762
0.146856
0.145945
0.145032
0.144116
0.143198
0.142279
0.141359
0.14044
0.139522
0.138607
0.137695
0.136787
0.135886
0.134992
0.134108
0.133235
0.132377
0.131534
0.130711
0.12991
0.129136
0.128392
0.127683
0.127015
0.126391
0.125818
0.125303
0.124853
0.124474
0.124174
0.123962
0.123846
0.123836
0.12394
0.124167
0.124527
0.125029
0.125681
0.126489
0.127461
0.128601
0.129911
0.131393
0.133045
0.134865
0.136847
0.138985
0.14127
0.143695
0.146248
0.148919
0.151694
0.154561
0.157504
0.160509
0.163561
0.166643
0.16974
0.172838
0.17592
0.178968
0.181963
0.184888
0.187712
0.190495
0.192829
0.196636
0.173006
0.172285
0.171557
0.170823
0.170081
0.169333
0.168578
0.167817
0.16705
0.166277
0.165498
0.164714
0.163925
0.163132
0.162335
0.161534
0.160731
0.159925
0.159119
0.158312
0.157506
0.156701
0.155899
0.1551
0.154307
0.15352
0.152741
0.151972
0.151214
0.15047
0.149741
0.149029
0.148338
0.14767
0.147027
0.146412
0.14583
0.145283
0.144776
0.144313
0.143897
0.143536
0.143234
0.142997
0.142832
0.142748
0.142751
0.142852
0.14306
0.143387
0.143844
0.144443
0.145199
0.146125
0.147237
0.148549
0.150077
0.151836
0.153842
0.156108
0.158649
0.161475
0.164597
0.168022
0.171753
0.175793
0.180136
0.184774
0.189694
0.194876
0.200294
0.205917
0.211707
0.217622
0.223615
0.229633
0.235626
0.241537
0.247314
0.252906
0.258264
0.263345
0.268111
0.272526
0.27656
0.280189
0.283397
0.286179
0.288535
0.290474
0.292014
0.293176
0.29398
0.294437
0.294568
0.29439
0.29395
0.2932
0.292429
0.290622
0.191258
0.191355
0.191469
0.191602
0.191755
0.191929
0.192125
0.192343
0.192585
0.192852
0.193146
0.193466
0.193816
0.194195
0.194607
0.195052
0.195531
0.196048
0.196604
0.197201
0.197841
0.198527
0.199261
0.200046
0.200885
0.201781
0.202737
0.203758
0.204847
0.206008
0.207246
0.208566
0.209973
0.211472
0.213069
0.214772
0.216586
0.21852
0.220582
0.222782
0.225128
0.227633
0.230308
0.233167
0.236224
0.239493
0.242993
0.24674
0.250753
0.255051
0.259655
0.264585
0.26986
0.275502
0.281528
0.287956
0.2948
0.302071
0.309773
0.317907
0.326464
0.335424
0.344758
0.354422
0.364357
0.374488
0.384724
0.394957
0.405062
0.414905
0.424339
0.433214
0.441382
0.448701
0.455044
0.460305
0.464402
0.467284
0.46893
0.469355
0.4686
0.466735
0.463856
0.460068
0.45549
0.450259
0.444508
0.438361
0.431928
0.425305
0.418576
0.411809
0.405068
0.398402
0.39186
0.385467
0.379307
0.373154
0.368015
0.359469
0.433525
0.437499
0.441356
0.445089
0.448694
0.452165
0.455499
0.458691
0.461736
0.464632
0.467373
0.469956
0.472378
0.474634
0.476721
0.478637
0.480377
0.481939
0.483319
0.484515
0.485524
0.486342
0.486968
0.4874
0.487633
0.487667
0.487499
0.487126
0.486547
0.48576
0.484763
0.483553
0.48213
0.480491
0.478636
0.476563
0.474272
0.471761
0.46903
0.466079
0.462908
0.459519
0.455912
0.452089
0.448051
0.443803
0.439347
0.434687
0.42983
0.424781
0.419548
0.414141
0.408572
0.402856
0.397008
0.39105
0.385006
0.378904
0.372775
0.366656
0.360587
0.354612
0.348776
0.34313
0.337721
0.332598
0.327805
0.323385
0.319369
0.315784
0.312646
0.309956
0.307708
0.305879
0.304438
0.303342
0.302539
0.301973
0.301584
0.301311
0.301098
0.300892
0.300644
0.300322
0.299902
0.299357
0.298668
0.297825
0.296826
0.295679
0.294391
0.292969
0.291419
0.289762
0.28802
0.28619
0.284315
0.282287
0.280582
0.277316
0.0118084
0.0153189
0.016587
0.0156308
0.0153243
0.0155896
0.0172509
0.0164818
0.017544
0.0238987
0.035423
0.0501006
0.0669073
0.0852157
0.104568
0.124624
0.145136
0.165922
0.186844
0.207799
0.228709
0.249516
0.270182
0.290683
0.31101
0.331161
0.351136
0.370932
0.390537
0.409924
0.429051
0.447857
0.466266
0.48419
0.501553
0.518318
0.534491
0.549881
0.564446
0.578276
0.591386
0.603804
0.615574
0.626752
0.637403
0.647593
0.657383
0.666816
0.67591
0.684654
0.693005
0.700885
0.70819
0.714791
0.720545
0.725304
0.728921
0.731266
0.732232
0.731748
0.729777
0.726319
0.721412
0.715127
0.707566
0.69885
0.689118
0.678558
0.667439
0.656161
0.645626
0.638403
0.634123
0.630316
0.626346
0.621927
0.616805
0.610717
0.603421
0.594731
0.58455
0.572893
0.559887
0.545754
0.530785
0.515308
0.499654
0.484137
0.469039
0.454596
0.441004
0.428416
0.416945
0.406676
0.397661
0.389928
0.383464
0.37831
0.374199
0.371264
0.0248969
0.0298587
0.0346442
0.0386303
0.0430018
0.0484546
0.0556234
0.0664134
0.0794612
0.0952849
0.113662
0.134242
0.15687
0.18156
0.208409
0.237513
0.268909
0.302543
0.338261
0.375822
0.414927
0.455254
0.496498
0.538388
0.580716
0.623332
0.666145
0.709104
0.752188
0.79538
0.838649
0.881932
0.925116
0.968009
1.01032
1.05166
1.09169
1.1304
1.16789
1.20402
1.23868
1.27179
1.30329
1.33321
1.36161
1.38862
1.41438
1.43904
1.46272
1.48552
1.50746
1.52851
1.54853
1.56733
1.58468
1.60026
1.61374
1.62481
1.63314
1.63849
1.64068
1.63962
1.63529
1.62778
1.61725
1.60394
1.58814
1.57021
1.55064
1.53002
1.50897
1.48811
1.46738
1.4463
1.42455
1.40177
1.37756
1.35148
1.32315
1.2923
1.25886
1.22301
1.18512
1.14575
1.10558
1.06532
1.02566
0.987226
0.950544
0.91604
0.884036
0.854756
0.82834
0.804844
0.784261
0.766467
0.751367
0.738426
0.727921
0.714941
0.0398391
0.0493038
0.056986
0.0641256
0.0723078
0.0825151
0.0951438
0.110342
0.127932
0.14792
0.170419
0.195658
0.223896
0.255347
0.29011
0.328132
0.369208
0.413008
0.459119
0.507089
0.55647
0.60685
0.657879
0.709281
0.760865
0.81252
0.86421
0.915959
0.967834
1.01992
1.07231
1.12506
1.17819
1.23167
1.28538
1.33914
1.39261
1.4454
1.49703
1.54708
1.59518
1.64101
1.68439
1.72523
1.76358
1.79955
1.83336
1.86524
1.89545
1.9242
1.95162
1.97775
2.00253
2.02574
2.04712
2.06628
2.08279
2.09619
2.106
2.11184
2.11339
2.1105
2.10311
2.09127
2.07521
2.05528
2.03192
2.00563
1.977
1.94666
1.91532
1.88364
1.85201
1.82045
1.78876
1.75659
1.72347
1.68882
1.6521
1.61288
1.57097
1.52644
1.47969
1.43131
1.38207
1.33282
1.28436
1.23742
1.19262
1.15047
1.11132
1.07543
1.04293
1.01387
0.988186
0.965694
0.946161
0.929001
0.914204
0.895614
0.0526758
0.0670051
0.0778217
0.0870069
0.0969597
0.108987
0.123493
0.140527
0.160137
0.182505
0.207902
0.236587
0.268722
0.304338
0.343347
0.385563
0.430742
0.478605
0.528854
0.581177
0.635256
0.690769
0.747408
0.804896
0.863004
0.921573
0.980524
1.03985
1.09963
1.15998
1.22103
1.28294
1.34579
1.40959
1.47426
1.53954
1.60498
1.67002
1.73401
1.79629
1.85621
1.91323
1.96693
2.01708
2.06362
2.10668
2.1465
2.18344
2.21789
2.2502
2.28068
2.30946
2.33656
2.36184
2.38498
2.40558
2.42315
2.43708
2.44674
2.45161
2.45124
2.44536
2.43387
2.41684
2.39454
2.3674
2.33599
2.30096
2.26306
2.22307
2.18185
2.14024
2.09894
2.05835
2.01855
1.97935
1.94026
1.90058
1.85953
1.81641
1.77075
1.72244
1.67172
1.61919
1.56561
1.5119
1.45892
1.40749
1.35828
1.31184
1.26857
1.22874
1.19249
1.15984
1.13071
1.10487
1.082
1.06148
1.04322
1.02013
0.0617559
0.0805419
0.0940695
0.104297
0.114705
0.127153
0.14228
0.16025
0.181179
0.205222
0.232526
0.263173
0.297171
0.334474
0.375016
0.418722
0.465521
0.515324
0.568011
0.623406
0.681266
0.741283
0.803102
0.866356
0.930705
0.995876
1.06169
1.12808
1.19509
1.26283
1.3315
1.40128
1.47235
1.54479
1.61856
1.69341
1.76885
1.84423
1.91875
1.99152
2.06163
2.12827
2.19079
2.24876
2.302
2.35057
2.39477
2.43502
2.47185
2.5058
2.53729
2.56661
2.59387
2.61897
2.64163
2.6614
2.6777
2.68988
2.69726
2.69922
2.69526
2.68502
2.66836
2.64534
2.61624
2.58153
2.54185
2.49798
2.45082
2.40134
2.35061
2.29971
2.24965
2.20121
2.15483
2.11055
2.06793
2.02616
1.98415
1.94079
1.89521
1.84698
1.79611
1.74307
1.68862
1.63366
1.57914
1.52591
1.47471
1.42612
1.3806
1.33843
1.29978
1.26467
1.23302
1.20457
1.179
1.15564
1.13448
1.10752
0.0619715
0.0893922
0.105185
0.11571
0.126055
0.138581
0.154158
0.172981
0.195064
0.220386
0.248912
0.280607
0.315469
0.353541
0.394914
0.439703
0.488013
0.539906
0.595359
0.654235
0.716272
0.781088
0.848223
0.917179
0.987479
1.05873
1.13066
1.20315
1.2762
1.34994
1.42458
1.50037
1.57754
1.65628
1.7366
1.81832
1.901
1.98396
2.06628
2.14691
2.22473
2.29867
2.36784
2.43159
2.4896
2.54185
2.58861
2.63037
2.66775
2.70136
2.73177
2.75939
2.7844
2.80679
2.82634
2.84263
2.85509
2.86308
2.86594
2.86303
2.85383
2.83796
2.81523
2.78568
2.74957
2.70737
2.65977
2.60761
2.5519
2.49376
2.43446
2.37534
2.31772
2.26279
2.21142
2.16395
2.1201
2.07893
2.039
1.9987
1.95663
1.91186
1.86413
1.8137
1.76126
1.70772
1.65407
1.6012
1.54992
1.50087
1.45453
1.41125
1.37122
1.33452
1.30107
1.27065
1.24294
1.21728
1.19384
1.1637
0.0635025
0.0954229
0.112209
0.122617
0.132829
0.145603
0.161929
0.181918
0.205395
0.232142
0.261997
0.294912
0.330978
0.370413
0.413504
0.460544
0.511759
0.567255
0.626979
0.690688
0.757955
0.828227
0.900878
0.97527
1.05081
1.12704
1.20369
1.28065
1.35793
1.43568
1.51413
1.59355
1.67423
1.7564
1.84016
1.92537
2.01168
2.09845
2.18478
2.26959
2.35164
2.42971
2.5027
2.56974
2.6303
2.68421
2.73164
2.77305
2.80906
2.84035
2.86757
2.8912
2.91156
2.92872
2.94256
2.95276
2.95886
2.96031
2.95652
2.94692
2.93102
2.90845
2.879
2.84269
2.79973
2.75057
2.69587
2.63651
2.57353
2.50816
2.44181
2.37604
2.31247
2.25271
2.19808
2.14935
2.10646
2.06839
2.03333
1.99904
1.96344
1.92507
1.88323
1.83798
1.78992
1.73996
1.6891
1.63832
1.58848
1.54028
1.49427
1.45086
1.41031
1.37275
1.33817
1.3064
1.27718
1.24985
1.22482
1.19241
0.0681796
0.0993431
0.116643
0.126837
0.137196
0.150788
0.168637
0.190728
0.216698
0.24615
0.278808
0.314632
0.353846
0.396879
0.444252
0.4964
0.553535
0.615594
0.682223
0.752781
0.826455
0.902405
0.979866
1.0582
1.13693
1.21574
1.2945
1.37319
1.4519
1.5308
1.61009
1.69002
1.77086
1.85282
1.93603
2.02046
2.10587
2.19181
2.27755
2.36212
2.44432
2.52287
2.59649
2.66409
2.72486
2.77839
2.82465
2.86396
2.89688
2.92408
2.94623
2.9639
2.97748
2.98719
2.99305
2.99489
2.99244
2.98531
2.97309
2.95532
2.93161
2.90163
2.86518
2.82223
2.77295
2.71773
2.65716
2.5921
2.52357
2.45284
2.3814
2.31095
2.2434
2.18072
2.12471
2.07664
2.03679
2.00411
1.97636
1.9506
1.92399
1.89437
1.8606
1.82251
1.7806
1.73581
1.68919
1.64178
1.59451
1.54816
1.50337
1.46062
1.42027
1.38253
1.34748
1.31501
1.28496
1.25669
1.23086
1.19722
0.0652214
0.101537
0.119722
0.130139
0.141461
0.157162
0.178438
0.205299
0.237213
0.273411
0.313226
0.356427
0.403392
0.454839
0.511597
0.574082
0.642078
0.714792
0.791031
0.869438
0.948766
1.02807
1.10679
1.18469
1.26179
1.33824
1.41423
1.48998
1.56564
1.64138
1.71732
1.79359
1.87032
1.94763
2.02563
2.10438
2.18384
2.26383
2.34395
2.4235
2.5015
2.5767
2.64771
2.71317
2.77197
2.82332
2.86689
2.90275
2.93128
2.95307
2.96876
2.97896
2.98417
2.98473
2.98087
2.97263
2.95999
2.94281
2.9209
2.89401
2.86189
2.82427
2.78098
2.73195
2.67726
2.61722
2.55234
2.48336
2.41129
2.33735
2.26305
2.19019
2.12084
2.0573
2.00188
1.95637
1.92145
1.89615
1.87778
1.86262
1.8469
1.82775
1.80357
1.77397
1.73941
1.70084
1.6594
1.61622
1.5723
1.52853
1.48563
1.44418
1.40464
1.36734
1.33247
1.3
1.26987
1.24147
1.21566
1.18195
0.066393
0.103803
0.122776
0.134603
0.148927
0.170399
0.201358
0.242118
0.29115
0.345629
0.403064
0.462538
0.525082
0.592219
0.664881
0.742877
0.824876
0.908814
0.99247
1.07398
1.15219
1.2267
1.29786
1.36637
1.43319
1.49919
1.56507
1.63125
1.6979
1.76502
1.83251
1.90023
1.96804
2.03591
2.10385
2.17199
2.24052
2.30962
2.37932
2.44937
2.51911
2.58746
2.65298
2.71405
2.76915
2.81705
2.85696
2.88858
2.91202
2.92767
2.93612
2.938
2.93388
2.9243
2.90967
2.89036
2.86661
2.83861
2.80647
2.77017
2.72963
2.68471
2.63524
2.5811
2.5223
2.459
2.39159
2.32071
2.24725
2.17237
2.09757
2.02463
1.95575
1.8935
1.84059
1.79941
1.77114
1.75488
1.7475
1.7444
1.74085
1.73321
1.71947
1.69905
1.67243
1.64062
1.60487
1.5664
1.52632
1.48561
1.44509
1.40545
1.36727
1.33101
1.29696
1.26521
1.23577
1.20808
1.18311
1.15049
0.0654761
0.107736
0.127915
0.14483
0.170008
0.214153
0.281956
0.368645
0.463955
0.557049
0.643275
0.724001
0.803271
0.884515
0.968971
1.05563
1.14198
1.22506
1.3024
1.37252
1.43525
1.49132
1.54223
1.59011
1.63692
1.68413
1.73265
1.78288
1.83481
1.88811
1.94233
1.99693
2.05146
2.10562
2.15932
2.21275
2.26632
2.3206
2.37613
2.43318
2.49156
2.55045
2.6084
2.66357
2.71397
2.75781
2.79376
2.82101
2.83928
2.84875
2.84987
2.84326
2.82961
2.80963
2.78401
2.75342
2.71848
2.67971
2.63754
2.59226
2.54398
2.49265
2.43816
2.3803
2.31899
2.25423
2.18625
2.11556
2.04292
1.9694
1.89639
1.82569
1.7595
1.70057
1.65199
1.61673
1.59648
1.59052
1.59521
1.605
1.61417
1.61838
1.61524
1.6041
1.58549
1.56054
1.53062
1.49705
1.46105
1.42369
1.3859
1.3485
1.31218
1.27752
1.24493
1.2146
1.18663
1.16045
1.13708
1.10664
0.066592
0.113032
0.142405
0.187026
0.275111
0.420263
0.597225
0.772513
0.923985
1.04393
1.13688
1.21336
1.28341
1.3531
1.42391
1.49405
1.56031
1.61962
1.6701
1.71113
1.7434
1.76916
1.79117
1.81204
1.83391
1.85827
1.88588
1.91689
1.95098
1.98744
2.02542
2.06402
2.10244
2.14018
2.17706
2.21331
2.24959
2.28685
2.32614
2.36831
2.41366
2.46172
2.51111
2.55978
2.60527
2.64518
2.67751
2.70087
2.71454
2.71839
2.71272
2.69815
2.67548
2.64564
2.60961
2.56841
2.52301
2.47433
2.42314
2.37001
2.31526
2.25897
2.20102
2.14118
2.07919
2.01492
1.94842
1.88002
1.81035
1.74035
1.67132
1.60497
1.5435
1.48973
1.44707
1.41901
1.4078
1.41286
1.43004
1.45282
1.47453
1.4902
1.49721
1.49492
1.48397
1.46564
1.4414
1.41269
1.38083
1.347
1.31221
1.2774
1.24339
1.21086
1.18035
1.15212
1.12631
1.10237
1.08128
1.05392
0.0629047
0.131826
0.239089
0.463544
0.780027
1.10133
1.36888
1.56224
1.68631
1.759
1.80083
1.82901
1.85471
1.88274
1.91297
1.94246
1.96779
1.98623
1.99634
1.99875
1.99547
1.98913
1.9824
1.97755
1.97625
1.97952
1.9877
2.00055
2.01736
2.0371
2.05861
2.08072
2.10247
2.1232
2.14274
2.16145
2.1802
2.2003
2.22327
2.25048
2.28275
2.31998
2.36093
2.40339
2.44445
2.4811
2.51064
2.53107
2.54116
2.54045
2.52909
2.50769
2.4772
2.43876
2.39366
2.34328
2.28896
2.23199
2.17348
2.11426
2.05486
1.99547
1.93598
1.87608
1.81539
1.7536
1.69059
1.62649
1.56178
1.49728
1.43416
1.37403
1.31901
1.27194
1.23645
1.21649
1.21481
1.23095
1.26028
1.29534
1.32864
1.35476
1.37095
1.37668
1.37273
1.36052
1.34163
1.31761
1.28985
1.25962
1.22803
1.19613
1.16482
1.13492
1.10703
1.08149
1.05844
1.03734
1.01903
0.995445
0.0836573
0.279919
0.802541
1.41901
1.91366
2.23294
2.39816
2.45563
2.45078
2.41822
2.37899
2.34364
2.3159
2.29517
2.27846
2.26199
2.24254
2.21846
2.18992
2.15837
2.12592
2.09477
2.06688
2.04369
2.02609
2.01442
2.00846
2.00754
2.01063
2.01648
2.02376
2.03122
2.03787
2.04311
2.04687
2.04967
2.05264
2.05738
2.06579
2.07966
2.10026
2.12784
2.16137
2.19855
2.23611
2.27049
2.29833
2.31701
2.32481
2.32093
2.30538
2.27878
2.24221
2.19706
2.14492
2.08749
2.02647
1.96348
1.89992
1.83687
1.77504
1.7147
1.65576
1.59784
1.54042
1.48303
1.42536
1.36739
1.30941
1.25211
1.19653
1.14413
1.09693
1.05771
1.0302
1.01869
1.02636
1.05286
1.09309
1.13887
1.1821
1.2171
1.24114
1.2538
1.25602
1.2493
1.23535
1.21575
1.19199
1.1654
1.13717
1.10842
1.08018
1.05331
1.0285
1.00611
0.986269
0.968438
0.953227
0.933863
0.118142
0.56167
1.71643
2.65028
3.02204
3.09434
3.039
2.93127
2.81575
2.71241
2.62671
2.55715
2.49938
2.4485
2.4002
2.35152
2.30113
2.24921
2.19707
2.14643
2.09903
2.05631
2.01928
1.98851
1.9641
1.94577
1.93281
1.92425
1.91884
1.91525
1.91216
1.90842
1.90319
1.89607
1.88722
1.87737
1.86786
1.86054
1.85754
1.86095
1.87234
1.89228
1.91996
1.95309
1.98821
2.02131
2.0485
2.06661
2.07347
2.06799
2.05003
2.02024
1.97981
1.93036
1.87374
1.81196
1.747
1.68075
1.61484
1.55055
1.48874
1.42974
1.37347
1.31949
1.26718
1.21591
1.16521
1.11488
1.06508
1.01632
0.969504
0.925947
0.887488
0.856764
0.837489
0.834121
0.850131
0.885268
0.934207
0.98834
1.03927
1.08123
1.11158
1.12999
1.13748
1.13563
1.12617
1.11075
1.09087
1.06792
1.04316
1.01778
0.992854
0.969324
0.94791
0.928968
0.912599
0.898241
0.886266
0.871306
)
;

boundaryField
{
    outlet
    {
        type            zeroGradient;
    }
    inlet
    {
        type            fixedValue;
        value           uniform 0.2;
    }
    lowerWall
    {
        type            kqRWallFunction;
        value           nonuniform List<scalar> 
148
(
0.19714
0.192517
0.18828
0.184033
0.179769
0.175611
0.171677
0.168043
0.164748
0.161801
0.159196
0.156915
0.154935
0.15323
0.151775
0.150547
0.149521
0.148678
0.147997
0.147462
0.147056
0.146766
0.146579
0.146483
0.146469
0.14653
0.146649
0.146866
0.146916
0.148202
0.146006
0.147436
0.148588
0.0118084
0.0248969
0.0398391
0.0526758
0.0617559
0.0619715
0.0635025
0.0681796
0.0652214
0.066393
0.0654761
0.066592
0.0629047
0.0836573
0.118142
0.0118084
0.0153189
0.016587
0.0156308
0.0153243
0.0155896
0.0172509
0.0164818
0.017544
0.0238987
0.035423
0.0501006
0.0669073
0.0852157
0.104568
0.124624
0.145136
0.165922
0.186844
0.207799
0.228709
0.249516
0.270182
0.290683
0.31101
0.331161
0.351136
0.370932
0.390537
0.409924
0.429051
0.447857
0.466266
0.48419
0.501553
0.518318
0.534491
0.549881
0.564446
0.578276
0.591386
0.603804
0.615574
0.626752
0.637403
0.647593
0.657383
0.666816
0.67591
0.684654
0.693005
0.700885
0.70819
0.714791
0.720545
0.725304
0.728921
0.731266
0.732232
0.731748
0.729777
0.726319
0.721412
0.715127
0.707566
0.69885
0.689118
0.678558
0.667439
0.656161
0.645626
0.638403
0.634123
0.630316
0.626346
0.621927
0.616805
0.610717
0.603421
0.594731
0.58455
0.572893
0.559887
0.545754
0.530785
0.515308
0.499654
0.484137
0.469039
0.454596
0.441004
0.428416
0.416945
0.406676
0.397661
0.389928
0.383464
0.37831
0.374199
0.371264
)
;
    }
    upperWall
    {
        type            kqRWallFunction;
        value           nonuniform List<scalar> 
133
(
0.205424
0.216593
0.227629
0.238434
0.248975
0.259243
0.269229
0.278926
0.288327
0.297426
0.306219
0.314705
0.322883
0.330755
0.338322
0.34559
0.352562
0.359244
0.365643
0.371766
0.377619
0.383212
0.388552
0.393647
0.398507
0.403139
0.407553
0.411756
0.415757
0.419565
0.423187
0.426631
0.429908
0.433525
0.437499
0.441356
0.445089
0.448694
0.452165
0.455499
0.458691
0.461736
0.464632
0.467373
0.469956
0.472378
0.474634
0.476721
0.478637
0.480377
0.481939
0.483319
0.484515
0.485524
0.486342
0.486968
0.4874
0.487633
0.487667
0.487499
0.487126
0.486547
0.48576
0.484763
0.483553
0.48213
0.480491
0.478636
0.476563
0.474272
0.471761
0.46903
0.466079
0.462908
0.459519
0.455912
0.452089
0.448051
0.443803
0.439347
0.434687
0.42983
0.424781
0.419548
0.414141
0.408572
0.402856
0.397008
0.39105
0.385006
0.378904
0.372775
0.366656
0.360587
0.354612
0.348776
0.34313
0.337721
0.332598
0.327805
0.323385
0.319369
0.315784
0.312646
0.309956
0.307708
0.305879
0.304438
0.303342
0.302539
0.301973
0.301584
0.301311
0.301098
0.300892
0.300644
0.300322
0.299902
0.299357
0.298668
0.297825
0.296826
0.295679
0.294391
0.292969
0.291419
0.289762
0.28802
0.28619
0.284315
0.282287
0.280582
0.277316
)
;
    }
    frontAndBack
    {
        type            empty;
    }
}


// ************************************************************************* //
