/*--------------------------------*- C++ -*----------------------------------*\
  =========                 |
  \\      /  F ield         | OpenFOAM: The Open Source CFD Toolbox
   \\    /   O peration     | Website:  https://openfoam.org
    \\  /    A nd           | Version:  10
     \\/     M anipulation  |
\*---------------------------------------------------------------------------*/
FoamFile
{
    format      ascii;
    class       volScalarField;
    location    "1800";
    object      nut;
}
// * * * * * * * * * * * * * * * * * * * * * * * * * * * * * * * * * * * * * //

dimensions      [0 2 -1 0 0 0 0];

internalField   nonuniform List<scalar> 
6820
(
0.000149811
0.000146298
0.000143079
0.000139851
0.000136611
0.000133451
0.000130462
0.0001277
0.000125196
0.000122957
0.000120978
0.000119245
0.00011774
0.000116445
0.00011534
0.000114407
0.000113628
0.000112988
0.000112471
0.000112065
0.000111758
0.000111538
0.000111397
0.000111326
0.000111318
0.000111367
0.000111459
0.000111631
0.000111644
0.000112666
0.000112547
0.000108666
0.00010923
0.000736678
0.000548081
0.00046456
0.000414409
0.000380704
0.000356878
0.000339451
0.000326302
0.000316086
0.000307939
0.000301288
0.000295748
0.000291051
0.000287009
0.000283487
0.000280383
0.000277624
0.00027515
0.000272918
0.00027089
0.00026904
0.000267342
0.000265779
0.000264335
0.000262995
0.000261751
0.000260586
0.000259515
0.000258517
0.000257439
0.000257466
0.000259537
0.000232318
0.000977664
0.000873819
0.000783685
0.000713286
0.000659025
0.000616594
0.000582672
0.00055493
0.000531773
0.000512101
0.000495142
0.000480341
0.000467287
0.00045567
0.000445251
0.000435845
0.000427302
0.000419503
0.000412349
0.00040576
0.000399666
0.000394009
0.000388738
0.000383809
0.000379181
0.000374816
0.000370674
0.000366714
0.000362923
0.000359162
0.000355173
0.000354071
0.000342417
0.0010135
0.000988678
0.000949902
0.000906233
0.00086374
0.000825004
0.000790617
0.000760322
0.000733599
0.000709907
0.000688766
0.000669774
0.0006526
0.000636975
0.000622681
0.000609538
0.000597397
0.000586137
0.000575652
0.000565857
0.000556676
0.000548045
0.000539907
0.000532211
0.000524911
0.000517965
0.00051133
0.000504963
0.000498833
0.000492929
0.00048675
0.000481725
0.000477405
0.00101667
0.00101251
0.00100235
0.000986314
0.000966154
0.00094388
0.000921062
0.000898691
0.000877302
0.000857131
0.000838243
0.00082061
0.000804162
0.000788809
0.000774456
0.000761013
0.000748395
0.000736525
0.000725333
0.000714754
0.000704734
0.000695221
0.000686169
0.000677534
0.000669277
0.00066136
0.000653746
0.000646396
0.000639273
0.000632365
0.000625466
0.000618632
0.000613225
0.00101674
0.0010159
0.00101373
0.00100941
0.00100264
0.000993621
0.000982835
0.000970849
0.000958174
0.00094521
0.000932245
0.000919476
0.000907026
0.000894971
0.000883349
0.000872177
0.000861455
0.000851174
0.000841316
0.000831864
0.000822795
0.000814085
0.000805713
0.000797653
0.000789881
0.000782374
0.000775105
0.000768048
0.000761174
0.000754464
0.000747856
0.000741252
0.000735081
0.00101671
0.00101621
0.00101554
0.00101439
0.00101245
0.00100952
0.00100552
0.00100052
0.000994655
0.000988092
0.00098101
0.000973571
0.000965909
0.000958134
0.000950332
0.000942569
0.000934892
0.000927337
0.000919927
0.000912679
0.000905601
0.000898697
0.000891968
0.00088541
0.000879018
0.000872783
0.000866695
0.000860742
0.000854911
0.000849189
0.000843559
0.000837982
0.00083254
0.0010167
0.00101622
0.00101574
0.0010152
0.00101449
0.0010135
0.00101213
0.00101031
0.001008
0.00100522
0.00100199
0.00099837
0.000994421
0.000990202
0.000985771
0.000981181
0.000976477
0.000971699
0.00096688
0.000962046
0.000957219
0.000952416
0.00094765
0.00094293
0.000938264
0.000933653
0.000929102
0.000924608
0.000920172
0.000915791
0.000911464
0.000907184
0.000902976
0.0010167
0.00101621
0.00101574
0.00101528
0.00101481
0.00101429
0.00101367
0.00101292
0.00101199
0.00101086
0.0010095
0.00100792
0.00100611
0.00100409
0.00100188
0.000999498
0.00099697
0.000994315
0.000991555
0.00098871
0.000985796
0.00098283
0.000979825
0.000976793
0.000973743
0.000970684
0.000967622
0.000964563
0.000961512
0.000958473
0.000955451
0.00095245
0.000949485
0.0010167
0.00101621
0.00101574
0.00101528
0.00101484
0.0010144
0.00101395
0.00101348
0.00101296
0.00101239
0.00101174
0.001011
0.00101016
0.00100921
0.00100815
0.00100699
0.00100573
0.00100437
0.00100292
0.00100139
0.000999792
0.000998126
0.000996404
0.000994633
0.000992821
0.000990973
0.000989098
0.000987199
0.000985284
0.000983357
0.000981425
0.000979493
0.00097757
0.0010167
0.00101621
0.00101574
0.00101528
0.00101484
0.0010144
0.00101398
0.00101356
0.00101315
0.00101272
0.00101229
0.00101183
0.00101134
0.00101081
0.00101024
0.00100963
0.00100896
0.00100825
0.00100749
0.00100668
0.00100583
0.00100493
0.00100398
0.001003
0.00100198
0.00100093
0.000999857
0.000998755
0.000997632
0.000996493
0.000995341
0.000994181
0.000993019
0.0010167
0.00101621
0.00101574
0.00101528
0.00101483
0.0010144
0.00101398
0.00101357
0.00101317
0.00101278
0.00101239
0.001012
0.00101162
0.00101122
0.00101082
0.00101041
0.00100999
0.00100954
0.00100908
0.0010086
0.0010081
0.00100758
0.00100704
0.00100648
0.00100589
0.00100529
0.00100467
0.00100404
0.00100339
0.00100273
0.00100207
0.00100139
0.00100072
0.0010167
0.00101621
0.00101574
0.00101528
0.00101483
0.0010144
0.00101398
0.00101357
0.00101317
0.00101278
0.0010124
0.00101203
0.00101167
0.00101131
0.00101096
0.00101061
0.00101026
0.00100991
0.00100956
0.00100921
0.00100885
0.00100849
0.00100812
0.00100774
0.00100737
0.00100698
0.00100659
0.00100619
0.00100579
0.00100539
0.00100498
0.00100457
0.00100417
0.0010167
0.00101621
0.00101574
0.00101528
0.00101483
0.0010144
0.00101398
0.00101357
0.00101317
0.00101278
0.0010124
0.00101203
0.00101167
0.00101132
0.00101098
0.00101064
0.00101032
0.00100999
0.00100968
0.00100936
0.00100906
0.00100875
0.00100845
0.00100815
0.00100785
0.00100755
0.00100726
0.00100697
0.00100668
0.00100639
0.0010061
0.00100582
0.00100554
0.0010167
0.00101621
0.00101574
0.00101528
0.00101483
0.0010144
0.00101397
0.00101356
0.00101316
0.00101278
0.0010124
0.00101203
0.00101167
0.00101132
0.00101098
0.00101065
0.00101032
0.00101001
0.0010097
0.0010094
0.0010091
0.00100881
0.00100853
0.00100826
0.00100799
0.00100772
0.00100746
0.00100721
0.00100696
0.00100672
0.00100648
0.00100625
0.00100603
0.0010167
0.00101621
0.00101574
0.00101528
0.00101483
0.0010144
0.00101397
0.00101356
0.00101316
0.00101277
0.00101239
0.00101203
0.00101167
0.00101132
0.00101098
0.00101064
0.00101032
0.00101001
0.0010097
0.0010094
0.00100911
0.00100883
0.00100855
0.00100828
0.00100802
0.00100776
0.00100751
0.00100727
0.00100704
0.00100681
0.00100659
0.00100638
0.00100617
0.0010167
0.00101621
0.00101574
0.00101528
0.00101483
0.0010144
0.00101397
0.00101356
0.00101316
0.00101277
0.00101239
0.00101202
0.00101166
0.00101131
0.00101097
0.00101064
0.00101032
0.00101
0.0010097
0.0010094
0.00100911
0.00100883
0.00100855
0.00100828
0.00100802
0.00100777
0.00100752
0.00100729
0.00100705
0.00100683
0.00100662
0.00100641
0.0010062
0.0010167
0.00101621
0.00101574
0.00101528
0.00101483
0.00101439
0.00101397
0.00101356
0.00101316
0.00101277
0.00101239
0.00101202
0.00101166
0.00101131
0.00101097
0.00101064
0.00101032
0.00101
0.0010097
0.0010094
0.00100911
0.00100882
0.00100855
0.00100828
0.00100802
0.00100777
0.00100752
0.00100729
0.00100705
0.00100683
0.00100661
0.00100641
0.0010062
0.0010167
0.00101621
0.00101574
0.00101528
0.00101483
0.00101439
0.00101397
0.00101356
0.00101316
0.00101277
0.00101239
0.00101202
0.00101166
0.00101131
0.00101097
0.00101064
0.00101032
0.00101
0.00100969
0.0010094
0.00100911
0.00100882
0.00100855
0.00100828
0.00100802
0.00100777
0.00100752
0.00100728
0.00100705
0.00100683
0.00100661
0.0010064
0.00100619
0.0010167
0.00101621
0.00101574
0.00101528
0.00101483
0.00101439
0.00101397
0.00101356
0.00101316
0.00101277
0.00101239
0.00101202
0.00101166
0.00101131
0.00101097
0.00101064
0.00101032
0.00101
0.00100969
0.0010094
0.0010091
0.00100882
0.00100855
0.00100828
0.00100802
0.00100777
0.00100752
0.00100728
0.00100705
0.00100682
0.0010066
0.00100639
0.00100619
0.0010167
0.00101621
0.00101574
0.00101528
0.00101483
0.00101439
0.00101397
0.00101356
0.00101316
0.00101277
0.00101239
0.00101202
0.00101166
0.00101131
0.00101097
0.00101064
0.00101031
0.00101
0.00100969
0.00100939
0.0010091
0.00100882
0.00100855
0.00100828
0.00100802
0.00100776
0.00100752
0.00100728
0.00100704
0.00100682
0.0010066
0.00100638
0.00100618
0.0010167
0.00101621
0.00101574
0.00101528
0.00101483
0.00101439
0.00101397
0.00101356
0.00101316
0.00101277
0.00101239
0.00101202
0.00101166
0.00101131
0.00101097
0.00101064
0.00101031
0.00101
0.00100969
0.00100939
0.0010091
0.00100882
0.00100854
0.00100828
0.00100802
0.00100776
0.00100751
0.00100727
0.00100704
0.00100681
0.00100659
0.00100638
0.00100617
0.0010167
0.00101621
0.00101574
0.00101528
0.00101483
0.00101439
0.00101397
0.00101356
0.00101316
0.00101277
0.00101239
0.00101202
0.00101166
0.00101131
0.00101097
0.00101064
0.00101031
0.00101
0.00100969
0.00100939
0.0010091
0.00100882
0.00100854
0.00100828
0.00100801
0.00100776
0.00100751
0.00100727
0.00100704
0.00100681
0.00100659
0.00100637
0.00100616
0.0010167
0.00101621
0.00101574
0.00101528
0.00101483
0.00101439
0.00101397
0.00101356
0.00101316
0.00101277
0.00101239
0.00101202
0.00101166
0.00101131
0.00101097
0.00101064
0.00101031
0.00101
0.00100969
0.00100939
0.0010091
0.00100882
0.00100854
0.00100827
0.00100801
0.00100776
0.00100751
0.00100727
0.00100703
0.0010068
0.00100658
0.00100636
0.00100615
0.0010167
0.00101621
0.00101574
0.00101528
0.00101483
0.00101439
0.00101397
0.00101356
0.00101316
0.00101277
0.00101239
0.00101202
0.00101166
0.00101131
0.00101097
0.00101063
0.00101031
0.00101
0.00100969
0.00100939
0.0010091
0.00100882
0.00100854
0.00100827
0.00100801
0.00100776
0.00100751
0.00100727
0.00100703
0.0010068
0.00100658
0.00100636
0.00100615
0.0010167
0.00101621
0.00101574
0.00101528
0.00101483
0.00101439
0.00101397
0.00101356
0.00101316
0.00101277
0.00101239
0.00101202
0.00101166
0.00101131
0.00101097
0.00101063
0.00101031
0.00101
0.00100969
0.00100939
0.0010091
0.00100882
0.00100854
0.00100827
0.00100801
0.00100775
0.0010075
0.00100726
0.00100703
0.0010068
0.00100657
0.00100635
0.00100614
0.0010167
0.00101621
0.00101574
0.00101528
0.00101483
0.00101439
0.00101397
0.00101356
0.00101316
0.00101277
0.00101239
0.00101202
0.00101166
0.00101131
0.00101097
0.00101063
0.00101031
0.00101
0.00100969
0.00100939
0.0010091
0.00100882
0.00100854
0.00100827
0.00100801
0.00100775
0.0010075
0.00100726
0.00100702
0.00100679
0.00100657
0.00100635
0.00100613
0.0010167
0.00101621
0.00101574
0.00101528
0.00101483
0.00101439
0.00101397
0.00101356
0.00101316
0.00101277
0.00101239
0.00101202
0.00101166
0.00101131
0.00101097
0.00101063
0.00101031
0.00101
0.00100969
0.00100939
0.0010091
0.00100881
0.00100854
0.00100827
0.00100801
0.00100775
0.0010075
0.00100726
0.00100702
0.00100679
0.00100656
0.00100634
0.00100613
0.0010167
0.00101621
0.00101574
0.00101528
0.00101483
0.00101439
0.00101397
0.00101356
0.00101316
0.00101277
0.00101239
0.00101202
0.00101166
0.00101131
0.00101097
0.00101063
0.00101031
0.00101
0.00100969
0.00100939
0.0010091
0.00100881
0.00100854
0.00100827
0.001008
0.00100775
0.0010075
0.00100725
0.00100702
0.00100679
0.00100656
0.00100634
0.00100612
0.0010167
0.00101621
0.00101574
0.00101528
0.00101483
0.00101439
0.00101397
0.00101356
0.00101316
0.00101277
0.00101239
0.00101202
0.00101166
0.00101131
0.00101097
0.00101063
0.00101031
0.00101
0.00100969
0.00100939
0.0010091
0.00100881
0.00100854
0.00100827
0.001008
0.00100775
0.0010075
0.00100725
0.00100701
0.00100678
0.00100656
0.00100633
0.00100612
0.0010167
0.00101621
0.00101574
0.00101528
0.00101483
0.00101439
0.00101397
0.00101356
0.00101316
0.00101277
0.00101239
0.00101202
0.00101166
0.00101131
0.00101097
0.00101063
0.00101031
0.00101
0.00100969
0.00100939
0.0010091
0.00100881
0.00100854
0.00100827
0.001008
0.00100774
0.00100749
0.00100725
0.00100701
0.00100678
0.00100655
0.00100632
0.00100611
0.0010167
0.00101621
0.00101574
0.00101528
0.00101483
0.00101439
0.00101397
0.00101356
0.00101316
0.00101277
0.00101239
0.00101202
0.00101166
0.00101131
0.00101097
0.00101064
0.00101031
0.00101
0.00100969
0.00100939
0.00100909
0.00100881
0.00100853
0.00100825
0.00100799
0.00100773
0.00100747
0.00100722
0.00100698
0.00100674
0.0010065
0.00100628
0.00100605
0.0010167
0.00101621
0.00101574
0.00101528
0.00101483
0.00101439
0.00101397
0.00101356
0.00101316
0.00101277
0.00101239
0.00101202
0.00101166
0.0010113
0.00101096
0.00101063
0.0010103
0.00100998
0.00100966
0.00100935
0.00100905
0.00100875
0.00100846
0.00100817
0.00100788
0.0010076
0.00100733
0.00100705
0.00100679
0.00100652
0.00100626
0.001006
0.00100574
0.0010167
0.00101621
0.00101574
0.00101528
0.00101483
0.00101439
0.00101397
0.00101356
0.00101316
0.00101276
0.00101237
0.00101199
0.00101162
0.00101125
0.00101088
0.00101051
0.00101015
0.00100979
0.00100942
0.00100906
0.00100869
0.00100833
0.00100796
0.00100759
0.00100721
0.00100684
0.00100646
0.00100608
0.0010057
0.00100531
0.00100492
0.00100453
0.00100414
0.0010167
0.00101621
0.00101574
0.00101527
0.00101482
0.00101438
0.00101394
0.0010135
0.00101305
0.00101259
0.00101213
0.00101164
0.00101114
0.00101062
0.00101008
0.00100952
0.00100893
0.00100832
0.00100768
0.00100703
0.00100635
0.00100565
0.00100492
0.00100418
0.00100342
0.00100264
0.00100185
0.00100104
0.00100022
0.000999393
0.000998552
0.000997702
0.000996845
0.0010167
0.00101621
0.00101571
0.00101519
0.00101464
0.00101403
0.00101334
0.00101255
0.00101167
0.00101068
0.00100958
0.00100836
0.00100704
0.00100562
0.00100409
0.00100248
0.00100078
0.000999
0.000997153
0.000995245
0.000993282
0.000991272
0.000989222
0.000987139
0.000985029
0.000982897
0.000980749
0.000978591
0.000976427
0.00097426
0.000972096
0.000969937
0.000967787
0.00101669
0.00101596
0.00101486
0.00101328
0.00101117
0.00100854
0.0010054
0.00100178
0.000997746
0.000993328
0.000988585
0.000983567
0.000978324
0.0009729
0.00096734
0.000961679
0.000955953
0.000950191
0.000944417
0.000938656
0.000932924
0.00092724
0.000921616
0.000916064
0.000910593
0.000905211
0.000899923
0.000894735
0.000889651
0.000884673
0.000879802
0.000875041
0.000870391
0.00101524
0.00100708
0.000994953
0.000980593
0.000964724
0.000947805
0.000930219
0.000912311
0.000894375
0.000876636
0.00085926
0.000842358
0.000826005
0.000810245
0.000795101
0.000780579
0.000766674
0.000753374
0.00074066
0.000728511
0.000716904
0.000705816
0.000695221
0.000685096
0.000675417
0.000666162
0.000657308
0.000648834
0.000640721
0.00063295
0.000625503
0.000618364
0.000611516
0.000934351
0.000813408
0.000726854
0.000658911
0.0006033
0.000556998
0.000518111
0.000485162
0.000456966
0.000432602
0.000411363
0.000392702
0.000376189
0.000361484
0.000348316
0.000336463
0.000325747
0.00031602
0.000307158
0.000299058
0.000291631
0.000284804
0.000278511
0.000272698
0.000267316
0.000262323
0.000257683
0.000253363
0.000249334
0.000245571
0.000242052
0.000238755
0.000235662
0.000125479
0.000128845
0.000132087
0.000135185
0.000138141
0.000140961
0.00014365
0.000146214
0.000148658
0.000150986
0.000153202
0.00015531
0.000157315
0.000159222
0.000161033
0.000162754
0.000164388
0.000165938
0.00016741
0.000168806
0.00017013
0.000171386
0.000172576
0.000173705
0.000174774
0.000175788
0.000176748
0.000177657
0.000178519
0.000179335
0.000180108
0.00018084
0.000181534
0.00091961
0.000254981
0.00018717
0.000333296
0.000475877
0.000578208
0.000650606
0.00070306
0.000740819
0.000767508
0.000786607
0.00080113
0.000813002
0.000823127
0.000831933
0.00083982
0.000847309
0.000854999
0.000863442
0.000873061
0.000884123
0.000896763
0.00091103
0.000926911
0.000944328
0.000963116
0.000982994
0.00100355
0.00102426
0.00104452
0.00106376
0.0010815
0.00109749
0.00111181
0.0011249
0.00113767
0.00115144
0.00116794
0.00118917
0.00121721
0.0012538
0.00129993
0.00135527
0.00141796
0.00148469
0.00155122
0.00161313
0.00166654
0.00170865
0.00173788
0.00175387
0.00175726
0.00174949
0.00173248
0.00170848
0.00167986
0.00164895
0.00161789
0.00158847
0.00156201
0.00153926
0.00152028
0.00150449
0.00149082
0.00147792
0.00146446
0.00144943
0.00143234
0.00141334
0.0013933
0.00137383
0.00135736
0.00134753
0.0013501
0.00137401
0.001431
0.0015305
0.0016709
0.00183533
0.00199872
0.00213984
0.00224779
0.00232109
0.00236373
0.0023817
0.00238103
0.00236699
0.00234405
0.00231597
0.0022861
0.00225756
0.00223334
0.00221629
0.00220875
0.00221223
0.00222684
0.00225114
0.00228267
0.00231537
0.00236835
0.000347723
0.000484611
0.000328568
0.000207839
0.000276879
0.000391432
0.000491959
0.000567047
0.00062099
0.000658593
0.000683635
0.000699624
0.000709678
0.000716238
0.000721078
0.000725502
0.000730518
0.000736884
0.000745079
0.000755279
0.000767414
0.000781256
0.000796524
0.000812936
0.000830221
0.000848093
0.000866221
0.000884208
0.000901606
0.000917945
0.000932801
0.000945871
0.000957051
0.000966509
0.000974738
0.000982591
0.00099129
0.00100241
0.00101778
0.00103938
0.00106899
0.00110779
0.00115589
0.00121189
0.00127288
0.00133487
0.00139344
0.00144456
0.00148517
0.0015134
0.00152868
0.00153145
0.00152302
0.00150524
0.00148034
0.00145066
0.0014186
0.00138637
0.00135592
0.00132877
0.00130587
0.00128752
0.00127337
0.00126244
0.00125342
0.00124492
0.00123577
0.00122528
0.00121338
0.00120068
0.00118847
0.00117881
0.00117478
0.00118135
0.00120666
0.0012622
0.00135834
0.00149525
0.00165756
0.00182074
0.00196332
0.00207389
0.00215052
0.00219682
0.00221855
0.00222156
0.00221104
0.00219141
0.00216642
0.00213943
0.00211356
0.00209188
0.00207725
0.00207214
0.00207813
0.00209541
0.00212259
0.00215728
0.00219307
0.00225086
0.000332816
0.000409843
0.000529256
0.000484666
0.000234423
0.000222496
0.000293952
0.000378696
0.000450778
0.000503473
0.000538321
0.000559342
0.000570768
0.000576293
0.000578914
0.000580984
0.000584273
0.000589943
0.000598529
0.000610007
0.000623967
0.000639814
0.000656936
0.000674792
0.000692927
0.000710944
0.000728467
0.000745112
0.000760489
0.00077423
0.000786036
0.000795738
0.000803352
0.000809129
0.000813588
0.000817539
0.000822085
0.000828607
0.00083873
0.000854224
0.000876816
0.000907857
0.000947871
0.000996103
0.00105032
0.001107
0.00116194
0.00121104
0.00125094
0.00127944
0.00129556
0.00129948
0.00129223
0.00127555
0.00125154
0.00122254
0.00119096
0.0011591
0.00112903
0.00110249
0.00108067
0.00106413
0.00105277
0.00104578
0.00104195
0.00103982
0.00103807
0.00103579
0.00103261
0.00102879
0.00102522
0.00102343
0.00102572
0.00103589
0.00106057
0.0011102
0.00119602
0.00132135
0.00147453
0.00163303
0.0017753
0.00188872
0.00197
0.00202172
0.00204899
0.00205731
0.0020517
0.00203648
0.00201537
0.00199172
0.00196864
0.0019492
0.00193632
0.00193256
0.00193968
0.00195815
0.00198681
0.00202353
0.00206158
0.00212383
0.00046115
0.000450166
0.000485056
0.000601108
0.000680996
0.000438103
0.000294743
0.000282937
0.00031399
0.000352838
0.000385635
0.000408143
0.000420811
0.000426212
0.00042764
0.000428159
0.00043012
0.000434983
0.000443345
0.000455116
0.000469756
0.000486503
0.000504558
0.000523199
0.000541815
0.0005599
0.000577021
0.000592788
0.000606847
0.000618899
0.000628738
0.000636291
0.000641663
0.000645166
0.000647334
0.000648921
0.000650894
0.000654409
0.000660791
0.000671486
0.000687973
0.000711571
0.000743109
0.000782497
0.000828376
0.00087807
0.000927949
0.000974097
0.00101302
0.00104214
0.00106009
0.00106662
0.00106246
0.00104909
0.00102849
0.00100293
0.00097481
0.00094647
0.000920067
0.000897416
0.000879847
0.000868079
0.000862142
0.000861397
0.000864676
0.000870536
0.000877562
0.000884639
0.000891132
0.000896959
0.000902576
0.000908937
0.000917547
0.000930886
0.000953613
0.000994123
0.00106349
0.00116847
0.00130306
0.00144902
0.00158582
0.00169944
0.00178451
0.00184186
0.00187541
0.00188999
0.00189023
0.00188027
0.00186373
0.00184389
0.00182381
0.00180649
0.00179487
0.00179161
0.0017987
0.00181697
0.00184569
0.00188317
0.00192247
0.00198852
0.000604702
0.000586072
0.000574733
0.000597394
0.00066254
0.000703785
0.000614454
0.000478446
0.000395912
0.000361361
0.000350658
0.000348658
0.000348192
0.00034662
0.000343785
0.000340727
0.000338798
0.000339135
0.000342421
0.000348832
0.000358131
0.0003698
0.000383177
0.000397579
0.000412367
0.000426984
0.000440948
0.000453845
0.000465319
0.000475093
0.00048299
0.000488974
0.000493174
0.000495897
0.000497624
0.00049899
0.000500746
0.000503734
0.000508852
0.000517047
0.000529296
0.000546568
0.000569672
0.000598992
0.000634125
0.000673609
0.00071495
0.000754988
0.00079051
0.000818837
0.000838221
0.000847989
0.000848476
0.00084085
0.000826878
0.000808697
0.000788602
0.000768846
0.000751465
0.000738122
0.00072997
0.000727569
0.000730842
0.000739117
0.000751262
0.000765897
0.000781653
0.000797403
0.000812411
0.000826391
0.000839486
0.000852211
0.000865422
0.000880514
0.000900239
0.000930322
0.00098002
0.00105798
0.00116425
0.00128723
0.0014097
0.00151728
0.00160233
0.00166331
0.0017023
0.00172297
0.00172928
0.00172497
0.00171342
0.00169773
0.00168085
0.00166567
0.00165504
0.00165168
0.00165778
0.00167461
0.00170198
0.00173882
0.00177808
0.00184683
0.000728172
0.000717245
0.000703956
0.000697536
0.000707935
0.000730469
0.000739282
0.000708909
0.000645271
0.000576026
0.000519238
0.000477843
0.000448835
0.000428652
0.000414123
0.000403442
0.000395617
0.000389992
0.000386008
0.000383182
0.000381204
0.000379995
0.000379651
0.000380301
0.000381989
0.000384623
0.000387997
0.000391832
0.00039583
0.000399719
0.000403297
0.000406462
0.000409243
0.000411796
0.000414388
0.00041737
0.000421124
0.00042603
0.000432434
0.000440644
0.000450953
0.000463679
0.000479185
0.000497825
0.000519784
0.000544829
0.000572083
0.000599968
0.000626423
0.000649337
0.000667012
0.000678502
0.000683728
0.000683426
0.000678962
0.000672099
0.000664742
0.000658708
0.000655523
0.000656282
0.000661571
0.000671453
0.000685522
0.000702993
0.000722831
0.000743905
0.000765151
0.000785704
0.000804992
0.000822761
0.000839053
0.000854157
0.000868561
0.000882992
0.00089886
0.000919463
0.000951213
0.00100205
0.00107576
0.00116745
0.00126563
0.00135806
0.0014361
0.00149589
0.00153729
0.00156227
0.00157367
0.00157455
0.00156784
0.00155632
0.00154271
0.00152966
0.00151989
0.00151604
0.00152046
0.0015348
0.00155944
0.00159412
0.00163185
0.00170165
0.000826417
0.000818969
0.000810357
0.000801916
0.000797227
0.00079829
0.000801723
0.000799804
0.000785795
0.000758743
0.000723242
0.00068559
0.000651136
0.000622741
0.00060045
0.000583476
0.000570706
0.000560883
0.000552688
0.000544871
0.000536453
0.000526918
0.000516271
0.000504939
0.000493557
0.000482758
0.00047304
0.000464722
0.000457962
0.000452802
0.000449218
0.000447161
0.000446593
0.000447492
0.000449851
0.000453657
0.000458872
0.000465405
0.000473101
0.000481752
0.00049112
0.000500987
0.000511197
0.000521694
0.000532516
0.000543763
0.000555514
0.000567707
0.000580019
0.000591851
0.000602482
0.000611335
0.000618214
0.000623403
0.000627619
0.000631853
0.000637163
0.000644474
0.000654425
0.000667305
0.000683043
0.000701279
0.000721448
0.000742874
0.000764847
0.000786685
0.000807786
0.00082768
0.000846062
0.000862805
0.000877952
0.000891692
0.000904326
0.000916248
0.000928127
0.000941639
0.000960625
0.000990997
0.00103735
0.00109866
0.00116841
0.00123835
0.00130143
0.00135315
0.00139167
0.00141717
0.00143111
0.00143549
0.00143256
0.00142459
0.00141388
0.00140278
0.00139371
0.00138913
0.00139139
0.00140241
0.0014231
0.00145405
0.00148854
0.00155709
0.00089815
0.000892581
0.000886732
0.000880607
0.000874875
0.000870523
0.000867753
0.000865349
0.000861144
0.000853167
0.000840609
0.000824145
0.000805796
0.000787761
0.000771461
0.0007576
0.000746235
0.000736921
0.000728868
0.000721125
0.000712779
0.000703145
0.000691904
0.000679127
0.000665217
0.000650777
0.000636478
0.000622955
0.000610743
0.000600251
0.000591764
0.00058545
0.000581375
0.000579519
0.000579781
0.000581986
0.000585891
0.000591189
0.000597525
0.000604515
0.000611776
0.000618957
0.000625767
0.000631994
0.000637506
0.000642238
0.000646215
0.000649574
0.000652582
0.000655577
0.000658888
0.000662783
0.000667493
0.00067326
0.000680362
0.00068909
0.000699676
0.000712226
0.000726676
0.000742794
0.000760213
0.000778496
0.000797196
0.000815899
0.000834248
0.00085194
0.00086873
0.000884425
0.000898898
0.000912096
0.000924048
0.000934857
0.000944695
0.00095377
0.000962388
0.000971309
0.000982594
0.00100016
0.0010283
0.00106802
0.00111536
0.00116418
0.00120946
0.00124802
0.00127817
0.00129934
0.00131189
0.00131681
0.00131551
0.00130958
0.00130078
0.00129101
0.00128226
0.00127668
0.00127644
0.00128353
0.00129925
0.00132496
0.00135447
0.00141883
0.000946054
0.000942087
0.000938015
0.000933811
0.000929541
0.000925427
0.000921705
0.000918377
0.000915092
0.00091125
0.000906249
0.000899791
0.000892119
0.000883801
0.000875475
0.000867677
0.000860702
0.000854565
0.000849024
0.000843652
0.000837944
0.000831437
0.000823803
0.00081492
0.000804879
0.000793959
0.000782572
0.000771197
0.00076032
0.000750387
0.000741771
0.000734748
0.00072949
0.000726059
0.000724414
0.000724423
0.000725872
0.000728491
0.000731969
0.000735985
0.000740228
0.000744426
0.000748361
0.000751884
0.000754911
0.000757401
0.000759354
0.000760814
0.000761908
0.00076288
0.000764082
0.000765927
0.000768814
0.000773068
0.000778905
0.000786419
0.000795572
0.00080621
0.000818076
0.000830846
0.000844173
0.000857722
0.000871204
0.000884395
0.000897133
0.000909307
0.000920839
0.000931675
0.000941775
0.000951118
0.00095971
0.000967591
0.000974833
0.000981531
0.000987801
0.000993936
0.00100089
0.00101092
0.00102743
0.00105286
0.00108596
0.00112179
0.00115504
0.00118258
0.00120343
0.00121761
0.00122555
0.00122792
0.00122558
0.00121956
0.00121109
0.00120152
0.00119238
0.00118539
0.00118235
0.00118514
0.0011952
0.00121442
0.00123737
0.00129412
0.00097533
0.000972716
0.000970015
0.000967231
0.000964369
0.000961461
0.00095857
0.000955757
0.000953025
0.000950286
0.000947375
0.000944136
0.000940525
0.000936605
0.000932533
0.000928496
0.000924649
0.000921065
0.000917703
0.000914424
0.000911015
0.000907243
0.0009029
0.000897849
0.000892056
0.000885589
0.000878617
0.000871383
0.000864173
0.000857284
0.000850994
0.000845538
0.000841086
0.000837735
0.000835504
0.000834341
0.00083413
0.000834707
0.00083588
0.000837447
0.000839213
0.000841012
0.000842717
0.00084425
0.000845586
0.000846742
0.000847762
0.000848706
0.000849653
0.000850713
0.000852038
0.000853826
0.000856294
0.000859635
0.000863987
0.0008694
0.000875832
0.000883156
0.000891183
0.000899685
0.000908431
0.000917211
0.000925852
0.000934233
0.00094228
0.000949958
0.000957257
0.000964179
0.00097073
0.000976912
0.000982732
0.000988202
0.000993341
0.000998176
0.00100273
0.00100709
0.0010116
0.00101734
0.00102644
0.00104147
0.00106353
0.00109063
0.00111818
0.00114168
0.0011587
0.00116896
0.00117321
0.00117253
0.00116793
0.0011604
0.00115089
0.00114043
0.00113014
0.0011213
0.0011153
0.00111371
0.00111787
0.00112988
0.00114526
0.00119105
0.000991655
0.00099005
0.000988374
0.00098663
0.000984825
0.000982963
0.000981055
0.000979117
0.00097717
0.000975219
0.000973246
0.000971216
0.000969105
0.000966904
0.000964634
0.000962342
0.000960079
0.000957885
0.000955767
0.000953693
0.000951594
0.000949375
0.000946938
0.000944195
0.000941096
0.000937635
0.000933855
0.000929848
0.000925742
0.000921687
0.000917838
0.000914338
0.000911303
0.000908811
0.000906898
0.000905554
0.000904731
0.000904351
0.000904313
0.000904508
0.000904833
0.0009052
0.000905543
0.000905834
0.000906075
0.000906304
0.000906584
0.00090699
0.000907599
0.000908491
0.000909739
0.000911423
0.000913617
0.000916383
0.000919758
0.000923741
0.000928285
0.000933301
0.000938669
0.000944251
0.000949906
0.000955512
0.00096097
0.000966215
0.000971213
0.000975959
0.000980469
0.000984766
0.000988878
0.000992826
0.000996627
0.00100029
0.00100382
0.00100721
0.00101046
0.00101355
0.00101657
0.00101994
0.0010247
0.0010326
0.0010454
0.00106354
0.0010852
0.00110678
0.00112463
0.00113656
0.00114212
0.00114202
0.00113742
0.00112953
0.00111946
0.00110825
0.00109686
0.00108631
0.00107769
0.0010722
0.00107097
0.00107596
0.0010838
0.0011164
0.000999918
0.000998974
0.000997981
0.000996939
0.000995852
0.000994722
0.00099355
0.000992336
0.000991086
0.000989806
0.000988501
0.00098717
0.000985812
0.000984421
0.000982998
0.000981552
0.000980096
0.000978645
0.000977209
0.000975788
0.000974368
0.000972921
0.000971412
0.000969804
0.000968067
0.000966185
0.000964162
0.000962026
0.000959821
0.000957608
0.000955456
0.000953435
0.000951605
0.000950008
0.000948671
0.000947594
0.00094676
0.000946132
0.000945662
0.000945297
0.000944986
0.000944688
0.000944377
0.000944048
0.000943717
0.000943426
0.000943234
0.000943214
0.000943438
0.000943976
0.000944884
0.000946206
0.000947968
0.000950176
0.000952818
0.000955858
0.000959239
0.000962885
0.000966705
0.000970604
0.000974492
0.000978288
0.000981932
0.000985387
0.000988638
0.000991688
0.00099456
0.000997284
0.000999893
0.00100242
0.00100488
0.0010073
0.00100967
0.00101199
0.00101424
0.00101638
0.00101841
0.00102044
0.00102288
0.00102664
0.00103299
0.00104308
0.00105711
0.00107378
0.0010906
0.00110484
0.00111458
0.00111904
0.00111849
0.00111378
0.00110597
0.00109615
0.00108536
0.00107455
0.00106467
0.00105672
0.0010516
0.00105096
0.00105256
0.00107209
0.00100369
0.00100312
0.00100253
0.00100191
0.00100126
0.00100058
0.000999878
0.000999143
0.000998375
0.000997576
0.000996748
0.000995894
0.000995015
0.00099411
0.00099318
0.000992225
0.000991248
0.000990254
0.000989249
0.000988238
0.000987221
0.000986197
0.000985159
0.000984097
0.000983003
0.00098187
0.000980699
0.000979496
0.000978276
0.00097706
0.000975875
0.000974746
0.000973696
0.000972744
0.000971899
0.000971158
0.000970511
0.000969939
0.000969417
0.000968918
0.00096842
0.000967904
0.000967364
0.000966806
0.000966255
0.000965747
0.000965336
0.000965083
0.000965052
0.000965302
0.000965885
0.000966834
0.000968163
0.00096987
0.000971928
0.000974295
0.000976912
0.000979711
0.000982615
0.000985549
0.000988443
0.000991238
0.00099389
0.000996372
0.000998674
0.0010008
0.00100278
0.00100463
0.00100638
0.00100807
0.00100971
0.00101133
0.00101293
0.00101451
0.00101604
0.00101749
0.00101882
0.00102005
0.00102129
0.00102293
0.00102564
0.0010303
0.00103765
0.00104782
0.00106003
0.00107271
0.00108402
0.00109243
0.00109706
0.00109777
0.00109495
0.00108933
0.00108176
0.00107314
0.00106434
0.00105622
0.00104958
0.00104573
0.00104341
0.00105256
0.00100522
0.00100485
0.00100447
0.00100407
0.00100365
0.00100322
0.00100278
0.00100231
0.00100183
0.00100132
0.0010008
0.00100025
0.000999671
0.000999075
0.000998455
0.000997811
0.000997144
0.000996454
0.000995744
0.000995018
0.000994279
0.000993531
0.000992776
0.000992016
0.000991252
0.000990487
0.000989724
0.000988968
0.000988224
0.000987501
0.000986808
0.000986152
0.000985539
0.000984972
0.00098445
0.000983966
0.000983509
0.000983066
0.000982622
0.00098216
0.000981668
0.000981141
0.000980579
0.000979994
0.00097941
0.000978861
0.000978392
0.000978055
0.000977903
0.000977987
0.000978352
0.000979026
0.000980024
0.000981342
0.000982959
0.000984835
0.00098692
0.000989154
0.000991473
0.000993813
0.000996115
0.000998331
0.00100042
0.00100237
0.00100416
0.0010058
0.00100731
0.00100869
0.00100998
0.00101121
0.00101239
0.00101353
0.00101466
0.00101575
0.0010168
0.00101777
0.00101862
0.00101934
0.00101995
0.00102057
0.0010215
0.00102322
0.00102631
0.00103124
0.00103811
0.00104652
0.00105558
0.00106414
0.00107112
0.00107576
0.00107771
0.00107704
0.00107411
0.00106947
0.00106377
0.00105771
0.00105195
0.00104752
0.00104383
0.00104667
0.00100577
0.00100548
0.00100519
0.00100489
0.00100458
0.00100427
0.00100395
0.00100363
0.00100329
0.00100294
0.00100257
0.00100219
0.00100179
0.00100138
0.00100094
0.00100049
0.00100002
0.000999521
0.000999007
0.000998475
0.000997929
0.000997371
0.000996806
0.000996238
0.000995671
0.000995111
0.000994563
0.000994033
0.000993524
0.000993042
0.000992591
0.000992172
0.000991784
0.000991424
0.000991087
0.000990764
0.000990445
0.000990116
0.000989765
0.000989382
0.000988959
0.000988494
0.00098799
0.00098746
0.000986925
0.000986415
0.000985969
0.00098563
0.000985442
0.00098545
0.000985689
0.000986188
0.000986958
0.000988001
0.000989298
0.000990819
0.000992524
0.000994362
0.00099628
0.000998224
0.00100014
0.001002
0.00100376
0.00100539
0.0010069
0.00100827
0.00100953
0.00101067
0.00101173
0.00101271
0.00101364
0.00101452
0.00101537
0.00101617
0.00101692
0.00101757
0.00101812
0.00101852
0.00101877
0.00101891
0.00101904
0.00101938
0.00102026
0.00102203
0.00102501
0.00102929
0.00103468
0.00104072
0.00104675
0.00105208
0.00105615
0.0010586
0.00105934
0.00105849
0.00105634
0.00105329
0.00104979
0.0010466
0.00104343
0.00104361
0.00100594
0.00100568
0.00100542
0.00100516
0.00100489
0.00100463
0.00100436
0.00100409
0.00100381
0.00100353
0.00100325
0.00100295
0.00100264
0.00100232
0.00100198
0.00100163
0.00100127
0.00100089
0.00100049
0.00100008
0.000999657
0.000999223
0.000998783
0.00099834
0.000997899
0.000997464
0.000997041
0.000996636
0.000996252
0.000995894
0.000995565
0.000995263
0.000994987
0.000994734
0.000994495
0.000994264
0.000994028
0.000993778
0.000993503
0.000993194
0.000992845
0.000992454
0.000992027
0.000991573
0.000991113
0.00099067
0.000990277
0.000989971
0.00098979
0.000989769
0.000989942
0.00099033
0.000990949
0.000991798
0.000992867
0.000994131
0.000995559
0.000997109
0.000998738
0.0010004
0.00100206
0.00100367
0.0010052
0.00100664
0.00100798
0.0010092
0.00101032
0.00101134
0.00101227
0.00101313
0.00101393
0.00101468
0.00101537
0.00101601
0.00101657
0.00101704
0.0010174
0.0010176
0.00101765
0.00101755
0.00101734
0.0010171
0.00101698
0.0010172
0.00101797
0.0010195
0.00102188
0.00102502
0.00102871
0.00103259
0.00103626
0.00103936
0.00104161
0.00104287
0.00104315
0.00104256
0.00104131
0.00103985
0.00103799
0.00103772
0.00100598
0.00100572
0.00100547
0.00100522
0.00100496
0.00100471
0.00100446
0.00100421
0.00100395
0.0010037
0.00100344
0.00100317
0.0010029
0.00100262
0.00100233
0.00100203
0.00100172
0.0010014
0.00100107
0.00100073
0.00100038
0.00100002
0.000999653
0.000999287
0.000998922
0.000998564
0.000998216
0.000997883
0.000997569
0.000997277
0.000997009
0.000996766
0.000996545
0.000996343
0.000996154
0.00099597
0.000995782
0.00099558
0.000995357
0.000995103
0.000994815
0.00099449
0.000994133
0.000993753
0.000993365
0.000992991
0.000992657
0.000992394
0.000992235
0.000992209
0.000992344
0.000992662
0.000993175
0.000993885
0.000994786
0.000995859
0.000997078
0.000998412
0.000999823
0.00100128
0.00100273
0.00100416
0.00100554
0.00100685
0.00100807
0.00100919
0.00101023
0.00101118
0.00101205
0.00101285
0.00101359
0.00101426
0.00101488
0.00101542
0.00101588
0.00101625
0.00101649
0.00101658
0.00101653
0.00101631
0.00101595
0.00101548
0.00101496
0.00101451
0.00101424
0.00101431
0.00101484
0.00101589
0.00101745
0.00101943
0.00102164
0.00102387
0.0010259
0.00102756
0.00102872
0.00102934
0.00102944
0.00102924
0.00102855
0.0010286
0.00100597
0.00100572
0.00100546
0.00100521
0.00100496
0.00100471
0.00100446
0.0010042
0.00100395
0.0010037
0.00100345
0.00100319
0.00100293
0.00100267
0.00100239
0.00100212
0.00100183
0.00100154
0.00100124
0.00100093
0.00100061
0.00100029
0.000999972
0.000999649
0.000999328
0.000999013
0.000998707
0.000998414
0.000998137
0.000997879
0.000997642
0.000997426
0.00099723
0.00099705
0.000996882
0.000996719
0.000996554
0.00099638
0.000996188
0.000995972
0.000995728
0.000995454
0.000995154
0.000994835
0.000994509
0.000994195
0.000993914
0.000993693
0.000993557
0.000993534
0.000993648
0.000993916
0.00099435
0.000994956
0.000995727
0.000996651
0.000997708
0.000998871
0.00100011
0.0010014
0.0010027
0.00100399
0.00100524
0.00100644
0.00100758
0.00100864
0.00100962
0.00101053
0.00101136
0.00101213
0.00101283
0.00101347
0.00101403
0.00101453
0.00101493
0.00101524
0.00101541
0.00101545
0.00101534
0.00101507
0.00101465
0.0010141
0.00101344
0.00101274
0.00101205
0.00101146
0.00101105
0.00101091
0.00101109
0.0010116
0.0010124
0.00101341
0.00101453
0.00101562
0.00101658
0.00101734
0.00101782
0.00101812
0.00101803
0.00101833
0.00100596
0.00100571
0.00100545
0.00100519
0.00100493
0.00100468
0.00100442
0.00100417
0.00100391
0.00100366
0.0010034
0.00100314
0.00100288
0.00100262
0.00100235
0.00100208
0.0010018
0.00100152
0.00100123
0.00100094
0.00100064
0.00100034
0.00100004
0.00099974
0.000999442
0.000999149
0.000998864
0.000998591
0.000998332
0.00099809
0.000997865
0.000997658
0.000997469
0.000997295
0.000997132
0.000996976
0.000996819
0.000996657
0.000996482
0.000996289
0.000996075
0.000995838
0.00099558
0.000995308
0.000995032
0.000994767
0.00099453
0.000994343
0.00099423
0.000994211
0.000994309
0.000994538
0.000994912
0.000995434
0.000996101
0.000996904
0.000997829
0.000998852
0.000999952
0.0010011
0.00100227
0.00100345
0.0010046
0.00100571
0.00100677
0.00100777
0.00100871
0.00100958
0.00101039
0.00101113
0.00101181
0.00101242
0.00101296
0.00101343
0.0010138
0.00101406
0.0010142
0.00101421
0.00101407
0.00101378
0.00101334
0.00101277
0.00101208
0.0010113
0.00101046
0.00100962
0.00100881
0.00100811
0.00100755
0.00100718
0.00100702
0.00100705
0.00100725
0.00100756
0.00100791
0.00100825
0.00100852
0.00100874
0.00100873
0.00100893
0.00100595
0.00100569
0.00100543
0.00100517
0.00100491
0.00100465
0.00100439
0.00100413
0.00100386
0.0010036
0.00100334
0.00100308
0.00100282
0.00100255
0.00100228
0.00100201
0.00100173
0.00100145
0.00100117
0.00100088
0.00100059
0.0010003
0.00100001
0.000999719
0.000999431
0.000999148
0.000998873
0.000998608
0.000998355
0.000998117
0.000997894
0.000997687
0.000997496
0.000997319
0.000997152
0.000996993
0.000996836
0.000996676
0.000996508
0.000996328
0.000996133
0.00099592
0.000995694
0.000995457
0.000995218
0.000994991
0.000994788
0.000994629
0.000994533
0.000994518
0.000994603
0.000994801
0.000995124
0.000995576
0.000996157
0.00099686
0.000997672
0.000998578
0.000999557
0.00100059
0.00100165
0.00100272
0.00100378
0.00100481
0.00100581
0.00100676
0.00100765
0.00100849
0.00100927
0.00100998
0.00101064
0.00101123
0.00101175
0.00101218
0.00101253
0.00101277
0.00101289
0.00101287
0.00101272
0.00101242
0.00101198
0.00101141
0.00101072
0.00100992
0.00100905
0.00100812
0.00100717
0.00100623
0.00100534
0.00100453
0.00100383
0.00100325
0.0010028
0.00100246
0.00100222
0.00100204
0.00100188
0.00100175
0.00100153
0.00100137
0.00100594
0.00100568
0.00100541
0.00100515
0.00100488
0.00100462
0.00100435
0.00100409
0.00100382
0.00100355
0.00100329
0.00100302
0.00100275
0.00100248
0.00100221
0.00100193
0.00100165
0.00100137
0.00100109
0.00100081
0.00100052
0.00100023
0.000999943
0.000999656
0.000999372
0.000999093
0.000998821
0.000998558
0.000998306
0.000998066
0.00099784
0.000997628
0.00099743
0.000997245
0.00099707
0.000996904
0.000996741
0.000996579
0.000996412
0.000996237
0.000996053
0.000995857
0.000995652
0.00099544
0.00099523
0.00099503
0.000994854
0.000994716
0.000994633
0.00099462
0.000994692
0.000994864
0.000995144
0.000995537
0.000996044
0.00099666
0.000997376
0.00099818
0.000999053
0.00099998
0.00100094
0.00100192
0.00100289
0.00100385
0.00100478
0.00100567
0.00100652
0.00100732
0.00100807
0.00100876
0.00100938
0.00100995
0.00101044
0.00101085
0.00101116
0.00101137
0.00101147
0.00101143
0.00101126
0.00101096
0.00101052
0.00100995
0.00100926
0.00100847
0.0010076
0.00100665
0.00100565
0.00100463
0.0010036
0.0010026
0.00100163
0.00100072
0.000999887
0.000999129
0.000998445
0.00099783
0.000997263
0.000996748
0.000996229
0.00099561
0.00100593
0.00100566
0.0010054
0.00100513
0.00100486
0.00100459
0.00100432
0.00100405
0.00100378
0.00100351
0.00100324
0.00100297
0.00100269
0.00100242
0.00100214
0.00100186
0.00100158
0.0010013
0.00100101
0.00100073
0.00100044
0.00100015
0.000999867
0.000999582
0.000999299
0.000999021
0.000998749
0.000998485
0.00099823
0.000997986
0.000997754
0.000997535
0.000997329
0.000997134
0.00099695
0.000996774
0.000996604
0.000996436
0.000996266
0.000996093
0.000995914
0.000995729
0.000995538
0.000995345
0.000995155
0.000994977
0.00099482
0.000994698
0.000994623
0.00099461
0.000994672
0.000994819
0.000995062
0.000995404
0.000995847
0.000996388
0.00099702
0.000997733
0.000998512
0.000999344
0.00100021
0.0010011
0.00100199
0.00100288
0.00100374
0.00100458
0.00100538
0.00100613
0.00100683
0.00100748
0.00100807
0.0010086
0.00100905
0.00100942
0.0010097
0.00100988
0.00100994
0.00100988
0.00100968
0.00100936
0.0010089
0.00100833
0.00100764
0.00100684
0.00100596
0.00100501
0.001004
0.00100294
0.00100185
0.00100076
0.000999663
0.000998587
0.000997541
0.000996534
0.00099557
0.000994652
0.000993774
0.000992939
0.000992144
0.000991073
0.00100592
0.00100565
0.00100538
0.00100511
0.00100484
0.00100457
0.00100429
0.00100402
0.00100375
0.00100347
0.00100319
0.00100292
0.00100264
0.00100236
0.00100208
0.0010018
0.00100151
0.00100123
0.00100094
0.00100066
0.00100037
0.00100008
0.000999793
0.000999507
0.000999224
0.000998945
0.000998671
0.000998404
0.000998146
0.000997897
0.000997659
0.000997433
0.000997218
0.000997014
0.00099682
0.000996634
0.000996455
0.00099628
0.000996107
0.000995933
0.000995756
0.000995577
0.000995396
0.000995215
0.00099504
0.000994878
0.000994736
0.000994625
0.000994556
0.000994541
0.000994592
0.000994718
0.000994927
0.000995224
0.000995611
0.000996085
0.000996642
0.000997273
0.000997967
0.000998712
0.000999493
0.0010003
0.00100111
0.00100192
0.00100271
0.00100348
0.00100422
0.00100492
0.00100557
0.00100617
0.00100671
0.00100718
0.00100758
0.0010079
0.00100812
0.00100824
0.00100825
0.00100814
0.0010079
0.00100754
0.00100705
0.00100644
0.00100573
0.00100492
0.00100401
0.00100304
0.001002
0.00100091
0.000999784
0.000998629
0.000997458
0.000996282
0.000995109
0.000993948
0.000992803
0.000991681
0.000990579
0.000989499
0.000988481
0.000987015
0.00100591
0.00100564
0.00100537
0.0010051
0.00100482
0.00100455
0.00100427
0.00100399
0.00100372
0.00100344
0.00100316
0.00100288
0.00100259
0.00100231
0.00100203
0.00100174
0.00100145
0.00100117
0.00100088
0.00100059
0.0010003
0.00100001
0.000999722
0.000999435
0.000999151
0.00099887
0.000998594
0.000998325
0.000998062
0.000997809
0.000997565
0.000997331
0.000997107
0.000996894
0.000996691
0.000996496
0.000996309
0.000996127
0.000995948
0.000995771
0.000995595
0.000995419
0.000995244
0.000995073
0.000994908
0.000994757
0.000994625
0.000994521
0.000994456
0.000994438
0.000994477
0.000994583
0.000994762
0.000995018
0.000995353
0.000995767
0.000996254
0.000996809
0.000997423
0.000998084
0.00099878
0.000999499
0.00100023
0.00100096
0.00100167
0.00100237
0.00100303
0.00100365
0.00100423
0.00100476
0.00100522
0.00100562
0.00100594
0.00100618
0.00100632
0.00100636
0.00100629
0.0010061
0.00100579
0.00100536
0.00100481
0.00100414
0.00100337
0.00100251
0.00100155
0.00100053
0.00099944
0.000998298
0.000997112
0.000995893
0.000994647
0.000993384
0.000992108
0.000990827
0.000989544
0.000988264
0.000986988
0.000985711
0.000984511
0.000982701
0.00100591
0.00100563
0.00100536
0.00100508
0.00100481
0.00100453
0.00100425
0.00100397
0.00100369
0.00100341
0.00100312
0.00100284
0.00100255
0.00100227
0.00100198
0.00100169
0.0010014
0.00100111
0.00100082
0.00100053
0.00100024
0.000999947
0.000999656
0.000999368
0.000999082
0.000998799
0.000998521
0.000998248
0.000997981
0.000997723
0.000997473
0.000997232
0.000997001
0.00099678
0.000996568
0.000996365
0.000996169
0.00099598
0.000995796
0.000995615
0.000995438
0.000995263
0.000995091
0.000994925
0.000994767
0.000994622
0.000994496
0.000994396
0.00099433
0.000994307
0.000994334
0.000994418
0.000994567
0.000994783
0.000995068
0.000995423
0.000995843
0.000996323
0.000996855
0.00099743
0.000998036
0.000998664
0.0009993
0.000999934
0.00100056
0.00100115
0.00100172
0.00100225
0.00100272
0.00100315
0.0010035
0.00100379
0.001004
0.00100412
0.00100414
0.00100406
0.00100387
0.00100356
0.00100314
0.0010026
0.00100194
0.00100117
0.0010003
0.000999343
0.000998301
0.000997187
0.000996011
0.000994781
0.000993506
0.000992194
0.000990851
0.000989482
0.000988094
0.000986688
0.000985269
0.000983839
0.000982401
0.000980942
0.000979576
0.000977439
0.0010059
0.00100562
0.00100535
0.00100507
0.00100479
0.00100451
0.00100423
0.00100395
0.00100366
0.00100338
0.00100309
0.00100281
0.00100252
0.00100223
0.00100194
0.00100165
0.00100135
0.00100106
0.00100077
0.00100047
0.00100018
0.000999887
0.000999595
0.000999305
0.000999016
0.000998731
0.00099845
0.000998174
0.000997904
0.00099764
0.000997385
0.000997138
0.000996899
0.00099667
0.00099645
0.000996239
0.000996035
0.000995839
0.000995648
0.000995462
0.000995281
0.000995105
0.000994933
0.000994768
0.000994612
0.000994469
0.000994344
0.000994242
0.000994171
0.000994136
0.000994145
0.000994204
0.000994318
0.000994489
0.000994721
0.000995011
0.000995357
0.000995755
0.000996196
0.000996673
0.000997175
0.000997692
0.000998213
0.000998728
0.000999225
0.000999694
0.00100013
0.00100051
0.00100085
0.00100112
0.00100132
0.00100145
0.00100149
0.00100143
0.00100128
0.00100103
0.00100066
0.00100018
0.000999583
0.000998874
0.000998057
0.000997137
0.000996121
0.000995018
0.000993838
0.00099259
0.000991282
0.000989922
0.000988517
0.000987074
0.000985597
0.000984091
0.000982559
0.000981003
0.000979426
0.000977828
0.000976212
0.000974557
0.000973017
0.000970536
0.00100589
0.00100562
0.00100534
0.00100506
0.00100478
0.0010045
0.00100421
0.00100393
0.00100364
0.00100336
0.00100307
0.00100278
0.00100249
0.00100219
0.0010019
0.00100161
0.00100131
0.00100102
0.00100072
0.00100042
0.00100013
0.000999832
0.000999538
0.000999245
0.000998954
0.000998666
0.000998382
0.000998102
0.000997828
0.000997559
0.000997298
0.000997044
0.000996798
0.000996561
0.000996333
0.000996112
0.000995899
0.000995694
0.000995494
0.000995301
0.000995113
0.00099493
0.000994752
0.000994582
0.00099442
0.000994271
0.000994137
0.000994024
0.000993936
0.000993879
0.000993859
0.000993879
0.000993945
0.000994058
0.000994219
0.000994428
0.000994681
0.000994973
0.000995298
0.000995648
0.000996013
0.000996383
0.000996748
0.000997096
0.000997419
0.000997704
0.000997944
0.000998129
0.000998251
0.000998303
0.000998277
0.000998166
0.000997964
0.000997666
0.000997266
0.000996759
0.000996145
0.00099542
0.000994586
0.000993647
0.000992606
0.000991471
0.000990248
0.000988947
0.000987575
0.000986141
0.000984652
0.000983115
0.000981534
0.000979915
0.000978262
0.000976577
0.000974862
0.000973117
0.000971345
0.000969542
0.000967715
0.000965831
0.000964087
0.000961209
0.00100589
0.00100561
0.00100533
0.00100505
0.00100477
0.00100448
0.0010042
0.00100391
0.00100362
0.00100333
0.00100304
0.00100275
0.00100246
0.00100216
0.00100187
0.00100157
0.00100127
0.00100097
0.00100068
0.00100038
0.00100008
0.000999779
0.000999482
0.000999186
0.000998892
0.0009986
0.000998311
0.000998026
0.000997746
0.000997471
0.000997202
0.00099694
0.000996685
0.000996437
0.000996196
0.000995963
0.000995737
0.000995517
0.000995303
0.000995094
0.00099489
0.00099469
0.000994496
0.000994307
0.000994125
0.000993952
0.000993791
0.000993646
0.00099352
0.000993417
0.000993341
0.000993295
0.000993282
0.000993303
0.000993359
0.000993446
0.000993563
0.000993703
0.000993861
0.000994027
0.000994194
0.00099435
0.000994486
0.000994592
0.000994657
0.000994673
0.000994629
0.000994519
0.000994334
0.000994068
0.000993716
0.000993272
0.000992732
0.000992093
0.000991352
0.000990507
0.00098956
0.00098851
0.000987361
0.000986118
0.000984785
0.00098337
0.00098188
0.000980322
0.000978704
0.000977031
0.00097531
0.000973545
0.00097174
0.000969897
0.000968019
0.000966106
0.000964159
0.000962176
0.000960157
0.000958099
0.000956008
0.000953838
0.000951843
0.000948477
0.00100588
0.0010056
0.00100532
0.00100504
0.00100476
0.00100447
0.00100419
0.0010039
0.00100361
0.00100331
0.00100302
0.00100273
0.00100243
0.00100213
0.00100183
0.00100153
0.00100123
0.00100093
0.00100063
0.00100032
0.00100002
0.000999718
0.000999415
0.000999113
0.000998813
0.000998514
0.000998217
0.000997923
0.000997632
0.000997345
0.000997062
0.000996785
0.000996512
0.000996245
0.000995983
0.000995725
0.000995473
0.000995224
0.000994979
0.000994737
0.000994496
0.000994257
0.00099402
0.000993784
0.000993549
0.000993319
0.000993093
0.000992874
0.000992664
0.000992466
0.000992282
0.000992113
0.00099196
0.000991824
0.000991703
0.000991595
0.000991494
0.000991396
0.000991294
0.00099118
0.000991045
0.000990879
0.000990673
0.000990418
0.000990105
0.000989725
0.000989272
0.000988739
0.00098812
0.000987413
0.000986612
0.000985717
0.000984726
0.000983639
0.000982457
0.00098118
0.000979812
0.000978357
0.000976818
0.000975201
0.000973512
0.000971756
0.000969941
0.000968071
0.000966152
0.000964188
0.000962181
0.000960135
0.00095805
0.000955927
0.000953764
0.000951561
0.000949315
0.000947024
0.000944686
0.000942295
0.000939859
0.000937316
0.000934994
0.000930988
0.00100587
0.00100559
0.00100531
0.00100503
0.00100475
0.00100446
0.00100417
0.00100388
0.00100358
0.00100329
0.00100299
0.00100269
0.00100239
0.00100209
0.00100178
0.00100148
0.00100117
0.00100086
0.00100055
0.00100024
0.000999924
0.000999609
0.000999294
0.000998977
0.000998661
0.000998344
0.000998027
0.00099771
0.000997394
0.000997079
0.000996765
0.000996452
0.00099614
0.000995829
0.000995518
0.000995208
0.000994896
0.000994584
0.000994268
0.000993949
0.000993625
0.000993295
0.000992958
0.000992614
0.000992262
0.000991902
0.000991535
0.000991161
0.00099078
0.000990394
0.000990002
0.000989605
0.000989202
0.000988792
0.000988372
0.000987937
0.000987485
0.000987008
0.0009865
0.000985954
0.000985362
0.000984715
0.000984007
0.000983229
0.000982376
0.000981442
0.000980424
0.000979317
0.00097812
0.000976833
0.000975457
0.000973991
0.00097244
0.000970806
0.000969093
0.000967304
0.000965444
0.000963517
0.000961528
0.000959481
0.000957382
0.000955234
0.00095304
0.000950803
0.000948525
0.000946207
0.000943848
0.000941448
0.000939004
0.000936513
0.000933973
0.00093138
0.000928729
0.000926015
0.000923236
0.000920384
0.000917469
0.000914406
0.000911628
0.000906733
0.00100586
0.00100558
0.00100529
0.00100501
0.00100472
0.00100442
0.00100413
0.00100383
0.00100353
0.00100323
0.00100292
0.00100261
0.00100229
0.00100198
0.00100166
0.00100133
0.00100101
0.00100067
0.00100034
0.001
0.000999657
0.000999309
0.000998957
0.0009986
0.000998239
0.000997873
0.000997501
0.000997125
0.000996743
0.000996355
0.000995962
0.000995561
0.000995154
0.000994738
0.000994314
0.00099388
0.000993434
0.000992976
0.000992503
0.000992014
0.000991507
0.00099098
0.000990431
0.000989859
0.000989262
0.00098864
0.00098799
0.000987313
0.000986607
0.00098587
0.000985103
0.000984304
0.00098347
0.000982599
0.000981688
0.000980733
0.000979729
0.000978672
0.000977556
0.000976376
0.000975126
0.000973801
0.000972398
0.000970913
0.000969344
0.000967691
0.000965953
0.000964132
0.000962231
0.000960253
0.000958203
0.000956084
0.000953902
0.000951661
0.000949366
0.000947019
0.000944625
0.000942187
0.000939706
0.000937184
0.000934621
0.000932017
0.000929372
0.000926684
0.00092395
0.000921167
0.000918331
0.000915439
0.000912484
0.000909462
0.000906367
0.000903194
0.000899937
0.00089659
0.00089315
0.000889606
0.000885977
0.000882143
0.000878694
0.000872501
0.00100579
0.0010055
0.0010052
0.0010049
0.00100459
0.00100428
0.00100396
0.00100364
0.00100331
0.00100298
0.00100264
0.00100229
0.00100193
0.00100157
0.0010012
0.00100082
0.00100043
0.00100003
0.000999619
0.000999199
0.000998768
0.000998324
0.000997868
0.000997398
0.000996914
0.000996415
0.000995901
0.000995369
0.00099482
0.000994252
0.000993664
0.000993056
0.000992424
0.000991769
0.000991088
0.00099038
0.000989641
0.000988872
0.000988068
0.000987227
0.000986348
0.000985427
0.000984463
0.000983452
0.000982393
0.000981283
0.000980121
0.000978904
0.000977631
0.0009763
0.00097491
0.000973457
0.000971941
0.000970359
0.000968709
0.000966988
0.000965194
0.000963324
0.000961377
0.000959351
0.000957246
0.000955063
0.000952801
0.000950465
0.000948056
0.000945579
0.000943039
0.000940441
0.000937791
0.000935093
0.000932351
0.000929571
0.000926753
0.000923901
0.000921014
0.000918091
0.000915131
0.00091213
0.000909084
0.000905988
0.000902838
0.000899628
0.000896352
0.000893005
0.00088958
0.000886073
0.000882476
0.000878785
0.000874995
0.000871099
0.000867093
0.000862972
0.000858731
0.000854366
0.000849874
0.000845245
0.00084051
0.000835499
0.000831038
0.000822924
0.00100544
0.00100509
0.00100474
0.00100438
0.001004
0.00100361
0.00100321
0.0010028
0.00100237
0.00100193
0.00100147
0.001001
0.0010005
0.000999992
0.000999461
0.000998909
0.000998335
0.000997738
0.000997117
0.00099647
0.000995797
0.000995096
0.000994365
0.000993603
0.000992809
0.000991981
0.000991118
0.000990218
0.00098928
0.000988301
0.00098728
0.000986216
0.000985106
0.000983947
0.000982739
0.000981479
0.000980164
0.000978793
0.000977362
0.00097587
0.000974313
0.000972691
0.000971
0.000969238
0.000967404
0.000965496
0.000963512
0.000961451
0.000959312
0.000957094
0.000954796
0.000952418
0.00094996
0.000947422
0.000944805
0.000942111
0.000939342
0.0009365
0.000933589
0.000930613
0.000927577
0.000924487
0.000921349
0.000918169
0.000914952
0.000911703
0.000908428
0.000905128
0.000901805
0.000898457
0.000895082
0.000891674
0.000888228
0.000884733
0.00088118
0.000877559
0.000873856
0.000870062
0.000866163
0.000862151
0.000858016
0.000853751
0.000849349
0.000844805
0.000840118
0.000835285
0.000830305
0.000825178
0.000819905
0.000814486
0.000808923
0.000803216
0.000797367
0.000791375
0.000785246
0.000778969
0.000772596
0.000765887
0.000760008
0.000749277
0.00100368
0.00100314
0.00100257
0.00100198
0.00100136
0.00100071
0.00100003
0.000999314
0.000998569
0.000997788
0.000996972
0.000996117
0.000995224
0.00099429
0.000993314
0.000992294
0.000991229
0.000990117
0.000988956
0.000987746
0.000986484
0.000985169
0.0009838
0.000982374
0.00098089
0.000979347
0.000977744
0.000976077
0.000974347
0.000972552
0.000970689
0.000968758
0.000966757
0.000964685
0.000962541
0.000960323
0.00095803
0.000955661
0.000953216
0.000950693
0.000948092
0.000945412
0.000942654
0.000939816
0.000936901
0.000933907
0.000930836
0.00092769
0.000924469
0.000921176
0.000917815
0.000914387
0.000910897
0.00090735
0.000903751
0.000900105
0.00089642
0.000892702
0.000888956
0.000885191
0.00088141
0.000877618
0.000873818
0.000870007
0.000866185
0.000862343
0.000858474
0.000854563
0.000850594
0.00084655
0.000842408
0.000838147
0.000833741
0.000829169
0.000824407
0.000819436
0.000814239
0.000808803
0.000803118
0.000797182
0.000790997
0.000784567
0.000777904
0.000771021
0.000763936
0.000756666
0.00074923
0.000741647
0.000733935
0.000726111
0.000718192
0.00071019
0.000702119
0.00069399
0.000685817
0.000677596
0.000669407
0.000660941
0.000653708
0.000640705
0.000995833
0.00099464
0.000993391
0.000992085
0.000990719
0.000989292
0.000987803
0.000986251
0.000984635
0.000982954
0.000981206
0.000979391
0.000977508
0.000975555
0.000973533
0.00097144
0.000969276
0.00096704
0.000964731
0.00096235
0.000959895
0.000957367
0.000954765
0.00095209
0.000949341
0.000946518
0.000943621
0.000940651
0.000937609
0.000934494
0.000931308
0.00092805
0.000924723
0.000921328
0.000917865
0.000914337
0.000910745
0.000907091
0.000903377
0.000899605
0.000895778
0.000891899
0.00088797
0.000883994
0.000879974
0.000875913
0.000871816
0.000867684
0.000863524
0.000859338
0.000855131
0.000850908
0.000846672
0.000842429
0.000838182
0.000833932
0.00082968
0.000825424
0.00082116
0.000816879
0.000812569
0.000808212
0.000803787
0.000799267
0.000794621
0.000789814
0.000784808
0.000779565
0.000774043
0.000768205
0.000762014
0.000755439
0.000748456
0.000741046
0.000733202
0.000724928
0.000716237
0.000707154
0.000697717
0.00068797
0.000677968
0.000667769
0.000657435
0.000647028
0.000636607
0.000626229
0.000615943
0.000605797
0.000595828
0.000586071
0.000576553
0.000567298
0.000558328
0.000549658
0.000541311
0.000533288
0.000525665
0.000518192
0.000512099
0.000501963
0.000965286
0.000962383
0.000959393
0.000956317
0.000953157
0.000949912
0.000946586
0.000943179
0.000939693
0.00093613
0.000932493
0.000928782
0.000925
0.000921149
0.000917232
0.00091325
0.000909206
0.000905103
0.000900943
0.000896728
0.000892461
0.000888146
0.000883783
0.000879377
0.000874931
0.000870446
0.000865926
0.000861374
0.000856793
0.000852185
0.000847554
0.000842902
0.000838233
0.000833549
0.000828852
0.000824145
0.00081943
0.000814709
0.000809983
0.000805254
0.00080052
0.000795784
0.000791043
0.000786297
0.000781543
0.000776779
0.000772002
0.000767207
0.000762387
0.000757537
0.000752645
0.000747701
0.000742689
0.000737592
0.000732387
0.000727049
0.000721545
0.000715842
0.000709899
0.000703675
0.000697123
0.000690199
0.000682859
0.000675061
0.000666772
0.000657964
0.00064862
0.000638736
0.00062832
0.000617396
0.000606004
0.000594198
0.000582048
0.000569638
0.000557064
0.000544429
0.000531844
0.000519419
0.000507265
0.000495482
0.000484163
0.000473386
0.000463216
0.000453704
0.000444885
0.000436782
0.000429408
0.000422763
0.000416844
0.000411639
0.000407134
0.000403308
0.000400142
0.000397615
0.000395704
0.000394388
0.000393634
0.000393463
0.000393639
0.000395158
0.000865093
0.000859076
0.00085302
0.000846931
0.000840814
0.000834674
0.000828517
0.000822348
0.000816171
0.000809991
0.000803813
0.000797641
0.000791478
0.00078533
0.000779198
0.000773087
0.000767
0.000760939
0.000754906
0.000748903
0.000742932
0.000736994
0.00073109
0.000725219
0.000719382
0.000713578
0.000707806
0.000702063
0.000696347
0.000690654
0.00068498
0.000679319
0.000673665
0.000668011
0.000662347
0.000656664
0.000650949
0.00064519
0.000639373
0.000633483
0.000627501
0.000621411
0.000615192
0.000608824
0.000602285
0.000595553
0.000588603
0.000581409
0.000573948
0.000566192
0.000558115
0.000549694
0.000540906
0.000531734
0.000522167
0.000512199
0.00050184
0.000491106
0.000480033
0.000468666
0.000457069
0.000445317
0.000433498
0.000421709
0.000410051
0.000398627
0.000387541
0.000376889
0.000366761
0.000357238
0.000348387
0.000340267
0.000332925
0.000326395
0.000320699
0.000315852
0.000311855
0.000308704
0.000306385
0.000304875
0.000304148
0.000304171
0.000304907
0.000306316
0.000308355
0.000310978
0.000314137
0.000317783
0.000321868
0.000326343
0.000331161
0.000336274
0.000341638
0.000347208
0.000352936
0.00035879
0.000364684
0.000370795
0.000376056
0.000385384
0.000603864
0.000595348
0.000586953
0.000578679
0.000570526
0.000562495
0.000554582
0.000546787
0.000539107
0.000531541
0.000524085
0.000516736
0.000509491
0.000502347
0.000495299
0.000488344
0.000481477
0.000474692
0.000467986
0.000461353
0.000454787
0.000448283
0.000441836
0.000435439
0.000429087
0.000422774
0.000416494
0.000410241
0.00040401
0.000397795
0.00039159
0.000385392
0.000379195
0.000372996
0.000366793
0.000360583
0.000354366
0.000348142
0.000341913
0.000335683
0.000329456
0.000323238
0.000317037
0.000310864
0.00030473
0.000298648
0.000292635
0.000286706
0.000280884
0.00027519
0.00026965
0.000264291
0.000259144
0.000254242
0.000249622
0.000245319
0.000241372
0.00023782
0.000234701
0.000232052
0.000229906
0.000228296
0.00022725
0.000226792
0.000226941
0.00022771
0.000229108
0.000231139
0.000233799
0.000237079
0.000240963
0.00024543
0.00025045
0.000255989
0.000262004
0.000268449
0.000275269
0.000282407
0.000289801
0.000297389
0.000305106
0.000312887
0.000320671
0.000328395
0.000336002
0.000343437
0.000350655
0.000357621
0.000364306
0.000370694
0.000376774
0.000382547
0.00038801
0.000393156
0.000397984
0.000402499
0.000406702
0.000410685
0.000413982
0.000419197
0.000232294
0.000228646
0.00022515
0.000221801
0.000218593
0.000215522
0.000212584
0.000209773
0.000207085
0.000204518
0.000202068
0.000199731
0.000197505
0.000195388
0.000193377
0.000191471
0.000189667
0.000187965
0.000186362
0.000184859
0.000183455
0.000182148
0.000180939
0.000179829
0.000178816
0.000177902
0.000177087
0.000176372
0.000175759
0.000175249
0.000174844
0.000174546
0.000174359
0.000174284
0.000174325
0.000174486
0.000174772
0.000175186
0.000175735
0.000176422
0.000177256
0.000178242
0.000179388
0.000180702
0.000182193
0.00018387
0.000185744
0.000187827
0.00019013
0.000192667
0.000195452
0.000198498
0.000201822
0.000205438
0.000209362
0.000213607
0.000218189
0.000223119
0.000228407
0.000234059
0.000240076
0.000246457
0.000253193
0.000260266
0.000267653
0.000275321
0.000283228
0.000291323
0.000299547
0.000307831
0.000316101
0.000324278
0.00033228
0.000340026
0.000347438
0.000354444
0.000360981
0.000366996
0.00037245
0.000377316
0.000381582
0.000385248
0.000388329
0.000390839
0.000392795
0.000394247
0.000395247
0.000395849
0.000396101
0.000396048
0.000395732
0.000395191
0.000394457
0.000393528
0.000392428
0.000391179
0.000389856
0.000388328
0.000387158
0.000384638
0.000182297
0.000183131
0.000183938
0.000184715
0.000185463
0.00018618
0.000186867
0.000187521
0.000188144
0.000188734
0.000189291
0.000189815
0.000190305
0.00019076
0.00019118
0.000191565
0.000191913
0.000192226
0.000192501
0.000192739
0.00019294
0.000193102
0.000193226
0.000193311
0.000193356
0.000193361
0.000193325
0.000193249
0.000193131
0.000192972
0.00019277
0.000192525
0.000192237
0.000191905
0.00019153
0.000191109
0.000190644
0.000190133
0.000189576
0.000188973
0.000188324
0.000187628
0.000186886
0.000186097
0.000185261
0.000184379
0.000183451
0.000182477
0.000181458
0.000180394
0.000179287
0.000178138
0.000176949
0.000175721
0.000174458
0.000173162
0.000171838
0.000170491
0.000169127
0.000167753
0.000166377
0.000165009
0.000163658
0.000162338
0.000161058
0.000159833
0.000158673
0.000157591
0.000156597
0.000155699
0.000154903
0.000154213
0.000153629
0.000153148
0.000152764
0.000152468
0.000152247
0.000152088
0.000151977
0.000151898
0.000151838
0.000151782
0.000151719
0.000151637
0.000151534
0.000151401
0.000151233
0.000151027
0.000150781
0.000150496
0.000150177
0.000149828
0.000149442
0.000149023
0.000148581
0.000148116
0.000147637
0.000147116
0.000146676
0.000145827
3.74861e-05
0.000209525
0.000241021
4.9224e-05
4.58545e-05
4.74337e-05
5.07932e-05
5.13847e-05
5.02485e-05
5.74951e-05
7.11985e-05
8.58125e-05
9.98799e-05
0.000113106
0.00012546
0.000136995
0.000147783
0.000157901
0.000167417
0.000176394
0.000184884
0.000192933
0.000200585
0.00020788
0.000214852
0.000221536
0.000227961
0.00023415
0.000240122
0.000245888
0.000251451
0.000256809
0.000261953
0.000266872
0.000271561
0.000276027
0.000280278
0.000284233
0.000287946
0.000291414
0.000294633
0.00029761
0.000300356
0.000302887
0.000305228
0.000307406
0.000309449
0.000311385
0.000313236
0.000315017
0.000316733
0.000318381
0.000319948
0.000321411
0.000322741
0.000323905
0.000324865
0.000325585
0.00032603
0.000326172
0.000325988
0.000325462
0.000324589
0.000323369
0.000321814
0.00031994
0.000317774
0.000315346
0.000312709
0.000309938
0.00030717
0.000304982
0.000303701
0.00030265
0.000301663
0.00030069
0.000299681
0.000298568
0.000297274
0.000295715
0.000293816
0.000291525
0.000288815
0.000285691
0.00028219
0.000278369
0.000274304
0.000270077
0.000265772
0.00026147
0.000257246
0.000253166
0.00024929
0.000245671
0.000242355
0.000239385
0.000236792
0.000234635
0.000232862
0.000231454
7.84973e-05
0.000153324
0.000201124
0.000209912
0.000206879
0.000202448
0.000200505
0.000208801
0.000222559
0.000242246
0.000266875
0.000295628
0.000328564
0.000366108
0.000408656
0.000456371
0.000509092
0.000566322
0.000627283
0.000691021
0.000756524
0.000822846
0.000889194
0.000954984
0.00101985
0.00108364
0.00114636
0.00120812
0.00126909
0.00132943
0.00138923
0.00144851
0.00150707
0.00156448
0.00161988
0.00167201
0.00172013
0.00176513
0.001808
0.00184868
0.00188708
0.00192317
0.00195695
0.00198852
0.00201806
0.00204581
0.00207205
0.00209706
0.00212113
0.00214446
0.00216719
0.00218938
0.00221096
0.00223178
0.00225162
0.00227016
0.00228708
0.00230201
0.00231464
0.00232468
0.00233192
0.00233624
0.00233758
0.00233603
0.00233176
0.00232502
0.00231609
0.00230532
0.00229314
0.00227986
0.00226544
0.00224933
0.00223175
0.00221328
0.00219425
0.00217456
0.0021538
0.00213137
0.00210665
0.00207907
0.00204826
0.00201414
0.00197691
0.00193709
0.0018954
0.00185269
0.00180985
0.00176775
0.00172714
0.00168867
0.00165289
0.00162017
0.0015908
0.00156493
0.00154261
0.0015237
0.00150807
0.00149518
0.00148458
0.00147532
0.000124475
0.000235185
0.000290253
0.000308083
0.000312652
0.00031838
0.000331128
0.000352441
0.000381776
0.000419334
0.000465583
0.00052115
0.000586484
0.000661488
0.000745337
0.000836511
0.00093303
0.00103276
0.00113371
0.00123422
0.00133304
0.00142938
0.00152276
0.00161304
0.00170027
0.00178463
0.00186642
0.00194596
0.00202358
0.00209958
0.00217422
0.00224767
0.00232002
0.0023913
0.00246153
0.0025309
0.0025987
0.00266454
0.00272824
0.00278951
0.00284806
0.00290366
0.00295615
0.00300548
0.0030517
0.00309493
0.00313537
0.00317323
0.00320875
0.00324214
0.00327353
0.00330299
0.00333047
0.00335583
0.00337885
0.00339923
0.00341662
0.00343068
0.00344112
0.00344766
0.00345014
0.00344846
0.00344263
0.00343284
0.00341942
0.00340279
0.00338348
0.00336207
0.00333925
0.00331572
0.0032921
0.00326883
0.00324631
0.00322481
0.00320435
0.00318459
0.00316479
0.00314386
0.00312057
0.0030937
0.00306228
0.00302581
0.00298429
0.00293824
0.00288861
0.00283657
0.00278346
0.00273056
0.00267908
0.00263003
0.00258427
0.00254246
0.00250505
0.00247231
0.00244429
0.00242083
0.00240153
0.00238571
0.00237183
0.00235976
0.000163268
0.000299152
0.000366015
0.000391514
0.000403672
0.00041878
0.000442945
0.00047761
0.000522693
0.000578671
0.000645886
0.000724185
0.000812647
0.000909599
0.00101286
0.00112012
0.00122922
0.00133844
0.0014465
0.00155256
0.00165612
0.00175691
0.00185482
0.00194987
0.00204211
0.00213168
0.00221877
0.00230361
0.00238647
0.00246766
0.0025475
0.00262627
0.00270426
0.00278171
0.00285882
0.00293558
0.00301164
0.0030867
0.00316043
0.00323241
0.00330218
0.00336929
0.00343333
0.00349395
0.00355092
0.00360411
0.00365346
0.00369903
0.00374089
0.0037792
0.00381409
0.00384565
0.00387396
0.00389899
0.00392065
0.00393879
0.00395318
0.0039636
0.00396985
0.00397175
0.00396915
0.003962
0.00395034
0.00393436
0.00391438
0.00389088
0.00386447
0.00383589
0.00380601
0.00377579
0.00374627
0.00371848
0.00369328
0.00367127
0.00365267
0.00363719
0.00362391
0.00361134
0.00359758
0.00358061
0.00355865
0.00353054
0.00349583
0.00345488
0.00340862
0.00335843
0.00330587
0.00325252
0.00319985
0.00314915
0.00310148
0.0030577
0.00301841
0.00298401
0.00295461
0.00293003
0.00290981
0.00289318
0.00287804
0.00286526
0.000191142
0.000343241
0.00042505
0.0004612
0.000481574
0.000505135
0.000539254
0.000585461
0.000643637
0.000713314
0.000793595
0.000883014
0.000979602
0.00108114
0.00118549
0.00129079
0.00139566
0.00149921
0.00160096
0.00170076
0.00179864
0.00189467
0.00198894
0.00208147
0.00217222
0.00226111
0.0023481
0.00243319
0.00251646
0.00259812
0.00267844
0.00275777
0.00283653
0.00291509
0.00299379
0.00307278
0.00315204
0.00323145
0.00331068
0.00338928
0.00346665
0.00354208
0.00361487
0.00368433
0.00374987
0.00381101
0.00386745
0.00391898
0.00396552
0.00400713
0.00404395
0.00407615
0.00410393
0.00412744
0.0041468
0.00416206
0.00417319
0.00418013
0.00418274
0.0041809
0.00417446
0.00416335
0.00414755
0.00412719
0.00410255
0.00407408
0.0040424
0.00400834
0.00397291
0.00393733
0.00390299
0.00387138
0.00384395
0.0038219
0.00380599
0.00379624
0.00379175
0.00379065
0.00379024
0.00378746
0.00377951
0.0037643
0.00374082
0.00370915
0.00367024
0.00362563
0.00357712
0.00352655
0.00347567
0.00342598
0.00337877
0.00333507
0.00329565
0.00326104
0.00323145
0.00320678
0.00318657
0.00317002
0.00315473
0.00314291
0.000204848
0.000332455
0.000459761
0.000514926
0.000545318
0.00057697
0.000619511
0.000674524
0.000741004
0.000817246
0.000901248
0.000990834
0.00108382
0.00117819
0.00127231
0.00136501
0.00145571
0.00154436
0.00163135
0.00171733
0.00180295
0.00188876
0.00197502
0.00206172
0.00214862
0.00223525
0.0023211
0.00240572
0.00248882
0.00257031
0.00265033
0.00272919
0.00280734
0.00288528
0.00296355
0.00304263
0.00312285
0.00320433
0.00328692
0.00337017
0.00345337
0.00353562
0.00361586
0.00369304
0.00376614
0.00383432
0.00389693
0.00395353
0.00400391
0.00404805
0.00408609
0.00411833
0.00414508
0.00416672
0.00418357
0.00419593
0.00420397
0.00420779
0.00420737
0.00420263
0.00419342
0.00417959
0.00416106
0.00413782
0.00411005
0.00407811
0.0040426
0.00400436
0.00396452
0.0039245
0.00388601
0.00385099
0.00382152
0.00379954
0.00378656
0.00378318
0.00378873
0.00380097
0.00381632
0.00383043
0.00383911
0.00383921
0.00382902
0.00380834
0.00377818
0.00374032
0.00369686
0.00364996
0.00360162
0.00355362
0.00350745
0.00346433
0.00342524
0.00339086
0.00336156
0.00333734
0.00331777
0.0033021
0.00328773
0.00327822
0.000209024
0.000332191
0.000484385
0.000555918
0.00059587
0.00063432
0.000682431
0.000741453
0.000809371
0.000883584
0.000961652
0.00104142
0.00112102
0.00119894
0.00127418
0.0013464
0.00141599
0.0014839
0.00155154
0.0016204
0.00169177
0.00176645
0.00184473
0.00192636
0.00201073
0.00209685
0.0021835
0.00226961
0.00235438
0.0024373
0.00251823
0.00259737
0.00267514
0.00275221
0.00282943
0.00290763
0.00298752
0.00306956
0.00315385
0.00324009
0.00332753
0.00341512
0.0035015
0.00358524
0.00366491
0.00373926
0.00380728
0.00386827
0.00392183
0.00396788
0.00400657
0.00403827
0.0040635
0.00408283
0.00409685
0.00410609
0.00411098
0.00411179
0.00410866
0.00410156
0.00409032
0.00407474
0.0040546
0.00402975
0.00400021
0.00396621
0.00392826
0.00388719
0.00384418
0.00380077
0.00375894
0.00372107
0.00368984
0.003668
0.00365798
0.00366123
0.0036775
0.00370431
0.00373704
0.00376978
0.0037967
0.00381333
0.00381724
0.00380801
0.00378682
0.00375577
0.00371736
0.00367411
0.00362831
0.00358199
0.00353689
0.00349445
0.00345584
0.00342197
0.00339336
0.00337013
0.00335195
0.00333803
0.00332566
0.00331971
0.000221183
0.000353583
0.000506662
0.000586907
0.000632711
0.00067339
0.000720072
0.000773436
0.000831188
0.000891251
0.000952259
0.0010131
0.00107259
0.00112965
0.00118366
0.00123501
0.0012849
0.00133502
0.00138724
0.00144343
0.00150492
0.00157241
0.00164598
0.00172512
0.00180883
0.00189572
0.0019842
0.00207273
0.00216003
0.00224515
0.00232761
0.00240734
0.00248476
0.00256066
0.00263612
0.00271231
0.00279036
0.00287114
0.00295513
0.00304227
0.00313193
0.00322296
0.0033138
0.00340263
0.0034876
0.00356702
0.00363949
0.00370399
0.00375992
0.00380709
0.00384568
0.00387616
0.0038992
0.00391563
0.00392628
0.00393198
0.00393341
0.00393108
0.00392527
0.00391604
0.00390323
0.00388655
0.00386566
0.00384024
0.00381012
0.00377537
0.00373636
0.00369384
0.00364898
0.00360342
0.00355931
0.00351937
0.00348684
0.0034653
0.00345823
0.00346813
0.00349545
0.00353756
0.0035887
0.00364111
0.00368703
0.00372052
0.00373844
0.0037403
0.00372757
0.00370282
0.003669
0.003629
0.00358546
0.00354065
0.00349656
0.00345483
0.0034169
0.00338386
0.00335646
0.00333492
0.00331896
0.00330779
0.0032985
0.00329728
4.49619e-05
0.000308175
0.000514141
0.000604706
0.000648401
0.000678883
0.00070763
0.000736699
0.000767203
0.000801191
0.000840103
0.000883594
0.000929636
0.000976045
0.00102113
0.00106507
0.00110904
0.00115455
0.00120302
0.00125566
0.0013134
0.0013769
0.00144644
0.0015219
0.00160264
0.00168748
0.00177486
0.00186308
0.00195052
0.00203584
0.00211813
0.00219705
0.00227281
0.00234618
0.00241833
0.0024907
0.00256478
0.0026419
0.00272297
0.00280831
0.00289753
0.00298952
0.00308256
0.0031745
0.00326306
0.00334607
0.00342168
0.00348854
0.0035458
0.00359316
0.00363076
0.00365919
0.00367928
0.0036921
0.00369877
0.00370039
0.00369792
0.00369213
0.00368347
0.00367211
0.00365793
0.00364056
0.00361954
0.00359435
0.00356463
0.00353026
0.00349144
0.0034488
0.00340346
0.00335706
0.00331188
0.00327086
0.00323771
0.00321679
0.00321267
0.00322915
0.00326758
0.00332534
0.00339541
0.00346788
0.00353278
0.00358266
0.00361377
0.00362574
0.00362051
0.00360121
0.00357129
0.00353406
0.00349245
0.003449
0.00340589
0.00336503
0.00332807
0.00329635
0.00327079
0.00325176
0.00323897
0.00323153
0.00322633
0.00323088
4.47428e-05
0.000305915
0.000520219
0.000602435
0.000623407
0.000618312
0.000605781
0.000599206
0.000606626
0.00063008
0.000667421
0.000714973
0.000768021
0.000822682
0.000876621
0.000929037
0.000980102
0.00103042
0.00108076
0.00113208
0.00118546
0.00124212
0.00130315
0.00136928
0.00144069
0.00151688
0.00159671
0.00167856
0.00176069
0.00184145
0.00191957
0.00199431
0.00206555
0.00213384
0.00220029
0.00226644
0.00233403
0.00240476
0.00248
0.00256053
0.0026463
0.00273638
0.00282897
0.00292167
0.00301177
0.0030966
0.00317384
0.00324173
0.00329916
0.00334565
0.00338135
0.00340689
0.0034233
0.00343185
0.00343394
0.00343095
0.00342413
0.0034145
0.00340272
0.00338911
0.00337357
0.00335572
0.00333495
0.00331057
0.00328203
0.00324896
0.0032114
0.00316985
0.0031253
0.00307939
0.0030344
0.00299343
0.00296052
0.00294069
0.00293965
0.00296259
0.00301204
0.00308549
0.00317451
0.00326677
0.00334991
0.003415
0.00345788
0.00347853
0.00347955
0.00346472
0.003438
0.00340306
0.00336312
0.00332094
0.00327893
0.00323921
0.00320366
0.00317385
0.00315089
0.00313522
0.00312653
0.00312376
0.00312353
0.00313471
4.66617e-05
0.000336124
0.000526685
0.000559845
0.000521915
0.000465958
0.000442398
0.00045549
0.000490643
0.000537986
0.000592821
0.000652617
0.00071517
0.000778018
0.000838946
0.000896504
0.000950078
0.000999744
0.00104613
0.00109038
0.00113399
0.00117873
0.00122634
0.0012783
0.0013354
0.00139762
0.00146427
0.00153408
0.0016054
0.00167654
0.00174596
0.00181259
0.00187598
0.00193636
0.00199463
0.00205225
0.00211105
0.00217301
0.00223987
0.00231288
0.00239241
0.0024778
0.00256733
0.0026584
0.00274792
0.00283274
0.00291004
0.00297762
0.00303406
0.00307871
0.00311166
0.00313362
0.00314575
0.00314952
0.00314658
0.00313859
0.00312708
0.00311331
0.00309817
0.00308212
0.00306516
0.00304688
0.00302658
0.00300341
0.0029766
0.00294558
0.00291018
0.00287075
0.00282816
0.00278397
0.00274044
0.00270069
0.002669
0.00265091
0.00265318
0.00268251
0.00274276
0.00283162
0.00293911
0.00305022
0.00315011
0.00322857
0.00328135
0.00330903
0.00331498
0.00330364
0.00327946
0.00324645
0.00320805
0.00316721
0.00312653
0.00308834
0.00305473
0.0030275
0.00300791
0.00299645
0.0029927
0.00299539
0.00300076
0.00301917
4.79034e-05
0.000423779
0.000526817
0.000410819
0.000341935
0.000359876
0.000419005
0.00048671
0.000550839
0.000609282
0.000664591
0.000719715
0.000775706
0.000831586
0.00088543
0.000935481
0.000980713
0.00102098
0.00105684
0.00108955
0.00112084
0.00115268
0.00118686
0.00122473
0.0012672
0.00131455
0.00136644
0.00142198
0.00147982
0.00153841
0.00159622
0.00165204
0.00170517
0.00175559
0.00180395
0.00185154
0.00190016
0.00195188
0.00200875
0.00207239
0.00214363
0.00222217
0.00230644
0.00239381
0.00248087
0.00256402
0.00263994
0.002706
0.00276045
0.00280245
0.00283202
0.00284992
0.0028574
0.00285614
0.002848
0.00283487
0.00281852
0.00280047
0.00278183
0.00276323
0.00274477
0.00272606
0.00270635
0.00268464
0.00265997
0.00263157
0.00259908
0.00256266
0.00252306
0.00248173
0.00244085
0.00240353
0.00237411
0.00235854
0.00236449
0.00240016
0.00247086
0.00257448
0.00269933
0.00282759
0.00294205
0.00303154
0.00309209
0.00312508
0.0031347
0.00312603
0.00310393
0.00307264
0.00303579
0.00299648
0.00295747
0.00292127
0.0028902
0.00286622
0.00285072
0.00284419
0.00284604
0.00285474
0.00286609
0.00289203
0.000184597
0.000918601
0.00026958
0.000272224
0.000365911
0.000471949
0.000565235
0.000638691
0.000694681
0.000739417
0.000779337
0.000818847
0.000859499
0.000900552
0.000940202
0.000976718
0.00100903
0.00103698
0.00106127
0.00108321
0.00110434
0.00112617
0.00115007
0.00117711
0.00120801
0.00124309
0.00128217
0.00132464
0.00136946
0.00141534
0.00146096
0.00150517
0.00154724
0.001587
0.00162491
0.00166211
0.00170028
0.00174148
0.00178789
0.00184146
0.00190337
0.00197374
0.00205129
0.0021334
0.0022165
0.00229662
0.00236999
0.00243357
0.00248527
0.00252407
0.0025499
0.00256354
0.00256634
0.00256012
0.0025469
0.00252878
0.00250774
0.00248551
0.00246342
0.00244227
0.00242231
0.0024032
0.00238416
0.00236411
0.0023419
0.0023166
0.00228764
0.002255
0.00221932
0.0021819
0.00214482
0.00211111
0.00208507
0.00207288
0.00208298
0.00212495
0.00220552
0.0023227
0.00246304
0.0026059
0.0027321
0.00282996
0.0028961
0.00293283
0.0029451
0.00293851
0.00291822
0.00288863
0.0028535
0.00281602
0.00277908
0.00274538
0.0027174
0.00269726
0.00268645
0.00268536
0.00269322
0.00270819
0.00272558
0.00275905
3.36159e-05
0.00014157
0.000239478
0.000388582
0.000526746
0.000634404
0.000710156
0.000761144
0.000796789
0.000824689
0.000850039
0.000875697
0.000902411
0.000929417
0.000955293
0.000978785
0.000999292
0.00101696
0.00103251
0.00104698
0.00106147
0.00107703
0.00109455
0.00111471
0.00113796
0.00116446
0.00119406
0.00122628
0.00126031
0.00129517
0.00132978
0.00136321
0.00139483
0.00142447
0.00145253
0.00148
0.00150843
0.00153981
0.00157635
0.00162013
0.00167268
0.00173447
0.00180452
0.00188041
0.00195851
0.00203458
0.00210453
0.00216493
0.00221341
0.00224874
0.00227079
0.00228031
0.00227873
0.00226795
0.00225013
0.00222751
0.00220224
0.00217622
0.00215098
0.0021275
0.00210618
0.00208679
0.00206855
0.00205035
0.00203091
0.00200914
0.00198428
0.00195617
0.00192526
0.00189276
0.00186061
0.00183167
0.00181015
0.00180227
0.001817
0.00186508
0.00195447
0.00208323
0.00223614
0.0023902
0.00252481
0.00262829
0.00269805
0.00273726
0.0027515
0.0027467
0.0027282
0.00270048
0.00266734
0.00263206
0.00259764
0.0025669
0.00254248
0.00252662
0.00252083
0.00252542
0.00253935
0.00256051
0.00258371
0.00262441
6.46811e-05
9.85585e-05
0.000281185
0.000467396
0.000594642
0.000680295
0.000739135
0.000780102
0.000809384
0.000831504
0.000850035
0.000867345
0.000884355
0.000900861
0.000916221
0.000929963
0.000942067
0.000952945
0.000963265
0.000973757
0.000985096
0.000997837
0.00101241
0.00102912
0.00104812
0.0010694
0.00109274
0.00111771
0.00114367
0.00116987
0.00119549
0.00121985
0.00124251
0.0012634
0.00128292
0.00130201
0.00132209
0.00134503
0.00137295
0.00140801
0.00145188
0.00150533
0.00156774
0.00163693
0.00170935
0.00178069
0.00184661
0.00190341
0.00194847
0.0019804
0.00199894
0.00200483
0.00199952
0.00198495
0.00196336
0.00193707
0.00190836
0.00187927
0.00185147
0.00182614
0.00180382
0.00178442
0.00176726
0.00175119
0.00173489
0.00171711
0.00169697
0.00167413
0.0016489
0.00162233
0.0015962
0.0015732
0.00155731
0.00155462
0.00157432
0.00162791
0.00172426
0.00186141
0.00202282
0.00218386
0.00232329
0.00242984
0.00250167
0.00254258
0.00255852
0.00255556
0.00253906
0.00251354
0.00248277
0.0024501
0.00241859
0.00239117
0.00237059
0.00235919
0.00235844
0.00236855
0.00238824
0.00241517
0.00244366
0.00249104
)
;

boundaryField
{
    outlet
    {
        type            calculated;
        value           nonuniform List<scalar> 
55
(
0.00236835
0.00225086
0.00212383
0.00198852
0.00184683
0.00170165
0.00155709
0.00141883
0.00129412
0.00119105
0.0011164
0.00107209
0.00105256
0.00104667
0.00104361
0.00103772
0.0010286
0.00101833
0.00100893
0.00100137
0.00099561
0.000991073
0.000987015
0.000982701
0.000977439
0.000970536
0.000961209
0.000948477
0.000930988
0.000906733
0.000872501
0.000822924
0.000749277
0.000640705
0.000501963
0.000395158
0.000385384
0.000419197
0.000384638
0.000145827
0.000231454
0.00147532
0.00235976
0.00286526
0.00314291
0.00327822
0.00331971
0.00329728
0.00323088
0.00313471
0.00301917
0.00289203
0.00275905
0.00262441
0.00249104
)
;
    }
    inlet
    {
        type            calculated;
        value           uniform 0.00101695;
    }
    lowerWall
    {
        type            nutkWallFunction;
        Cmu             0.09;
        kappa           0.41;
        E               9.8;
        value           nonuniform List<scalar> 
148
(
0
0
0
0
0
0
0
0
0
0
0
0
0
0
0
0
0
0
0
0
0
0
0
0
0
0
0
0
0
0
0
0
0
0
0
0
0
0
0
0
1.65349e-07
0
5.94019e-08
4.39599e-09
7.1285e-08
0
1.02275e-06
2.64902e-06
0
2.19965e-08
3.41597e-07
1.01963e-07
2.33839e-08
9.1462e-08
5.0333e-07
3.15637e-07
5.73585e-07
1.95573e-06
3.99943e-06
6.10684e-06
8.12097e-06
1.0008e-05
1.17651e-05
1.34002e-05
1.4924e-05
1.63478e-05
1.76821e-05
1.8936e-05
2.01177e-05
2.12343e-05
2.22923e-05
2.32975e-05
2.42554e-05
2.51707e-05
2.60474e-05
2.6889e-05
2.76977e-05
2.84753e-05
2.92224e-05
2.99388e-05
3.06239e-05
3.12764e-05
3.18957e-05
3.24823e-05
3.30381e-05
3.35583e-05
3.40431e-05
3.4497e-05
3.49216e-05
3.5319e-05
3.56914e-05
3.60414e-05
3.63716e-05
3.66847e-05
3.69828e-05
3.72678e-05
3.75403e-05
3.78005e-05
3.80472e-05
3.82785e-05
3.84915e-05
3.8683e-05
3.88492e-05
3.8986e-05
3.90896e-05
3.91567e-05
3.91843e-05
3.91705e-05
3.91141e-05
3.90151e-05
3.88741e-05
3.86928e-05
3.84734e-05
3.82189e-05
3.79326e-05
3.76193e-05
3.72865e-05
3.69458e-05
3.66245e-05
3.64025e-05
3.62702e-05
3.61522e-05
3.60287e-05
3.58907e-05
3.57301e-05
3.55382e-05
3.53068e-05
3.50291e-05
3.47008e-05
3.4321e-05
3.38921e-05
3.34196e-05
3.29116e-05
3.23777e-05
3.18285e-05
3.12745e-05
3.07257e-05
3.01914e-05
2.96797e-05
2.91978e-05
2.87518e-05
2.83465e-05
2.79859e-05
2.7673e-05
2.74086e-05
2.71961e-05
2.70254e-05
2.69028e-05
)
;
    }
    upperWall
    {
        type            nutkWallFunction;
        Cmu             0.09;
        kappa           0.41;
        E               9.8;
        value           nonuniform List<scalar> 
133
(
1.20002e-05
1.2486e-05
1.29522e-05
1.33963e-05
1.38188e-05
1.42205e-05
1.46027e-05
1.49662e-05
1.53118e-05
1.56403e-05
1.59524e-05
1.62487e-05
1.65301e-05
1.67971e-05
1.70504e-05
1.72907e-05
1.75185e-05
1.77345e-05
1.79392e-05
1.81332e-05
1.83169e-05
1.8491e-05
1.86558e-05
1.8812e-05
1.89598e-05
1.90997e-05
1.92323e-05
1.93577e-05
1.94764e-05
1.95888e-05
1.96952e-05
1.97959e-05
1.98913e-05
1.99961e-05
2.01106e-05
2.02213e-05
2.03278e-05
2.04302e-05
2.05284e-05
2.06223e-05
2.07118e-05
2.07969e-05
2.08775e-05
2.09536e-05
2.1025e-05
2.10918e-05
2.11538e-05
2.12111e-05
2.12635e-05
2.1311e-05
2.13535e-05
2.13911e-05
2.14236e-05
2.14509e-05
2.14731e-05
2.14901e-05
2.15017e-05
2.1508e-05
2.1509e-05
2.15044e-05
2.14943e-05
2.14787e-05
2.14573e-05
2.14303e-05
2.13974e-05
2.13587e-05
2.13141e-05
2.12635e-05
2.12067e-05
2.11439e-05
2.10748e-05
2.09994e-05
2.09177e-05
2.08296e-05
2.0735e-05
2.06339e-05
2.05262e-05
2.0412e-05
2.02912e-05
2.01637e-05
2.00296e-05
1.9889e-05
1.97419e-05
1.95883e-05
1.94286e-05
1.92628e-05
1.90912e-05
1.89143e-05
1.87325e-05
1.85465e-05
1.8357e-05
1.8165e-05
1.79714e-05
1.77776e-05
1.7585e-05
1.73952e-05
1.72097e-05
1.70304e-05
1.68591e-05
1.66975e-05
1.65472e-05
1.64097e-05
1.62861e-05
1.61772e-05
1.60834e-05
1.60047e-05
1.59404e-05
1.58896e-05
1.58508e-05
1.58224e-05
1.58023e-05
1.57885e-05
1.57788e-05
1.57713e-05
1.57639e-05
1.57551e-05
1.57436e-05
1.57287e-05
1.57093e-05
1.56847e-05
1.56546e-05
1.56188e-05
1.55777e-05
1.55314e-05
1.54801e-05
1.54241e-05
1.53641e-05
1.53006e-05
1.52338e-05
1.51652e-05
1.50905e-05
1.50276e-05
1.49064e-05
)
;
    }
    frontAndBack
    {
        type            empty;
    }
}


// ************************************************************************* //
