/*--------------------------------*- C++ -*----------------------------------*\
  =========                 |
  \\      /  F ield         | OpenFOAM: The Open Source CFD Toolbox
   \\    /   O peration     | Website:  https://openfoam.org
    \\  /    A nd           | Version:  10
     \\/     M anipulation  |
\*---------------------------------------------------------------------------*/
FoamFile
{
    format      ascii;
    class       volScalarField;
    location    "0.04";
    object      k;
}
// * * * * * * * * * * * * * * * * * * * * * * * * * * * * * * * * * * * * * //

dimensions      [0 2 -2 0 0 0 0];

internalField   nonuniform List<scalar> 
6820
(
0.198344
0.194812
0.191221
0.187608
0.184022
0.18049
0.177025
0.173631
0.170312
0.167071
0.163907
0.160822
0.157816
0.15489
0.152044
0.149277
0.14659
0.143981
0.14145
0.138994
0.13661
0.134296
0.132046
0.129854
0.12771
0.125605
0.123524
0.12145
0.119354
0.117242
0.114909
0.113086
0.10808
0.200925
0.200903
0.200475
0.200017
0.199554
0.199079
0.198583
0.198065
0.197521
0.196953
0.196361
0.195747
0.195111
0.194457
0.193786
0.1931
0.192402
0.191693
0.190977
0.190256
0.189531
0.188806
0.188084
0.187367
0.186658
0.18596
0.185276
0.184608
0.18396
0.183333
0.182724
0.18213
0.18163
0.236737
0.0165933
0.00856855
0.0103115
0.00711245
0.00775478
0.00947317
0.0114066
0.0134955
0.0156595
0.0178616
0.0200807
0.0223009
0.0245098
0.0266978
0.0288572
0.0309825
0.0330699
0.0351171
0.0371241
0.0390926
0.0410264
0.0429318
0.0448178
0.0466965
0.0485835
0.0504989
0.0524672
0.0545192
0.0566922
0.0590287
0.0616012
0.0643935
0.21079
0.147881
0.104777
0.0794043
0.0637576
0.0531791
0.0453887
0.0392818
0.0342858
0.0300787
0.0264667
0.0233252
0.0205707
0.0181451
0.0160067
0.0141249
0.0124764
0.0110423
0.00980622
0.00875284
0.00786691
0.00713299
0.00653563
0.00605998
0.00569243
0.00542147
0.00523825
0.00513714
0.00511609
0.00517788
0.00532801
0.0055873
0.00595379
0.223414
0.0828974
0.0212292
0.0042057
0.00071522
0.000440838
0.000740599
0.00104723
0.00129679
0.00150568
0.001687
0.00184519
0.00198063
0.00209268
0.00218095
0.00224566
0.00228764
0.00230824
0.00230914
0.00229217
0.00225918
0.0022119
0.0021518
0.00208007
0.00199744
0.00190425
0.00180043
0.00168546
0.00155835
0.0014178
0.00126158
0.00108987
0.000892881
0.217088
0.114946
0.0544745
0.0307277
0.0214901
0.0170293
0.0138974
0.0110388
0.00826049
0.00571247
0.00362315
0.00211521
0.00115183
0.000597931
0.000305217
0.000159882
9.06716e-05
5.85383e-05
4.40106e-05
3.80285e-05
3.68897e-05
3.87655e-05
4.25e-05
4.73734e-05
5.28173e-05
5.833e-05
6.366e-05
6.82425e-05
7.19352e-05
7.0517e-05
7.61649e-05
5.80854e-05
2.05575e-05
0.21353
0.132875
0.0676205
0.0362852
0.0230062
0.0171696
0.0142581
0.0126023
0.011555
0.0108361
0.0103133
0.00991987
0.00961907
0.00938723
0.00920482
0.00905062
0.00889663
0.00870354
0.00841983
0.00800279
0.00740975
0.00668011
0.00593343
0.00528575
0.00478526
0.00442178
0.00416284
0.00397722
0.00384082
0.00373493
0.00364828
0.00356805
0.0034928
0.204358
0.178626
0.130051
0.0782475
0.0452296
0.0283202
0.0200231
0.0157777
0.0134393
0.0120537
0.011186
0.0106241
0.0102549
0.0100117
0.00985042
0.00973792
0.00964415
0.00954223
0.00940514
0.00936607
0.00936031
0.00931783
0.00924127
0.00915747
0.00907818
0.00900327
0.00894082
0.00890266
0.00889348
0.00890793
0.00893818
0.00897686
0.00902235
0.20305
0.184991
0.160512
0.126235
0.0905231
0.0631083
0.0450533
0.0338659
0.0269756
0.0226165
0.0197447
0.0177697
0.0163515
0.0152834
0.0144275
0.0136774
0.0129342
0.012081
0.0110935
0.0105319
0.0103243
0.0102489
0.0102341
0.0102757
0.0103697
0.0105086
0.0106916
0.0109209
0.0111955
0.0115091
0.0118551
0.012226
0.0126211
0.202415
0.188155
0.172668
0.155513
0.132461
0.106088
0.081668
0.062415
0.0486407
0.0391843
0.0327139
0.028202
0.024952
0.022506
0.020555
0.0188751
0.0172942
0.0157402
0.0143438
0.0136794
0.0135352
0.0136134
0.0137973
0.014065
0.0144126
0.0148394
0.0153432
0.0159199
0.0165642
0.0172692
0.0180277
0.0188281
0.0196677
0.201974
0.190361
0.17782
0.166378
0.154017
0.139673
0.123378
0.106291
0.0901129
0.0760238
0.0644002
0.0550751
0.0476394
0.0416402
0.0366795
0.0324586
0.0288226
0.0258164
0.0237098
0.0226493
0.0222826
0.022286
0.0225081
0.0229078
0.0234694
0.0241806
0.0250263
0.0259901
0.0270569
0.028211
0.0294381
0.0307169
0.0320394
0.201658
0.191934
0.181473
0.172585
0.164332
0.155907
0.146599
0.13591
0.124014
0.111598
0.0994395
0.0881323
0.0779856
0.0690744
0.0613496
0.0547508
0.0492977
0.0451211
0.0423253
0.0407195
0.0399269
0.0396412
0.0396732
0.0399611
0.0404763
0.0411892
0.0420663
0.0430737
0.0441798
0.045355
0.0465757
0.0478136
0.0490583
0.201423
0.193109
0.184077
0.176556
0.170099
0.164422
0.159193
0.15387
0.147983
0.14127
0.133679
0.12535
0.116563
0.107658
0.0989899
0.0909308
0.0838634
0.0780704
0.0736343
0.0703947
0.0680166
0.0662295
0.0649094
0.0640067
0.0634652
0.0632181
0.0631966
0.0633367
0.0635856
0.063903
0.0642658
0.0646547
0.0650649
0.201254
0.193953
0.185969
0.179444
0.174095
0.169657
0.165832
0.162181
0.158336
0.154087
0.14933
0.14404
0.138265
0.13212
0.125782
0.119489
0.113476
0.107771
0.102416
0.097537
0.0932124
0.0894669
0.0863151
0.0837251
0.081633
0.079962
0.0786349
0.0775815
0.0767432
0.0760714
0.075533
0.0750983
0.0747424
0.201133
0.194558
0.187325
0.181419
0.176639
0.172652
0.169224
0.166105
0.163068
0.159945
0.156605
0.152944
0.148892
0.144411
0.139502
0.134213
0.128649
0.1229
0.11713
0.111566
0.106407
0.101779
0.0977306
0.0942487
0.0912828
0.0887658
0.0866289
0.0848082
0.0832491
0.0819041
0.0807378
0.0797174
0.0788065
0.201049
0.194979
0.188212
0.182576
0.177997
0.174158
0.170837
0.167838
0.164978
0.162112
0.159124
0.15592
0.152418
0.148556
0.144289
0.139609
0.134555
0.129229
0.123784
0.1184
0.113243
0.108437
0.104053
0.100111
0.0965978
0.0934782
0.0907098
0.0882483
0.0860526
0.0840843
0.0823129
0.0807107
0.0792377
0.200997
0.195245
0.188705
0.183155
0.178614
0.174812
0.171536
0.168593
0.165809
0.163038
0.16016
0.157066
0.153662
0.149871
0.145648
0.140987
0.135937
0.130602
0.125127
0.119674
0.114391
0.109391
0.104743
0.100478
0.0965934
0.0930702
0.0898775
0.0869807
0.0843463
0.0819413
0.0797383
0.0777149
0.07583
0.200973
0.195376
0.188886
0.183307
0.178711
0.17485
0.171509
0.168483
0.165592
0.16269
0.159663
0.156414
0.152865
0.148954
0.144648
0.139945
0.134887
0.129559
0.12408
0.118582
0.113191
0.108009
0.103106
0.0985223
0.0942697
0.0903427
0.0867245
0.0833915
0.0803195
0.0774798
0.0748486
0.0724134
0.0701348
0.200976
0.195378
0.188783
0.18305
0.178287
0.174259
0.170742
0.167523
0.164413
0.161263
0.157958
0.154404
0.15053
0.146286
0.14165
0.136637
0.131299
0.125725
0.120029
0.114329
0.108737
0.103343
0.0982087
0.0933709
0.0888439
0.0846265
0.0807067
0.077068
0.0736863
0.0705315
0.0675872
0.0648566
0.0623097
0.201006
0.195249
0.188384
0.182362
0.177317
0.173018
0.169229
0.165722
0.162299
0.158809
0.15514
0.151205
0.146944
0.14232
0.137326
0.131986
0.126357
0.120526
0.114597
0.108676
0.102862
0.0972346
0.0918514
0.0867487
0.0819444
0.0774428
0.0732381
0.0693152
0.0656514
0.0622303
0.0590428
0.0560949
0.0533627
0.201066
0.194976
0.187656
0.181192
0.175745
0.171073
0.16692
0.163041
0.159229
0.155329
0.151228
0.146845
0.142127
0.137046
0.131609
0.125854
0.119848
0.11368
0.107453
0.101264
0.0952047
0.0893455
0.0837395
0.078421
0.0734096
0.0687091
0.0643121
0.0602077
0.0563869
0.0528422
0.0495654
0.0465595
0.043801
0.201162
0.194536
0.186539
0.179464
0.173488
0.168343
0.163747
0.159431
0.155174
0.150815
0.146239
0.141371
0.136166
0.130611
0.124726
0.118559
0.112182
0.105687
0.099169
0.0927226
0.0864308
0.0803619
0.0745673
0.0690831
0.0639261
0.0590994
0.0546043
0.0504406
0.0466056
0.0430928
0.0398938
0.0370084
0.0344112
0.201303
0.193884
0.184939
0.177057
0.17042
0.164716
0.159616
0.154817
0.150078
0.145228
0.140154
0.134786
0.129091
0.123067
0.116744
0.110175
0.103439
0.0966273
0.0898362
0.0831592
0.0766789
0.0704634
0.064563
0.0590114
0.0538248
0.0490159
0.0445932
0.0405597
0.0369133
0.033649
0.0307603
0.0282475
0.0260858
0.201509
0.192927
0.182685
0.173762
0.166323
0.15997
0.154305
0.14898
0.14373
0.138374
0.132797
0.126937
0.120767
0.114295
0.107558
0.10062
0.093565
0.0864887
0.079492
0.07267
0.0661065
0.0598673
0.0539977
0.0485339
0.0435026
0.0389222
0.0348034
0.0311507
0.0279654
0.0252463
0.0229902
0.0211969
0.0198412
0.201813
0.191517
0.179513
0.169295
0.16094
0.153907
0.147689
0.141872
0.136156
0.130347
0.124325
0.118031
0.111445
0.104586
0.0975027
0.0902673
0.0829738
0.0757271
0.0686341
0.0617919
0.0552851
0.04918
0.0435278
0.0383706
0.0337401
0.0296584
0.0261413
0.0231986
0.0208346
0.0190477
0.0178282
0.0171604
0.0170047
0.202254
0.189466
0.175097
0.163286
0.153901
0.146154
0.13938
0.133081
0.126915
0.120668
0.114222
0.107523
0.100569
0.0933923
0.0860572
0.0786503
0.0712754
0.0640445
0.0570659
0.0504335
0.0442341
0.0385426
0.0334198
0.0289136
0.0250605
0.021888
0.0194134
0.0176409
0.0165602
0.0161439
0.0163483
0.0171159
0.0183773
0.202899
0.18647
0.169002
0.155372
0.144984
0.136639
0.129443
0.122792
0.116299
0.109736
0.102984
0.0960065
0.0888194
0.0814775
0.0740623
0.0666713
0.0594175
0.0524202
0.0457937
0.0396415
0.0340598
0.0291328
0.0249308
0.0215081
0.0189009
0.0171249
0.0161708
0.0160022
0.0165566
0.0177498
0.019485
0.0216569
0.0241765
0.203866
0.181963
0.160405
0.144672
0.133259
0.124355
0.116788
0.109843
0.103095
0.0963112
0.0893843
0.0822997
0.0751012
0.0678663
0.0606885
0.0536668
0.0469186
0.0405716
0.034753
0.0295809
0.0251603
0.0215785
0.0188994
0.0171541
0.0163359
0.0163987
0.01726
0.0188084
0.0209151
0.0234457
0.0262748
0.0292897
0.0324222
0.205315
0.175188
0.14867
0.131035
0.119025
0.109938
0.102286
0.0952824
0.0885048
0.0817312
0.074876
0.0679566
0.061049
0.0542552
0.0476835
0.0414465
0.0356717
0.0304955
0.0260543
0.0224706
0.0198382
0.0182115
0.0175942
0.0179327
0.0191218
0.0210198
0.0234686
0.0263102
0.0293989
0.0326098
0.0358453
0.0390332
0.0421545
0.207531
0.164724
0.132156
0.112703
0.100323
0.0912766
0.0838065
0.0770881
0.0706874
0.06438
0.0580975
0.0518917
0.0458736
0.0401711
0.0349096
0.0302099
0.026193
0.022977
0.020663
0.019313
0.0189331
0.0194692
0.0208101
0.0227994
0.0252562
0.0279986
0.0308707
0.0337585
0.0365875
0.039313
0.0419124
0.0443801
0.0467423
0.2108
0.148933
0.110765
0.0907824
0.0788475
0.0702683
0.0632784
0.0572247
0.0517668
0.0466851
0.0418596
0.0372855
0.0330527
0.0292985
0.0261614
0.023754
0.0221524
0.0213912
0.021451
0.022248
0.023646
0.0254843
0.0276077
0.029893
0.0322521
0.0346216
0.0369589
0.0392431
0.0414691
0.04364
0.0457597
0.0478295
0.0498646
0.214974
0.127958
0.0852958
0.0660188
0.0554712
0.0481987
0.0425145
0.0380037
0.0344613
0.0315857
0.0290753
0.0267878
0.0247626
0.0231267
0.0219885
0.0213844
0.0212812
0.0215995
0.0222275
0.0230435
0.023944
0.0248535
0.0257337
0.0265969
0.0274943
0.0284884
0.0296353
0.0309757
0.0325301
0.0342936
0.0362355
0.0383028
0.040447
0.220408
0.100688
0.0551247
0.0384485
0.0312636
0.027509
0.0251714
0.0234223
0.021905
0.0205425
0.019398
0.0185487
0.0180175
0.0177682
0.0177282
0.0178116
0.0179403
0.0180521
0.0181072
0.0181085
0.0180981
0.0181261
0.018237
0.0184759
0.0188991
0.0195793
0.0205988
0.0220276
0.0238929
0.0261588
0.0287308
0.0314753
0.0342791
0.225265
0.0747148
0.0285497
0.0156216
0.0117937
0.0105999
0.0102335
0.0100618
0.00985503
0.00960942
0.0094168
0.00934928
0.00941453
0.00957564
0.00978614
0.0100061
0.0102038
0.0103554
0.0104488
0.0104866
0.0104851
0.0104684
0.0104613
0.0104868
0.0105705
0.0107475
0.0110697
0.0116036
0.0124175
0.0135698
0.0150979
0.0170035
0.0192581
0.226743
0.0667101
0.0209486
0.00912911
0.00601619
0.00514956
0.00489028
0.00480996
0.0048068
0.00486607
0.00498168
0.00513854
0.0053176
0.00550361
0.00568692
0.00585995
0.00601423
0.00614311
0.00624502
0.00632204
0.00637917
0.00642466
0.00646884
0.0065235
0.00660074
0.006712
0.00687305
0.00710871
0.00745093
0.00793491
0.00859459
0.00945424
0.0105261
0.224008
0.0783983
0.0317478
0.0181017
0.0135426
0.0114566
0.0100718
0.00891546
0.00786823
0.00690305
0.00601371
0.00520046
0.00446652
0.00381539
0.00324881
0.00276439
0.00235501
0.00201257
0.00172987
0.00149956
0.00131428
0.00116745
0.00105341
0.000967292
0.000905054
0.000863556
0.000840253
0.000832862
0.000839419
0.000858225
0.00088782
0.000926638
0.000975093
0.213078
0.135326
0.08953
0.0655696
0.0523902
0.0444175
0.0391282
0.0353634
0.0325475
0.0303628
0.0286197
0.0271974
0.0260142
0.0250156
0.0241642
0.0234312
0.0227938
0.0222342
0.021739
0.0212977
0.0209015
0.020543
0.0202153
0.0199128
0.0196307
0.0193649
0.0191124
0.0188706
0.0186372
0.0184106
0.018188
0.0179708
0.0177455
0.240246
0.00048431
0.0366563
0.000174835
6.45624e-06
0.00103377
0.000848653
0.000416967
0.000177578
0.000198386
0.000631098
0.00117985
0.00132331
0.00101303
0.000757813
0.000773675
0.000882215
0.000970152
0.00105501
0.00116122
0.00129257
0.00145059
0.00163575
0.00184322
0.00206651
0.00230299
0.00255506
0.00282807
0.0031276
0.00345783
0.00382093
0.00421785
0.00464708
0.200085
0.199949
0.199767
0.199592
0.19943
0.199279
0.199137
0.199001
0.198871
0.198746
0.198627
0.198515
0.198409
0.198311
0.198221
0.198139
0.198068
0.198007
0.197957
0.197919
0.197895
0.197884
0.197887
0.197905
0.197938
0.197988
0.198053
0.198136
0.198235
0.198352
0.198485
0.19864
0.198798
0.199875
0.199564
0.199226
0.198873
0.198515
0.198155
0.197796
0.19744
0.197087
0.196736
0.196388
0.196042
0.195697
0.195353
0.195009
0.194663
0.194316
0.193966
0.193612
0.193254
0.192891
0.192522
0.192146
0.191763
0.191371
0.19097
0.190559
0.190138
0.189706
0.189261
0.188805
0.188335
0.187853
0.117657
0.126914
0.128065
0.127889
0.127848
0.124286
0.135689
0.176247
0.198883
0.200613
0.196044
0.19308
0.193074
0.1948
0.196834
0.198257
0.19926
0.203072
0.207082
0.203649
0.186897
0.145154
0.0854714
0.0355607
0.0161431
0.0269969
0.0526695
0.0763337
0.0889803
0.090046
0.0837793
0.0754379
0.0690577
0.0667809
0.0690712
0.0752613
0.0841339
0.0944012
0.105014
0.115248
0.124587
0.132534
0.138576
0.142335
0.14368
0.142657
0.139436
0.134569
0.12945
0.126381
0.127778
0.134777
0.146282
0.159322
0.170594
0.178058
0.181533
0.182148
0.181323
0.180042
0.178678
0.17722
0.175588
0.173802
0.171979
0.170224
0.168528
0.166756
0.164713
0.162238
0.159284
0.155933
0.152339
0.148627
0.144792
0.140681
0.136034
0.130546
0.123869
0.115556
0.105031
0.091749
0.0756445
0.0576746
0.0398924
0.0246647
0.0135119
0.00653793
0.00279734
0.00106289
0.000361786
0.000113007
3.52079e-05
1.35234e-05
7.63141e-06
5.49009e-06
4.21851e-06
3.29937e-06
2.61854e-06
2.31457e-06
0.180308
0.179571
0.179188
0.178857
0.178296
0.176307
0.17059
0.169319
0.180466
0.194934
0.201664
0.201935
0.200501
0.199768
0.200201
0.20154
0.204486
0.207911
0.20533
0.190842
0.155209
0.0991779
0.0456401
0.0169973
0.0187443
0.0404798
0.0660976
0.0839196
0.0900994
0.08684
0.0789383
0.0710157
0.0661877
0.0658254
0.0698745
0.0773825
0.0870342
0.0975747
0.108064
0.11792
0.126775
0.134261
0.139948
0.143474
0.144687
0.143597
0.140311
0.135277
0.129776
0.126074
0.126708
0.133075
0.144334
0.157592
0.169404
0.177472
0.181405
0.182261
0.181508
0.180222
0.178846
0.177396
0.175783
0.17401
0.172187
0.170431
0.168757
0.167051
0.165123
0.162785
0.159934
0.156591
0.152882
0.148965
0.144931
0.140732
0.136197
0.131109
0.125266
0.118483
0.110512
0.10095
0.0892621
0.075079
0.0587714
0.041858
0.0266142
0.0149226
0.00734234
0.00317289
0.00120887
0.00040731
0.000121112
3.13814e-05
6.99761e-06
1.53329e-06
6.54261e-07
5.44055e-07
4.34535e-07
4.09024e-07
0.0684205
0.0730261
0.0772798
0.0813977
0.087162
0.0980884
0.114843
0.132129
0.149454
0.168628
0.186327
0.198107
0.203773
0.205925
0.206854
0.207633
0.208369
0.204318
0.188475
0.154363
0.102496
0.0505439
0.0182256
0.0134288
0.0304762
0.0558758
0.0772054
0.0881326
0.0885827
0.0822503
0.0737786
0.0669555
0.0640229
0.0656776
0.0714284
0.0801046
0.0903497
0.100988
0.111216
0.120606
0.128928
0.135931
0.141255
0.144554
0.145648
0.144506
0.141178
0.136016
0.130178
0.125877
0.125752
0.131455
0.142407
0.155826
0.168147
0.176818
0.181226
0.182338
0.181663
0.180367
0.178971
0.177522
0.175925
0.174167
0.17235
0.170595
0.168937
0.167288
0.16547
0.163285
0.160588
0.157332
0.153592
0.149529
0.145301
0.140964
0.136431
0.131516
0.126039
0.119904
0.113096
0.105624
0.097426
0.0883159
0.0780156
0.0663152
0.0533576
0.0399024
0.0272765
0.016856
0.00939828
0.00477502
0.00226556
0.0010421
0.000484648
0.000231761
0.000114146
5.52754e-05
2.78829e-05
2.03722e-05
0.0066249
0.00769689
0.00903995
0.0108036
0.0136757
0.0195694
0.032333
0.0537641
0.0805947
0.108963
0.136218
0.159481
0.176516
0.187033
0.191978
0.192478
0.18568
0.167745
0.135111
0.090234
0.0459688
0.0167368
0.00997647
0.0234517
0.0472524
0.0701294
0.0846363
0.0887682
0.0847636
0.0767351
0.0687024
0.0635639
0.0627787
0.0664687
0.0737886
0.0834221
0.094036
0.10458
0.114412
0.123255
0.131011
0.137525
0.142493
0.145576
0.146567
0.145391
0.142044
0.136788
0.130658
0.125797
0.124922
0.129928
0.140517
0.15404
0.166838
0.176113
0.181016
0.182407
0.181822
0.180519
0.1791
0.177649
0.176069
0.17433
0.172523
0.170769
0.169121
0.167513
0.165788
0.163757
0.161248
0.158155
0.154477
0.150328
0.145894
0.141331
0.136662
0.131764
0.126441
0.120543
0.114041
0.107021
0.0996216
0.0919707
0.0841444
0.076173
0.0680659
0.059841
0.0515431
0.0432569
0.0351201
0.0273454
0.0202228
0.0140776
0.00918093
0.00560724
0.00325652
0.00180836
0.00102693
0.000694046
0.000678717
0.000165783
0.00041156
0.000472847
0.000240415
0.000409077
0.0016741
0.00680197
0.0192494
0.0391314
0.0633998
0.0880016
0.109216
0.124309
0.131763
0.130242
0.117427
0.0934011
0.0618931
0.0314413
0.0111993
0.00713485
0.0192096
0.0411081
0.0639619
0.0805524
0.0876868
0.0862014
0.0793348
0.0709056
0.0641363
0.0611066
0.0625988
0.0682462
0.0769289
0.087264
0.0980065
0.108272
0.11759
0.125831
0.133006
0.13904
0.143667
0.146548
0.147445
0.146245
0.142898
0.137577
0.1312
0.125822
0.124216
0.128504
0.138674
0.15224
0.165476
0.175348
0.18076
0.182449
0.181967
0.18066
0.179214
0.177756
0.176189
0.174469
0.172671
0.170918
0.169273
0.167689
0.166032
0.164131
0.161812
0.158931
0.15541
0.151279
0.146691
0.141859
0.136932
0.131908
0.12663
0.120895
0.114577
0.107687
0.100361
0.0927788
0.0851079
0.07747
0.0699528
0.0626316
0.055581
0.048876
0.0425802
0.0367479
0.0314045
0.0265822
0.022255
0.0184702
0.015076
0.0122137
0.00958884
0.00780194
5.01145e-05
0.000121594
0.000216527
6.89154e-05
0.000116795
7.42497e-05
5.13092e-05
0.00114845
0.00056347
0.00410555
0.0126162
0.0249392
0.0380636
0.0485411
0.0534814
0.0506918
0.0408784
0.0265537
0.0124556
0.00394006
0.00541258
0.0179106
0.0380781
0.0597745
0.0769135
0.085925
0.0865947
0.0812009
0.0730425
0.0653096
0.0604456
0.0598112
0.0635955
0.0710236
0.0807915
0.0915364
0.102164
0.111983
0.120697
0.128302
0.1349
0.140472
0.144781
0.147476
0.148289
0.147071
0.143732
0.138372
0.131791
0.125944
0.123634
0.127189
0.136889
0.150437
0.164067
0.174521
0.180453
0.182459
0.182093
0.180785
0.179309
0.177838
0.176282
0.174579
0.172791
0.171038
0.169392
0.167819
0.166206
0.164401
0.16225
0.159597
0.156309
0.15232
0.147696
0.14263
0.137362
0.132046
0.126654
0.121007
0.114897
0.108214
0.101001
0.093422
0.0856795
0.0779508
0.0703633
0.0630058
0.055949
0.0492594
0.0429938
0.0372017
0.0319014
0.027117
0.0228046
0.0190166
0.0155542
0.0126541
0.00987514
0.00804803
0.00340426
0.00329941
0.00317906
0.00300932
0.00277755
0.00246276
0.00202237
0.00157352
4.39362e-05
0.00118559
0.00152103
0.00219916
0.00398932
0.00648851
0.00758003
0.00625396
0.00340506
0.000899519
0.00138332
0.00751813
0.0204581
0.0387066
0.0583239
0.0745942
0.0841621
0.0862166
0.0821908
0.0747035
0.06662
0.0604565
0.0579669
0.0598687
0.0658283
0.0747559
0.0852701
0.0961162
0.1064
0.115634
0.123683
0.130646
0.136686
0.141824
0.145839
0.148369
0.149109
0.147879
0.144552
0.139166
0.132416
0.126149
0.12317
0.125989
0.135175
0.148641
0.162615
0.173631
0.180087
0.182426
0.182188
0.180883
0.179375
0.177888
0.176338
0.174651
0.172873
0.171121
0.169472
0.167904
0.166315
0.164574
0.16255
0.160106
0.157088
0.153358
0.148863
0.143699
0.138107
0.132361
0.126621
0.120852
0.11486
0.108434
0.10147
0.094029
0.0862921
0.078476
0.0707662
0.0632933
0.0561425
0.0493761
0.0430428
0.0371873
0.0318272
0.026989
0.0226292
0.0188031
0.0153039
0.0123882
0.00958531
0.00777664
0.00907309
0.00911286
0.00912359
0.009091
0.00896294
0.00867812
0.0081579
0.00742621
0.006253
0.00500297
0.00372344
0.00222647
0.00105721
0.000473725
0.000391661
0.0010157
0.00285659
0.00704994
0.0149564
0.0272945
0.0431951
0.0599895
0.0741709
0.0829724
0.0854263
0.0823419
0.0756328
0.0676535
0.0607391
0.0568099
0.0569918
0.0614068
0.0692822
0.079333
0.0902165
0.100863
0.110607
0.119158
0.126514
0.132848
0.138361
0.143098
0.146846
0.149227
0.149907
0.148674
0.145369
0.139971
0.133076
0.126429
0.122818
0.124905
0.13354
0.146864
0.161126
0.172674
0.179652
0.182334
0.182237
0.180941
0.179399
0.177891
0.176345
0.174673
0.172906
0.171156
0.169504
0.167937
0.166361
0.164656
0.162714
0.160429
0.157665
0.154257
0.150057
0.145021
0.139279
0.133112
0.126833
0.120628
0.114471
0.108169
0.101503
0.0943662
0.0868184
0.0790433
0.0712639
0.0636724
0.0564012
0.0495329
0.0431167
0.0371915
0.0317715
0.0268835
0.0224858
0.018637
0.0151232
0.012217
0.00941298
0.00763042
0.0131005
0.0136701
0.0142565
0.0148424
0.0153857
0.0158148
0.0160351
0.0159573
0.0155525
0.0147837
0.0137828
0.012782
0.0120278
0.0118787
0.0128026
0.0153463
0.0201073
0.0277405
0.0384318
0.0513557
0.0645772
0.0756398
0.0825447
0.0844534
0.0817536
0.075712
0.0681001
0.0609066
0.0560138
0.0547886
0.0577419
0.0644592
0.0738512
0.0845802
0.0954513
0.105632
0.114688
0.1225
0.129165
0.134902
0.139928
0.144299
0.147804
0.150053
0.150684
0.149456
0.146184
0.140798
0.133789
0.126794
0.122577
0.123939
0.131992
0.145113
0.159602
0.171642
0.17913
0.182163
0.182216
0.180935
0.17936
0.177828
0.176284
0.174626
0.17287
0.171123
0.16947
0.167905
0.166336
0.164651
0.162752
0.160563
0.15799
0.154888
0.151074
0.146392
0.140805
0.134461
0.127674
0.120796
0.114058
0.107473
0.100875
0.094047
0.0868646
0.0793612
0.071699
0.0640906
0.0567265
0.0497432
0.0432206
0.037207
0.0317159
0.0267716
0.0223315
0.0184557
0.0149249
0.0120252
0.00922381
0.00746896
0.0206722
0.0218635
0.0230962
0.0243473
0.0255739
0.0267096
0.0276759
0.0284002
0.0288614
0.0290849
0.0291832
0.0293692
0.0299385
0.0312678
0.0338356
0.0381154
0.0443448
0.0524231
0.0616463
0.0707171
0.07809
0.0824781
0.0832378
0.0804665
0.0748971
0.0677589
0.0606387
0.0552421
0.0530127
0.0547325
0.0603191
0.0689344
0.0793348
0.0902726
0.100782
0.110288
0.118562
0.12562
0.131623
0.136808
0.141392
0.145431
0.148716
0.150847
0.151436
0.150218
0.14699
0.141637
0.134556
0.12726
0.122467
0.123101
0.130536
0.143396
0.158046
0.170527
0.178499
0.181876
0.182087
0.180828
0.179224
0.17767
0.176127
0.174484
0.172742
0.171
0.169346
0.167782
0.166219
0.164545
0.162665
0.160521
0.158054
0.155171
0.151718
0.147506
0.14237
0.136266
0.129336
0.121901
0.114348
0.106976
0.0998819
0.092965
0.0860338
0.0789382
0.0716539
0.0642845
0.0570048
0.049995
0.0433921
0.0372863
0.0317116
0.0266981
0.0222038
0.0182897
0.014732
0.0118283
0.00902539
0.00729035
0.0336006
0.0354185
0.0372594
0.0390883
0.040861
0.0425214
0.0440136
0.045301
0.0463887
0.0473412
0.0482868
0.0494173
0.0509764
0.053237
0.0564622
0.0606896
0.0657357
0.0711691
0.0762679
0.0801652
0.0820817
0.0815314
0.0784356
0.0731579
0.0665076
0.0597007
0.0542014
0.0514003
0.0522191
0.0568324
0.0646575
0.0746062
0.0854547
0.09616
0.106026
0.114718
0.122174
0.128499
0.133887
0.13857
0.142756
0.146496
0.149583
0.151607
0.152159
0.150956
0.147779
0.142479
0.135365
0.127823
0.122502
0.122418
0.129198
0.141728
0.156459
0.169314
0.177722
0.18142
0.181787
0.18056
0.178937
0.177368
0.175831
0.174206
0.172482
0.170749
0.169097
0.167534
0.165976
0.164308
0.162435
0.1603
0.157868
0.155089
0.151873
0.148069
0.143492
0.137974
0.131446
0.124014
0.115974
0.107724
0.0996335
0.0919087
0.0845611
0.0774656
0.0704713
0.0634978
0.0565711
0.0498009
0.0433227
0.0372583
0.031677
0.026635
0.0221057
0.0181619
0.0145785
0.0116718
0.00886196
0.00713831
0.0505037
0.0521374
0.0537374
0.0552824
0.0567596
0.0581614
0.0594859
0.0607392
0.0619399
0.0631284
0.0643739
0.065773
0.0674344
0.0694505
0.0718182
0.0744176
0.0769941
0.0791908
0.0805416
0.0805757
0.0789387
0.0754985
0.0704279
0.0642679
0.0579456
0.0526782
0.0497235
0.0500274
0.053926
0.0610541
0.0705031
0.0811339
0.0918899
0.101998
0.111027
0.118839
0.12549
0.131131
0.135961
0.140196
0.144027
0.147499
0.150404
0.15233
0.152849
0.151663
0.148542
0.143314
0.136204
0.128471
0.122679
0.121909
0.128017
0.140148
0.154872
0.168014
0.176789
0.180762
0.181255
0.180046
0.178412
0.176844
0.175327
0.173733
0.172035
0.170318
0.168675
0.167114
0.16556
0.163894
0.162018
0.159871
0.157426
0.154656
0.151519
0.147931
0.14377
0.138876
0.133091
0.126326
0.118626
0.110209
0.101425
0.0926607
0.0842199
0.0762554
0.0687743
0.0617023
0.0549607
0.0485169
0.0423868
0.0366222
0.0312673
0.0263828
0.0219553
0.0180817
0.0145318
0.0116772
0.00886034
0.00715076
0.0656192
0.0662983
0.0670096
0.0677433
0.0684935
0.0692578
0.0700385
0.0708428
0.0716819
0.0725686
0.0735161
0.0745332
0.0756178
0.0767294
0.0777808
0.0786252
0.0790397
0.0787752
0.0775571
0.0751591
0.0714814
0.0666319
0.0610031
0.0553145
0.0505625
0.0478349
0.0480191
0.0515199
0.0581288
0.0671085
0.0774403
0.0881105
0.0983211
0.107578
0.115672
0.122605
0.128499
0.133521
0.137854
0.141693
0.145208
0.148436
0.151175
0.15301
0.1535
0.152331
0.149272
0.144131
0.13706
0.129193
0.12299
0.121575
0.127013
0.138706
0.153358
0.166717
0.175799
0.179985
0.180534
0.179278
0.177586
0.176002
0.174519
0.172977
0.171326
0.169643
0.168018
0.166468
0.164917
0.163246
0.161353
0.159176
0.156684
0.153857
0.150672
0.147093
0.143068
0.138517
0.13333
0.127383
0.120579
0.112899
0.104455
0.0954967
0.0863682
0.0774148
0.068901
0.0609723
0.0536691
0.0469717
0.0408378
0.0352333
0.030123
0.025505
0.0213262
0.0176639
0.0142732
0.01157
0.00881632
0.00722141
0.0744996
0.0743305
0.0742432
0.0742297
0.0742856
0.0744074
0.074591
0.0748314
0.0751218
0.0754501
0.0757948
0.0761204
0.0763711
0.0764608
0.0762849
0.0757009
0.0745385
0.0726423
0.0698817
0.0662088
0.061724
0.0567454
0.0518544
0.0478686
0.045703
0.0461367
0.0495696
0.0558844
0.0644854
0.0744868
0.0849587
0.0951269
0.104475
0.112746
0.119893
0.125998
0.131207
0.13568
0.139577
0.143067
0.146299
0.149307
0.151892
0.15364
0.154102
0.152952
0.14996
0.144921
0.137924
0.129976
0.123426
0.121413
0.126191
0.137421
0.151953
0.165485
0.174841
0.179223
0.179809
0.178455
0.176598
0.174878
0.173354
0.171847
0.170266
0.168644
0.167063
0.165538
0.163996
0.162315
0.160391
0.158159
0.155586
0.152652
0.149338
0.145624
0.141491
0.136916
0.131861
0.126269
0.120065
0.113187
0.105621
0.0974396
0.0888165
0.0799986
0.0712568
0.0628338
0.054912
0.0476095
0.0409847
0.0350528
0.0297808
0.0251276
0.0209918
0.0173835
0.0140549
0.011362
0.00864769
0.00711958
0.0779657
0.0771395
0.0764093
0.0757648
0.0751999
0.0747098
0.0742875
0.0739218
0.0735953
0.0732815
0.0729414
0.0725224
0.0719506
0.0711344
0.0699701
0.0683441
0.0661509
0.0633279
0.0598748
0.0559063
0.0517071
0.0477673
0.0447602
0.0434355
0.0444362
0.0481023
0.0543511
0.0626916
0.0723668
0.0825545
0.0925436
0.101834
0.110152
0.117414
0.123666
0.129023
0.133629
0.137622
0.141138
0.144319
0.147297
0.150104
0.152545
0.154212
0.154648
0.153519
0.150598
0.145676
0.138785
0.130811
0.123979
0.121419
0.125555
0.1363
0.15067
0.164332
0.173937
0.178504
0.179126
0.177667
0.175621
0.173692
0.171987
0.170388
0.168818
0.167266
0.165759
0.164288
0.16277
0.161082
0.159114
0.156801
0.154109
0.151021
0.147517
0.143579
0.13919
0.134342
0.129034
0.123259
0.117012
0.110288
0.103103
0.0955009
0.0875667
0.0794221
0.0712175
0.063122
0.0553107
0.0479529
0.0411892
0.0351148
0.0297522
0.0250748
0.0209687
0.0173988
0.0141168
0.0113987
0.00869922
0.00712927
0.0777783
0.076269
0.0748715
0.0735741
0.0723685
0.0712472
0.0701997
0.0692105
0.0682561
0.0673035
0.0663083
0.065214
0.063948
0.0624359
0.0606026
0.0583827
0.0557448
0.052725
0.0494542
0.046198
0.043377
0.0415415
0.0412841
0.0430996
0.0472368
0.0536072
0.0617933
0.0711558
0.0809915
0.0906783
0.0997632
0.107984
0.115241
0.12155
0.126997
0.131699
0.135782
0.139359
0.142542
0.145449
0.148198
0.150818
0.153126
0.154717
0.15513
0.154027
0.151183
0.146391
0.139636
0.131686
0.124636
0.121586
0.125103
0.135349
0.149516
0.163265
0.173089
0.177827
0.178478
0.176915
0.174685
0.172543
0.170624
0.168839
0.167139
0.165567
0.164118
0.162725
0.161256
0.159573
0.157559
0.155145
0.152303
0.149018
0.145274
0.141054
0.136343
0.131136
0.125439
0.119271
0.112658
0.105641
0.0982696
0.0906099
0.0827434
0.0747702
0.0668158
0.0590314
0.0515685
0.0445727
0.0381653
0.0324281
0.0273801
0.0229988
0.0191783
0.0158882
0.0128999
0.0104573
0.00804191
0.00671244
0.0739052
0.0718731
0.069957
0.0681454
0.0664291
0.0647992
0.0632444
0.0617487
0.0602893
0.0588358
0.0573513
0.055786
0.0540903
0.0522188
0.0501415
0.0478587
0.0454301
0.0430015
0.0408215
0.0392467
0.038712
0.0396591
0.0424324
0.0471766
0.0537758
0.0618645
0.0709095
0.0803283
0.0896016
0.0983439
0.106324
0.113444
0.119705
0.125164
0.129911
0.13405
0.137682
0.140899
0.143789
0.146451
0.148993
0.151441
0.153623
0.155144
0.155542
0.154471
0.151712
0.147063
0.14047
0.132591
0.125384
0.121901
0.12483
0.134566
0.148494
0.162289
0.172299
0.17719
0.177863
0.176191
0.173774
0.171424
0.169305
0.167332
0.165463
0.163765
0.162276
0.160926
0.159519
0.157856
0.155799
0.153275
0.15026
0.146744
0.142718
0.138171
0.133091
0.127482
0.121359
0.11475
0.107701
0.100272
0.0925441
0.0846258
0.0766323
0.068686
0.0609258
0.0535027
0.0465324
0.0400995
0.0342572
0.0290315
0.0244096
0.0203708
0.0168396
0.0138203
0.0111227
0.00897462
0.00688004
0.0057884
0.0677722
0.0652584
0.0628762
0.0606161
0.0584697
0.056429
0.0544845
0.0526232
0.050828
0.049079
0.0473492
0.0456128
0.0438541
0.0420741
0.0403053
0.0386273
0.0371888
0.0362117
0.0359813
0.0368164
0.0390134
0.0427756
0.0481479
0.0549845
0.0629639
0.0716502
0.0805786
0.0893361
0.0976138
0.105223
0.11208
0.118179
0.123559
0.128287
0.132439
0.136097
0.139342
0.142245
0.144876
0.147319
0.149671
0.151961
0.154029
0.15549
0.155882
0.154853
0.152189
0.147693
0.141282
0.133513
0.126205
0.122347
0.124721
0.133946
0.147603
0.161402
0.171568
0.176594
0.177279
0.17549
0.172882
0.170322
0.168009
0.165869
0.163858
0.162036
0.160462
0.159079
0.157691
0.15604
0.153944
0.151307
0.148104
0.144335
0.139999
0.135092
0.129615
0.123577
0.117008
0.109957
0.102497
0.0947164
0.0867299
0.0786889
0.0707382
0.0630058
0.0556084
0.048649
0.0421983
0.0362983
0.0309632
0.0261905
0.0219553
0.0182427
0.0149978
0.0122395
0.00979969
0.00787317
0.00600983
0.0049784
0.0596539
0.0568246
0.0541472
0.0516165
0.0492289
0.0469819
0.0448727
0.0428982
0.0410555
0.039339
0.0377471
0.0362906
0.0349978
0.0339242
0.0331615
0.0328433
0.0331482
0.0342804
0.0364447
0.0398069
0.0444505
0.0503418
0.057317
0.0650996
0.0733449
0.0816976
0.089846
0.0975569
0.104687
0.111171
0.117004
0.122214
0.126847
0.130958
0.134606
0.137856
0.140767
0.143396
0.145797
0.148044
0.150225
0.152372
0.154339
0.155753
0.156151
0.155176
0.152615
0.148281
0.142066
0.134436
0.127078
0.122899
0.124755
0.133472
0.146832
0.160598
0.170888
0.176031
0.176719
0.174806
0.171998
0.169223
0.166719
0.164427
0.162303
0.160402
0.158777
0.15736
0.155949
0.154274
0.152121
0.149359
0.145954
0.141911
0.137239
0.131946
0.126045
0.119564
0.112552
0.105094
0.0973039
0.0893046
0.0812295
0.0732227
0.0654181
0.0579333
0.0508659
0.0442898
0.0382521
0.0327749
0.0278557
0.0234802
0.0196174
0.0162488
0.0133207
0.0108449
0.00866631
0.00694429
0.00527853
0.00431157
0.0505201
0.0475148
0.0447052
0.0420943
0.0396873
0.0374922
0.0355191
0.0337807
0.032289
0.0310634
0.030135
0.0295483
0.0293656
0.0296696
0.030562
0.0321591
0.0345799
0.0379253
0.042255
0.0475651
0.053773
0.0607163
0.068169
0.0758712
0.0835655
0.0910297
0.0980985
0.10467
0.110699
0.116182
0.121139
0.125604
0.129614
0.133209
0.136434
0.139335
0.141959
0.144348
0.146547
0.148618
0.150648
0.152671
0.154553
0.155935
0.156354
0.155444
0.152992
0.148822
0.142809
0.13534
0.127971
0.123524
0.124903
0.133121
0.146162
0.159862
0.170248
0.17549
0.17617
0.174126
0.17111
0.168112
0.165418
0.162988
0.16078
0.158844
0.157222
0.155826
0.154425
0.152728
0.150495
0.147587
0.143965
0.139635
0.13462
0.128946
0.12265
0.115789
0.108444
0.100723
0.0927544
0.0846717
0.0766126
0.0687107
0.061088
0.0538484
0.0470736
0.0408206
0.0351211
0.0299846
0.0253998
0.0213463
0.0177886
0.0147027
0.0120321
0.00978008
0.00780104
0.00623288
0.00471717
0.00381294
0.0409628
0.0380195
0.0353442
0.0329537
0.0308687
0.029113
0.0277125
0.0266934
0.0260875
0.0259321
0.0262686
0.0271428
0.028605
0.0307073
0.033499
0.0370205
0.0412912
0.0462984
0.051988
0.0582599
0.0649723
0.0719529
0.0790174
0.0859906
0.0927245
0.0991097
0.105079
0.110602
0.115678
0.120321
0.124556
0.128407
0.131901
0.135066
0.137933
0.140537
0.142913
0.145095
0.147117
0.149038
0.150938
0.152857
0.154673
0.156039
0.156492
0.155656
0.153316
0.149305
0.143492
0.136195
0.128852
0.124186
0.125131
0.132867
0.145575
0.159178
0.169631
0.174957
0.17562
0.173436
0.170199
0.166969
0.164082
0.161527
0.159266
0.157342
0.155779
0.154467
0.153137
0.151462
0.149173
0.146125
0.142278
0.137654
0.132297
0.126257
0.119596
0.112395
0.104759
0.0968124
0.0886919
0.0805398
0.0724952
0.0646871
0.0572284
0.0502102
0.0436991
0.0377371
0.0323422
0.0275131
0.0232306
0.0194678
0.0161849
0.0133515
0.0109088
0.00885283
0.00704825
0.00561471
0.00422863
0.00339252
0.0318164
0.0292451
0.0270608
0.025298
0.0239915
0.0231741
0.0228757
0.0231245
0.0239429
0.0253464
0.0273442
0.02994
0.0331317
0.0369104
0.0412578
0.0461418
0.0515113
0.0572944
0.0633981
0.069712
0.0761155
0.0824878
0.0887188
0.0947175
0.100418
0.105778
0.110781
0.115424
0.119718
0.123678
0.127323
0.13067
0.133737
0.136542
0.139108
0.14146
0.143626
0.14563
0.147503
0.149298
0.151093
0.152931
0.154699
0.156062
0.156558
0.155801
0.153571
0.149713
0.144094
0.136978
0.129691
0.124858
0.125419
0.132698
0.145067
0.158546
0.169039
0.174427
0.175062
0.172723
0.16925
0.165769
0.162683
0.160013
0.157736
0.15588
0.154447
0.153289
0.152096
0.1505
0.148204
0.145047
0.140998
0.136099
0.130422
0.124045
0.117058
0.109565
0.101689
0.0935682
0.0853487
0.0771742
0.0691805
0.0614885
0.0541989
0.0473894
0.0411129
0.0353989
0.0302552
0.0256727
0.0216272
0.0180879
0.0150123
0.012367
0.0100923
0.00818013
0.00650416
0.00517009
0.00388483
0.00309462
0.0240763
0.0223087
0.0210916
0.0204645
0.020455
0.0210793
0.0223402
0.0242253
0.0267091
0.0297565
0.0333257
0.0373714
0.0418458
0.0466983
0.0518746
0.0573133
0.0629476
0.068705
0.0745095
0.0802852
0.0859607
0.0914738
0.0967745
0.101827
0.106609
0.111109
0.115324
0.119259
0.122924
0.126331
0.129494
0.132424
0.135136
0.137641
0.139955
0.142095
0.144084
0.14594
0.147692
0.149389
0.151104
0.152881
0.154618
0.155991
0.156538
0.155864
0.153745
0.150035
0.144608
0.137684
0.13049
0.125549
0.125786
0.132647
0.14468
0.158013
0.168516
0.173941
0.174524
0.172007
0.168263
0.164497
0.161185
0.158402
0.15614
0.154417
0.153195
0.152276
0.151293
0.149831
0.147563
0.144322
0.140083
0.134911
0.128907
0.122183
0.114857
0.107058
0.0989262
0.0906144
0.0822753
0.0740554
0.0660879
0.0584867
0.0513423
0.0447198
0.0386592
0.0331776
0.0282722
0.0239257
0.0201076
0.0167826
0.0139051
0.0114389
0.00932419
0.00754916
0.00599696
0.00475943
0.00356728
0.00282743
0.0188596
0.0184078
0.0186544
0.0196077
0.0212516
0.0235483
0.0264432
0.0298706
0.0337596
0.0380386
0.0426389
0.0474963
0.0525515
0.057749
0.0630355
0.0683593
0.0736725
0.0789296
0.0840895
0.0891161
0.0939797
0.0986577
0.103134
0.107397
0.11144
0.115257
0.118848
0.122218
0.125374
0.128328
0.131094
0.133681
0.136098
0.138353
0.140455
0.14242
0.144263
0.146003
0.147664
0.14929
0.150952
0.152692
0.154417
0.155814
0.156425
0.155847
0.153852
0.150301
0.145077
0.138369
0.131314
0.126332
0.126322
0.13282
0.144535
0.157707
0.168185
0.173611
0.174104
0.171364
0.167295
0.163183
0.159593
0.156672
0.154449
0.15293
0.152025
0.151453
0.150771
0.149508
0.147311
0.144011
0.139599
0.134168
0.127853
0.120803
0.113166
0.105097
0.0967553
0.0883006
0.0798887
0.0716631
0.0637495
0.0562513
0.0492473
0.0427904
0.0369094
0.0316124
0.0268894
0.0227181
0.0190647
0.015892
0.0131532
0.010811
0.00880657
0.00712633
0.00566077
0.0044908
0.00336927
0.00265812
0.0174585
0.0187004
0.0206658
0.0232995
0.0265224
0.0302445
0.0343727
0.0388174
0.0434968
0.0483384
0.0532805
0.0582713
0.0632682
0.0682347
0.0731397
0.077958
0.0826692
0.0872566
0.0917067
0.0960093
0.100157
0.104143
0.107963
0.111608
0.115073
0.118351
0.121442
0.124353
0.127094
0.129679
0.132118
0.134421
0.136593
0.13864
0.14057
0.142393
0.144126
0.145785
0.147391
0.148983
0.150626
0.152363
0.154106
0.155556
0.156262
0.155816
0.153981
0.150625
0.145637
0.139182
0.132321
0.127376
0.127205
0.133412
0.144846
0.15785
0.168268
0.173643
0.173986
0.170949
0.166467
0.161905
0.157935
0.154806
0.15261
0.151353
0.150873
0.150776
0.150503
0.149509
0.147415
0.144059
0.139461
0.133747
0.127092
0.119681
0.111696
0.103319
0.0947263
0.0860886
0.0775647
0.0692967
0.0614048
0.0539842
0.0471027
0.0408015
0.0350975
0.0299879
0.025454
0.0214665
0.0179869
0.0149748
0.0123819
0.0101699
0.00828084
0.00669953
0.00532424
0.00422529
0.00317009
0.00249419
0.0203773
0.0232572
0.0266955
0.0305912
0.0348389
0.0393402
0.0440083
0.0487703
0.0535672
0.0583525
0.0630914
0.0677581
0.0723334
0.0768027
0.0811566
0.0853896
0.0894982
0.0934803
0.0973341
0.101058
0.104649
0.108104
0.111415
0.114575
0.117578
0.120421
0.123108
0.125647
0.128053
0.130337
0.132512
0.134584
0.136559
0.138442
0.140243
0.141971
0.143642
0.14527
0.146872
0.148484
0.150163
0.151949
0.153763
0.155321
0.15618
0.155928
0.154316
0.151213
0.146509
0.14035
0.133729
0.128886
0.128634
0.134627
0.145823
0.158656
0.168969
0.17422
0.17433
0.170903
0.165902
0.160772
0.156303
0.152871
0.150668
0.14972
0.149784
0.150309
0.150575
0.149936
0.147984
0.144584
0.139799
0.133804
0.126817
0.119065
0.110764
0.10212
0.093327
0.084559
0.0759725
0.067701
0.0598541
0.0525153
0.0457411
0.0395624
0.0339876
0.0290072
0.0245979
0.0207275
0.0173558
0.0144415
0.0119364
0.00980196
0.00798201
0.00646048
0.00514131
0.00408621
0.00307836
0.00241686
0.0273998
0.0314083
0.0357013
0.0401797
0.0447561
0.0493603
0.0539393
0.0584551
0.0628822
0.0672057
0.071418
0.0755168
0.0795027
0.0833792
0.0871507
0.0908212
0.0943923
0.097863
0.101229
0.104486
0.107627
0.110646
0.113536
0.116293
0.118914
0.121402
0.123763
0.126008
0.12815
0.1302
0.132172
0.134073
0.135913
0.137698
0.139439
0.141144
0.142828
0.144501
0.146176
0.147884
0.149673
0.151583
0.15354
0.155274
0.156354
0.156364
0.155041
0.152245
0.147861
0.142013
0.135644
0.130923
0.13063
0.136445
0.147412
0.16003
0.170143
0.175144
0.174877
0.170923
0.165275
0.159465
0.154405
0.150621
0.148429
0.147895
0.148674
0.150005
0.150953
0.150745
0.148951
0.145482
0.140464
0.134133
0.126758
0.118605
0.109926
0.100954
0.0918992
0.0829448
0.074246
0.0659306
0.0580995
0.0508262
0.0441561
0.0381084
0.0326802
0.027852
0.0235927
0.0198645
0.0166242
0.0138285
0.011429
0.00938722
0.00764865
0.00619659
0.00494104
0.00393623
0.00297176
0.00233153
0.0360861
0.0403205
0.0445929
0.0488481
0.0530482
0.0571711
0.0612065
0.0651523
0.0690111
0.072788
0.0764886
0.0801174
0.0836771
0.0871679
0.090586
0.0939233
0.0971679
0.100307
0.10333
0.10623
0.109005
0.111659
0.114194
0.116615
0.118927
0.121134
0.123247
0.125275
0.12723
0.129129
0.130985
0.132811
0.134615
0.136407
0.138191
0.139974
0.141766
0.143571
0.145398
0.14727
0.149231
0.151314
0.153451
0.155386
0.156702
0.156982
0.155955
0.153461
0.149373
0.143792
0.137619
0.132969
0.132578
0.138132
0.148723
0.160897
0.170506
0.174911
0.173926
0.169143
0.162631
0.156045
0.150456
0.146554
0.144781
0.145193
0.147242
0.149833
0.151741
0.152075
0.150452
0.146891
0.141625
0.134963
0.127224
0.118711
0.109705
0.100462
0.0912061
0.0821246
0.0733653
0.0650427
0.0572432
0.0500273
0.0434297
0.0374614
0.0321135
0.0273627
0.0231758
0.0195134
0.0163319
0.013588
0.0112339
0.0092318
0.00752859
0.00610746
0.00488244
0.00390109
0.00296415
0.00232526
0.0456321
0.0494905
0.0532586
0.0569254
0.0604925
0.0639684
0.0673649
0.0706942
0.0739668
0.0771905
0.0803705
0.0835089
0.0866038
0.0896488
0.0926319
0.0955372
0.0983488
0.101056
0.103654
0.106149
0.10855
0.110865
0.113103
0.115266
0.117358
0.119385
0.121354
0.123277
0.125169
0.127047
0.128922
0.130806
0.132701
0.134608
0.136527
0.138455
0.140395
0.142345
0.144312
0.146312
0.148384
0.150558
0.152771
0.154784
0.156202
0.156621
0.155767
0.153468
0.149575
0.144165
0.138096
0.133412
0.132769
0.137798
0.147584
0.15871
0.16706
0.170009
0.167381
0.160834
0.15259
0.144561
0.138148
0.134389
0.133978
0.136937
0.142222
0.147902
0.152053
0.153575
0.1523
0.148595
0.142971
0.135889
0.127727
0.118806
0.109421
0.0998457
0.090321
0.0810453
0.0721689
0.0637993
0.0560117
0.0488539
0.0423479
0.0364919
0.0312656
0.0266363
0.0225641
0.019006
0.0159165
0.0132526
0.0109672
0.00902359
0.00737066
0.0059919
0.00480561
0.00385474
0.00293916
0.0023069
0.0493632
0.0522751
0.0551477
0.0579967
0.0608414
0.0636977
0.0665768
0.0694835
0.0724172
0.0753725
0.0783408
0.08131
0.0842648
0.0871858
0.0900507
0.0928385
0.0955333
0.0981281
0.100624
0.10303
0.105353
0.107603
0.109787
0.111911
0.113983
0.116014
0.118015
0.12
0.121982
0.12397
0.125967
0.12797
0.129971
0.131959
0.133925
0.13586
0.137763
0.139633
0.141479
0.143319
0.145193
0.14713
0.149077
0.150818
0.151999
0.152254
0.151331
0.149056
0.145271
0.140026
0.134117
0.129459
0.128531
0.132812
0.141338
0.150753
0.15703
0.157569
0.152159
0.142445
0.130766
0.11934
0.110074
0.104699
0.104756
0.111005
0.12234
0.135446
0.14633
0.152466
0.153502
0.150467
0.144686
0.137191
0.128631
0.119397
0.109771
0.100004
0.0903281
0.0809451
0.0720057
0.0636123
0.0558297
0.0486943
0.0422184
0.0363938
0.0311967
0.026593
0.0225421
0.0190012
0.0159248
0.0132703
0.0109918
0.00905326
0.00740504
0.00603078
0.00485153
0.00390492
0.00299929
0.00235622
0.0521735
0.0547586
0.0572927
0.0597642
0.0621778
0.0645471
0.0668916
0.0692296
0.0715754
0.0739383
0.0763235
0.078731
0.0811564
0.0835917
0.086027
0.088453
0.0908619
0.0932481
0.0956072
0.0979363
0.100233
0.102496
0.104725
0.106919
0.10908
0.111209
0.113305
0.115367
0.117391
0.119367
0.121282
0.123119
0.124864
0.126503
0.12803
0.129446
0.130758
0.131981
0.133138
0.134261
0.135397
0.136579
0.137764
0.138778
0.139329
0.139127
0.137976
0.13574
0.132275
0.127608
0.122426
0.118416
0.117762
0.121743
0.129429
0.13769
0.142708
0.141853
0.134624
0.122293
0.106975
0.0909461
0.0764259
0.0656154
0.0607799
0.0641872
0.0769882
0.0970217
0.118716
0.136099
0.145866
0.148017
0.144495
0.13755
0.128845
0.119331
0.109488
0.0995815
0.0898115
0.0803577
0.0713695
0.0629557
0.0551866
0.0480985
0.0416967
0.035961
0.0308552
0.0263358
0.0223572
0.018875
0.0158447
0.0132257
0.010974
0.00905609
0.007424
0.00606265
0.00489541
0.00395769
0.00305073
0.00239793
0.0429414
0.0457178
0.0483509
0.0507874
0.0530359
0.0551527
0.0572198
0.0593175
0.0615045
0.0638116
0.0662439
0.0687891
0.0714253
0.0741277
0.0768713
0.079632
0.0823865
0.0851132
0.0877927
0.0904081
0.0929445
0.0953894
0.0977313
0.0999591
0.102061
0.104025
0.105837
0.107482
0.108946
0.110217
0.111284
0.112146
0.112802
0.11326
0.113538
0.113665
0.113677
0.113615
0.113519
0.113437
0.113418
0.113495
0.11364
0.113723
0.113542
0.112907
0.111718
0.109909
0.107379
0.104123
0.100638
0.0982204
0.0985909
0.102769
0.109996
0.1177
0.122665
0.122522
0.116536
0.105411
0.0906688
0.0741889
0.0580168
0.0442201
0.0347361
0.0314078
0.0361055
0.0498992
0.0711147
0.0948944
0.115415
0.12863
0.133602
0.131855
0.125796
0.117489
0.108248
0.098762
0.0893642
0.0802405
0.071519
0.0632982
0.0556518
0.0486277
0.0422453
0.0364983
0.0313619
0.0268014
0.0227766
0.0192465
0.0161689
0.0135045
0.0112112
0.00925646
0.00759343
0.00620695
0.00502206
0.00406846
0.0031566
0.00248184
0.0374154
0.040772
0.0438334
0.0465648
0.049005
0.0512381
0.0533609
0.0554564
0.0575801
0.0597592
0.0619985
0.0642885
0.0666117
0.0689473
0.0712725
0.0735644
0.0758007
0.0779598
0.0800216
0.0819654
0.0837701
0.085412
0.0868658
0.088103
0.089099
0.0898339
0.0902841
0.0904297
0.0902685
0.0898199
0.0891202
0.0882075
0.0871121
0.0858625
0.0845006
0.0830827
0.0816678
0.0803076
0.0790447
0.0779164
0.076955
0.0761757
0.0755512
0.0749959
0.0743904
0.0736465
0.0727447
0.0716834
0.0704034
0.0688572
0.0672705
0.0663325
0.0669311
0.0694147
0.0729608
0.0757349
0.0758441
0.0723123
0.0653557
0.0559925
0.0455132
0.035161
0.0259837
0.0187259
0.0137881
0.0113869
0.0120388
0.0171581
0.0285668
0.0462477
0.067077
0.0863421
0.100214
0.107115
0.107674
0.103776
0.097403
0.08995
0.0821784
0.0744511
0.0669474
0.0597778
0.0530213
0.0467293
0.040923
0.0356021
0.0307582
0.0263831
0.0224676
0.0189986
0.0159551
0.013311
0.0110318
0.00908827
0.0074363
0.00605934
0.00488913
0.00394245
0.00305113
0.0023794
0.0222165
0.025926
0.0298189
0.0336581
0.037227
0.0403755
0.0430427
0.0452545
0.0471005
0.0486992
0.0501642
0.0515798
0.0529915
0.0544083
0.0558132
0.0571745
0.0584556
0.0596187
0.0606275
0.0614459
0.0620378
0.0623661
0.0624063
0.0620988
0.0614443
0.0604887
0.0592385
0.0576894
0.0558836
0.0538899
0.0517686
0.0495692
0.0473429
0.045148
0.0430434
0.0410771
0.0392815
0.0376751
0.0362677
0.0350636
0.0340616
0.0332495
0.0325955
0.0320487
0.0315616
0.0311277
0.030797
0.0306359
0.0306629
0.0308463
0.0312008
0.0318836
0.0331313
0.0350277
0.0373041
0.0393844
0.0406535
0.040734
0.0395839
0.0374003
0.034453
0.030971
0.0271195
0.0230369
0.0188851
0.0148802
0.011288
0.00839646
0.00650737
0.0060144
0.00762725
0.0125179
0.0215763
0.0338397
0.0462447
0.0556442
0.0607207
0.0619358
0.060437
0.0572782
0.0532123
0.0487345
0.0441448
0.0396028
0.035192
0.0309702
0.0269887
0.0232919
0.0199108
0.0168619
0.0141477
0.0117614
0.009686
0.00790383
0.00638511
0.00511251
0.00404262
0.0031625
0.00240117
0.00179058
0.0120218
0.0140393
0.0163155
0.0187088
0.021046
0.023164
0.0249467
0.0263473
0.0273876
0.0281379
0.0286866
0.029111
0.0294603
0.0297508
0.029973
0.0301022
0.0301088
0.0299653
0.0296482
0.0291401
0.0284264
0.0275048
0.0263508
0.0250952
0.023754
0.0221618
0.0204144
0.0188025
0.0174312
0.0161457
0.0146974
0.0129681
0.0111103
0.00943235
0.0081396
0.00722714
0.006581
0.00610716
0.00576694
0.00554941
0.00544478
0.00543625
0.00550202
0.00562291
0.00579845
0.00606788
0.00651748
0.00725434
0.00835366
0.00982202
0.011618
0.013719
0.0161671
0.0190394
0.0223569
0.0260107
0.0297669
0.0333446
0.0365004
0.0390625
0.0409089
0.0419312
0.0420189
0.0410729
0.0390365
0.0359297
0.0318778
0.0271245
0.02202
0.0169769
0.0123979
0.00859515
0.00572794
0.00378019
0.00259119
0.00193687
0.0016131
0.00146923
0.00140037
0.00133621
0.00124507
0.00115881
0.00119515
0.00149904
0.00211466
0.00294025
0.00378717
0.0044717
0.00488173
0.00499349
0.00484975
0.00452162
0.00408715
0.00361671
0.00314218
0.00267388
0.00224013
0.0018313
0.0014673
0.00117289
0.00103967
0.0011255
0.00122319
0.00133122
0.0014481
0.00157256
0.00170356
0.00183893
0.00197561
0.00210981
0.00223635
0.00234859
0.00243866
0.00249803
0.00251808
0.00249069
0.00240904
0.00226905
0.00206799
0.00181245
0.00149565
0.00122456
0.000334709
0.00151769
0.00361643
0.00357015
0.00205715
0.00153818
0.00254322
0.00399315
0.00484437
0.0047543
0.00411902
0.00366833
0.00384157
0.00455515
0.00547938
0.00637015
0.00715057
0.00782856
0.00842022
0.00893157
0.00936434
0.00972189
0.0100152
0.0102739
0.0105599
0.0109713
0.0116225
0.0126037
0.0139372
0.0155634
0.0173705
0.0192544
0.0211732
0.0231582
0.0252708
0.0275326
0.0298741
0.0321333
0.0341003
0.0355789
0.036436
0.036622
0.0361611
0.035125
0.0336027
0.0316779
0.0294196
0.0268852
0.0241304
0.0212212
0.0182402
0.0152852
0.01246
0.00986073
0.00756312
0.00561386
0.00402798
0.00279188
0.00187636
0.00124749
0.000862488
0.000659178
0.000564365
0.000516777
0.000481048
0.000444202
0.000407095
0.000376049
0.000356673
0.000353162
0.000375376
0.000413348
0.000388245
0.00025639
0.000114501
3.33205e-05
6.62357e-06
2.22003e-06
0.0175172
0.017254
0.016978
0.0166853
0.016373
0.0160386
0.0156804
0.015296
0.0148848
0.0144493
0.0139951
0.0135302
0.0130656
0.0126156
0.0121985
0.0118376
0.0115619
0.0114058
0.011409
0.0116143
0.0120667
0.0128083
0.0138832
0.0152922
0.0170622
0.0192258
0.0217413
0.0245196
0.0274903
0.0306043
0.033806
0.0370076
0.0400811
0.0428861
0.0453166
0.0473222
0.0488936
0.050041
0.0507884
0.0511722
0.0512411
0.0510551
0.0506748
0.0501521
0.0495254
0.0488237
0.0480872
0.0473973
0.0468914
0.0467353
0.0470441
0.0477915
0.0487765
0.0496887
0.0502474
0.0503303
0.0500034
0.0494323
0.0487426
0.0479215
0.0468127
0.0451883
0.0428522
0.0397265
0.0358897
0.0315629
0.0270581
0.0227067
0.018788
0.0154757
0.0128134
0.0107237
0.00904912
0.00761058
0.00626721
0.00495469
0.00368972
0.00253789
0.0015852
0.000844901
0.000332968
7.22078e-05
4.26224e-06
2.01805e-05
3.90803e-05
5.16332e-06
4.22974e-05
4.51215e-05
1.04345e-05
2.0358e-05
5.10586e-06
3.60584e-06
2.2482e-07
7.20466e-08
0.000114836
4.18678e-05
2.25794e-05
1.22102e-05
4.63356e-06
6.91498e-05
0.00519307
0.00589008
0.00668428
0.00759125
0.00862751
0.00981055
0.0111591
0.0126937
0.0144371
0.0164144
0.0186523
0.0211779
0.0240182
0.0271985
0.0307419
0.034669
0.0389964
0.0437347
0.0488856
0.0544391
0.0603697
0.0666348
0.0731732
0.0799052
0.0867339
0.0935485
0.100229
0.106653
0.112699
0.118258
0.123233
0.12755
0.131159
0.134033
0.136165
0.13756
0.13824
0.138236
0.137604
0.136396
0.134768
0.132831
0.130663
0.128329
0.125896
0.123426
0.12099
0.118688
0.116665
0.115098
0.114124
0.113727
0.113657
0.113465
0.112669
0.110975
0.108399
0.105197
0.101675
0.0979968
0.0941154
0.0897863
0.0847086
0.0787156
0.0718469
0.0643236
0.0564793
0.0486832
0.0412733
0.0345093
0.0285508
0.0234585
0.0192124
0.0157378
0.0129316
0.0106833
0.00888888
0.00745801
0.00631617
0.00540347
0.00467254
0.00408604
0.00361426
0.00323348
0.00292486
0.00267353
0.00246815
0.00229964
0.00216088
0.00204638
0.00195162
0.00187305
0.00180781
0.00175363
0.00170853
0.00167162
0.00163843
0.00162439
0.00154592
0.00181453
0.199053
0.199392
0.199784
0.200235
0.200747
0.201327
0.201977
0.202703
0.203506
0.204388
0.20535
0.206391
0.207507
0.20869
0.209931
0.211216
0.212525
0.213835
0.215119
0.216344
0.217473
0.21847
0.219296
0.219918
0.22031
0.220458
0.220364
0.220049
0.219554
0.218938
0.218272
0.217634
0.217089
0.216685
0.21645
0.216394
0.216505
0.216731
0.216987
0.217237
0.217352
0.217287
0.217055
0.216701
0.216283
0.215839
0.215413
0.215066
0.214882
0.214948
0.215303
0.215885
0.216499
0.216874
0.216777
0.216149
0.21515
0.214084
0.213238
0.212724
0.212422
0.212105
0.21158
0.210723
0.209487
0.207888
0.205976
0.203818
0.201479
0.199021
0.196505
0.193982
0.191505
0.189117
0.186857
0.184752
0.182822
0.181076
0.179516
0.178134
0.176921
0.175864
0.174948
0.174158
0.173481
0.172902
0.172409
0.171993
0.171642
0.171349
0.171106
0.170906
0.170744
0.170614
0.17051
0.170434
0.170365
0.17037
0.17015
0.170966
0.187271
0.186566
0.185803
0.184975
0.184074
0.183091
0.182018
0.180844
0.179559
0.178148
0.1766
0.174901
0.173034
0.170986
0.168739
0.166278
0.163589
0.160658
0.157477
0.154041
0.150353
0.146426
0.142286
0.137978
0.133563
0.129131
0.124796
0.120696
0.116993
0.113862
0.11148
0.109985
0.109436
0.109838
0.111315
0.114247
0.119103
0.125982
0.134127
0.142182
0.148998
0.154215
0.158303
0.162153
0.166637
0.172538
0.180059
0.188728
0.197864
0.206871
0.215354
0.223111
0.230063
0.236206
0.241584
0.246267
0.250319
0.253772
0.25661
0.258778
0.260207
0.26084
0.260652
0.259664
0.257937
0.25556
0.252637
0.249274
0.245571
0.241624
0.237524
0.233354
0.229191
0.225103
0.221147
0.217369
0.213802
0.21047
0.207384
0.204549
0.201963
0.199617
0.1975
0.195601
0.193903
0.192393
0.191054
0.189873
0.188834
0.187923
0.187128
0.186436
0.185835
0.185315
0.184866
0.18448
0.184149
0.183861
0.183639
0.18334
0.0873523
0.174284
0.197214
0.197061
0.191201
0.183384
0.172561
0.149914
0.096357
0.0194768
0.0209859
0.0488581
0.0696509
0.0853605
0.0965393
0.103538
0.10583
0.10647
0.106553
0.105222
0.102844
0.100694
0.0985737
0.0965853
0.0948072
0.0933817
0.0925324
0.0925633
0.0938294
0.0966558
0.10127
0.107652
0.114807
0.123027
0.132668
0.143404
0.15453
0.165203
0.174608
0.182113
0.18741
0.190549
0.191868
0.191852
0.190994
0.189696
0.188233
0.186758
0.185329
0.183947
0.182583
0.181207
0.179801
0.178366
0.176928
0.175528
0.174227
0.173097
0.172216
0.17166
0.171496
0.171768
0.172489
0.173637
0.175157
0.176962
0.178949
0.181004
0.183022
0.184911
0.186605
0.188062
0.189266
0.190221
0.190945
0.191467
0.19182
0.192035
0.192144
0.192174
0.192146
0.192081
0.191992
0.19189
0.191783
0.191674
0.191568
0.191467
0.191372
0.191284
0.191203
0.19113
0.191064
0.191005
0.190953
0.190907
0.190866
0.19083
0.190802
0.190763
0.15333
0.229148
0.23414
0.22656
0.210813
0.199377
0.201381
0.156858
0.0723684
0.0629805
0.092425
0.116454
0.130079
0.136857
0.139155
0.139001
0.137766
0.136442
0.13494
0.133095
0.129788
0.124256
0.117242
0.109137
0.100127
0.0901967
0.079417
0.0682635
0.0579414
0.0503393
0.0472512
0.0494463
0.053737
0.0583794
0.0651624
0.0745031
0.0860405
0.0994585
0.114194
0.129273
0.143422
0.155353
0.164047
0.168931
0.169921
0.167381
0.162018
0.154735
0.146466
0.138002
0.129875
0.122321
0.115332
0.108762
0.102432
0.0962122
0.090055
0.0840029
0.0781753
0.072749
0.0679364
0.063964
0.0610507
0.059386
0.0591099
0.060294
0.0629281
0.066918
0.0720964
0.07824
0.0850908
0.0923807
0.0998577
0.107305
0.114551
0.121468
0.127968
0.134
0.13954
0.14458
0.149129
0.153202
0.156822
0.16002
0.162833
0.165301
0.167462
0.16935
0.170998
0.172433
0.17368
0.174762
0.175698
0.176509
0.177209
0.177817
0.178333
0.178823
0.179055
0.180099
0.185607
0.226434
0.217368
0.2101
0.203236
0.188823
0.167145
0.10782
0.0832192
0.110087
0.136699
0.1524
0.163842
0.174884
0.186756
0.19849
0.208352
0.214814
0.217063
0.215944
0.213091
0.207911
0.200281
0.190256
0.177672
0.16165
0.141075
0.116234
0.0896103
0.0666984
0.0525902
0.0474822
0.0498829
0.056604
0.0646687
0.0726427
0.080447
0.0881541
0.0959616
0.103676
0.110314
0.114158
0.113395
0.107082
0.095792
0.0813841
0.0660945
0.0517194
0.0393171
0.0292981
0.0216214
0.015971
0.0119081
0.00899909
0.00689516
0.00535486
0.00422429
0.00340878
0.00283503
0.00243746
0.0021592
0.00195487
0.00179115
0.00164468
0.00149913
0.00134322
0.0011703
0.000979563
0.000777693
0.000578818
0.000400392
0.000256259
0.000152996
9.26381e-05
7.49461e-05
9.30366e-05
0.000131877
0.000176522
0.00021816
0.000263768
0.000308846
0.000350047
0.000387774
0.000423209
0.000455124
0.00048416
0.000510625
0.00053444
0.000556436
0.000577075
0.00059719
0.00061595
0.00063354
0.00064954
0.000666123
0.000684073
0.000696702
0.00075351
0.0005672
0.00153884
0.186985
0.218476
0.205584
0.190365
0.179502
0.15976
0.125247
0.0961173
0.111754
0.14312
0.163298
0.178531
0.194861
0.211653
0.225747
0.23498
0.239521
0.240872
0.239281
0.235798
0.231866
0.227866
0.223285
0.217542
0.210156
0.198979
0.178916
0.148387
0.110637
0.0756088
0.052393
0.044282
0.0481543
0.0581437
0.0694328
0.0795896
0.0879971
0.0949314
0.100993
0.106875
0.113155
0.120116
0.127789
0.13616
0.145325
0.155393
0.166217
0.177181
0.187298
0.195581
0.20147
0.205046
0.206893
0.207753
0.208204
0.208517
0.208681
0.208447
0.207457
0.205343
0.201738
0.196261
0.188506
0.178044
0.164421
0.147264
0.126587
0.103222
0.0790081
0.0563737
0.0374375
0.0232492
0.0136593
0.00774232
0.00435568
0.00251675
0.0015322
0.00103069
0.00045582
0.000736869
0.000684327
0.000393091
4.00228e-05
0.00968079
0.00444619
0.00186625
0.000764563
0.000315068
0.000134809
6.14347e-05
3.0303e-05
1.61662e-05
9.23186e-06
5.55288e-06
3.53425e-06
2.37512e-06
1.77703e-06
1.4161e-06
1.06304e-06
7.12296e-06
0.159387
0.214206
0.197201
0.169542
0.153505
0.13181
0.107542
0.107894
0.137189
0.164306
0.182928
0.202615
0.224711
0.246256
0.265269
0.281834
0.294592
0.298408
0.289732
0.270048
0.2486
0.232847
0.223894
0.219365
0.215849
0.208937
0.191708
0.159193
0.115806
0.0748346
0.0492552
0.0429058
0.0505991
0.0639967
0.0768113
0.0865063
0.0932473
0.0981664
0.102243
0.106108
0.110166
0.114629
0.119465
0.124502
0.129728
0.135511
0.142448
0.150879
0.160421
0.169941
0.178038
0.183714
0.186777
0.187781
0.187614
0.187062
0.186566
0.186214
0.185894
0.18545
0.184769
0.183782
0.182454
0.180805
0.178952
0.177093
0.175422
0.174019
0.172805
0.171596
0.170185
0.168421
0.166234
0.163617
0.160589
0.15717
0.153361
0.149143
0.144486
0.139346
0.133681
0.127431
0.120518
0.112833
0.10424
0.0945817
0.0837194
0.0716183
0.058488
0.0449312
0.0319698
0.0207792
0.0122282
0.00649038
0.00312983
0.00138273
0.00058438
0.000241944
0.000114179
8.49029e-05
0.11913
0.215104
0.195459
0.157864
0.136383
0.11812
0.108854
0.12473
0.155033
0.178645
0.198901
0.223514
0.251936
0.283273
0.319245
0.35897
0.391451
0.399111
0.37497
0.332415
0.286307
0.249726
0.228331
0.219148
0.215809
0.209875
0.191217
0.154302
0.106366
0.0648701
0.0436524
0.0439167
0.0570334
0.0728124
0.0850589
0.0923343
0.0959954
0.0981287
0.100283
0.103126
0.106732
0.110968
0.115627
0.120411
0.125065
0.129683
0.134896
0.141584
0.150214
0.160295
0.170429
0.178972
0.18483
0.187874
0.188783
0.188543
0.18798
0.187536
0.187309
0.187212
0.187104
0.18685
0.186306
0.185308
0.183722
0.181545
0.178976
0.176343
0.173943
0.171883
0.170046
0.168183
0.166036
0.163436
0.160321
0.156704
0.152628
0.148121
0.143191
0.137828
0.132016
0.12575
0.119041
0.111918
0.104432
0.0966513
0.0886633
0.0805705
0.0724885
0.0645424
0.0568578
0.0495614
0.0427556
0.036535
0.030931
0.0260528
0.0217136
0.018098
0.014343
0.0115132
0.0913009
0.211271
0.200201
0.15577
0.131087
0.117284
0.118173
0.139429
0.167057
0.188463
0.210477
0.239011
0.273396
0.315449
0.369537
0.432324
0.480772
0.4803
0.439339
0.377963
0.313957
0.263109
0.23276
0.219783
0.215057
0.206482
0.181756
0.137722
0.087478
0.0512568
0.0398804
0.0491265
0.0667572
0.0822875
0.0913596
0.0946375
0.0948342
0.094674
0.095883
0.0989627
0.103525
0.108866
0.114366
0.119554
0.124087
0.127922
0.131595
0.136199
0.142823
0.151759
0.162092
0.17206
0.179942
0.184867
0.18703
0.187322
0.186752
0.18603
0.185474
0.18513
0.184942
0.184834
0.184703
0.184381
0.18362
0.182158
0.179853
0.176808
0.173384
0.170046
0.167129
0.164692
0.162515
0.160251
0.157583
0.154327
0.150439
0.145959
0.140953
0.135472
0.129541
0.123171
0.116374
0.109182
0.101643
0.0938318
0.0858388
0.0777715
0.0697473
0.0618899
0.0543194
0.047153
0.0404799
0.0343912
0.0288985
0.0240873
0.0197872
0.0161315
0.0125127
0.00975471
0.0857033
0.200469
0.209459
0.161671
0.135106
0.123844
0.129033
0.150346
0.174737
0.19426
0.216765
0.247101
0.284341
0.330793
0.390276
0.456684
0.501806
0.497158
0.450909
0.384154
0.315759
0.262036
0.231165
0.218804
0.212891
0.198291
0.163561
0.112484
0.0649255
0.0400694
0.0416219
0.0588647
0.0777184
0.0898147
0.0939731
0.0930826
0.0907551
0.0897233
0.091369
0.0957727
0.102082
0.109099
0.115801
0.12153
0.125931
0.128967
0.131155
0.133693
0.138084
0.145288
0.154985
0.165572
0.174964
0.181636
0.185217
0.186348
0.186092
0.185348
0.184601
0.183986
0.183499
0.183142
0.182931
0.182824
0.182651
0.182112
0.180855
0.178605
0.175309
0.171226
0.166864
0.162762
0.159238
0.156261
0.153514
0.150579
0.14712
0.142971
0.138118
0.132636
0.126618
0.120141
0.113256
0.106008
0.0984497
0.0906488
0.0826939
0.0746896
0.06675
0.0589935
0.0515324
0.0444738
0.0378961
0.0318771
0.0264224
0.0215961
0.0172702
0.013512
0.0100742
0.00740263
0.0955552
0.183327
0.219624
0.173093
0.144614
0.133488
0.138727
0.15762
0.178631
0.196333
0.217864
0.24707
0.283431
0.327786
0.380872
0.434571
0.465257
0.456882
0.415502
0.355968
0.295115
0.249246
0.225244
0.216245
0.207372
0.182615
0.136359
0.082668
0.0450625
0.0360999
0.0499737
0.0711561
0.0870153
0.0933951
0.0925092
0.0886776
0.085551
0.0852469
0.0884476
0.0947072
0.102816
0.111296
0.118906
0.124896
0.12895
0.131101
0.131888
0.132553
0.13484
0.140209
0.148905
0.159615
0.170084
0.178263
0.183219
0.185263
0.185429
0.184773
0.18395
0.183178
0.182447
0.181739
0.181121
0.180695
0.180482
0.180333
0.179942
0.178927
0.176931
0.173742
0.169414
0.164329
0.159085
0.15424
0.150054
0.146407
0.14291
0.139119
0.134712
0.129559
0.123687
0.117207
0.110246
0.102913
0.0952952
0.0874747
0.0795359
0.0715735
0.0636897
0.0559913
0.0485782
0.0415452
0.0349615
0.0288952
0.0233624
0.0184209
0.0140373
0.0102517
0.00717414
0.00482106
0.105966
0.165087
0.226962
0.188366
0.15719
0.144094
0.14657
0.161638
0.179419
0.195494
0.214675
0.240361
0.272749
0.310998
0.352957
0.390298
0.407643
0.396871
0.362152
0.313673
0.265881
0.233301
0.218903
0.211987
0.195626
0.157225
0.102438
0.0544979
0.0336183
0.0411785
0.0628893
0.0825908
0.092297
0.0925945
0.0880445
0.0832006
0.0809581
0.0824793
0.0876918
0.0957227
0.105196
0.114579
0.122601
0.128518
0.132079
0.133392
0.132997
0.132117
0.132602
0.136263
0.143833
0.154355
0.165551
0.174984
0.181206
0.184165
0.184795
0.184264
0.183403
0.18255
0.181709
0.180808
0.179853
0.178955
0.178252
0.1778
0.177495
0.177078
0.176187
0.174445
0.171537
0.167318
0.16194
0.155881
0.149792
0.144202
0.139293
0.134863
0.130485
0.125728
0.120312
0.114154
0.107326
0.0999736
0.0922563
0.0843164
0.076273
0.0682298
0.0602805
0.0525149
0.0450149
0.0378611
0.0311239
0.0248843
0.0192153
0.0142202
0.0100103
0.00661854
0.00424158
0.00252392
0.111708
0.149871
0.226613
0.204631
0.171793
0.155558
0.153957
0.164145
0.17845
0.192613
0.208757
0.229457
0.255792
0.286232
0.317174
0.341424
0.349796
0.337922
0.30937
0.272038
0.239035
0.220772
0.213833
0.203669
0.174199
0.122506
0.067604
0.0347781
0.0335262
0.0534159
0.0763302
0.0901567
0.0928315
0.0884615
0.0823445
0.0782723
0.0779924
0.0817277
0.0888298
0.0981958
0.108462
0.118199
0.126224
0.131854
0.134898
0.135506
0.134192
0.132103
0.131102
0.133231
0.139647
0.149771
0.16141
0.171858
0.179215
0.183057
0.184174
0.183796
0.182906
0.181972
0.181056
0.180073
0.178974
0.177802
0.176658
0.17565
0.174835
0.174174
0.173499
0.17252
0.17088
0.168223
0.164276
0.158971
0.15256
0.145597
0.138737
0.132438
0.126793
0.121545
0.116266
0.110554
0.104167
0.0970513
0.0893012
0.0810875
0.0726005
0.0640165
0.055486
0.0471381
0.0390925
0.0314777
0.0244361
0.01813
0.0127531
0.00841575
0.00518817
0.00296212
0.0016815
0.000888545
0.118643
0.131747
0.203289
0.216215
0.190827
0.168732
0.161981
0.166588
0.176875
0.188629
0.201682
0.217332
0.236647
0.258913
0.280413
0.295472
0.29845
0.287198
0.264577
0.23857
0.22051
0.213633
0.207761
0.186874
0.141348
0.0832656
0.0397287
0.027992
0.0434907
0.0682448
0.0864695
0.0926509
0.0895412
0.0827497
0.0769855
0.0748044
0.0768689
0.0826876
0.0912757
0.101476
0.112047
0.12174
0.12951
0.134752
0.13732
0.137374
0.135376
0.132362
0.130146
0.130921
0.136201
0.145792
0.157658
0.168918
0.177283
0.181963
0.183576
0.183377
0.182473
0.181453
0.180447
0.179383
0.178203
0.176923
0.175595
0.174256
0.172931
0.171657
0.170464
0.169308
0.168003
0.166235
0.163633
0.159861
0.154711
0.148216
0.140728
0.132846
0.125181
0.118108
0.111645
0.105498
0.0992181
0.0923667
0.0846369
0.0759117
0.0662731
0.055985
0.0454636
0.0352341
0.0258631
0.0178564
0.0115398
0.00691556
0.00381047
0.00195392
0.000967634
0.000472891
0.00025263
0.000143967
0.134145
0.109156
0.133622
0.184328
0.212438
0.188275
0.173212
0.17046
0.175766
0.184565
0.194784
0.206274
0.219352
0.233994
0.247745
0.256412
0.256566
0.247057
0.230952
0.217146
0.211717
0.208938
0.195301
0.157658
0.100087
0.0481002
0.0252602
0.0340141
0.0586675
0.0809012
0.0914351
0.0907713
0.0841657
0.0770394
0.0728753
0.0730236
0.0773269
0.0848615
0.0944837
0.105091
0.115616
0.12501
0.132384
0.137208
0.139363
0.138998
0.136504
0.132793
0.129591
0.129179
0.133372
0.142349
0.154279
0.16618
0.175433
0.180899
0.183003
0.182997
0.182095
0.180997
0.179894
0.178731
0.177448
0.176072
0.174663
0.173232
0.171722
0.170069
0.168287
0.166464
0.164669
0.16283
0.160694
0.157896
0.15406
0.14889
0.142248
0.134253
0.125319
0.116045
0.106994
0.0984924
0.0905235
0.0827595
0.0746729
0.0657141
0.055555
0.0443539
0.0328839
0.0223305
0.0137783
0.00771023
0.00390468
0.00179308
0.000760545
0.00031233
0.000135422
6.74851e-05
4.16906e-05
2.95559e-05
0.169406
0.142865
0.172631
0.200203
0.216823
0.212293
0.194142
0.180964
0.17729
0.180873
0.188033
0.196566
0.205548
0.214464
0.222359
0.226819
0.225713
0.218591
0.210786
0.208474
0.208301
0.200024
0.170496
0.116501
0.0590149
0.0256033
0.0258546
0.0481915
0.0733755
0.0886347
0.0915402
0.0862027
0.0783281
0.0722834
0.0702842
0.0727434
0.0789657
0.0877923
0.0980505
0.108737
0.118978
0.127928
0.134844
0.139263
0.141076
0.140404
0.137562
0.133332
0.129335
0.127891
0.131062
0.139381
0.151251
0.163649
0.173679
0.179875
0.182457
0.182655
0.181767
0.180598
0.179401
0.178136
0.176734
0.175229
0.173709
0.172214
0.170678
0.168961
0.166952
0.164658
0.162203
0.159723
0.157224
0.154522
0.151281
0.147112
0.141646
0.134585
0.12578
0.11534
0.10367
0.0913767
0.0790887
0.0672756
0.0561605
0.0457541
0.0359929
0.0269248
0.0188251
0.0121177
0.00711973
0.00380931
0.00184383
0.000812221
0.000337388
0.000140674
6.51352e-05
3.67937e-05
2.57976e-05
1.93741e-05
0.240247
0.145499
0.143563
0.1544
0.171163
0.196923
0.214599
0.207713
0.194993
0.18723
0.18625
0.189751
0.195125
0.200565
0.204874
0.206919
0.205753
0.203548
0.204975
0.207212
0.202148
0.179578
0.130966
0.0710402
0.0287014
0.0196763
0.0375998
0.0641247
0.0838741
0.0912098
0.0883287
0.0806068
0.0730599
0.0688307
0.0691045
0.0736378
0.0814016
0.0911306
0.101693
0.112223
0.122034
0.130473
0.136925
0.140979
0.142519
0.141631
0.138552
0.133942
0.129306
0.126967
0.12919
0.13683
0.148544
0.161319
0.172028
0.178897
0.181945
0.182353
0.181491
0.180258
0.178971
0.177602
0.176078
0.174428
0.172757
0.171143
0.169549
0.167827
0.165801
0.163371
0.160567
0.157532
0.154409
0.151224
0.14783
0.143936
0.13918
0.133161
0.125439
0.115578
0.103287
0.0886621
0.0723888
0.0557234
0.0401763
0.0270275
0.0169497
0.00992935
0.00546171
0.00284625
0.00142518
0.000699334
0.000343829
0.000173622
9.29974e-05
5.42899e-05
3.49554e-05
2.4545e-05
1.85157e-05
1.4313e-05
)
;

boundaryField
{
    outlet
    {
        type            zeroGradient;
    }
    inlet
    {
        type            fixedValue;
        value           uniform 0.2;
    }
    lowerWall
    {
        type            fixedValue;
        value           uniform 0;
    }
    upperWall
    {
        type            fixedValue;
        value           uniform 0;
    }
    frontAndBack
    {
        type            empty;
    }
}


// ************************************************************************* //
