/*--------------------------------*- C++ -*----------------------------------*\
  =========                 |
  \\      /  F ield         | OpenFOAM: The Open Source CFD Toolbox
   \\    /   O peration     | Website:  https://openfoam.org
    \\  /    A nd           | Version:  10
     \\/     M anipulation  |
\*---------------------------------------------------------------------------*/
FoamFile
{
    format      ascii;
    class       volScalarField;
    location    "0.17";
    object      nut;
}
// * * * * * * * * * * * * * * * * * * * * * * * * * * * * * * * * * * * * * //

dimensions      [0 2 -1 0 0 0 0];

internalField   nonuniform List<scalar> 
6820
(
0.000149484
0.000144853
0.000140581
0.000136577
0.000132833
0.000129377
0.000126234
0.000123417
0.000120923
0.000118737
0.00011684
0.000115206
0.000113813
0.000112634
0.000111649
0.000110835
0.000110174
0.000109648
0.000109241
0.000108941
0.000108734
0.000108608
0.000108555
0.000108566
0.000108631
0.000108746
0.000108901
0.000109107
0.000109276
0.000109807
0.000108807
0.000115111
8.72293e-05
0.000729198
0.000532389
0.000448008
0.000399702
0.000368373
0.000346723
0.000331079
0.000319349
0.000310262
0.000303013
0.000297082
0.000292121
0.000287897
0.000284243
0.000281042
0.000278209
0.000275677
0.000273398
0.000271332
0.000269448
0.000267722
0.000266134
0.000264667
0.000263307
0.000262043
0.000260864
0.000259766
0.000258738
0.000257783
0.000256905
0.000256115
0.000255295
0.000256867
0.000976776
0.000872181
0.000781621
0.00071126
0.000657312
0.000615269
0.000581695
0.00055423
0.00053129
0.000511789
0.000494969
0.000480281
0.000467322
0.000455787
0.00044544
0.000436098
0.000427616
0.000419875
0.000412779
0.000406251
0.000400223
0.00039464
0.000389453
0.000384623
0.000380112
0.000375888
0.000371921
0.000368184
0.000364636
0.00036127
0.00035797
0.000354731
0.00035109
0.00101349
0.000988231
0.000949374
0.000906192
0.000864421
0.000826377
0.000792542
0.00076265
0.000736209
0.000712708
0.000691693
0.000672779
0.000655651
0.000640051
0.000625766
0.000612622
0.000600477
0.000589209
0.000578721
0.000568926
0.000559754
0.000551143
0.000543039
0.000535398
0.000528176
0.000521339
0.000514851
0.000508683
0.000502798
0.000497178
0.000491755
0.000486555
0.000481335
0.00101671
0.00101241
0.00100191
0.00098566
0.000965602
0.000943709
0.000921416
0.000899602
0.000878734
0.000859022
0.000840524
0.000823218
0.000807042
0.000791915
0.000777751
0.000764467
0.000751986
0.000740235
0.000729149
0.000718671
0.000708749
0.000699335
0.000690389
0.000681873
0.000673753
0.000665998
0.000658579
0.000651469
0.000644639
0.000638068
0.000631714
0.000625569
0.00061957
0.00101676
0.00101592
0.0010136
0.00100903
0.00100204
0.000992918
0.000982188
0.000970392
0.000957998
0.000945364
0.000932748
0.000920325
0.000908208
0.000896466
0.000885136
0.000874235
0.000863764
0.000853716
0.000844079
0.000834836
0.000825969
0.000817459
0.000809287
0.000801434
0.000793881
0.00078661
0.000779603
0.000772843
0.00076631
0.000759989
0.000753859
0.000747905
0.000742112
0.00101671
0.00101623
0.00101553
0.00101428
0.00101219
0.0010091
0.00100496
0.000999889
0.000994016
0.000987515
0.00098055
0.00097327
0.000965796
0.000958229
0.000950646
0.000943107
0.000935657
0.000928327
0.000921142
0.000914117
0.000907263
0.000900583
0.000894082
0.000887758
0.00088161
0.000875633
0.000869821
0.00086417
0.000858672
0.000853319
0.000848103
0.000843018
0.00083806
0.0010167
0.00101622
0.00101574
0.00101518
0.00101442
0.00101335
0.00101188
0.00100995
0.00100755
0.0010047
0.00100144
0.000997821
0.000993902
0.000989741
0.000985392
0.000980904
0.000976319
0.000971673
0.000966997
0.000962317
0.000957653
0.000953021
0.000948435
0.000943905
0.000939439
0.000935043
0.00093072
0.000926474
0.000922304
0.000918213
0.0009142
0.000910265
0.00090641
0.0010167
0.00101621
0.00101575
0.00101528
0.0010148
0.00101425
0.00101359
0.00101279
0.00101179
0.00101059
0.00100917
0.00100753
0.00100569
0.00100364
0.00100143
0.000999054
0.00099655
0.000993934
0.000991227
0.000988448
0.000985612
0.000982736
0.000979832
0.000976912
0.000973987
0.000971063
0.00096815
0.000965252
0.000962376
0.000959525
0.000956703
0.000953915
0.000951164
0.0010167
0.00101621
0.00101574
0.00101529
0.00101484
0.00101439
0.00101393
0.00101344
0.0010129
0.00101229
0.0010116
0.00101082
0.00100993
0.00100895
0.00100786
0.00100667
0.00100539
0.00100402
0.00100257
0.00100105
0.000999467
0.000997827
0.00099614
0.000994414
0.000992656
0.000990872
0.000989068
0.000987251
0.000985424
0.000983594
0.000981764
0.000979939
0.000978124
0.0010167
0.00101621
0.00101574
0.00101528
0.00101484
0.00101441
0.00101398
0.00101356
0.00101313
0.0010127
0.00101224
0.00101176
0.00101125
0.0010107
0.0010101
0.00100946
0.00100878
0.00100805
0.00100727
0.00100644
0.00100558
0.00100467
0.00100373
0.00100275
0.00100175
0.00100072
0.000999659
0.000998583
0.00099749
0.000996384
0.000995268
0.000994145
0.000993019
0.0010167
0.00101621
0.00101574
0.00101528
0.00101484
0.0010144
0.00101398
0.00101357
0.00101317
0.00101277
0.00101238
0.00101199
0.00101159
0.00101119
0.00101078
0.00101035
0.00100991
0.00100945
0.00100898
0.00100848
0.00100797
0.00100744
0.00100688
0.00100631
0.00100572
0.00100512
0.0010045
0.00100386
0.00100322
0.00100256
0.00100189
0.00100122
0.00100054
0.0010167
0.00101621
0.00101574
0.00101528
0.00101483
0.0010144
0.00101398
0.00101357
0.00101317
0.00101278
0.0010124
0.00101203
0.00101167
0.0010113
0.00101095
0.00101059
0.00101024
0.00100988
0.00100952
0.00100916
0.0010088
0.00100843
0.00100805
0.00100767
0.00100728
0.00100689
0.00100649
0.00100608
0.00100567
0.00100525
0.00100483
0.00100441
0.00100398
0.0010167
0.00101621
0.00101574
0.00101528
0.00101483
0.0010144
0.00101398
0.00101357
0.00101317
0.00101278
0.0010124
0.00101203
0.00101168
0.00101133
0.00101098
0.00101065
0.00101032
0.00100999
0.00100967
0.00100936
0.00100905
0.00100874
0.00100843
0.00100812
0.00100782
0.00100752
0.00100721
0.00100691
0.00100661
0.00100631
0.00100601
0.00100571
0.00100542
0.0010167
0.00101621
0.00101574
0.00101528
0.00101483
0.0010144
0.00101398
0.00101357
0.00101317
0.00101278
0.0010124
0.00101203
0.00101167
0.00101133
0.00101099
0.00101065
0.00101033
0.00101002
0.00100971
0.00100941
0.00100911
0.00100882
0.00100854
0.00100826
0.00100798
0.00100772
0.00100745
0.00100719
0.00100694
0.00100668
0.00100644
0.00100619
0.00100595
0.0010167
0.00101621
0.00101574
0.00101528
0.00101483
0.0010144
0.00101397
0.00101356
0.00101316
0.00101278
0.0010124
0.00101203
0.00101167
0.00101132
0.00101098
0.00101065
0.00101033
0.00101002
0.00100971
0.00100941
0.00100912
0.00100884
0.00100856
0.00100829
0.00100803
0.00100777
0.00100752
0.00100727
0.00100703
0.0010068
0.00100657
0.00100634
0.00100613
0.0010167
0.00101621
0.00101574
0.00101528
0.00101483
0.0010144
0.00101397
0.00101356
0.00101316
0.00101277
0.0010124
0.00101203
0.00101167
0.00101132
0.00101098
0.00101065
0.00101033
0.00101001
0.00100971
0.00100941
0.00100912
0.00100884
0.00100856
0.00100829
0.00100803
0.00100778
0.00100753
0.00100729
0.00100705
0.00100682
0.0010066
0.00100638
0.00100617
0.0010167
0.00101621
0.00101574
0.00101528
0.00101483
0.00101439
0.00101397
0.00101356
0.00101316
0.00101277
0.00101239
0.00101203
0.00101167
0.00101132
0.00101098
0.00101065
0.00101032
0.00101001
0.0010097
0.00100941
0.00100912
0.00100883
0.00100856
0.00100829
0.00100803
0.00100778
0.00100753
0.00100729
0.00100705
0.00100683
0.00100661
0.00100639
0.00100618
0.0010167
0.00101621
0.00101574
0.00101528
0.00101483
0.00101439
0.00101397
0.00101356
0.00101316
0.00101277
0.00101239
0.00101202
0.00101166
0.00101132
0.00101098
0.00101064
0.00101032
0.00101001
0.0010097
0.0010094
0.00100911
0.00100883
0.00100856
0.00100829
0.00100803
0.00100777
0.00100753
0.00100728
0.00100705
0.00100682
0.0010066
0.00100639
0.00100618
0.0010167
0.00101621
0.00101574
0.00101528
0.00101483
0.00101439
0.00101397
0.00101356
0.00101316
0.00101277
0.00101239
0.00101202
0.00101166
0.00101131
0.00101097
0.00101064
0.00101032
0.00101
0.0010097
0.0010094
0.00100911
0.00100883
0.00100855
0.00100828
0.00100802
0.00100777
0.00100752
0.00100728
0.00100705
0.00100682
0.00100659
0.00100638
0.00100617
0.0010167
0.00101621
0.00101574
0.00101528
0.00101483
0.00101439
0.00101397
0.00101356
0.00101316
0.00101277
0.00101239
0.00101202
0.00101166
0.00101131
0.00101097
0.00101064
0.00101032
0.00101
0.0010097
0.0010094
0.00100911
0.00100882
0.00100855
0.00100828
0.00100802
0.00100776
0.00100752
0.00100727
0.00100704
0.00100681
0.00100659
0.00100637
0.00100616
0.0010167
0.00101621
0.00101574
0.00101528
0.00101483
0.00101439
0.00101397
0.00101356
0.00101316
0.00101277
0.00101239
0.00101202
0.00101166
0.00101131
0.00101097
0.00101064
0.00101032
0.00101
0.00100969
0.0010094
0.0010091
0.00100882
0.00100855
0.00100828
0.00100802
0.00100776
0.00100751
0.00100727
0.00100703
0.00100681
0.00100658
0.00100636
0.00100615
0.0010167
0.00101621
0.00101574
0.00101528
0.00101483
0.00101439
0.00101397
0.00101356
0.00101316
0.00101277
0.00101239
0.00101202
0.00101166
0.00101131
0.00101097
0.00101064
0.00101031
0.00101
0.00100969
0.00100939
0.0010091
0.00100882
0.00100854
0.00100827
0.00100801
0.00100776
0.00100751
0.00100727
0.00100703
0.0010068
0.00100658
0.00100636
0.00100615
0.0010167
0.00101621
0.00101574
0.00101528
0.00101483
0.00101439
0.00101397
0.00101356
0.00101316
0.00101277
0.00101239
0.00101202
0.00101166
0.00101131
0.00101097
0.00101064
0.00101031
0.00101
0.00100969
0.00100939
0.0010091
0.00100882
0.00100854
0.00100827
0.00100801
0.00100775
0.0010075
0.00100726
0.00100702
0.00100679
0.00100657
0.00100635
0.00100614
0.0010167
0.00101621
0.00101574
0.00101528
0.00101483
0.00101439
0.00101397
0.00101356
0.00101316
0.00101277
0.00101239
0.00101202
0.00101166
0.00101131
0.00101097
0.00101063
0.00101031
0.00101
0.00100969
0.00100939
0.0010091
0.00100881
0.00100854
0.00100827
0.00100801
0.00100775
0.0010075
0.00100726
0.00100702
0.00100679
0.00100656
0.00100634
0.00100613
0.0010167
0.00101621
0.00101574
0.00101528
0.00101483
0.00101439
0.00101397
0.00101356
0.00101316
0.00101277
0.00101239
0.00101202
0.00101166
0.00101131
0.00101097
0.00101063
0.00101031
0.00100999
0.00100969
0.00100939
0.0010091
0.00100881
0.00100854
0.00100827
0.001008
0.00100775
0.0010075
0.00100725
0.00100702
0.00100678
0.00100656
0.00100634
0.00100613
0.0010167
0.00101621
0.00101574
0.00101528
0.00101483
0.00101439
0.00101397
0.00101356
0.00101316
0.00101277
0.00101239
0.00101202
0.00101166
0.00101131
0.00101096
0.00101063
0.00101031
0.00100999
0.00100969
0.00100939
0.00100909
0.00100881
0.00100853
0.00100826
0.001008
0.00100774
0.00100749
0.00100725
0.00100701
0.00100678
0.00100655
0.00100633
0.00100612
0.0010167
0.00101621
0.00101574
0.00101528
0.00101483
0.00101439
0.00101397
0.00101356
0.00101316
0.00101277
0.00101239
0.00101202
0.00101166
0.00101131
0.00101096
0.00101063
0.00101031
0.00100999
0.00100968
0.00100939
0.00100909
0.00100881
0.00100853
0.00100826
0.001008
0.00100774
0.00100749
0.00100725
0.00100701
0.00100678
0.00100655
0.00100633
0.00100611
0.0010167
0.00101621
0.00101574
0.00101528
0.00101483
0.00101439
0.00101397
0.00101356
0.00101316
0.00101277
0.00101239
0.00101202
0.00101166
0.00101131
0.00101096
0.00101063
0.00101031
0.00100999
0.00100968
0.00100938
0.00100909
0.00100881
0.00100853
0.00100826
0.001008
0.00100774
0.00100749
0.00100724
0.00100701
0.00100677
0.00100655
0.00100632
0.00100611
0.0010167
0.00101621
0.00101574
0.00101528
0.00101483
0.00101439
0.00101397
0.00101356
0.00101316
0.00101277
0.00101239
0.00101202
0.00101166
0.00101131
0.00101097
0.00101063
0.00101031
0.00100999
0.00100969
0.00100939
0.00100909
0.00100881
0.00100853
0.00100826
0.001008
0.00100774
0.00100749
0.00100724
0.001007
0.00100677
0.00100654
0.00100632
0.00100611
0.0010167
0.00101621
0.00101574
0.00101528
0.00101483
0.00101439
0.00101397
0.00101356
0.00101316
0.00101277
0.00101239
0.00101202
0.00101166
0.00101131
0.00101097
0.00101063
0.00101031
0.00101
0.00100969
0.00100939
0.0010091
0.00100881
0.00100853
0.00100826
0.001008
0.00100774
0.00100749
0.00100724
0.001007
0.00100677
0.00100654
0.00100631
0.0010061
0.0010167
0.00101621
0.00101574
0.00101528
0.00101483
0.0010144
0.00101397
0.00101356
0.00101316
0.00101277
0.00101239
0.00101203
0.00101167
0.00101131
0.00101097
0.00101064
0.00101032
0.00101
0.00100969
0.00100939
0.00100909
0.00100881
0.00100853
0.00100825
0.00100798
0.00100772
0.00100747
0.00100722
0.00100697
0.00100673
0.0010065
0.00100627
0.00100604
0.0010167
0.00101621
0.00101574
0.00101528
0.00101483
0.0010144
0.00101398
0.00101357
0.00101317
0.00101278
0.0010124
0.00101203
0.00101167
0.00101132
0.00101097
0.00101064
0.00101031
0.00100998
0.00100967
0.00100936
0.00100905
0.00100875
0.00100846
0.00100817
0.00100788
0.0010076
0.00100732
0.00100705
0.00100678
0.00100651
0.00100624
0.00100598
0.00100572
0.0010167
0.00101621
0.00101574
0.00101529
0.00101484
0.00101441
0.00101399
0.00101358
0.00101318
0.00101279
0.0010124
0.00101202
0.00101164
0.00101127
0.0010109
0.00101053
0.00101016
0.00100979
0.00100942
0.00100906
0.00100869
0.00100832
0.00100794
0.00100757
0.00100719
0.00100681
0.00100643
0.00100605
0.00100566
0.00100527
0.00100488
0.00100448
0.00100409
0.0010167
0.00101622
0.00101575
0.0010153
0.00101485
0.00101441
0.00101397
0.00101352
0.00101307
0.00101262
0.00101214
0.00101166
0.00101115
0.00101063
0.00101008
0.00100951
0.00100891
0.00100829
0.00100765
0.00100699
0.0010063
0.00100559
0.00100486
0.00100411
0.00100334
0.00100255
0.00100175
0.00100094
0.00100011
0.000999265
0.000998414
0.000997554
0.000996687
0.00101671
0.00101622
0.00101574
0.00101524
0.00101469
0.00101407
0.00101337
0.00101257
0.00101167
0.00101066
0.00100954
0.00100831
0.00100697
0.00100553
0.00100399
0.00100236
0.00100064
0.000998849
0.000996987
0.000995062
0.000993084
0.000991059
0.000988994
0.000986896
0.000984771
0.000982625
0.000980464
0.000978293
0.000976116
0.000973937
0.000971761
0.000969591
0.000967431
0.00101671
0.001016
0.00101488
0.00101325
0.00101112
0.00100847
0.00100532
0.00100169
0.00099762
0.000993167
0.000988383
0.000983319
0.000978028
0.000972558
0.000966951
0.000961246
0.00095548
0.000949681
0.000943875
0.000938086
0.000932332
0.000926629
0.000920992
0.00091543
0.000909953
0.000904568
0.000899282
0.000894099
0.000889022
0.000884054
0.000879197
0.000874451
0.000869817
0.0010153
0.00100706
0.000995503
0.000981398
0.000965367
0.000948021
0.000929919
0.000911509
0.000893125
0.000875006
0.000857317
0.000840167
0.000823623
0.000807721
0.000792475
0.000777885
0.000763941
0.000750623
0.000737909
0.000725775
0.000714194
0.00070314
0.000692585
0.000682505
0.000672873
0.000663667
0.000654862
0.000646439
0.000638375
0.000630652
0.000623251
0.000616155
0.000609347
0.000935928
0.000815558
0.000728198
0.000659305
0.000602464
0.000555252
0.000515774
0.000482442
0.000454007
0.000429505
0.000408194
0.000389503
0.000372987
0.000358295
0.00034515
0.000333327
0.000322644
0.000312951
0.000304124
0.000296057
0.000288665
0.00028187
0.000275609
0.000269827
0.000264475
0.000259512
0.000254901
0.000250609
0.000246607
0.000242871
0.000239377
0.000236107
0.000233039
0.000125477
0.000128847
0.000132096
0.000135204
0.000138173
0.000141007
0.000143711
0.000146289
0.000148745
0.000151085
0.000153311
0.000155429
0.000157442
0.000159356
0.000161173
0.000162898
0.000164536
0.00016609
0.000167563
0.00016896
0.000170284
0.000171539
0.000172728
0.000173854
0.00017492
0.00017593
0.000176885
0.00017779
0.000178646
0.000179457
0.000180223
0.000180949
0.000181635
0.000109965
0.000155267
0.000199479
0.000240691
0.000278481
0.000312406
0.000342446
0.000369188
0.000393618
0.000416757
0.000439386
0.000461947
0.00048459
0.000507292
0.000529981
0.00055262
0.000575236
0.00059792
0.000620797
0.000643997
0.000667634
0.000691786
0.000716499
0.000741777
0.000767596
0.0007939
0.000820603
0.000847594
0.000874729
0.000901837
0.000928719
0.000955154
0.000980897
0.00100569
0.00102927
0.00105135
0.00107167
0.00108997
0.00110598
0.00111948
0.00113024
0.0011381
0.00114291
0.00114458
0.00114307
0.00113843
0.00113074
0.00112022
0.00110713
0.00109186
0.00107485
0.00105664
0.00103785
0.00101914
0.00100119
0.00098468
0.000970253
0.000958475
0.000949808
0.000944587
0.00094301
0.000945149
0.000950972
0.000960382
0.000973249
0.000989452
0.0010089
0.00103153
0.00105734
0.00108629
0.00111835
0.00115336
0.00119107
0.001231
0.0012725
0.00131468
0.00135647
0.00139663
0.0014338
0.00146659
0.00149364
0.00151366
0.00152555
0.00152842
0.00152172
0.00150523
0.00147922
0.00144446
0.00140235
0.00135498
0.00130513
0.00125623
0.00121208
0.00117626
0.00115146
0.00113845
0.00113616
0.00114141
0.0011506
0.00116853
0.000245507
0.000213551
0.000185665
0.000172478
0.000172646
0.000182825
0.000200176
0.000222408
0.000247666
0.000274445
0.000301578
0.000328266
0.000354071
0.000378859
0.000402714
0.000425836
0.000448451
0.000470754
0.000492884
0.000514924
0.000536921
0.000558903
0.000580893
0.000602911
0.000624972
0.000647079
0.000669214
0.000691329
0.000713349
0.000735166
0.00075664
0.000777606
0.000797876
0.000817244
0.000835493
0.000852399
0.000867739
0.000881292
0.000892855
0.000902241
0.000909293
0.000913887
0.000915947
0.000915449
0.000912431
0.000907006
0.00089937
0.000889805
0.000878684
0.000866467
0.00085369
0.000840947
0.000828867
0.000818078
0.000809171
0.000802661
0.000798943
0.00079827
0.000800731
0.000806262
0.000814666
0.000825659
0.000838919
0.000854138
0.000871066
0.000889545
0.000909522
0.000931054
0.000954289
0.000979437
0.00100672
0.00103633
0.00106831
0.00110257
0.00113875
0.00117625
0.00121421
0.00125154
0.00128698
0.00131916
0.00134669
0.00136829
0.00138282
0.00138936
0.00138737
0.00137667
0.0013576
0.00133104
0.00129851
0.00126219
0.00122489
0.00118981
0.00116018
0.00113862
0.00112645
0.00112316
0.00112696
0.00113491
0.00114425
0.00116046
0.000348629
0.000344817
0.000330489
0.000302454
0.000268123
0.000236779
0.000213149
0.000198473
0.000191798
0.000191788
0.000197324
0.000207492
0.000221448
0.000238374
0.000257487
0.000278057
0.000299451
0.000321156
0.000342804
0.000364164
0.000385128
0.000405675
0.000425836
0.000445661
0.000465192
0.000484453
0.00050344
0.000522125
0.000540456
0.000558363
0.000575755
0.000592525
0.00060855
0.000623696
0.000637818
0.00065077
0.000662403
0.00067258
0.000681178
0.000688098
0.000693276
0.000696689
0.000698366
0.000698395
0.000696933
0.000694213
0.000690545
0.000686319
0.000681993
0.000678079
0.000675116
0.000673633
0.000674111
0.000676937
0.000682366
0.000690494
0.000701245
0.000714382
0.000729542
0.000746276
0.000764109
0.000782586
0.000801319
0.000820011
0.000838482
0.000856669
0.000874628
0.000892533
0.000910659
0.000929366
0.00094907
0.000970194
0.000993114
0.00101808
0.00104514
0.00107409
0.00110442
0.00113531
0.00116571
0.00119436
0.00121994
0.00124115
0.00125681
0.00126601
0.00126815
0.00126307
0.00125113
0.00123324
0.00121093
0.00118629
0.00116187
0.00114032
0.00112399
0.0011143
0.00111142
0.00111413
0.00112065
0.00112891
0.00113717
0.00115122
0.000475591
0.00047015
0.000464475
0.000455717
0.000440993
0.000419001
0.000390867
0.000359716
0.000328809
0.000300782
0.000277303
0.000258686
0.000244849
0.000235552
0.000230484
0.000229285
0.000231563
0.0002369
0.000244854
0.000254975
0.000266818
0.000279965
0.000294039
0.00030872
0.000323743
0.0003389
0.000354029
0.000369008
0.00038374
0.000398144
0.000412149
0.000425682
0.000438674
0.00045105
0.00046274
0.000473679
0.000483812
0.000493102
0.000501534
0.000509128
0.00051594
0.000522074
0.000527682
0.000532972
0.000538206
0.000543694
0.000549787
0.00055686
0.000565284
0.000575394
0.000587454
0.000601622
0.000617921
0.000636232
0.000656296
0.000677745
0.000700134
0.000722985
0.000745831
0.000768249
0.000789884
0.000810466
0.000829809
0.000847818
0.000864475
0.000879836
0.000894025
0.000907231
0.000919707
0.000931771
0.000943805
0.000956241
0.00096954
0.000984146
0.00100041
0.00101853
0.00103845
0.00105981
0.00108194
0.00110391
0.00112461
0.00114284
0.00115748
0.00116761
0.00117261
0.00117227
0.00116688
0.00115725
0.00114474
0.00113111
0.00111833
0.00110826
0.00110222
0.00110064
0.00110305
0.0011082
0.00111492
0.00112211
0.00112886
0.00114097
0.000612667
0.00060508
0.000597881
0.000590768
0.000582916
0.000573164
0.000560385
0.000543908
0.000523684
0.000500209
0.000475043
0.000449385
0.00042422
0.000400329
0.000378301
0.000358555
0.000341362
0.000326875
0.000315144
0.000306137
0.000299758
0.000295853
0.000294233
0.000294679
0.000296958
0.000300833
0.000306072
0.000312455
0.000319783
0.000327875
0.000336576
0.000345757
0.000355313
0.000365165
0.000375258
0.000385564
0.000396079
0.000406827
0.000417862
0.000429265
0.000441146
0.000453643
0.000466913
0.000481125
0.00049645
0.000513043
0.000531026
0.000550472
0.000571381
0.000593679
0.000617202
0.000641707
0.000666886
0.000692388
0.000717842
0.000742887
0.000767192
0.000790474
0.00081251
0.000833138
0.000852257
0.000869819
0.000885828
0.000900323
0.000913377
0.000925087
0.000935567
0.000944953
0.000953397
0.000961079
0.000968209
0.000975039
0.00098187
0.000989046
0.000996936
0.00100588
0.00101614
0.0010278
0.00104068
0.00105436
0.00106817
0.00108125
0.00109272
0.00110175
0.00110776
0.00111047
0.00111004
0.00110703
0.00110242
0.00109742
0.00109328
0.001091
0.0010911
0.00109348
0.00109761
0.00110268
0.00110826
0.00111397
0.00111938
0.00113013
0.0007355
0.000728054
0.000720737
0.000713582
0.000706496
0.000699241
0.00069143
0.000682597
0.000672273
0.0006601
0.000646053
0.000630275
0.000613053
0.000594758
0.00057581
0.000556632
0.000537632
0.000519182
0.000501609
0.000485192
0.000470158
0.000456681
0.000444885
0.000434848
0.000426605
0.000420162
0.000415496
0.000412565
0.000411312
0.000411672
0.000413576
0.000416955
0.000421745
0.00042789
0.000435347
0.000444083
0.000454079
0.000465327
0.000477826
0.000491582
0.0005066
0.000522882
0.000540414
0.000559164
0.000579073
0.00060005
0.000621968
0.000644663
0.000667937
0.00069156
0.000715285
0.000738855
0.000762016
0.000784532
0.000806194
0.000826826
0.000846296
0.000864507
0.000881405
0.000896972
0.000911217
0.000924179
0.000935914
0.000946495
0.000956002
0.000964524
0.000972152
0.000978977
0.000985089
0.00099058
0.000995541
0.00100007
0.00100429
0.00100833
0.00101238
0.00101665
0.00102137
0.00102673
0.00103288
0.00103979
0.00104727
0.00105494
0.00106232
0.00106887
0.00107414
0.00107787
0.00108005
0.00108097
0.00108113
0.00108116
0.00108165
0.00108301
0.00108533
0.00108843
0.00109207
0.00109593
0.00110011
0.00110462
0.00110918
0.0011192
0.000832413
0.000826023
0.000819653
0.000813332
0.000807068
0.000800844
0.000794594
0.0007882
0.000781485
0.000774266
0.000766375
0.000757683
0.000748127
0.000737705
0.000726481
0.000714571
0.000702134
0.000689356
0.000676443
0.000663605
0.000651054
0.000638991
0.000627602
0.000617054
0.000607495
0.000599053
0.000591835
0.000585933
0.000581417
0.000578345
0.000576757
0.000576679
0.000578124
0.000581095
0.000585582
0.00059157
0.000599031
0.000607926
0.000618209
0.000629819
0.000642682
0.000656708
0.000671791
0.000687808
0.000704618
0.000722067
0.000739984
0.000758193
0.000776508
0.000794748
0.000812734
0.000830301
0.000847299
0.000863601
0.000879104
0.00089373
0.000907427
0.000920166
0.00093194
0.000942763
0.00095266
0.000961674
0.000969854
0.000977259
0.000983954
0.000990005
0.000995483
0.00100046
0.001005
0.00100917
0.00101304
0.00101665
0.00102006
0.0010233
0.00102642
0.00102948
0.00103254
0.0010357
0.00103905
0.00104267
0.00104658
0.00105074
0.00105499
0.00105912
0.00106291
0.00106618
0.00106886
0.00107101
0.00107281
0.00107446
0.00107618
0.00107807
0.00108015
0.0010824
0.00108485
0.00108752
0.00109072
0.0010946
0.00109882
0.00110865
0.000902005
0.000896992
0.000891948
0.000886889
0.000881827
0.000876774
0.00087173
0.000866682
0.000861596
0.000856428
0.000851117
0.000845594
0.000839796
0.000833673
0.000827193
0.00082035
0.000813162
0.000805674
0.000797953
0.000790087
0.000782178
0.000774341
0.000766696
0.000759365
0.000752469
0.000746124
0.000740441
0.000735524
0.000731465
0.000728349
0.000726246
0.000725215
0.0007253
0.000726532
0.000728927
0.000732487
0.000737198
0.000743031
0.000749943
0.000757875
0.000766755
0.000776496
0.000787
0.000798155
0.000809843
0.000821938
0.00083431
0.000846829
0.000859368
0.000871803
0.000884021
0.000895919
0.000907408
0.000918412
0.000928873
0.000938746
0.000948004
0.000956631
0.000964624
0.000971992
0.00097875
0.000984925
0.000990547
0.000995653
0.00100028
0.00100449
0.00100831
0.00101182
0.00101505
0.00101808
0.00102096
0.00102375
0.00102649
0.00102923
0.00103198
0.00103476
0.00103756
0.00104039
0.00104322
0.00104608
0.00104895
0.00105183
0.0010547
0.00105749
0.00106014
0.00106256
0.00106471
0.00106656
0.00106814
0.0010695
0.00107072
0.00107187
0.00107302
0.0010743
0.0010759
0.00107796
0.00108082
0.00108461
0.00108888
0.00109883
0.000948
0.00094437
0.000940683
0.000936948
0.000933174
0.000929369
0.000925543
0.000921699
0.000917843
0.000913974
0.000910084
0.000906159
0.000902183
0.000898135
0.000893996
0.000889753
0.000885398
0.000880934
0.000876372
0.000871739
0.000867068
0.000862407
0.000857811
0.000853343
0.000849069
0.000845062
0.000841393
0.000838135
0.000835356
0.000833124
0.000831496
0.000830527
0.000830259
0.000830727
0.000831953
0.000833949
0.000836714
0.000840238
0.000844494
0.000849448
0.000855051
0.000861247
0.000867969
0.000875142
0.000882689
0.000890525
0.000898565
0.000906724
0.00091492
0.000923074
0.000931113
0.000938971
0.00094659
0.000953921
0.000960923
0.000967565
0.000973825
0.000979688
0.000985145
0.000990196
0.000994844
0.000999099
0.00100298
0.00100649
0.00100967
0.00101254
0.00101513
0.00101749
0.00101964
0.00102165
0.00102356
0.00102543
0.00102731
0.00102925
0.00103131
0.0010335
0.00103584
0.00103831
0.00104088
0.00104351
0.00104614
0.00104872
0.00105119
0.00105351
0.00105562
0.00105748
0.00105906
0.00106033
0.00106131
0.00106206
0.00106263
0.00106314
0.00106376
0.00106466
0.00106606
0.00106814
0.00107118
0.00107524
0.00107977
0.00108996
0.000976016
0.000973575
0.00097107
0.000968504
0.000965883
0.000963214
0.000960501
0.000957753
0.000954976
0.000952177
0.000949363
0.000946537
0.000943702
0.000940858
0.000938006
0.000935145
0.000932273
0.000929393
0.000926508
0.000923626
0.000920759
0.000917925
0.000915146
0.000912449
0.000909867
0.000907435
0.000905192
0.000903178
0.000901435
0.000900004
0.000898923
0.00089823
0.000897955
0.000898125
0.00089876
0.000899874
0.000901474
0.000903556
0.000906111
0.000909122
0.000912562
0.000916401
0.000920599
0.000925112
0.000929893
0.000934892
0.000940055
0.000945331
0.000950667
0.000956013
0.000961321
0.000966548
0.000971653
0.000976602
0.000981364
0.000985914
0.000990231
0.000994299
0.000998105
0.00100164
0.0010049
0.00100789
0.0010106
0.00101305
0.00101524
0.00101718
0.0010189
0.00102041
0.00102175
0.00102295
0.00102404
0.00102507
0.0010261
0.00102718
0.00102835
0.00102967
0.00103116
0.00103285
0.00103473
0.00103676
0.00103889
0.00104106
0.00104318
0.00104517
0.00104698
0.00104853
0.0010498
0.00105078
0.00105149
0.00105201
0.00105243
0.00105289
0.00105359
0.0010547
0.00105645
0.00105894
0.0010624
0.00106687
0.00107171
0.00108212
0.000991699
0.000990156
0.000988555
0.000986899
0.000985188
0.000983427
0.000981618
0.000979766
0.000977878
0.000975957
0.000974011
0.000972046
0.000970068
0.000968083
0.000966097
0.000964115
0.000962142
0.000960185
0.000958248
0.000956338
0.000954463
0.000952632
0.000950856
0.000949148
0.000947524
0.000946001
0.0009446
0.000943341
0.000942247
0.00094134
0.000940644
0.000940181
0.000939969
0.000940028
0.000940372
0.000941012
0.000941956
0.000943204
0.000944756
0.000946604
0.000948736
0.000951136
0.000953784
0.000956655
0.000959723
0.000962958
0.000966329
0.000969803
0.000973349
0.000976934
0.000980526
0.000984095
0.000987613
0.000991053
0.000994391
0.000997607
0.00100068
0.00100359
0.00100633
0.00100889
0.00101125
0.00101341
0.00101536
0.0010171
0.00101863
0.00101995
0.00102108
0.00102202
0.00102279
0.00102341
0.00102391
0.00102431
0.00102467
0.00102502
0.00102541
0.0010259
0.00102651
0.00102729
0.00102826
0.00102942
0.00103074
0.00103219
0.0010337
0.0010352
0.00103661
0.00103789
0.00103898
0.00103989
0.00104064
0.00104129
0.00104197
0.0010428
0.00104395
0.00104559
0.00104788
0.0010509
0.00105483
0.00105967
0.00106477
0.00107528
0.000999734
0.000998789
0.000997803
0.000996773
0.000995701
0.000994586
0.000993432
0.000992239
0.000991011
0.000989752
0.000988465
0.000987155
0.000985826
0.000984483
0.000983133
0.000981781
0.000980432
0.000979093
0.000977771
0.000976471
0.000975201
0.000973967
0.000972777
0.00097164
0.000970565
0.000969562
0.000968643
0.000967819
0.000967104
0.000966509
0.000966049
0.000965736
0.000965582
0.0009656
0.000965798
0.000966185
0.000966766
0.000967547
0.000968527
0.000969704
0.000971074
0.000972629
0.00097436
0.000976253
0.000978294
0.000980466
0.00098275
0.000985128
0.000987577
0.000990078
0.000992609
0.000995147
0.000997673
0.00100017
0.0010026
0.00100497
0.00100725
0.00100943
0.00101148
0.0010134
0.00101518
0.0010168
0.00101825
0.00101953
0.00102063
0.00102155
0.0010223
0.00102287
0.00102327
0.00102352
0.00102363
0.00102363
0.00102354
0.00102339
0.00102322
0.00102308
0.001023
0.00102303
0.0010232
0.00102353
0.00102404
0.0010247
0.00102549
0.00102638
0.00102731
0.00102824
0.00102915
0.00103002
0.00103088
0.00103179
0.00103284
0.00103413
0.0010358
0.00103797
0.00104077
0.00104424
0.00104853
0.00105362
0.00105886
0.00106931
0.00100348
0.00100289
0.00100228
0.00100163
0.00100096
0.00100026
0.000999526
0.000998767
0.000997982
0.000997172
0.000996338
0.000995485
0.000994614
0.000993728
0.000992832
0.000991929
0.000991024
0.000990121
0.000989226
0.000988344
0.000987479
0.000986639
0.000985829
0.000985055
0.000984324
0.000983643
0.000983019
0.000982461
0.000981977
0.000981574
0.000981262
0.000981048
0.000980941
0.000980947
0.000981075
0.00098133
0.000981716
0.000982239
0.000982898
0.000983696
0.00098463
0.000985698
0.000986896
0.000988216
0.000989651
0.000991191
0.000992826
0.000994542
0.000996327
0.000998166
0.00100004
0.00100195
0.00100385
0.00100575
0.00100763
0.00100946
0.00101123
0.00101293
0.00101455
0.00101606
0.00101746
0.00101873
0.00101986
0.00102084
0.00102167
0.00102234
0.00102284
0.00102319
0.00102337
0.00102339
0.00102328
0.00102303
0.00102267
0.00102222
0.00102171
0.00102118
0.00102066
0.00102018
0.00101979
0.00101951
0.00101937
0.00101939
0.00101957
0.0010199
0.00102036
0.00102094
0.00102162
0.00102241
0.00102333
0.00102442
0.00102574
0.00102738
0.00102944
0.00103199
0.00103514
0.00103889
0.00104337
0.00104856
0.00105381
0.00106406
0.00100507
0.00100467
0.00100425
0.00100381
0.00100336
0.00100289
0.00100241
0.00100191
0.00100139
0.00100085
0.0010003
0.000999734
0.000999156
0.000998568
0.000997971
0.000997367
0.000996761
0.000996154
0.00099555
0.000994952
0.000994365
0.000993793
0.00099324
0.000992711
0.000992211
0.000991744
0.000991318
0.000990936
0.000990606
0.000990333
0.000990123
0.000989983
0.000989917
0.000989932
0.000990032
0.000990223
0.000990509
0.000990892
0.000991376
0.000991962
0.000992651
0.000993441
0.000994332
0.000995319
0.0009964
0.000997567
0.000998815
0.00100013
0.00100152
0.00100295
0.00100443
0.00100594
0.00100746
0.00100899
0.00101051
0.001012
0.00101345
0.00101485
0.00101618
0.00101743
0.00101858
0.00101962
0.00102055
0.00102135
0.001022
0.00102251
0.00102287
0.00102308
0.00102313
0.00102304
0.0010228
0.00102242
0.00102192
0.00102132
0.00102063
0.00101989
0.00101911
0.00101835
0.00101762
0.00101697
0.00101642
0.00101601
0.00101575
0.00101566
0.00101575
0.00101602
0.00101648
0.00101715
0.00101804
0.00101919
0.00102065
0.00102248
0.00102474
0.00102748
0.00103078
0.00103463
0.00103914
0.00104429
0.00104943
0.00105936
0.00100567
0.00100536
0.00100503
0.0010047
0.00100436
0.00100401
0.00100365
0.00100328
0.0010029
0.00100252
0.00100213
0.00100172
0.00100132
0.0010009
0.00100048
0.00100006
0.000999639
0.000999216
0.000998796
0.000998381
0.000997973
0.000997576
0.000997192
0.000996825
0.000996479
0.000996157
0.000995864
0.000995603
0.00099538
0.000995198
0.000995063
0.000994979
0.00099495
0.000994982
0.000995079
0.000995243
0.00099548
0.000995792
0.000996183
0.000996653
0.000997204
0.000997837
0.000998552
0.000999347
0.00100022
0.00100117
0.00100218
0.00100326
0.0010044
0.00100559
0.00100682
0.00100809
0.00100937
0.00101066
0.00101195
0.00101323
0.00101447
0.00101567
0.00101682
0.0010179
0.00101889
0.00101979
0.00102059
0.00102126
0.00102181
0.00102223
0.00102251
0.00102264
0.00102262
0.00102246
0.00102216
0.00102173
0.00102117
0.0010205
0.00101974
0.0010189
0.00101802
0.00101711
0.00101622
0.00101537
0.0010146
0.00101393
0.00101341
0.00101306
0.00101289
0.00101294
0.00101322
0.00101375
0.00101456
0.00101568
0.00101716
0.00101901
0.00102131
0.00102407
0.00102737
0.00103117
0.00103557
0.00104056
0.00104552
0.00105503
0.00100588
0.00100559
0.00100531
0.00100502
0.00100472
0.00100443
0.00100413
0.00100382
0.00100351
0.0010032
0.00100289
0.00100257
0.00100225
0.00100193
0.0010016
0.00100128
0.00100096
0.00100064
0.00100032
0.00100001
0.000999712
0.000999419
0.000999138
0.000998871
0.00099862
0.000998389
0.00099818
0.000997997
0.000997844
0.000997724
0.00099764
0.000997597
0.000997598
0.000997647
0.000997748
0.000997904
0.000998118
0.000998394
0.000998734
0.00099914
0.000999614
0.00100016
0.00100077
0.00100145
0.0010022
0.00100301
0.00100389
0.00100483
0.00100582
0.00100685
0.00100793
0.00100904
0.00101017
0.00101131
0.00101245
0.00101358
0.00101469
0.00101577
0.00101679
0.00101776
0.00101865
0.00101946
0.00102017
0.00102077
0.00102125
0.00102161
0.00102184
0.00102193
0.00102189
0.0010217
0.00102138
0.00102093
0.00102036
0.00101968
0.00101889
0.00101803
0.00101712
0.00101617
0.00101521
0.00101428
0.00101341
0.00101263
0.00101197
0.00101146
0.00101115
0.00101104
0.00101119
0.0010116
0.00101231
0.00101334
0.00101474
0.00101653
0.00101874
0.00102141
0.00102457
0.00102821
0.00103241
0.00103716
0.00104186
0.00105091
0.00100593
0.00100566
0.00100539
0.00100512
0.00100484
0.00100456
0.00100429
0.00100401
0.00100373
0.00100345
0.00100316
0.00100288
0.0010026
0.00100232
0.00100204
0.00100177
0.0010015
0.00100123
0.00100096
0.00100071
0.00100046
0.00100022
0.000999996
0.000999782
0.000999584
0.000999403
0.000999242
0.000999104
0.000998991
0.000998906
0.000998853
0.000998834
0.000998853
0.000998913
0.000999017
0.000999169
0.00099937
0.000999625
0.000999935
0.0010003
0.00100073
0.00100122
0.00100177
0.00100238
0.00100305
0.00100378
0.00100457
0.00100541
0.00100631
0.00100724
0.00100822
0.00100922
0.00101025
0.00101129
0.00101234
0.00101338
0.0010144
0.00101538
0.00101633
0.00101722
0.00101804
0.00101879
0.00101944
0.00101999
0.00102044
0.00102077
0.00102097
0.00102104
0.00102098
0.0010208
0.00102048
0.00102003
0.00101947
0.0010188
0.00101803
0.00101719
0.00101628
0.00101533
0.00101437
0.00101343
0.00101253
0.0010117
0.00101099
0.00101041
0.00101001
0.00100981
0.00100985
0.00101015
0.00101075
0.00101167
0.00101295
0.0010146
0.00101665
0.00101914
0.00102209
0.00102549
0.00102943
0.00103388
0.0010383
0.00104685
0.00100594
0.00100567
0.0010054
0.00100513
0.00100486
0.00100459
0.00100432
0.00100405
0.00100378
0.00100351
0.00100324
0.00100297
0.00100271
0.00100244
0.00100218
0.00100192
0.00100167
0.00100142
0.00100118
0.00100095
0.00100073
0.00100051
0.00100031
0.00100012
0.000999942
0.000999784
0.000999645
0.000999526
0.000999431
0.000999362
0.000999321
0.000999312
0.000999337
0.000999399
0.000999501
0.000999645
0.000999835
0.00100007
0.00100036
0.0010007
0.00100109
0.00100154
0.00100205
0.00100261
0.00100323
0.00100391
0.00100464
0.00100541
0.00100624
0.00100711
0.00100801
0.00100895
0.0010099
0.00101087
0.00101185
0.00101282
0.00101377
0.0010147
0.00101559
0.00101642
0.0010172
0.0010179
0.00101852
0.00101904
0.00101946
0.00101976
0.00101995
0.00102002
0.00101997
0.00101978
0.00101948
0.00101905
0.00101851
0.00101786
0.00101712
0.00101631
0.00101543
0.00101451
0.00101357
0.00101264
0.00101175
0.00101092
0.00101019
0.00100958
0.00100913
0.00100887
0.00100883
0.00100903
0.00100952
0.0010103
0.00101142
0.00101288
0.00101474
0.00101698
0.00101968
0.00102279
0.00102642
0.00103055
0.00103466
0.00104273
0.00100594
0.00100567
0.0010054
0.00100513
0.00100486
0.00100459
0.00100432
0.00100405
0.00100378
0.00100351
0.00100324
0.00100298
0.00100272
0.00100246
0.0010022
0.00100194
0.0010017
0.00100145
0.00100122
0.00100099
0.00100077
0.00100056
0.00100037
0.00100018
0.00100001
0.000999861
0.000999726
0.000999611
0.000999519
0.000999451
0.00099941
0.000999399
0.00099942
0.000999476
0.000999569
0.000999701
0.000999877
0.0010001
0.00100036
0.00100068
0.00100105
0.00100146
0.00100194
0.00100246
0.00100304
0.00100367
0.00100435
0.00100508
0.00100586
0.00100667
0.00100752
0.0010084
0.0010093
0.00101022
0.00101114
0.00101206
0.00101296
0.00101384
0.00101469
0.00101548
0.00101622
0.00101689
0.00101748
0.00101798
0.00101838
0.00101867
0.00101886
0.00101892
0.00101887
0.0010187
0.00101841
0.001018
0.00101749
0.00101687
0.00101616
0.00101538
0.00101454
0.00101365
0.00101274
0.00101184
0.00101096
0.00101014
0.0010094
0.00100878
0.00100829
0.00100797
0.00100786
0.00100796
0.00100832
0.00100895
0.00100988
0.00101113
0.00101274
0.00101472
0.00101712
0.00101992
0.00102322
0.00102702
0.00103083
0.00103843
0.00100593
0.00100566
0.00100539
0.00100512
0.00100485
0.00100458
0.0010043
0.00100403
0.00100376
0.00100349
0.00100322
0.00100296
0.00100269
0.00100243
0.00100217
0.00100192
0.00100167
0.00100142
0.00100118
0.00100095
0.00100073
0.00100052
0.00100032
0.00100013
0.000999962
0.000999804
0.000999665
0.000999545
0.000999446
0.000999372
0.000999323
0.000999302
0.000999313
0.000999356
0.000999435
0.000999552
0.000999709
0.000999909
0.00100015
0.00100045
0.00100079
0.00100118
0.00100162
0.00100211
0.00100265
0.00100324
0.00100388
0.00100457
0.0010053
0.00100607
0.00100688
0.00100771
0.00100857
0.00100944
0.00101032
0.00101119
0.00101206
0.0010129
0.0010137
0.00101446
0.00101517
0.00101581
0.00101638
0.00101686
0.00101725
0.00101753
0.00101771
0.00101778
0.00101773
0.00101757
0.00101729
0.0010169
0.00101641
0.00101582
0.00101514
0.00101438
0.00101357
0.00101271
0.00101183
0.00101095
0.00101009
0.00100927
0.00100852
0.00100787
0.00100734
0.00100696
0.00100675
0.00100673
0.00100694
0.0010074
0.00100812
0.00100913
0.00101047
0.00101215
0.00101423
0.00101671
0.00101968
0.00102316
0.00102668
0.00103388
0.00100592
0.00100565
0.00100538
0.00100511
0.00100483
0.00100456
0.00100429
0.00100401
0.00100374
0.00100347
0.0010032
0.00100293
0.00100266
0.00100239
0.00100213
0.00100187
0.00100162
0.00100137
0.00100113
0.00100089
0.00100066
0.00100045
0.00100024
0.00100004
0.000999863
0.000999698
0.000999549
0.000999419
0.00099931
0.000999224
0.000999163
0.000999129
0.000999124
0.000999152
0.000999214
0.000999312
0.00099945
0.000999628
0.00099985
0.00100012
0.00100043
0.00100079
0.0010012
0.00100166
0.00100217
0.00100273
0.00100333
0.00100398
0.00100468
0.00100541
0.00100617
0.00100697
0.00100778
0.00100861
0.00100945
0.00101029
0.00101111
0.00101191
0.00101269
0.00101342
0.0010141
0.00101471
0.00101526
0.00101572
0.00101609
0.00101637
0.00101654
0.0010166
0.00101655
0.0010164
0.00101613
0.00101575
0.00101527
0.00101469
0.00101403
0.00101329
0.0010125
0.00101165
0.00101078
0.00100991
0.00100904
0.00100821
0.00100743
0.00100673
0.00100614
0.00100567
0.00100534
0.00100518
0.00100522
0.00100546
0.00100594
0.00100668
0.00100772
0.00100909
0.00101084
0.001013
0.00101566
0.00101885
0.00102212
0.001029
0.00100591
0.00100564
0.00100537
0.00100509
0.00100482
0.00100454
0.00100427
0.00100399
0.00100372
0.00100344
0.00100317
0.00100289
0.00100262
0.00100235
0.00100209
0.00100182
0.00100156
0.00100131
0.00100106
0.00100082
0.00100059
0.00100036
0.00100015
0.000999942
0.000999752
0.000999576
0.000999417
0.000999275
0.000999154
0.000999054
0.000998979
0.00099893
0.00099891
0.00099892
0.000998963
0.000999042
0.000999159
0.000999315
0.000999513
0.000999755
0.00100004
0.00100038
0.00100076
0.00100119
0.00100166
0.00100219
0.00100276
0.00100337
0.00100403
0.00100472
0.00100545
0.0010062
0.00100698
0.00100777
0.00100857
0.00100937
0.00101016
0.00101092
0.00101166
0.00101236
0.00101301
0.0010136
0.00101412
0.00101456
0.00101492
0.00101518
0.00101533
0.00101539
0.00101533
0.00101517
0.00101489
0.00101451
0.00101403
0.00101346
0.00101279
0.00101206
0.00101125
0.0010104
0.00100952
0.00100862
0.00100772
0.00100685
0.00100601
0.00100524
0.00100454
0.00100395
0.00100347
0.00100313
0.00100295
0.00100295
0.00100315
0.0010036
0.00100433
0.00100537
0.00100681
0.00100866
0.00101104
0.001014
0.00101708
0.00102375
0.0010059
0.00100563
0.00100536
0.00100508
0.0010048
0.00100453
0.00100425
0.00100397
0.00100369
0.00100342
0.00100314
0.00100286
0.00100259
0.00100232
0.00100204
0.00100178
0.00100151
0.00100125
0.001001
0.00100075
0.00100051
0.00100028
0.00100005
0.000999841
0.000999641
0.000999455
0.000999285
0.000999131
0.000998997
0.000998884
0.000998794
0.00099873
0.000998693
0.000998685
0.00099871
0.000998769
0.000998865
0.000998999
0.000999174
0.000999391
0.000999652
0.000999958
0.00100031
0.00100071
0.00100115
0.00100165
0.00100218
0.00100276
0.00100338
0.00100404
0.00100473
0.00100544
0.00100618
0.00100693
0.0010077
0.00100846
0.00100921
0.00100994
0.00101064
0.00101131
0.00101192
0.00101248
0.00101297
0.00101338
0.00101371
0.00101394
0.00101407
0.0010141
0.00101402
0.00101383
0.00101353
0.00101313
0.00101263
0.00101203
0.00101134
0.00101057
0.00100973
0.00100884
0.00100791
0.00100696
0.00100599
0.00100503
0.00100409
0.0010032
0.00100236
0.00100159
0.00100091
0.00100035
0.000999913
0.000999634
0.000999543
0.000999677
0.00100009
0.00100083
0.00100198
0.00100358
0.00100576
0.00100855
0.00101151
0.00101809
0.0010059
0.00100562
0.00100535
0.00100507
0.00100479
0.00100451
0.00100423
0.00100395
0.00100367
0.00100339
0.00100311
0.00100283
0.00100256
0.00100228
0.00100201
0.00100173
0.00100146
0.0010012
0.00100094
0.00100068
0.00100044
0.0010002
0.000999966
0.000999745
0.000999536
0.000999339
0.000999158
0.000998993
0.000998847
0.000998721
0.000998617
0.000998537
0.000998484
0.00099846
0.000998466
0.000998506
0.000998581
0.000998693
0.000998845
0.000999038
0.000999273
0.000999552
0.000999876
0.00100025
0.00100066
0.00100112
0.00100162
0.00100217
0.00100275
0.00100337
0.00100402
0.0010047
0.0010054
0.00100611
0.00100683
0.00100755
0.00100826
0.00100895
0.00100961
0.00101023
0.00101081
0.00101132
0.00101176
0.00101213
0.00101241
0.00101259
0.00101268
0.00101266
0.00101253
0.00101229
0.00101194
0.00101149
0.00101092
0.00101026
0.00100951
0.00100867
0.00100776
0.00100679
0.00100576
0.0010047
0.00100362
0.00100252
0.00100143
0.00100036
0.000999326
0.000998338
0.000997417
0.000996582
0.000995859
0.000995277
0.000994876
0.000994704
0.000994826
0.000995306
0.00099624
0.000997675
0.000999735
0.00100247
0.00100541
0.00101197
0.00100589
0.00100561
0.00100534
0.00100506
0.00100478
0.0010045
0.00100422
0.00100394
0.00100365
0.00100337
0.00100309
0.00100281
0.00100253
0.00100225
0.00100197
0.00100169
0.00100142
0.00100115
0.00100088
0.00100062
0.00100037
0.00100012
0.000999883
0.000999655
0.000999437
0.000999231
0.00099904
0.000998864
0.000998706
0.000998567
0.000998449
0.000998355
0.000998287
0.000998246
0.000998235
0.000998256
0.000998311
0.000998402
0.000998532
0.000998701
0.000998911
0.000999164
0.00099946
0.000999799
0.00100018
0.00100061
0.00100108
0.00100159
0.00100213
0.00100271
0.00100332
0.00100396
0.00100461
0.00100528
0.00100595
0.00100662
0.00100728
0.00100791
0.00100852
0.00100908
0.00100959
0.00101004
0.00101041
0.00101071
0.00101091
0.00101102
0.00101103
0.00101092
0.0010107
0.00101037
0.00100993
0.00100937
0.00100871
0.00100793
0.00100707
0.00100611
0.00100507
0.00100395
0.00100278
0.00100156
0.00100029
0.000999007
0.000997705
0.000996404
0.000995117
0.00099386
0.000992653
0.000991519
0.00099049
0.000989605
0.000988914
0.00098848
0.00098838
0.000988689
0.000989512
0.000990896
0.000992956
0.000995716
0.000998705
0.00100522
0.00100588
0.0010056
0.00100533
0.00100505
0.00100477
0.00100449
0.0010042
0.00100392
0.00100364
0.00100335
0.00100307
0.00100278
0.0010025
0.00100222
0.00100193
0.00100165
0.00100138
0.0010011
0.00100083
0.00100057
0.00100031
0.00100005
0.000999807
0.000999571
0.000999345
0.00099913
0.000998929
0.000998743
0.000998574
0.000998423
0.000998292
0.000998185
0.000998101
0.000998044
0.000998016
0.000998019
0.000998054
0.000998125
0.000998232
0.000998377
0.000998562
0.000998787
0.000999054
0.000999363
0.000999713
0.0010001
0.00100053
0.001001
0.00100151
0.00100204
0.0010026
0.00100318
0.00100378
0.00100439
0.001005
0.0010056
0.00100618
0.00100674
0.00100726
0.00100773
0.00100814
0.00100849
0.00100876
0.00100894
0.00100902
0.001009
0.00100887
0.00100863
0.00100827
0.00100779
0.00100719
0.00100647
0.00100563
0.00100469
0.00100364
0.00100249
0.00100125
0.000999934
0.000998545
0.000997094
0.000995592
0.000994051
0.000992483
0.000990901
0.000989321
0.000987763
0.000986251
0.000984817
0.000983503
0.000982358
0.000981449
0.000980848
0.000980645
0.000980917
0.000981763
0.000983213
0.000985352
0.00098815
0.000991162
0.000997366
0.00100587
0.0010056
0.00100532
0.00100504
0.00100476
0.00100447
0.00100419
0.00100391
0.00100362
0.00100333
0.00100305
0.00100276
0.00100247
0.00100219
0.0010019
0.00100162
0.00100134
0.00100106
0.00100078
0.00100051
0.00100025
0.000999988
0.000999736
0.000999492
0.000999258
0.000999036
0.000998825
0.000998629
0.000998449
0.000998286
0.000998143
0.000998021
0.000997923
0.000997849
0.000997804
0.000997787
0.000997802
0.00099785
0.000997932
0.000998051
0.000998207
0.000998401
0.000998634
0.000998906
0.000999216
0.000999563
0.000999946
0.00100036
0.00100081
0.00100128
0.00100177
0.00100228
0.0010028
0.00100332
0.00100383
0.00100432
0.00100479
0.00100523
0.00100561
0.00100594
0.00100621
0.00100639
0.00100649
0.00100649
0.00100638
0.00100616
0.00100582
0.00100536
0.00100478
0.00100406
0.00100323
0.00100226
0.00100118
0.000999986
0.000998679
0.00099727
0.000995765
0.000994173
0.000992502
0.000990763
0.000988966
0.000987123
0.000985248
0.000983358
0.000981472
0.000979618
0.000977829
0.000976146
0.000974625
0.000973328
0.000972333
0.000971717
0.000971565
0.00097194
0.000972906
0.000974443
0.000976587
0.000979209
0.000981975
0.000987105
0.00100587
0.00100559
0.00100531
0.00100503
0.00100475
0.00100446
0.00100418
0.00100389
0.0010036
0.00100332
0.00100303
0.00100274
0.00100245
0.00100216
0.00100187
0.00100159
0.0010013
0.00100102
0.00100074
0.00100046
0.00100019
0.000999926
0.000999667
0.000999416
0.000999174
0.000998942
0.000998722
0.000998515
0.000998322
0.000998147
0.000997989
0.000997851
0.000997735
0.000997643
0.000997576
0.000997536
0.000997524
0.000997544
0.000997594
0.000997678
0.000997795
0.000997946
0.000998132
0.000998351
0.000998602
0.000998884
0.000999195
0.000999531
0.000999889
0.00100026
0.00100065
0.00100104
0.00100143
0.0010018
0.00100216
0.00100248
0.00100277
0.00100301
0.00100318
0.00100329
0.00100331
0.00100324
0.00100307
0.00100279
0.00100239
0.00100187
0.00100123
0.00100045
0.000999542
0.000998504
0.000997337
0.000996045
0.000994631
0.000993101
0.000991462
0.00098972
0.000987882
0.000985959
0.000983958
0.000981891
0.000979771
0.000977611
0.00097543
0.000973251
0.000971102
0.000969019
0.000967047
0.000965239
0.00096366
0.00096238
0.000961471
0.000960995
0.000961
0.000961491
0.000962459
0.000963794
0.000965459
0.000967196
0.000968961
0.000971471
0.00100586
0.00100558
0.0010053
0.00100502
0.00100474
0.00100445
0.00100417
0.00100388
0.00100359
0.0010033
0.00100301
0.00100272
0.00100243
0.00100213
0.00100184
0.00100155
0.00100126
0.00100097
0.00100069
0.00100041
0.00100013
0.000999856
0.000999588
0.000999327
0.000999074
0.00099883
0.000998596
0.000998374
0.000998165
0.00099797
0.000997791
0.000997629
0.000997487
0.000997365
0.000997265
0.000997188
0.000997135
0.000997108
0.000997108
0.000997133
0.000997186
0.000997265
0.00099737
0.000997499
0.00099765
0.000997821
0.000998009
0.000998208
0.000998415
0.000998623
0.000998825
0.000999015
0.000999184
0.000999323
0.000999422
0.000999473
0.000999465
0.000999387
0.000999229
0.000998983
0.000998638
0.000998186
0.00099762
0.000996934
0.000996123
0.000995183
0.000994112
0.000992911
0.000991579
0.000990119
0.000988535
0.000986831
0.000985013
0.000983087
0.000981061
0.000978943
0.00097674
0.000974465
0.000972126
0.00096974
0.00096732
0.000964889
0.00096247
0.000960095
0.0009578
0.000955633
0.000953644
0.000951893
0.000950436
0.000949323
0.000948586
0.000948219
0.000948176
0.000948345
0.000948589
0.000948683
0.000948535
0.000947784
0.000946994
0.000944339
0.00100586
0.00100558
0.0010053
0.00100501
0.00100473
0.00100444
0.00100415
0.00100386
0.00100357
0.00100328
0.00100298
0.00100269
0.00100239
0.00100209
0.00100179
0.0010015
0.0010012
0.0010009
0.00100061
0.00100031
0.00100002
0.000999735
0.000999451
0.000999172
0.000998898
0.00099863
0.00099837
0.000998118
0.000997876
0.000997644
0.000997424
0.000997216
0.000997022
0.000996842
0.000996677
0.000996528
0.000996395
0.000996278
0.000996177
0.000996091
0.00099602
0.000995962
0.000995915
0.000995877
0.000995843
0.000995811
0.000995775
0.000995729
0.000995669
0.000995587
0.000995476
0.000995327
0.000995133
0.000994884
0.000994571
0.000994186
0.00099372
0.000993164
0.000992511
0.000991753
0.000990884
0.0009899
0.000988795
0.000987569
0.000986218
0.000984744
0.000983146
0.000981429
0.000979594
0.000977646
0.000975592
0.000973437
0.000971187
0.000968851
0.000966437
0.000963955
0.000961416
0.000958831
0.000956216
0.000953589
0.000950972
0.00094839
0.000945875
0.000943464
0.000941198
0.00093912
0.00093727
0.000935677
0.000934346
0.000933244
0.000932281
0.0009313
0.000930078
0.000928328
0.000925781
0.000922155
0.000917451
0.000911383
0.00090557
0.000894706
0.00100585
0.00100556
0.00100528
0.00100499
0.0010047
0.00100441
0.00100411
0.00100382
0.00100352
0.00100321
0.00100291
0.0010026
0.00100229
0.00100198
0.00100166
0.00100135
0.00100103
0.00100071
0.00100039
0.00100006
0.000999738
0.000999413
0.000999087
0.000998761
0.000998436
0.000998112
0.000997788
0.000997466
0.000997146
0.000996828
0.000996513
0.0009962
0.00099589
0.000995582
0.000995277
0.000994973
0.000994669
0.000994366
0.00099406
0.00099375
0.000993434
0.000993109
0.000992771
0.000992417
0.000992041
0.000991639
0.000991205
0.000990733
0.000990216
0.000989648
0.000989022
0.00098833
0.000987565
0.000986721
0.000985792
0.000984771
0.000983654
0.000982435
0.000981112
0.000979683
0.000978146
0.0009765
0.000974746
0.000972886
0.000970922
0.000968857
0.000966695
0.00096444
0.000962097
0.000959672
0.000957171
0.000954601
0.00095197
0.000949286
0.00094656
0.000943802
0.000941025
0.000938246
0.000935481
0.00093275
0.000930079
0.000927492
0.000925016
0.000922675
0.000920483
0.000918439
0.000916508
0.000914605
0.00091258
0.000910194
0.000907122
0.00090296
0.000897283
0.00088971
0.000880046
0.000868305
0.000855009
0.000840417
0.00082743
0.000807843
0.00100578
0.00100549
0.00100519
0.00100488
0.00100458
0.00100426
0.00100394
0.00100362
0.00100329
0.00100296
0.00100262
0.00100227
0.00100192
0.00100155
0.00100119
0.00100081
0.00100043
0.00100003
0.000999633
0.000999223
0.000998804
0.000998376
0.000997937
0.000997488
0.000997029
0.000996558
0.000996075
0.000995581
0.000995073
0.000994551
0.000994015
0.000993462
0.000992893
0.000992306
0.000991698
0.000991068
0.000990414
0.000989733
0.000989022
0.000988278
0.000987498
0.000986678
0.000985812
0.000984898
0.000983931
0.000982904
0.000981814
0.000980656
0.000979425
0.000978116
0.000976727
0.000975253
0.000973691
0.000972041
0.000970301
0.000968472
0.000966554
0.000964548
0.000962458
0.000960286
0.000958036
0.000955711
0.000953315
0.000950851
0.000948323
0.000945735
0.000943089
0.000940389
0.000937639
0.000934844
0.000932008
0.000929138
0.000926241
0.000923324
0.000920397
0.000917471
0.000914556
0.000911664
0.000908807
0.000905992
0.000903222
0.000900491
0.000897774
0.000895016
0.000892115
0.000888906
0.000885135
0.000880442
0.000874361
0.000866343
0.000855823
0.000842336
0.000825678
0.000806037
0.000784124
0.000761063
0.000738419
0.000717352
0.000700595
0.000681686
0.00100542
0.00100507
0.00100471
0.00100435
0.00100397
0.00100358
0.00100317
0.00100276
0.00100233
0.00100188
0.00100142
0.00100094
0.00100045
0.000999931
0.000999397
0.000998842
0.000998266
0.000997668
0.000997045
0.000996398
0.000995725
0.000995024
0.000994295
0.000993536
0.000992745
0.000991922
0.000991064
0.00099017
0.000989239
0.000988267
0.000987254
0.000986197
0.000985094
0.000983943
0.00098274
0.000981484
0.000980172
0.0009788
0.000977366
0.000975867
0.0009743
0.000972662
0.000970951
0.000969164
0.000967301
0.000965358
0.000963337
0.000961236
0.000959057
0.000956802
0.000954473
0.000952073
0.000949609
0.000947083
0.000944503
0.000941874
0.000939202
0.000936491
0.000933748
0.000930976
0.000928177
0.000925354
0.000922505
0.000919631
0.000916729
0.000913798
0.000910835
0.000907837
0.000904803
0.000901733
0.000898625
0.000895481
0.000892301
0.000889084
0.000885826
0.000882522
0.000879155
0.000875704
0.000872126
0.000868358
0.000864302
0.000859813
0.000854676
0.000848594
0.00084116
0.000831861
0.000820098
0.000805249
0.000786801
0.000764523
0.000738664
0.00071008
0.00068023
0.000650958
0.000624192
0.00060152
0.000584018
0.000572197
0.000565246
0.000565241
0.00100362
0.00100307
0.0010025
0.0010019
0.00100127
0.00100061
0.000999919
0.000999198
0.000998442
0.000997652
0.000996824
0.000995959
0.000995054
0.000994108
0.000993118
0.000992085
0.000991005
0.000989878
0.000988702
0.000987474
0.000986194
0.000984859
0.000983469
0.00098202
0.000980512
0.000978942
0.000977308
0.00097561
0.000973845
0.000972011
0.000970107
0.000968131
0.000966081
0.000963957
0.000961758
0.000959482
0.000957129
0.000954699
0.000952193
0.000949612
0.000946956
0.00094423
0.000941435
0.000938577
0.00093566
0.00093269
0.000929673
0.000926618
0.000923532
0.000920424
0.000917301
0.000914173
0.000911046
0.000907927
0.000904819
0.000901727
0.000898649
0.000895583
0.000892524
0.000889463
0.000886391
0.000883294
0.000880158
0.000876968
0.000873707
0.000870359
0.000866908
0.000863337
0.000859631
0.000855769
0.000851731
0.000847488
0.000843003
0.000838227
0.000833091
0.000827503
0.000821341
0.000814438
0.000806582
0.000797494
0.00078683
0.000774174
0.00075906
0.000741023
0.000719689
0.000694919
0.000666973
0.000636642
0.000605275
0.000574645
0.000546672
0.000523085
0.000505152
0.000493517
0.000488224
0.000488757
0.000494178
0.000503759
0.000514066
0.000535356
0.000995664
0.000994457
0.000993195
0.000991874
0.000990492
0.00098905
0.000987545
0.000985977
0.000984344
0.000982645
0.000980879
0.000979046
0.000977143
0.000975171
0.000973128
0.000971014
0.000968828
0.000966569
0.000964237
0.000961831
0.000959351
0.000956796
0.000954166
0.000951462
0.000948682
0.000945829
0.000942901
0.000939901
0.000936829
0.000933687
0.000930477
0.000927202
0.000923864
0.000920467
0.000917015
0.000913513
0.000909968
0.000906384
0.000902769
0.000899131
0.000895478
0.000891818
0.000888161
0.000884516
0.00088089
0.000877292
0.000873728
0.000870205
0.000866724
0.000863286
0.000859888
0.000856524
0.000853182
0.000849848
0.000846502
0.000843119
0.000839672
0.000836127
0.000832449
0.000828601
0.000824543
0.000820234
0.000815633
0.000810698
0.000805385
0.000799651
0.000793444
0.00078671
0.000779384
0.000771389
0.00076263
0.000752998
0.000742357
0.000730555
0.000717416
0.000702754
0.00068638
0.000668124
0.000647869
0.000625593
0.000601431
0.000575733
0.000549115
0.000522465
0.000496903
0.000473674
0.000454003
0.00043895
0.000429287
0.000425431
0.000427426
0.000434957
0.000447392
0.00046384
0.000483243
0.000504429
0.000526228
0.000547911
0.000566554
0.000593679
0.00096492
0.000962005
0.000959005
0.00095592
0.000952751
0.000949499
0.000946167
0.000942755
0.000939267
0.000935703
0.000932066
0.000928358
0.000924582
0.00092074
0.000916834
0.000912867
0.000908842
0.000904762
0.000900631
0.000896451
0.000892226
0.00088796
0.000883657
0.000879321
0.000874957
0.000870571
0.000866166
0.000861749
0.000857326
0.000852902
0.000848483
0.000844077
0.000839688
0.000835324
0.000830989
0.00082669
0.00082243
0.000818213
0.000814041
0.000809912
0.000805824
0.00080177
0.000797741
0.000793723
0.000789697
0.000785638
0.000781516
0.000777296
0.000772934
0.000768384
0.000763591
0.000758499
0.000753047
0.000747172
0.000740813
0.000733908
0.000726401
0.00071824
0.000709379
0.000699781
0.000689414
0.000678254
0.000666282
0.000653488
0.000639864
0.000625411
0.000610134
0.000594052
0.000577197
0.000559622
0.00054141
0.000522681
0.000503595
0.000484366
0.000465254
0.000446574
0.000428687
0.000411997
0.00039694
0.000383972
0.000373555
0.000366137
0.000362127
0.000361865
0.000365595
0.000373431
0.000385334
0.00040109
0.000420305
0.000442417
0.000466733
0.000492479
0.000518866
0.000545138
0.000570633
0.000594722
0.000616955
0.000636946
0.000653332
0.000674261
0.000864543
0.000858558
0.000852539
0.000846491
0.000840419
0.00083433
0.000828228
0.000822118
0.000816005
0.000809895
0.000803792
0.000797701
0.000791627
0.000785574
0.000779546
0.000773547
0.000767583
0.000761655
0.000755769
0.000749926
0.000744129
0.000738381
0.000732683
0.000727036
0.000721438
0.000715889
0.000710386
0.000704924
0.000699497
0.000694097
0.000688712
0.000683329
0.00067793
0.000672494
0.000666997
0.000661409
0.000655694
0.000649815
0.000643727
0.000637381
0.000630723
0.000623696
0.000616241
0.000608299
0.000599812
0.000590725
0.000580993
0.00057058
0.000559467
0.000547651
0.000535149
0.000522
0.000508266
0.000494031
0.000479399
0.000464488
0.00044943
0.000434362
0.000419426
0.000404759
0.000390493
0.000376753
0.000363654
0.0003513
0.00033979
0.000329215
0.00031966
0.000311209
0.000303948
0.00029796
0.000293335
0.000290166
0.000288551
0.000288593
0.000290401
0.000294086
0.00029976
0.000307528
0.000317479
0.000329675
0.00034413
0.000360797
0.000379549
0.000400173
0.000422367
0.000445761
0.000469939
0.000494479
0.000518988
0.000543127
0.000566623
0.000589261
0.000610864
0.000631254
0.000650264
0.000667597
0.000683126
0.000696295
0.00070693
0.000718696
0.000601743
0.00059328
0.000584936
0.00057671
0.000568601
0.000560607
0.000552726
0.000544957
0.000537296
0.000529741
0.000522287
0.000514932
0.000507671
0.000500499
0.000493412
0.000486404
0.000479468
0.000472597
0.000465784
0.000459021
0.0004523
0.000445609
0.000438941
0.000432283
0.000425625
0.000418955
0.000412262
0.000405533
0.000398758
0.000391924
0.000385022
0.000378042
0.000370977
0.000363823
0.000356576
0.000349238
0.000341813
0.000334311
0.000326746
0.000319138
0.000311511
0.000303897
0.000296331
0.000288856
0.000281516
0.000274363
0.00026745
0.000260831
0.000254563
0.000248701
0.000243301
0.000238415
0.000234094
0.000230383
0.000227327
0.000224964
0.000223332
0.000222464
0.000222391
0.00022314
0.00022474
0.000227216
0.000230594
0.000234898
0.000240152
0.000246379
0.000253601
0.000261835
0.000271096
0.000281392
0.000292724
0.000305083
0.000318448
0.00033278
0.000348025
0.000364103
0.000380908
0.000398307
0.00041614
0.00043422
0.00045235
0.000470332
0.000487991
0.000505186
0.000521832
0.00053789
0.000553368
0.000568291
0.000582683
0.000596542
0.000609827
0.00062246
0.00063434
0.000645332
0.000655333
0.000664082
0.000671584
0.00067706
0.000681339
0.000683792
0.000229696
0.000226074
0.000222604
0.000219281
0.000216101
0.000213058
0.000210147
0.000207365
0.000204708
0.000202172
0.000199753
0.000197449
0.000195256
0.000193173
0.000191198
0.000189328
0.000187563
0.000185901
0.000184342
0.000182886
0.000181532
0.000180282
0.000179135
0.000178095
0.000177162
0.00017634
0.000175631
0.000175038
0.000174567
0.000174221
0.000174006
0.000173929
0.000173995
0.000174213
0.000174591
0.000175138
0.000175864
0.00017678
0.000177899
0.000179233
0.000180797
0.000182606
0.000184677
0.000187026
0.000189673
0.000192638
0.00019594
0.000199601
0.000203644
0.00020809
0.000212962
0.00021828
0.000224064
0.000230333
0.000237102
0.000244382
0.000252179
0.000260495
0.000269322
0.000278646
0.000288444
0.000298685
0.000309324
0.000320311
0.000331585
0.000343075
0.000354704
0.000366391
0.000378047
0.000389584
0.000400912
0.00041194
0.000422583
0.000432756
0.000442382
0.000451393
0.000459733
0.000467364
0.000474268
0.000480458
0.000485971
0.000490872
0.000495243
0.000499176
0.00050276
0.000506071
0.00050916
0.000512053
0.000514748
0.000517218
0.000519415
0.000521287
0.000522782
0.000523851
0.000524525
0.000524628
0.000524545
0.000522986
0.000522313
0.000516524
0.000182389
0.000183212
0.000184006
0.000184769
0.000185502
0.000186203
0.000186871
0.000187507
0.000188109
0.000188677
0.000189211
0.000189709
0.000190171
0.000190596
0.000190985
0.000191335
0.000191648
0.000191921
0.000192154
0.000192347
0.000192498
0.000192607
0.000192673
0.000192696
0.000192673
0.000192603
0.000192487
0.000192322
0.000192108
0.000191842
0.000191524
0.000191151
0.000190724
0.000190239
0.000189695
0.000189091
0.000188424
0.000187695
0.0001869
0.000186038
0.000185109
0.000184111
0.000183043
0.000181906
0.000180698
0.000179422
0.000178078
0.000176668
0.000175196
0.000173666
0.000172083
0.000170454
0.000168787
0.000167092
0.000165381
0.000163666
0.000161962
0.000160285
0.000158652
0.000157083
0.000155595
0.000154207
0.000152939
0.000151807
0.000150827
0.000150014
0.000149379
0.000148928
0.000148667
0.000148595
0.000148706
0.000148988
0.000149423
0.000149983
0.000150632
0.000151326
0.000152015
0.000152644
0.000153157
0.000153509
0.00015366
0.000153589
0.000153291
0.000152774
0.000152062
0.000151186
0.000150181
0.000149081
0.000147916
0.000146709
0.000145479
0.000144238
0.000143003
0.000141784
0.000140607
0.000139469
0.000138423
0.000137374
0.000136601
0.000135165
0.000123166
7.56902e-05
7.49471e-05
7.28701e-05
6.99497e-05
6.65578e-05
6.62102e-05
7.96676e-05
0.000100195
0.00011824
0.000133746
0.000147358
0.000159487
0.00017041
0.000180334
0.000189418
0.000197794
0.000205573
0.000212854
0.000219721
0.000226252
0.000232509
0.000238547
0.000244408
0.000250121
0.00025571
0.000261186
0.000266556
0.00027182
0.000276972
0.000282002
0.0002869
0.000291653
0.000296251
0.000300688
0.000304966
0.0003091
0.000313107
0.000316932
0.000320571
0.000324015
0.000327258
0.000330286
0.000333089
0.000335654
0.000337968
0.000340021
0.000341799
0.000343292
0.00034449
0.000345382
0.000345961
0.00034622
0.000346152
0.000345754
0.000345023
0.000343961
0.000342569
0.000340854
0.000338825
0.000336495
0.000333892
0.000331097
0.000328379
0.000326498
0.000324888
0.000323153
0.000321238
0.000319153
0.000316917
0.00031455
0.000312072
0.000309504
0.000306865
0.000304171
0.000301439
0.000298681
0.000295908
0.000293128
0.000290344
0.000287559
0.000284771
0.000281975
0.000279165
0.000276331
0.000273462
0.000270545
0.000267568
0.000264516
0.000261375
0.000258135
0.000254784
0.000251319
0.000247735
0.000244044
0.000240256
0.000236413
0.000232471
0.000229041
0.000223201
0.000179427
0.000227322
0.000265522
0.000262716
0.000243782
0.000242729
0.000265349
0.000302009
0.000344456
0.000391221
0.000443207
0.000500488
0.000562424
0.000627858
0.000695343
0.000763374
0.000830606
0.000896019
0.000958982
0.00101925
0.0010769
0.00113222
0.00118565
0.00123768
0.00128874
0.00133927
0.00138958
0.00143992
0.00149045
0.00154124
0.00159228
0.00164344
0.00169449
0.0017451
0.00179472
0.0018425
0.00188733
0.00192883
0.00196887
0.00200794
0.002046
0.00208296
0.0021187
0.00215308
0.00218597
0.00221725
0.00224679
0.00227446
0.00230013
0.00232369
0.00234502
0.00236403
0.00238063
0.00239472
0.00240624
0.00241514
0.00242139
0.00242497
0.00242589
0.00242416
0.00241982
0.00241286
0.00240313
0.00239
0.00237238
0.00235123
0.00232763
0.00230216
0.00227517
0.00224691
0.00221758
0.00218741
0.00215656
0.00212521
0.0020935
0.00206155
0.00202945
0.00199725
0.00196497
0.00193259
0.00190005
0.00186726
0.00183409
0.00180038
0.00176594
0.00173056
0.001694
0.00165604
0.00161644
0.00157497
0.00153148
0.00148571
0.00143776
0.00138723
0.00133489
0.00127963
0.00122425
0.00116429
0.00111277
0.0010246
0.000199805
0.000270912
0.000375637
0.00040347
0.000407363
0.000427839
0.000473409
0.000536947
0.000614032
0.000703478
0.000803858
0.000912474
0.00102585
0.00114045
0.00125327
0.00136212
0.00146568
0.00156338
0.00165526
0.00174169
0.00182334
0.00190092
0.00197518
0.0020468
0.00211635
0.00218432
0.00225103
0.00231673
0.00238154
0.0024455
0.00250857
0.00257066
0.00263164
0.00269135
0.00274971
0.00280672
0.00286267
0.0029171
0.00296985
0.00302087
0.00307004
0.00311718
0.00316216
0.0032048
0.00324497
0.00328254
0.00331737
0.00334936
0.0033784
0.00340441
0.00342731
0.00344705
0.00346358
0.00347689
0.00348696
0.00349381
0.00349748
0.00349802
0.00349551
0.00349004
0.00348169
0.00347057
0.00345672
0.00344004
0.00342038
0.00339792
0.00337303
0.003346
0.00331709
0.00328647
0.00325429
0.00322068
0.00318574
0.00314957
0.00311223
0.00307375
0.00303417
0.00299345
0.00295157
0.00290843
0.00286393
0.00281791
0.0027702
0.00272056
0.00266876
0.00261453
0.0025576
0.00249771
0.00243461
0.00236809
0.00229805
0.00222437
0.00214728
0.00206673
0.00198363
0.00189759
0.00181137
0.0017218
0.00164165
0.00151819
4.9213e-05
0.000334198
0.000478267
0.000532459
0.000560371
0.000601068
0.000666177
0.000753031
0.000857229
0.000974695
0.0011011
0.00123195
0.00136324
0.00149186
0.00161576
0.00173376
0.00184538
0.00195063
0.00204979
0.00214341
0.00223208
0.00231651
0.00239733
0.00247516
0.00255053
0.00262387
0.0026955
0.00276568
0.00283454
0.00290215
0.00296854
0.00303367
0.0030975
0.00315995
0.00322098
0.0032806
0.00333869
0.00339493
0.00344914
0.00350115
0.00355084
0.00359803
0.00364258
0.00368436
0.00372322
0.00375906
0.00379179
0.00382131
0.00384756
0.0038705
0.00389011
0.00390639
0.00391937
0.00392909
0.00393561
0.00393904
0.00393948
0.00393708
0.00393197
0.00392432
0.00391431
0.0039021
0.00388784
0.00387163
0.00385354
0.00383366
0.00381212
0.00378903
0.00376447
0.00373851
0.00371113
0.00368234
0.00365207
0.00362024
0.00358675
0.00355149
0.00351429
0.00347499
0.00343341
0.00338934
0.00334255
0.00329279
0.0032398
0.0031833
0.003123
0.00305862
0.0029899
0.00291658
0.00283851
0.00275555
0.00266774
0.00257518
0.0024783
0.00237744
0.00227376
0.00216754
0.00206166
0.00195419
0.00185734
0.00171752
5.23702e-05
0.000379359
0.000558692
0.000641868
0.000693848
0.000752614
0.000832288
0.000932688
0.00104896
0.00117562
0.00130764
0.00144086
0.00157216
0.00169943
0.00182139
0.0019374
0.00204724
0.002151
0.002249
0.0023417
0.00242963
0.00251339
0.00259357
0.00267072
0.00274534
0.00281783
0.00288854
0.00295771
0.0030255
0.00309203
0.00315733
0.0032214
0.0032842
0.00334566
0.00340569
0.00346418
0.00352091
0.00357564
0.00362817
0.00367832
0.00372593
0.00377083
0.00381287
0.0038519
0.00388779
0.00392044
0.00394976
0.00397568
0.00399816
0.00401719
0.00403279
0.004045
0.0040539
0.00405961
0.00406226
0.00406203
0.00405911
0.00405372
0.0040461
0.00403649
0.00402517
0.00401235
0.00399829
0.00398316
0.00396713
0.0039503
0.00393276
0.00391453
0.0038956
0.0038759
0.00385531
0.00383366
0.00381072
0.00378626
0.00375997
0.00373154
0.00370065
0.00366694
0.00363006
0.00358964
0.00354532
0.00349673
0.00344351
0.00338531
0.00332179
0.00325265
0.00317762
0.0030965
0.00300919
0.00291567
0.00281611
0.00271082
0.00260045
0.00248569
0.00236799
0.00224823
0.00212951
0.00201097
0.0019047
0.00175805
5.43078e-05
0.000401916
0.000613252
0.000724897
0.000799879
0.000874198
0.00096288
0.00106761
0.00118448
0.00130846
0.00143513
0.00156106
0.00168387
0.00180205
0.00191475
0.00202163
0.00212268
0.00221813
0.00230837
0.00239391
0.00247527
0.00255304
0.00262776
0.00269995
0.00277006
0.00283849
0.00290552
0.00297138
0.00303622
0.00310012
0.00316309
0.00322509
0.00328604
0.0033458
0.00340421
0.00346107
0.00351615
0.00356921
0.00362
0.00366832
0.00371396
0.00375673
0.00379647
0.003833
0.00386619
0.00389592
0.0039221
0.00394469
0.00396364
0.00397898
0.00399075
0.00399905
0.00400399
0.00400575
0.00400455
0.00400061
0.00399424
0.00398574
0.00397544
0.00396368
0.00395081
0.00393718
0.00392307
0.00390878
0.00389451
0.00388043
0.00386661
0.00385307
0.00383972
0.00382643
0.00381295
0.00379899
0.00378417
0.00376807
0.00375022
0.00373014
0.00370729
0.00368114
0.00365117
0.00361685
0.00357766
0.00353311
0.00348273
0.00342608
0.00336278
0.00329249
0.00321494
0.00312996
0.00303752
0.0029377
0.0028308
0.00271734
0.00259818
0.00247434
0.0023476
0.00221939
0.00209312
0.0019689
0.00185892
0.00171292
5.52497e-05
0.000410802
0.000646352
0.000781953
0.000876179
0.000962236
0.00105493
0.00115742
0.00126738
0.001381
0.00149479
0.00160612
0.00171326
0.00181529
0.00191188
0.0020031
0.0020893
0.00217097
0.00224867
0.00232297
0.00239445
0.00246363
0.00253098
0.00259693
0.00266182
0.00272591
0.00278941
0.00285242
0.00291499
0.0029771
0.00303869
0.00309962
0.00315969
0.00321869
0.0032764
0.00333257
0.00338694
0.00343921
0.00348911
0.0035364
0.00358083
0.00362219
0.00366028
0.00369493
0.00372597
0.0037533
0.00377682
0.00379649
0.00381229
0.00382426
0.00383249
0.0038371
0.00383827
0.00383623
0.00383125
0.00382366
0.00381383
0.00380215
0.00378905
0.00377497
0.00376036
0.00374564
0.00373122
0.00371743
0.00370458
0.00369285
0.00368238
0.00367315
0.00366508
0.00365794
0.00365142
0.00364511
0.0036385
0.00363102
0.00362204
0.00361089
0.00359686
0.00357925
0.00355736
0.00353049
0.00349799
0.00345924
0.00341364
0.00336069
0.00329993
0.003231
0.00315362
0.00306765
0.00297312
0.00287021
0.00275938
0.00264131
0.00251712
0.00238818
0.0022566
0.00212439
0.00199533
0.00187047
0.00176203
0.00162413
5.54089e-05
0.00040881
0.000661416
0.000814516
0.000921725
0.00101361
0.00110434
0.00119799
0.00129372
0.00138915
0.00148204
0.00157085
0.00165488
0.00173409
0.00180888
0.00187992
0.00194794
0.00201365
0.0020777
0.00214062
0.00220284
0.00226469
0.00232644
0.00238825
0.00245024
0.00251246
0.00257489
0.00263747
0.00270009
0.00276259
0.00282477
0.00288633
0.00294705
0.00300667
0.00306493
0.00312152
0.00317614
0.00322847
0.00327821
0.00332508
0.00336883
0.00340923
0.00344606
0.00347914
0.00350831
0.00353347
0.00355453
0.00357145
0.00358426
0.00359302
0.00359783
0.00359888
0.00359638
0.00359063
0.00358198
0.00357081
0.00355757
0.00354275
0.00352686
0.00351045
0.00349404
0.00347816
0.00346328
0.00344985
0.0034382
0.0034286
0.00342119
0.00341599
0.00341288
0.0034116
0.00341178
0.0034129
0.00341435
0.00341542
0.00341533
0.00341325
0.00340832
0.00339967
0.00338643
0.00336776
0.00334285
0.00331096
0.0032714
0.00322357
0.00316695
0.00310115
0.00302591
0.0029411
0.00284681
0.00274335
0.00263132
0.00251162
0.00238564
0.00225511
0.00212253
0.00199055
0.00186336
0.00174296
0.00164125
0.00151914
5.52836e-05
0.000404415
0.00066312
0.00082259
0.00093163
0.0010186
0.00109702
0.00117166
0.00124318
0.001311
0.00137466
0.0014343
0.00149058
0.00154448
0.00159707
0.00164932
0.00170202
0.00175573
0.00181078
0.00186735
0.00192547
0.00198507
0.00204602
0.00210817
0.00217132
0.00223526
0.00229977
0.00236462
0.00242955
0.00249423
0.00255838
0.00262175
0.00268406
0.00274503
0.00280435
0.0028617
0.00291678
0.00296925
0.00301882
0.00306521
0.00310815
0.00314741
0.00318279
0.0032141
0.0032412
0.003264
0.00328242
0.00329646
0.00330615
0.00331159
0.00331293
0.00331039
0.00330425
0.00329484
0.00328258
0.00326792
0.0032514
0.00323358
0.00321505
0.00319644
0.00317837
0.00316143
0.00314619
0.00313314
0.0031227
0.00311516
0.00311071
0.00310937
0.00311101
0.00311534
0.00312195
0.00313022
0.00313947
0.00314885
0.00315748
0.00316436
0.0031685
0.00316888
0.00316447
0.00315431
0.00313746
0.00311304
0.00308028
0.0030385
0.00298713
0.00292576
0.0028541
0.00277211
0.00267994
0.00257802
0.00246713
0.00234843
0.00222359
0.00209478
0.00196497
0.00183744
0.00171688
0.00160619
0.00151638
0.00141727
5.48976e-05
0.000393287
0.000647243
0.00079627
0.000888553
0.000952723
0.001003
0.00104563
0.00108345
0.0011182
0.00115141
0.00118458
0.00121908
0.00125601
0.00129616
0.00133997
0.00138757
0.00143886
0.00149358
0.00155137
0.00161179
0.0016744
0.00173878
0.00180452
0.00187125
0.00193863
0.00200632
0.00207397
0.00214127
0.00220797
0.0022738
0.00233848
0.00240173
0.00246327
0.0025228
0.00258001
0.00263461
0.00268628
0.00273476
0.00277975
0.00282101
0.00285833
0.00289149
0.00292033
0.00294473
0.0029646
0.00297989
0.00299062
0.00299686
0.00299873
0.00299642
0.00299018
0.00298035
0.00296732
0.00295156
0.00293359
0.002914
0.00289343
0.00287256
0.00285206
0.00283263
0.00281494
0.00279962
0.0027872
0.00277815
0.00277281
0.00277136
0.00277384
0.00278011
0.00278987
0.00280264
0.00281777
0.00283446
0.00285181
0.00286879
0.00288433
0.00289728
0.00290649
0.00291084
0.0029092
0.00290053
0.00288386
0.00285832
0.00282317
0.0027778
0.00272176
0.00265483
0.00257698
0.00248848
0.00238991
0.00228227
0.00216699
0.00204613
0.00192232
0.00179906
0.00168033
0.00157127
0.00147544
0.00140229
0.00133139
5.46629e-05
0.000382789
0.000604987
0.000712233
0.000759991
0.000780975
0.000791967
0.000801113
0.000812534
0.000828288
0.000849344
0.000876054
0.00090842
0.000946242
0.000989191
0.00103685
0.00108873
0.00114431
0.00120308
0.00126455
0.00132818
0.00139352
0.00146014
0.00152765
0.00159568
0.00166387
0.00173195
0.00179965
0.00186671
0.00193286
0.00199784
0.00206137
0.00212321
0.00218306
0.00224065
0.00229571
0.00234794
0.00239707
0.00244281
0.00248491
0.00252313
0.00255725
0.00258708
0.00261247
0.0026333
0.00264949
0.00266103
0.00266794
0.00267032
0.00266832
0.00266218
0.00265217
0.00263868
0.00262215
0.0026031
0.0025821
0.00255982
0.00253694
0.00251419
0.00249232
0.00247208
0.00245417
0.00243926
0.00242793
0.00242066
0.00241779
0.00241953
0.0024259
0.00243675
0.00245175
0.0024704
0.00249199
0.00251568
0.00254049
0.00256531
0.00258898
0.00261026
0.00262789
0.00264063
0.00264726
0.00264665
0.00263772
0.00261955
0.00259133
0.00255243
0.00250242
0.00244107
0.00236847
0.002285
0.00219144
0.00208902
0.00197954
0.00186546
0.00174998
0.00163717
0.0015316
0.00143871
0.00136219
0.00130905
0.00126778
5.44875e-05
0.000355169
0.000504113
0.000534046
0.000525237
0.000514001
0.000512772
0.000523419
0.000544327
0.000573187
0.000608008
0.000647355
0.000690293
0.000736249
0.000784874
0.000835934
0.000889211
0.00094452
0.00100168
0.00106051
0.00112073
0.00118209
0.00124437
0.0013073
0.00137065
0.00143418
0.0014976
0.00156065
0.00162308
0.00168461
0.00174498
0.00180392
0.00186116
0.00191642
0.00196943
0.00201991
0.00206757
0.00211214
0.00215334
0.00219093
0.00222464
0.00225428
0.00227965
0.00230061
0.00231703
0.00232886
0.00233608
0.00233875
0.00233699
0.00233096
0.00232094
0.00230725
0.00229031
0.0022706
0.00224868
0.0022252
0.00220085
0.00217636
0.00215252
0.00213009
0.00210986
0.00209255
0.00207883
0.00206929
0.00206438
0.00206444
0.00206965
0.00208001
0.00209537
0.00211537
0.00213948
0.00216699
0.00219702
0.00222856
0.00226046
0.00229148
0.00232033
0.00234568
0.0023662
0.0023806
0.00238764
0.00238622
0.00237532
0.00235411
0.00232195
0.00227842
0.00222337
0.00215697
0.00207977
0.00199277
0.00189752
0.0017962
0.00169177
0.00158799
0.00148944
0.00140108
0.00132814
0.00127361
0.00124127
0.00122622
5.45772e-05
0.000296272
0.000316545
0.000299777
0.000300139
0.000321884
0.000357464
0.00039978
0.000444418
0.000489211
0.000533349
0.000576762
0.000619724
0.000662631
0.000705882
0.000749814
0.000794635
0.000840531
0.000887632
0.000936
0.000985618
0.00103644
0.00108834
0.00114116
0.00119468
0.0012487
0.00130296
0.0013572
0.00141116
0.00146455
0.00151708
0.00156847
0.00161843
0.00166666
0.00171286
0.00175676
0.00179804
0.00183643
0.00187164
0.0019034
0.00193148
0.00195565
0.00197572
0.00199154
0.002003
0.00201004
0.00201267
0.00201095
0.00200503
0.0019951
0.00198146
0.00196449
0.00194463
0.00192241
0.00189844
0.0018734
0.00184802
0.00182307
0.00179933
0.00177761
0.00175865
0.00174316
0.00173177
0.001725
0.00172327
0.00172685
0.00173587
0.0017503
0.00176996
0.0017945
0.00182338
0.00185592
0.00189127
0.00192842
0.00196623
0.00200344
0.00203874
0.00207076
0.00209811
0.00211944
0.00213348
0.00213904
0.00213508
0.00212075
0.00209541
0.00205867
0.00201048
0.00195113
0.00188137
0.00180246
0.0017163
0.00162552
0.00153357
0.00144467
0.00136373
0.00129557
0.00124445
0.00121173
0.00119767
0.00120155
5.5923e-05
0.000172368
0.00017958
0.000221341
0.000277074
0.000334735
0.000388415
0.000436089
0.000478003
0.000515474
0.00054992
0.00058253
0.000614211
0.000645628
0.000677263
0.00070946
0.000742465
0.000776474
0.000811611
0.00084795
0.000885517
0.00092431
0.000964286
0.00100536
0.00104739
0.00109022
0.00113362
0.00117737
0.00122121
0.00126485
0.00130802
0.00135042
0.00139173
0.00143166
0.0014699
0.00150614
0.00154007
0.00157141
0.00159985
0.00162514
0.00164701
0.00166526
0.00167968
0.00169013
0.00169652
0.00169879
0.00169696
0.00169113
0.00168147
0.00166821
0.00165169
0.00163232
0.0016106
0.00158711
0.00156249
0.00153746
0.00151275
0.00148915
0.00146743
0.00144833
0.00143253
0.00142065
0.00141319
0.00141055
0.00141303
0.00142077
0.00143384
0.00145215
0.00147553
0.00150366
0.00153607
0.00157216
0.00161117
0.00165218
0.00169412
0.00173578
0.00177586
0.001813
0.0018458
0.00187286
0.00189286
0.00190459
0.00190699
0.00189918
0.00188054
0.00185076
0.00180987
0.00175832
0.00169709
0.00162775
0.00155255
0.00147455
0.0013976
0.00132617
0.00126498
0.001218
0.00118774
0.00117343
0.00117256
0.00118696
0.000194655
0.000113413
0.000212554
0.000291894
0.000351094
0.000395431
0.000430163
0.00045917
0.000484981
0.00050912
0.000532449
0.000555498
0.000578616
0.00060204
0.000625923
0.000650367
0.000675441
0.000701216
0.00072777
0.000755184
0.000783527
0.000812847
0.000843157
0.000874433
0.000906606
0.000939564
0.00097316
0.00100721
0.00104151
0.00107582
0.00110988
0.00114342
0.00117617
0.00120781
0.00123806
0.00126661
0.00129315
0.00131741
0.00133909
0.00135794
0.00137372
0.00138621
0.00139523
0.00140067
0.00140244
0.00140052
0.00139496
0.0013859
0.00137355
0.0013582
0.00134024
0.00132014
0.00129846
0.00127582
0.0012529
0.00123043
0.00120913
0.00118974
0.00117293
0.0011593
0.00114936
0.0011435
0.00114201
0.00114507
0.00115275
0.00116507
0.00118198
0.00120339
0.00122916
0.00125907
0.00129283
0.00133003
0.00137009
0.00141227
0.00145568
0.00149924
0.00154171
0.00158177
0.00161804
0.00164912
0.00167364
0.00169037
0.00169822
0.00169632
0.00168408
0.00166124
0.00162795
0.00158484
0.00153312
0.00147465
0.00141204
0.00134862
0.00128843
0.00123571
0.00119439
0.00116689
0.00115367
0.00115221
0.00115873
0.00117686
)
;

boundaryField
{
    outlet
    {
        type            calculated;
        value           nonuniform List<scalar> 
55
(
0.00116853
0.00116046
0.00115122
0.00114097
0.00113013
0.0011192
0.00110865
0.00109883
0.00108996
0.00108212
0.00107528
0.00106931
0.00106406
0.00105936
0.00105503
0.00105091
0.00104685
0.00104273
0.00103843
0.00103388
0.001029
0.00102375
0.00101809
0.00101197
0.00100522
0.000997366
0.000987105
0.000971471
0.000944339
0.000894706
0.000807843
0.000681686
0.000565241
0.000535356
0.000593679
0.000674261
0.000718696
0.000683792
0.000516524
0.000135165
0.000223201
0.0010246
0.00151819
0.00171752
0.00175805
0.00171292
0.00162413
0.00151914
0.00141727
0.00133139
0.00126778
0.00122622
0.00120155
0.00118696
0.00117686
)
;
    }
    inlet
    {
        type            calculated;
        value           uniform 0.00101695;
    }
    lowerWall
    {
        type            nutkWallFunction;
        Cmu             0.09;
        kappa           0.41;
        E               9.8;
        value           nonuniform List<scalar> 
148
(
0
0
0
0
0
0
0
0
0
0
0
0
0
0
0
0
0
0
0
0
0
0
0
0
0
0
0
0
0
0
0
0
0
0
0
2.01151e-09
3.29149e-07
8.49633e-07
1.16695e-06
1.32056e-06
1.34647e-06
1.32601e-06
1.26304e-06
1.22467e-06
1.19586e-06
1.21025e-06
1.42951e-06
0
0
4.56757e-06
4.45269e-06
4.1295e-06
3.67228e-06
3.13684e-06
3.08012e-06
5.18396e-06
8.3e-06
1.09637e-05
1.32068e-05
1.51463e-05
1.68538e-05
1.83764e-05
1.97483e-05
2.09953e-05
2.21379e-05
2.31933e-05
2.41762e-05
2.50993e-05
2.59734e-05
2.6808e-05
2.76104e-05
2.83867e-05
2.91413e-05
2.98772e-05
3.05963e-05
3.12996e-05
3.19872e-05
3.26586e-05
3.33126e-05
3.3948e-05
3.45633e-05
3.51573e-05
3.57294e-05
3.62801e-05
3.68114e-05
3.73256e-05
3.78156e-05
3.8281e-05
3.8721e-05
3.91346e-05
3.95205e-05
3.98772e-05
4.02033e-05
4.04972e-05
4.07576e-05
4.09831e-05
4.11722e-05
4.13237e-05
4.14365e-05
4.15096e-05
4.1542e-05
4.1533e-05
4.14822e-05
4.13892e-05
4.12542e-05
4.10773e-05
4.08593e-05
4.06012e-05
4.03047e-05
3.99734e-05
3.96175e-05
3.92718e-05
3.9033e-05
3.88274e-05
3.86053e-05
3.83602e-05
3.80932e-05
3.78066e-05
3.75031e-05
3.71851e-05
3.68552e-05
3.65158e-05
3.61692e-05
3.58171e-05
3.54614e-05
3.51033e-05
3.47438e-05
3.43833e-05
3.40221e-05
3.366e-05
3.32963e-05
3.29301e-05
3.25601e-05
3.2185e-05
3.18029e-05
3.14121e-05
3.10108e-05
3.05972e-05
3.01696e-05
2.97266e-05
2.92677e-05
2.87923e-05
2.83018e-05
2.77976e-05
2.72855e-05
2.67593e-05
2.63007e-05
2.55194e-05
)
;
    }
    upperWall
    {
        type            nutkWallFunction;
        Cmu             0.09;
        kappa           0.41;
        E               9.8;
        value           nonuniform List<scalar> 
133
(
1.19999e-05
1.24864e-05
1.29535e-05
1.33991e-05
1.38234e-05
1.42272e-05
1.46114e-05
1.49769e-05
1.53243e-05
1.56544e-05
1.59679e-05
1.62656e-05
1.65481e-05
1.68161e-05
1.70703e-05
1.73112e-05
1.75396e-05
1.7756e-05
1.79609e-05
1.8155e-05
1.83388e-05
1.85128e-05
1.86775e-05
1.88333e-05
1.89808e-05
1.91203e-05
1.92522e-05
1.93771e-05
1.94951e-05
1.96068e-05
1.97124e-05
1.98122e-05
1.99067e-05
2.00103e-05
2.01234e-05
2.02324e-05
2.03373e-05
2.04378e-05
2.05339e-05
2.06255e-05
2.07126e-05
2.0795e-05
2.08728e-05
2.09457e-05
2.10138e-05
2.1077e-05
2.11352e-05
2.11882e-05
2.12361e-05
2.12788e-05
2.13161e-05
2.13479e-05
2.13742e-05
2.13948e-05
2.14097e-05
2.14187e-05
2.14217e-05
2.14186e-05
2.14091e-05
2.13932e-05
2.13706e-05
2.13413e-05
2.1305e-05
2.12615e-05
2.12106e-05
2.11521e-05
2.10857e-05
2.10113e-05
2.09286e-05
2.08374e-05
2.07374e-05
2.06284e-05
2.05102e-05
2.03827e-05
2.02456e-05
2.00989e-05
1.99425e-05
1.97763e-05
1.96004e-05
1.94151e-05
1.92205e-05
1.90171e-05
1.88054e-05
1.85862e-05
1.83603e-05
1.81288e-05
1.78932e-05
1.76549e-05
1.74158e-05
1.71779e-05
1.69434e-05
1.67149e-05
1.64948e-05
1.62859e-05
1.60909e-05
1.59124e-05
1.5753e-05
1.5615e-05
1.55004e-05
1.54108e-05
1.53475e-05
1.53111e-05
1.53014e-05
1.53179e-05
1.53587e-05
1.54211e-05
1.55013e-05
1.55941e-05
1.5693e-05
1.57909e-05
1.58798e-05
1.59522e-05
1.60013e-05
1.60219e-05
1.6011e-05
1.59678e-05
1.58939e-05
1.57924e-05
1.56679e-05
1.55252e-05
1.53692e-05
1.52039e-05
1.50326e-05
1.4858e-05
1.4682e-05
1.45066e-05
1.43335e-05
1.41662e-05
1.40047e-05
1.38561e-05
1.37071e-05
1.3597e-05
1.33924e-05
)
;
    }
    frontAndBack
    {
        type            empty;
    }
}


// ************************************************************************* //
