/*--------------------------------*- C++ -*----------------------------------*\
  =========                 |
  \\      /  F ield         | OpenFOAM: The Open Source CFD Toolbox
   \\    /   O peration     | Website:  https://openfoam.org
    \\  /    A nd           | Version:  10
     \\/     M anipulation  |
\*---------------------------------------------------------------------------*/
FoamFile
{
    format      ascii;
    class       volScalarField;
    location    "0.05";
    object      nut;
}
// * * * * * * * * * * * * * * * * * * * * * * * * * * * * * * * * * * * * * //

dimensions      [0 2 -1 0 0 0 0];

internalField   nonuniform List<scalar> 
6820
(
0.000503209
0.000397071
0.000324495
0.000269331
0.000236436
0.000214018
0.000197363
0.000184604
0.000174278
0.000165591
0.000158095
0.000151497
0.000145601
0.00014027
0.000135404
0.000130927
0.000126782
0.000122923
0.000119315
0.000115931
0.000112746
0.000109743
0.000106905
0.000104219
0.000101672
9.92569e-05
9.69646e-05
9.47907e-05
9.27051e-05
9.07554e-05
8.87972e-05
8.70587e-05
8.46845e-05
8.18518e-05
0.000143726
0.00019642
0.000210838
0.000206411
0.000197549
0.000187284
0.000177374
0.000168407
0.000160368
0.000153155
0.000146651
0.000140746
0.000135352
0.000130396
0.000125819
0.000121571
0.000117611
0.000113905
0.000110422
0.00010714
0.000104036
0.000101093
9.82958e-05
9.56329e-05
9.30913e-05
9.06621e-05
8.83388e-05
8.61308e-05
8.40032e-05
8.20948e-05
8.01586e-05
7.95202e-05
3.85904e-05
2.73934e-05
4.30503e-05
7.44744e-05
9.58909e-05
0.000109263
0.000116522
0.000119833
0.000120773
0.000120245
0.000118808
0.000116812
0.000114478
0.00011195
0.000109321
0.000106652
0.000103983
0.000101341
9.87437e-05
9.62022e-05
9.37231e-05
9.13101e-05
8.89648e-05
8.66874e-05
8.44775e-05
8.23348e-05
8.02576e-05
7.82474e-05
7.63065e-05
7.44458e-05
7.26739e-05
7.10195e-05
6.95888e-05
1.99677e-05
2.35287e-05
2.20697e-05
1.27854e-05
2.91769e-06
1.2439e-05
2.29756e-05
3.16499e-05
3.86451e-05
4.42131e-05
4.85942e-05
5.20016e-05
5.46078e-05
5.65504e-05
5.79485e-05
5.88995e-05
5.9483e-05
5.97643e-05
5.97971e-05
5.96255e-05
5.92856e-05
5.88072e-05
5.82149e-05
5.75292e-05
5.67671e-05
5.59432e-05
5.50707e-05
5.41611e-05
5.32273e-05
5.22821e-05
5.13419e-05
5.04197e-05
4.95313e-05
1.32447e-05
1.50842e-05
1.9934e-05
2.2028e-05
2.14743e-05
1.95266e-05
1.68928e-05
1.39392e-05
1.08819e-05
7.84938e-06
4.92611e-06
2.19007e-06
7.54349e-07
2.92072e-06
5.06158e-06
7.005e-06
8.74675e-06
1.02943e-05
1.16584e-05
1.28514e-05
1.38857e-05
1.47737e-05
1.55273e-05
1.61576e-05
1.66753e-05
1.70905e-05
1.74126e-05
1.7651e-05
1.78145e-05
1.79129e-05
1.79483e-05
1.79275e-05
1.78044e-05
1.01909e-05
1.10249e-05
1.18525e-05
1.26541e-05
1.32908e-05
1.38355e-05
1.42332e-05
1.44493e-05
1.44957e-05
1.43938e-05
1.41651e-05
1.38324e-05
1.34166e-05
1.29323e-05
1.23986e-05
1.18313e-05
1.12442e-05
1.0649e-05
1.00552e-05
9.47057e-06
8.9013e-06
8.35219e-06
7.82686e-06
7.32803e-06
6.85752e-06
6.41669e-06
6.00603e-06
5.62696e-06
5.27855e-06
4.96843e-06
4.69405e-06
4.50119e-06
4.37065e-06
7.53501e-06
8.25746e-06
8.68519e-06
8.92129e-06
8.81962e-06
8.61857e-06
8.46165e-06
8.37995e-06
8.36678e-06
8.39749e-06
8.44503e-06
8.49068e-06
8.52507e-06
8.54597e-06
8.5501e-06
8.53613e-06
8.50429e-06
8.45558e-06
8.39142e-06
8.31343e-06
8.22333e-06
8.12284e-06
8.01361e-06
7.89725e-06
7.7752e-06
7.64906e-06
7.52022e-06
7.39134e-06
7.26428e-06
7.14791e-06
7.04536e-06
6.99257e-06
6.99034e-06
5.75197e-06
6.61989e-06
7.02118e-06
7.13452e-06
6.88405e-06
6.52475e-06
6.19778e-06
5.92767e-06
5.71293e-06
5.54441e-06
5.41008e-06
5.30032e-06
5.20806e-06
5.12809e-06
5.05704e-06
4.99258e-06
4.93279e-06
4.87612e-06
4.82138e-06
4.76772e-06
4.71454e-06
4.66147e-06
4.60831e-06
4.55504e-06
4.50179e-06
4.44905e-06
4.39755e-06
4.34934e-06
4.30662e-06
4.27668e-06
4.26487e-06
4.29407e-06
4.36939e-06
4.47734e-06
5.25793e-06
5.56026e-06
5.71572e-06
5.63532e-06
5.4292e-06
5.1881e-06
4.94647e-06
4.72372e-06
4.52781e-06
4.35716e-06
4.20749e-06
4.0749e-06
3.95624e-06
3.84897e-06
3.75105e-06
3.66094e-06
3.57748e-06
3.49981e-06
3.4273e-06
3.35947e-06
3.29599e-06
3.23662e-06
3.18134e-06
3.13025e-06
3.08384e-06
3.04296e-06
3.00947e-06
2.98574e-06
2.97712e-06
2.98812e-06
3.02976e-06
3.10906e-06
3.54772e-06
4.24862e-06
4.53596e-06
4.70171e-06
4.66947e-06
4.51064e-06
4.31312e-06
4.11578e-06
3.93521e-06
3.77613e-06
3.63607e-06
3.51129e-06
3.39886e-06
3.29651e-06
3.20249e-06
3.11561e-06
3.03499e-06
2.95999e-06
2.89008e-06
2.82486e-06
2.76402e-06
2.70738e-06
2.65486e-06
2.60652e-06
2.56262e-06
2.52371e-06
2.49067e-06
2.46509e-06
2.44895e-06
2.44566e-06
2.45846e-06
2.49163e-06
2.55167e-06
2.8568e-06
3.47148e-06
3.74018e-06
3.894e-06
3.89754e-06
3.79567e-06
3.65264e-06
3.49877e-06
3.34867e-06
3.20964e-06
3.08334e-06
2.96914e-06
2.86589e-06
2.77229e-06
2.68707e-06
2.60918e-06
2.53769e-06
2.47185e-06
2.41106e-06
2.35487e-06
2.30293e-06
2.25503e-06
2.21107e-06
2.1711e-06
2.13531e-06
2.10415e-06
2.07832e-06
2.05892e-06
2.0473e-06
2.04526e-06
2.05466e-06
2.07556e-06
2.1135e-06
2.32985e-06
2.864e-06
3.1301e-06
3.28846e-06
3.32418e-06
3.26098e-06
3.14835e-06
3.01696e-06
2.88403e-06
2.7588e-06
2.64431e-06
2.54058e-06
2.4468e-06
2.36185e-06
2.28463e-06
2.21417e-06
2.14968e-06
2.09052e-06
2.03617e-06
1.98622e-06
1.94037e-06
1.89839e-06
1.86015e-06
1.82564e-06
1.79497e-06
1.76839e-06
1.74633e-06
1.72935e-06
1.71815e-06
1.71325e-06
1.71539e-06
1.72256e-06
1.73934e-06
1.91822e-06
2.38406e-06
2.65103e-06
2.81249e-06
2.86811e-06
2.83478e-06
2.75189e-06
2.64712e-06
2.53617e-06
2.4277e-06
2.32546e-06
2.23067e-06
2.14356e-06
2.06386e-06
1.99103e-06
1.92452e-06
1.86375e-06
1.80821e-06
1.75743e-06
1.711e-06
1.66859e-06
1.62993e-06
1.59483e-06
1.56317e-06
1.53492e-06
1.51011e-06
1.48885e-06
1.47122e-06
1.45732e-06
1.44684e-06
1.43973e-06
1.4331e-06
1.43052e-06
1.58915e-06
1.99963e-06
2.26894e-06
2.43747e-06
2.51168e-06
2.50458e-06
2.44638e-06
2.36169e-06
2.26595e-06
2.16861e-06
2.07466e-06
1.98639e-06
1.9047e-06
1.8297e-06
1.76109e-06
1.69843e-06
1.64122e-06
1.58896e-06
1.54123e-06
1.4976e-06
1.45775e-06
1.42136e-06
1.38818e-06
1.35799e-06
1.33063e-06
1.30591e-06
1.28365e-06
1.26358e-06
1.24535e-06
1.22814e-06
1.21142e-06
1.19214e-06
1.17298e-06
1.32018e-06
1.68833e-06
1.96065e-06
2.13768e-06
2.22677e-06
2.23993e-06
2.20177e-06
2.13469e-06
2.05371e-06
1.9682e-06
1.88349e-06
1.80232e-06
1.72603e-06
1.65513e-06
1.58967e-06
1.52947e-06
1.47421e-06
1.42356e-06
1.37715e-06
1.33461e-06
1.2956e-06
1.25978e-06
1.22685e-06
1.19647e-06
1.16835e-06
1.14212e-06
1.11739e-06
1.0936e-06
1.07011e-06
1.04583e-06
1.01996e-06
9.89669e-07
9.56744e-07
1.0957e-06
1.43357e-06
1.70934e-06
1.89576e-06
1.99839e-06
2.02928e-06
2.00898e-06
1.95746e-06
1.88899e-06
1.81294e-06
1.73509e-06
1.65884e-06
1.58609e-06
1.51778e-06
1.45427e-06
1.39558e-06
1.34151e-06
1.2918e-06
1.2461e-06
1.20404e-06
1.16527e-06
1.12941e-06
1.09607e-06
1.06487e-06
1.03536e-06
1.00707e-06
9.7942e-07
9.51708e-07
9.2312e-07
8.92466e-07
8.5882e-07
8.19694e-07
7.76106e-07
9.04588e-07
1.22326e-06
1.50338e-06
1.69948e-06
1.81439e-06
1.86029e-06
1.85507e-06
1.81679e-06
1.7592e-06
1.69167e-06
1.6203e-06
1.54887e-06
1.4796e-06
1.41373e-06
1.35185e-06
1.29414e-06
1.24056e-06
1.19093e-06
1.14499e-06
1.10241e-06
1.06283e-06
1.02589e-06
9.91157e-07
9.58194e-07
9.26502e-07
8.95515e-07
8.64581e-07
8.32915e-07
7.99645e-07
7.63604e-07
7.23835e-07
6.78278e-07
6.27225e-07
7.38892e-07
1.04873e-06
1.33442e-06
1.54008e-06
1.66633e-06
1.72549e-06
1.73367e-06
1.70733e-06
1.65955e-06
1.59962e-06
1.5338e-06
1.46622e-06
1.39947e-06
1.3351e-06
1.27396e-06
1.21644e-06
1.16266e-06
1.11252e-06
1.06582e-06
1.02228e-06
9.81539e-07
9.43224e-07
9.069e-07
8.7209e-07
8.38264e-07
8.04822e-07
7.71092e-07
7.3629e-07
6.99569e-07
6.59877e-07
6.16325e-07
5.67307e-07
5.12667e-07
5.93019e-07
9.04055e-07
1.1967e-06
1.41152e-06
1.54823e-06
1.61909e-06
1.639e-06
1.62307e-06
1.5838e-06
1.53037e-06
1.46925e-06
1.40484e-06
1.34003e-06
1.27663e-06
1.21571e-06
1.15784e-06
1.10325e-06
1.05197e-06
1.00386e-06
9.58689e-07
9.16162e-07
8.75913e-07
8.37534e-07
8.00563e-07
7.6449e-07
7.28744e-07
6.927e-07
6.55659e-07
6.16891e-07
5.75557e-07
5.30963e-07
4.82093e-07
4.28705e-07
4.63548e-07
7.85781e-07
1.08647e-06
1.30974e-06
1.456e-06
1.53732e-06
1.56773e-06
1.56124e-06
1.52978e-06
1.48243e-06
1.42574e-06
1.36434e-06
1.30134e-06
1.23881e-06
1.17801e-06
1.11969e-06
1.06423e-06
1.01175e-06
9.62212e-07
9.15453e-07
8.71222e-07
8.29206e-07
7.89039e-07
7.50311e-07
7.12568e-07
6.75322e-07
6.38055e-07
6.00224e-07
5.61306e-07
5.20778e-07
4.78317e-07
4.33622e-07
3.87034e-07
3.49968e-07
6.92803e-07
1.00154e-06
1.23217e-06
1.38686e-06
1.47735e-06
1.51687e-06
1.5185e-06
1.49361e-06
1.45113e-06
1.39771e-06
1.33815e-06
1.27583e-06
1.21305e-06
1.1513e-06
1.09151e-06
1.03421e-06
9.79657e-07
9.27899e-07
8.78863e-07
8.32377e-07
7.88197e-07
7.46033e-07
7.05553e-07
6.66403e-07
6.28212e-07
5.90616e-07
5.53276e-07
5.15928e-07
4.78413e-07
4.40833e-07
4.03594e-07
3.67611e-07
2.57824e-07
6.26312e-07
9.4117e-07
1.17761e-06
1.33962e-06
1.43835e-06
1.48625e-06
1.49558e-06
1.47721e-06
1.43989e-06
1.39028e-06
1.33332e-06
1.27257e-06
1.21047e-06
1.1487e-06
1.08832e-06
1.03001e-06
9.74126e-07
9.2084e-07
8.70169e-07
8.22036e-07
7.76298e-07
7.32763e-07
6.91218e-07
6.51438e-07
6.13212e-07
5.76363e-07
5.4078e-07
5.06473e-07
4.73612e-07
4.4265e-07
4.14377e-07
3.89955e-07
2.0624e-07
5.89175e-07
9.05471e-07
1.14543e-06
1.31306e-06
1.41836e-06
1.4728e-06
1.48786e-06
1.47391e-06
1.43953e-06
1.39146e-06
1.33481e-06
1.27334e-06
1.20976e-06
1.14593e-06
1.08313e-06
1.02217e-06
9.63567e-07
9.07587e-07
8.54354e-07
8.03885e-07
7.56125e-07
7.10981e-07
6.68343e-07
6.28106e-07
5.90189e-07
5.54565e-07
5.21288e-07
4.90533e-07
4.62629e-07
4.38113e-07
4.1777e-07
4.02454e-07
2.22481e-07
5.84726e-07
8.9566e-07
1.13682e-06
1.30915e-06
1.42089e-06
1.48242e-06
1.50439e-06
1.49663e-06
1.46742e-06
1.42339e-06
1.36967e-06
1.3101e-06
1.24749e-06
1.18385e-06
1.12059e-06
1.05868e-06
9.9876e-07
9.41239e-07
8.86367e-07
8.34282e-07
7.85055e-07
7.38715e-07
6.95277e-07
6.54761e-07
6.17214e-07
5.82726e-07
5.51456e-07
5.23642e-07
4.99619e-07
4.79818e-07
4.64775e-07
4.54914e-07
2.99578e-07
6.14567e-07
9.12455e-07
1.15125e-06
1.32529e-06
1.44008e-06
1.50464e-06
1.52888e-06
1.52227e-06
1.49305e-06
1.44799e-06
1.39241e-06
1.33038e-06
1.26493e-06
1.19823e-06
1.13184e-06
1.06684e-06
1.00396e-06
9.43678e-07
8.86311e-07
8.3206e-07
7.81051e-07
7.33374e-07
6.89102e-07
6.48311e-07
6.11097e-07
5.77581e-07
5.47925e-07
5.22329e-07
5.01031e-07
4.84286e-07
4.72401e-07
4.65418e-07
4.11511e-07
6.78446e-07
9.58681e-07
1.19431e-06
1.37163e-06
1.49292e-06
1.56549e-06
1.59806e-06
1.59925e-06
1.57674e-06
1.53699e-06
1.48523e-06
1.42559e-06
1.36122e-06
1.29449e-06
1.22718e-06
1.16056e-06
1.09557e-06
1.03286e-06
9.72914e-07
9.16053e-07
8.62519e-07
8.12494e-07
7.66121e-07
7.23528e-07
6.84834e-07
6.5016e-07
6.19628e-07
5.93359e-07
5.71467e-07
5.54032e-07
5.41164e-07
5.32616e-07
5.46507e-07
7.74357e-07
1.03314e-06
1.26008e-06
1.43312e-06
1.55106e-06
1.62003e-06
1.64852e-06
1.64532e-06
1.61835e-06
1.5743e-06
1.51854e-06
1.45524e-06
1.38758e-06
1.3179e-06
1.24793e-06
1.17891e-06
1.11174e-06
1.04706e-06
9.85308e-07
9.26824e-07
8.71844e-07
8.2055e-07
7.73082e-07
7.29555e-07
6.90067e-07
6.54697e-07
6.2351e-07
5.96549e-07
5.73841e-07
5.5536e-07
5.41153e-07
5.30747e-07
7.03078e-07
9.03138e-07
1.14492e-06
1.37076e-06
1.55211e-06
1.68323e-06
1.76702e-06
1.80969e-06
1.81853e-06
1.80069e-06
1.76266e-06
1.71001e-06
1.64732e-06
1.57823e-06
1.50559e-06
1.43154e-06
1.35771e-06
1.28527e-06
1.21507e-06
1.14774e-06
1.08368e-06
1.02321e-06
9.6652e-07
9.13754e-07
8.64999e-07
8.20308e-07
7.79703e-07
7.43176e-07
7.10694e-07
6.82194e-07
6.5756e-07
6.36767e-07
6.19172e-07
8.84776e-07
1.06448e-06
1.28331e-06
1.49034e-06
1.65331e-06
1.76593e-06
1.83251e-06
1.86075e-06
1.85867e-06
1.8334e-06
1.79094e-06
1.73616e-06
1.67293e-06
1.60426e-06
1.53248e-06
1.45939e-06
1.38637e-06
1.31446e-06
1.24446e-06
1.17695e-06
1.11238e-06
1.05105e-06
9.93195e-07
9.38955e-07
8.88416e-07
8.41617e-07
7.98556e-07
7.592e-07
7.23488e-07
6.91345e-07
6.62638e-07
6.37421e-07
6.14795e-07
1.09788e-06
1.26896e-06
1.48746e-06
1.71562e-06
1.91285e-06
2.06189e-06
2.15966e-06
2.21049e-06
2.2217e-06
2.20138e-06
2.15726e-06
2.09605e-06
2.02324e-06
1.94316e-06
1.85911e-06
1.77352e-06
1.68817e-06
1.60432e-06
1.52283e-06
1.44429e-06
1.3691e-06
1.29749e-06
1.22959e-06
1.16546e-06
1.1051e-06
1.04847e-06
9.95499e-07
9.46083e-07
9.00111e-07
8.57444e-07
8.17903e-07
7.81466e-07
7.4717e-07
1.35361e-06
1.51355e-06
1.69125e-06
1.86246e-06
1.99964e-06
2.09777e-06
2.16057e-06
2.1932e-06
2.20013e-06
2.18523e-06
2.1522e-06
2.10453e-06
2.04547e-06
1.97796e-06
1.90459e-06
1.82757e-06
1.74872e-06
1.66951e-06
1.59108e-06
1.51431e-06
1.43981e-06
1.36802e-06
1.2992e-06
1.23352e-06
1.17102e-06
1.11171e-06
1.05551e-06
1.00236e-06
9.52141e-07
9.04772e-07
8.601e-07
8.18302e-07
7.77946e-07
1.66432e-06
1.84515e-06
2.08681e-06
2.36678e-06
2.61243e-06
2.78688e-06
2.88786e-06
2.92701e-06
2.91826e-06
2.87456e-06
2.80675e-06
2.72315e-06
2.62977e-06
2.53088e-06
2.42939e-06
2.3273e-06
2.22597e-06
2.12632e-06
2.02897e-06
1.93437e-06
1.84278e-06
1.75438e-06
1.66928e-06
1.58749e-06
1.50899e-06
1.43373e-06
1.36161e-06
1.29255e-06
1.22643e-06
1.16313e-06
1.10253e-06
1.04467e-06
9.8838e-07
2.06042e-06
2.19924e-06
2.27933e-06
2.36389e-06
2.46237e-06
2.56678e-06
2.66447e-06
2.74334e-06
2.79487e-06
2.81571e-06
2.80691e-06
2.77215e-06
2.7162e-06
2.644e-06
2.5601e-06
2.46837e-06
2.37195e-06
2.27327e-06
2.17416e-06
2.07594e-06
1.97952e-06
1.8855e-06
1.79424e-06
1.70591e-06
1.62058e-06
1.5382e-06
1.45869e-06
1.38198e-06
1.30798e-06
1.2367e-06
1.16809e-06
1.10266e-06
1.03846e-06
2.56184e-06
2.87369e-06
3.29971e-06
3.72709e-06
4.01215e-06
4.14316e-06
4.1666e-06
4.12298e-06
4.03853e-06
3.93027e-06
3.80824e-06
3.67786e-06
3.54219e-06
3.40323e-06
3.26255e-06
3.12148e-06
2.98131e-06
2.84318e-06
2.70807e-06
2.57679e-06
2.44994e-06
2.3279e-06
2.21091e-06
2.099e-06
1.9921e-06
1.89004e-06
1.79257e-06
1.69942e-06
1.61036e-06
1.5252e-06
1.44382e-06
1.36659e-06
1.29216e-06
3.26584e-06
3.18071e-06
2.91734e-06
2.88499e-06
3.08233e-06
3.36253e-06
3.61925e-06
3.80489e-06
3.90919e-06
3.94352e-06
3.92749e-06
3.88028e-06
3.81733e-06
3.74957e-06
3.68378e-06
3.62346e-06
3.5698e-06
3.52261e-06
3.48095e-06
3.4436e-06
3.40932e-06
3.37698e-06
3.34563e-06
3.31448e-06
3.28291e-06
3.25041e-06
3.21659e-06
3.18117e-06
3.14402e-06
3.10523e-06
3.06507e-06
3.02538e-06
2.98369e-06
4.30269e-06
5.53687e-06
6.30066e-06
6.55367e-06
6.45793e-06
6.24568e-06
6.10664e-06
6.12366e-06
6.30291e-06
6.60562e-06
6.97846e-06
7.37445e-06
7.75945e-06
8.11155e-06
8.41858e-06
8.67532e-06
8.88116e-06
9.03822e-06
9.1502e-06
9.2215e-06
9.25676e-06
9.26049e-06
9.23689e-06
9.18975e-06
9.12235e-06
9.0375e-06
8.93752e-06
8.82416e-06
8.69904e-06
8.56285e-06
8.41757e-06
8.26424e-06
8.10556e-06
5.62942e-06
3.57747e-06
2.76624e-06
4.63324e-06
7.35282e-06
9.9201e-06
1.20999e-05
1.38281e-05
1.51172e-05
1.60095e-05
1.65524e-05
1.6795e-05
1.67856e-05
1.65698e-05
1.61892e-05
1.56803e-05
1.50751e-05
1.44008e-05
1.36798e-05
1.29306e-05
1.21678e-05
1.1403e-05
1.06449e-05
9.90001e-06
9.17278e-06
8.46611e-06
7.78158e-06
7.11912e-06
6.4786e-06
5.85602e-06
5.25388e-06
4.658e-06
4.08842e-06
1.14362e-05
1.65135e-05
1.8278e-05
1.97857e-05
2.02513e-05
1.94972e-05
1.77457e-05
1.52715e-05
1.24303e-05
9.76302e-06
8.16031e-06
8.55557e-06
1.06798e-05
1.35648e-05
1.66224e-05
1.95967e-05
2.23783e-05
2.49216e-05
2.72119e-05
2.92511e-05
3.10493e-05
3.26217e-05
3.39854e-05
3.5158e-05
3.61574e-05
3.70004e-05
3.77033e-05
3.82815e-05
3.87508e-05
3.91269e-05
3.94305e-05
3.9681e-05
3.99292e-05
2.48809e-05
2.86538e-05
3.90023e-05
5.34407e-05
6.77003e-05
8.16179e-05
9.44582e-05
0.000105616
0.000115045
0.000122823
0.000129056
0.000133901
0.000137528
0.0001401
0.000141771
0.000142679
0.000142948
0.000142685
0.000141981
0.000140918
0.000139561
0.000137968
0.000136186
0.000134256
0.000132209
0.000130074
0.000127872
0.000125619
0.000123333
0.000121016
0.000118687
0.000116351
0.000114227
0.000543317
0.000510567
0.000491584
0.000467878
0.000443836
0.000421478
0.000399963
0.00037936
0.000359936
0.000341711
0.000324671
0.000308802
0.000294059
0.00028038
0.000267694
0.000255927
0.000245004
0.000234851
0.000225399
0.000216581
0.000208337
0.000200612
0.000193356
0.000186522
0.000180071
0.000173965
0.00016817
0.000162658
0.000157384
0.000152351
0.00014739
0.00014307
0.000139072
7.66765e-05
6.3937e-05
5.52149e-05
5.50298e-05
6.16281e-05
7.13856e-05
8.20016e-05
9.2315e-05
9.96638e-05
0.000100629
8.12211e-05
6.2207e-05
5.63695e-05
4.96815e-05
4.19689e-05
3.55612e-05
3.10589e-05
2.82153e-05
2.61888e-05
2.39701e-05
2.09011e-05
1.67093e-05
1.19014e-05
6.81131e-06
2.37983e-06
1.08326e-05
1.44886e-05
1.04653e-05
1.1945e-05
1.49609e-05
2.15961e-05
2.78477e-05
2.83416e-05
2.51958e-05
2.17387e-05
1.90471e-05
1.69254e-05
1.51276e-05
1.3556e-05
1.21718e-05
1.0946e-05
9.85316e-06
8.87415e-06
7.99525e-06
7.20529e-06
6.49419e-06
5.8527e-06
5.27254e-06
4.74649e-06
4.26836e-06
3.83293e-06
3.43602e-06
3.07447e-06
2.74589e-06
2.44773e-06
2.17634e-06
1.92705e-06
1.69612e-06
1.48388e-06
1.29623e-06
1.14171e-06
1.02494e-06
9.41845e-07
8.81665e-07
8.32792e-07
7.86597e-07
7.38528e-07
6.88187e-07
6.38347e-07
5.92543e-07
5.5252e-07
5.17191e-07
4.83594e-07
4.48894e-07
4.1198e-07
3.73774e-07
3.36383e-07
3.01898e-07
2.71564e-07
2.45592e-07
2.23508e-07
2.04644e-07
1.88324e-07
1.74306e-07
1.6247e-07
1.52366e-07
1.43875e-07
1.3679e-07
1.30898e-07
1.26005e-07
1.21987e-07
1.18699e-07
1.16171e-07
1.14123e-07
1.12968e-07
1.11703e-07
1.11987e-07
1.10825e-07
1.12625e-07
1.09679e-07
0.000101925
9.13352e-05
8.15336e-05
7.74705e-05
7.70659e-05
7.91681e-05
8.33795e-05
8.92872e-05
9.54281e-05
0.000101205
0.000102619
8.18795e-05
5.86062e-05
5.03196e-05
4.40963e-05
3.68023e-05
3.10986e-05
2.75695e-05
2.51858e-05
2.27913e-05
1.9674e-05
1.56638e-05
1.12363e-05
6.03835e-06
8.22257e-06
1.46304e-05
1.14337e-05
8.53083e-06
1.20873e-05
1.68943e-05
2.56452e-05
2.96922e-05
2.80015e-05
2.43581e-05
2.11814e-05
1.87526e-05
1.67731e-05
1.50606e-05
1.35483e-05
1.22044e-05
1.1004e-05
9.92689e-06
8.95794e-06
8.08522e-06
7.29815e-06
6.58706e-06
5.94324e-06
5.359e-06
4.82768e-06
4.34351e-06
3.90157e-06
3.49785e-06
3.12936e-06
2.79387e-06
2.48911e-06
2.21172e-06
1.95717e-06
1.72161e-06
1.50521e-06
1.3139e-06
1.15685e-06
1.03952e-06
9.58027e-07
9.00784e-07
8.54774e-07
8.1017e-07
7.61843e-07
7.09505e-07
6.56547e-07
6.0732e-07
5.64262e-07
5.26634e-07
4.91462e-07
4.55656e-07
4.17802e-07
3.78612e-07
3.40139e-07
3.04533e-07
2.7313e-07
2.4622e-07
2.23367e-07
2.03905e-07
1.87216e-07
1.73011e-07
1.60634e-07
1.50252e-07
1.41528e-07
1.34259e-07
1.28235e-07
1.23251e-07
1.19159e-07
1.15782e-07
1.13102e-07
1.10838e-07
1.09338e-07
1.07702e-07
1.07468e-07
1.05746e-07
1.07188e-07
1.03278e-07
9.18833e-05
8.90275e-05
8.39313e-05
7.9691e-05
7.63798e-05
7.46077e-05
7.53122e-05
7.84539e-05
8.29801e-05
8.76689e-05
9.35158e-05
9.4053e-05
7.6284e-05
5.34667e-05
4.33192e-05
3.86247e-05
3.30038e-05
2.77913e-05
2.40378e-05
2.10862e-05
1.79383e-05
1.42927e-05
1.03391e-05
9.68387e-06
1.47423e-05
1.3172e-05
5.27039e-06
9.27949e-06
1.2443e-05
2.18519e-05
2.96064e-05
3.03562e-05
2.70637e-05
2.34347e-05
2.06459e-05
1.84774e-05
1.66356e-05
1.50034e-05
1.35447e-05
1.22379e-05
1.10627e-05
1.00028e-05
9.04551e-06
8.17983e-06
7.39594e-06
6.68489e-06
6.03867e-06
5.45027e-06
4.91355e-06
4.42318e-06
3.97452e-06
3.5638e-06
3.18819e-06
2.84566e-06
2.53419e-06
2.25065e-06
1.99059e-06
1.75002e-06
1.52876e-06
1.33276e-06
1.17183e-06
1.0525e-06
9.71481e-07
9.16579e-07
8.73417e-07
8.30813e-07
7.82826e-07
7.29071e-07
6.73459e-07
6.21181e-07
5.75451e-07
5.35975e-07
4.99818e-07
4.63649e-07
4.25727e-07
3.86523e-07
3.47994e-07
3.1231e-07
2.80871e-07
2.54009e-07
2.31284e-07
2.11985e-07
1.95462e-07
1.81256e-07
1.68941e-07
1.58687e-07
1.50028e-07
1.42817e-07
1.36868e-07
1.31981e-07
1.28003e-07
1.24763e-07
1.22207e-07
1.20096e-07
1.18637e-07
1.17191e-07
1.16707e-07
1.1546e-07
1.15942e-07
1.12766e-07
6.49062e-05
6.32753e-05
5.9829e-05
5.62183e-05
5.29204e-05
5.0869e-05
5.11721e-05
5.39257e-05
5.84089e-05
6.39282e-05
7.01226e-05
7.82463e-05
8.09931e-05
6.91022e-05
4.96469e-05
3.73416e-05
3.31063e-05
3.00101e-05
2.62767e-05
2.25557e-05
1.92531e-05
1.64546e-05
1.53265e-05
1.65321e-05
1.3752e-05
3.27534e-06
7.01048e-06
8.93314e-06
1.72446e-05
2.81429e-05
3.18855e-05
2.96202e-05
2.57498e-05
2.25705e-05
2.01892e-05
1.82289e-05
1.64951e-05
1.49347e-05
1.35295e-05
1.22616e-05
1.11142e-05
1.00742e-05
9.1304e-06
8.27316e-06
7.49346e-06
6.78319e-06
6.13517e-06
5.54306e-06
5.00129e-06
4.50494e-06
4.04971e-06
3.63204e-06
3.24928e-06
2.89958e-06
2.58117e-06
2.29117e-06
2.02523e-06
1.77924e-06
1.55276e-06
1.35172e-06
1.18662e-06
1.06517e-06
9.84796e-07
9.32781e-07
8.93286e-07
8.53591e-07
8.06725e-07
7.52032e-07
6.93865e-07
6.38277e-07
5.89348e-07
5.47329e-07
5.09393e-07
4.72003e-07
4.33099e-07
3.92908e-07
3.533e-07
3.1649e-07
2.83969e-07
2.56147e-07
2.32614e-07
2.12644e-07
1.95546e-07
1.80888e-07
1.68446e-07
1.57754e-07
1.48825e-07
1.41395e-07
1.35269e-07
1.3025e-07
1.26182e-07
1.22887e-07
1.20311e-07
1.18199e-07
1.16764e-07
1.15339e-07
1.14906e-07
1.13637e-07
1.14298e-07
1.11142e-07
2.34296e-05
2.22321e-05
1.97026e-05
1.72225e-05
1.59489e-05
1.6929e-05
1.98248e-05
2.33183e-05
2.69456e-05
3.15066e-05
3.77579e-05
4.62804e-05
5.69886e-05
6.39738e-05
6.01398e-05
4.74264e-05
3.46872e-05
2.76536e-05
2.47929e-05
2.28841e-05
2.0852e-05
1.87627e-05
1.61471e-05
1.08347e-05
3.85656e-06
8.48829e-06
7.27609e-06
1.28443e-05
2.60996e-05
3.26295e-05
3.17897e-05
2.79757e-05
2.4448e-05
2.18446e-05
1.97838e-05
1.79771e-05
1.63381e-05
1.485e-05
1.35e-05
1.22731e-05
1.11561e-05
1.01382e-05
9.20991e-06
8.36255e-06
7.58815e-06
6.87958e-06
6.23052e-06
5.63531e-06
5.08894e-06
4.58691e-06
4.1253e-06
3.70078e-06
3.31093e-06
2.9541e-06
2.62873e-06
2.33221e-06
2.06031e-06
1.80876e-06
1.5768e-06
1.37028e-06
1.20035e-06
1.07599e-06
9.95619e-07
9.462e-07
9.10488e-07
8.74124e-07
8.2893e-07
7.73805e-07
7.1344e-07
6.54753e-07
6.02763e-07
5.58359e-07
5.18905e-07
4.80692e-07
4.41341e-07
4.00815e-07
3.60861e-07
3.23706e-07
2.90907e-07
2.62927e-07
2.3936e-07
2.19449e-07
2.02464e-07
1.87889e-07
1.7543e-07
1.6472e-07
1.55842e-07
1.48439e-07
1.42329e-07
1.37329e-07
1.33288e-07
1.30032e-07
1.27492e-07
1.25443e-07
1.24018e-07
1.22711e-07
1.22162e-07
1.21233e-07
1.21423e-07
1.18926e-07
6.19373e-06
7.48029e-06
9.02726e-06
1.057e-05
1.19323e-05
1.28093e-05
1.2816e-05
1.17952e-05
1.03191e-05
1.01931e-05
1.36626e-05
1.96247e-05
2.69128e-05
3.61282e-05
4.49602e-05
4.80842e-05
4.39624e-05
3.58354e-05
2.76604e-05
2.12951e-05
1.64749e-05
1.29423e-05
1.14567e-05
1.29408e-05
1.36335e-05
7.35941e-06
9.99717e-06
2.48336e-05
3.30679e-05
3.34333e-05
2.98864e-05
2.61494e-05
2.33676e-05
2.12404e-05
1.93985e-05
1.77123e-05
1.61645e-05
1.47499e-05
1.3457e-05
1.22736e-05
1.11895e-05
1.01959e-05
9.28476e-06
8.44856e-06
7.68056e-06
6.97464e-06
6.32531e-06
5.7276e-06
5.17706e-06
4.66968e-06
4.20188e-06
3.77065e-06
3.37376e-06
3.00976e-06
2.67734e-06
2.37412e-06
2.09602e-06
1.83865e-06
1.60091e-06
1.38857e-06
1.21337e-06
1.08572e-06
1.00519e-06
9.58592e-07
9.27252e-07
8.95023e-07
8.52312e-07
7.97371e-07
7.35115e-07
6.73309e-07
6.17982e-07
5.7076e-07
5.29275e-07
4.89685e-07
4.49303e-07
4.07814e-07
3.66842e-07
3.28626e-07
2.94808e-07
2.65926e-07
2.41605e-07
2.21068e-07
2.0356e-07
1.88547e-07
1.75713e-07
1.64897e-07
1.55739e-07
1.48105e-07
1.41842e-07
1.36727e-07
1.32601e-07
1.29286e-07
1.26708e-07
1.24633e-07
1.232e-07
1.21877e-07
1.21346e-07
1.20354e-07
1.20713e-07
1.18133e-07
9.67505e-06
1.07499e-05
1.18764e-05
1.26776e-05
1.29197e-05
1.24715e-05
1.12992e-05
9.5589e-06
7.71363e-06
6.81308e-06
8.49366e-06
1.27704e-05
1.75055e-05
2.05102e-05
2.27848e-05
2.72482e-05
3.20717e-05
3.39917e-05
3.26287e-05
2.94086e-05
2.59411e-05
2.3255e-05
2.04302e-05
1.4942e-05
4.17944e-06
1.15184e-05
2.59766e-05
3.38945e-05
3.4542e-05
3.12334e-05
2.74865e-05
2.46514e-05
2.25241e-05
2.06955e-05
1.90025e-05
1.74272e-05
1.59735e-05
1.46349e-05
1.34013e-05
1.22637e-05
1.12147e-05
1.02472e-05
9.35465e-06
8.53096e-06
7.77054e-06
7.06827e-06
6.41947e-06
5.81989e-06
5.26563e-06
4.75319e-06
4.2794e-06
3.84156e-06
3.43767e-06
3.06649e-06
2.72693e-06
2.41688e-06
2.13241e-06
1.86899e-06
1.62521e-06
1.40664e-06
1.22561e-06
1.09398e-06
1.01273e-06
9.68726e-07
9.41952e-07
9.14371e-07
8.74782e-07
8.20599e-07
7.56833e-07
6.92073e-07
6.33425e-07
5.83355e-07
5.39854e-07
4.99008e-07
4.57833e-07
4.15732e-07
3.74178e-07
3.35404e-07
3.01115e-07
2.71906e-07
2.47417e-07
2.26841e-07
2.09375e-07
1.94442e-07
1.81673e-07
1.7084e-07
1.61685e-07
1.54129e-07
1.47905e-07
1.42835e-07
1.38759e-07
1.35505e-07
1.32982e-07
1.30984e-07
1.29581e-07
1.28377e-07
1.27767e-07
1.27068e-07
1.27063e-07
1.25033e-07
6.13777e-06
6.88211e-06
7.66004e-06
8.22466e-06
8.43179e-06
8.26109e-06
7.82137e-06
7.36285e-06
7.26951e-06
7.86469e-06
9.17691e-06
1.14574e-05
1.52245e-05
1.96405e-05
2.21835e-05
2.14605e-05
1.9072e-05
1.77103e-05
1.76614e-05
1.7308e-05
1.56871e-05
1.1949e-05
5.97869e-06
8.28576e-06
1.98558e-05
3.00799e-05
3.52285e-05
3.49786e-05
3.1752e-05
2.82386e-05
2.55618e-05
2.35468e-05
2.17971e-05
2.01465e-05
1.85844e-05
1.71249e-05
1.57681e-05
1.45067e-05
1.33339e-05
1.22441e-05
1.12319e-05
1.02921e-05
9.4197e-06
8.6099e-06
7.85826e-06
7.16064e-06
6.51319e-06
5.91234e-06
5.35483e-06
4.83766e-06
4.35808e-06
3.91374e-06
3.50289e-06
3.1245e-06
2.77772e-06
2.46066e-06
2.16957e-06
1.89983e-06
1.64969e-06
1.42451e-06
1.23714e-06
1.10097e-06
1.0186e-06
9.77191e-07
9.55403e-07
9.33196e-07
8.97557e-07
8.44839e-07
7.79999e-07
7.12411e-07
6.50305e-07
5.97086e-07
5.51195e-07
5.08694e-07
4.66319e-07
4.23178e-07
3.80585e-07
3.40757e-07
3.05467e-07
2.75383e-07
2.50172e-07
2.29012e-07
2.11066e-07
1.95726e-07
1.82625e-07
1.71504e-07
1.62203e-07
1.54509e-07
1.48126e-07
1.4297e-07
1.38836e-07
1.35548e-07
1.33011e-07
1.3101e-07
1.29616e-07
1.28417e-07
1.27835e-07
1.27102e-07
1.27245e-07
1.25158e-07
4.38159e-06
4.89072e-06
5.42049e-06
5.82017e-06
6.01356e-06
6.01446e-06
5.93385e-06
5.98725e-06
6.44654e-06
7.47414e-06
9.01021e-06
1.08753e-05
1.31667e-05
1.64198e-05
2.0527e-05
2.39874e-05
2.53452e-05
2.45091e-05
2.25141e-05
2.06481e-05
1.99848e-05
2.13164e-05
2.50338e-05
3.01094e-05
3.42729e-05
3.56803e-05
3.41838e-05
3.11762e-05
2.82304e-05
2.59774e-05
2.42184e-05
2.26264e-05
2.10754e-05
1.95749e-05
1.8151e-05
1.68105e-05
1.55503e-05
1.43663e-05
1.32556e-05
1.2215e-05
1.12413e-05
1.03308e-05
9.48006e-06
8.68552e-06
7.94387e-06
7.25191e-06
6.60662e-06
6.00513e-06
5.44483e-06
4.92324e-06
4.43807e-06
3.98734e-06
3.56957e-06
3.18393e-06
2.82981e-06
2.50557e-06
2.20762e-06
1.9313e-06
1.6745e-06
1.44231e-06
1.24805e-06
1.10665e-06
1.02257e-06
9.83506e-07
9.6691e-07
9.50639e-07
9.19673e-07
8.69094e-07
8.03644e-07
7.33429e-07
6.67858e-07
6.11376e-07
5.62981e-07
5.18782e-07
4.75266e-07
4.31245e-07
3.87856e-07
3.47285e-07
3.11359e-07
2.80805e-07
2.55309e-07
2.34022e-07
2.16059e-07
2.00765e-07
1.8773e-07
1.76695e-07
1.67437e-07
1.59736e-07
1.53456e-07
1.4841e-07
1.44369e-07
1.41176e-07
1.38727e-07
1.36832e-07
1.35498e-07
1.34435e-07
1.33814e-07
1.33359e-07
1.33216e-07
1.31609e-07
3.55782e-06
3.89101e-06
4.22908e-06
4.47654e-06
4.58739e-06
4.58808e-06
4.59499e-06
4.8133e-06
5.44799e-06
6.57257e-06
8.12404e-06
9.96035e-06
1.19251e-05
1.40525e-05
1.6699e-05
2.0031e-05
2.35014e-05
2.63303e-05
2.82306e-05
2.948e-05
3.06643e-05
3.20185e-05
3.33435e-05
3.39919e-05
3.34205e-05
3.16962e-05
2.94805e-05
2.74595e-05
2.58474e-05
2.44642e-05
2.31055e-05
2.17167e-05
2.03336e-05
1.89937e-05
1.77108e-05
1.64867e-05
1.53212e-05
1.42147e-05
1.3167e-05
1.21771e-05
1.12433e-05
1.03637e-05
9.53602e-06
8.75811e-06
8.02763e-06
7.34232e-06
6.69998e-06
6.0985e-06
5.53587e-06
5.01018e-06
4.51964e-06
4.06261e-06
3.63794e-06
3.24501e-06
2.88342e-06
2.5518e-06
2.24674e-06
1.96353e-06
1.69972e-06
1.46011e-06
1.2584e-06
1.1111e-06
1.02473e-06
9.87832e-07
9.76716e-07
9.6705e-07
9.41597e-07
8.93931e-07
8.28403e-07
7.55779e-07
6.8668e-07
6.26691e-07
5.75465e-07
5.29226e-07
4.84237e-07
4.39011e-07
3.94491e-07
3.52817e-07
3.15868e-07
2.84434e-07
2.58228e-07
2.36382e-07
2.17972e-07
2.02308e-07
1.88964e-07
1.77674e-07
1.68231e-07
1.60428e-07
1.54102e-07
1.4895e-07
1.4486e-07
1.41654e-07
1.39214e-07
1.3734e-07
1.36037e-07
1.34999e-07
1.34427e-07
1.33956e-07
1.33972e-07
1.32321e-07
2.90985e-06
3.1175e-06
3.3159e-06
3.44358e-06
3.48044e-06
3.47099e-06
3.5409e-06
3.87678e-06
4.61879e-06
5.7707e-06
7.2471e-06
8.94862e-06
1.07762e-05
1.2631e-05
1.45107e-05
1.65829e-05
1.89857e-05
2.1584e-05
2.40445e-05
2.61e-05
2.76427e-05
2.86868e-05
2.91017e-05
2.88471e-05
2.80822e-05
2.70957e-05
2.61202e-05
2.5197e-05
2.42357e-05
2.31664e-05
2.20023e-05
2.07975e-05
1.95952e-05
1.84157e-05
1.72669e-05
1.61542e-05
1.50818e-05
1.40528e-05
1.30689e-05
1.21307e-05
1.12383e-05
1.0391e-05
9.58794e-06
8.82797e-06
8.10983e-06
7.43216e-06
6.79359e-06
6.19273e-06
5.62824e-06
5.09878e-06
4.60305e-06
4.13983e-06
3.70826e-06
3.30797e-06
2.93879e-06
2.59958e-06
2.28713e-06
1.99671e-06
1.72555e-06
1.47809e-06
1.26836e-06
1.11441e-06
1.02506e-06
9.89986e-07
9.84516e-07
9.82036e-07
9.62894e-07
9.18918e-07
8.53878e-07
7.79122e-07
7.06512e-07
6.42876e-07
5.88636e-07
5.40218e-07
4.93702e-07
4.47312e-07
4.01786e-07
3.59205e-07
3.21482e-07
2.89464e-07
2.62881e-07
2.4084e-07
2.22367e-07
2.06724e-07
1.93447e-07
1.82248e-07
1.72909e-07
1.65225e-07
1.5898e-07
1.53945e-07
1.5001e-07
1.46961e-07
1.44657e-07
1.42926e-07
1.41722e-07
1.40842e-07
1.40272e-07
1.40075e-07
1.39864e-07
1.38642e-07
2.36011e-06
2.4737e-06
2.56814e-06
2.60675e-06
2.59081e-06
2.58161e-06
2.71404e-06
3.14906e-06
3.95683e-06
5.09224e-06
6.47299e-06
8.02431e-06
9.68465e-06
1.13947e-05
1.3091e-05
1.47486e-05
1.64126e-05
1.81296e-05
1.98557e-05
2.14578e-05
2.27777e-05
2.37371e-05
2.43249e-05
2.45955e-05
2.46191e-05
2.44437e-05
2.40786e-05
2.35162e-05
2.27699e-05
2.18848e-05
2.09155e-05
1.99035e-05
1.88739e-05
1.78421e-05
1.68193e-05
1.58142e-05
1.48335e-05
1.38817e-05
1.29621e-05
1.20768e-05
1.1227e-05
1.04134e-05
9.63629e-06
8.89555e-06
8.19088e-06
7.52183e-06
6.88782e-06
6.28821e-06
5.72232e-06
5.1894e-06
4.68866e-06
4.21932e-06
3.78085e-06
3.37314e-06
2.99622e-06
2.64919e-06
2.32906e-06
2.03108e-06
1.75219e-06
1.49643e-06
1.27806e-06
1.11668e-06
1.0236e-06
9.89983e-07
9.90328e-07
9.95656e-07
9.83682e-07
9.44236e-07
8.80298e-07
8.03694e-07
7.2755e-07
6.6003e-07
6.02439e-07
5.51489e-07
5.0312e-07
4.55269e-07
4.08453e-07
3.64675e-07
3.25873e-07
2.92944e-07
2.65641e-07
2.43049e-07
2.24152e-07
2.08169e-07
1.94612e-07
1.83188e-07
1.73679e-07
1.65875e-07
1.59565e-07
1.54555e-07
1.50623e-07
1.47576e-07
1.45296e-07
1.43597e-07
1.42455e-07
1.41624e-07
1.41134e-07
1.40928e-07
1.40913e-07
1.39643e-07
1.90738e-06
1.9501e-06
1.96732e-06
1.93893e-06
1.8831e-06
1.87992e-06
2.07369e-06
2.58591e-06
3.42155e-06
4.51431e-06
5.79448e-06
7.20502e-06
8.69956e-06
1.02411e-05
1.17951e-05
1.33239e-05
1.48012e-05
1.62209e-05
1.7581e-05
1.8854e-05
1.9994e-05
2.09544e-05
2.17074e-05
2.22278e-05
2.25022e-05
2.25315e-05
2.23288e-05
2.19218e-05
2.13508e-05
2.06583e-05
1.98799e-05
1.90427e-05
1.81678e-05
1.72723e-05
1.63691e-05
1.54684e-05
1.45776e-05
1.37026e-05
1.28476e-05
1.2016e-05
1.121e-05
1.04315e-05
9.68163e-06
8.96135e-06
8.27127e-06
7.61179e-06
6.98312e-06
6.38538e-06
5.81853e-06
5.28244e-06
4.77687e-06
4.30148e-06
3.85609e-06
3.44087e-06
3.05605e-06
2.70098e-06
2.37285e-06
2.06696e-06
1.77993e-06
1.51539e-06
1.28774e-06
1.11809e-06
1.02041e-06
9.87765e-07
9.94015e-07
1.00774e-06
1.0038e-06
9.69778e-07
9.07631e-07
8.29554e-07
7.49944e-07
6.784e-07
6.17237e-07
5.6355e-07
5.132e-07
4.63857e-07
4.15814e-07
3.70975e-07
3.3129e-07
2.97693e-07
2.69951e-07
2.47121e-07
2.28135e-07
2.12161e-07
1.98677e-07
1.87369e-07
1.78003e-07
1.70365e-07
1.64232e-07
1.59389e-07
1.55626e-07
1.52775e-07
1.50691e-07
1.49233e-07
1.48205e-07
1.4756e-07
1.47113e-07
1.47198e-07
1.46993e-07
1.46119e-07
1.53163e-06
1.52034e-06
1.47894e-06
1.39893e-06
1.31422e-06
1.32925e-06
1.59288e-06
2.16482e-06
2.99719e-06
4.02544e-06
5.19883e-06
6.47683e-06
7.82432e-06
9.21098e-06
1.06118e-05
1.20041e-05
1.33652e-05
1.46742e-05
1.59135e-05
1.70715e-05
1.81253e-05
1.90382e-05
1.97753e-05
2.03134e-05
2.0642e-05
2.0761e-05
2.0682e-05
2.0428e-05
2.00273e-05
1.95075e-05
1.88939e-05
1.82099e-05
1.74755e-05
1.67073e-05
1.59182e-05
1.51183e-05
1.43157e-05
1.35167e-05
1.27266e-05
1.19494e-05
1.11883e-05
1.0446e-05
9.72465e-06
9.02604e-06
8.35162e-06
7.70263e-06
7.08006e-06
6.48476e-06
5.91738e-06
5.37841e-06
4.86814e-06
4.38674e-06
3.93441e-06
3.51156e-06
3.11868e-06
2.75533e-06
2.4189e-06
2.10471e-06
1.80911e-06
1.53529e-06
1.29768e-06
1.11881e-06
1.01557e-06
9.83295e-07
9.95484e-07
1.01819e-06
1.02318e-06
9.9548e-07
9.35814e-07
8.566e-07
7.73512e-07
6.97678e-07
6.32548e-07
5.75711e-07
5.23003e-07
4.71842e-07
4.22282e-07
3.76111e-07
3.35266e-07
3.00713e-07
2.7223e-07
2.48844e-07
2.29443e-07
2.1315e-07
1.99413e-07
1.87909e-07
1.78405e-07
1.70683e-07
1.64516e-07
1.59685e-07
1.55987e-07
1.53223e-07
1.51226e-07
1.4985e-07
1.48893e-07
1.48291e-07
1.47976e-07
1.48014e-07
1.48092e-07
1.47151e-07
1.21795e-06
1.16514e-06
1.07849e-06
9.57756e-07
8.54541e-07
9.10569e-07
1.2566e-06
1.86533e-06
2.6679e-06
3.61831e-06
4.68344e-06
5.83493e-06
7.04646e-06
8.29369e-06
9.55511e-06
1.08122e-05
1.2048e-05
1.32454e-05
1.43872e-05
1.54586e-05
1.64366e-05
1.72944e-05
1.80088e-05
1.85615e-05
1.89402e-05
1.91423e-05
1.91756e-05
1.90541e-05
1.87958e-05
1.84207e-05
1.79497e-05
1.74029e-05
1.67978e-05
1.6149e-05
1.54683e-05
1.47657e-05
1.40492e-05
1.33255e-05
1.26003e-05
1.1878e-05
1.11628e-05
1.04578e-05
9.76618e-06
9.09036e-06
8.43263e-06
7.79502e-06
7.17928e-06
6.58698e-06
6.01946e-06
5.47784e-06
4.963e-06
4.47561e-06
4.01626e-06
3.58568e-06
3.18457e-06
2.81269e-06
2.46765e-06
2.14477e-06
1.84016e-06
1.55653e-06
1.30824e-06
1.11916e-06
1.00923e-06
9.76596e-07
9.94697e-07
1.02698e-06
1.04186e-06
1.02154e-06
9.65199e-07
8.85347e-07
7.9892e-07
7.1867e-07
6.49319e-07
5.89071e-07
5.3382e-07
4.80764e-07
4.29718e-07
3.82337e-07
3.40524e-07
3.05256e-07
2.76306e-07
2.52669e-07
2.33176e-07
2.16898e-07
2.03252e-07
1.91891e-07
1.82573e-07
1.75069e-07
1.69144e-07
1.64568e-07
1.61115e-07
1.58581e-07
1.56801e-07
1.55563e-07
1.54873e-07
1.5451e-07
1.54297e-07
1.54715e-07
1.54586e-07
1.54018e-07
9.58152e-07
8.73829e-07
7.51387e-07
5.95303e-07
4.85164e-07
6.2846e-07
1.05899e-06
1.67299e-06
2.42395e-06
3.28837e-06
4.24656e-06
5.27889e-06
6.3654e-06
7.48652e-06
8.62388e-06
9.76086e-06
1.08823e-05
1.19735e-05
1.30208e-05
1.4009e-05
1.49196e-05
1.57322e-05
1.64272e-05
1.69883e-05
1.74052e-05
1.76741e-05
1.77969e-05
1.77815e-05
1.76405e-05
1.73895e-05
1.70448e-05
1.66222e-05
1.61359e-05
1.55986e-05
1.5021e-05
1.44121e-05
1.37797e-05
1.31304e-05
1.24699e-05
1.18032e-05
1.11346e-05
1.04681e-05
9.80718e-06
9.15521e-06
8.51515e-06
7.88975e-06
7.28152e-06
6.69272e-06
6.12541e-06
5.58136e-06
5.06203e-06
4.56863e-06
4.10218e-06
3.66373e-06
3.25421e-06
2.87358e-06
2.51961e-06
2.18769e-06
1.87363e-06
1.57964e-06
1.3199e-06
1.11951e-06
1.00157e-06
9.67627e-07
9.91464e-07
1.03385e-06
1.05956e-06
1.04759e-06
9.95338e-07
9.1522e-07
8.25419e-07
7.40419e-07
6.66355e-07
6.02172e-07
5.439e-07
4.88548e-07
4.35682e-07
3.86794e-07
3.43731e-07
3.07462e-07
2.77748e-07
2.53549e-07
2.33644e-07
2.17061e-07
2.03186e-07
1.91662e-07
1.82245e-07
1.74703e-07
1.68796e-07
1.6428e-07
1.60926e-07
1.58517e-07
1.56892e-07
1.55807e-07
1.55293e-07
1.55048e-07
1.54992e-07
1.55428e-07
1.55609e-07
1.54887e-07
7.4695e-07
6.40733e-07
4.9129e-07
2.9967e-07
2.11551e-07
5.06159e-07
9.75011e-07
1.55638e-06
2.23914e-06
3.01369e-06
3.86795e-06
4.78775e-06
5.75768e-06
6.76193e-06
7.78515e-06
8.81285e-06
9.83119e-06
1.08278e-05
1.17906e-05
1.27051e-05
1.3556e-05
1.43267e-05
1.50012e-05
1.55658e-05
1.60104e-05
1.63293e-05
1.65223e-05
1.65941e-05
1.65534e-05
1.64107e-05
1.6178e-05
1.58675e-05
1.54905e-05
1.50575e-05
1.45778e-05
1.40592e-05
1.35089e-05
1.2933e-05
1.23371e-05
1.17262e-05
1.1105e-05
1.04778e-05
9.84874e-06
9.22163e-06
8.60015e-06
7.98774e-06
7.38762e-06
6.8028e-06
6.236e-06
5.68967e-06
5.1659e-06
4.66644e-06
4.19278e-06
3.74631e-06
3.3282e-06
2.9386e-06
2.57546e-06
2.23417e-06
1.91026e-06
1.60539e-06
1.33346e-06
1.12055e-06
9.93101e-07
9.56675e-07
9.85983e-07
1.03907e-06
1.07671e-06
1.07433e-06
1.02722e-06
9.47502e-07
8.54557e-07
7.64692e-07
6.85614e-07
6.17164e-07
5.55615e-07
4.97844e-07
4.43178e-07
3.92925e-07
3.48839e-07
3.11849e-07
2.81684e-07
2.57252e-07
2.37275e-07
2.20729e-07
2.06971e-07
1.95627e-07
1.86441e-07
1.79174e-07
1.73571e-07
1.69374e-07
1.66341e-07
1.64242e-07
1.62901e-07
1.62129e-07
1.61783e-07
1.61772e-07
1.61839e-07
1.62399e-07
1.62621e-07
1.62293e-07
5.89213e-07
4.74008e-07
3.14764e-07
1.01286e-07
1.85151e-07
5.41273e-07
9.80529e-07
1.50479e-06
2.11267e-06
2.79901e-06
3.55555e-06
4.37153e-06
5.23472e-06
6.13213e-06
7.05073e-06
7.97787e-06
8.90143e-06
9.81069e-06
1.06939e-05
1.1539e-05
1.2333e-05
1.30621e-05
1.37128e-05
1.42734e-05
1.47346e-05
1.50909e-05
1.53406e-05
1.54852e-05
1.55296e-05
1.5481e-05
1.53476e-05
1.51385e-05
1.48622e-05
1.4527e-05
1.41403e-05
1.37088e-05
1.32385e-05
1.27349e-05
1.22033e-05
1.16486e-05
1.10755e-05
1.04885e-05
9.89216e-06
9.29083e-06
8.68876e-06
8.09006e-06
7.49864e-06
6.9182e-06
6.35217e-06
5.80368e-06
5.27547e-06
4.76987e-06
4.28886e-06
3.83421e-06
3.40733e-06
3.00859e-06
2.63607e-06
2.28516e-06
1.95111e-06
1.63495e-06
1.3501e-06
1.12341e-06
9.84609e-07
9.4402e-07
9.78095e-07
1.04217e-06
1.0926e-06
1.10084e-06
1.05967e-06
9.80707e-07
8.84524e-07
7.89351e-07
7.04632e-07
6.31244e-07
5.65807e-07
5.05105e-07
4.48224e-07
3.9626e-07
3.50838e-07
3.12822e-07
2.81891e-07
2.56901e-07
2.3652e-07
2.19682e-07
2.05718e-07
1.94247e-07
1.85013e-07
1.77771e-07
1.72258e-07
1.68199e-07
1.65343e-07
1.63435e-07
1.62309e-07
1.61722e-07
1.61622e-07
1.61745e-07
1.62136e-07
1.62717e-07
1.63397e-07
1.62882e-07
4.82731e-07
3.7997e-07
2.59413e-07
1.95432e-07
3.44757e-07
6.37179e-07
1.01711e-06
1.47498e-06
2.00721e-06
2.60906e-06
3.27395e-06
3.99353e-06
4.75803e-06
5.55684e-06
6.37907e-06
7.21391e-06
8.05143e-06
8.88095e-06
9.69183e-06
1.04737e-05
1.12153e-05
1.19053e-05
1.25324e-05
1.30865e-05
1.35594e-05
1.3945e-05
1.42406e-05
1.44459e-05
1.45633e-05
1.45969e-05
1.45522e-05
1.44352e-05
1.4252e-05
1.40085e-05
1.37104e-05
1.33627e-05
1.29704e-05
1.25381e-05
1.20705e-05
1.15722e-05
1.10476e-05
1.05017e-05
9.93893e-06
9.36425e-06
8.78241e-06
8.1981e-06
7.61591e-06
7.04024e-06
6.47521e-06
5.92466e-06
5.39199e-06
4.88014e-06
4.39164e-06
3.92865e-06
3.49287e-06
3.08488e-06
2.70287e-06
2.34224e-06
1.99789e-06
1.6702e-06
1.37189e-06
1.13023e-06
9.78026e-07
9.31141e-07
9.68954e-07
1.0443e-06
1.10864e-06
1.12891e-06
1.09495e-06
1.01759e-06
9.18479e-07
8.17866e-07
7.27108e-07
6.48321e-07
5.78625e-07
5.14802e-07
4.55717e-07
4.02222e-07
3.55761e-07
3.17077e-07
2.85761e-07
2.60594e-07
2.40181e-07
2.23413e-07
2.09598e-07
1.98345e-07
1.89392e-07
1.82482e-07
1.77339e-07
1.73667e-07
1.71198e-07
1.69663e-07
1.68886e-07
1.68616e-07
1.68798e-07
1.69186e-07
1.69734e-07
1.70691e-07
1.71231e-07
1.70979e-07
4.44872e-07
3.78861e-07
3.33557e-07
3.65899e-07
5.12824e-07
7.57894e-07
1.08234e-06
1.47781e-06
1.94008e-06
2.46503e-06
3.0471e-06
3.67959e-06
4.3546e-06
5.06345e-06
5.79702e-06
6.54613e-06
7.30182e-06
8.05476e-06
8.79628e-06
9.51706e-06
1.02075e-05
1.08578e-05
1.14587e-05
1.20013e-05
1.24784e-05
1.28845e-05
1.32159e-05
1.34713e-05
1.36508e-05
1.37563e-05
1.37907e-05
1.37575e-05
1.36605e-05
1.35032e-05
1.32895e-05
1.30227e-05
1.27065e-05
1.23445e-05
1.19406e-05
1.14988e-05
1.10235e-05
1.05192e-05
9.99093e-06
9.44377e-06
8.88295e-06
8.31375e-06
7.74136e-06
7.17087e-06
6.6071e-06
6.05457e-06
5.5174e-06
4.99919e-06
4.50302e-06
4.03153e-06
3.58674e-06
3.16945e-06
2.77799e-06
2.40773e-06
2.05321e-06
1.71402e-06
1.40196e-06
1.14417e-06
9.76031e-07
9.19595e-07
9.58854e-07
1.04474e-06
1.12335e-06
1.15643e-06
1.13037e-06
1.0549e-06
9.52654e-07
8.46013e-07
7.48425e-07
6.63402e-07
5.88678e-07
5.21094e-07
4.59297e-07
4.03863e-07
3.56012e-07
3.16329e-07
2.84292e-07
2.58603e-07
2.37809e-07
2.20767e-07
2.06775e-07
1.95442e-07
1.86506e-07
1.79708e-07
1.74755e-07
1.71328e-07
1.69148e-07
1.67909e-07
1.67451e-07
1.67459e-07
1.67973e-07
1.68554e-07
1.69523e-07
1.70392e-07
1.7165e-07
1.71104e-07
4.42685e-07
4.16986e-07
4.24132e-07
4.91169e-07
6.31641e-07
8.43731e-07
1.12197e-06
1.46231e-06
1.86168e-06
2.31686e-06
2.82375e-06
3.37712e-06
3.97082e-06
4.598e-06
5.25126e-06
5.92285e-06
6.60463e-06
7.28883e-06
7.96746e-06
8.63245e-06
9.27575e-06
9.88923e-06
1.04649e-05
1.09954e-05
1.14741e-05
1.18958e-05
1.22565e-05
1.2554e-05
1.27872e-05
1.29562e-05
1.30619e-05
1.31055e-05
1.30885e-05
1.30125e-05
1.28794e-05
1.26908e-05
1.2449e-05
1.21564e-05
1.18159e-05
1.14309e-05
1.10052e-05
1.05435e-05
1.00506e-05
9.53191e-06
8.99304e-06
8.43975e-06
7.87783e-06
7.31299e-06
6.75076e-06
6.19638e-06
5.65469e-06
5.13e-06
4.62602e-06
4.1459e-06
3.69206e-06
3.26553e-06
2.86477e-06
2.48513e-06
2.12077e-06
1.77041e-06
1.44467e-06
1.16995e-06
9.83379e-07
9.1345e-07
9.51024e-07
1.04647e-06
1.14006e-06
1.18747e-06
1.17084e-06
1.09826e-06
9.93204e-07
8.8023e-07
7.75136e-07
6.83118e-07
6.0276e-07
5.31097e-07
4.66584e-07
4.09463e-07
3.60632e-07
3.20422e-07
2.8814e-07
2.62371e-07
2.41601e-07
2.24661e-07
2.10844e-07
1.99763e-07
1.91156e-07
1.84749e-07
1.80233e-07
1.77261e-07
1.75534e-07
1.74724e-07
1.74666e-07
1.75027e-07
1.75867e-07
1.7672e-07
1.77919e-07
1.79066e-07
1.80319e-07
1.79951e-07
4.94785e-07
5.00544e-07
5.37159e-07
6.17867e-07
7.5036e-07
9.36981e-07
1.17743e-06
1.4706e-06
1.81503e-06
2.20862e-06
2.64859e-06
3.13109e-06
3.65137e-06
4.20392e-06
4.78263e-06
5.3811e-06
5.99277e-06
6.61091e-06
7.2287e-06
7.83925e-06
8.43563e-06
9.01095e-06
9.55857e-06
1.00723e-05
1.05467e-05
1.0977e-05
1.13595e-05
1.16913e-05
1.19704e-05
1.21954e-05
1.23652e-05
1.24792e-05
1.25369e-05
1.25379e-05
1.24819e-05
1.23693e-05
1.22004e-05
1.19763e-05
1.1699e-05
1.13711e-05
1.09959e-05
1.05776e-05
1.01213e-05
9.63222e-06
9.11641e-06
8.58e-06
8.02929e-06
7.47062e-06
6.9102e-06
6.35402e-06
5.80769e-06
5.27627e-06
4.76421e-06
4.27525e-06
3.81228e-06
3.37663e-06
2.96692e-06
2.57841e-06
2.20482e-06
1.84381e-06
1.50449e-06
1.21187e-06
1.00363e-06
9.14396e-07
9.44588e-07
1.04658e-06
1.15461e-06
1.21703e-06
1.21068e-06
1.14138e-06
1.03323e-06
9.13144e-07
7.995e-07
6.99383e-07
6.12378e-07
5.35804e-07
4.67948e-07
4.08678e-07
3.58497e-07
3.17426e-07
2.84558e-07
2.58356e-07
2.37252e-07
2.20068e-07
2.06109e-07
1.95007e-07
1.86508e-07
1.8033e-07
1.76143e-07
1.73566e-07
1.72279e-07
1.71907e-07
1.72313e-07
1.73064e-07
1.74379e-07
1.75484e-07
1.77273e-07
1.78325e-07
1.80547e-07
1.79669e-07
5.26701e-07
5.50394e-07
6.00332e-07
6.84098e-07
8.06905e-07
9.71779e-07
1.18025e-06
1.43288e-06
1.72955e-06
2.06938e-06
2.45062e-06
2.87069e-06
3.32614e-06
3.81274e-06
4.32567e-06
4.85965e-06
5.40909e-06
5.96826e-06
6.53136e-06
7.09261e-06
7.6463e-06
8.18681e-06
8.7087e-06
9.20684e-06
9.67653e-06
1.01136e-05
1.05145e-05
1.08761e-05
1.11957e-05
1.14708e-05
1.16993e-05
1.18786e-05
1.20065e-05
1.20808e-05
1.20993e-05
1.20605e-05
1.19632e-05
1.18072e-05
1.15932e-05
1.1323e-05
1.09993e-05
1.06258e-05
1.02073e-05
9.74931e-06
9.25776e-06
8.73917e-06
8.20034e-06
7.64819e-06
7.08967e-06
6.53154e-06
5.98026e-06
5.44175e-06
4.92123e-06
4.42315e-06
3.95091e-06
3.50618e-06
3.08772e-06
2.69071e-06
2.3083e-06
1.93699e-06
1.58406e-06
1.27253e-06
1.03949e-06
9.24778e-07
9.41288e-07
1.04746e-06
1.17141e-06
1.25214e-06
1.25927e-06
1.19522e-06
1.08439e-06
9.56363e-07
8.32659e-07
7.22846e-07
6.27943e-07
5.4578e-07
4.74487e-07
4.13416e-07
3.62478e-07
3.21197e-07
2.88343e-07
2.62216e-07
2.41199e-07
2.24132e-07
2.10354e-07
1.99524e-07
1.91396e-07
1.85669e-07
1.81988e-07
1.79934e-07
1.79165e-07
1.79272e-07
1.80125e-07
1.8125e-07
1.82933e-07
1.84292e-07
1.864e-07
1.87618e-07
1.90033e-07
1.89087e-07
6.04754e-07
6.38076e-07
6.92993e-07
7.74364e-07
8.86048e-07
1.03097e-06
1.21122e-06
1.42815e-06
1.68243e-06
1.97402e-06
2.30216e-06
2.66528e-06
3.06102e-06
3.4863e-06
3.93744e-06
4.41024e-06
4.90018e-06
5.40251e-06
5.91239e-06
6.42498e-06
6.93555e-06
7.43955e-06
7.9327e-06
8.41107e-06
8.87104e-06
9.30928e-06
9.72265e-06
1.01081e-05
1.04624e-05
1.07823e-05
1.10643e-05
1.13044e-05
1.14987e-05
1.16431e-05
1.17336e-05
1.1767e-05
1.17405e-05
1.16525e-05
1.15024e-05
1.1291e-05
1.10201e-05
1.0693e-05
1.03138e-05
9.88795e-06
9.42147e-06
8.92112e-06
8.39415e-06
7.84812e-06
7.29076e-06
6.72971e-06
6.17237e-06
5.62562e-06
5.09563e-06
4.58767e-06
4.10576e-06
3.65198e-06
3.22523e-06
2.82039e-06
2.42972e-06
2.048e-06
1.68018e-06
1.34673e-06
1.08311e-06
9.33297e-07
9.26108e-07
1.03258e-06
1.17482e-06
1.27884e-06
1.30408e-06
1.24806e-06
1.13535e-06
9.98711e-07
8.63498e-07
7.42244e-07
6.37742e-07
5.48572e-07
4.72821e-07
4.09295e-07
3.57188e-07
3.15396e-07
2.82266e-07
2.55898e-07
2.34635e-07
2.17357e-07
2.03474e-07
1.92695e-07
1.84794e-07
1.79457e-07
1.76294e-07
1.74835e-07
1.74708e-07
1.7544e-07
1.7694e-07
1.78595e-07
1.8093e-07
1.82608e-07
1.85544e-07
1.86586e-07
1.90373e-07
1.88557e-07
6.2228e-07
6.58044e-07
7.117e-07
7.86624e-07
8.85749e-07
1.01166e-06
1.16654e-06
1.35214e-06
1.5697e-06
1.81989e-06
2.10268e-06
2.41731e-06
2.76228e-06
3.13535e-06
3.53368e-06
3.95392e-06
4.39238e-06
4.8452e-06
5.30847e-06
5.77833e-06
6.25113e-06
6.72339e-06
7.1919e-06
7.65367e-06
8.10591e-06
8.54596e-06
8.97114e-06
9.37855e-06
9.76493e-06
1.01264e-05
1.04585e-05
1.07562e-05
1.10139e-05
1.12259e-05
1.13868e-05
1.14914e-05
1.15356e-05
1.15161e-05
1.1431e-05
1.12797e-05
1.1063e-05
1.07831e-05
1.04437e-05
1.00499e-05
9.60776e-06
9.12443e-06
8.60772e-06
8.06594e-06
7.50773e-06
6.94175e-06
6.37643e-06
5.8197e-06
5.27872e-06
4.7596e-06
4.26704e-06
3.80358e-06
3.36825e-06
2.95564e-06
2.55689e-06
2.16464e-06
1.78082e-06
1.42258e-06
1.12234e-06
9.26409e-07
8.84375e-07
9.91592e-07
1.16318e-06
1.30436e-06
1.35914e-06
1.31794e-06
1.20546e-06
1.05897e-06
9.09322e-07
7.7341e-07
6.56691e-07
5.58908e-07
4.78141e-07
4.12419e-07
3.5986e-07
3.18392e-07
2.85727e-07
2.59688e-07
2.38592e-07
2.21417e-07
2.07685e-07
1.97175e-07
1.89682e-07
1.84863e-07
1.82287e-07
1.81428e-07
1.81888e-07
1.83145e-07
1.85136e-07
1.87172e-07
1.89924e-07
1.918e-07
1.95205e-07
1.96195e-07
2.00591e-07
1.98181e-07
7.08862e-07
7.42134e-07
7.89983e-07
8.54947e-07
9.39377e-07
1.04551e-06
1.17543e-06
1.33098e-06
1.51368e-06
1.72461e-06
1.9643e-06
2.23266e-06
2.52894e-06
2.85171e-06
3.19895e-06
3.56814e-06
3.95638e-06
4.36055e-06
4.7775e-06
5.20419e-06
5.63779e-06
6.07583e-06
6.51619e-06
6.95707e-06
7.39684e-06
7.83381e-06
8.266e-06
8.69084e-06
9.10493e-06
9.50393e-06
9.88249e-06
1.02344e-05
1.05529e-05
1.08308e-05
1.1061e-05
1.12368e-05
1.13523e-05
1.14023e-05
1.13831e-05
1.12922e-05
1.11291e-05
1.0895e-05
1.0593e-05
1.02281e-05
9.80664e-06
9.33621e-06
8.8254e-06
8.28346e-06
7.72004e-06
7.14495e-06
6.56781e-06
5.99773e-06
5.44302e-06
4.9108e-06
4.40659e-06
3.93344e-06
3.4906e-06
3.07216e-06
2.66763e-06
2.26656e-06
1.86689e-06
1.48151e-06
1.13745e-06
8.77004e-07
7.73934e-07
8.77337e-07
1.09564e-06
1.2952e-06
1.39653e-06
1.38096e-06
1.2741e-06
1.11938e-06
9.54676e-07
8.0225e-07
6.70893e-07
5.62066e-07
4.74264e-07
4.04932e-07
3.51065e-07
3.0944e-07
2.7694e-07
2.50972e-07
2.29776e-07
2.12437e-07
1.98629e-07
1.88247e-07
1.8113e-07
1.76911e-07
1.75103e-07
1.75098e-07
1.76458e-07
1.78569e-07
1.81427e-07
1.84157e-07
1.87769e-07
1.9002e-07
1.94571e-07
1.95195e-07
2.01618e-07
1.97653e-07
7.02426e-07
7.29161e-07
7.67673e-07
8.2002e-07
8.88215e-07
9.74332e-07
1.08048e-06
1.20867e-06
1.36071e-06
1.53806e-06
1.74166e-06
1.97185e-06
2.22834e-06
2.51016e-06
2.81577e-06
3.14317e-06
3.49004e-06
3.85395e-06
4.2325e-06
4.6235e-06
5.02505e-06
5.43563e-06
5.85408e-06
6.27951e-06
6.71113e-06
7.14799e-06
7.58873e-06
8.03119e-06
8.47217e-06
8.90728e-06
9.33083e-06
9.73596e-06
1.01148e-05
1.04589e-05
1.07594e-05
1.10074e-05
1.11946e-05
1.13135e-05
1.1358e-05
1.1324e-05
1.12096e-05
1.10152e-05
1.07439e-05
1.04009e-05
9.99313e-06
9.52903e-06
9.01809e-06
8.47054e-06
7.89707e-06
7.30857e-06
6.71576e-06
6.12889e-06
5.55734e-06
5.00926e-06
4.49108e-06
4.00675e-06
3.55642e-06
3.13474e-06
2.73061e-06
2.33103e-06
1.9295e-06
1.53258e-06
1.15582e-06
8.2045e-07
6.05099e-07
6.85809e-07
9.82657e-07
1.27121e-06
1.43919e-06
1.45993e-06
1.36224e-06
1.19845e-06
1.01591e-06
8.44003e-07
6.9581e-07
5.74778e-07
4.7971e-07
4.07178e-07
3.52711e-07
3.11646e-07
2.79868e-07
2.54348e-07
2.333e-07
2.15977e-07
2.02247e-07
1.92124e-07
1.85471e-07
1.81872e-07
1.80767e-07
1.81468e-07
1.83502e-07
1.86195e-07
1.89595e-07
1.927e-07
1.96799e-07
1.99146e-07
2.04433e-07
2.04599e-07
2.12492e-07
2.06873e-07
8.09344e-07
8.25765e-07
8.51077e-07
8.87076e-07
9.35576e-07
9.98533e-07
1.07805e-06
1.17629e-06
1.2953e-06
1.43687e-06
1.60237e-06
1.79255e-06
2.00759e-06
2.24699e-06
2.50968e-06
2.79413e-06
3.09851e-06
3.42086e-06
3.75931e-06
4.11228e-06
4.4786e-06
4.85764e-06
5.24929e-06
5.6538e-06
6.07158e-06
6.50285e-06
6.94724e-06
7.40337e-06
7.86853e-06
8.33843e-06
8.80698e-06
9.26639e-06
9.70723e-06
1.01188e-05
1.04897e-05
1.08082e-05
1.10632e-05
1.1245e-05
1.13455e-05
1.13594e-05
1.12841e-05
1.11202e-05
1.08709e-05
1.0542e-05
1.01411e-05
9.67735e-06
9.16091e-06
8.60282e-06
8.01469e-06
7.40839e-06
6.79586e-06
6.18866e-06
5.5976e-06
5.03217e-06
4.50013e-06
4.00684e-06
3.55421e-06
3.1388e-06
2.75039e-06
2.37464e-06
2.00118e-06
1.62886e-06
1.25545e-06
8.64748e-07
4.72719e-07
4.19986e-07
8.26567e-07
1.22035e-06
1.45864e-06
1.516e-06
1.42881e-06
1.25891e-06
1.06186e-06
8.7291e-07
7.09118e-07
5.76291e-07
4.73954e-07
3.98004e-07
3.42562e-07
3.01556e-07
2.69939e-07
2.44307e-07
2.22904e-07
2.05198e-07
1.91288e-07
1.81335e-07
1.75237e-07
1.7251e-07
1.72493e-07
1.7437e-07
1.77609e-07
1.81418e-07
1.85926e-07
1.89892e-07
1.95072e-07
1.97805e-07
2.04657e-07
2.04049e-07
2.15134e-07
2.06583e-07
7.94375e-07
7.97925e-07
8.07465e-07
8.24553e-07
8.50937e-07
8.88727e-07
9.40396e-07
1.00865e-06
1.09618e-06
1.20536e-06
1.33801e-06
1.4952e-06
1.67721e-06
1.88361e-06
2.11337e-06
2.36504e-06
2.63697e-06
2.92753e-06
3.23532e-06
3.55938e-06
3.89928e-06
4.25528e-06
4.62826e-06
5.01959e-06
5.4309e-06
5.86368e-06
6.31877e-06
6.79576e-06
7.29243e-06
7.80421e-06
8.32397e-06
8.84198e-06
9.34629e-06
9.82341e-06
1.02592e-05
1.06399e-05
1.09527e-05
1.11867e-05
1.13336e-05
1.13876e-05
1.13462e-05
1.12099e-05
1.09823e-05
1.06692e-05
1.02783e-05
9.81856e-06
9.30029e-06
8.73467e-06
8.13378e-06
7.51028e-06
6.87713e-06
6.24731e-06
5.63329e-06
5.04647e-06
4.49677e-06
3.9923e-06
3.53895e-06
3.13875e-06
2.78671e-06
2.46933e-06
2.16741e-06
1.85698e-06
1.50248e-06
1.06039e-06
5.2599e-07
3.1084e-07
8.42506e-07
1.30337e-06
1.55942e-06
1.60547e-06
1.49554e-06
1.30189e-06
1.08402e-06
8.78477e-07
7.03383e-07
5.65453e-07
4.63785e-07
3.92102e-07
3.41648e-07
3.04268e-07
2.74258e-07
2.4863e-07
2.26441e-07
2.07896e-07
1.93539e-07
1.83669e-07
1.78101e-07
1.76172e-07
1.77059e-07
1.79816e-07
1.83867e-07
1.88345e-07
1.93469e-07
1.97818e-07
2.03586e-07
2.06274e-07
2.14319e-07
2.12535e-07
2.26842e-07
2.14499e-07
9.54114e-07
9.42812e-07
9.34158e-07
9.29428e-07
9.3011e-07
9.38109e-07
9.55956e-07
9.86792e-07
1.03413e-06
1.1014e-06
1.19149e-06
1.30633e-06
1.44673e-06
1.61249e-06
1.80259e-06
2.01556e-06
2.24974e-06
2.50366e-06
2.77624e-06
3.06713e-06
3.37687e-06
3.70697e-06
4.05987e-06
4.43865e-06
4.84656e-06
5.28634e-06
5.7594e-06
6.26504e-06
6.79982e-06
7.35723e-06
7.92777e-06
8.49939e-06
9.05828e-06
9.58984e-06
1.00796e-05
1.0514e-05
1.08807e-05
1.11693e-05
1.13711e-05
1.14794e-05
1.14903e-05
1.14027e-05
1.12183e-05
1.09412e-05
1.05776e-05
1.01357e-05
9.62523e-06
9.05752e-06
8.44549e-06
7.80336e-06
7.14631e-06
6.48986e-06
5.84925e-06
5.23875e-06
4.67107e-06
4.15732e-06
3.70706e-06
3.32653e-06
3.01306e-06
2.74862e-06
2.49798e-06
2.20992e-06
1.82379e-06
1.30469e-06
7.58896e-07
7.41306e-07
1.24423e-06
1.65482e-06
1.81656e-06
1.75325e-06
1.55287e-06
1.30078e-06
1.04981e-06
8.24906e-07
6.38569e-07
4.98074e-07
4.03804e-07
3.46793e-07
3.1221e-07
2.8693e-07
2.63658e-07
2.40285e-07
2.17678e-07
1.97775e-07
1.82312e-07
1.72123e-07
1.67056e-07
1.66211e-07
1.6851e-07
1.7278e-07
1.78344e-07
1.84193e-07
1.90642e-07
1.95979e-07
2.03017e-07
2.05998e-07
2.1615e-07
2.12757e-07
2.32495e-07
2.144e-07
9.83909e-07
9.58452e-07
9.32409e-07
9.06088e-07
8.80179e-07
8.56012e-07
8.3585e-07
8.23228e-07
8.23038e-07
8.4114e-07
8.83403e-07
9.54375e-07
1.05633e-06
1.18923e-06
1.35146e-06
1.54074e-06
1.7549e-06
1.99232e-06
2.25223e-06
2.53489e-06
2.84162e-06
3.17465e-06
3.53692e-06
3.93154e-06
4.36127e-06
4.82783e-06
5.33125e-06
5.86947e-06
6.43807e-06
7.03034e-06
7.6376e-06
8.2497e-06
8.85557e-06
9.44371e-06
1.00025e-05
1.05202e-05
1.09848e-05
1.1384e-05
1.17051e-05
1.19363e-05
1.20678e-05
1.2093e-05
1.20089e-05
1.18159e-05
1.15174e-05
1.11196e-05
1.06319e-05
1.00671e-05
9.44022e-06
8.76871e-06
8.07167e-06
7.36946e-06
6.68251e-06
6.03031e-06
5.43054e-06
4.89883e-06
4.44866e-06
4.08964e-06
3.81999e-06
3.6162e-06
3.42978e-06
3.20056e-06
2.89333e-06
2.55935e-06
2.36933e-06
2.45197e-06
2.65942e-06
2.73592e-06
2.56769e-06
2.20276e-06
1.76256e-06
1.35056e-06
1.00999e-06
7.38883e-07
5.26055e-07
3.70177e-07
2.77672e-07
2.4512e-07
2.45247e-07
2.4957e-07
2.45839e-07
2.33062e-07
2.1496e-07
1.96344e-07
1.81129e-07
1.71342e-07
1.67145e-07
1.6748e-07
1.71034e-07
1.76466e-07
1.83055e-07
1.89725e-07
1.96904e-07
2.02681e-07
2.10444e-07
2.13241e-07
2.25291e-07
2.19515e-07
2.46082e-07
2.19741e-07
1.24363e-06
1.2029e-06
1.15828e-06
1.10978e-06
1.0576e-06
1.00213e-06
9.44458e-07
8.86961e-07
8.33992e-07
7.92542e-07
7.72395e-07
7.84608e-07
8.37883e-07
9.35249e-07
1.07427e-06
1.24997e-06
1.45741e-06
1.69283e-06
1.95387e-06
2.23951e-06
2.54979e-06
2.88569e-06
3.24883e-06
3.64129e-06
4.06543e-06
4.52373e-06
5.01877e-06
5.55308e-06
6.12901e-06
6.74831e-06
7.41143e-06
8.11661e-06
8.85886e-06
9.62904e-06
1.04134e-05
1.11932e-05
1.19455e-05
1.26441e-05
1.32614e-05
1.37713e-05
1.41524e-05
1.439e-05
1.44763e-05
1.441e-05
1.41959e-05
1.38429e-05
1.3364e-05
1.27768e-05
1.21041e-05
1.13722e-05
1.06091e-05
9.84367e-06
9.10466e-06
8.41894e-06
7.81008e-06
7.29726e-06
6.89421e-06
6.60606e-06
6.42205e-06
6.31264e-06
6.23913e-06
6.17076e-06
6.09849e-06
6.03072e-06
5.95996e-06
5.82393e-06
5.51799e-06
4.9668e-06
4.18907e-06
3.29783e-06
2.44004e-06
1.7233e-06
1.17922e-06
7.81491e-07
4.89958e-07
2.77509e-07
1.34013e-07
7.93231e-08
1.10925e-07
1.48844e-07
1.71236e-07
1.78168e-07
1.74155e-07
1.65137e-07
1.56501e-07
1.51573e-07
1.51309e-07
1.54994e-07
1.61456e-07
1.69398e-07
1.78162e-07
1.86638e-07
1.95406e-07
2.02312e-07
2.11447e-07
2.14371e-07
2.29118e-07
2.20285e-07
2.56672e-07
2.18842e-07
1.29637e-06
1.24063e-06
1.18016e-06
1.11331e-06
1.03925e-06
9.57587e-07
8.68332e-07
7.72482e-07
6.72822e-07
5.75601e-07
4.93788e-07
4.50503e-07
4.72105e-07
5.65223e-07
7.13568e-07
8.98405e-07
1.10741e-06
1.33343e-06
1.57265e-06
1.82382e-06
2.08836e-06
2.37099e-06
2.68048e-06
3.03028e-06
3.43841e-06
3.92612e-06
4.51519e-06
5.22423e-06
6.06509e-06
7.04016e-06
8.14119e-06
9.34952e-06
1.06376e-05
1.19709e-05
1.33109e-05
1.46166e-05
1.58473e-05
1.69639e-05
1.79315e-05
1.87225e-05
1.93191e-05
1.97129e-05
1.99036e-05
1.98954e-05
1.96962e-05
1.93206e-05
1.87907e-05
1.81345e-05
1.73804e-05
1.65597e-05
1.57085e-05
1.48638e-05
1.40615e-05
1.33337e-05
1.27067e-05
1.21995e-05
1.18228e-05
1.1579e-05
1.14568e-05
1.14338e-05
1.1475e-05
1.15344e-05
1.15571e-05
1.14729e-05
1.11925e-05
1.06227e-05
9.70092e-06
8.43718e-06
6.93865e-06
5.38587e-06
3.96426e-06
2.7937e-06
1.90155e-06
1.24846e-06
7.77376e-07
4.47886e-07
2.44894e-07
1.66145e-07
1.60548e-07
1.59867e-07
1.50525e-07
1.38653e-07
1.29271e-07
1.24298e-07
1.24249e-07
1.28681e-07
1.36454e-07
1.46261e-07
1.57165e-07
1.68306e-07
1.79368e-07
1.89517e-07
1.99506e-07
2.07278e-07
2.1733e-07
2.20239e-07
2.3768e-07
2.24744e-07
2.75602e-07
2.19751e-07
1.62754e-06
1.57847e-06
1.52509e-06
1.46668e-06
1.40344e-06
1.3351e-06
1.26111e-06
1.18123e-06
1.09562e-06
1.00475e-06
9.09596e-07
8.12126e-07
7.16458e-07
6.31302e-07
5.74432e-07
5.75263e-07
6.62645e-07
8.45986e-07
1.12234e-06
1.49205e-06
1.96173e-06
2.54152e-06
3.24227e-06
4.07323e-06
5.04031e-06
6.14446e-06
7.38047e-06
8.7358e-06
1.01906e-05
1.17182e-05
1.32866e-05
1.48605e-05
1.64043e-05
1.78845e-05
1.9272e-05
2.05426e-05
2.16765e-05
2.26571e-05
2.34701e-05
2.41056e-05
2.45609e-05
2.48388e-05
2.4946e-05
2.4891e-05
2.46874e-05
2.43504e-05
2.38805e-05
2.3291e-05
2.26112e-05
2.18715e-05
2.1105e-05
2.03485e-05
1.96384e-05
1.90067e-05
1.84772e-05
1.80632e-05
1.77638e-05
1.75647e-05
1.74383e-05
1.7345e-05
1.72235e-05
1.70077e-05
1.66381e-05
1.60798e-05
1.53344e-05
1.44019e-05
1.32268e-05
1.1734e-05
9.94805e-06
8.04469e-06
6.26778e-06
4.80177e-06
3.70583e-06
2.93217e-06
2.38553e-06
1.97532e-06
1.63986e-06
1.3471e-06
1.08592e-06
8.57135e-07
6.65908e-07
5.1585e-07
4.05916e-07
3.306e-07
2.82115e-07
2.52722e-07
2.36299e-07
2.28565e-07
2.26866e-07
2.29007e-07
2.33946e-07
2.39598e-07
2.47099e-07
2.51983e-07
2.62514e-07
2.60728e-07
2.85149e-07
2.57844e-07
3.37034e-07
2.78712e-07
3.94302e-06
4.04527e-06
4.15353e-06
4.26336e-06
4.37495e-06
4.49059e-06
4.61223e-06
4.74158e-06
4.8809e-06
5.03299e-06
5.20118e-06
5.38942e-06
5.6023e-06
5.84506e-06
6.12345e-06
6.44348e-06
6.81101e-06
7.23118e-06
7.70769e-06
8.24212e-06
8.83317e-06
9.47605e-06
1.0162e-05
1.08784e-05
1.16084e-05
1.23321e-05
1.30278e-05
1.36744e-05
1.42525e-05
1.47476e-05
1.51515e-05
1.54648e-05
1.56971e-05
1.58664e-05
1.59969e-05
1.61145e-05
1.62423e-05
1.63962e-05
1.6582e-05
1.67981e-05
1.70406e-05
1.73035e-05
1.75769e-05
1.78413e-05
1.80568e-05
1.82123e-05
1.83202e-05
1.83664e-05
1.8343e-05
1.82588e-05
1.81341e-05
1.79963e-05
1.78744e-05
1.77919e-05
1.77611e-05
1.77786e-05
1.78209e-05
1.78364e-05
1.77503e-05
1.74795e-05
1.69651e-05
1.61723e-05
1.51445e-05
1.40675e-05
1.32175e-05
1.27072e-05
1.22804e-05
1.1536e-05
1.03196e-05
8.82925e-06
7.43278e-06
6.40805e-06
5.79341e-06
5.43788e-06
5.15794e-06
4.83336e-06
4.41877e-06
3.92375e-06
3.38816e-06
2.85982e-06
2.3782e-06
1.96613e-06
1.62963e-06
1.36266e-06
1.15362e-06
9.90239e-07
8.62194e-07
7.61303e-07
6.8142e-07
6.17096e-07
5.64962e-07
5.20293e-07
4.83731e-07
4.47201e-07
4.22569e-07
3.81969e-07
3.81928e-07
3.06475e-07
4.01212e-07
2.63921e-07
1.06413e-05
1.08083e-05
1.0962e-05
1.11011e-05
1.12241e-05
1.13291e-05
1.14139e-05
1.14766e-05
1.15141e-05
1.15227e-05
1.14975e-05
1.14327e-05
1.13216e-05
1.11561e-05
1.09268e-05
1.0623e-05
1.02323e-05
9.74074e-06
9.13282e-06
8.39173e-06
7.50043e-06
6.44345e-06
5.21097e-06
3.81037e-06
2.32285e-06
1.39578e-06
2.57423e-06
4.70284e-06
7.13147e-06
9.73121e-06
1.24306e-05
1.51623e-05
1.78558e-05
2.04371e-05
2.28331e-05
2.49775e-05
2.68178e-05
2.83198e-05
2.94653e-05
3.02363e-05
3.06074e-05
3.05824e-05
3.01868e-05
2.94649e-05
2.84693e-05
2.72424e-05
2.58127e-05
2.42242e-05
2.25179e-05
2.07328e-05
1.89059e-05
1.70754e-05
1.52821e-05
1.35694e-05
1.19832e-05
1.05719e-05
9.38901e-06
8.50056e-06
8.00159e-06
7.98942e-06
8.52059e-06
9.6036e-06
1.11126e-05
1.2743e-05
1.40437e-05
1.45383e-05
1.39184e-05
1.22055e-05
9.7614e-06
7.13205e-06
4.8218e-06
3.13475e-06
2.13607e-06
1.68482e-06
1.5399e-06
1.52532e-06
1.57497e-06
1.68419e-06
1.86852e-06
2.13723e-06
2.4811e-06
2.87726e-06
3.30091e-06
3.7331e-06
4.16251e-06
4.58412e-06
4.99724e-06
5.40377e-06
5.80689e-06
6.21025e-06
6.61712e-06
7.03081e-06
7.45288e-06
7.88774e-06
8.3313e-06
8.80019e-06
9.25849e-06
9.80467e-06
1.02065e-05
1.09218e-05
4.67083e-06
3.94754e-06
3.13643e-06
2.24217e-06
1.30433e-06
5.63462e-07
1.15711e-06
2.34885e-06
3.7061e-06
5.20091e-06
6.83817e-06
8.62917e-06
1.05876e-05
1.27281e-05
1.50654e-05
1.76138e-05
2.03864e-05
2.33944e-05
2.66459e-05
3.01455e-05
3.38921e-05
3.78784e-05
4.20885e-05
4.64973e-05
5.10688e-05
5.57563e-05
6.05028e-05
6.52434e-05
6.99075e-05
7.44214e-05
7.87121e-05
8.271e-05
8.63509e-05
8.95764e-05
9.23366e-05
9.45937e-05
9.63307e-05
9.75508e-05
9.82928e-05
9.85771e-05
9.8431e-05
9.78575e-05
9.68666e-05
9.54722e-05
9.37074e-05
9.16249e-05
8.92934e-05
8.67739e-05
8.41262e-05
8.14124e-05
7.86976e-05
7.60485e-05
7.35314e-05
7.12087e-05
6.91342e-05
6.73483e-05
6.58732e-05
6.47076e-05
6.38222e-05
6.31465e-05
6.25692e-05
6.19032e-05
6.08852e-05
5.9243e-05
5.67996e-05
5.35883e-05
4.98945e-05
4.61738e-05
4.28904e-05
4.03597e-05
3.86835e-05
3.77814e-05
3.74635e-05
3.75161e-05
3.77643e-05
3.80955e-05
3.84575e-05
3.88424e-05
3.92686e-05
3.97624e-05
4.03453e-05
4.10274e-05
4.18071e-05
4.26755e-05
4.36217e-05
4.46357e-05
4.57098e-05
4.68381e-05
4.80164e-05
4.9241e-05
5.05089e-05
5.18179e-05
5.31654e-05
5.45516e-05
5.59709e-05
5.7436e-05
5.8908e-05
6.05052e-05
6.19058e-05
6.3911e-05
5.37627e-05
5.5952e-05
5.83207e-05
6.07799e-05
6.32978e-05
6.58936e-05
6.85737e-05
7.13413e-05
7.42046e-05
7.71722e-05
8.02516e-05
8.34495e-05
8.67714e-05
9.02206e-05
9.37977e-05
9.74997e-05
0.00010132
0.000105247
0.000109264
0.000113352
0.000117484
0.000121628
0.000125746
0.000129796
0.000133728
0.000137492
0.000141036
0.000144314
0.000147282
0.000149911
0.000152179
0.000154078
0.000155602
0.000156749
0.000157511
0.000157888
0.000157895
0.0001576
0.000157067
0.000156394
0.000155498
0.000154345
0.000152976
0.000151392
0.000149609
0.000147634
0.000145477
0.000143162
0.000140726
0.00013822
0.000135706
0.000133251
0.000130923
0.000128783
0.000126874
0.000125216
0.000123801
0.00012259
0.00012151
0.000120457
0.000119303
0.000117933
0.000116286
0.000114399
0.000112428
0.000110616
0.000109203
0.000108352
0.000108097
0.000108363
0.000109013
0.000109892
0.000110871
0.000111866
0.000112842
0.000113797
0.000114753
0.000115741
0.000116793
0.000117932
0.00011917
0.000120507
0.000121939
0.000123458
0.000125055
0.000126723
0.000128454
0.000130242
0.00013208
0.000133964
0.000135888
0.000137848
0.00013984
0.000141865
0.000143914
0.000146
0.000148087
0.000150257
0.000152335
0.000154665
0.000149633
0.000151292
0.00015317
0.000154985
0.00015674
0.000158469
0.000160173
0.000161849
0.000163501
0.000165128
0.000166726
0.000168293
0.00016982
0.000171301
0.000172724
0.000174077
0.000175346
0.000176514
0.000177564
0.000178475
0.000179229
0.000179807
0.000180195
0.000180381
0.000180363
0.000180141
0.000179728
0.000179141
0.000178406
0.000177554
0.000176622
0.000175649
0.000174682
0.000173771
0.000172961
0.000172281
0.00017173
0.000171252
0.000170827
0.000170376
0.00016991
0.000169419
0.000168886
0.000168285
0.000167627
0.000166915
0.00016616
0.000165379
0.000164597
0.000163848
0.000163173
0.000162611
0.000162198
0.000161957
0.000161894
0.000162003
0.000162264
0.00016265
0.000163133
0.00016369
0.000164305
0.000164979
0.000165749
0.00016669
0.000167891
0.000169407
0.000171221
0.000173239
0.00017533
0.000177378
0.000179309
0.000181105
0.000182789
0.0001844
0.000185978
0.000187555
0.000189154
0.000190787
0.000192458
0.000194166
0.000195905
0.000197672
0.000199463
0.000201279
0.000203117
0.000204977
0.000206857
0.000208754
0.000210668
0.000212597
0.000214541
0.0002165
0.000218468
0.000220458
0.000222446
0.000224475
0.000226469
0.000228526
0.000230609
0.000232415
0.000179524
0.000178985
0.000178769
0.000178526
0.000178221
0.00017783
0.000177338
0.00017673
0.000175991
0.0001751
0.000174034
0.000172773
0.000171293
0.000169573
0.000167588
0.000165317
0.000162738
0.000159834
0.000156592
0.000153005
0.000149076
0.000144811
0.000140229
0.000135349
0.000130201
0.000124819
0.000119245
0.000113533
0.000107746
0.000101963
9.62771e-05
9.07953e-05
8.56232e-05
8.08499e-05
7.6535e-05
7.27207e-05
6.94902e-05
6.70445e-05
6.57096e-05
6.57154e-05
6.69045e-05
6.92088e-05
7.26628e-05
7.72288e-05
8.28265e-05
8.93482e-05
9.66548e-05
0.000104575
0.000112914
0.000121461
0.000130002
0.000138338
0.000146293
0.000153731
0.000160563
0.000166752
0.000172314
0.000177306
0.00018182
0.00018596
0.000189828
0.000193505
0.000197047
0.000200487
0.000203837
0.000207089
0.000210216
0.000213184
0.000215968
0.000218567
0.000221001
0.000223305
0.000225506
0.000227629
0.00022969
0.000231705
0.000233685
0.00023564
0.000237579
0.000239507
0.000241429
0.000243347
0.000245262
0.000247176
0.000249091
0.000251008
0.000252929
0.000254855
0.000256789
0.00025873
0.000260683
0.000262641
0.00026462
0.000266589
0.000268617
0.000270559
0.00027272
0.000274459
0.000277065
0.000278257
3.35855e-05
5.0133e-05
9.6857e-05
0.000128754
0.000142989
0.000147022
0.000147443
0.000146397
0.000141257
0.000128135
0.000105799
7.28022e-05
4.57432e-05
4.16695e-05
6.31013e-05
0.000107233
0.000162752
0.00022115
0.000276491
0.00032558
0.000366685
0.000399076
0.0004227
0.00043781
0.00044416
0.000440883
0.000431298
0.000416505
0.000396607
0.000372056
0.000343086
0.000310051
0.000273815
0.000236372
0.000201492
0.000174887
0.000162429
0.000165309
0.000179196
0.000198129
0.00021795
0.000236613
0.000253308
0.000267961
0.000280749
0.000291209
0.000298409
0.000302373
0.000303853
0.000303707
0.000302658
0.000301132
0.000299218
0.000296832
0.000293968
0.000290821
0.000287735
0.000285058
0.000283026
0.00028172
0.000281088
0.000281005
0.000281322
0.000281902
0.00028264
0.000283469
0.000284357
0.000285295
0.00028629
0.000287353
0.000288495
0.000289721
0.000291034
0.000292433
0.000293915
0.000295478
0.00029712
0.000298836
0.000300623
0.000302478
0.000304395
0.00030637
0.000308399
0.000310475
0.000312596
0.000314758
0.000316957
0.000319189
0.000321454
0.000323747
0.00032607
0.000328413
0.000330792
0.000333168
0.00033562
0.000337977
0.000340592
0.000342713
0.000345866
0.000347297
3.32689e-05
0.000105318
0.000106283
9.59852e-05
8.06483e-05
6.12672e-05
4.22283e-05
3.09693e-05
3.3723e-05
4.94046e-05
6.75952e-05
8.12069e-05
0.000101974
0.000144677
0.000185326
0.000210036
0.0002195
0.000212066
0.000189291
0.000155605
0.000116709
7.76925e-05
4.25418e-05
1.7459e-05
2.27602e-05
4.32291e-05
6.47147e-05
8.48074e-05
0.000101709
0.000116626
0.000131161
0.000146113
0.000159648
0.000167927
0.000167442
0.000157596
0.000140895
0.000120934
0.000100855
8.28667e-05
6.79739e-05
5.63271e-05
4.76879e-05
4.17305e-05
3.87119e-05
3.90477e-05
4.21013e-05
4.69872e-05
5.34553e-05
6.13823e-05
7.04968e-05
8.02015e-05
8.97862e-05
9.86803e-05
0.000106573
0.0001134
0.000119266
0.000124362
0.000128906
0.000133103
0.000137117
0.000141051
0.000144949
0.00014881
0.000152604
0.000156294
0.000159846
0.00016324
0.000166474
0.00016956
0.000172518
0.000175372
0.000178145
0.000180855
0.000183513
0.000186126
0.000188702
0.000191244
0.000193759
0.000196253
0.000198733
0.000201203
0.000203669
0.000206135
0.000208604
0.000211079
0.000213563
0.000216056
0.000218561
0.000221078
0.000223608
0.000226154
0.00022871
0.000231289
0.000233867
0.000236491
0.000239081
0.000241751
0.000244414
0.000246961
0.000111118
0.000133618
8.31509e-05
4.86107e-05
3.61339e-05
2.94057e-05
2.56684e-05
2.77657e-05
3.42478e-05
4.56353e-05
6.23838e-05
8.79807e-05
0.000133088
0.000171467
0.000179427
0.000165897
0.000137122
0.000100411
6.4501e-05
3.63504e-05
1.88581e-05
1.04445e-05
9.34681e-06
1.89352e-05
3.60827e-05
5.6146e-05
7.54755e-05
9.07463e-05
0.000100705
0.000106015
0.000110206
0.00011718
0.000127278
0.000136137
0.000138262
0.000131551
0.000117393
9.93516e-05
8.09237e-05
6.45944e-05
5.15217e-05
4.18023e-05
3.49415e-05
3.01885e-05
2.69673e-05
2.50016e-05
2.39738e-05
2.35439e-05
2.3308e-05
2.25819e-05
2.08065e-05
1.78461e-05
1.4091e-05
1.06131e-05
9.36903e-06
1.13376e-05
1.48647e-05
1.85595e-05
2.19687e-05
2.50492e-05
2.78867e-05
3.05795e-05
3.3201e-05
3.58008e-05
3.84125e-05
4.10555e-05
4.37336e-05
4.64345e-05
4.91345e-05
5.18065e-05
5.44282e-05
5.69874e-05
5.94822e-05
6.19176e-05
6.43008e-05
6.66372e-05
6.89292e-05
7.11773e-05
7.33817e-05
7.55443e-05
7.76689e-05
7.97614e-05
8.18282e-05
8.3876e-05
8.5911e-05
8.79387e-05
8.9964e-05
9.19915e-05
9.40251e-05
9.60682e-05
9.81238e-05
0.000100195
0.000102283
0.000104392
0.000106519
0.000108682
0.000110834
0.000113124
0.000115181
0.000117825
0.000170702
0.00011049
3.28819e-05
2.04953e-05
2.73286e-05
2.80485e-05
2.70606e-05
2.70787e-05
2.84142e-05
3.05081e-05
4.61741e-05
8.68784e-05
0.000130151
0.000141207
0.000124824
9.39152e-05
5.91482e-05
3.23026e-05
2.13872e-05
2.25526e-05
2.61396e-05
2.49735e-05
1.52636e-05
1.28941e-05
3.57559e-05
6.11131e-05
8.29218e-05
9.78519e-05
0.00010439
0.000103135
9.88555e-05
9.78159e-05
0.000102638
0.000109648
0.000113095
0.000109324
9.85381e-05
8.37489e-05
6.84347e-05
5.50749e-05
4.47154e-05
3.72446e-05
3.19553e-05
2.81112e-05
2.51155e-05
2.25302e-05
2.02458e-05
1.83488e-05
1.688e-05
1.58035e-05
1.50809e-05
1.45916e-05
1.40958e-05
1.3329e-05
1.21177e-05
1.04533e-05
8.48981e-06
6.47469e-06
4.6604e-06
3.25543e-06
2.43532e-06
2.27347e-06
2.55039e-06
2.95735e-06
3.33372e-06
3.63138e-06
3.85995e-06
4.06203e-06
4.29416e-06
4.6045e-06
5.01361e-06
5.51239e-06
6.07655e-06
6.68331e-06
7.31911e-06
7.9788e-06
8.66099e-06
9.36393e-06
1.00838e-05
1.0815e-05
1.15523e-05
1.22916e-05
1.3031e-05
1.37703e-05
1.45102e-05
1.52521e-05
1.59976e-05
1.67485e-05
1.75066e-05
1.82738e-05
1.9052e-05
1.98434e-05
2.06489e-05
2.14731e-05
2.23109e-05
2.3183e-05
2.40421e-05
2.50249e-05
2.57932e-05
2.70516e-05
0.000205689
6.47558e-05
7.21804e-06
2.58893e-05
2.8185e-05
2.8647e-05
2.72758e-05
2.54673e-05
2.24805e-05
2.38891e-05
4.82046e-05
8.65183e-05
0.000105726
9.60484e-05
7.01752e-05
4.11003e-05
2.30824e-05
2.21185e-05
2.86208e-05
3.78029e-05
4.12777e-05
3.29508e-05
1.34553e-05
1.37818e-05
4.09326e-05
6.58993e-05
8.7178e-05
0.000102416
0.000108588
0.000104375
9.44409e-05
8.66354e-05
8.58163e-05
8.98271e-05
9.32915e-05
9.16553e-05
8.38759e-05
7.21505e-05
5.97389e-05
4.90699e-05
4.10301e-05
3.52899e-05
3.10763e-05
2.77382e-05
2.49009e-05
2.24313e-05
2.02932e-05
1.83743e-05
1.65531e-05
1.48363e-05
1.32696e-05
1.18971e-05
1.07333e-05
9.74873e-06
8.85997e-06
7.96066e-06
6.98215e-06
5.93124e-06
4.88322e-06
3.94596e-06
3.2187e-06
2.75403e-06
2.52783e-06
2.45386e-06
2.44514e-06
2.45071e-06
2.44982e-06
2.42919e-06
2.37337e-06
2.26995e-06
2.11971e-06
1.94e-06
1.75819e-06
1.6003e-06
1.48017e-06
1.39666e-06
1.33671e-06
1.28355e-06
1.2245e-06
1.15457e-06
1.07534e-06
9.9148e-07
9.07639e-07
8.26791e-07
7.50251e-07
6.78422e-07
6.11702e-07
5.50891e-07
4.97696e-07
4.54369e-07
4.24396e-07
4.10881e-07
4.16828e-07
4.43513e-07
4.87297e-07
5.54218e-07
6.22564e-07
7.34081e-07
8.16442e-07
8.87198e-07
0.000211916
3.22504e-05
2.1836e-05
2.58623e-05
2.55391e-05
2.46839e-05
2.29016e-05
2.21347e-05
2.32343e-05
3.17761e-05
5.48178e-05
7.61644e-05
7.6947e-05
5.99148e-05
3.83537e-05
2.68683e-05
2.77704e-05
3.23693e-05
4.10986e-05
4.75479e-05
4.40112e-05
3.13334e-05
2.04455e-05
2.89879e-05
4.77179e-05
6.65277e-05
8.30898e-05
9.62838e-05
0.000102656
9.90891e-05
8.7996e-05
7.7619e-05
7.37695e-05
7.57491e-05
7.91756e-05
7.90837e-05
7.33435e-05
6.37023e-05
5.34335e-05
4.48637e-05
3.85548e-05
3.39376e-05
3.02736e-05
2.71134e-05
2.4273e-05
2.16943e-05
1.9364e-05
1.72732e-05
1.54259e-05
1.38173e-05
1.24194e-05
1.12034e-05
1.01435e-05
9.20256e-06
8.32747e-06
7.46078e-06
6.55781e-06
5.6105e-06
4.65859e-06
3.77704e-06
3.0473e-06
2.52665e-06
2.22663e-06
2.10786e-06
2.09708e-06
2.12744e-06
2.15693e-06
2.16444e-06
2.13938e-06
2.07415e-06
1.96455e-06
1.81467e-06
1.63918e-06
1.45853e-06
1.29262e-06
1.1528e-06
1.04231e-06
9.5781e-07
8.91744e-07
8.35454e-07
7.82575e-07
7.30858e-07
6.81401e-07
6.36508e-07
5.97917e-07
5.66115e-07
5.40617e-07
5.20426e-07
5.04709e-07
4.92485e-07
4.83707e-07
4.76789e-07
4.73768e-07
4.69007e-07
4.73475e-07
4.63165e-07
4.87477e-07
4.49353e-07
5.34238e-07
4.88778e-07
0.000196753
3.31817e-05
2.64208e-05
2.32028e-05
1.83319e-05
1.60533e-05
1.72271e-05
2.02506e-05
2.54002e-05
3.66982e-05
5.35373e-05
6.31344e-05
5.83099e-05
4.5742e-05
3.692e-05
3.59339e-05
3.7588e-05
4.27747e-05
5.05582e-05
5.3241e-05
4.81749e-05
4.08378e-05
3.86999e-05
4.44479e-05
5.51107e-05
6.65706e-05
7.67829e-05
8.59808e-05
9.11683e-05
8.80453e-05
7.76788e-05
6.78244e-05
6.3762e-05
6.52989e-05
6.92258e-05
7.00032e-05
6.50663e-05
5.64971e-05
4.77421e-05
4.07492e-05
3.55777e-05
3.15225e-05
2.80344e-05
2.48945e-05
2.2064e-05
1.95547e-05
1.73694e-05
1.54748e-05
1.3819e-05
1.23604e-05
1.10738e-05
9.94912e-06
8.97478e-06
8.11996e-06
7.34059e-06
6.5889e-06
5.8287e-06
5.04989e-06
4.27416e-06
3.54712e-06
2.92097e-06
2.43802e-06
2.12095e-06
1.96236e-06
1.91741e-06
1.92648e-06
1.94143e-06
1.93817e-06
1.9089e-06
1.85185e-06
1.76553e-06
1.64964e-06
1.50918e-06
1.35515e-06
1.20394e-06
1.06941e-06
9.57513e-07
8.67524e-07
7.94919e-07
7.34567e-07
6.81707e-07
6.32608e-07
5.8543e-07
5.40296e-07
4.98391e-07
4.6084e-07
4.28119e-07
4.00035e-07
3.76088e-07
3.55638e-07
3.3835e-07
3.23515e-07
3.11654e-07
3.00669e-07
2.94753e-07
2.83857e-07
2.90802e-07
2.6639e-07
3.14295e-07
2.43316e-07
0.000170337
4.69838e-05
3.13828e-05
2.06291e-05
9.51792e-06
6.8217e-06
1.35182e-05
1.94254e-05
2.66238e-05
3.82529e-05
5.13705e-05
5.80565e-05
5.57852e-05
4.98072e-05
4.57118e-05
4.39991e-05
4.50775e-05
5.07591e-05
5.73204e-05
5.86681e-05
5.466e-05
4.97642e-05
4.74423e-05
4.91257e-05
5.42373e-05
6.05712e-05
6.68757e-05
7.34857e-05
7.774e-05
7.47745e-05
6.57657e-05
5.79976e-05
5.52144e-05
5.76723e-05
6.23588e-05
6.30313e-05
5.78675e-05
4.98745e-05
4.24043e-05
3.66617e-05
3.22448e-05
2.8525e-05
2.52031e-05
2.22217e-05
1.95904e-05
1.73052e-05
1.53353e-05
1.36341e-05
1.21578e-05
1.08729e-05
9.75104e-06
8.76997e-06
7.90906e-06
7.14569e-06
6.45179e-06
5.79442e-06
5.14566e-06
4.49428e-06
3.85187e-06
3.24858e-06
2.72051e-06
2.29826e-06
1.99996e-06
1.82406e-06
1.74719e-06
1.72532e-06
1.71739e-06
1.70012e-06
1.66589e-06
1.61411e-06
1.54467e-06
1.45651e-06
1.34973e-06
1.22919e-06
1.10264e-06
9.81912e-07
8.76094e-07
7.88824e-07
7.18585e-07
6.60984e-07
6.1216e-07
5.69357e-07
5.30497e-07
4.94114e-07
4.59716e-07
4.27703e-07
3.98783e-07
3.73405e-07
3.51599e-07
3.33004e-07
3.17293e-07
3.03814e-07
2.92863e-07
2.8283e-07
2.7677e-07
2.67436e-07
2.70683e-07
2.53165e-07
2.8185e-07
2.31719e-07
0.000141482
6.33999e-05
4.0555e-05
2.28172e-05
8.65311e-06
6.96676e-06
1.58954e-05
2.32795e-05
3.17763e-05
4.35639e-05
5.57775e-05
6.26847e-05
6.23041e-05
5.76072e-05
5.25062e-05
4.88754e-05
4.96889e-05
5.53982e-05
6.10393e-05
6.19779e-05
5.8193e-05
5.25752e-05
4.79335e-05
4.57555e-05
4.65096e-05
4.95918e-05
5.43242e-05
6.03735e-05
6.43533e-05
6.15912e-05
5.42558e-05
4.91296e-05
4.82769e-05
5.24274e-05
5.73788e-05
5.69007e-05
5.10561e-05
4.36682e-05
3.74156e-05
3.26354e-05
2.87391e-05
2.53226e-05
2.22784e-05
1.96073e-05
1.73041e-05
1.53351e-05
1.36499e-05
1.21947e-05
1.0922e-05
9.79631e-06
8.79368e-06
7.89998e-06
7.10514e-06
6.39613e-06
5.75431e-06
5.15764e-06
4.58698e-06
4.03369e-06
3.50369e-06
3.01448e-06
2.58649e-06
2.23574e-06
1.97113e-06
1.79177e-06
1.68509e-06
1.62434e-06
1.58167e-06
1.53882e-06
1.48892e-06
1.43078e-06
1.36351e-06
1.28519e-06
1.19442e-06
1.09339e-06
9.86709e-07
8.81005e-07
7.8398e-07
7.00378e-07
6.32018e-07
5.76702e-07
5.30654e-07
4.9084e-07
4.55746e-07
4.24513e-07
3.96278e-07
3.70333e-07
3.4647e-07
3.24913e-07
3.0598e-07
2.89732e-07
2.76109e-07
2.64597e-07
2.554e-07
2.47082e-07
2.42152e-07
2.3464e-07
2.37099e-07
2.23861e-07
2.44067e-07
2.08537e-07
0.000115941
7.79877e-05
5.21093e-05
2.9282e-05
1.57358e-05
1.56945e-05
2.28086e-05
3.17117e-05
4.17691e-05
5.368e-05
6.47259e-05
7.05665e-05
6.95147e-05
6.35959e-05
5.62709e-05
5.11258e-05
5.13643e-05
5.64078e-05
6.11655e-05
6.16494e-05
5.72793e-05
5.01042e-05
4.26698e-05
3.67273e-05
3.42794e-05
3.63972e-05
4.16514e-05
4.83467e-05
5.23401e-05
4.96406e-05
4.42824e-05
4.18288e-05
4.3214e-05
4.9089e-05
5.31748e-05
5.08905e-05
4.45542e-05
3.804e-05
3.28993e-05
2.88508e-05
2.53996e-05
2.23557e-05
1.9693e-05
1.74004e-05
1.544e-05
1.37569e-05
1.22967e-05
1.10142e-05
9.87659e-06
8.86194e-06
7.95473e-06
7.14367e-06
6.41895e-06
5.76962e-06
5.18181e-06
4.63884e-06
4.12523e-06
3.63311e-06
3.16662e-06
2.73992e-06
2.36934e-06
2.06533e-06
1.83065e-06
1.66214e-06
1.54886e-06
1.47337e-06
1.41647e-06
1.36466e-06
1.31231e-06
1.25795e-06
1.19994e-06
1.13528e-06
1.06142e-06
9.78221e-07
8.89465e-07
8.002e-07
7.15934e-07
6.40866e-07
5.76944e-07
5.24447e-07
4.81621e-07
4.45749e-07
4.14543e-07
3.86857e-07
3.62303e-07
3.4051e-07
3.20947e-07
3.0322e-07
2.87266e-07
2.7318e-07
2.61124e-07
2.50868e-07
2.42651e-07
2.35311e-07
2.30763e-07
2.24373e-07
2.25433e-07
2.15394e-07
2.28415e-07
2.03081e-07
9.5077e-05
8.42297e-05
6.03058e-05
3.31545e-05
1.48527e-05
2.1761e-05
3.21632e-05
4.15051e-05
5.261e-05
6.3868e-05
7.31026e-05
7.6933e-05
7.43793e-05
6.69297e-05
5.79026e-05
5.15331e-05
5.06534e-05
5.42357e-05
5.78655e-05
5.78666e-05
5.30807e-05
4.47789e-05
3.49373e-05
2.55699e-05
2.09425e-05
2.40666e-05
3.10209e-05
3.86536e-05
4.22554e-05
3.94297e-05
3.63859e-05
3.62621e-05
4.0159e-05
4.68349e-05
4.88594e-05
4.48099e-05
3.85599e-05
3.31028e-05
2.88797e-05
2.54081e-05
2.23917e-05
1.97576e-05
1.74849e-05
1.55355e-05
1.38555e-05
1.23923e-05
1.11045e-05
9.96148e-06
8.94079e-06
8.02557e-06
7.20277e-06
6.46266e-06
5.79757e-06
5.19964e-06
4.65883e-06
4.1627e-06
3.69932e-06
3.26232e-06
2.85486e-06
2.48823e-06
2.17471e-06
1.91988e-06
1.72098e-06
1.57108e-06
1.46059e-06
1.37754e-06
1.30937e-06
1.24725e-06
1.1877e-06
1.13002e-06
1.07276e-06
1.01263e-06
9.46178e-07
8.7221e-07
7.92943e-07
7.13061e-07
6.37261e-07
5.69291e-07
5.10348e-07
4.60627e-07
4.19383e-07
3.85472e-07
3.57003e-07
3.32333e-07
3.10484e-07
2.91154e-07
2.7421e-07
2.5937e-07
2.46283e-07
2.34699e-07
2.24627e-07
2.15929e-07
2.08933e-07
2.02748e-07
1.98985e-07
1.93822e-07
1.94671e-07
1.86918e-07
1.96722e-07
1.77807e-07
7.43796e-05
7.49685e-05
6.20368e-05
4.23882e-05
1.87198e-05
1.57977e-05
3.66187e-05
5.16722e-05
6.16515e-05
7.14429e-05
7.83918e-05
8.03458e-05
7.63509e-05
6.79076e-05
5.80727e-05
5.07519e-05
4.84105e-05
5.00903e-05
5.2292e-05
5.17934e-05
4.70858e-05
3.86511e-05
2.77744e-05
1.62128e-05
9.96788e-06
1.50287e-05
2.35505e-05
3.15754e-05
3.38917e-05
3.11483e-05
3.05937e-05
3.25231e-05
3.88541e-05
4.46431e-05
4.40138e-05
3.88795e-05
3.3292e-05
2.88601e-05
2.53527e-05
2.23756e-05
1.9785e-05
1.75419e-05
1.56089e-05
1.39352e-05
1.2471e-05
1.11775e-05
1.00268e-05
8.99865e-06
8.07702e-06
7.24895e-06
6.50366e-06
5.83248e-06
5.22827e-06
4.68421e-06
4.19223e-06
3.74227e-06
3.32411e-06
2.93172e-06
2.56734e-06
2.24108e-06
1.96448e-06
1.7424e-06
1.5705e-06
1.43933e-06
1.33843e-06
1.25762e-06
1.18784e-06
1.12345e-06
1.06299e-06
1.00679e-06
9.53908e-07
9.01139e-07
8.44548e-07
7.8193e-07
7.14288e-07
6.45145e-07
5.78838e-07
5.18688e-07
4.66222e-07
4.21415e-07
3.83535e-07
3.51836e-07
3.25294e-07
3.03015e-07
2.84002e-07
2.67495e-07
2.53097e-07
2.40631e-07
2.29905e-07
2.20632e-07
2.12611e-07
2.05586e-07
1.9979e-07
1.94575e-07
1.91256e-07
1.86969e-07
1.8716e-07
1.81405e-07
1.8767e-07
1.74062e-07
5.2542e-05
5.21447e-05
6.31621e-05
6.86969e-05
6.63335e-05
5.56838e-05
4.74933e-05
5.54458e-05
6.9249e-05
7.61597e-05
8.01643e-05
8.08645e-05
7.59597e-05
6.70461e-05
5.70114e-05
4.91418e-05
4.54514e-05
4.52383e-05
4.588e-05
4.47899e-05
4.04527e-05
3.27978e-05
2.25981e-05
1.1333e-05
3.42035e-06
9.74953e-06
1.92417e-05
2.66141e-05
2.66431e-05
2.50003e-05
2.65327e-05
3.0813e-05
3.84199e-05
4.17119e-05
3.87474e-05
3.3457e-05
2.88201e-05
2.52365e-05
2.22935e-05
1.97552e-05
1.75505e-05
1.56405e-05
1.39791e-05
1.25202e-05
1.12279e-05
1.00767e-05
9.04812e-06
8.12703e-06
7.30009e-06
6.55557e-06
5.88347e-06
5.27576e-06
4.72632e-06
4.22987e-06
3.78041e-06
3.37022e-06
2.99102e-06
2.6376e-06
2.31178e-06
2.0226e-06
1.78066e-06
1.58993e-06
1.44451e-06
1.333e-06
1.24395e-06
1.16801e-06
1.09842e-06
1.03205e-06
9.69313e-07
9.1179e-07
8.59337e-07
8.09125e-07
7.57151e-07
7.00676e-07
6.39842e-07
5.77357e-07
5.16977e-07
4.61801e-07
4.13502e-07
3.72177e-07
3.37159e-07
3.07313e-07
2.81959e-07
2.60658e-07
2.42761e-07
2.27647e-07
2.14768e-07
2.03768e-07
1.94462e-07
1.86677e-07
1.80243e-07
1.74814e-07
1.70445e-07
1.66457e-07
1.63997e-07
1.60595e-07
1.60949e-07
1.56337e-07
1.61597e-07
1.51101e-07
4.82845e-05
3.29515e-05
5.45781e-05
7.56899e-05
8.89328e-05
9.42501e-05
9.13547e-05
8.16893e-05
7.46981e-05
7.86234e-05
8.08173e-05
7.82845e-05
7.30363e-05
6.46328e-05
5.49776e-05
4.68924e-05
4.21777e-05
4.04335e-05
3.96886e-05
3.79498e-05
3.39625e-05
2.74443e-05
1.8888e-05
9.82652e-06
1.81402e-06
7.61826e-06
1.76887e-05
2.25274e-05
2.02635e-05
2.10363e-05
2.39981e-05
3.09564e-05
3.76333e-05
3.78035e-05
3.35149e-05
2.87903e-05
2.50784e-05
2.2146e-05
1.96634e-05
1.75062e-05
1.56278e-05
1.39868e-05
1.25414e-05
1.1258e-05
1.01128e-05
9.08839e-06
8.17046e-06
7.34603e-06
6.60349e-06
5.93274e-06
5.32533e-06
4.77455e-06
4.27531e-06
3.82336e-06
3.41401e-06
3.04094e-06
2.69695e-06
2.37705e-06
2.08237e-06
1.82114e-06
1.60379e-06
1.43484e-06
1.30867e-06
1.21311e-06
1.1358e-06
1.0673e-06
1.00177e-06
9.37483e-07
8.76142e-07
8.20354e-07
7.70754e-07
7.25e-07
6.79148e-07
6.30107e-07
5.77353e-07
5.22908e-07
4.69981e-07
4.21411e-07
3.78716e-07
3.42045e-07
3.10774e-07
2.83931e-07
2.61108e-07
2.41659e-07
2.25183e-07
2.11345e-07
1.99753e-07
1.90042e-07
1.81952e-07
1.75299e-07
1.69982e-07
1.65748e-07
1.62588e-07
1.59858e-07
1.58331e-07
1.5606e-07
1.56454e-07
1.53447e-07
1.56833e-07
1.49746e-07
6.47441e-05
4.87833e-05
4.52382e-05
5.7552e-05
7.47857e-05
9.0672e-05
0.000103624
0.000110809
0.000107183
8.95887e-05
7.82597e-05
7.55165e-05
6.89016e-05
6.05356e-05
5.18377e-05
4.4194e-05
3.89427e-05
3.61145e-05
3.43588e-05
3.21061e-05
2.83717e-05
2.28433e-05
1.59408e-05
8.98822e-06
1.47312e-06
8.69495e-06
1.77341e-05
1.7607e-05
1.56572e-05
1.87345e-05
2.35826e-05
3.18849e-05
3.56341e-05
3.32467e-05
2.87692e-05
2.49154e-05
2.19538e-05
1.95191e-05
1.74152e-05
1.55756e-05
1.39619e-05
1.25365e-05
1.1268e-05
1.01338e-05
9.11758e-06
8.20583e-06
7.3863e-06
6.64784e-06
5.98054e-06
5.37588e-06
4.82668e-06
4.32721e-06
3.87316e-06
3.46114e-06
3.08751e-06
2.74725e-06
2.43425e-06
2.144e-06
1.8773e-06
1.64165e-06
1.44713e-06
1.29853e-06
1.19037e-06
1.11007e-06
1.04456e-06
9.84175e-07
9.2358e-07
8.61927e-07
8.01879e-07
7.46925e-07
6.98482e-07
6.5479e-07
6.12164e-07
5.67377e-07
5.19468e-07
4.69935e-07
4.21587e-07
3.7706e-07
3.37854e-07
3.04194e-07
2.75488e-07
2.50959e-07
2.29968e-07
2.11749e-07
1.96387e-07
1.83391e-07
1.725e-07
1.63404e-07
1.55839e-07
1.49599e-07
1.44593e-07
1.40659e-07
1.37875e-07
1.35719e-07
1.34858e-07
1.33509e-07
1.34574e-07
1.32732e-07
1.36275e-07
1.31696e-07
)
;

boundaryField
{
    outlet
    {
        type            zeroGradient;
    }
    inlet
    {
        type            zeroGradient;
    }
    lowerWall
    {
        type            zeroGradient;
    }
    upperWall
    {
        type            zeroGradient;
    }
    frontAndBack
    {
        type            empty;
    }
}


// ************************************************************************* //
