/*--------------------------------*- C++ -*----------------------------------*\
  =========                 |
  \\      /  F ield         | OpenFOAM: The Open Source CFD Toolbox
   \\    /   O peration     | Website:  https://openfoam.org
    \\  /    A nd           | Version:  10
     \\/     M anipulation  |
\*---------------------------------------------------------------------------*/
FoamFile
{
    format      ascii;
    class       volScalarField;
    location    "0.125";
    object      epsilon;
}
// * * * * * * * * * * * * * * * * * * * * * * * * * * * * * * * * * * * * * //

dimensions      [0 2 -3 0 0 0 0];

internalField   nonuniform List<scalar> 
6820
(
23.2969
22.5752
21.9094
21.2853
20.7019
20.1633
19.6735
19.2345
18.8457
18.505
18.2092
17.9545
17.7371
17.5533
17.3994
17.2723
17.1689
17.0865
17.0226
16.9752
16.9423
16.9221
16.913
16.9138
16.923
16.9399
16.9627
16.9935
17.0182
17.099
16.9411
17.9213
13.5823
5.03385
6.81826
7.83923
8.46742
8.89774
9.23096
9.52089
9.79396
10.0622
10.3305
10.6009
10.8735
11.1482
11.4245
11.7017
11.9793
12.2565
12.5329
12.8079
13.0809
13.3515
13.6193
13.8839
14.1453
14.4033
14.6581
14.9106
15.162
15.4145
15.6834
15.9378
16.4137
16.4164
3.7036
4.1472
4.56525
4.9142
5.19788
5.43109
5.62787
5.79943
5.95421
6.09831
6.23601
6.37023
6.50288
6.63518
6.76784
6.90129
7.03569
7.17108
7.3074
7.44452
7.58228
7.7205
7.85902
7.99766
8.13633
8.27497
8.41359
8.55265
8.69194
8.83485
8.97626
9.13368
9.27769
3.54009
3.61093
3.72473
3.85371
3.98115
4.09938
4.20615
4.30187
4.38805
4.46645
4.53878
4.60655
4.67101
4.73313
4.79371
4.85331
4.91238
4.97123
5.03009
5.0891
5.14835
5.2079
5.26778
5.32799
5.38854
5.44945
5.51075
5.57258
5.63499
5.69855
5.7632
5.82998
5.89991
3.52064
3.50151
3.50498
3.52611
3.55867
3.5972
3.63777
3.67799
3.71658
3.75298
3.78711
3.81911
3.84925
3.87782
3.90513
3.93146
3.95704
3.98208
4.00676
4.03122
4.05555
4.07986
4.1042
4.12864
4.15321
4.17796
4.20293
4.22817
4.25377
4.27983
4.30645
4.33369
4.36166
3.5194
3.48247
3.45303
3.43232
3.41995
3.4145
3.41421
3.41749
3.42305
3.42994
3.43752
3.44537
3.45325
3.46102
3.46862
3.47605
3.48332
3.49046
3.49752
3.50454
3.51155
3.5186
3.52572
3.53294
3.54028
3.54777
3.55543
3.5633
3.5714
3.57979
3.58851
3.59755
3.60693
3.51943
3.47974
3.44283
3.40949
3.38025
3.35524
3.3342
3.31668
3.30212
3.28997
3.27975
3.27103
3.26351
3.25692
3.25108
3.24585
3.24111
3.2368
3.23286
3.22925
3.22595
3.22294
3.2202
3.21773
3.21552
3.21357
3.21188
3.21045
3.2093
3.20842
3.20784
3.20755
3.20754
3.51947
3.47943
3.44109
3.40466
3.37041
3.33852
3.30907
3.28206
3.25735
3.2348
3.21418
3.19529
3.17793
3.1619
3.14704
3.13321
3.12028
3.10816
3.09675
3.08599
3.07581
3.06617
3.05702
3.04834
3.04008
3.03224
3.02478
3.01769
3.01096
3.00459
2.99856
2.99287
2.9875
3.51948
3.47941
3.44085
3.40382
3.36835
3.33448
3.30225
3.27169
3.2428
3.21553
3.18984
3.16563
3.14283
3.12134
3.10106
3.08189
3.06375
3.04655
3.03022
3.01469
2.99991
2.98581
2.97235
2.95949
2.94719
2.93541
2.92413
2.91332
2.90295
2.89302
2.8835
2.87439
2.86564
3.51948
3.4794
3.44082
3.40368
3.36796
3.33361
3.30063
3.26898
3.23865
3.20962
3.18185
3.15532
3.12999
3.10579
3.0827
3.06064
3.03956
3.01942
3.00016
2.98173
2.96407
2.94716
2.93093
2.91537
2.90042
2.88606
2.87226
2.85899
2.84622
2.83394
2.82212
2.81074
2.79979
3.51948
3.4794
3.44081
3.40365
3.36788
3.33344
3.30028
3.26834
3.23759
3.208
3.17953
3.15214
3.1258
3.10047
3.07613
3.05273
3.03023
3.0086
2.98781
2.9678
2.94856
2.93004
2.91222
2.89505
2.87851
2.86258
2.84722
2.83241
2.81813
2.80436
2.79107
2.77825
2.76588
3.51948
3.4794
3.4408
3.40364
3.36786
3.3334
3.30019
3.26819
3.23734
3.20759
3.17891
3.15124
3.12456
3.09883
3.07401
3.05007
3.02698
3.0047
2.98321
2.96247
2.94246
2.92314
2.90449
2.88648
2.86908
2.85229
2.83606
2.82037
2.80522
2.79057
2.77642
2.76273
2.7495
3.51948
3.4794
3.44079
3.40363
3.36785
3.33337
3.30016
3.26814
3.23726
3.20747
3.17873
3.15099
3.12421
3.09835
3.07338
3.04925
3.02594
3.00341
2.98165
2.9606
2.94026
2.92059
2.90156
2.88316
2.86536
2.84814
2.83148
2.81535
2.79975
2.78464
2.77002
2.75586
2.74216
3.51947
3.47939
3.44079
3.40362
3.36783
3.33336
3.30014
3.26811
3.23722
3.20742
3.17867
3.1509
3.12409
3.0982
3.07317
3.04899
3.02561
3.003
2.98113
2.95998
2.93951
2.9197
2.90053
2.88197
2.864
2.84659
2.82974
2.81341
2.79759
2.78227
2.76742
2.75304
2.73909
3.51947
3.47939
3.44079
3.40362
3.36782
3.33334
3.30012
3.26808
3.23719
3.20739
3.17862
3.15085
3.12403
3.09812
3.07308
3.04888
3.02548
3.00284
2.98094
2.95975
2.93924
2.91939
2.90016
2.88154
2.8635
2.84602
2.82909
2.81268
2.79678
2.78136
2.76641
2.75192
2.73787
3.51947
3.47939
3.44078
3.40361
3.36782
3.33333
3.3001
3.26806
3.23717
3.20736
3.17859
3.15081
3.12399
3.09807
3.07303
3.04881
3.0254
3.00276
2.98085
2.95964
2.93912
2.91924
2.9
2.88136
2.86329
2.84579
2.82883
2.81239
2.79644
2.78099
2.766
2.75146
2.73736
3.51947
3.47939
3.44078
3.40361
3.36781
3.33332
3.30009
3.26805
3.23715
3.20733
3.17856
3.15078
3.12395
3.09803
3.07298
3.04876
3.02534
3.00269
2.98078
2.95957
2.93903
2.91915
2.8999
2.88125
2.86317
2.84566
2.82869
2.81223
2.79627
2.7808
2.76579
2.75123
2.73711
3.51947
3.47939
3.44078
3.4036
3.3678
3.33331
3.30008
3.26803
3.23713
3.20731
3.17853
3.15075
3.12392
3.09799
3.07294
3.04871
3.02529
3.00264
2.98072
2.9595
2.93896
2.91908
2.89982
2.88116
2.86308
2.84556
2.82858
2.81211
2.79615
2.78067
2.76565
2.75108
2.73694
3.51947
3.47939
3.44078
3.4036
3.3678
3.33331
3.30007
3.26802
3.23711
3.20729
3.17851
3.15072
3.12388
3.09795
3.0729
3.04867
3.02525
3.00259
2.98066
2.95944
2.9389
2.91901
2.89975
2.88108
2.863
2.84547
2.82848
2.81201
2.79604
2.78055
2.76552
2.75094
2.73679
3.51947
3.47939
3.44077
3.4036
3.36779
3.3333
3.30006
3.26801
3.2371
3.20727
3.17849
3.1507
3.12386
3.09792
3.07286
3.04863
3.0252
3.00254
2.98061
2.95939
2.93884
2.91895
2.89968
2.88101
2.86292
2.84539
2.82839
2.81192
2.79594
2.78044
2.7654
2.75082
2.73666
3.51947
3.47938
3.44077
3.40359
3.36779
3.33329
3.30005
3.268
3.23708
3.20726
3.17847
3.15068
3.12383
3.09789
3.07283
3.0486
3.02516
3.00249
2.98056
2.95933
2.93878
2.91889
2.89961
2.88094
2.86285
2.84531
2.82831
2.81182
2.79584
2.78033
2.76529
2.75069
2.73653
3.51947
3.47938
3.44077
3.40359
3.36779
3.33329
3.30004
3.26799
3.23707
3.20724
3.17845
3.15066
3.12381
3.09787
3.0728
3.04856
3.02513
3.00245
2.98052
2.95929
2.93873
2.91883
2.89955
2.88087
2.86277
2.84523
2.82823
2.81174
2.79574
2.78023
2.76518
2.75057
2.7364
3.51947
3.47938
3.44077
3.40359
3.36778
3.33329
3.30004
3.26798
3.23706
3.20723
3.17844
3.15064
3.12379
3.09785
3.07277
3.04853
3.02509
3.00242
2.98048
2.95924
2.93868
2.91878
2.89949
2.88081
2.86271
2.84516
2.82815
2.81165
2.79565
2.78013
2.76507
2.75046
2.73628
3.51947
3.47938
3.44077
3.40359
3.36778
3.33328
3.30003
3.26798
3.23706
3.20722
3.17843
3.15062
3.12377
3.09783
3.07275
3.04851
3.02506
3.00238
2.98044
2.9592
2.93864
2.91873
2.89944
2.88075
2.86264
2.84509
2.82807
2.81157
2.79556
2.78004
2.76497
2.75035
2.73616
3.51947
3.47938
3.44077
3.40359
3.36778
3.33328
3.30003
3.26797
3.23705
3.20721
3.17842
3.15061
3.12375
3.09781
3.07273
3.04848
3.02504
3.00235
2.98041
2.95916
2.9386
2.91868
2.89939
2.8807
2.86258
2.84502
2.828
2.81149
2.79548
2.77995
2.76487
2.75025
2.73604
3.51947
3.47938
3.44077
3.40359
3.36778
3.33328
3.30003
3.26797
3.23704
3.20721
3.17841
3.1506
3.12374
3.09779
3.07271
3.04846
3.02501
3.00233
2.98038
2.95913
2.93856
2.91864
2.89934
2.88065
2.86253
2.84496
2.82793
2.81142
2.7954
2.77986
2.76478
2.75015
2.73594
3.51947
3.47938
3.44077
3.40359
3.36778
3.33328
3.30002
3.26796
3.23704
3.2072
3.1784
3.15059
3.12373
3.09778
3.07269
3.04844
3.02499
3.0023
2.98035
2.9591
2.93852
2.9186
2.8993
2.8806
2.86247
2.8449
2.82787
2.81135
2.79533
2.77978
2.76469
2.75005
2.73584
3.51947
3.47938
3.44077
3.40359
3.36778
3.33328
3.30002
3.26796
3.23704
3.2072
3.17839
3.15058
3.12372
3.09777
3.07268
3.04843
3.02498
3.00228
2.98033
2.95907
2.9385
2.91857
2.89926
2.88056
2.86243
2.84486
2.82782
2.81129
2.79526
2.77971
2.76462
2.74997
2.73575
3.51947
3.47938
3.44077
3.40359
3.36778
3.33327
3.30002
3.26796
3.23703
3.20719
3.17838
3.15057
3.12371
3.09775
3.07267
3.04841
3.02495
3.00226
2.9803
2.95905
2.93847
2.91853
2.89923
2.88052
2.86239
2.84481
2.82776
2.81123
2.7952
2.77964
2.76454
2.74989
2.73566
3.51947
3.47938
3.44077
3.40359
3.36778
3.33328
3.30003
3.26796
3.23704
3.2072
3.1784
3.15058
3.12372
3.09776
3.07268
3.04842
3.02496
3.00226
2.9803
2.95904
2.93846
2.91852
2.89921
2.8805
2.86236
2.84478
2.82773
2.8112
2.79516
2.7796
2.76449
2.74983
2.7356
3.51947
3.47939
3.44077
3.40359
3.36778
3.33328
3.30002
3.26796
3.23703
3.20719
3.17838
3.15057
3.12371
3.09775
3.07266
3.0484
3.02494
3.00225
2.98028
2.95903
2.93844
2.91851
2.89919
2.88048
2.86234
2.84476
2.82771
2.81117
2.79513
2.77957
2.76446
2.7498
2.73557
3.51947
3.47938
3.44077
3.40359
3.36779
3.3333
3.30005
3.268
3.23708
3.20724
3.17844
3.15063
3.12377
3.09781
3.07273
3.04847
3.02501
3.00231
2.98035
2.95909
2.93851
2.91857
2.89926
2.88055
2.86242
2.84484
2.82779
2.81126
2.79522
2.77967
2.76457
2.74992
2.73569
3.51948
3.4794
3.4408
3.40362
3.36782
3.33332
3.30007
3.26801
3.23708
3.20725
3.17845
3.15064
3.12379
3.09784
3.07277
3.04852
3.02508
3.00241
2.98047
2.95924
2.93868
2.91878
2.8995
2.88083
2.86274
2.8452
2.8282
2.81172
2.79574
2.78024
2.7652
2.75061
2.73644
3.51947
3.47939
3.44079
3.40365
3.36789
3.33343
3.30023
3.26821
3.23733
3.20753
3.17877
3.15101
3.12421
3.09832
3.07332
3.04916
3.02581
3.00324
2.98142
2.96032
2.93992
2.92017
2.90107
2.88258
2.86469
2.84736
2.83058
2.81433
2.79859
2.78334
2.76855
2.75422
2.74033
3.51949
3.47947
3.44095
3.40385
3.36811
3.33369
3.30054
3.26862
3.23789
3.2083
3.1798
3.15236
3.12593
3.10048
3.07596
3.05235
3.0296
3.00768
2.98655
2.96619
2.94656
2.92763
2.90937
2.89175
2.87475
2.85833
2.84248
2.82718
2.81239
2.7981
2.78428
2.77093
2.758
3.5195
3.47952
3.44117
3.40446
3.36933
3.33572
3.30359
3.2729
3.24361
3.21569
3.18909
3.16375
3.13963
3.11666
3.09479
3.07396
3.05411
3.03519
3.01714
2.99992
2.98347
2.96774
2.9527
2.93831
2.92452
2.91129
2.89861
2.88643
2.87472
2.86346
2.85263
2.84219
2.83213
3.51969
3.48122
3.44561
3.41286
3.38295
3.35586
3.33147
3.3096
3.29005
3.2726
3.25703
3.24315
3.23075
3.21967
3.20974
3.20084
3.19282
3.18558
3.17902
3.17304
3.16758
3.16256
3.15793
3.15363
3.14961
3.14583
3.14227
3.13889
3.13566
3.13256
3.12957
3.12667
3.12384
3.52527
3.51368
3.51617
3.52941
3.55062
3.57776
3.60921
3.6437
3.68027
3.71817
3.75682
3.79577
3.83466
3.87321
3.91121
3.9485
3.98496
4.02049
4.05503
4.08854
4.121
4.15238
4.1827
4.21195
4.24014
4.26731
4.29346
4.31862
4.34283
4.36611
4.38849
4.41
4.43069
3.83318
4.3651
4.84921
5.31431
5.77489
6.22633
6.66435
7.08709
7.49419
7.88606
8.26345
8.62728
8.97844
9.31778
9.64603
9.96388
10.2719
10.5706
10.8605
11.1419
11.4152
11.6807
11.9388
12.1897
12.4337
12.6711
12.902
13.1267
13.3455
13.5585
13.7659
13.968
14.165
30.2663
32.7713
35.3126
37.865
40.4148
42.9529
45.4712
47.9622
50.4189
52.835
55.2051
57.5243
59.7886
61.9944
64.1391
66.2203
68.2366
70.1867
72.07
73.8862
75.6354
77.3179
78.9345
80.486
81.9735
83.3985
84.7622
86.0662
87.3122
88.5019
89.637
90.7191
91.7513
84.9527
233.302
409.917
575.297
703.325
783.433
818.268
817.908
793.998
756.801
713.837
669.921
627.76
588.618
552.887
520.497
491.187
464.656
440.625
418.849
399.109
381.194
364.897
350.009
336.325
323.646
311.79
300.592
289.904
279.604
269.588
259.772
250.093
240.506
230.983
221.51
212.087
202.725
193.441
184.26
175.205
166.301
157.568
149.021
140.665
132.497
124.505
116.669
108.96
101.347
93.7962
86.2752
78.7592
71.2346
63.7045
56.1943
48.7567
41.476
34.4705
27.8892
21.9025
16.6803
12.3579
8.99619
6.55423
4.89588
3.83433
3.18659
2.80729
2.59512
2.48434
2.43362
2.4173
2.41957
2.43082
2.44531
2.45981
2.47265
2.48317
2.49134
2.49752
2.50227
2.50626
2.51017
2.51458
2.51997
2.52662
2.53461
2.54382
2.5539
2.56437
2.57464
2.58407
2.59205
2.59805
2.60164
2.60263
2.60051
2.59708
2.58376
19.134
27.6397
43.6254
67.8513
99.7784
137.741
179.27
221.496
261.534
296.893
325.712
346.947
360.424
366.734
366.997
362.568
354.792
344.837
333.626
321.828
309.896
298.109
286.625
275.519
264.812
254.494
244.534
234.893
225.529
216.398
207.461
198.688
190.053
181.542
173.147
164.873
156.729
148.731
140.9
133.257
125.821
118.611
111.636
104.901
98.4027
92.1278
86.0559
80.1597
74.407
68.7637
63.1965
57.6772
52.1866
46.7188
41.286
35.9221
30.6857
25.6603
20.9511
16.6758
12.9472
9.85072
7.41963
5.62161
4.36656
3.53416
3.00552
2.68318
2.49598
2.39511
2.34803
2.33331
2.33695
2.34996
2.36667
2.38362
2.39886
2.41144
2.42107
2.42789
2.43235
2.43502
2.43659
2.43771
2.43901
2.441
2.44406
2.44837
2.45394
2.46058
2.46792
2.47548
2.48272
2.48908
2.49403
2.49715
2.4982
2.49665
2.494
2.48283
9.42263
9.78253
10.7384
12.6533
15.7907
20.3342
26.3411
33.9206
43.175
54.1281
66.6154
80.271
94.5549
108.818
122.385
134.64
145.09
153.41
159.465
163.301
165.103
165.15
163.755
161.224
157.824
153.775
149.246
144.366
139.231
133.914
128.469
122.943
117.373
111.794
106.238
100.735
95.3172
90.0113
84.8441
79.8385
75.0131
70.381
65.9489
61.7161
57.6749
53.8107
50.1026
46.5255
43.0516
39.6531
36.3048
32.9873
29.6903
26.4159
23.1809
20.019
16.9798
14.1259
11.5261
9.24466
7.32809
5.79376
4.62499
3.77635
3.1867
2.79348
2.54226
2.3902
2.30549
2.26526
2.25331
2.25837
2.2727
2.29109
2.31014
2.32773
2.34267
2.35441
2.36286
2.36827
2.37107
2.37185
2.37123
2.36987
2.36838
2.3673
2.36704
2.36789
2.36996
2.37316
2.37728
2.38195
2.38672
2.39108
2.39458
2.39677
2.39739
2.39591
2.3936
2.3839
5.97585
6.05875
6.16955
6.35888
6.68352
7.1954
7.93468
8.9353
10.2365
11.8581
13.836
16.2057
18.9924
22.2029
25.817
29.7799
33.9979
38.3402
42.6491
46.756
50.5023
53.7566
56.4258
58.4579
59.8392
60.587
60.7421
60.3609
59.5091
58.2563
56.6718
54.8217
52.7675
50.5649
48.2638
45.908
43.5358
41.1801
38.8681
36.6217
34.4576
32.3867
30.4145
28.5414
26.7624
25.0684
23.4464
21.8813
20.3564
18.8559
17.3658
15.8767
14.3851
12.8951
11.42
9.98136
8.60811
7.33277
6.18665
5.19427
4.36868
3.70948
3.20419
2.8322
2.56957
2.39276
2.2809
2.21659
2.18589
2.17799
2.1847
2.19995
2.21937
2.23985
2.25931
2.27641
2.29039
2.30094
2.30807
2.31205
2.3133
2.31236
2.30981
2.30628
2.30233
2.29852
2.29528
2.29294
2.2917
2.29159
2.2925
2.29419
2.29629
2.29839
2.30008
2.30094
2.3007
2.29884
2.29645
2.28753
4.39387
4.42951
4.4662
4.50915
4.56674
4.64975
4.7695
4.93634
5.15992
5.44501
5.79662
6.21939
6.71725
7.29308
7.94828
8.68206
9.49047
10.3652
11.293
12.2549
13.2274
14.1836
15.0948
15.9328
16.6712
17.2877
17.7649
18.092
18.2647
18.2855
18.1632
17.9113
17.5468
17.0891
16.5581
15.9733
15.3528
14.7132
14.0683
13.4296
12.8059
12.2033
11.6254
11.0734
10.5462
10.0408
9.5525
9.07557
8.60355
8.13004
7.64945
7.15782
6.6537
6.13887
5.61874
5.10226
4.60106
4.12811
3.69581
3.31418
2.98952
2.72384
2.51523
2.35877
2.2477
2.17442
2.13133
2.11137
2.10827
2.11679
2.13263
2.15242
2.17357
2.19418
2.21289
2.22882
2.24145
2.2506
2.25633
2.2589
2.25869
2.2562
2.25196
2.24653
2.24046
2.23425
2.22836
2.22315
2.21888
2.21565
2.21346
2.21217
2.21151
2.21117
2.21078
2.20999
2.20852
2.20586
2.20301
2.19422
3.61805
3.63066
3.64335
3.65656
3.67132
3.68943
3.7135
3.74649
3.79119
3.85006
3.92499
4.01727
4.12761
4.25619
4.40266
4.56613
4.74514
4.93753
5.14041
5.35009
5.56226
5.77208
5.97444
6.16412
6.336
6.48523
6.60751
6.69928
6.75808
6.78264
6.77307
6.73075
6.65826
6.5591
6.4374
6.29766
6.1444
5.98196
5.81427
5.64474
5.47615
5.31059
5.14948
4.99352
4.84277
4.69662
4.55393
4.41305
4.27203
4.12872
3.98109
3.82745
3.6668
3.49918
3.32586
3.14944
2.97373
2.8034
2.64337
2.49825
2.37174
2.26623
2.18266
2.1206
2.07844
2.05379
2.04376
2.0453
2.05545
2.07149
2.09105
2.11212
2.1331
2.1527
2.17
2.18436
2.19543
2.20309
2.2074
2.20859
2.20703
2.20314
2.1974
2.19032
2.18241
2.17414
2.16594
2.15819
2.15118
2.14509
2.13997
2.13579
2.13237
2.12949
2.12686
2.12416
2.12116
2.11734
2.11369
2.10444
3.20782
3.20827
3.20881
3.20946
3.21032
3.21165
3.2139
3.21771
3.22386
3.23316
3.24641
3.26426
3.28716
3.31537
3.34888
3.38745
3.43061
3.47764
3.52759
3.5793
3.63143
3.68255
3.73118
3.77589
3.81526
3.84799
3.87295
3.88915
3.89589
3.89273
3.87956
3.8566
3.8244
3.78375
3.73569
3.68138
3.62206
3.559
3.49338
3.4263
3.3587
3.29137
3.2249
3.15968
3.09592
3.03359
2.97251
2.91229
2.85244
2.79233
2.73133
2.66884
2.60444
2.538
2.46979
2.40052
2.33145
2.26422
2.20077
2.14309
2.09299
2.05188
2.02061
1.99944
1.98798
1.98537
1.99036
2.00148
2.01716
2.03587
2.05616
2.07673
2.09646
2.11446
2.13001
2.14263
2.15206
2.15818
2.16108
2.16096
2.15813
2.15297
2.14591
2.1374
2.1279
2.11785
2.10767
2.09771
2.08828
2.0796
2.07179
2.06488
2.05879
2.05337
2.0484
2.04364
2.03887
2.03361
2.02886
2.01861
2.98161
2.97508
2.96862
2.96221
2.95586
2.94963
2.94356
2.93779
2.93246
2.92781
2.92405
2.92141
2.9201
2.92028
2.92202
2.92535
2.93018
2.93634
2.94353
2.95139
2.95947
2.96726
2.97424
2.97988
2.98367
2.98514
2.98387
2.97948
2.9717
2.96033
2.94529
2.92659
2.90436
2.87883
2.8503
2.81915
2.78578
2.75064
2.71414
2.6767
2.6387
2.60048
2.56229
2.52437
2.48688
2.44989
2.41346
2.37755
2.3421
2.30701
2.27216
2.23746
2.20284
2.16835
2.13415
2.10057
2.06813
2.03751
2.00954
1.98508
1.96496
1.94988
1.94027
1.93631
1.93785
1.94447
1.95551
1.97011
1.98733
2.00615
2.0256
2.04473
2.0627
2.07881
2.09248
2.10332
2.11109
2.11571
2.11725
2.11588
2.11186
2.10555
2.09731
2.08755
2.07669
2.06513
2.05324
2.04138
2.02984
2.01887
2.00864
1.99922
1.9906
1.98271
1.97541
1.96849
1.9618
1.95489
1.94882
1.9371
2.85589
2.84501
2.83421
2.82347
2.8128
2.80219
2.79165
2.7812
2.77085
2.76066
2.75068
2.74097
2.73158
2.72256
2.71395
2.70578
2.69804
2.69071
2.68371
2.67693
2.67023
2.66344
2.65637
2.64883
2.64061
2.63154
2.62144
2.61014
2.59752
2.58348
2.56797
2.55095
2.53244
2.51252
2.49127
2.46882
2.44531
2.4209
2.39575
2.37003
2.3439
2.3175
2.29097
2.26442
2.23795
2.21165
2.18559
2.15985
2.13447
2.10952
2.08506
2.06117
2.03795
2.01553
1.99412
1.97395
1.95535
1.9387
1.92441
1.91291
1.90462
1.89985
1.89882
1.90157
1.908
1.91781
1.93055
1.94564
1.96239
1.98007
1.99792
2.01518
2.03117
2.0453
2.05708
2.06616
2.07233
2.07552
2.07576
2.0732
2.0681
2.06073
2.05145
2.0406
2.02857
2.0157
2.00237
1.98889
1.97554
1.96259
1.95021
1.93853
1.92758
1.91736
1.90778
1.89871
1.89004
1.88134
1.8738
1.86024
2.78752
2.77378
2.76013
2.74655
2.73304
2.7196
2.70623
2.69292
2.6797
2.66657
2.65353
2.64059
2.62776
2.61504
2.60245
2.58997
2.5776
2.56534
2.55317
2.54105
2.52893
2.51677
2.50449
2.49202
2.47931
2.46626
2.45283
2.43893
2.42452
2.40955
2.39398
2.37779
2.36097
2.34354
2.32552
2.30694
2.28785
2.26831
2.24838
2.22812
2.20759
2.18686
2.16599
2.14504
2.12408
2.10317
2.08238
2.06178
2.04148
2.02155
2.00212
1.98332
1.96529
1.94821
1.93229
1.91773
1.9048
1.89375
1.88486
1.8784
1.8746
1.87362
1.87557
1.88044
1.88811
1.89834
1.91078
1.92496
1.94034
1.95631
1.97223
1.98748
2.00145
2.01363
2.02357
2.03097
2.03562
2.03744
2.03647
2.03283
2.02671
2.0184
2.00818
1.99638
1.98333
1.96937
1.95481
1.93995
1.92508
1.91042
1.89618
1.8825
1.86946
1.8571
1.84538
1.83422
1.82357
1.813
1.8039
1.78823
2.75197
2.73638
2.72086
2.70542
2.69005
2.67475
2.65953
2.64437
2.6293
2.61432
2.59942
2.58462
2.56991
2.55528
2.54074
2.52627
2.51187
2.49752
2.48323
2.46896
2.45469
2.44042
2.42611
2.41174
2.39728
2.3827
2.36799
2.35312
2.33807
2.32281
2.30733
2.29161
2.27565
2.25943
2.24297
2.22626
2.20932
2.19216
2.1748
2.15726
2.13957
2.12174
2.1038
2.0858
2.06776
2.04975
2.03181
2.01403
1.99648
1.97927
1.96252
1.94636
1.93096
1.91648
1.90311
1.89106
1.88055
1.87178
1.86498
1.86033
1.85799
1.85808
1.86064
1.86565
1.873
1.88246
1.89373
1.90642
1.92006
1.93412
1.94804
1.96127
1.97327
1.98357
1.99177
1.99759
2.00081
2.00137
1.99927
1.99462
1.98759
1.97842
1.96737
1.95473
1.94082
1.92591
1.91032
1.89431
1.87815
1.86205
1.84622
1.83082
1.81594
1.80165
1.78796
1.77484
1.76228
1.74987
1.73918
1.72122
2.7346
2.71786
2.70118
2.68457
2.66801
2.65152
2.6351
2.61875
2.60248
2.58629
2.5702
2.55421
2.53832
2.52253
2.50683
2.49123
2.47571
2.46028
2.44491
2.4296
2.41434
2.39912
2.38392
2.36873
2.35354
2.33835
2.32313
2.30789
2.29262
2.27729
2.26192
2.24648
2.23096
2.21537
2.19969
2.18391
2.16805
2.15208
2.13603
2.11988
2.10364
2.08732
2.07093
2.0545
2.03804
2.02161
2.00525
1.98903
1.97301
1.95731
1.94203
1.9273
1.91327
1.90011
1.88797
1.87706
1.86756
1.85966
1.85354
1.84935
1.84722
1.84724
1.84944
1.85378
1.86016
1.86838
1.87816
1.88916
1.90097
1.91309
1.92505
1.93633
1.94645
1.95498
1.96155
1.96588
1.96778
1.96716
1.96403
1.95845
1.9506
1.94066
1.92888
1.91552
1.90086
1.88516
1.8687
1.85173
1.83449
1.81719
1.80002
1.78314
1.76668
1.7507
1.73526
1.72034
1.706
1.69181
1.67957
1.65927
2.7267
2.70931
2.69196
2.67465
2.65739
2.64018
2.62303
2.60594
2.58892
2.57198
2.55513
2.53837
2.52172
2.50517
2.48873
2.4724
2.45617
2.44005
2.42403
2.4081
2.39226
2.37649
2.3608
2.34517
2.3296
2.31408
2.29861
2.28318
2.2678
2.25244
2.23711
2.2218
2.2065
2.19121
2.1759
2.16059
2.14525
2.12988
2.11447
2.09902
2.08353
2.068
2.05243
2.03683
2.02123
2.00567
1.99018
1.97482
1.95966
1.9448
1.93033
1.91637
1.90307
1.89056
1.879
1.86857
1.85944
1.85176
1.8457
1.84139
1.83895
1.83843
1.83988
1.84324
1.84842
1.85525
1.86346
1.87276
1.88275
1.89301
1.90309
1.91253
1.92089
1.92775
1.93279
1.93574
1.93641
1.93471
1.93063
1.92422
1.91562
1.905
1.89258
1.8786
1.86329
1.84693
1.82974
1.81198
1.79384
1.77555
1.75727
1.73916
1.72135
1.70392
1.68695
1.67044
1.65448
1.63864
1.62495
1.60232
2.72335
2.70561
2.6879
2.67022
2.65258
2.63496
2.6174
2.59988
2.58242
2.56503
2.54771
2.53049
2.51335
2.49632
2.4794
2.46259
2.44589
2.4293
2.41283
2.39648
2.38023
2.36409
2.34805
2.33211
2.31626
2.30051
2.28484
2.26926
2.25375
2.23833
2.22297
2.20768
2.19244
2.17725
2.1621
2.14698
2.13187
2.11677
2.10167
2.08656
2.07144
2.0563
2.04115
2.02599
2.01086
1.99576
1.98075
1.96587
1.95119
1.93679
1.92277
1.90922
1.89628
1.88409
1.87277
1.86249
1.8534
1.84565
1.83937
1.8347
1.83172
1.8305
1.83105
1.83334
1.83727
1.84269
1.84936
1.857
1.86526
1.87376
1.88207
1.88978
1.89648
1.9018
1.90542
1.90709
1.90662
1.90393
1.89898
1.89182
1.88255
1.87133
1.85835
1.84383
1.82799
1.81106
1.79328
1.77485
1.75599
1.73688
1.71769
1.69856
1.67963
1.66099
1.64271
1.62482
1.60743
1.5901
1.57508
1.55025
2.72199
2.70409
2.6862
2.66834
2.65049
2.63267
2.61488
2.59713
2.57943
2.56178
2.5442
2.52669
2.50927
2.49194
2.4747
2.45758
2.44056
2.42366
2.40687
2.39021
2.37366
2.35724
2.34093
2.32473
2.30865
2.29269
2.27683
2.26108
2.24544
2.2299
2.21445
2.1991
2.18382
2.16862
2.15349
2.13841
2.12337
2.10836
2.09338
2.07841
2.06345
2.0485
2.03355
2.01862
2.00373
1.98889
1.97414
1.95952
1.94511
1.93097
1.91718
1.90385
1.89108
1.87901
1.86776
1.85746
1.84826
1.84029
1.83367
1.82852
1.82493
1.82294
1.82256
1.82378
1.82649
1.83054
1.83574
1.84181
1.84844
1.85527
1.86193
1.86802
1.87318
1.87706
1.87935
1.87983
1.87832
1.87471
1.86897
1.86113
1.85127
1.83952
1.82606
1.81109
1.7948
1.77741
1.75913
1.74017
1.72072
1.70095
1.68102
1.66107
1.64122
1.62157
1.6022
1.58314
1.56452
1.54589
1.52971
1.50285
2.72142
2.70345
2.68548
2.66752
2.64957
2.63164
2.61374
2.59587
2.57804
2.56025
2.54251
2.52484
2.50725
2.48973
2.4723
2.45497
2.43774
2.42062
2.40361
2.38672
2.36995
2.3533
2.33677
2.32036
2.30408
2.28792
2.27188
2.25597
2.24017
2.22449
2.20891
2.19345
2.17808
2.1628
2.14761
2.13248
2.11742
2.10241
2.08744
2.07251
2.0576
2.04272
2.02786
2.01304
1.99826
1.98355
1.96894
1.95448
1.94021
1.92621
1.91255
1.89931
1.88662
1.87456
1.86327
1.85287
1.84348
1.83523
1.82822
1.82256
1.81833
1.81556
1.81428
1.81445
1.81598
1.81875
1.82255
1.82714
1.83224
1.83752
1.84263
1.84721
1.85093
1.85347
1.85454
1.85391
1.85143
1.84698
1.84052
1.83206
1.82168
1.80948
1.79561
1.78025
1.76359
1.74583
1.72715
1.70777
1.68784
1.66754
1.64702
1.62641
1.60583
1.58536
1.5651
1.54508
1.52544
1.5057
1.48851
1.45986
2.72114
2.70313
2.68511
2.66711
2.64911
2.63113
2.61317
2.59523
2.57732
2.55945
2.54162
2.52386
2.50615
2.48851
2.47095
2.45348
2.43611
2.41883
2.40166
2.3846
2.36765
2.35082
2.33412
2.31753
2.30107
2.28474
2.26853
2.25245
2.23649
2.22066
2.20494
2.18934
2.17385
2.15847
2.14317
2.12796
2.11283
2.09776
2.08275
2.06779
2.05288
2.038
2.02317
2.00839
1.99366
1.97902
1.96449
1.9501
1.93591
1.92198
1.90838
1.89518
1.88249
1.8704
1.85903
1.84847
1.83886
1.83029
1.82287
1.8167
1.81183
1.80831
1.80615
1.80532
1.80574
1.80729
1.80978
1.81299
1.81665
1.82048
1.82414
1.82732
1.8297
1.83098
1.83091
1.82927
1.82589
1.82067
1.81355
1.80454
1.79369
1.7811
1.76688
1.75121
1.73425
1.71619
1.69721
1.67749
1.65719
1.63648
1.6155
1.59437
1.57321
1.55209
1.53112
1.51032
1.48984
1.46918
1.45117
1.42097
2.72095
2.70292
2.68488
2.66685
2.64882
2.6308
2.6128
2.59482
2.57686
2.55894
2.54105
2.52322
2.50544
2.48772
2.47007
2.45249
2.43501
2.41761
2.40031
2.38311
2.36603
2.34905
2.3322
2.31546
2.29884
2.28235
2.26599
2.24975
2.23364
2.21766
2.2018
2.18606
2.17044
2.15493
2.13952
2.1242
2.10897
2.09383
2.07875
2.06373
2.04878
2.03388
2.01904
2.00426
1.98955
1.97493
1.96043
1.94609
1.93194
1.91804
1.90445
1.89126
1.87854
1.86638
1.85489
1.84416
1.8343
1.82541
1.81758
1.81089
1.80541
1.80117
1.79817
1.7964
1.79577
1.79616
1.79742
1.79933
1.80166
1.80412
1.80644
1.8083
1.80943
1.80955
1.80842
1.80583
1.80162
1.7957
1.78799
1.77848
1.76722
1.75429
1.73979
1.72387
1.70668
1.6884
1.66918
1.64921
1.62864
1.60761
1.58628
1.56475
1.54313
1.52151
1.49998
1.47857
1.45743
1.43603
1.41735
1.38588
2.72079
2.70274
2.68469
2.66663
2.64858
2.63054
2.61251
2.59449
2.5765
2.55854
2.54061
2.52272
2.50488
2.48709
2.46937
2.45171
2.43413
2.41664
2.39924
2.38193
2.36472
2.34762
2.33064
2.31376
2.29701
2.28038
2.26387
2.24749
2.23124
2.21511
2.19911
2.18323
2.16748
2.15184
2.13631
2.12088
2.10555
2.09031
2.07515
2.06007
2.04505
2.03011
2.01524
2.00044
1.98573
1.97111
1.95663
1.94229
1.92815
1.91426
1.90067
1.88745
1.87468
1.86244
1.85081
1.8399
1.82979
1.82057
1.81233
1.80515
1.79907
1.79414
1.79035
1.78768
1.78606
1.78537
1.78547
1.78617
1.78724
1.78844
1.78949
1.79014
1.7901
1.78914
1.78702
1.78355
1.77858
1.77201
1.76375
1.75381
1.7422
1.72898
1.71425
1.69814
1.68078
1.66234
1.64296
1.62281
1.60204
1.58079
1.5592
1.53737
1.51541
1.49342
1.47146
1.44957
1.42792
1.40595
1.38675
1.35426
2.72065
2.70258
2.68451
2.66643
2.64836
2.6303
2.61224
2.5942
2.57617
2.55817
2.5402
2.52227
2.50438
2.48654
2.46875
2.45102
2.43337
2.41579
2.3983
2.38089
2.36358
2.34637
2.32926
2.31227
2.29539
2.27863
2.26199
2.24547
2.22909
2.21282
2.19669
2.18068
2.16479
2.14903
2.13338
2.11784
2.1024
2.08706
2.07182
2.05666
2.04158
2.02659
2.01167
1.99685
1.98211
1.96749
1.95299
1.93866
1.92452
1.91061
1.897
1.88374
1.8709
1.85856
1.84679
1.83568
1.82531
1.81577
1.80714
1.79947
1.79283
1.78724
1.78269
1.77918
1.77662
1.77492
1.77393
1.7735
1.7734
1.77341
1.77329
1.77279
1.77167
1.76969
1.76666
1.76238
1.75671
1.74953
1.74079
1.73046
1.71854
1.70509
1.69018
1.67393
1.65646
1.63792
1.61845
1.5982
1.5773
1.55591
1.53414
1.5121
1.48991
1.46763
1.44536
1.42312
1.40109
1.37868
1.35909
1.32581
2.7205
2.70242
2.68434
2.66624
2.64815
2.63007
2.61199
2.59392
2.57586
2.55783
2.53983
2.52185
2.50391
2.48602
2.46817
2.45039
2.43266
2.41501
2.39743
2.37993
2.36253
2.34521
2.328
2.3109
2.2939
2.27702
2.26026
2.24362
2.2271
2.21072
2.19445
2.17832
2.16231
2.14642
2.13065
2.115
2.09946
2.08403
2.06869
2.05346
2.03831
2.02326
2.0083
1.99343
1.97867
1.96402
1.94951
1.93516
1.921
1.90708
1.89343
1.88011
1.86719
1.85474
1.84282
1.83151
1.82089
1.81103
1.80201
1.79388
1.78669
1.78047
1.77521
1.77089
1.76745
1.7648
1.7628
1.7613
1.76011
1.75901
1.7578
1.75623
1.7541
1.75119
1.7473
1.74226
1.73594
1.72822
1.71904
1.70835
1.69617
1.68253
1.6675
1.65117
1.63365
1.61508
1.59557
1.57528
1.55434
1.53287
1.511
1.48884
1.46649
1.44403
1.42154
1.39905
1.37674
1.35402
1.33415
1.30028
2.72037
2.70227
2.68417
2.66606
2.64795
2.62984
2.61174
2.59365
2.57557
2.5575
2.53946
2.52145
2.50347
2.48553
2.46763
2.44978
2.43199
2.41427
2.39661
2.37904
2.36154
2.34414
2.32683
2.30962
2.29252
2.27552
2.25865
2.24189
2.22526
2.20875
2.19237
2.17611
2.15998
2.14398
2.1281
2.11234
2.0967
2.08117
2.06575
2.05043
2.03522
2.0201
2.00509
1.99018
1.97538
1.96071
1.94617
1.93179
1.91761
1.90365
1.88995
1.87657
1.86357
1.85099
1.83891
1.8274
1.81653
1.80636
1.79696
1.78838
1.78067
1.77385
1.76791
1.76284
1.75857
1.75503
1.75208
1.74958
1.74737
1.74524
1.74301
1.74045
1.73738
1.73359
1.7289
1.72316
1.71622
1.708
1.69841
1.68742
1.67502
1.66124
1.64613
1.62978
1.61227
1.59373
1.57426
1.554
1.53308
1.51161
1.48972
1.46751
1.44508
1.42251
1.39989
1.37724
1.35474
1.3318
1.31175
1.27746
2.72023
2.70213
2.68401
2.66589
2.64776
2.62963
2.61151
2.59339
2.57528
2.55719
2.53912
2.52107
2.50304
2.48506
2.46711
2.44921
2.43136
2.41357
2.39585
2.37819
2.36062
2.34313
2.32573
2.30842
2.29122
2.27412
2.25714
2.24028
2.22353
2.20691
2.19041
2.17404
2.1578
2.14169
2.1257
2.10984
2.0941
2.07847
2.06297
2.04757
2.03229
2.01711
2.00204
1.98709
1.97225
1.95754
1.94297
1.92856
1.91434
1.90033
1.88658
1.87313
1.86003
1.84733
1.83509
1.82337
1.81224
1.80176
1.792
1.78299
1.77477
1.76738
1.7608
1.75502
1.74998
1.7456
1.74177
1.73835
1.73518
1.7321
1.72891
1.72543
1.72147
1.71685
1.7114
1.70499
1.69748
1.68877
1.67881
1.66754
1.65497
1.6411
1.62597
1.60965
1.59223
1.57378
1.55443
1.53429
1.51346
1.49207
1.47024
1.44805
1.42562
1.40303
1.38035
1.35762
1.33502
1.31195
1.29178
1.25722
2.72011
2.70199
2.68385
2.66572
2.64757
2.62942
2.61128
2.59314
2.57501
2.55689
2.53878
2.5207
2.50264
2.48461
2.46662
2.44867
2.43076
2.41291
2.39513
2.3774
2.35975
2.34218
2.3247
2.3073
2.29001
2.27282
2.25573
2.23876
2.22191
2.20518
2.18858
2.1721
2.15576
2.13954
2.12345
2.10749
2.09165
2.07594
2.06035
2.04488
2.02952
2.01428
1.99916
1.98415
1.96927
1.95452
1.93991
1.92546
1.9112
1.89714
1.88333
1.8698
1.85659
1.84375
1.83135
1.81942
1.80804
1.79726
1.78714
1.77771
1.76902
1.76109
1.75391
1.74747
1.74171
1.73655
1.7319
1.72762
1.72357
1.71959
1.7155
1.71114
1.70633
1.70091
1.69472
1.68765
1.67956
1.67039
1.66007
1.64856
1.63585
1.62194
1.60686
1.59066
1.5734
1.55515
1.53601
1.51607
1.49544
1.47423
1.45254
1.43047
1.40812
1.38558
1.36292
1.34019
1.31756
1.29444
1.27422
1.23951
2.71998
2.70185
2.68371
2.66555
2.64739
2.62923
2.61106
2.5929
2.57474
2.5566
2.53846
2.52035
2.50225
2.48419
2.46615
2.44815
2.4302
2.41229
2.39445
2.37666
2.35894
2.34129
2.32373
2.30626
2.28887
2.27159
2.25442
2.23735
2.2204
2.20357
2.18687
2.17029
2.15384
2.13753
2.12134
2.10528
2.08936
2.07356
2.05789
2.04234
2.02692
2.01162
1.99644
1.98138
1.96645
1.95166
1.93701
1.92251
1.9082
1.89409
1.8802
1.86658
1.85327
1.84029
1.82772
1.81559
1.80396
1.79289
1.78242
1.7726
1.76346
1.75502
1.74729
1.74023
1.7338
1.72793
1.72252
1.71744
1.71256
1.70773
1.70277
1.69754
1.69188
1.68563
1.67868
1.67092
1.66224
1.65259
1.64192
1.63019
1.61739
1.60351
1.58858
1.5726
1.55562
1.5377
1.5189
1.4993
1.479
1.45808
1.43666
1.41481
1.39265
1.37026
1.34771
1.32505
1.30247
1.27936
1.25915
1.22438
2.71987
2.70172
2.68357
2.6654
2.64722
2.62904
2.61086
2.59267
2.5745
2.55632
2.53816
2.52002
2.50189
2.48379
2.46571
2.44767
2.42967
2.41171
2.39381
2.37596
2.35818
2.34047
2.32283
2.30528
2.28782
2.27045
2.25319
2.23604
2.219
2.20208
2.18528
2.16861
2.15206
2.13565
2.11937
2.10323
2.08722
2.07134
2.05559
2.03997
2.02448
2.00912
1.99388
1.97878
1.9638
1.94896
1.93427
1.91973
1.90536
1.89119
1.87723
1.86352
1.85009
1.83699
1.82425
1.81192
1.80005
1.7887
1.77791
1.76772
1.75817
1.74927
1.74103
1.73341
1.72638
1.71985
1.71372
1.70788
1.70219
1.69649
1.69063
1.68447
1.67787
1.67072
1.66291
1.65437
1.64503
1.63487
1.62385
1.61194
1.59913
1.58541
1.57076
1.55518
1.53868
1.52128
1.50302
1.48396
1.46417
1.44373
1.42274
1.40127
1.37943
1.3573
1.33496
1.31247
1.29001
1.26699
1.24685
1.21209
2.71976
2.7016
2.68343
2.66525
2.64706
2.62886
2.61066
2.59246
2.57426
2.55607
2.53788
2.5197
2.50155
2.48341
2.4653
2.44722
2.42917
2.41117
2.39322
2.37532
2.35747
2.3397
2.322
2.30438
2.28684
2.2694
2.25206
2.23482
2.2177
2.20069
2.18381
2.16705
2.15042
2.13392
2.11756
2.10133
2.08524
2.06928
2.05346
2.03778
2.02223
2.00681
1.99152
1.97637
1.96135
1.94647
1.93173
1.91715
1.90273
1.8885
1.87448
1.86069
1.84715
1.83392
1.82103
1.80852
1.79644
1.78484
1.77376
1.76325
1.75333
1.74403
1.73533
1.7272
1.7196
1.71243
1.70559
1.69894
1.69235
1.68567
1.67875
1.67148
1.66375
1.65548
1.64662
1.63715
1.62706
1.61635
1.60501
1.59304
1.5804
1.56706
1.55297
1.53809
1.52239
1.50584
1.48845
1.47024
1.45125
1.43156
1.41123
1.39035
1.369
1.34729
1.32529
1.30306
1.28081
1.25793
1.2379
1.20321
2.71966
2.70149
2.68331
2.66512
2.64691
2.6287
2.61048
2.59226
2.57404
2.55583
2.53762
2.51942
2.50123
2.48306
2.46492
2.4468
2.42872
2.41067
2.39267
2.37472
2.35683
2.339
2.32124
2.30355
2.28595
2.26844
2.25103
2.23372
2.21652
2.19943
2.18247
2.16563
2.14892
2.13235
2.11591
2.09961
2.08345
2.06743
2.05155
2.03581
2.0202
2.00474
1.98941
1.97422
1.95917
1.94426
1.92949
1.91488
1.90044
1.88617
1.8721
1.85824
1.84464
1.83131
1.81829
1.80564
1.79339
1.78159
1.77027
1.75949
1.74926
1.73959
1.73045
1.72182
1.7136
1.70571
1.698
1.69035
1.68259
1.6746
1.66626
1.65748
1.64823
1.6385
1.62832
1.61774
1.60683
1.59563
1.58417
1.57243
1.56037
1.5479
1.53491
1.52131
1.50698
1.49185
1.47585
1.45898
1.44124
1.42267
1.40333
1.3833
1.36267
1.34154
1.32001
1.29814
1.27616
1.25346
1.23357
1.19891
2.71956
2.70139
2.6832
2.66499
2.64678
2.62855
2.61032
2.59208
2.57385
2.55561
2.53738
2.51916
2.50095
2.48275
2.46458
2.44643
2.42831
2.41023
2.39219
2.3742
2.35626
2.33838
2.32056
2.30283
2.28517
2.2676
2.25013
2.23275
2.21549
2.19834
2.18131
2.16441
2.14764
2.131
2.1145
2.09815
2.08194
2.06587
2.04995
2.03417
2.01854
2.00306
1.98772
1.97252
1.95747
1.94257
1.92781
1.91321
1.89878
1.88452
1.87045
1.85659
1.84296
1.82959
1.81653
1.80379
1.79143
1.77948
1.76798
1.75695
1.7464
1.73631
1.72664
1.71732
1.70824
1.69926
1.69024
1.68103
1.67148
1.66151
1.65105
1.64012
1.62878
1.61716
1.6054
1.59368
1.58215
1.57088
1.55993
1.54925
1.53871
1.52814
1.51733
1.50606
1.49411
1.48133
1.46757
1.45277
1.43689
1.41995
1.40199
1.3831
1.36338
1.34297
1.32197
1.30049
1.27876
1.25619
1.23637
1.20156
2.71949
2.70131
2.68311
2.6649
2.64667
2.62843
2.61019
2.59194
2.57369
2.55544
2.53719
2.51895
2.50072
2.48251
2.46431
2.44614
2.42799
2.40988
2.39181
2.37379
2.35582
2.3379
2.32005
2.30228
2.28458
2.26697
2.24946
2.23205
2.21474
2.19755
2.18049
2.16355
2.14675
2.13008
2.11356
2.09719
2.08097
2.0649
2.04899
2.03323
2.01763
2.00219
1.9869
1.97177
1.95679
1.94197
1.92731
1.91281
1.89847
1.88431
1.87034
1.85656
1.843
1.82968
1.81663
1.80386
1.79142
1.77931
1.76755
1.75613
1.74504
1.7342
1.72353
1.71291
1.70221
1.69125
1.67989
1.668
1.65552
1.64244
1.62886
1.61496
1.60101
1.58732
1.57422
1.56202
1.55092
1.54103
1.53233
1.52464
1.51768
1.51108
1.50444
1.49736
1.48947
1.48047
1.47016
1.4584
1.44512
1.4303
1.41403
1.39643
1.37767
1.3579
1.3373
1.316
1.29426
1.27152
1.25149
1.21597
2.71946
2.70128
2.68307
2.66485
2.64662
2.62838
2.61014
2.59189
2.57363
2.55538
2.53712
2.51888
2.50065
2.48243
2.46423
2.44605
2.42791
2.40979
2.39172
2.3737
2.35572
2.33781
2.31996
2.30219
2.28449
2.26689
2.24939
2.23199
2.2147
2.19753
2.1805
2.1636
2.14684
2.13023
2.11377
2.09747
2.08134
2.06537
2.04958
2.03395
2.0185
2.00322
1.98811
1.97317
1.95841
1.94381
1.92938
1.91511
1.90101
1.88707
1.8733
1.85969
1.84626
1.833
1.81992
1.80701
1.79426
1.78165
1.76916
1.7567
1.74421
1.73155
1.71861
1.70521
1.69121
1.67647
1.66093
1.64457
1.62752
1.61003
1.59247
1.57534
1.55919
1.54462
1.53214
1.52213
1.51478
1.51006
1.50767
1.50714
1.50784
1.50905
1.51004
1.51014
1.50879
1.50557
1.50018
1.49245
1.48226
1.46968
1.45492
1.43823
1.41985
1.40007
1.37911
1.35716
1.33458
1.31075
1.28973
1.25206
2.7196
2.70143
2.68324
2.66504
2.64683
2.62862
2.6104
2.59217
2.57395
2.55573
2.53752
2.51932
2.50113
2.48297
2.46482
2.44671
2.42862
2.41058
2.39258
2.37464
2.35675
2.33893
2.32118
2.30352
2.28594
2.26846
2.25109
2.23384
2.21671
2.19971
2.18286
2.16615
2.14961
2.13322
2.11701
2.10098
2.08513
2.06946
2.05398
2.0387
2.0236
2.00869
1.99397
1.97943
1.96506
1.95086
1.9368
1.92289
1.9091
1.8954
1.88179
1.86821
1.85465
1.84106
1.82738
1.81354
1.79948
1.7851
1.77028
1.75489
1.7388
1.72185
1.70393
1.68492
1.66479
1.64359
1.62151
1.5989
1.57628
1.55436
1.53401
1.51617
1.50177
1.49163
1.48631
1.48606
1.49072
1.49976
1.51228
1.52713
1.54305
1.55871
1.57291
1.58465
1.59314
1.59789
1.59857
1.59493
1.58703
1.57534
1.56035
1.54255
1.52238
1.50028
1.47659
1.45161
1.42578
1.39842
1.37428
1.33085
2.72043
2.70235
2.68427
2.66618
2.6481
2.63001
2.61193
2.59386
2.5758
2.55775
2.53972
2.52172
2.50374
2.48579
2.46788
2.45001
2.43219
2.41442
2.39671
2.37907
2.3615
2.34402
2.32662
2.30932
2.29213
2.27506
2.2581
2.24129
2.22461
2.20809
2.19172
2.17553
2.15951
2.14367
2.12802
2.11256
2.09729
2.08222
2.06734
2.05265
2.03815
2.02381
2.00964
1.9956
1.98167
1.96782
1.954
1.94018
1.92629
1.91225
1.89799
1.8834
1.86837
1.85276
1.83643
1.81922
1.80096
1.7815
1.76068
1.73838
1.71454
1.68914
1.66227
1.63416
1.60519
1.57591
1.54714
1.51991
1.4955
1.47532
1.46091
1.4537
1.45488
1.46519
1.48483
1.51327
1.54933
1.59122
1.63668
1.68321
1.72831
1.76971
1.80552
1.83437
1.85547
1.86846
1.8728
1.86884
1.8578
1.84085
1.81901
1.79318
1.76417
1.73264
1.69915
1.66417
1.62828
1.59063
1.55759
1.49898
2.72464
2.70695
2.68927
2.67162
2.65399
2.63639
2.61881
2.60127
2.58377
2.56631
2.54889
2.53152
2.5142
2.49693
2.47973
2.46259
2.44552
2.42853
2.41162
2.3948
2.37807
2.36145
2.34493
2.32852
2.31224
2.29609
2.28007
2.2642
2.24848
2.23291
2.21749
2.20224
2.18716
2.17223
2.15747
2.14286
2.1284
2.11407
2.09986
2.08574
2.07168
2.05764
2.04358
2.02943
2.01512
2.00058
1.98568
1.97032
1.95433
1.93757
1.91983
1.90091
1.88059
1.85865
1.83487
1.80909
1.78117
1.75109
1.71891
1.68488
1.64937
1.61297
1.57651
1.54106
1.50798
1.47897
1.45604
1.44147
1.43776
1.44746
1.47292
1.51598
1.57762
1.65759
1.7542
1.86423
1.98314
2.10544
2.22525
2.33693
2.4356
2.51757
2.58057
2.62383
2.64793
2.65242
2.63965
2.61305
2.57529
2.52866
2.47515
2.41652
2.35422
2.28949
2.22331
2.15642
2.0898
2.02193
1.96329
1.86361
2.74344
2.72708
2.71077
2.69452
2.67834
2.66223
2.64618
2.6302
2.61429
2.59845
2.58268
2.56698
2.55136
2.5358
2.52033
2.50492
2.4896
2.47435
2.45918
2.44409
2.42908
2.41416
2.39931
2.38455
2.36988
2.35528
2.34076
2.32632
2.31194
2.29763
2.28336
2.26913
2.25493
2.24072
2.22648
2.21219
2.1978
2.18328
2.16856
2.15358
2.13826
2.12253
2.10627
2.08937
2.07168
2.05305
2.03329
2.01222
1.98963
1.96529
1.93899
1.91057
1.87988
1.8469
1.81171
1.77458
1.736
1.69673
1.65782
1.62066
1.58702
1.55909
1.53956
1.53168
1.5394
1.56732
1.62068
1.70511
1.82616
1.98855
2.19515
2.44594
2.73711
3.06065
3.40454
3.75366
4.09133
4.40118
4.66894
4.8839
5.03959
5.13409
5.17004
5.15288
5.08982
4.99058
4.86313
4.71397
4.54911
4.37393
4.19312
4.01055
3.82925
3.65152
3.47901
3.31263
3.15384
2.99879
2.86811
2.659
2.82084
2.80818
2.79561
2.78311
2.77069
2.75833
2.74603
2.73377
2.72156
2.70938
2.69722
2.68507
2.67293
2.66079
2.64862
2.63644
2.62421
2.61194
2.5996
2.5872
2.5747
2.5621
2.54938
2.53653
2.52352
2.51034
2.49697
2.48337
2.46953
2.45542
2.44101
2.42626
2.41115
2.39563
2.37966
2.36322
2.34624
2.32868
2.3105
2.29164
2.27207
2.25173
2.23058
2.20861
2.18581
2.16221
2.13788
2.11298
2.08774
2.06257
2.03801
2.01486
1.99419
1.97744
1.96646
1.96358
1.97169
1.99432
2.03577
2.10126
2.1971
2.33094
2.51197
2.75098
3.06013
3.45236
3.94006
4.53297
5.23515
6.0417
6.93648
7.89155
8.86899
9.8246
10.7128
11.4917
12.1273
12.5964
12.8877
13.002
12.9496
12.7488
12.4292
12.0146
11.5263
10.9852
10.4112
9.82213
9.23273
8.65466
8.09647
7.56401
7.06093
6.58901
6.14892
5.73962
5.36209
5.00523
4.71119
4.26138
3.12063
3.11694
3.11318
3.10932
3.10533
3.10119
3.09688
3.09237
3.08763
3.08264
3.07737
3.07181
3.06592
3.05967
3.05306
3.04605
3.03861
3.03074
3.02241
3.01361
3.00433
2.99455
2.98428
2.97352
2.96228
2.95058
2.93845
2.92593
2.91308
2.89997
2.8867
2.87337
2.86013
2.84716
2.83466
2.82291
2.8122
2.80292
2.79555
2.79064
2.7889
2.79119
2.79857
2.81236
2.83419
2.86609
2.91053
2.97057
3.04994
3.15312
3.28547
3.45326
3.66379
3.92535
4.24728
4.63988
5.11449
5.68342
6.36011
7.15908
8.09591
9.18665
10.4466
11.888
13.5165
15.3272
17.2996
19.3926
21.5423
23.6647
25.6646
27.4458
28.9231
30.0317
30.7337
31.0196
30.907
30.435
29.6569
28.6331
27.4275
26.0944
24.6734
23.207
21.7335
20.283
18.8779
17.5337
16.2603
15.0636
13.946
12.908
11.9479
11.0629
10.2499
9.50306
8.82264
8.1852
7.66568
6.879
4.45381
4.47958
4.505
4.53007
4.55477
4.5791
4.60306
4.62667
4.64995
4.67293
4.69565
4.71815
4.74051
4.76281
4.78515
4.80765
4.83045
4.85372
4.87766
4.9025
4.92851
4.956
4.9853
5.01683
5.05103
5.08843
5.12961
5.17523
5.22604
5.28292
5.34681
5.41885
5.50031
5.59264
5.69754
5.81698
5.95325
6.10904
6.28751
6.49242
6.7282
7.00016
7.31459
7.679
8.10233
8.59517
9.16999
9.84142
10.6264
11.5443
12.617
13.8686
15.3251
17.0135
18.9606
21.1909
23.724
26.5715
29.7327
33.1907
36.9083
40.8254
44.8568
48.8918
52.796
56.4171
59.5914
62.1507
63.9477
64.8848
64.9316
64.128
62.5742
60.411
57.797
54.8872
51.8192
48.7072
45.6344
42.6555
39.8013
37.0935
34.5429
32.152
29.9178
27.8345
25.895
24.092
22.4182
20.8666
19.4305
18.1034
16.8792
15.7511
14.7142
13.7594
12.8888
12.0685
11.4027
10.3808
14.3887
14.6426
14.8982
15.1556
15.4151
15.6767
15.9407
16.2073
16.4768
16.7494
17.0256
17.3057
17.59
17.8791
18.1735
18.4737
18.7802
19.0937
19.4149
19.7445
20.0833
20.4321
20.7919
21.1637
21.5486
21.9478
22.3627
22.7948
23.2457
23.7175
24.2123
24.7328
25.2817
25.8626
26.4793
27.1366
27.84
28.5957
29.4114
30.2959
31.2599
32.3156
33.4777
34.7637
36.194
37.7927
39.5885
41.6146
43.91
46.5195
49.4936
52.888
56.7612
61.1701
66.1624
71.7651
77.9678
84.703
91.8239
99.0875
106.149
112.578
117.9
121.663
123.524
123.31
121.065
117.034
111.627
105.323
98.567
91.7193
85.0382
78.6886
72.7616
67.2952
62.2904
57.7234
53.5658
49.7884
46.3604
43.2496
40.4242
37.8535
35.5092
33.3659
31.4013
29.5965
27.9356
26.4053
24.9943
23.6931
22.4938
21.3882
20.3718
19.4336
18.5792
17.7693
17.1177
16.0997
92.8923
94.1482
95.3693
96.5524
97.6952
98.7955
99.8508
100.859
101.818
102.726
103.58
104.378
105.119
105.799
106.417
106.972
107.46
107.879
108.228
108.504
108.706
108.83
108.874
108.837
108.716
108.508
108.211
107.822
107.339
106.759
106.079
105.296
104.409
103.412
102.304
101.082
99.741
98.279
96.6923
94.9773
93.1304
91.1482
89.0272
86.7645
84.3576
81.8055
79.1088
76.271
73.3001
70.2102
67.0244
63.7776
60.5203
57.3223
54.2762
51.4987
49.1295
47.3244
46.2414
46.0168
46.7326
48.3794
50.8278
53.8254
57.0253
60.0448
62.5679
64.4239
65.4984
65.7763
65.361
64.4159
63.1096
61.5855
59.9529
58.2881
56.6361
55.0179
53.4481
51.9408
50.5078
49.1564
47.8887
46.7029
45.5946
44.5586
43.5894
42.6824
41.8335
41.0398
40.299
39.6098
38.9706
38.3813
37.8393
37.3473
36.898
36.4953
36.1643
35.6864
1.64502
3.47898
3.86352
3.80657
3.45863
2.92395
2.38802
3.25652
8.06154
15.2014
23.4238
32.2871
41.5108
50.8797
60.2234
69.4057
78.3234
86.9092
95.1327
102.998
110.535
117.793
124.827
131.69
138.427
145.069
151.63
158.114
164.513
170.817
177.027
183.158
189.233
195.171
200.951
206.553
211.945
217.089
221.943
226.464
230.608
234.333
237.599
240.369
242.609
244.289
245.382
245.869
245.733
244.961
243.546
241.483
238.772
235.416
231.419
226.789
221.538
215.681
209.24
202.257
194.812
187.105
179.646
173.624
168.287
162.678
156.614
150.074
143.084
135.7
128.015
120.153
112.27
104.532
97.1005
90.1139
83.6716
77.8299
72.6043
67.9775
63.9093
60.3464
57.2294
54.4987
52.0972
49.9733
48.081
46.3804
44.8377
43.4254
42.1182
40.887
39.7063
38.563
37.4589
36.4015
35.4113
34.4724
33.7117
32.571
9.31681
6.39367
5.36561
4.98804
5.23872
6.59284
9.53166
13.9979
19.4679
25.1751
30.7921
36.2184
41.4576
46.5593
51.5717
56.5184
61.398
66.1939
70.8872
75.4651
79.9256
84.2759
88.5304
92.7058
96.8186
100.882
104.904
108.892
112.849
116.782
120.702
124.625
128.547
132.436
136.268
140.033
143.711
147.28
150.715
153.99
157.078
159.949
162.576
164.932
166.988
168.72
170.104
171.117
171.741
171.957
171.752
171.112
170.03
168.498
166.513
164.074
161.183
157.845
154.07
149.875
145.286
140.354
135.162
129.803
124.199
118.262
111.974
105.357
98.4571
91.341
84.0963
76.8329
69.6791
62.7726
56.247
50.2164
44.7627
39.9287
35.7191
32.1064
29.0398
26.4554
24.2841
22.4589
20.9182
19.6086
18.4856
17.5128
16.6618
15.9099
15.2445
14.6771
14.2009
13.7902
13.4155
13.0561
12.7055
12.3514
12.0496
11.5428
16.9479
9.8031
8.41837
8.22617
9.26944
11.7805
15.5704
19.9799
24.4309
28.7493
32.9791
37.2063
41.5182
45.9717
50.5762
55.2981
60.0789
64.8557
69.5761
74.2066
78.7333
83.1587
87.497
91.7687
95.9966
100.203
104.407
108.625
112.867
117.138
121.437
125.75
130.08
134.412
138.73
143.014
147.241
151.386
155.419
159.31
163.027
166.538
169.808
172.804
175.495
177.848
179.834
181.427
182.601
183.334
183.606
183.4
182.701
181.5
179.786
177.551
174.79
171.499
167.677
163.324
158.448
153.059
147.176
140.817
133.973
126.641
118.842
110.62
102.05
93.2347
84.3094
75.4382
66.8082
58.6124
51.0288
44.1966
38.1997
33.0609
28.7474
25.185
22.2756
19.9131
17.9953
16.4318
15.1462
14.0769
13.1755
12.4046
11.7357
11.1474
10.6239
10.1542
9.72819
9.33213
8.9625
8.61891
8.30115
8.00255
7.75382
7.37653
22.8139
12.991
11.6715
11.7366
12.9837
15.4073
18.6727
22.2752
25.9232
29.5916
33.3454
37.2518
41.3606
45.6932
50.2397
54.9643
59.8164
64.7429
69.6973
74.6446
79.5642
84.4482
89.2999
94.1307
98.9566
103.796
108.665
113.58
118.549
123.575
128.654
133.779
138.937
144.109
149.275
154.409
159.485
164.47
169.331
174.031
178.531
182.792
186.773
190.435
193.739
196.648
199.127
201.145
202.67
203.676
204.139
204.037
203.351
202.066
200.167
197.64
194.473
190.655
186.174
181.023
175.194
168.684
161.497
153.639
145.123
135.974
126.243
116.012
105.402
94.5736
83.7344
73.128
63.0204
53.671
45.2977
38.0433
31.9566
26.9936
23.039
19.937
17.5218
15.6402
14.1632
12.9885
12.0387
11.2562
10.5989
10.0361
9.54519
9.10984
8.71789
8.3603
8.03008
7.7214
7.42979
7.15356
6.89313
6.64427
6.43324
6.11289
26.5271
15.2103
14.0001
14.2482
15.4473
17.4959
20.1634
23.1609
26.3234
29.6173
33.0682
36.7199
40.6162
44.7873
49.2422
53.9672
58.93
64.0878
69.3945
74.8084
80.296
85.8349
91.4135
97.0297
102.688
108.398
114.169
120.01
125.924
131.912
137.964
144.064
150.191
156.321
162.427
168.476
174.433
180.26
185.916
191.356
196.536
201.409
205.93
210.052
213.734
216.933
219.612
221.736
223.272
224.191
224.468
224.08
223.006
221.227
218.725
215.483
211.486
206.717
201.159
194.8
187.627
179.636
170.826
161.213
150.826
139.72
127.98
115.739
103.178
90.5322
78.0939
66.1937
55.1735
45.3401
36.9134
29.9859
24.5109
20.3267
17.2052
14.9044
13.2077
11.9416
10.9777
10.2251
9.62128
9.12342
8.70189
8.33604
8.01126
7.71716
7.44624
7.19315
6.95404
6.72603
6.507
6.29572
6.09262
5.89452
5.72335
5.4581
28.8779
16.2616
15.1739
15.5986
16.7973
18.6196
20.9236
23.546
26.3762
29.3756
32.5593
35.9739
39.676
43.7154
48.1224
52.9034
58.0421
63.5046
69.2468
75.2222
81.3876
87.707
94.1535
100.709
107.363
114.11
120.947
127.87
134.874
141.949
149.074
156.224
163.368
170.472
177.498
184.403
191.145
197.675
203.946
209.908
215.51
220.701
225.434
229.662
233.34
236.429
238.89
240.69
241.801
242.194
241.846
240.735
238.844
236.152
232.643
228.299
223.103
217.037
210.084
202.232
193.47
183.797
173.225
161.783
149.527
136.547
122.979
109.015
94.909
80.9849
67.6224
55.2312
44.1994
34.8255
27.2531
21.4404
17.1811
14.1715
12.0901
10.6565
9.65677
8.94162
8.41255
8.00602
7.68122
7.41154
7.17935
6.97271
6.78343
6.60586
6.43606
6.27139
6.11015
5.95131
5.79434
5.63906
5.48631
5.33386
5.19976
4.98633
29.9963
16.5744
15.5402
16.1307
17.4265
19.2183
21.388
23.8292
26.4694
29.2868
32.308
35.5923
39.2126
43.2361
47.712
52.6648
58.0934
63.9748
70.2696
76.9294
83.9033
91.1424
98.6034
106.249
114.05
121.979
130.016
138.14
146.329
154.554
162.781
170.97
179.078
187.057
194.859
202.431
209.72
216.673
223.236
229.356
234.982
240.065
244.557
248.417
251.606
254.09
255.838
256.825
257.027
256.424
255
252.739
249.626
245.645
240.782
235.023
228.35
220.749
212.206
202.713
192.267
180.88
168.58
155.423
141.5
126.948
111.963
96.8107
81.8318
67.4381
54.088
42.2329
32.2364
24.2865
18.3431
14.1547
11.3449
9.52036
8.35022
7.59458
7.09573
6.75552
6.51403
6.33444
6.19363
6.07674
5.97395
5.87872
5.78662
5.69473
5.60111
5.50464
5.4048
5.3015
5.19501
5.08578
4.97499
4.86121
4.7592
4.59149
29.8982
16.3639
15.4347
16.2214
17.7144
19.6564
21.9194
24.4143
27.0918
29.9498
33.0308
36.4086
40.1705
44.3994
49.1616
54.4983
60.4232
66.9236
73.9654
81.4986
89.464
97.7982
106.438
115.325
124.403
133.62
142.935
152.302
161.671
170.995
180.22
189.29
198.149
206.737
214.995
222.865
230.287
237.208
243.573
249.332
254.441
258.858
262.545
265.473
267.614
268.948
269.456
269.126
267.947
265.909
263.005
259.228
254.567
249.015
242.561
235.192
226.897
217.665
207.488
196.367
184.312
171.353
157.545
142.978
127.789
112.174
96.4014
80.8189
65.855
51.9967
39.7366
29.4821
21.4493
15.5898
11.6057
9.05484
7.48819
6.54445
5.97599
5.62972
5.41575
5.28173
5.19652
5.14089
5.10243
5.0729
5.04664
5.01978
4.98965
4.95445
4.91309
4.865
4.81003
4.74843
4.68072
4.60758
4.53025
4.44788
4.3724
4.24324
29.27
15.9982
15.2291
16.2853
18.1203
20.4449
23.1099
26.0171
29.1168
32.4118
35.9518
39.8198
44.1143
48.9315
54.3512
60.4282
67.1869
74.6214
82.6984
91.362
100.54
110.151
120.106
130.319
140.706
151.193
161.704
172.161
182.492
192.627
202.497
212.033
221.169
229.839
237.982
245.539
252.455
258.682
264.176
268.899
272.819
275.912
278.158
279.544
280.062
279.71
278.488
276.397
273.441
269.625
264.949
259.416
253.022
245.763
237.633
228.623
218.726
207.937
196.257
183.699
170.291
156.088
141.178
125.695
109.834
93.858
78.1147
63.0348
49.115
36.8645
26.7093
18.8721
13.286
9.60866
7.34836
6.02334
5.26386
4.83
4.58156
4.44053
4.3636
4.32598
4.31267
4.31402
4.32344
4.33617
4.34867
4.3583
4.36308
4.36159
4.35288
4.33639
4.31199
4.27982
4.24033
4.19417
4.14243
4.08458
4.03018
3.9324
28.1628
15.5895
15.2034
16.7988
19.3475
22.5475
26.2206
30.2308
34.4919
38.9776
43.7195
48.7934
54.2984
60.3356
66.992
74.3284
82.3727
91.1179
100.524
110.523
121.023
131.922
143.103
154.458
165.881
177.26
188.49
199.477
210.132
220.373
230.126
239.32
247.89
255.776
262.926
269.292
274.834
279.52
283.325
286.231
288.228
289.315
289.494
288.775
287.172
284.701
281.382
277.23
272.265
266.498
259.941
252.6
244.477
235.569
225.873
215.383
204.096
192.013
179.148
165.527
151.203
136.262
120.834
105.105
89.3327
73.8547
59.0924
45.5339
33.6811
23.9519
16.5529
11.3892
8.08379
6.1191
5.00885
4.39608
4.0594
3.87475
3.77568
3.72672
3.70846
3.70976
3.72375
3.74579
3.77243
3.80091
3.8289
3.85444
3.87587
3.89187
3.90141
3.90382
3.89872
3.88605
3.86605
3.83914
3.80621
3.76685
3.72863
3.65562
27.1775
15.4308
15.9474
18.83
23.1294
28.5347
34.7844
41.5957
48.7247
56.0133
63.4059
70.934
78.6829
86.758
95.2578
104.256
113.792
123.861
134.426
145.413
156.724
168.245
179.859
191.435
202.847
213.977
224.72
234.981
244.676
253.732
262.081
269.667
276.44
282.356
287.382
291.49
294.662
296.89
298.171
298.512
297.929
296.442
294.078
290.868
286.843
282.039
276.485
270.212
263.244
255.6
247.293
238.329
228.711
218.435
207.497
195.893
183.623
170.698
157.144
143.008
128.372
113.358
98.1435
82.9739
68.1706
54.1347
41.3288
30.2252
21.2078
14.4473
9.81538
6.91553
5.23362
4.30696
3.80893
3.5434
3.40293
3.33088
3.29756
3.28722
3.29139
3.3053
3.32609
3.35174
3.38062
3.41122
3.44204
3.47161
3.49857
3.52165
3.5398
3.55216
3.55817
3.55753
3.55022
3.53643
3.51677
3.49089
3.4647
3.41074
26.0098
16.0958
19.1515
25.9979
35.8524
48.1577
62.0396
76.4449
90.4895
103.628
115.674
126.708
136.954
146.678
156.129
165.511
174.963
184.551
194.291
204.16
214.079
223.949
233.665
243.121
252.218
260.862
268.965
276.451
283.253
289.311
294.575
299.003
302.563
305.229
306.985
307.823
307.747
306.766
304.901
302.179
298.634
294.304
289.234
283.467
277.048
270.019
262.416
254.271
245.609
236.446
226.79
216.643
206.002
194.859
183.209
171.047
158.379
145.226
131.631
117.667
103.447
89.1359
74.9629
61.2264
48.2969
36.5969
26.549
18.4817
12.5144
8.48708
6.00386
4.58339
3.81061
3.40146
3.18829
3.07962
3.02695
3.00472
2.99946
3.00416
3.01524
3.03091
3.05026
3.07269
3.09761
3.12432
3.15195
3.17949
3.20585
3.22991
3.25064
3.26711
3.27863
3.28469
3.28507
3.27975
3.26907
3.25267
3.23515
3.19548
24.8843
20.3214
34.6532
59.2447
92.2023
128.949
164.477
195.255
219.609
237.602
250.279
258.997
265.029
269.405
272.876
276.003
279.118
282.359
285.772
289.353
293.076
296.881
300.687
304.401
307.926
311.167
314.036
316.451
318.338
319.635
320.287
320.252
319.497
318.001
315.753
312.754
309.015
304.556
299.407
293.605
287.194
280.221
272.733
264.779
256.404
247.646
238.539
229.107
219.366
209.32
198.971
188.308
177.32
165.994
154.321
142.299
129.943
117.286
104.391
91.3621
78.3473
65.5539
53.2518
41.7711
31.4812
22.7389
15.8022
10.7328
7.34762
5.27489
4.09177
3.4478
3.10786
2.93344
2.84791
2.80971
2.7964
2.79595
2.80208
2.8117
2.82348
2.83701
2.85231
2.86949
2.88858
2.90942
2.93159
2.95449
2.97729
2.99909
3.01894
3.03595
3.04933
3.0585
3.06306
3.06281
3.0579
3.04792
3.03644
3.00724
25.1042
56.2585
149.683
264.427
370.454
451.379
502.654
528.495
534.495
527.316
512.727
494.796
476.059
457.953
441.224
426.152
412.801
401.157
391.107
382.482
375.091
368.735
363.217
358.348
353.95
349.859
345.925
342.014
338.008
333.805
329.321
324.488
319.254
313.583
307.456
300.868
293.824
286.345
278.458
270.2
261.612
252.737
243.62
234.301
224.814
215.19
205.445
195.592
185.629
175.549
165.337
154.973
144.436
133.71
122.783
111.662
100.37
88.9588
77.5172
66.1758
55.1159
44.572
34.8256
26.182
18.9215
13.2252
9.10118
6.36019
4.6775
3.7074
3.17237
2.8875
2.74224
2.67358
2.64611
2.64
2.64424
2.65293
2.66309
2.67345
2.6837
2.69407
2.70498
2.71692
2.73023
2.74509
2.76144
2.77895
2.79709
2.81516
2.83235
2.84786
2.86092
2.87087
2.87723
2.87968
2.87821
2.87237
2.86494
2.8432
1.91232
461.629
874.609
1104.63
1180.48
1161.38
1095.4
1011.7
927.129
848.76
778.74
717.172
663.423
616.665
576.057
540.804
510.175
483.523
460.273
439.927
422.045
406.246
392.194
379.587
368.158
357.665
347.893
338.652
329.777
321.126
312.584
304.056
295.473
286.783
277.955
268.974
259.84
250.564
241.168
231.683
222.139
212.573
203.015
193.492
184.026
174.627
165.298
156.033
146.814
137.619
128.42
119.19
109.902
100.537
91.0918
81.5792
72.039
62.5425
53.1991
44.1603
35.6197
27.8034
20.9462
15.2489
10.8202
7.62877
5.50046
4.17615
3.39575
2.95465
2.71528
2.59273
2.53649
2.51682
2.51626
2.52472
2.5365
2.54857
2.55955
2.56902
2.57715
2.58442
2.59143
2.59882
2.60711
2.61666
2.62764
2.63996
2.65331
2.66721
2.68101
2.69401
2.70549
2.7148
2.72143
2.72497
2.7253
2.72194
2.71709
2.70051
)
;

boundaryField
{
    outlet
    {
        type            zeroGradient;
    }
    inlet
    {
        type            fixedValue;
        value           uniform 3.54;
    }
    lowerWall
    {
        type            epsilonWallFunction;
        value           nonuniform List<scalar> 
148
(
23.2969
22.5752
21.9094
21.2853
20.7019
20.1633
19.6735
19.2345
18.8457
18.505
18.2092
17.9545
17.7371
17.5533
17.3994
17.2723
17.1689
17.0865
17.0226
16.9752
16.9423
16.9221
16.913
16.9138
16.923
16.9399
16.9627
16.9935
17.0182
17.099
16.9411
17.9213
13.5823
1.64502
9.31681
16.9479
22.8139
26.5271
28.8779
29.9963
29.8982
29.27
28.1628
27.1775
26.0098
24.8843
25.1042
1.91232
1.64502
3.47898
3.86352
3.80657
3.45863
2.92395
2.38802
3.25652
8.06154
15.2014
23.4238
32.2871
41.5108
50.8797
60.2234
69.4057
78.3234
86.9092
95.1327
102.998
110.535
117.793
124.827
131.69
138.427
145.069
151.63
158.114
164.513
170.817
177.027
183.158
189.233
195.171
200.951
206.553
211.945
217.089
221.943
226.464
230.608
234.333
237.599
240.369
242.609
244.289
245.382
245.869
245.733
244.961
243.546
241.483
238.772
235.416
231.419
226.789
221.538
215.681
209.24
202.257
194.812
187.105
179.646
173.624
168.287
162.678
156.614
150.074
143.084
135.7
128.015
120.153
112.27
104.532
97.1005
90.1139
83.6716
77.8299
72.6043
67.9775
63.9093
60.3464
57.2294
54.4987
52.0972
49.9733
48.081
46.3804
44.8377
43.4254
42.1182
40.887
39.7063
38.563
37.4589
36.4015
35.4113
34.4724
33.7117
32.571
)
;
    }
    upperWall
    {
        type            epsilonWallFunction;
        value           nonuniform List<scalar> 
133
(
30.2663
32.7713
35.3126
37.865
40.4148
42.9529
45.4712
47.9622
50.4189
52.835
55.2051
57.5243
59.7886
61.9944
64.1391
66.2203
68.2366
70.1867
72.07
73.8862
75.6354
77.3179
78.9345
80.486
81.9735
83.3985
84.7622
86.0662
87.3122
88.5019
89.637
90.7191
91.7513
92.8923
94.1482
95.3693
96.5524
97.6952
98.7955
99.8508
100.859
101.818
102.726
103.58
104.378
105.119
105.799
106.417
106.972
107.46
107.879
108.228
108.504
108.706
108.83
108.874
108.837
108.716
108.508
108.211
107.822
107.339
106.759
106.079
105.296
104.409
103.412
102.304
101.082
99.741
98.279
96.6923
94.9773
93.1304
91.1482
89.0272
86.7645
84.3576
81.8055
79.1088
76.271
73.3001
70.2102
67.0244
63.7776
60.5203
57.3223
54.2762
51.4987
49.1295
47.3244
46.2414
46.0168
46.7326
48.3794
50.8278
53.8254
57.0253
60.0448
62.5679
64.4239
65.4984
65.7763
65.361
64.4159
63.1096
61.5855
59.9529
58.2881
56.6361
55.0179
53.4481
51.9408
50.5078
49.1564
47.8887
46.7029
45.5946
44.5586
43.5894
42.6824
41.8335
41.0398
40.299
39.6098
38.9706
38.3813
37.8393
37.3473
36.898
36.4953
36.1643
35.6864
)
;
    }
    frontAndBack
    {
        type            empty;
    }
}


// ************************************************************************* //
