/*--------------------------------*- C++ -*----------------------------------*\
  =========                 |
  \\      /  F ield         | OpenFOAM: The Open Source CFD Toolbox
   \\    /   O peration     | Website:  https://openfoam.org
    \\  /    A nd           | Version:  10
     \\/     M anipulation  |
\*---------------------------------------------------------------------------*/
FoamFile
{
    format      ascii;
    class       volScalarField;
    location    "0.175";
    object      p;
}
// * * * * * * * * * * * * * * * * * * * * * * * * * * * * * * * * * * * * * //

dimensions      [0 2 -2 0 0 0 0];

internalField   nonuniform List<scalar> 
6820
(
-9.68518
-9.98836
-10.0366
-10.0555
-10.0914
-10.121
-10.1444
-10.1661
-10.1866
-10.2057
-10.2237
-10.2409
-10.2573
-10.2728
-10.2873
-10.3008
-10.313
-10.3237
-10.3325
-10.339
-10.3428
-10.3433
-10.3399
-10.3318
-10.318
-10.2974
-10.2686
-10.23
-10.1791
-10.113
-10.0286
-9.91697
-9.78722
-9.88614
-10.0119
-10.0505
-10.0692
-10.0993
-10.1257
-10.1474
-10.1679
-10.1876
-10.2061
-10.2237
-10.2406
-10.2566
-10.2719
-10.2863
-10.2996
-10.3117
-10.3223
-10.3311
-10.3378
-10.3418
-10.3428
-10.34
-10.3329
-10.3205
-10.3018
-10.2758
-10.2409
-10.1955
-10.1381
-10.066
-9.9845
-9.88815
-9.88593
-9.97215
-10.0327
-10.0625
-10.0947
-10.1237
-10.1477
-10.1696
-10.1902
-10.2094
-10.2275
-10.2446
-10.2609
-10.2762
-10.2905
-10.3038
-10.3157
-10.3262
-10.335
-10.3416
-10.3459
-10.3473
-10.3453
-10.3394
-10.3289
-10.3133
-10.2916
-10.2631
-10.2274
-10.184
-10.1351
-10.0826
-10.0477
-9.94253
-10.0131
-10.0631
-10.0864
-10.112
-10.1369
-10.1581
-10.1777
-10.1966
-10.2145
-10.2315
-10.2478
-10.2633
-10.2781
-10.292
-10.3049
-10.3167
-10.3271
-10.336
-10.3429
-10.3476
-10.3497
-10.3488
-10.3443
-10.3359
-10.323
-10.3051
-10.2818
-10.2531
-10.2193
-10.1828
-10.1467
-10.123
-9.97211
-10.0117
-10.0528
-10.0789
-10.1057
-10.1317
-10.1545
-10.1754
-10.1952
-10.2139
-10.2316
-10.2485
-10.2645
-10.2797
-10.2939
-10.3071
-10.3192
-10.33
-10.3392
-10.3466
-10.352
-10.355
-10.3553
-10.3526
-10.3465
-10.3368
-10.3232
-10.3056
-10.2845
-10.2607
-10.2367
-10.2149
-10.2044
-10.0015
-10.033
-10.0724
-10.0988
-10.1229
-10.1463
-10.1671
-10.1863
-10.2047
-10.2221
-10.2388
-10.2547
-10.27
-10.2845
-10.2983
-10.3111
-10.323
-10.3337
-10.343
-10.3508
-10.3568
-10.3608
-10.3625
-10.3617
-10.3582
-10.3519
-10.3427
-10.3308
-10.3169
-10.302
-10.2881
-10.2773
-10.275
-10.026
-10.0466
-10.0772
-10.1003
-10.1221
-10.1444
-10.1651
-10.1844
-10.203
-10.2209
-10.2379
-10.2543
-10.2699
-10.2848
-10.299
-10.3123
-10.3246
-10.3358
-10.3459
-10.3545
-10.3616
-10.3669
-10.3704
-10.3718
-10.3712
-10.3686
-10.364
-10.3579
-10.3511
-10.3445
-10.34
-10.3392
-10.3454
-10.0476
-10.0629
-10.0898
-10.1129
-10.1344
-10.1557
-10.1757
-10.1943
-10.2121
-10.2292
-10.2456
-10.2613
-10.2765
-10.2909
-10.3048
-10.3178
-10.3301
-10.3414
-10.3518
-10.3609
-10.3688
-10.3754
-10.3805
-10.3842
-10.3864
-10.3873
-10.3873
-10.3867
-10.3864
-10.3874
-10.3912
-10.3991
-10.4132
-10.0668
-10.078
-10.1
-10.1202
-10.1393
-10.1586
-10.1774
-10.1953
-10.2126
-10.2295
-10.2458
-10.2616
-10.2768
-10.2915
-10.3057
-10.3191
-10.3319
-10.3438
-10.355
-10.3651
-10.3743
-10.3825
-10.3896
-10.3958
-10.4011
-10.4058
-10.4103
-10.4151
-10.421
-10.4291
-10.4406
-10.4566
-10.4787
-10.0842
-10.0927
-10.1113
-10.1302
-10.1484
-10.1671
-10.1854
-10.203
-10.22
-10.2365
-10.2525
-10.2681
-10.2831
-10.2976
-10.3117
-10.3252
-10.3381
-10.3504
-10.362
-10.3729
-10.3831
-10.3927
-10.4016
-10.4101
-10.4183
-10.4265
-10.4352
-10.4449
-10.4566
-10.471
-10.4894
-10.5127
-10.5424
-10.1
-10.1067
-10.1223
-10.1391
-10.1557
-10.1728
-10.1899
-10.2065
-10.2228
-10.2388
-10.2544
-10.2697
-10.2847
-10.2993
-10.3135
-10.3272
-10.3406
-10.3535
-10.3659
-10.3779
-10.3894
-10.4006
-10.4116
-10.4225
-10.4336
-10.4454
-10.4582
-10.4727
-10.4896
-10.5099
-10.5346
-10.5646
-10.6013
-10.1147
-10.12
-10.1333
-10.1485
-10.164
-10.1803
-10.1967
-10.2129
-10.2289
-10.2447
-10.2602
-10.2754
-10.2903
-10.3049
-10.3192
-10.3331
-10.3468
-10.3602
-10.3733
-10.3861
-10.3988
-10.4115
-10.4243
-10.4374
-10.4513
-10.4662
-10.4827
-10.5014
-10.523
-10.5484
-10.5786
-10.6144
-10.657
-10.1282
-10.1327
-10.144
-10.1577
-10.172
-10.187
-10.2024
-10.2178
-10.2331
-10.2483
-10.2634
-10.2783
-10.293
-10.3075
-10.3219
-10.3361
-10.3501
-10.364
-10.3779
-10.3917
-10.4057
-10.4198
-10.4345
-10.4499
-10.4663
-10.4842
-10.5042
-10.5267
-10.5525
-10.5825
-10.6174
-10.6582
-10.706
-10.1409
-10.1446
-10.1544
-10.1668
-10.18
-10.1941
-10.2088
-10.2237
-10.2386
-10.2536
-10.2685
-10.2833
-10.298
-10.3126
-10.3271
-10.3416
-10.356
-10.3705
-10.385
-10.3998
-10.4149
-10.4304
-10.4468
-10.4641
-10.4829
-10.5034
-10.5263
-10.5521
-10.5814
-10.6151
-10.6539
-10.6985
-10.7502
-10.1527
-10.156
-10.1645
-10.1756
-10.1879
-10.2011
-10.2149
-10.2291
-10.2435
-10.2579
-10.2724
-10.2869
-10.3015
-10.316
-10.3306
-10.3452
-10.3599
-10.3749
-10.39
-10.4056
-10.4217
-10.4386
-10.4565
-10.4756
-10.4964
-10.5193
-10.5447
-10.5732
-10.6055
-10.6422
-10.684
-10.7317
-10.7862
-10.1638
-10.1666
-10.1742
-10.1843
-10.1956
-10.208
-10.2212
-10.2348
-10.2487
-10.2628
-10.2771
-10.2915
-10.306
-10.3206
-10.3353
-10.3501
-10.3652
-10.3807
-10.3965
-10.4128
-10.4299
-10.448
-10.4672
-10.4879
-10.5104
-10.5352
-10.5626
-10.5934
-10.6279
-10.6667
-10.7107
-10.7602
-10.8164
-10.1742
-10.1767
-10.1835
-10.1927
-10.2032
-10.2148
-10.2273
-10.2403
-10.2537
-10.2674
-10.2813
-10.2954
-10.3097
-10.3242
-10.3389
-10.3539
-10.3693
-10.385
-10.4013
-10.4183
-10.4362
-10.4551
-10.4754
-10.4974
-10.5213
-10.5476
-10.5766
-10.6089
-10.645
-10.6853
-10.7305
-10.781
-10.8377
-10.184
-10.1862
-10.1923
-10.2007
-10.2105
-10.2214
-10.2333
-10.2458
-10.2587
-10.2721
-10.2857
-10.2996
-10.3138
-10.3283
-10.3431
-10.3582
-10.3738
-10.3899
-10.4066
-10.4242
-10.4427
-10.4625
-10.4837
-10.5066
-10.5315
-10.5589
-10.589
-10.6223
-10.6593
-10.7003
-10.7459
-10.7965
-10.8526
-10.1932
-10.1952
-10.2007
-10.2084
-10.2175
-10.2278
-10.2391
-10.2511
-10.2636
-10.2765
-10.2898
-10.3035
-10.3175
-10.3318
-10.3466
-10.3617
-10.3774
-10.3937
-10.4107
-10.4286
-10.4476
-10.4679
-10.4896
-10.5132
-10.5388
-10.5667
-10.5974
-10.6311
-10.6683
-10.7093
-10.7546
-10.8043
-10.859
-10.2017
-10.2036
-10.2086
-10.2158
-10.2243
-10.234
-10.2447
-10.2562
-10.2683
-10.2808
-10.2938
-10.3073
-10.3211
-10.3353
-10.35
-10.3651
-10.3809
-10.3973
-10.4145
-10.4327
-10.452
-10.4725
-10.4946
-10.5185
-10.5444
-10.5725
-10.6033
-10.6369
-10.6738
-10.7141
-10.7582
-10.8063
-10.8588
-10.2097
-10.2114
-10.2161
-10.2227
-10.2307
-10.2399
-10.2501
-10.2611
-10.2727
-10.2849
-10.2976
-10.3107
-10.3243
-10.3383
-10.3529
-10.3679
-10.3836
-10.4
-10.4173
-10.4355
-10.4548
-10.4754
-10.4976
-10.5214
-10.5472
-10.5751
-10.6054
-10.6384
-10.6743
-10.7133
-10.7557
-10.8015
-10.8511
-10.2171
-10.2187
-10.223
-10.2292
-10.2367
-10.2454
-10.2552
-10.2657
-10.277
-10.2888
-10.3011
-10.3139
-10.3272
-10.341
-10.3553
-10.3702
-10.3858
-10.4021
-10.4192
-10.4373
-10.4565
-10.4769
-10.4988
-10.5223
-10.5477
-10.575
-10.6045
-10.6363
-10.6708
-10.7079
-10.748
-10.791
-10.8371
-10.2239
-10.2253
-10.2294
-10.2352
-10.2423
-10.2506
-10.2599
-10.2701
-10.2809
-10.2923
-10.3043
-10.3168
-10.3298
-10.3433
-10.3574
-10.372
-10.3873
-10.4034
-10.4202
-10.438
-10.4569
-10.4769
-10.4983
-10.5211
-10.5456
-10.572
-10.6002
-10.6305
-10.6631
-10.6979
-10.7352
-10.7749
-10.8171
-10.2301
-10.2315
-10.2353
-10.2408
-10.2475
-10.2554
-10.2643
-10.274
-10.2844
-10.2955
-10.3071
-10.3192
-10.3319
-10.345
-10.3587
-10.373
-10.3879
-10.4035
-10.42
-10.4373
-10.4555
-10.4749
-10.4955
-10.5174
-10.5408
-10.5658
-10.5924
-10.6208
-10.651
-10.6832
-10.7173
-10.7533
-10.7913
-10.2357
-10.237
-10.2406
-10.2458
-10.2522
-10.2598
-10.2683
-10.2776
-10.2877
-10.2984
-10.3096
-10.3214
-10.3336
-10.3464
-10.3597
-10.3735
-10.388
-10.4032
-10.419
-10.4357
-10.4533
-10.4718
-10.4914
-10.5122
-10.5342
-10.5575
-10.5822
-10.6084
-10.636
-10.6652
-10.6958
-10.7279
-10.7614
-10.2407
-10.2419
-10.2453
-10.2503
-10.2564
-10.2636
-10.2718
-10.2807
-10.2904
-10.3006
-10.3115
-10.3228
-10.3346
-10.3468
-10.3596
-10.3728
-10.3868
-10.4013
-10.4164
-10.4322
-10.4488
-10.4662
-10.4846
-10.5039
-10.5242
-10.5456
-10.5682
-10.5918
-10.6166
-10.6425
-10.6694
-10.6974
-10.7263
-10.245
-10.2462
-10.2495
-10.2543
-10.2601
-10.2671
-10.2749
-10.2836
-10.2929
-10.3028
-10.3133
-10.3242
-10.3355
-10.3473
-10.3596
-10.3725
-10.3856
-10.3994
-10.4137
-10.4286
-10.4441
-10.4604
-10.4773
-10.4951
-10.5136
-10.5329
-10.5531
-10.574
-10.5958
-10.6183
-10.6415
-10.6653
-10.6896
-10.2487
-10.2498
-10.253
-10.2576
-10.2632
-10.2698
-10.2774
-10.2856
-10.2945
-10.304
-10.3139
-10.3243
-10.3351
-10.3463
-10.3579
-10.37
-10.3823
-10.3952
-10.4085
-10.4222
-10.4365
-10.4513
-10.4667
-10.4826
-10.499
-10.5161
-10.5337
-10.5518
-10.5703
-10.5893
-10.6087
-10.6283
-10.648
-10.2516
-10.2527
-10.2559
-10.2604
-10.2659
-10.2724
-10.2797
-10.2878
-10.2964
-10.3055
-10.3152
-10.3251
-10.3355
-10.3461
-10.3571
-10.3685
-10.3801
-10.3921
-10.4044
-10.417
-10.43
-10.4434
-10.4571
-10.4711
-10.4855
-10.5003
-10.5153
-10.5305
-10.5459
-10.5615
-10.577
-10.5924
-10.6077
-10.2538
-10.2549
-10.2579
-10.2622
-10.2675
-10.2737
-10.2807
-10.2884
-10.2965
-10.3051
-10.314
-10.3236
-10.3333
-10.3433
-10.3535
-10.364
-10.3746
-10.3855
-10.3966
-10.4079
-10.4194
-10.4311
-10.443
-10.455
-10.4672
-10.4794
-10.4917
-10.5039
-10.5161
-10.5281
-10.5399
-10.5513
-10.5623
-10.2552
-10.2564
-10.2595
-10.264
-10.2694
-10.2756
-10.2826
-10.2901
-10.2982
-10.3065
-10.3152
-10.3243
-10.3335
-10.3429
-10.3525
-10.3622
-10.372
-10.3819
-10.3919
-10.402
-10.4121
-10.4222
-10.4323
-10.4424
-10.4524
-10.4623
-10.472
-10.4814
-10.4905
-10.4992
-10.5074
-10.515
-10.5219
-10.2556
-10.2567
-10.2596
-10.2638
-10.269
-10.2749
-10.2815
-10.2887
-10.2963
-10.3042
-10.3124
-10.3208
-10.3293
-10.338
-10.3467
-10.3555
-10.3643
-10.3731
-10.3818
-10.3904
-10.3989
-10.4073
-10.4155
-10.4235
-10.4312
-10.4386
-10.4456
-10.4521
-10.4581
-10.4635
-10.4682
-10.4722
-10.4753
-10.2553
-10.2567
-10.2603
-10.2651
-10.2707
-10.277
-10.2838
-10.291
-10.2985
-10.3063
-10.3142
-10.3222
-10.3302
-10.3383
-10.3463
-10.3543
-10.3622
-10.37
-10.3776
-10.3849
-10.3921
-10.3989
-10.4054
-10.4116
-10.4172
-10.4224
-10.427
-10.431
-10.4342
-10.4367
-10.4382
-10.4388
-10.4383
-10.2533
-10.2543
-10.2574
-10.2619
-10.2671
-10.2731
-10.2797
-10.2866
-10.2938
-10.3012
-10.3087
-10.3162
-10.3237
-10.3311
-10.3384
-10.3455
-10.3524
-10.359
-10.3653
-10.3713
-10.3769
-10.382
-10.3867
-10.3908
-10.3943
-10.3971
-10.3992
-10.4005
-10.4009
-10.4004
-10.3989
-10.3964
-10.3928
-10.2512
-10.2536
-10.2585
-10.2643
-10.2704
-10.277
-10.2838
-10.2908
-10.2979
-10.3051
-10.3122
-10.3192
-10.3262
-10.3329
-10.3395
-10.3458
-10.3519
-10.3576
-10.3629
-10.3677
-10.3721
-10.3759
-10.3791
-10.3816
-10.3834
-10.3844
-10.3846
-10.3837
-10.3819
-10.379
-10.3749
-10.3696
-10.363
-10.2444
-10.2452
-10.2494
-10.2551
-10.2613
-10.2681
-10.2752
-10.2824
-10.2896
-10.2967
-10.3037
-10.3106
-10.3172
-10.3235
-10.3295
-10.3351
-10.3403
-10.345
-10.3491
-10.3527
-10.3556
-10.3578
-10.3593
-10.3599
-10.3597
-10.3586
-10.3565
-10.3533
-10.3491
-10.3438
-10.3372
-10.3295
-10.3205
-10.2422
-10.2479
-10.2554
-10.2623
-10.269
-10.2759
-10.2828
-10.2896
-10.2964
-10.303
-10.3094
-10.3157
-10.3217
-10.3274
-10.3328
-10.3378
-10.3423
-10.3463
-10.3498
-10.3526
-10.3547
-10.356
-10.3566
-10.3562
-10.3549
-10.3525
-10.3491
-10.3445
-10.3387
-10.3316
-10.3232
-10.3134
-10.302
-10.2201
-10.2238
-10.2342
-10.2436
-10.2524
-10.2613
-10.2698
-10.2777
-10.2853
-10.2925
-10.2993
-10.3057
-10.3116
-10.317
-10.3219
-10.3262
-10.3299
-10.3329
-10.3352
-10.3368
-10.3375
-10.3373
-10.3362
-10.3342
-10.331
-10.3268
-10.3215
-10.315
-10.3073
-10.2983
-10.2881
-10.2766
-10.2638
-10.2323
-10.242
-10.2516
-10.2584
-10.2658
-10.2732
-10.2801
-10.2869
-10.2935
-10.2999
-10.3061
-10.312
-10.3176
-10.3227
-10.3275
-10.3317
-10.3353
-10.3384
-10.3407
-10.3422
-10.3429
-10.3428
-10.3416
-10.3394
-10.3361
-10.3315
-10.3258
-10.3187
-10.3103
-10.3005
-10.2892
-10.2763
-10.2619
-10.1304
-10.1971
-10.2213
-10.2323
-10.2461
-10.2581
-10.2676
-10.2761
-10.2838
-10.2908
-10.2972
-10.3029
-10.3081
-10.3126
-10.3165
-10.3197
-10.3222
-10.3238
-10.3246
-10.3246
-10.3235
-10.3215
-10.3184
-10.3141
-10.3088
-10.3022
-10.2944
-10.2854
-10.275
-10.2633
-10.2503
-10.2359
-10.2201
-9.57595
-10.2602
-10.4811
-9.90385
-8.6197
-7.36209
-7.09345
-8.18523
-10.3581
-13.1544
-16.3654
-19.8353
-23.3419
-26.6551
-29.5421
-31.7658
-33.1748
-33.6549
-33.114
-31.5155
-28.9923
-25.8427
-22.4232
-19.0221
-15.8054
-12.8644
-10.2594
-8.02396
-6.15779
-4.63266
-3.40587
-2.43137
-1.66571
-1.07089
-0.615306
-0.273778
-0.0269537
0.139356
0.233919
0.261996
0.223257
0.115114
-0.0828503
-0.435725
-0.960021
-1.58507
-2.26819
-3.07735
-4.20415
-5.87265
-8.27208
-11.5464
-15.7912
-21.0964
-27.5412
-35.023
-42.9877
-50.399
-56.2926
-60.1167
-61.3897
-59.6357
-54.4646
-46.1972
-36.0438
-25.6354
-16.3108
-8.85145
-3.5688
-0.388333
1.09189
1.34742
0.61187
-1.06907
-4.33458
-9.86392
-16.7048
-22.9199
-26.3208
-25.7972
-21.6285
-15.7755
-10.3382
-6.38303
-3.8699
-2.33943
-1.40954
-0.840281
-0.488332
-0.276164
-0.156672
-0.0923857
-0.0559005
-0.030499
-0.0135408
0.00130362
-0.000410806
0.0169974
-0.0188064
0.0526711
-9.91392
-10.3289
-10.2214
-9.55932
-8.70342
-8.01235
-7.91487
-8.72369
-10.5
-13.0832
-16.2099
-19.5467
-22.8259
-25.8608
-28.509
-30.6037
-31.9137
-32.2439
-31.5332
-29.8506
-27.3978
-24.4674
-21.3502
-18.253
-15.2989
-12.5702
-10.1288
-8.0114
-6.22377
-4.74586
-3.54342
-2.57756
-1.81032
-1.20767
-0.740721
-0.386046
-0.125431
0.0546179
0.162738
0.203851
0.177564
0.0808348
-0.0998367
-0.421112
-0.91723
-1.53312
-2.21986
-3.02943
-4.14807
-5.82054
-8.25664
-11.6085
-15.9727
-21.4421
-28.0929
-35.7958
-43.9305
-51.4134
-57.2964
-61.0838
-62.3431
-60.5706
-55.317
-46.877
-36.5064
-25.9127
-16.4703
-8.94284
-3.62419
-0.452183
0.963358
1.12525
0.30633
-1.41671
-4.5055
-9.47804
-15.5244
-21.003
-24.026
-23.622
-20.0022
-14.858
-10.0038
-6.37567
-3.98525
-2.47694
-1.53326
-0.941824
-0.569372
-0.339723
-0.204775
-0.127127
-0.0798462
-0.0464904
-0.0239229
-0.00532499
-0.00391521
0.0145214
-0.0180484
0.0493839
-10.0261
-10.1721
-10.1292
-9.80166
-9.28917
-8.8191
-8.78883
-9.53182
-11.1437
-13.4729
-16.274
-19.2979
-22.3167
-25.1307
-27.5568
-29.3415
-30.3305
-30.413
-29.5963
-27.9783
-25.7453
-23.1283
-20.3383
-17.5311
-14.8181
-12.285
-9.99703
-7.99317
-6.28317
-4.85354
-3.67737
-2.72225
-1.95539
-1.34656
-0.869549
-0.502728
-0.229041
-0.0357538
0.0855681
0.139629
0.125945
0.0410507
-0.124197
-0.416661
-0.883101
-1.48479
-2.17203
-2.98338
-4.09499
-5.76837
-8.23538
-11.6584
-16.135
-21.7571
-28.593
-36.4798
-44.7347
-52.2395
-58.0734
-61.8006
-63.0336
-61.2393
-55.9193
-47.3426
-36.8035
-26.078
-16.5721
-9.02744
-3.71157
-0.566876
0.780999
0.853082
-0.0382025
-1.78793
-4.71807
-9.20366
-14.5426
-19.3425
-22.0026
-21.6892
-18.5612
-14.0542
-9.7199
-6.38212
-4.10191
-2.61435
-1.65811
-1.04547
-0.652574
-0.404963
-0.254017
-0.162582
-0.104322
-0.0629095
-0.0346419
-0.012225
-0.00763233
0.0118206
-0.0175484
0.0456922
-10.1118
-10.205
-10.1868
-9.93956
-9.58126
-9.34335
-9.50188
-10.263
-11.6822
-13.6734
-16.0925
-18.7548
-21.4404
-23.925
-25.9764
-27.4686
-28.2699
-28.3053
-27.5762
-26.1675
-24.2234
-21.9148
-19.4099
-16.8524
-14.3549
-12.0039
-9.8626
-7.96897
-6.33574
-4.95527
-3.80716
-2.86488
-2.1004
-1.4871
-1.00143
-0.623544
-0.337591
-0.131645
0.0024407
0.0692486
0.06816
-0.00473348
-0.155899
-0.42104
-0.854863
-1.43813
-2.12432
-2.93889
-4.04381
-5.71333
-8.20323
-11.6881
-16.2656
-22.0222
-29.0133
-37.0374
-45.359
-52.8379
-58.5917
-62.2375
-63.4287
-61.6081
-56.2408
-47.572
-36.9257
-26.133
-16.6228
-9.11196
-3.83729
-0.73904
0.540265
0.529024
-0.42266
-2.18405
-4.96968
-9.03096
-13.7487
-17.9398
-20.2617
-20.013
-17.3139
-13.3648
-9.48242
-6.39802
-4.217
-2.75007
-1.78315
-1.15044
-0.737212
-0.471248
-0.3039
-0.19835
-0.128888
-0.0792461
-0.0451605
-0.0188847
-0.0111245
0.00935005
-0.0168568
0.0425506
-10.2021
-10.2462
-10.2246
-10.0767
-9.89145
-9.82538
-10.0716
-10.7927
-12.0466
-13.7763
-15.8608
-18.1418
-20.4366
-22.5603
-24.3497
-25.6689
-26.3825
-26.4261
-25.8034
-24.5792
-22.8639
-20.7997
-18.5358
-16.2036
-13.9078
-11.7291
-9.72716
-7.93957
-6.3818
-5.05115
-3.93276
-3.00532
-2.24518
-1.62918
-1.1363
-0.748524
-0.451209
-0.233261
-0.0869201
-0.00769874
0.00372613
-0.056703
-0.194591
-0.43489
-0.834124
-1.39454
-2.07687
-2.89504
-3.9936
-5.65346
-8.1556
-11.6893
-16.3519
-22.22
-29.3296
-37.4404
-45.7734
-53.1815
-58.8262
-62.3675
-63.4989
-61.6457
-56.2517
-47.5438
-36.8658
-26.0841
-16.6348
-9.20726
-4.0096
-0.976967
0.233838
0.149552
-0.848614
-2.60337
-5.24928
-8.93954
-13.1199
-16.779
-18.7962
-18.5897
-16.2535
-12.7803
-9.28451
-6.42086
-4.33015
-2.88399
-1.90799
-1.2562
-0.822794
-0.538188
-0.354172
-0.23436
-0.153572
-0.0956451
-0.0557057
-0.0255522
-0.0146388
0.0068225
-0.0163294
0.0391827
-10.2794
-10.3099
-10.3124
-10.2479
-10.1752
-10.217
-10.523
-11.2172
-12.3447
-13.8614
-15.6682
-17.6345
-19.6111
-21.4521
-23.009
-24.143
-24.7481
-24.7753
-24.2222
-23.1356
-21.6068
-19.7564
-17.7114
-15.5869
-13.4783
-11.4607
-9.59072
-7.90513
-6.4215
-5.14114
-4.05396
-3.14326
-2.38941
-1.77248
-1.2739
-0.877474
-0.569773
-0.340549
-0.182505
-0.0912794
-0.0675148
-0.115246
-0.240314
-0.458914
-0.823205
-1.35618
-2.03038
-2.85157
-3.94493
-5.58964
-8.09121
-11.657
-16.3845
-22.336
-29.5224
-37.665
-45.9521
-53.2461
-58.7541
-62.1685
-63.222
-61.3295
-55.9309
-47.2451
-36.6256
-25.9474
-16.6307
-9.33351
-4.24127
-1.28817
-0.144132
-0.287992
-1.31601
-3.04578
-5.55054
-8.91083
-12.6279
-15.8307
-17.5816
-17.4
-15.3628
-12.2874
-9.11866
-6.44779
-4.44036
-3.01547
-2.032
-1.36212
-0.908763
-0.605351
-0.404473
-0.270301
-0.178097
-0.111812
-0.0659838
-0.0319351
-0.0179081
0.00454144
-0.0156614
0.036316
-10.359
-10.3906
-10.413
-10.4079
-10.4226
-10.5509
-10.902
-11.5656
-12.5773
-13.9065
-15.4756
-17.177
-18.8847
-20.4667
-21.7947
-22.7584
-23.2703
-23.2804
-22.7814
-21.8112
-20.4457
-18.785
-16.9369
-15.002
-13.0663
-11.1992
-9.4539
-7.86621
-6.4552
-5.22539
-4.17072
-3.27854
-2.53286
-1.91676
-1.41405
-1.01027
-0.693237
-0.453552
-0.284429
-0.181729
-0.145838
-0.180808
-0.29314
-0.492994
-0.823536
-1.32492
-1.98558
-2.80794
-3.89752
-5.52221
-8.00861
-11.5856
-16.3529
-22.3548
-29.5712
-37.6868
-45.8707
-53.0098
-58.356
-61.6236
-62.5824
-60.6438
-55.2643
-46.6697
-36.2144
-25.7477
-16.6428
-9.51893
-4.55101
-1.68245
-0.598764
-0.786183
-1.82475
-3.5109
-5.86967
-8.92969
-12.2437
-15.0571
-16.58
-16.4107
-14.6154
-11.8686
-8.97733
-6.47696
-4.54745
-3.14433
-2.15476
-1.46768
-0.994657
-0.672386
-0.45453
-0.305957
-0.202357
-0.127727
-0.0760211
-0.038097
-0.0210271
0.00235817
-0.01507
0.0334074
-10.4361
-10.4756
-10.5201
-10.565
-10.6462
-10.8333
-11.2068
-11.8336
-12.7411
-13.9069
-15.2682
-16.7357
-18.2026
-19.5568
-20.6917
-21.5106
-21.9356
-21.923
-21.4667
-20.5967
-19.3742
-17.8817
-16.2105
-14.4481
-12.6717
-10.9448
-9.31709
-7.82326
-6.48321
-5.304
-4.28296
-3.41095
-2.67526
-2.06175
-1.55648
-1.14669
-0.821438
-0.572176
-0.392649
-0.279059
-0.231412
-0.253789
-0.35324
-0.536791
-0.836397
-1.30278
-1.94371
-2.76374
-3.85026
-5.4509
-7.90624
-11.4694
-16.2459
-22.26
-29.4559
-37.4843
-45.5092
-52.4556
-57.6173
-60.7218
-61.5704
-59.5801
-54.2455
-45.8205
-35.6511
-25.5201
-16.7129
-9.79999
-4.96255
-2.17183
-1.13464
-1.34604
-2.374
-3.99787
-6.20434
-8.98495
-11.9419
-14.4198
-15.7468
-15.5813
-13.981
-11.5074
-8.85466
-6.5074
-4.65141
-3.27034
-2.27579
-1.57234
-1.07999
-0.738884
-0.504021
-0.341056
-0.226101
-0.143163
-0.0856031
-0.0438382
-0.0238142
0.000484152
-0.0143535
0.0309457
-10.5115
-10.5626
-10.628
-10.7102
-10.8378
-11.0633
-11.4463
-12.0354
-12.85
-13.8722
-15.0513
-16.3134
-17.5697
-18.7254
-19.6882
-20.3749
-20.7208
-20.6881
-20.2687
-19.4851
-18.387
-17.0429
-15.5299
-13.9242
-12.2941
-10.6977
-9.1809
-7.77686
-6.50595
-5.37718
-4.39067
-3.54033
-2.81635
-2.20717
-1.70092
-1.2865
-0.954205
-0.696326
-0.507154
-0.383331
-0.324448
-0.334542
-0.420929
-0.589824
-0.862615
-1.29204
-1.90691
-2.71901
-3.80129
-5.37486
-7.78324
-11.3043
-16.0536
-22.0367
-29.1588
-37.0401
-44.8531
-51.5711
-56.528
-59.4573
-60.1805
-58.1343
-52.875
-44.7089
-34.9637
-25.3076
-16.8897
-10.2191
-5.50368
-2.76959
-1.75601
-1.9677
-2.9623
-4.50507
-6.5531
-9.06973
-11.7038
-13.8858
-15.041
-14.8733
-13.4328
-11.1908
-8.74722
-6.53915
-4.7526
-3.39343
-2.39473
-1.67563
-1.16428
-0.804436
-0.552609
-0.375332
-0.24913
-0.157981
-0.094646
-0.0491191
-0.0262701
-0.00113674
-0.0136324
0.0285805
-10.5844
-10.6474
-10.7308
-10.841
-11.0011
-11.2501
-11.6317
-12.1804
-12.9098
-13.8049
-14.8244
-15.9073
-16.9792
-17.9601
-18.7717
-19.3435
-19.62
-19.5673
-19.1771
-18.4669
-17.4771
-16.2641
-14.8929
-13.4293
-11.9337
-10.4584
-9.04587
-7.72753
-6.5238
-5.44513
-4.49387
-3.66654
-2.95591
-2.35271
-1.84706
-1.42942
-1.09129
-0.825814
-0.627822
-0.494454
-0.424981
-0.423266
-0.496577
-0.651645
-0.902222
-1.29508
-1.87769
-2.67419
-3.74853
-5.29268
-7.6394
-11.0876
-15.7683
-21.6722
-28.6655
-36.3419
-43.8931
-50.3496
-55.0831
-57.8286
-58.41
-56.3058
-51.1591
-43.3548
-34.1877
-25.1569
-17.2235
-10.8195
-6.20308
-3.48896
-2.46593
-2.64968
-3.58713
-5.03063
-6.9146
-9.18023
-11.5182
-13.4333
-14.4335
-14.2593
-12.9531
-10.9118
-8.65412
-6.57298
-4.85151
-3.51358
-2.51124
-1.77706
-1.24703
-0.86858
-0.599906
-0.408464
-0.271176
-0.171949
-0.102953
-0.053769
-0.0282477
-0.00234429
-0.0127701
0.0266355
-10.652
-10.7263
-10.8247
-10.955
-11.1358
-11.3961
-11.7678
-12.2753
-12.927
-13.7099
-14.5899
-15.5164
-16.4272
-17.2555
-17.9346
-18.4047
-18.6185
-18.5467
-18.1809
-17.5342
-16.639
-15.5419
-14.2976
-12.9626
-11.5901
-10.2272
-8.91255
-7.67585
-6.53723
-5.5081
-4.59261
-3.78947
-3.09368
-2.49807
-1.99457
-1.57513
-1.23241
-0.960407
-0.754501
-0.61233
-0.532984
-0.520048
-0.580526
-0.722078
-0.954493
-1.31385
-1.8589
-2.63069
-3.69061
-5.20253
-7.47466
-10.8185
-15.3848
-21.1565
-27.9651
-35.3819
-42.6259
-48.79
-53.2823
-55.8338
-56.2576
-54.0963
-49.111
-41.7866
-33.3616
-25.1095
-17.7542
-11.6357
-7.08447
-4.34046
-3.26536
-3.38876
-4.24496
-5.57238
-7.28732
-9.31429
-11.3793
-13.0518
-13.9099
-13.726
-12.5341
-10.6683
-8.57607
-6.61002
-4.94877
-3.63088
-2.62506
-1.87618
-1.32771
-0.930827
-0.64549
-0.440107
-0.29196
-0.184852
-0.11037
-0.0576829
-0.0296898
-0.00313254
-0.0118202
0.0249005
-10.7151
-10.7987
-10.9083
-11.0518
-11.244
-11.5067
-11.8624
-12.3282
-12.9085
-13.5916
-14.3491
-15.1389
-15.9095
-16.6044
-17.1677
-17.5487
-17.7074
-17.6179
-17.2722
-16.68
-15.8673
-14.8725
-13.7416
-12.523
-11.2633
-10.0043
-8.78149
-7.6224
-6.54668
-5.56635
-4.68696
-3.90901
-3.22943
-2.64293
-2.1431
-1.72327
-1.37723
-1.0998
-0.886935
-0.736728
-0.648277
-0.624844
-0.672996
-0.801196
-1.01823
-1.34925
-1.85399
-2.59139
-3.62699
-5.10174
-7.28877
-10.4986
-14.9021
-20.4845
-27.0514
-34.1572
-41.053
-46.8964
-51.1288
-53.4711
-53.7223
-51.5127
-46.7539
-40.0391
-32.5183
-25.1878
-18.4963
-12.6801
-8.15812
-5.32793
-4.15169
-4.17971
-4.93105
-6.12756
-7.66963
-9.4702
-11.2837
-12.7358
-13.464
-13.2678
-12.1732
-10.4601
-8.51414
-6.65141
-5.04505
-3.74546
-2.7359
-1.97249
-1.40578
-0.990647
-0.688899
-0.469871
-0.311162
-0.196427
-0.116683
-0.0606866
-0.0304589
-0.00336806
-0.0106806
0.0235892
-10.7702
-10.8611
-10.9786
-11.1298
-11.3264
-11.5844
-11.92
-12.3444
-12.8591
-13.4535
-14.1035
-14.7742
-15.4226
-16.0015
-16.4639
-16.7671
-16.8771
-16.7714
-16.4425
-15.8974
-15.157
-14.2527
-13.2232
-12.1098
-10.9531
-9.79021
-8.65321
-7.56773
-6.55262
-5.62019
-4.77702
-4.02508
-3.36295
-2.78698
-2.29227
-1.87344
-1.52535
-1.24361
-1.0248
-0.867364
-0.770624
-0.737532
-0.774036
-0.889148
-1.09225
-1.40074
-1.86617
-2.56053
-3.55905
-4.9878
-7.08099
-10.1315
-14.3253
-19.658
-25.9242
-32.6701
-39.1806
-44.6766
-48.6255
-50.7391
-50.8065
-48.5721
-44.1223
-38.1506
-31.6766
-25.381
-19.422
-13.929
-9.41125
-6.44376
-5.11709
-5.0148
-5.63927
-6.69278
-8.06019
-9.64636
-11.2287
-12.4811
-13.0906
-12.8803
-11.8679
-10.287
-8.46928
-6.69832
-5.14108
-3.8575
-2.84351
-2.06549
-1.48064
-1.04748
-0.729633
-0.497334
-0.328434
-0.206397
-0.121684
-0.0626261
-0.0304538
-0.00300125
-0.00936247
0.0225824
-10.8189
-10.9147
-11.0365
-11.1906
-11.3859
-11.6342
-11.9467
-12.3303
-12.7848
-13.2999
-13.8556
-14.4224
-14.9645
-15.4426
-15.8172
-16.0526
-16.1198
-15.9996
-15.6848
-15.1806
-14.5034
-13.6793
-12.7404
-11.722
-10.6592
-9.58504
-8.52822
-7.51239
-6.5555
-5.6699
-4.86289
-4.1376
-3.49401
-2.92989
-2.44168
-2.0252
-1.67632
-1.39142
-1.16768
-1.00388
-0.899659
-0.857769
-0.883524
-0.98606
-1.17576
-1.46648
-1.89738
-2.54319
-3.49093
-4.86024
-6.85036
-9.72201
-13.6647
-18.6884
-24.5928
-30.9292
-37.0182
-42.1394
-45.7748
-47.6405
-47.5245
-45.3094
-41.2665
-36.1611
-30.8298
-25.6292
-20.4489
-15.3143
-10.802
-7.66488
-6.14687
-5.88332
-6.3622
-7.26396
-8.45758
-9.84119
-11.2115
-12.2829
-12.7844
-12.5588
-11.6156
-10.1486
-8.44246
-6.75195
-5.23766
-3.96722
-2.94765
-2.15466
-1.55168
-1.10071
-0.767145
-0.522027
-0.343389
-0.21445
-0.125125
-0.063307
-0.0295276
-0.00190423
-0.00778032
0.0220314
-10.8579
-10.9565
-11.0798
-11.233
-11.4229
-11.6579
-11.9456
-12.2898
-12.6889
-13.1334
-13.606
-14.0822
-14.5321
-14.9229
-15.2216
-15.3982
-15.4282
-15.2953
-14.9926
-14.5239
-13.9024
-13.1492
-12.2913
-11.3586
-10.3815
-9.38904
-8.40696
-7.4569
-6.5558
-5.71581
-4.94471
-4.24653
-3.62241
-3.07132
-2.5909
-2.17808
-1.82965
-1.54272
-1.31507
-1.14583
-1.03491
-0.985041
-1.0011
-1.09182
-1.26836
-1.54404
-1.94728
-2.54429
-3.42952
-4.72259
-6.59714
-9.27558
-12.9355
-17.5985
-23.08
-28.9548
-34.5836
-39.2981
-42.5911
-44.195
-43.9168
-41.7932
-38.2667
-34.1103
-29.9433
-25.8338
-21.4554
-16.7307
-12.2616
-8.95208
-7.21867
-6.77145
-7.09141
-7.83664
-8.85994
-10.0533
-11.2296
-12.1375
-12.5409
-12.2994
-11.4144
-10.0448
-8.43485
-6.81365
-5.33565
-4.07484
-3.04807
-2.23947
-1.61825
-1.14969
-0.800843
-0.543442
-0.355605
-0.220247
-0.126746
-0.0625324
-0.0275437
3.37859e-06
-0.00591966
0.0218647
-10.8894
-10.9886
-11.1108
-11.2599
-11.441
-11.6601
-11.922
-12.2285
-12.5768
-12.9582
-13.3578
-13.7549
-14.1248
-14.4399
-14.6728
-14.7985
-14.7963
-14.6522
-14.3601
-13.9225
-13.3499
-12.6596
-11.8741
-11.0187
-10.1197
-9.20238
-8.28984
-7.40174
-6.55393
-5.7582
-5.0226
-4.35183
-3.74792
-3.21092
-2.73951
-2.33157
-1.98478
-1.69693
-1.4664
-1.29266
-1.17585
-1.11877
-1.12614
-1.20597
-1.36974
-1.63136
-2.01314
-2.56673
-3.38334
-4.58368
-6.32589
-8.79846
-12.155
-16.4201
-21.427
-26.7882
-31.9152
-36.1898
-39.1243
-40.4649
-40.0754
-38.1445
-35.2302
-32.0419
-28.9823
-25.9029
-22.3251
-18.0644
-13.7035
-10.2534
-8.30316
-7.66242
-7.81743
-8.40603
-9.26525
-10.2812
-11.2808
-12.0414
-12.3564
-12.0991
-11.2629
-9.97604
-8.4478
-6.88483
-5.43596
-4.18065
-3.14449
-2.31932
-1.67963
-1.1937
-0.830072
-0.561017
-0.36462
-0.223418
-0.126256
-0.0600782
-0.0243355
0.00285946
-0.00369425
0.0222159
-10.9108
-11.0088
-11.1276
-11.2703
-11.4404
-11.642
-11.8781
-12.1487
-12.4505
-12.7755
-13.1108
-13.4392
-13.7397
-13.9895
-14.166
-14.2479
-14.2181
-14.0646
-13.7819
-13.3717
-12.8423
-12.2078
-11.487
-10.7013
-9.87333
-9.02515
-8.17721
-7.34736
-6.55031
-5.79739
-5.09671
-4.45345
-3.87036
-3.34836
-2.88703
-2.48513
-2.1411
-1.85342
-1.621
-1.44367
-1.3218
-1.25824
-1.25778
-1.32775
-1.47934
-1.72711
-2.09105
-2.60966
-3.35979
-4.45691
-6.049
-8.30106
-11.3418
-15.1895
-19.692
-24.5012
-29.0912
-32.9029
-35.4765
-36.5778
-36.158
-34.5246
-32.2717
-29.9986
-27.9324
-25.7877
-22.9844
-19.227
-15.0414
-11.5096
-9.36619
-8.53721
-8.53006
-8.96716
-9.67138
-10.5237
-11.363
-11.9915
-12.2275
-11.9554
-11.1601
-9.943
-8.48285
-6.96702
-5.53957
-4.28492
-3.23662
-2.39358
-1.73504
-1.23196
-0.854126
-0.574143
-0.369929
-0.223559
-0.123341
-0.0557065
-0.0197358
0.00676198
-0.0010832
0.023019
-10.9244
-11.0194
-11.1331
-11.2674
-11.4248
-11.6081
-11.8184
-12.0552
-12.3145
-12.5892
-12.8681
-13.1364
-13.3769
-13.5704
-13.6982
-13.7426
-13.6891
-13.5276
-13.2534
-12.8673
-12.3761
-11.7913
-11.1284
-10.4056
-9.64215
-8.85739
-8.06936
-7.29415
-6.54533
-5.83367
-5.16718
-4.55136
-3.98953
-3.48329
-3.03299
-2.63817
-2.29798
-2.01149
-1.77814
-1.5981
-1.47199
-1.40271
-1.39511
-1.45614
-1.59631
-1.83033
-2.17759
-2.66858
-3.3617
-4.35627
-5.78724
-7.80373
-10.5182
-13.9418
-17.9344
-22.1831
-26.2265
-29.5728
-31.7975
-32.7081
-32.349
-31.0932
-29.4982
-28.0305
-26.8044
-25.4774
-23.3987
-20.1588
-16.2049
-12.6594
-10.3712
-9.37583
-9.21884
-9.51509
-10.0762
-10.7793
-11.4742
-11.9851
-12.1514
-11.8662
-11.1057
-9.94673
-8.54181
-7.06192
-5.64752
-4.38792
-3.32414
-2.46152
-1.7836
-1.26361
-0.872211
-0.582145
-0.370982
-0.220233
-0.117664
-0.0491578
-0.0135493
0.0118777
0.0020225
0.0244393
-10.9284
-11.0192
-11.1262
-11.2508
-11.3945
-11.5589
-11.7444
-11.9495
-12.1703
-12.4001
-12.6293
-12.8455
-13.034
-13.1792
-13.2653
-13.2777
-13.2043
-13.0364
-12.77
-12.4055
-11.9482
-11.4076
-10.7966
-10.1304
-9.42572
-8.6991
-7.96654
-7.24248
-6.53935
-5.8673
-5.23415
-4.64555
-4.10523
-3.61535
-3.17692
-2.79011
-2.45472
-2.17036
-1.93698
-1.75503
-1.62545
-1.55118
-1.53704
-1.58983
-1.71936
-1.93987
-2.27046
-2.73771
-3.38543
-4.28992
-5.56421
-7.33962
-9.71939
-12.7163
-16.2061
-19.91
-23.4281
-26.322
-28.2284
-29.0241
-28.8288
-28.0059
-27.0042
-26.1781
-25.6133
-24.9703
-23.5412
-20.8079
-17.1342
-13.6471
-11.2809
-10.1586
-9.87376
-10.0452
-10.4776
-11.0466
-11.6126
-12.0198
-12.1257
-11.8302
-11.0999
-9.98883
-8.62682
-7.17142
-5.76095
-4.48994
-3.40664
-2.52236
-1.82437
-1.28768
-0.883476
-0.584297
-0.367183
-0.212966
-0.108857
-0.0401557
-0.005587
0.0182993
0.00561922
0.0263649
-10.9249
-11.0102
-11.1094
-11.2233
-11.3528
-11.4985
-11.6601
-11.8356
-12.0214
-12.2112
-12.3968
-12.5675
-12.7113
-12.8149
-12.8654
-12.8505
-12.7602
-12.5873
-12.3281
-11.9829
-11.5558
-11.0546
-10.4901
-9.87502
-9.22358
-8.55022
-7.86895
-7.19266
-6.5327
-5.89855
-5.29775
-4.73599
-4.21727
-3.7442
-3.3183
-2.94032
-2.6106
-2.32924
-2.09666
-1.91357
-1.78121
-1.70259
-1.68248
-1.72749
-1.847
-2.05433
-2.36799
-2.81255
-3.42313
-4.25547
-5.39468
-6.94594
-8.99916
-11.574
-14.5706
-17.7519
-20.7754
-23.2558
-24.9232
-25.7273
-25.7893
-25.3809
-24.8348
-24.4568
-24.3666
-24.2554
-23.3768
-21.1238
-17.7756
-14.4289
-12.0626
-10.8677
-10.486
-10.5534
-10.8739
-11.3244
-11.7765
-12.093
-12.1481
-11.8466
-11.1434
-10.0714
-8.74047
-7.29765
-5.88106
-4.59121
-3.4836
-2.57512
-1.85621
-1.30308
-0.88695
-0.579797
-0.357892
-0.201262
-0.0965373
-0.0284025
0.00438957
0.0262554
0.00987818
0.0290617
-10.913
-10.992
-11.0827
-11.1853
-11.3003
-11.4276
-11.5665
-11.7148
-11.8688
-12.0231
-12.1704
-12.3017
-12.4069
-12.475
-12.4952
-12.4573
-12.3531
-12.1764
-11.9241
-11.5962
-11.1961
-10.7302
-10.2074
-9.63837
-9.03532
-8.41068
-7.77672
-7.14496
-6.52567
-5.92765
-5.35811
-4.82266
-4.32548
-3.8695
-3.45665
-3.08816
-2.76484
-2.48723
-2.25615
-2.07257
-1.93802
-1.85561
-1.82999
-1.86759
-1.97741
-2.1719
-2.46838
-2.89
-3.46718
-4.24212
-5.27527
-6.64232
-8.41076
-10.5996
-13.1358
-15.8329
-18.4121
-20.5691
-22.1315
-23.0315
-23.3385
-23.23
-22.9721
-22.866
-23.0738
-23.3258
-22.8778
-21.0693
-18.0912
-14.9742
-12.6941
-11.4886
-11.0487
-11.0367
-11.2639
-11.6116
-11.9641
-12.2028
-12.2173
-11.9152
-11.2381
-10.1975
-8.88592
-7.44311
-6.00923
-4.69197
-3.55441
-2.61873
-1.87789
-1.30862
-0.881592
-0.567778
-0.342415
-0.184576
-0.0802864
-0.0135974
0.0165647
0.0357829
0.0147124
0.0322956
-10.8942
-10.9663
-11.0478
-11.1389
-11.2395
-11.3491
-11.4666
-11.5899
-11.7153
-11.838
-11.9517
-12.0488
-12.1207
-12.1585
-12.1529
-12.0957
-11.9799
-11.8005
-11.5548
-11.2426
-10.8668
-10.4324
-9.94699
-9.41957
-8.86041
-8.2803
-7.68996
-7.0996
-6.51852
-5.95483
-5.41534
-4.90554
-4.42968
-3.9909
-3.59147
-3.23301
-2.9167
-2.64349
-2.41455
-2.23108
-2.09484
-2.00906
-1.97826
-2.00869
-2.10893
-2.29066
-2.56983
-2.96785
-3.51225
-4.23775
-5.18844
-6.41612
-7.96564
-9.84706
-12.0059
-14.3036
-16.5366
-18.4852
-19.9911
-20.9562
-21.4031
-21.4632
-21.3696
-21.4091
-21.7604
-22.2045
-22.0534
-20.641
-18.0719
-15.2739
-13.1681
-12.0145
-11.558
-11.4939
-11.6472
-11.9074
-12.1737
-12.347
-12.3318
-12.0366
-11.3866
-10.371
-9.06712
-7.61072
-6.14687
-4.79226
-3.61817
-2.65181
-1.88791
-1.30291
-0.866218
-0.547297
-0.32003
-0.162364
-0.05969
0.00460569
0.0312592
0.0472433
0.0204328
0.0365315
-10.8689
-10.9335
-11.0057
-11.0852
-11.1716
-11.2643
-11.3619
-11.4622
-11.5619
-11.6566
-11.741
-11.8085
-11.8519
-11.8637
-11.8364
-11.7631
-11.638
-11.4569
-11.2175
-10.9197
-10.5656
-10.1596
-9.70775
-9.21779
-8.69844
-8.15896
-7.60874
-7.05679
-6.51149
-5.98029
-5.46956
-4.98461
-4.52968
-4.10805
-3.72224
-3.37415
-3.06531
-2.79697
-2.57063
-2.38768
-2.25014
-2.16126
-2.1255
-2.14887
-2.23953
-2.40844
-2.67018
-3.04414
-3.55522
-4.23373
-5.11479
-6.23534
-7.62424
-9.28382
-11.1696
-13.1782
-15.1602
-16.9348
-18.3521
-19.3116
-19.82
-19.9815
-19.9918
-20.0981
-20.4712
-20.9559
-20.9656
-19.887
-17.7524
-15.3446
-13.4909
-12.4498
-12.0157
-11.9257
-12.0242
-12.2114
-12.4039
-12.5236
-12.4906
-12.2122
-11.5928
-10.5971
-9.28891
-7.80396
-6.29573
-4.89221
-3.67388
-2.67276
-1.88455
-1.28437
-0.839517
-0.517316
-0.289933
-0.134015
-0.034291
0.0264942
0.0485853
0.0605076
0.0267615
0.0412851
-10.8375
-10.8945
-10.9572
-11.0252
-11.098
-11.1747
-11.2539
-11.3333
-11.41
-11.48
-11.5387
-11.5806
-11.5996
-11.5894
-11.5439
-11.4572
-11.3247
-11.1427
-10.9095
-10.6248
-10.2904
-9.90979
-9.48821
-9.03207
-8.54881
-8.04641
-7.53302
-7.01663
-6.50475
-6.00417
-5.52085
-5.05984
-4.62533
-4.22066
-3.84852
-3.51104
-3.21001
-2.94696
-2.7236
-2.54154
-2.40295
-2.31113
-2.27043
-2.28666
-2.36754
-2.52331
-2.76733
-3.11699
-3.59436
-4.22608
-5.0419
-6.07081
-7.33275
-8.82562
-10.5106
-12.3047
-14.0816
-15.6887
-17.0028
-17.9374
-18.4861
-18.7262
-18.8119
-18.9418
-19.2622
-19.6782
-19.7325
-18.9116
-17.2059
-15.2322
-13.6883
-12.8071
-12.427
-12.335
-12.3961
-12.5233
-12.6527
-12.7303
-12.6928
-12.4444
-11.8622
-10.8825
-9.55738
-8.02683
-6.45737
-4.99144
-3.71997
-2.67956
-1.86581
-1.25126
-0.800086
-0.476773
-0.251346
-0.0989595
-0.00364183
0.0525111
0.069052
0.0762188
0.0342939
0.0473579
-10.8018
-10.851
-10.9043
-10.9612
-11.021
-11.0827
-11.1448
-11.2053
-11.2614
-11.3097
-11.3461
-11.3658
-11.364
-11.3352
-11.2743
-11.1766
-11.0382
-10.8562
-10.6289
-10.3562
-10.0395
-9.68186
-9.28747
-8.86182
-8.41122
-7.94254
-7.4629
-6.97932
-6.49851
-6.02666
-5.5693
-5.1312
-4.71642
-4.32834
-3.96973
-3.64287
-3.34975
-3.09213
-2.87192
-2.69089
-2.55135
-2.4566
-2.41089
-2.41979
-2.4906
-2.63286
-2.85884
-3.18414
-3.62814
-4.2139
-4.96674
-5.91048
-7.06023
-8.41193
-9.93108
-11.5464
-13.1492
-14.6182
-15.849
-16.7637
-17.3474
-17.6544
-17.8008
-17.9385
-18.184
-18.4829
-18.5089
-17.8718
-16.5538
-15.0193
-13.8054
-13.1034
-12.8
-12.7266
-12.7658
-12.8431
-12.9177
-12.9635
-12.937
-12.7362
-12.2018
-11.2355
-9.87982
-8.28426
-6.63387
-5.08954
-3.75447
-2.66967
-1.8292
-1.2015
-0.746297
-0.424449
-0.20337
-0.0565429
0.0327072
0.0828224
0.0925397
0.0938657
0.0423867
0.0538098
-10.7609
-10.8023
-10.8464
-10.8926
-10.9402
-10.988
-11.0346
-11.0781
-11.1159
-11.1451
-11.162
-11.1628
-11.1432
-11.0988
-11.0252
-10.9187
-10.7758
-10.5944
-10.3729
-10.1113
-9.81083
-9.47385
-9.104
-8.70589
-8.28488
-7.84691
-7.39815
-6.94479
-6.49282
-6.04785
-5.61497
-5.19868
-4.8029
-4.43093
-4.08561
-3.76933
-3.4842
-3.23215
-3.0152
-2.83527
-2.69475
-2.59692
-2.54592
-2.54705
-2.60724
-2.73533
-2.94263
-3.24323
-3.65428
-4.19571
-4.88897
-5.75372
-6.80181
-8.02872
-9.40437
-10.8685
-12.3305
-13.6909
-14.8562
-15.7564
-16.3704
-16.7334
-16.931
-17.0772
-17.2617
-17.4542
-17.4353
-16.9345
-15.9412
-14.7931
-13.8814
-13.3576
-13.1448
-13.1069
-13.1369
-13.1712
-13.1961
-13.219
-13.2215
-13.092
-12.6206
-11.6668
-10.2648
-8.58095
-6.82626
-5.18501
-3.77461
-2.63997
-1.77192
-1.13283
-0.676508
-0.359213
-0.14526
-0.0062463
0.0752376
0.118105
0.119992
0.114643
0.0521612
0.0619462
-10.7183
-10.7521
-10.7873
-10.8234
-10.8594
-10.8944
-10.9268
-10.955
-10.9766
-10.989
-10.9891
-10.9736
-10.9389
-10.8812
-10.7971
-10.6834
-10.5373
-10.3568
-10.141
-9.88958
-9.60369
-9.28531
-8.93748
-8.56412
-8.1698
-7.75964
-7.33898
-6.9133
-6.48791
-6.06789
-5.65791
-5.26217
-4.88441
-4.52786
-4.19533
-3.88928
-3.6119
-3.36523
-3.15139
-2.9724
-2.83072
-2.72954
-2.67288
-2.6658
-2.7148
-2.82814
-3.01622
-3.2919
-3.67056
-4.16976
-4.80796
-5.6017
-6.56059
-7.68032
-8.93537
-10.2748
-11.6229
-12.8951
-14.0073
-14.895
-15.5324
-15.94
-16.18
-16.3393
-16.4883
-16.6126
-16.5686
-16.1783
-15.442
-14.6021
-13.9429
-13.5844
-13.471
-13.4831
-13.5142
-13.5083
-13.4834
-13.4897
-13.5426
-13.5167
-13.1311
-12.1905
-10.7239
-8.92353
-7.03599
-5.27557
-3.77642
-2.58635
-1.69045
-1.04256
-0.588806
-0.279753
-0.0761033
0.0525313
0.12422
0.158085
0.150655
0.137226
0.0623753
0.0700214
-10.671
-10.6975
-10.7242
-10.7507
-10.7761
-10.7994
-10.8191
-10.8336
-10.841
-10.8388
-10.8245
-10.7951
-10.7477
-10.6791
-10.5865
-10.4671
-10.3188
-10.14
-9.92967
-9.68784
-9.41533
-9.11385
-8.78597
-8.435
-8.06486
-7.67995
-7.28494
-6.88463
-6.48375
-6.08687
-5.69828
-5.32189
-4.96122
-4.6194
-4.29919
-4.00306
-3.73323
-3.49179
-3.28091
-3.10263
-2.95944
-2.85444
-2.79148
-2.77538
-2.81223
-2.90974
-3.07754
-3.32744
-3.67353
-4.13171
-4.71851
-5.44853
-6.3302
-7.35988
-8.51593
-9.75451
-11.0119
-12.2136
-13.2839
-14.1617
-14.8168
-15.2583
-15.5313
-15.7045
-15.8367
-15.9257
-15.879
-15.5821
-15.0441
-14.4438
-13.9935
-13.79
-13.7863
-13.8643
-13.9054
-13.8566
-13.775
-13.7674
-13.8979
-14.0212
-13.7549
-12.8294
-11.2732
-9.32036
-7.26492
-5.35881
-3.75542
-2.50417
-1.58102
-0.928059
-0.481513
-0.185137
0.00454043
0.120067
0.180172
0.203956
0.186319
0.163816
0.075054
0.079989
-10.625
-10.6445
-10.6633
-10.6809
-10.6964
-10.709
-10.7172
-10.7196
-10.7144
-10.6995
-10.6726
-10.6314
-10.5732
-10.4955
-10.3959
-10.2721
-10.1223
-9.94524
-9.74015
-9.507
-9.24651
-8.96014
-8.65005
-8.31907
-7.97057
-7.60833
-7.23642
-6.85906
-6.48047
-6.10475
-5.73581
-5.37727
-5.03246
-4.70436
-4.39565
-4.10876
-3.84592
-3.60923
-3.40086
-3.22289
-3.07774
-2.96841
-2.89856
-2.87276
-2.89672
-2.97767
-3.12458
-3.34847
-3.66241
-4.08121
-4.62025
-5.2932
-6.10818
-7.06266
-8.13802
-9.29628
-10.4827
-11.6303
-12.6694
-13.5405
-14.2097
-14.6765
-14.9735
-15.1568
-15.2792
-15.3491
-15.31
-15.0905
-14.707
-14.2973
-14.0275
-13.9777
-14.1007
-14.2649
-14.3243
-14.2203
-14.0605
-14.0339
-14.2806
-14.6251
-14.5316
-13.6277
-11.9492
-9.79211
-7.51926
-5.43229
-3.70603
-2.38772
-1.43907
-0.786188
-0.35273
-0.0742608
0.0972993
0.196541
0.242601
0.254124
0.224782
0.191596
0.0880854
0.0887713
-10.5745
-10.5872
-10.5986
-10.608
-10.6146
-10.6176
-10.6156
-10.6074
-10.5912
-10.5654
-10.528
-10.4768
-10.4098
-10.3248
-10.2197
-10.0927
-9.94235
-9.76755
-9.56771
-9.34281
-9.09348
-8.82095
-8.52708
-8.21426
-7.88539
-7.54374
-7.19286
-6.83647
-6.4783
-6.12207
-5.77131
-5.42938
-5.09938
-4.78414
-4.48624
-4.20803
-3.95169
-3.71931
-3.51298
-3.33476
-3.187
-3.07252
-2.99478
-2.95802
-2.96757
-3.03018
-3.15427
-3.35032
-3.63089
-4.01039
-4.50396
-5.12532
-5.88313
-6.77618
-7.78827
-8.88589
-10.0198
-11.1289
-12.1473
-13.0164
-13.6988
-14.186
-14.4994
-14.686
-14.7966
-14.85
-14.8169
-14.6577
-14.3958
-14.1442
-14.0413
-14.1567
-14.435
-14.7158
-14.8015
-14.6167
-14.3359
-14.2698
-14.6872
-15.3685
-15.5345
-14.6654
-12.8176
-10.3815
-7.81836
-5.49863
-3.62324
-2.231
-1.2602
-0.614363
-0.201316
0.0529308
0.201665
0.281608
0.312234
0.311129
0.269575
0.224445
0.104735
0.0991951
-10.5289
-10.5354
-10.5399
-10.5418
-10.5404
-10.5347
-10.5236
-10.506
-10.4803
-10.445
-10.3984
-10.3388
-10.2643
-10.1731
-10.0635
-9.93403
-9.78344
-9.61083
-9.41575
-9.1982
-8.95872
-8.69837
-8.41874
-8.12188
-7.81029
-7.4868
-7.15451
-6.81669
-6.47668
-6.13782
-5.80333
-5.47631
-5.15965
-4.85601
-4.56786
-4.29745
-4.04688
-3.81815
-3.61328
-3.43426
-3.28327
-3.16299
-3.07663
-3.02815
-3.02257
-3.06624
-3.16711
-3.33522
-3.58275
-3.92402
-4.37442
-4.94855
-5.65656
-6.49891
-7.46195
-8.51502
-9.61244
-10.6972
-11.7055
-12.5786
-13.2763
-13.7821
-14.1061
-14.2875
-14.3781
-14.4084
-14.3726
-14.2564
-14.0925
-13.9816
-14.0482
-14.3578
-14.841
-15.2846
-15.3965
-15.0601
-14.5628
-14.4158
-15.0999
-16.3148
-16.8858
-16.0768
-13.9892
-11.1594
-8.19553
-5.56477
-3.5006
-2.02451
-1.03713
-0.40857
-0.0254316
0.197266
0.317884
0.374644
0.386759
0.370189
0.315609
0.257058
0.121807
0.106277
-10.4778
-10.4786
-10.4768
-10.4719
-10.4633
-10.45
-10.431
-10.4052
-10.3715
-10.3282
-10.2742
-10.2077
-10.1273
-10.0314
-9.91868
-9.78783
-9.63783
-9.46795
-9.27781
-9.06745
-8.83733
-8.58835
-8.32187
-8.03966
-7.74386
-7.43693
-7.12159
-6.80072
-6.4773
-6.15432
-5.83472
-5.52133
-5.21683
-4.92373
-4.64434
-4.38081
-4.13516
-3.90928
-3.70507
-3.52437
-3.36923
-3.242
-3.14555
-3.08344
-3.0602
-3.08172
-3.15557
-3.29187
-3.5032
-3.80493
-4.21386
-4.74632
-5.41435
-6.21977
-7.15004
-8.17502
-9.25164
-10.326
-11.3352
-12.2209
-12.9391
-13.4636
-13.792
-13.9566
-14.0151
-14.0129
-13.9653
-13.8795
-13.8002
-13.8271
-14.0835
-14.6409
-15.4093
-16.0848
-16.2149
-15.6225
-14.7306
-14.3883
-15.4718
-17.5259
-18.7198
-18.0137
-15.5993
-12.2226
-8.70186
-5.64469
-3.33158
-1.75573
-0.75929
-0.162625
0.176979
0.358254
0.444717
0.47545
0.468918
0.43779
0.370106
0.296104
0.143688
0.114484
-10.4363
-10.432
-10.4245
-10.4135
-10.3985
-10.3784
-10.3524
-10.3195
-10.2786
-10.2285
-10.1679
-10.0955
-10.01
-9.91016
-9.79471
-9.66265
-9.51313
-9.34555
-9.1596
-8.95534
-8.73315
-8.49382
-8.23851
-7.96875
-7.68638
-7.39356
-7.09267
-6.78627
-6.47703
-6.16768
-5.8609
-5.55934
-5.26549
-4.98167
-4.71005
-4.45263
-4.21125
-3.98764
-3.78353
-3.6006
-3.44066
-3.30585
-3.19876
-3.12264
-3.0817
-3.08146
-3.12889
-3.23372
-3.40826
-3.66866
-4.03391
-4.5242
-5.15543
-5.93312
-6.84431
-7.85667
-8.92829
-10.0075
-11.0304
-11.9388
-12.6848
-13.2294
-13.5537
-13.6847
-13.6936
-13.6481
-13.5841
-13.5223
-13.5174
-13.6786
-14.1506
-15.0267
-16.183
-17.173
-17.2804
-16.2262
-14.7355
-14.0713
-15.7267
-19.0173
-21.0931
-20.5287
-17.6904
-13.6052
-9.35751
-5.73853
-3.0997
-1.40215
-0.407126
0.136927
0.414234
0.540665
0.584354
0.583358
0.553519
0.503989
0.423892
0.333555
0.166562
0.116182
-10.3873
-10.3782
-10.3656
-10.3493
-10.3286
-10.3028
-10.271
-10.2323
-10.1856
-10.1301
-10.0645
-9.98771
-9.89865
-9.79621
-9.6794
-9.54734
-9.39931
-9.2348
-9.05358
-8.85567
-8.64141
-8.41145
-8.16679
-7.90873
-7.63887
-7.35908
-7.07146
-6.77826
-6.48191
-6.1848
-5.8894
-5.59813
-5.31332
-5.03716
-4.77173
-4.51893
-4.28048
-4.05797
-3.8529
-3.6667
-3.50084
-3.35699
-3.23713
-3.14383
-3.0805
-3.05211
-3.06544
-3.13115
-3.26412
-3.48293
-3.80872
-4.26501
-4.87142
-5.63594
-6.54439
-7.56
-8.64187
-9.74006
-10.787
-11.7236
-12.5008
-13.068
-13.3834
-13.4663
-13.4055
-13.2943
-13.1911
-13.1309
-13.1816
-13.4609
-14.1374
-15.3433
-16.937
-18.3185
-18.4787
-16.9301
-14.5109
-13.3763
-15.7757
-20.643
-23.8274
-23.4213
-20.0703
-15.1727
-10.0959
-5.81564
-2.7811
-0.938176
0.0432775
0.507976
0.697026
0.750003
0.73997
0.70307
0.652036
0.587594
0.493104
0.380514
0.194694
0.118549
-10.3537
-10.3405
-10.3236
-10.3026
-10.277
-10.2461
-10.209
-10.165
-10.1133
-10.0528
-9.98256
-9.9017
-9.80921
-9.70417
-9.58575
-9.4532
-9.30592
-9.1435
-8.96574
-8.77265
-8.56454
-8.34196
-8.10576
-7.85705
-7.5972
-7.32786
-7.05088
-6.7683
-6.48232
-6.19521
-5.90931
-5.62695
-5.35024
-5.08115
-4.82154
-4.57309
-4.3373
-4.11554
-3.90907
-3.71911
-3.54692
-3.39387
-3.26164
-3.1524
-3.06942
-3.01695
-2.99957
-3.02638
-3.11009
-3.27381
-3.545
-3.95706
-4.53958
-5.30458
-6.23052
-7.26925
-8.38141
-9.51592
-10.596
-11.5693
-12.3913
-12.9897
-13.2808
-13.2819
-13.1273
-12.9395
-12.779
-12.6769
-12.7154
-13.0461
-13.8439
-15.2583
-17.2051
-18.9743
-19.138
-17.2098
-14.293
-12.5035
-15.5764
-22.1304
-26.345
-26.0749
-22.2152
-16.5317
-10.6713
-5.75663
-2.32664
-0.337333
0.615386
0.973076
1.04484
1.00127
0.921927
0.837926
0.754886
0.669603
0.565014
0.430309
0.22738
0.105036
-10.3086
-10.2917
-10.271
-10.2461
-10.2165
-10.1816
-10.1406
-10.0928
-10.0375
-9.97373
-9.90074
-9.81766
-9.72366
-9.61792
-9.49973
-9.36844
-9.22352
-9.06461
-8.89149
-8.70419
-8.5029
-8.28808
-8.06042
-7.82088
-7.57061
-7.31104
-7.04375
-6.77059
-6.49351
-6.21456
-5.93584
-5.65962
-5.38794
-5.12291
-4.86643
-4.62008
-4.38528
-4.16319
-3.95463
-3.76027
-3.58078
-3.41676
-3.26877
-3.13768
-3.02491
-2.93463
-2.87145
-2.85152
-2.88684
-3.00279
-3.23304
-3.61466
-4.1843
-4.96457
-5.92921
-7.00946
-8.16568
-9.34723
-10.4676
-11.4979
-12.4117
-13.0981
-13.3825
-13.2418
-12.8872
-12.5585
-12.3616
-12.2961
-12.3438
-12.5533
-13.2828
-14.8488
-17.0439
-19.1207
-19.6487
-17.4199
-13.6797
-11.8435
-15.9876
-23.9357
-28.9757
-28.4523
-23.8876
-17.4115
-10.8654
-5.43082
-1.68512
0.408097
1.30569
1.53151
1.46067
1.29883
1.13627
1.00234
0.897095
0.796163
0.671082
0.4961
0.263599
0.0850052
-10.2871
-10.2673
-10.2434
-10.215
-10.1818
-10.1431
-10.0983
-10.0466
-9.98748
-9.92006
-9.84367
-9.75756
-9.66103
-9.5534
-9.43404
-9.30244
-9.15814
-9.00084
-8.83037
-8.64671
-8.45003
-8.24066
-8.01917
-7.78631
-7.54307
-7.29066
-7.03051
-6.76428
-6.49391
-6.22154
-5.94945
-5.67985
-5.41414
-5.15411
-4.90142
-4.65753
-4.4236
-4.20052
-3.98911
-3.79008
-3.60366
-3.42998
-3.26959
-3.12299
-2.99357
-2.88102
-2.78273
-2.70279
-2.65882
-2.67864
-2.81394
-3.13423
-3.70505
-4.55025
-5.60022
-6.7459
-7.97444
-9.24974
-10.4494
-11.5437
-12.5205
-13.2428
-13.5016
-13.35
-13.0093
-12.6379
-12.3247
-12.0629
-12.0318
-12.4131
-13.2425
-14.6891
-16.7551
-18.7422
-18.9742
-17.0524
-14.0851
-12.4478
-16.62
-25.3225
-30.8493
-30.0552
-24.8226
-17.6521
-10.5686
-4.78619
-0.855744
1.27056
2.082
2.1605
1.93533
1.64282
1.38521
1.18598
1.03437
0.918312
0.794472
0.583938
0.315524
0.0101302
-10.2475
-10.2252
-10.1989
-10.1683
-10.133
-10.0923
-10.0457
-9.99248
-9.93213
-9.86393
-9.7872
-9.70128
-9.6055
-9.49923
-9.3819
-9.25298
-9.11204
-8.95875
-8.79291
-8.61443
-8.4234
-8.22008
-8.00489
-7.77847
-7.54165
-7.29546
-7.04113
-6.78007
-6.51395
-6.24455
-5.9739
-5.70463
-5.43862
-5.17868
-4.92628
-4.68253
-4.44874
-4.22554
-4.01225
-3.80856
-3.61435
-3.42855
-3.24915
-3.07343
-2.89613
-2.73413
-2.57587
-2.43876
-2.34815
-2.33467
-2.44112
-2.7236
-3.26011
-4.11621
-5.22333
-6.46404
-7.83928
-9.19091
-10.3436
-11.4481
-12.5958
-13.5673
-13.8649
-13.4487
-12.9063
-12.5808
-12.4561
-12.4564
-12.4984
-12.7109
-13.3305
-14.4756
-16.0307
-17.6244
-18.0242
-16.6302
-14.4919
-13.5729
-17.2622
-25.1999
-30.2835
-29.4313
-24.2177
-16.9396
-9.737
-3.87489
0.0643454
2.1344
2.8319
2.76475
2.39328
1.97951
1.63526
1.39618
1.24577
1.11531
0.95274
0.668481
0.352227
-0.0732476
-10.2432
-10.219
-10.1905
-10.1573
-10.119
-10.0752
-10.0252
-9.96853
-9.90454
-9.83269
-9.7524
-9.66313
-9.56435
-9.45558
-9.33639
-9.20642
-9.06537
-8.91303
-8.74924
-8.57396
-8.3872
-8.18907
-7.97979
-7.7597
-7.52935
-7.28947
-7.04096
-6.78512
-6.52366
-6.25895
-5.99439
-5.73383
-5.47228
-5.21463
-4.96304
-4.71856
-4.48169
-4.25297
-4.03354
-3.82346
-3.62165
-3.42663
-3.2382
-3.0523
-2.88606
-2.70882
-2.51287
-2.27462
-1.99822
-1.7165
-1.51904
-1.58657
-2.17652
-3.41883
-4.94799
-6.31005
-7.71095
-9.11789
-10.1175
-10.96
-11.9304
-12.8709
-13.4095
-13.4607
-13.1423
-12.7778
-12.5677
-12.509
-12.6292
-12.9848
-13.6095
-14.5296
-15.6769
-16.7323
-17.0273
-16.4699
-15.7159
-14.7189
-16.622
-23.1104
-28.4631
-28.1008
-22.906
-15.8273
-8.71883
-2.95305
0.89024
2.85327
3.43494
3.24839
2.76483
2.25513
1.84176
1.54207
1.34857
1.25029
1.14788
0.824963
0.404703
-0.357414
-10.2004
-10.1747
-10.1442
-10.1094
-10.0699
-10.0252
-9.97477
-9.91806
-9.85461
-9.7839
-9.70543
-9.61871
-9.52327
-9.41867
-9.30451
-9.18041
-9.04604
-8.90112
-8.74541
-8.57869
-8.40081
-8.21166
-8.01118
-7.79946
-7.57677
-7.34345
-7.09993
-6.84685
-6.58526
-6.31618
-6.04165
-5.76531
-5.49799
-5.23709
-4.98285
-4.7362
-4.49751
-4.267
-4.04463
-3.82957
-3.62011
-3.41296
-3.2015
-2.97886
-2.71143
-2.40493
-2.08389
-1.74904
-1.4113
-1.11824
-0.971913
-1.14251
-1.83004
-3.10067
-4.68356
-6.2494
-7.7506
-9.0858
-10.1497
-11.0803
-12.0377
-12.818
-13.2049
-13.1535
-12.9251
-12.7136
-12.6128
-12.6161
-12.7374
-13.0459
-13.6589
-14.5514
-15.5637
-16.4978
-16.7856
-16.3566
-15.8106
-15.2801
-16.6977
-21.3298
-25.4749
-25.7092
-21.6379
-14.8621
-7.97301
-2.34932
1.36366
3.22723
3.72666
3.47179
2.93084
2.38033
1.94129
1.68263
1.58355
1.48708
1.30933
0.902801
0.4728
-0.343009
-15.1137
-15.1294
-15.2676
-15.3938
-15.6231
-16.0252
-16.3765
-16.5877
-16.7504
-16.9135
-17.2335
-17.8874
-18.9973
-20.5593
-22.409
-24.2324
-25.657
-26.3959
-26.2386
-24.8797
-22.261
-18.8348
-14.9782
-11.0596
-7.3677
-4.12701
-1.48828
0.490613
1.85299
2.70445
3.17019
3.36215
3.36984
3.24456
3.00701
2.65093
2.18676
1.74497
1.43295
1.19966
0.951005
0.507676
-0.164533
-0.939443
-1.73844
-2.542
-3.37539
-4.2782
-5.28168
-6.40663
-7.66541
-9.06055
-10.5798
-12.1947
-13.8593
-15.5014
-17.0232
-18.3062
-19.2225
-19.6588
-19.5096
-18.7156
-17.3195
-15.4555
-13.324
-11.1189
-8.98697
-7.08542
-5.52867
-4.36971
-3.51015
-2.84773
-2.57952
-2.76994
-4.4399
-9.35118
-17.8397
-26.8933
-32.2918
-30.3926
-21.1821
-9.16535
0.718294
5.9086
6.99393
5.65261
3.72356
2.2668
1.47966
1.03374
0.743751
0.609597
0.558182
0.517967
0.416862
0.205982
0.0137441
-0.129238
0.0504785
-0.189481
-15.0469
-15.0994
-15.3805
-15.6489
-16.0745
-16.5377
-16.833
-17.0347
-17.1414
-17.3336
-17.8652
-19.0173
-20.9673
-23.6576
-26.7372
-29.6303
-31.6834
-32.3207
-31.2817
-28.8513
-25.4936
-21.4564
-17.1332
-12.828
-8.78056
-5.18924
-2.22556
0.00979154
1.53764
2.47559
2.9708
3.15704
3.1346
2.97275
2.72423
2.43367
2.12794
1.7951
1.44018
1.10445
0.748486
0.329793
-0.181061
-0.828023
-1.60105
-2.42698
-3.27522
-4.18011
-5.18027
-6.30346
-7.56946
-8.98832
-10.5545
-12.2439
-14.0123
-15.7825
-17.4464
-18.8686
-19.8969
-20.3807
-20.2263
-19.4051
-17.9482
-15.9663
-13.6448
-11.2027
-8.8626
-6.90621
-5.43881
-4.32651
-3.39353
-2.61933
-2.37789
-2.3798
-4.0175
-10.2278
-22.0212
-34.0886
-39.8622
-36.7074
-26.3882
-13.2379
-2.25818
3.72167
5.47756
4.62348
3.03972
1.74775
1.02241
0.8341
0.790634
0.674
0.48477
0.321565
0.239855
0.156304
0.0615441
-0.0542318
0.0825962
-0.164358
-14.6868
-14.7518
-15.1008
-15.3225
-15.6973
-16.1587
-16.5219
-17.0127
-17.8613
-19.3065
-21.4766
-24.3543
-27.751
-31.3482
-34.7418
-37.49
-39.1476
-39.3313
-37.8905
-34.9245
-30.7887
-25.9794
-21.002
-16.1787
-11.6439
-7.51021
-3.97725
-1.24733
0.644074
1.82179
2.47714
2.78976
2.88498
2.83851
2.69071
2.4396
2.05673
1.606
1.24932
1.00676
0.73851
0.342939
-0.196945
-0.872887
-1.6586
-2.45581
-3.24842
-4.10954
-5.09799
-6.24454
-7.56682
-9.07136
-10.7483
-12.5687
-14.4837
-16.4105
-18.233
-19.8056
-20.9682
-21.562
-21.4636
-20.6256
-19.0872
-16.9736
-14.4819
-11.8456
-9.26812
-7.02418
-5.24012
-3.95037
-3.00894
-2.24895
-1.89445
-2.01069
-5.9585
-16.782
-31.1737
-43.5559
-49.266
-45.864
-34.4519
-19.6037
-6.87124
0.678171
3.3989
3.26533
2.18762
1.24867
0.808726
0.6642
0.630355
0.571125
0.485721
0.394311
0.300175
0.150515
0.00633728
-0.101098
0.014432
-0.143741
-14.5008
-14.5814
-14.8589
-14.9107
-15.1506
-15.4926
-16.084
-17.1491
-18.9249
-21.5544
-25.0012
-29.0805
-33.5235
-38.0274
-42.2234
-45.6286
-47.6494
-47.718
-45.7407
-41.8606
-36.6219
-30.7352
-24.929
-19.5888
-14.6918
-10.134
-6.05242
-2.75935
-0.421863
1.03133
1.82962
2.20934
2.33864
2.31811
2.20366
2.02148
1.77329
1.46998
1.15609
0.857416
0.553943
0.2073
-0.267206
-0.9228
-1.6883
-2.439
-3.17344
-3.99671
-4.98123
-6.15849
-7.54682
-9.1547
-10.9737
-12.9744
-15.1054
-17.277
-19.3593
-21.1828
-22.5557
-23.2893
-23.2376
-22.3379
-20.6304
-18.2641
-15.4759
-12.5382
-9.69877
-7.19998
-5.17416
-3.67631
-2.5938
-1.76357
-1.38577
-1.88429
-8.02216
-22.5889
-39.1356
-52.6005
-58.7371
-55.0914
-42.6054
-26.0343
-11.4165
-2.29797
1.44106
2.01421
1.42778
0.773832
0.470923
0.452367
0.505036
0.483656
0.393672
0.288513
0.205692
0.119574
0.0338959
-0.0359806
-0.0207789
-0.0208342
-14.1544
-14.2795
-14.438
-14.335
-14.4341
-14.7961
-15.6717
-17.3126
-19.9025
-23.4596
-27.8361
-32.8087
-38.1515
-43.6228
-48.8388
-53.1951
-55.8739
-56.129
-53.6304
-48.7669
-42.2812
-35.1324
-28.3469
-22.442
-17.2823
-12.5158
-8.09252
-4.34957
-1.60383
0.144962
1.14634
1.67247
1.91342
1.97753
1.9243
1.78965
1.58811
1.32669
1.03202
0.740056
0.449472
0.120311
-0.330643
-0.973278
-1.71771
-2.42353
-3.11318
-3.91282
-4.90367
-6.1206
-7.58564
-9.31188
-11.2943
-13.5041
-15.8895
-18.3549
-20.7563
-22.8976
-24.5514
-25.4861
-25.5135
-24.5462
-22.6244
-19.9245
-16.7388
-13.4029
-10.2048
-7.37002
-5.01958
-3.23387
-1.9602
-1.05546
-0.694225
-1.73116
-9.48757
-26.3484
-44.4737
-58.8072
-65.409
-61.7375
-48.6586
-30.9513
-14.931
-4.6282
-0.0664834
1.07871
0.898897
0.493803
0.305322
0.338269
0.416643
0.423592
0.366862
0.290926
0.215064
0.13024
0.0435666
-0.00439282
-0.0318867
0.0542974
-13.8354
-14.0688
-14.0277
-13.9077
-13.8776
-14.2634
-15.3056
-17.3109
-20.3963
-24.5099
-29.4547
-35.0241
-41.0497
-47.3377
-53.4635
-58.6832
-61.9393
-62.2332
-59.3106
-53.7352
-46.3877
-38.338
-30.7569
-24.3972
-19.0823
-14.2446
-9.65845
-5.65669
-2.66026
-0.71636
0.429308
1.06745
1.40098
1.54634
1.56707
1.50236
1.3759
1.19597
0.967443
0.700065
0.407769
0.0816179
-0.355119
-0.977768
-1.6926
-2.36234
-3.0267
-3.81958
-4.82797
-6.09353
-7.64581
-9.50657
-11.6773
-14.1317
-16.8198
-19.6416
-22.4374
-24.9774
-26.9871
-28.1794
-28.3099
-27.2585
-25.0601
-21.9246
-18.2147
-14.3554
-10.7021
-7.50253
-4.8556
-2.81072
-1.32608
-0.311359
0.0398117
-1.40065
-10.0037
-27.8699
-46.8788
-61.6529
-68.5534
-64.9775
-51.7826
-33.6837
-17.0525
-6.15781
-1.10648
0.431584
0.554202
0.339691
0.223164
0.270307
0.348914
0.357352
0.29933
0.224284
0.161983
0.107602
0.0484352
0.0251581
-0.0339736
0.0899491
-13.4228
-13.7394
-13.494
-13.45
-13.2936
-13.6935
-14.769
-16.9075
-20.1718
-24.4937
-29.6588
-35.4826
-41.8139
-48.4725
-54.9942
-60.5603
-64.0086
-64.2971
-61.2387
-55.4953
-47.9915
-39.7507
-31.972
-25.5118
-20.1961
-15.3512
-10.7059
-6.61527
-3.52476
-1.48261
-0.229746
0.517922
0.953133
1.18764
1.28469
1.28322
1.20967
1.07868
0.897115
0.669997
0.405672
0.0901748
-0.339253
-0.947825
-1.64123
-2.28978
-2.94182
-3.73552
-4.76533
-6.08257
-7.72724
-9.73269
-12.1096
-14.8365
-17.8688
-21.1055
-24.3722
-27.3984
-29.8515
-31.3758
-31.6549
-30.5185
-27.9902
-24.3214
-19.9649
-15.454
-11.2321
-7.5896
-4.62498
-2.3432
-0.680438
0.420405
0.756588
-0.901328
-9.58946
-27.353
-46.4916
-61.3833
-68.3508
-65.0085
-52.0884
-34.2729
-17.8343
-6.97002
-1.78597
-0.024605
0.317057
0.25778
0.207693
0.252763
0.315106
0.319247
0.270812
0.210061
0.154211
0.105718
0.049501
0.0366943
-0.0319792
0.105065
-12.9937
-13.26
-13.0358
-12.961
-12.703
-13.0183
-13.9821
-16.051
-19.2569
-23.5464
-28.6877
-34.4878
-40.7844
-47.3594
-53.7546
-59.1529
-62.4621
-62.7592
-59.8713
-54.4289
-47.3018
-39.4563
-32.0569
-25.8822
-20.7094
-15.9015
-11.2748
-7.23188
-4.18649
-2.14026
-0.832313
-0.00429561
0.514662
0.827019
0.995085
1.0587
1.04445
0.967874
0.836364
0.653388
0.423545
0.127132
-0.293173
-0.889281
-1.56733
-2.20483
-2.85203
-3.65075
-4.70482
-6.0767
-7.81891
-9.97855
-12.5777
-15.6018
-19.017
-22.7265
-26.5428
-30.1475
-33.1369
-35.0712
-35.5472
-34.3311
-31.4227
-27.1206
-21.9903
-16.704
-11.8145
-7.66882
-4.37914
-1.90362
-0.130283
1.01214
1.33876
-0.368189
-8.58413
-25.3825
-43.9665
-58.6183
-65.4961
-62.4339
-50.1412
-33.1935
-17.5908
-7.25779
-2.23242
-0.384884
0.113764
0.18169
0.192383
0.237826
0.280298
0.271914
0.221871
0.165546
0.119389
0.0859769
0.0432477
0.0404856
-0.030229
0.100379
-12.5159
-12.7581
-12.6512
-12.457
-12.0898
-12.2285
-12.9796
-14.8322
-17.8396
-21.9512
-26.9211
-32.5223
-38.5542
-44.7706
-50.7136
-55.6456
-58.6385
-58.9477
-56.4256
-51.5723
-45.1397
-38.052
-31.3816
-25.708
-20.7478
-16.0061
-11.4725
-7.59184
-4.68734
-2.69207
-1.35772
-0.466349
0.12502
0.506718
0.737751
0.85772
0.893216
0.860953
0.770605
0.626947
0.433869
0.166977
-0.235295
-0.815526
-1.48201
-2.11633
-2.76293
-3.56672
-4.64415
-6.07072
-7.91301
-10.233
-13.0655
-16.4066
-20.2324
-24.4661
-28.9018
-33.1646
-36.7626
-39.1653
-39.8749
-38.5913
-35.2718
-30.2678
-24.2679
-18.1062
-12.4645
-7.76366
-4.13054
-1.48739
0.336218
1.44948
1.73282
0.0732546
-7.35655
-22.6205
-40.0849
-54.124
-60.7722
-58.0492
-46.6657
-31.0268
-16.7059
-7.23153
-2.54722
-0.702484
-0.0894359
0.0881427
0.159671
0.216162
0.246524
0.232713
0.188638
0.143273
0.105244
0.0778452
0.0394896
0.0409389
-0.0277713
0.0969016
-11.919
-12.2555
-12.2754
-11.9205
-11.4702
-11.3337
-11.8114
-13.386
-16.1398
-20.0148
-24.7537
-30.0888
-35.7719
-41.5251
-46.9103
-51.2967
-53.9412
-54.2677
-52.1336
-47.9223
-42.2948
-36.1314
-30.3184
-25.1735
-20.4134
-15.7658
-11.4135
-7.78539
-5.07234
-3.1532
-1.81254
-0.877442
-0.230819
0.207131
0.491876
0.662061
0.743994
0.754026
0.702362
0.594266
0.433398
0.199123
-0.177371
-0.736562
-1.39199
-2.02748
-2.67607
-3.48355
-4.58165
-6.06107
-8.00353
-10.4859
-13.5561
-17.2237
-21.4799
-26.2717
-31.3733
-36.335
-40.5626
-43.4393
-44.3718
-43.004
-39.2747
-33.5666
-26.6768
-19.603
-13.1729
-7.89358
-3.91477
-1.12669
0.699103
1.7223
1.9111
0.338467
-6.19216
-19.6455
-35.5753
-48.6958
-55.0055
-52.658
-42.3818
-28.3198
-15.517
-7.05992
-2.79584
-0.999179
-0.301557
-0.0307736
0.0980797
0.172208
0.199741
0.184605
0.145517
0.108699
0.0798537
0.0615576
0.0316332
0.0377491
-0.0263963
0.0878933
-11.1566
-11.6859
-11.8241
-11.3842
-10.8039
-10.416
-10.6329
-11.9249
-14.4149
-18.0336
-22.5147
-27.5577
-32.8738
-38.1588
-43.0049
-46.8804
-49.198
-49.5335
-47.7444
-44.1414
-39.3411
-34.1298
-29.1116
-24.3925
-19.7915
-15.2944
-11.2176
-7.89085
-5.37598
-3.53545
-2.19947
-1.23537
-0.546865
-0.0633235
0.266571
0.479413
0.600872
0.647148
0.628759
0.55146
0.418287
0.215595
-0.128628
-0.660564
-1.30281
-1.941
-2.59357
-3.40278
-4.51743
-6.04593
-8.08584
-10.7282
-14.0333
-18.0272
-22.7192
-28.0786
-33.8512
-39.4878
-44.2863
-47.556
-48.6534
-47.1957
-43.0963
-36.7467
-29.0309
-21.0944
-13.9024
-8.05634
-3.74422
-0.830332
0.967705
1.86609
1.89799
0.401141
-5.26291
-16.876
-31.0327
-43.0244
-48.913
-46.9635
-37.8819
-25.4893
-14.2724
-6.85324
-3.01288
-1.27841
-0.516294
-0.167492
0.0139874
0.11161
0.14674
0.138248
0.110162
0.0843583
0.0637753
0.0515502
0.0265325
0.0351262
-0.0241008
0.0820282
-10.2977
-11.0786
-11.3275
-10.8786
-10.0818
-9.45239
-9.45288
-10.5333
-12.8235
-16.2229
-20.4548
-25.2021
-30.1543
-34.9972
-39.3576
-42.7893
-44.8323
-45.1517
-43.6519
-40.6237
-36.6341
-32.2715
-27.8537
-23.4163
-18.9671
-14.7141
-10.981
-7.95487
-5.61765
-3.85027
-2.52775
-1.5478
-0.829554
-0.310369
0.0567056
0.305863
0.461697
0.540248
0.551498
0.501514
0.392261
0.216255
-0.0930612
-0.592372
-1.21778
-1.8582
-2.51643
-3.32577
-4.45193
-6.02388
-8.15569
-10.9514
-14.4822
-18.7919
-23.9094
-29.8157
-36.213
-42.4397
-47.6892
-51.2354
-52.435
-50.8914
-46.4702
-39.5717
-31.1504
-22.4658
-14.5995
-8.24068
-3.62554
-0.608744
1.14158
1.90145
1.74502
0.279882
-4.63229
-14.5422
-26.8807
-37.6145
-43.0089
-41.4407
-33.5687
-22.8173
-13.1284
-6.67066
-3.21332
-1.53813
-0.725413
-0.312632
-0.0855894
0.0366124
0.0848393
0.0873082
0.0708484
0.0556924
0.0436693
0.0383087
0.0194576
0.0307186
-0.0229849
0.0738443
-9.77248
-10.4289
-10.7802
-10.347
-9.47574
-8.76872
-8.5847
-9.48745
-11.5898
-14.7595
-18.7206
-23.1568
-27.7488
-32.1816
-36.1143
-39.1698
-40.9785
-41.2839
-40.0614
-37.5988
-34.333
-30.5965
-26.5431
-22.2879
-18.0525
-14.1348
-10.7583
-7.99629
-5.80832
-4.10834
-2.80586
-1.81951
-1.08044
-0.533434
-0.136007
0.143504
0.328379
0.434482
0.471303
0.445223
0.357017
0.20291
-0.0723
-0.535534
-1.14028
-1.78092
-2.44561
-3.25435
-4.3871
-5.99567
-8.21131
-11.1497
-14.8914
-19.4966
-25.0155
-31.4184
-38.359
-45.0618
-50.6279
-54.3488
-55.5958
-53.9677
-49.2804
-41.9247
-32.9253
-23.6309
-15.2146
-8.43023
-3.55729
-0.46096
1.23013
1.85038
1.50991
0.0211189
-4.28465
-12.717
-23.3485
-32.7771
-37.6442
-36.4247
-29.697
-20.4728
-12.1571
-6.5336
-3.40027
-1.77535
-0.922443
-0.457517
-0.191321
-0.0442901
0.0212402
0.038774
0.0362307
0.0322736
0.0282586
0.0284951
0.0143081
0.0273664
-0.0213156
0.0682601
-9.45044
-10.1449
-10.4527
-9.99974
-8.92219
-7.95028
-7.7188
-8.62552
-10.7127
-13.7582
-17.4818
-21.5974
-25.8123
-29.8374
-33.3711
-36.0942
-37.7126
-38.0376
-37.1028
-35.1424
-32.3956
-29.0099
-25.1489
-21.0927
-17.1707
-13.6238
-10.5658
-8.01995
-5.95717
-4.32057
-3.04246
-2.05633
-1.30343
-0.73523
-0.313411
-0.00866418
0.200922
0.330804
0.390111
0.385011
0.315366
0.179159
-0.0651605
-0.490095
-1.07014
-1.70845
-2.38015
-3.1883
-4.3226
-5.95963
-8.24905
-11.3168
-15.2508
-20.1245
-26.0062
-32.8436
-40.2262
-47.2793
-53.0396
-56.8461
-58.1135
-56.4247
-51.5283
-43.7975
-34.3202
-24.5447
-15.7112
-8.60481
-3.53349
-0.383416
1.24104
1.72855
1.22839
-0.322821
-4.16473
-11.3779
-20.4948
-28.6851
-33.024
-32.1043
-26.3923
-18.518
-11.3749
-6.44489
-3.57368
-1.98889
-1.10408
-0.596829
-0.297284
-0.126683
-0.0427215
-0.00923151
0.00188845
0.00845404
0.0120927
0.017858
0.00848641
0.0232956
-0.0205215
0.0617972
-10.066
-10.4629
-10.0743
-9.4422
-8.66265
-8.00818
-7.62665
-8.38791
-10.3132
-13.1415
-16.6073
-20.4296
-24.3115
-27.9789
-31.173
-33.6143
-35.0731
-35.4628
-34.8033
-33.1677
-30.6338
-27.3728
-23.6934
-19.9501
-16.4064
-13.2023
-10.402
-8.0292
-6.07353
-4.49626
-3.24431
-2.26268
-1.50118
-0.917163
-0.475954
-0.150442
0.0799416
0.230054
0.308815
0.321959
0.269128
0.148382
-0.0700792
-0.458006
-1.01097
-1.64333
-2.32081
-3.12931
-4.26221
-5.9202
-8.27228
-11.4541
-15.5588
-20.6702
-26.8659
-34.0681
-41.7935
-49.0739
-54.9355
-58.7698
-60.0468
-58.3172
-53.2593
-45.2196
-35.3544
-25.207
-16.0727
-8.74381
-3.53834
-0.363257
1.18727
1.55065
0.9185
-0.703353
-4.20191
-10.4453
-18.2775
-25.3746
-29.2087
-28.522
-23.6764
-16.9436
-10.7721
-6.40169
-3.7358
-2.1809
-1.2697
-0.727412
-0.39901
-0.206118
-0.103383
-0.0535609
-0.0288605
-0.0121636
-0.00138058
0.00923146
0.00391131
0.0201223
-0.0193629
0.0572366
)
;

boundaryField
{
    outlet
    {
        type            fixedValue;
        value           uniform 0;
    }
    inlet
    {
        type            zeroGradient;
    }
    lowerWall
    {
        type            zeroGradient;
    }
    upperWall
    {
        type            zeroGradient;
    }
    frontAndBack
    {
        type            empty;
    }
}


// ************************************************************************* //
