/*--------------------------------*- C++ -*----------------------------------*\
  =========                 |
  \\      /  F ield         | OpenFOAM: The Open Source CFD Toolbox
   \\    /   O peration     | Website:  https://openfoam.org
    \\  /    A nd           | Version:  10
     \\/     M anipulation  |
\*---------------------------------------------------------------------------*/
FoamFile
{
    format      ascii;
    class       volScalarField;
    location    "0.08";
    object      p;
}
// * * * * * * * * * * * * * * * * * * * * * * * * * * * * * * * * * * * * * //

dimensions      [0 2 -2 0 0 0 0];

internalField   nonuniform List<scalar> 
6820
(
8.26308
-6.06527
-8.05659
-8.22826
-8.37174
-8.29675
-8.24622
-8.24323
-8.26107
-8.28976
-8.32267
-8.3559
-8.3876
-8.41677
-8.44275
-8.46506
-8.48328
-8.49706
-8.5061
-8.51014
-8.50902
-8.50264
-8.491
-8.47425
-8.4527
-8.42682
-8.39747
-8.36545
-8.33303
-8.2998
-8.2749
-8.24374
-8.25744
2.88445
-5.86358
-7.86281
-8.10777
-8.30307
-8.29146
-8.26209
-8.26541
-8.28339
-8.3093
-8.33906
-8.36951
-8.39897
-8.42645
-8.45121
-8.47267
-8.49032
-8.50375
-8.5126
-8.51656
-8.51544
-8.5091
-8.49752
-8.48081
-8.45926
-8.43331
-8.40372
-8.37132
-8.33793
-8.30381
-8.27478
-8.24064
-8.22344
0.803015
-4.65313
-7.07156
-7.65466
-8.02488
-8.15604
-8.18871
-8.21917
-8.25312
-8.28906
-8.32596
-8.36191
-8.39557
-8.42617
-8.45322
-8.47638
-8.49534
-8.50982
-8.51955
-8.52432
-8.52396
-8.51839
-8.50759
-8.49168
-8.4709
-8.44564
-8.41653
-8.3842
-8.34978
-8.313
-8.27477
-8.22445
-8.14721
-0.765619
-4.47136
-6.77663
-7.41861
-7.79066
-7.98547
-8.06876
-8.13165
-8.18909
-8.24066
-8.28791
-8.33135
-8.37103
-8.40687
-8.43865
-8.46618
-8.48929
-8.50779
-8.52152
-8.53032
-8.53409
-8.53278
-8.52641
-8.51511
-8.49908
-8.47866
-8.45424
-8.4262
-8.39474
-8.35884
-8.31538
-8.25516
-8.15077
-2.05191
-4.51675
-6.47076
-7.14645
-7.54739
-7.80874
-7.94672
-8.04115
-8.11927
-8.18534
-8.24336
-8.29548
-8.34224
-8.38409
-8.42138
-8.45416
-8.48239
-8.50602
-8.52499
-8.53928
-8.54887
-8.55381
-8.55418
-8.55016
-8.54195
-8.52983
-8.51406
-8.49471
-8.47143
-8.44281
-8.40422
-8.34911
-8.2524
-3.0107
-4.64091
-6.28798
-6.99501
-7.40583
-7.68985
-7.85449
-7.96615
-8.05723
-8.1339
-8.20032
-8.25951
-8.31272
-8.36051
-8.40331
-8.44143
-8.47505
-8.50429
-8.52924
-8.54999
-8.56666
-8.5794
-8.58841
-8.59394
-8.59629
-8.59576
-8.59259
-8.58684
-8.57798
-8.56477
-8.54379
-8.51152
-8.45561
-3.75755
-4.85423
-6.20179
-6.87955
-7.27723
-7.57047
-7.75983
-7.89165
-7.99767
-8.08596
-8.16131
-8.22761
-8.28677
-8.33981
-8.38751
-8.43041
-8.46884
-8.50304
-8.53322
-8.55957
-8.58234
-8.60177
-8.61819
-8.63194
-8.64344
-8.65309
-8.66128
-8.66822
-8.67384
-8.67764
-8.67804
-8.67399
-8.6626
-4.34301
-5.08554
-6.16554
-6.79705
-7.18385
-7.47996
-7.68471
-7.82991
-7.94584
-8.04246
-8.12485
-8.1972
-8.26187
-8.32011
-8.37283
-8.42068
-8.46408
-8.5034
-8.53896
-8.57105
-8.60001
-8.62619
-8.64998
-8.67185
-8.69228
-8.71179
-8.73088
-8.75
-8.76945
-8.78941
-8.80988
-8.83153
-8.8562
-4.80805
-5.31896
-6.17717
-6.74963
-7.1166
-7.40424
-7.6151
-7.76982
-7.89443
-7.9991
-8.08872
-8.16742
-8.23779
-8.30132
-8.35905
-8.41179
-8.4601
-8.50447
-8.54531
-8.58301
-8.618
-8.65072
-8.68166
-8.71135
-8.7404
-8.76943
-8.79912
-8.83016
-8.86328
-8.89929
-8.93936
-8.98528
-9.04103
-5.1825
-5.54042
-6.21748
-6.72446
-7.06796
-7.34414
-7.55709
-7.71868
-7.84995
-7.96093
-8.05644
-8.14052
-8.21591
-8.28427
-8.34675
-8.40423
-8.4574
-8.50681
-8.55294
-8.59628
-8.63732
-8.67659
-8.71466
-8.75214
-8.78974
-8.82821
-8.86838
-8.91118
-8.95769
-9.00922
-9.06768
-9.1355
-9.21759
-5.48762
-5.74359
-6.27688
-6.71933
-7.03721
-7.2987
-7.50858
-7.6731
-7.80865
-7.92449
-8.02515
-8.11429
-8.1946
-8.26778
-8.33503
-8.3973
-8.45533
-8.50975
-8.56113
-8.61003
-8.65701
-8.70267
-8.74765
-8.79266
-8.83848
-8.88599
-8.93616
-8.99011
-9.04922
-9.11511
-9.19012
-9.27696
-9.38073
-5.73892
-5.92614
-6.34683
-6.72851
-7.01934
-7.26455
-7.46856
-7.63382
-7.77233
-7.89207
-7.99711
-8.09076
-8.17556
-8.25322
-8.32497
-8.39182
-8.45456
-8.51387
-8.57038
-8.62472
-8.6775
-8.72938
-8.78107
-8.83334
-8.88706
-8.94317
-9.00278
-9.06715
-9.1378
-9.21655
-9.30589
-9.40849
-9.52919
-5.94771
-6.0878
-6.42124
-6.74821
-7.01219
-7.24066
-7.43678
-7.60055
-7.7403
-7.86264
-7.97114
-8.06867
-8.15758
-8.23948
-8.31561
-8.38695
-8.45433
-8.51846
-8.58002
-8.63967
-8.69809
-8.75598
-8.81409
-8.87326
-8.93441
-8.99854
-9.06683
-9.14062
-9.2215
-9.31132
-9.41253
-9.52762
-9.66091
-6.12229
-6.22952
-6.49575
-6.77487
-7.01297
-7.22475
-7.41177
-7.57252
-7.71238
-7.83649
-7.94784
-8.04884
-8.14154
-8.22745
-8.30774
-8.38339
-8.45524
-8.52403
-8.59045
-8.65522
-8.71903
-8.78263
-8.8468
-8.91243
-8.98044
-9.05189
-9.12798
-9.21006
-9.2997
-9.39869
-9.5093
-9.63371
-9.77561
-6.26881
-6.35269
-6.56733
-6.80556
-7.01951
-7.21526
-7.39272
-7.54941
-7.6884
-7.81346
-7.92697
-8.03089
-8.12697
-8.21657
-8.3008
-8.38058
-8.45674
-8.53001
-8.60113
-8.67079
-8.73974
-8.80873
-8.87857
-8.95014
-9.02441
-9.10241
-9.18532
-9.27446
-9.37132
-9.47755
-9.59515
-9.72596
-9.87301
-6.39185
-6.45885
-6.63393
-6.83784
-7.02983
-7.21054
-7.37843
-7.53041
-7.66783
-7.79325
-7.90843
-8.01489
-8.11407
-8.20715
-8.29511
-8.37884
-8.45911
-8.53667
-8.61223
-8.68652
-8.76027
-8.83424
-8.90926
-8.98619
-9.06598
-9.14965
-9.23832
-9.33323
-9.43573
-9.54728
-9.66959
-9.80414
-9.95335
-6.49485
-6.54944
-6.69419
-6.86972
-7.04221
-7.20913
-7.36786
-7.51489
-7.65033
-7.77568
-7.89212
-8.00077
-8.10273
-8.19901
-8.29048
-8.37793
-8.46211
-8.54373
-8.6235
-8.70211
-8.78032
-8.85886
-8.93856
-9.02024
-9.10483
-9.19329
-9.28665
-9.38605
-9.49268
-9.60778
-9.73277
-9.86877
-10.0176
-6.58037
-6.62572
-6.74722
-6.89958
-7.05512
-7.20971
-7.35994
-7.50207
-7.63533
-7.76034
-7.87776
-7.98832
-8.09284
-8.19211
-8.28687
-8.37784
-8.4657
-8.55112
-8.63478
-8.71738
-8.79962
-8.88225
-8.96603
-9.05178
-9.14036
-9.23264
-9.32959
-9.43219
-9.54147
-9.65846
-9.78426
-9.91972
-10.0662
-6.65031
-6.68874
-6.79242
-6.92611
-7.06723
-7.21104
-7.35366
-7.49123
-7.62234
-7.74692
-7.86518
-7.97749
-8.08438
-8.18647
-8.28436
-8.37865
-8.46998
-8.55896
-8.64624
-8.73249
-8.81838
-8.90462
-8.99195
-9.08112
-9.17292
-9.26817
-9.36768
-9.47233
-9.58295
-9.70038
-9.82546
-9.95876
-10.1012
-6.70606
-6.73927
-6.82936
-6.94821
-7.07736
-7.21201
-7.34804
-7.48157
-7.61074
-7.73495
-7.85399
-7.96793
-8.07706
-8.18179
-8.28259
-8.37998
-8.4745
-8.56673
-8.65728
-8.74675
-8.8358
-8.92509
-9.01533
-9.10719
-9.20139
-9.29864
-9.39968
-9.50521
-9.61594
-9.73248
-9.85546
-9.98525
-10.1225
-6.74856
-6.77787
-6.85768
-6.96497
-7.08446
-7.21159
-7.34221
-7.47241
-7.60006
-7.72413
-7.84408
-7.9597
-8.07106
-8.17839
-8.28203
-8.3824
-8.47996
-8.57525
-8.66879
-8.76118
-8.853
-8.94487
-9.03751
-9.13145
-9.22733
-9.32581
-9.4275
-9.53297
-9.64279
-9.7574
-9.87724
-10.0025
-10.1336
-6.7784
-6.80483
-6.87703
-6.97556
-7.08754
-7.2088
-7.33522
-7.46293
-7.58956
-7.71379
-7.8348
-7.95214
-8.06568
-8.17548
-8.28176
-8.38486
-8.48517
-8.58314
-8.67928
-8.77411
-8.86816
-8.96194
-9.05639
-9.15168
-9.24846
-9.34731
-9.44873
-9.5532
-9.66113
-9.77285
-9.88864
-10.0086
-10.1328
-6.79584
-6.82022
-6.887
-6.9792
-7.08574
-7.20281
-7.32639
-7.45262
-7.57902
-7.704
-7.8265
-7.94587
-8.0618
-8.17422
-8.28323
-8.38907
-8.49206
-8.59259
-8.69113
-8.78816
-8.8842
-8.97984
-9.07522
-9.17126
-9.26835
-9.36692
-9.4674
-9.57016
-9.6755
-9.78364
-9.89474
-10.0088
-10.1258
-6.80084
-6.82387
-6.88706
-6.97509
-7.0781
-7.19261
-7.31466
-7.44043
-7.56729
-7.69349
-7.81776
-7.93929
-8.05762
-8.17256
-8.28411
-8.39243
-8.49777
-8.60049
-8.70099
-8.7997
-8.8971
-8.99365
-9.08974
-9.18593
-9.28262
-9.38019
-9.47899
-9.57931
-9.68137
-9.78532
-9.89122
-9.99902
-10.1087
-6.79304
-6.81533
-6.87659
-6.96249
-7.06393
-7.17768
-7.29984
-7.42655
-7.55508
-7.68349
-7.81037
-7.93473
-8.05599
-8.17385
-8.28821
-8.39917
-8.50693
-8.6118
-8.71413
-8.81433
-8.91283
-9.01004
-9.10638
-9.20226
-9.29808
-9.39415
-9.49076
-9.58815
-9.68647
-9.7858
-9.88616
-9.98744
-10.0895
-6.77176
-6.79387
-6.85468
-6.94029
-7.04194
-7.15651
-7.28009
-7.40878
-7.53973
-7.67088
-7.80067
-7.92802
-8.05223
-8.17292
-8.28992
-8.40328
-8.51315
-8.6198
-8.72355
-8.82477
-8.92387
-9.02122
-9.11721
-9.21222
-9.30659
-9.40059
-9.49448
-9.58844
-9.68258
-9.77697
-9.87159
-9.96633
-10.0611
-6.73597
-6.75848
-6.82047
-6.9079
-7.01202
-7.12972
-7.25699
-7.38974
-7.52497
-7.66047
-7.79454
-7.92598
-8.05401
-8.17818
-8.29829
-8.41433
-8.52646
-8.6349
-8.73999
-8.84207
-8.94151
-9.03871
-9.13401
-9.22777
-9.32029
-9.41183
-9.50261
-9.59278
-9.68245
-9.77164
-9.86032
-9.94837
-10.0356
-6.68414
-6.70758
-6.77214
-6.86309
-6.97127
-7.09345
-7.22548
-7.36313
-7.50326
-7.64355
-7.78221
-7.91793
-8.04988
-8.17755
-8.30071
-8.41932
-8.53351
-8.64351
-8.74962
-8.8522
-8.95161
-9.04822
-9.14239
-9.23444
-9.32468
-9.41335
-9.50065
-9.58674
-9.67171
-9.75559
-9.83837
-9.91998
-10.0003
-6.61437
-6.63963
-6.70909
-6.80675
-6.92256
-7.05296
-7.19341
-7.33927
-7.48716
-7.6346
-7.77971
-7.92114
-8.05805
-8.18993
-8.31657
-8.43797
-8.55427
-8.66574
-8.7727
-8.87552
-8.97458
-9.07026
-9.16291
-9.25288
-9.34045
-9.42588
-9.50936
-9.59106
-9.67105
-9.7494
-9.82609
-9.90105
-9.97415
-6.52369
-6.55108
-6.62661
-6.73207
-6.85621
-6.99531
-7.14461
-7.29917
-7.45537
-7.61059
-7.76282
-7.91062
-8.05307
-8.18966
-8.32017
-8.44462
-8.56319
-8.67615
-8.78389
-8.88679
-8.98527
-9.07974
-9.17059
-9.25816
-9.34277
-9.42469
-9.50415
-9.58131
-9.65629
-9.72919
-9.80002
-9.86882
-9.93549
-6.40917
-6.44109
-6.52807
-6.64831
-6.78808
-6.94281
-7.10694
-7.27494
-7.44301
-7.60853
-7.76953
-7.92469
-8.0732
-8.21466
-8.34896
-8.47621
-8.59667
-8.7107
-8.81874
-8.92122
-9.01862
-9.11136
-9.19988
-9.28455
-9.36571
-9.44366
-9.51864
-9.59084
-9.66042
-9.72748
-9.79208
-9.85422
-9.91384
-6.26411
-6.29898
-6.39609
-6.52909
-6.68247
-6.85193
-7.03133
-7.21424
-7.39631
-7.57459
-7.74688
-7.91173
-8.06834
-8.21636
-8.35577
-8.48679
-8.60981
-8.72532
-8.83384
-8.93595
-9.03219
-9.12307
-9.2091
-9.29071
-9.36828
-9.44215
-9.51262
-9.57993
-9.64427
-9.70581
-9.76465
-9.82094
-9.87467
-6.0864
-6.13422
-6.25855
-6.42203
-6.60351
-6.79814
-6.99939
-7.2007
-7.39815
-7.58924
-7.77208
-7.94551
-8.10897
-8.2623
-8.40564
-8.53936
-8.66395
-8.78001
-8.88816
-8.98905
-9.0833
-9.1715
-9.2542
-9.33191
-9.40506
-9.47403
-9.53917
-9.60075
-9.65902
-9.71416
-9.76633
-9.81565
-9.86218
-5.85418
-5.90108
-6.03919
-6.22313
-6.42953
-6.65294
-6.88349
-7.11215
-7.33409
-7.54636
-7.74689
-7.93464
-8.10932
-8.27116
-8.42065
-8.5585
-8.68554
-8.80262
-8.91062
-9.01036
-9.10264
-9.18817
-9.2676
-9.34153
-9.41044
-9.4748
-9.53498
-9.59131
-9.64408
-9.69357
-9.74001
-9.78365
-9.82466
-5.5857
-5.68046
-5.88667
-6.12409
-6.36818
-6.62162
-6.87653
-7.12492
-7.36344
-7.58985
-7.80232
-7.99999
-8.18267
-8.35064
-8.50448
-8.64502
-8.7732
-8.89003
-8.99654
-9.09371
-9.18248
-9.2637
-9.33815
-9.40651
-9.46939
-9.52729
-9.58067
-9.62991
-9.67534
-9.71726
-9.75594
-9.79165
-9.82469
-5.17044
-5.23921
-5.47616
-5.77088
-6.08245
-6.40393
-6.71867
-7.01678
-7.29555
-7.55335
-7.78947
-8.00446
-8.19944
-8.37577
-8.53492
-8.67842
-8.80776
-8.92435
-9.02952
-9.12449
-9.21036
-9.28812
-9.35864
-9.42269
-9.48092
-9.53389
-9.58205
-9.62582
-9.66552
-9.70151
-9.7341
-9.76379
-9.79103
-4.81355
-5.06687
-5.42512
-5.7469
-6.07044
-6.41027
-6.74298
-7.05973
-7.35878
-7.63656
-7.89077
-8.1211
-8.32817
-8.51314
-8.67761
-8.8234
-8.95239
-9.06641
-9.1672
-9.25634
-9.33528
-9.40528
-9.46744
-9.52272
-9.57189
-9.61562
-9.65442
-9.68867
-9.71865
-9.74463
-9.76668
-9.7854
-9.80078
-3.76555
-4.03244
-4.64494
-5.19352
-5.69838
-6.17839
-6.60905
-6.99275
-7.33694
-7.64434
-7.91793
-8.16111
-8.37677
-8.56753
-8.73584
-8.88392
-9.01388
-9.12768
-9.22715
-9.31399
-9.38973
-9.45574
-9.51324
-9.56327
-9.60671
-9.64427
-9.67648
-9.7037
-9.72602
-9.74352
-9.75551
-9.76306
-9.76223
-3.82044
-4.38139
-4.82578
-5.1939
-5.67422
-6.17413
-6.64338
-7.08463
-7.48934
-7.8492
-8.16404
-8.43649
-8.66983
-8.86803
-9.03533
-9.17587
-9.29349
-9.39164
-9.47337
-9.54133
-9.59778
-9.64463
-9.68351
-9.71577
-9.7425
-9.76456
-9.78256
-9.79682
-9.80721
-9.81303
-9.81199
-9.80194
-9.77163
1.11433
-2.57788
-3.90552
-4.57852
-5.38061
-6.06143
-6.60927
-7.0901
-7.51134
-7.8743
-8.18669
-8.45452
-8.68266
-8.87597
-9.03906
-9.17608
-9.29079
-9.38654
-9.46627
-9.53253
-9.58753
-9.63312
-9.67092
-9.70225
-9.72825
-9.74984
-9.76785
-9.78276
-9.79547
-9.80544
-9.815
-9.81981
-9.82925
-8.19227
-7.58111
-7.06197
-6.75195
-7.17799
-8.68161
-11.4898
-15.5953
-20.707
-26.2433
-31.5049
-35.9198
-39.1731
-41.0591
-41.3565
-39.9328
-36.9554
-32.6791
-27.2355
-20.9104
-14.4647
-8.78938
-4.33423
-1.09053
1.10771
2.38694
2.77671
2.23397
0.569887
-2.46294
-6.93724
-12.5627
-18.7717
-24.9776
-30.7403
-35.7426
-39.7062
-42.3589
-43.4695
-42.8809
-40.5795
-36.7328
-31.695
-26.0307
-20.4179
-15.4046
-11.2457
-7.94622
-5.39256
-3.44569
-1.97937
-0.889117
-0.0909688
0.481929
0.882494
1.15228
1.32367
1.42171
1.46576
1.47071
1.44805
1.40664
1.35328
1.29313
1.23005
1.1668
1.10525
1.04654
0.991232
0.939423
0.890941
0.84537
0.802231
0.761064
0.721482
0.683209
0.646098
0.610113
0.575297
0.541728
0.509476
0.478571
0.44898
0.420603
0.393274
0.366786
0.34092
0.315505
0.290401
0.265591
0.240944
0.216601
0.192027
0.167992
0.142331
0.119079
0.0891336
0.0713587
0.0259134
0.0371104
-8.10149
-7.52704
-6.87255
-6.58895
-7.10776
-8.62722
-11.3343
-15.2358
-20.0631
-25.2827
-30.2509
-34.428
-37.4723
-39.1822
-39.3992
-38.0444
-35.2018
-31.022
-25.699
-19.6886
-13.7643
-8.61944
-4.54758
-1.53108
0.542304
1.75529
2.1215
1.60588
0.0637588
-2.69091
-6.74377
-11.8933
-17.6722
-23.5372
-29.0345
-33.818
-37.5989
-40.1135
-41.152
-40.5675
-38.3585
-34.7078
-29.9887
-24.7499
-19.5914
-14.9695
-11.0946
-7.97719
-5.52923
-3.63737
-2.19439
-1.10834
-0.303183
0.283006
0.700035
0.987522
1.17667
1.29188
1.35214
1.37216
1.36336
1.33455
1.29253
1.24247
1.18824
1.13265
1.07763
1.02442
0.973666
0.925592
0.880126
0.836983
0.795798
0.756208
0.717906
0.680681
0.64443
0.609149
0.574899
0.541771
0.509845
0.479163
0.449702
0.421376
0.394036
0.367494
0.341551
0.316051
0.290869
0.265992
0.241284
0.216888
0.192265
0.168186
0.142487
0.119191
0.0892408
0.071365
0.0260968
0.0367773
-7.97834
-7.47953
-6.9678
-6.74657
-7.22622
-8.75225
-11.4036
-15.0766
-19.5352
-24.3394
-28.9269
-32.7974
-35.6008
-37.1548
-37.3414
-36.0567
-33.2904
-29.1775
-24.047
-18.4735
-13.1334
-8.51336
-4.80562
-2.00954
-0.0633291
1.0808
1.42408
0.936944
-0.492168
-2.99651
-6.65065
-11.3143
-16.6161
-22.0785
-27.2571
-31.7878
-35.3695
-37.7403
-38.7055
-38.1316
-36.037
-32.6234
-28.2701
-23.4856
-18.784
-14.543
-10.9425
-8.00237
-5.6595
-3.82409
-2.40649
-1.32657
-0.51592
0.0824706
0.515248
0.820022
1.02676
1.15914
1.23571
1.27099
1.27627
1.2603
1.22986
1.19012
1.14496
1.09723
1.04894
1.00137
0.955299
0.911055
0.868686
0.828041
0.788867
0.750905
0.713932
0.677805
0.642465
0.607937
0.5743
0.541655
0.510091
0.479655
0.450339
0.422072
0.394725
0.368132
0.342116
0.316541
0.291289
0.266354
0.241596
0.217156
0.192493
0.168377
0.142649
0.119311
0.0893685
0.0713784
0.0263139
0.0364341
-7.97687
-7.59019
-7.17532
-7.07615
-7.65883
-9.14494
-11.6486
-15.095
-19.1975
-23.5478
-27.684
-31.1809
-33.7431
-35.1876
-35.3152
-33.9806
-31.1854
-27.1647
-22.3652
-17.3441
-12.6029
-8.47148
-5.09971
-2.51608
-0.699133
0.373484
0.694834
0.238376
-1.08357
-3.36088
-6.64387
-10.8302
-15.6299
-20.6404
-25.4484
-29.6873
-33.0474
-35.2657
-36.1584
-35.6125
-33.6688
-30.5404
-26.5906
-22.2696
-18.0106
-14.1309
-10.7908
-8.02176
-5.78278
-4.00511
-2.61498
-1.54321
-0.728696
-0.119294
0.328433
0.650016
0.874115
1.0236
1.11658
1.16728
1.18684
1.18395
1.16532
1.13612
1.10025
1.06059
1.0192
0.977464
0.936239
0.895983
0.85686
0.818836
0.781777
0.745522
0.709935
0.674937
0.64052
0.606744
0.573709
0.541534
0.51032
0.480126
0.450957
0.422756
0.395412
0.368778
0.342694
0.317044
0.29172
0.266721
0.241906
0.217418
0.192715
0.168561
0.142808
0.119424
0.0894981
0.0713734
0.0265341
0.0360402
-8.10968
-7.85213
-7.60621
-7.64931
-8.28466
-9.7343
-12.0812
-15.2427
-18.9782
-22.9156
-26.6323
-29.7747
-32.0736
-33.2763
-33.1627
-31.6537
-28.8537
-25.079
-20.7677
-16.3492
-12.1714
-8.48158
-5.42079
-3.04344
-1.35657
-0.356624
-0.0567709
-0.480978
-1.69855
-3.76863
-6.71449
-10.4515
-14.7508
-19.2802
-23.6733
-27.5789
-30.6897
-32.7458
-33.5726
-33.0807
-31.3267
-28.5194
-24.9876
-21.1186
-17.2771
-13.7352
-10.6407
-8.03597
-5.89937
-4.18047
-2.81971
-1.758
-0.941226
-0.322026
0.139808
0.477677
0.718868
0.885397
0.994835
1.0611
1.09515
1.10554
1.09896
1.08053
1.05416
1.02276
0.988456
0.952701
0.916459
0.880301
0.844508
0.809179
0.774291
0.73979
0.705629
0.671797
0.638339
0.605348
0.572949
0.541274
0.510435
0.480503
0.451496
0.423372
0.396036
0.369364
0.343217
0.317493
0.2921
0.26704
0.242177
0.21765
0.192918
0.168735
0.142969
0.11954
0.0896455
0.0713729
0.0267844
0.0356344
-8.37628
-8.25449
-8.18118
-8.36169
-9.03041
-10.3788
-12.4986
-15.3333
-18.6707
-22.1793
-25.4817
-28.2316
-30.1325
-30.9707
-30.6079
-29.0444
-26.4434
-23.1009
-19.353
-15.5071
-11.8292
-8.53318
-5.76064
-3.58237
-2.02422
-1.09655
-0.81776
-1.20959
-2.32602
-4.20561
-6.84966
-10.1785
-14.0036
-18.0506
-22.0044
-25.5457
-28.3829
-30.2645
-31.0419
-30.6286
-29.0897
-26.6152
-23.4907
-20.0448
-16.5878
-13.3576
-10.4929
-8.04526
-6.00922
-4.34994
-3.02033
-1.97057
-1.15316
-0.525422
-0.0503722
0.303214
0.561194
0.744657
0.870592
0.952553
1.00127
1.02517
1.03085
1.02341
1.00675
0.983803
0.956753
0.927141
0.896029
0.864101
0.831764
0.799233
0.766607
0.733932
0.701249
0.668617
0.636136
0.603936
0.57217
0.540989
0.510521
0.480849
0.452005
0.423963
0.396645
0.369943
0.343738
0.317945
0.292485
0.267362
0.242447
0.217877
0.193114
0.168901
0.143127
0.119652
0.0897973
0.0713572
0.0270407
0.0351822
-8.64866
-8.6425
-8.71742
-9.01868
-9.71615
-10.9517
-12.8008
-15.2324
-18.0859
-21.0862
-23.8993
-26.1839
-27.6943
-28.2816
-27.8663
-26.4711
-24.2343
-21.3776
-18.1513
-14.8013
-11.5574
-8.61476
-6.11083
-4.12373
-2.69154
-1.83494
-1.57664
-1.93651
-2.95563
-4.65844
-7.03163
-9.99629
-13.3898
-16.9811
-20.5012
-23.67
-26.2243
-27.9353
-28.6661
-28.3413
-27.0186
-24.8618
-22.1131
-19.0513
-15.943
-12.998
-10.3476
-8.05
-6.11257
-4.51355
-3.21672
-2.18069
-1.36424
-0.729235
-0.24189
0.126816
0.401252
0.601522
0.743974
0.841747
0.905307
0.942922
0.961082
0.964835
0.958078
0.943775
0.924149
0.900828
0.874972
0.847382
0.818585
0.788923
0.758611
0.727804
0.696632
0.665228
0.633748
0.602363
0.571252
0.540586
0.510506
0.481111
0.452443
0.424492
0.397197
0.37047
0.344209
0.318347
0.292817
0.267634
0.242672
0.218068
0.193285
0.169053
0.143283
0.119766
0.0899651
0.0713445
0.0273256
0.0347154
-8.89481
-8.97326
-9.15079
-9.53173
-10.2379
-11.3698
-12.9754
-15.0243
-17.3917
-19.8638
-22.172
-24.0546
-25.3089
-25.7917
-25.4394
-24.2639
-22.3684
-19.9233
-17.1311
-14.2025
-11.3399
-8.71771
-6.46398
-4.65902
-3.34889
-2.56167
-2.32292
-2.6516
-3.57796
-5.11609
-7.24409
-9.88482
-12.8942
-16.073
-19.1902
-22.0035
-24.2829
-25.8279
-26.5124
-26.2684
-25.1421
-23.2703
-20.8562
-18.1366
-15.3412
-12.6563
-10.2052
-8.05062
-6.20971
-4.67135
-3.40875
-2.38815
-1.57423
-0.933235
-0.434531
-0.0513256
0.239213
0.456145
0.615118
0.728809
0.80738
0.858905
0.889753
0.904909
0.908251
0.902763
0.890721
0.873832
0.853358
0.830216
0.805058
0.778349
0.750424
0.721542
0.691923
0.661778
0.631316
0.600753
0.570298
0.540145
0.510452
0.481331
0.452842
0.424987
0.397722
0.370977
0.344669
0.318743
0.293148
0.267903
0.242891
0.218249
0.193447
0.169196
0.143436
0.119875
0.0901396
0.0713192
0.0276201
0.0342039
-9.12325
-9.26471
-9.51062
-9.93724
-10.6323
-11.6669
-13.0693
-14.8074
-16.7791
-18.8179
-20.7225
-22.2873
-23.3319
-23.7249
-23.4133
-22.4069
-20.7827
-18.6743
-16.2495
-13.6883
-11.1657
-8.83495
-6.8135
-5.18113
-3.9885
-3.26865
-3.04867
-3.34695
-4.18519
-5.56983
-7.47421
-9.82498
-12.4937
-15.3063
-18.0625
-20.5524
-22.5775
-23.9641
-24.5979
-24.4181
-23.4596
-21.8345
-19.7129
-17.2952
-14.7797
-12.3315
-10.0659
-8.04767
-6.30107
-4.82356
-3.59644
-2.59285
-1.78298
-1.13724
-0.628113
-0.231037
0.0752395
0.308676
0.484166
0.613875
0.707619
0.773248
0.816986
0.843744
0.85737
0.860866
0.856556
0.846228
0.831246
0.812644
0.791199
0.767503
0.742009
0.715084
0.687045
0.658176
0.628749
0.599021
0.569236
0.539608
0.510314
0.48148
0.453179
0.425428
0.398199
0.371439
0.345082
0.319091
0.293426
0.26812
0.243063
0.218391
0.19358
0.16932
0.143584
0.119984
0.0903298
0.0712962
0.0279438
0.0336743
-9.33482
-9.52256
-9.81352
-10.2634
-10.9348
-11.8773
-13.1071
-14.5932
-16.2513
-17.9489
-19.5249
-20.8106
-21.6601
-21.9685
-21.6863
-20.8155
-19.4141
-17.5904
-15.4836
-13.246
-11.0271
-8.96078
-7.1541
-5.68426
-4.60391
-3.94891
-3.74696
-4.01587
-4.77079
-6.01265
-7.71231
-9.80144
-12.1659
-14.6536
-17.0894
-19.2911
-21.0865
-22.3251
-22.9049
-22.773
-21.9545
-20.5405
-18.6727
-16.5208
-14.2554
-12.0229
-9.93015
-8.04183
-6.3872
-4.97047
-3.77989
-2.79477
-1.99037
-1.34111
-0.822483
-0.412161
-0.0905128
0.15927
0.351272
0.497096
0.606175
0.686098
0.742927
0.781479
0.805566
0.818202
0.821761
0.818111
0.808722
0.794744
0.777085
0.75646
0.733446
0.708518
0.682086
0.654513
0.62613
0.597243
0.568127
0.539022
0.510125
0.481577
0.453466
0.425824
0.398638
0.371872
0.345474
0.319424
0.293694
0.268326
0.243222
0.218518
0.193699
0.169432
0.143729
0.120089
0.0905289
0.0712626
0.0282819
0.0330981
-9.52532
-9.74598
-10.0646
-10.5213
-11.1601
-12.0148
-13.093
-14.3653
-15.762
-17.1764
-18.4775
-19.5321
-20.2227
-20.4599
-20.1979
-19.4371
-18.2241
-16.646
-14.8171
-12.8648
-10.9168
-9.0901
-7.48128
-6.16361
-5.18972
-4.59665
-4.41195
-4.65283
-5.32938
-6.43883
-7.95106
-9.8031
-11.8942
-14.0912
-16.2416
-18.1863
-19.7751
-20.878
-21.4039
-21.3073
-20.6053
-19.3717
-17.7244
-15.8066
-13.7654
-11.73
-9.79851
-8.03393
-6.46875
-5.1125
-3.95932
-2.99398
-2.1964
-1.54477
-1.01753
-0.594569
-0.257903
0.00807721
0.216593
0.378638
0.503215
0.597625
0.667741
0.718273
0.752989
0.77491
0.78646
0.789591
0.785877
0.776592
0.76277
0.745257
0.724751
0.70184
0.67703
0.650761
0.623429
0.595387
0.566946
0.538371
0.509876
0.481622
0.453706
0.426178
0.399038
0.372265
0.345825
0.319713
0.293913
0.268482
0.243333
0.218601
0.193785
0.169521
0.143866
0.120193
0.0907448
0.0712317
0.0286526
0.0324983
-9.6939
-9.93623
-10.2687
-10.72
-11.3202
-12.0916
-13.0355
-14.1249
-15.3017
-16.4795
-17.5538
-18.4173
-18.9734
-19.1486
-18.9043
-18.2391
-17.189
-15.8235
-14.2367
-12.5356
-10.829
-9.21875
-7.79142
-6.61533
-5.7416
-5.20719
-5.03891
-5.25325
-5.85656
-6.84365
-8.18463
-9.82179
-11.6663
-13.6021
-15.4964
-17.2108
-18.6134
-19.5925
-20.0667
-19.9959
-19.3913
-18.3126
-16.8575
-15.1472
-13.3077
-11.4529
-9.67178
-8.02489
-6.54648
-5.2502
-4.13506
-3.19064
-2.40112
-1.74822
-1.2132
-0.778168
-0.426809
-0.144757
0.0802952
0.258679
0.398929
0.508022
0.591621
0.654312
0.699814
0.731153
0.750803
0.760799
0.762827
0.758284
0.748338
0.733965
0.715989
0.695108
0.671926
0.646964
0.620683
0.593482
0.565709
0.537659
0.509564
0.481602
0.453885
0.426476
0.39939
0.37262
0.346147
0.319978
0.294113
0.268619
0.243424
0.218663
0.193852
0.169595
0.143998
0.120294
0.0909727
0.071192
0.0290438
0.0318464
-9.83949
-10.0944
-10.4305
-10.8677
-11.426
-12.1192
-12.9446
-13.8773
-14.8689
-15.8495
-16.7353
-17.4397
-17.8846
-18.0097
-17.7818
-17.1982
-16.2873
-15.1054
-13.7299
-12.25
-10.7584
-9.34325
-8.08165
-7.03648
-6.25629
-5.777
-5.62427
-5.81356
-6.34894
-7.2234
-8.40828
-9.85098
-11.4732
-13.1741
-14.8381
-16.3452
-17.5801
-18.4458
-18.8705
-18.8181
-18.2956
-17.3506
-16.0642
-14.5384
-12.881
-11.1917
-9.55079
-8.01565
-6.62124
-5.38421
-4.30758
-3.38507
-2.60471
-1.95152
-1.40949
-0.962907
-0.597134
-0.299098
-0.057456
0.137411
0.293526
0.417508
0.514787
0.589813
0.646247
0.687119
0.714957
0.731884
0.739699
0.739931
0.73388
0.722659
0.707218
0.688369
0.666813
0.643155
0.617918
0.591555
0.564449
0.536922
0.509227
0.481557
0.45404
0.42675
0.399717
0.372947
0.346435
0.320204
0.294267
0.268707
0.243465
0.21868
0.193882
0.169643
0.144122
0.120394
0.0912205
0.0711564
0.0294747
0.0311631
-9.96265
-10.2229
-10.5547
-10.9717
-11.4865
-12.107
-12.8276
-13.6259
-14.4615
-15.2774
-16.0066
-16.5794
-16.9323
-17.0161
-16.8031
-16.2903
-15.5
-14.4776
-13.2865
-12.0013
-10.7007
-9.46084
-8.34988
-7.425
-6.73152
-6.30361
-6.16546
-6.33134
-6.80405
-7.57529
-8.61822
-9.88525
-11.3075
-12.7974
-14.2545
-15.5749
-16.6586
-17.4208
-17.7983
-17.7588
-17.3055
-16.4766
-15.3387
-13.9772
-12.4842
-10.9465
-9.43637
-8.00724
-6.69398
-5.51531
-4.47745
-3.57768
-2.80744
-2.15485
-1.6065
-1.14879
-0.768818
-0.454825
-0.196491
0.0150411
0.187239
0.326331
0.437492
0.525025
0.592526
0.643031
0.679123
0.703022
0.716645
0.721655
0.719495
0.711413
0.69849
0.681653
0.661704
0.63933
0.61512
0.589578
0.563124
0.53611
0.508809
0.48143
0.454116
0.426953
0.399982
0.373224
0.346685
0.320399
0.294395
0.268768
0.243478
0.218666
0.193886
0.169671
0.144238
0.120491
0.0914844
0.0711139
0.0299346
0.0304172
-10.064
-10.3237
-10.6457
-11.0385
-11.5098
-12.063
-12.6912
-13.3742
-14.0779
-14.7564
-15.3557
-15.8196
-16.0969
-16.1478
-15.9492
-15.4981
-14.8121
-13.9278
-12.8976
-11.7836
-10.6523
-9.56935
-8.59464
-7.77961
-7.16594
-6.78553
-6.66094
-6.80516
-7.22035
-7.89735
-8.81155
-9.92023
-11.1629
-12.4635
-13.7353
-14.8881
-15.8353
-16.5032
-16.8363
-16.8053
-16.4108
-15.6826
-14.6754
-13.4606
-12.1163
-10.7177
-9.32936
-8.00072
-6.76574
-5.64441
-4.64542
-3.76904
-3.00975
-2.35851
-1.80439
-1.3359
-0.941839
-0.611837
-0.336641
-0.108209
0.0803266
0.234773
0.360026
0.460231
0.53892
0.599135
0.643525
0.67441
0.693836
0.703609
0.705316
0.700348
0.689916
0.675067
0.656701
0.635591
0.612391
0.587655
0.561841
0.53533
0.508415
0.481321
0.454203
0.42716
0.400245
0.37349
0.346913
0.320562
0.294483
0.268783
0.243441
0.218604
0.19385
0.169669
0.144346
0.12059
0.0917742
0.0710787
0.0304453
0.0296291
-10.1445
-10.3993
-10.7073
-11.0736
-11.5023
-11.9938
-12.5405
-13.1242
-13.7167
-14.2805
-14.7721
-15.1463
-15.3619
-15.3868
-15.2021
-14.805
-14.2095
-13.4453
-12.5555
-11.5917
-10.6102
-9.66717
-8.81509
-8.09973
-7.55896
-7.22215
-7.11004
-7.23438
-7.59692
-8.1883
-8.98611
-9.95239
-11.0342
-12.1654
-13.2714
-14.274
-15.0986
-15.6809
-15.9725
-15.9467
-15.602
-14.9615
-14.0697
-12.9859
-11.7762
-10.5054
-9.23063
-7.99722
-6.83769
-5.77258
-4.8124
-3.95989
-3.21222
-2.56292
-2.00345
-1.52438
-1.11623
-0.770058
-0.47774
-0.232101
-0.0269208
0.143154
0.282725
0.395768
0.485752
0.555734
0.608432
0.646283
0.671469
0.685946
0.691454
0.689533
0.681526
0.668603
0.651766
0.631871
0.609639
0.585676
0.560477
0.534451
0.507913
0.481102
0.454186
0.427274
0.400428
0.373694
0.347093
0.320687
0.294536
0.268762
0.243367
0.218503
0.193779
0.169641
0.144444
0.120687
0.0920864
0.0710394
0.0309972
0.0287626
-10.206
-10.4525
-10.7438
-11.0826
-11.4704
-11.9057
-12.3805
-12.8791
-13.3776
-13.8455
-14.2478
-14.5483
-14.7139
-14.7188
-14.5477
-14.198
-13.6811
-13.0212
-12.2535
-11.4213
-10.5718
-9.75317
-9.01086
-8.38539
-7.91074
-7.61359
-7.51283
-7.61904
-7.93356
-8.4475
-9.14049
-9.97903
-10.9169
-11.897
-12.8549
-13.7233
-14.438
-14.943
-15.1961
-15.1731
-14.8708
-14.3069
-13.5172
-12.5507
-11.463
-10.3098
-9.14107
-7.99796
-6.9111
-5.90102
-4.97947
-4.15117
-3.4156
-2.76868
-2.20411
-1.71448
-1.29208
-0.929441
-0.619622
-0.35638
-0.134183
0.0518334
0.205959
0.332001
0.433367
0.513142
0.574131
0.618895
0.649771
0.668873
0.678103
0.679153
0.673505
0.662449
0.647092
0.628371
0.607073
0.583855
0.559246
0.533685
0.507506
0.480962
0.454232
0.427434
0.400646
0.373909
0.347269
0.320793
0.294557
0.268699
0.243243
0.218351
0.193664
0.169581
0.144535
0.120789
0.0924339
0.0710127
0.031616
0.0278394
-10.2494
-10.4851
-10.758
-11.0692
-11.4182
-11.8025
-12.2143
-12.6397
-13.0588
-13.4469
-13.7754
-14.0156
-14.141
-14.1308
-13.9728
-13.665
-13.2165
-12.6471
-11.9858
-11.2686
-10.5352
-9.82658
-9.18204
-8.63709
-8.22197
-7.96061
-7.87005
-7.95973
-8.2307
-8.67482
-9.2737
-9.99799
-10.8075
-11.6531
-12.4792
-13.2281
-13.8445
-14.2799
-14.4976
-14.4756
-14.2097
-13.7129
-13.0139
-12.1528
-11.1761
-10.1312
-9.0616
-8.0042
-6.98737
-6.03112
-5.14792
-4.34402
-3.62088
-2.97656
-2.40693
-1.90657
-1.46957
-1.08998
-0.762128
-0.480763
-0.241091
-0.0387627
0.130186
0.26939
0.382211
0.471772
0.540985
0.592556
0.628987
0.652569
0.665373
0.669253
0.665834
0.656529
0.64255
0.624917
0.604484
0.581957
0.5579
0.532779
0.506948
0.480669
0.454136
0.427473
0.400759
0.374047
0.347387
0.320854
0.294539
0.268594
0.243073
0.218149
0.193504
0.169486
0.144615
0.120893
0.0928141
0.070987
0.0322935
0.0268162
-10.2774
-10.5007
-10.7545
-11.0385
-11.3513
-11.6896
-12.0461
-12.4086
-12.7607
-13.082
-13.3497
-13.5406
-13.6337
-13.6125
-13.4672
-13.1963
-12.8073
-12.3164
-11.7476
-11.1306
-10.4988
-9.88706
-9.32909
-8.85582
-8.49388
-8.26455
-8.18301
-8.25765
-8.48933
-8.87068
-9.3854
-10.0078
-10.7032
-11.4292
-12.1382
-12.781
-13.3098
-13.6831
-13.8685
-13.8465
-13.6119
-13.1742
-12.5561
-11.79
-10.9146
-9.96976
-8.99317
-8.0173
-7.06805
-6.16448
-5.31929
-4.53984
-3.82926
-3.18757
-2.61266
-2.10115
-1.64894
-1.2517
-0.905105
-0.604956
-0.347253
-0.128189
0.0558666
0.208389
0.332709
0.432016
0.509352
0.56759
0.609421
0.637323
0.653551
0.660123
0.658813
0.65116
0.638476
0.621866
0.602243
0.580362
0.556818
0.5321
0.506585
0.480541
0.454171
0.427612
0.400945
0.37423
0.347525
0.320913
0.294498
0.26845
0.242853
0.217891
0.193293
0.169356
0.144688
0.121009
0.0932431
0.0709823
0.0330607
0.0257174
-10.2905
-10.5003
-10.7346
-10.9924
-11.2717
-11.5688
-11.8769
-12.1857
-12.4812
-12.7469
-12.9645
-13.1154
-13.1829
-13.154
-13.021
-12.7828
-12.4457
-12.0229
-11.5342
-11.0043
-10.4612
-9.93438
-9.45266
-9.04279
-8.72801
-8.52706
-8.45336
-8.51432
-8.71064
-9.03579
-9.47543
-10.0073
-10.6014
-11.2215
-11.827
-12.3757
-12.8269
-13.1447
-13.3012
-13.2786
-13.0714
-12.6861
-12.1403
-11.4603
-10.6777
-9.82583
-8.93674
-8.03869
-7.15485
-6.30291
-5.4954
-4.74036
-4.04228
-3.40298
-2.82231
-2.2989
-1.83057
-1.4147
-1.04839
-0.728602
-0.452164
-0.215844
-0.0163471
0.149654
0.285488
0.394442
0.479719
0.544391
0.59136
0.623316
0.64271
0.651738
0.652324
0.646136
0.63459
0.618871
0.599954
0.57864
0.555559
0.531208
0.506001
0.480206
0.454019
0.427588
0.401001
0.374317
0.347594
0.320922
0.294416
0.268262
0.242579
0.217572
0.193025
0.169182
0.14475
0.121133
0.0937221
0.070989
0.0339125
0.0244904
-10.2924
-10.4881
-10.7032
-10.9362
-11.1846
-11.4449
-11.7108
-11.9733
-12.221
-12.4404
-12.6167
-12.7351
-12.7824
-12.7484
-12.627
-12.4177
-12.1255
-11.7615
-11.3421
-10.8876
-10.4216
-9.96885
-9.55386
-9.19964
-8.92633
-8.75028
-8.68326
-8.73175
-8.89636
-9.17135
-9.54424
-9.9958
-10.5004
-11.027
-11.5411
-12.0068
-12.3894
-12.6581
-12.7886
-12.7653
-12.5823
-12.2438
-11.7634
-11.1618
-10.4647
-9.69963
-8.89333
-8.06994
-7.24969
-6.44854
-5.6784
-4.94764
-4.26183
-3.62439
-3.03712
-2.50069
-2.01496
-1.57914
-1.19188
-0.851382
-0.555372
-0.301206
-0.0859129
0.0937196
0.241056
0.359526
0.452533
0.523386
0.575225
0.610971
0.633286
0.644551
0.64685
0.641975
0.631443
0.616519
0.59823
0.577412
0.554738
0.530708
0.505742
0.480138
0.454088
0.427741
0.40119
0.374496
0.347719
0.320953
0.294326
0.268042
0.242255
0.217192
0.1927
0.168967
0.144807
0.121278
0.0942685
0.0710295
0.0348856
0.0231645
-10.2821
-10.4636
-10.6601
-10.8698
-11.0902
-11.3178
-11.5469
-11.77
-11.9775
-12.1583
-12.3007
-12.3929
-12.4246
-12.3875
-12.2772
-12.0933
-11.8403
-11.5272
-11.1675
-10.7782
-10.3789
-9.99045
-9.63355
-9.32787
-9.09075
-8.93633
-8.87485
-8.91194
-9.04816
-9.27851
-9.59225
-9.97287
-10.3985
-10.8428
-11.2766
-11.6693
-11.9915
-12.2169
-12.3247
-12.3009
-12.1396
-11.8433
-11.4222
-10.8926
-10.2749
-9.59139
-8.86398
-8.11273
-7.35471
-6.60381
-5.87087
-5.16422
-4.49026
-3.85384
-3.25871
-2.70768
-2.20278
-1.74521
-1.33536
-0.972755
-0.656099
-0.38335
-0.151846
0.0415539
0.200307
0.328042
0.428424
0.505041
0.561312
0.600418
0.625255
0.638396
0.642088
0.638253
0.628509
0.614195
0.596395
0.575968
0.553631
0.529916
0.505186
0.479777
0.453897
0.42768
0.401214
0.374557
0.347767
0.320934
0.294198
0.267777
0.241871
0.216737
0.1923
0.168696
0.144855
0.121446
0.0948939
0.0711017
0.0359828
0.0216748
-10.2651
-10.4325
-10.6111
-10.7991
-10.994
-11.1924
-11.3895
-11.5787
-11.7521
-11.9009
-12.0154
-12.0864
-12.1057
-12.0671
-11.967
-11.8055
-11.5862
-11.3168
-11.0084
-10.6751
-10.3332
-10.0001
-9.69338
-9.42967
-9.22379
-9.08791
-9.03084
-9.05746
-9.16827
-9.35899
-9.62043
-9.93852
-10.2947
-10.6668
-11.0301
-11.3588
-11.6281
-11.8156
-11.9036
-11.8797
-11.7383
-11.4805
-11.1138
-10.6508
-10.1075
-9.5013
-8.8498
-8.16891
-7.47238
-6.77159
-6.07591
-5.39324
-4.73048
-4.09389
-3.48912
-2.92133
-2.39491
-1.91332
-1.47883
-1.09244
-0.753884
-0.461713
-0.213535
-0.0062183
0.163861
0.300603
0.407994
0.48996
0.550238
0.5923
0.619288
0.633985
0.638804
0.635794
0.626666
0.612823
0.59541
0.57528
0.553179
0.529669
0.505114
0.479835
0.454049
0.427891
0.401446
0.374769
0.347914
0.320971
0.294087
0.267497
0.241443
0.216217
0.191833
0.168377
0.144901
0.121647
0.0956114
0.0712267
0.0372453
0.0200578
-10.2382
-10.3919
-10.5536
-10.7217
-10.8936
-11.0664
-11.2357
-11.3961
-11.5409
-11.663
-11.7548
-11.8088
-11.8188
-11.7798
-11.6893
-11.5474
-11.3574
-11.1256
-10.8612
-10.5758
-10.2832
-9.99764
-9.73403
-9.50637
-9.32726
-9.20707
-9.15336
-9.17034
-9.25844
-9.41404
-9.62936
-9.8925
-10.1878
-10.4967
-10.7983
-11.0711
-11.2943
-11.449
-11.5199
-11.4966
-11.3737
-11.1514
-10.8352
-10.4345
-9.96144
-9.42952
-8.85192
-8.24053
-7.6055
-6.95531
-6.29732
-5.63855
-4.98618
-4.34774
-3.73093
-3.14342
-2.59233
-2.08364
-1.6218
-1.20944
-0.847381
-0.534791
-0.269467
-0.0481899
0.13294
0.278198
0.391983
0.478622
0.542228
0.586599
0.615149
0.630883
0.636381
0.63382
0.625002
0.611393
0.594191
0.574251
0.552322
0.528973
0.5046
0.479491
0.453856
0.427825
0.401474
0.374847
0.347986
0.32097
0.293951
0.267177
0.240948
0.215601
0.191266
0.167985
0.144944
0.121901
0.0964572
0.0714219
0.0386926
0.0182353
-10.209
-10.3494
-10.4953
-10.6449
-10.7961
-10.9461
-11.0912
-11.2267
-11.3472
-11.447
-11.5199
-11.5602
-11.5628
-11.5241
-11.4421
-11.3173
-11.1523
-10.9524
-10.7253
-10.4808
-10.2299
-9.98479
-9.75781
-9.56074
-9.40422
-9.29703
-9.24562
-9.25357
-9.3213
-9.44577
-9.62044
-9.83534
-10.0774
-10.331
-10.5788
-10.803
-10.986
-11.1122
-11.1688
-11.1468
-11.0414
-10.8523
-10.5833
-10.2415
-9.83585
-9.37612
-8.87152
-8.32987
-7.7574
-7.1591
-6.53976
-5.90498
-5.26196
-4.61945
-3.98739
-3.37635
-2.79657
-2.257
-1.76451
-1.32355
-0.936104
-0.601895
-0.318833
-0.0834819
0.108455
0.261748
0.381312
0.471962
0.538242
0.584316
0.613893
0.630209
0.636015
0.633608
0.624866
0.611287
0.594096
0.574232
0.552378
0.529087
0.504777
0.479728
0.454143
0.428143
0.401799
0.375144
0.34821
0.321068
0.293866
0.266865
0.240417
0.214914
0.190616
0.167528
0.144983
0.1222
0.0974258
0.0716978
0.0403662
0.0162657
-10.1712
-10.2991
-10.4302
-10.5631
-10.6959
-10.8259
-10.9501
-11.0644
-11.1647
-11.246
-11.3036
-11.3329
-11.33
-11.2922
-11.2181
-11.1081
-10.9646
-10.7921
-10.5968
-10.3868
-10.1714
-9.96063
-9.76467
-9.59344
-9.45584
-9.35929
-9.30925
-9.30877
-9.35825
-9.45518
-9.59411
-9.76676
-9.96227
-10.1677
-10.3688
-10.5507
-10.699
-10.8008
-10.8455
-10.8255
-10.7369
-10.5792
-10.355
-10.0696
-9.72939
-9.34097
-8.9098
-8.43953
-7.932
-7.38802
-6.809
-6.19853
-5.56351
-4.91394
-4.26226
-3.62247
-3.00858
-2.43305
-1.90563
-1.43281
-1.01778
-0.660718
-0.35949
-0.110253
0.0918841
0.252345
0.376686
0.470307
0.538254
0.5851
0.614879
0.631064
0.636581
0.633837
0.624783
0.610996
0.59365
0.573689
0.551827
0.528584
0.504366
0.479439
0.453988
0.42812
0.401886
0.3753
0.348373
0.32115
0.293775
0.266515
0.239791
0.214074
0.189804
0.166965
0.145035
0.122611
0.0986066
0.0721129
0.0423126
0.0140726
-10.1362
-10.252
-10.3693
-10.4868
-10.6028
-10.715
-10.8207
-10.9168
-10.9995
-11.0652
-11.1099
-11.1301
-11.1228
-11.0859
-11.0185
-10.921
-10.7956
-10.646
-10.4773
-10.2962
-10.1104
-9.92818
-9.75801
-9.60811
-9.48594
-9.39771
-9.348
-9.33943
-9.37236
-9.44476
-9.55216
-9.68772
-9.84251
-10.0059
-10.1663
-10.3114
-10.4297
-10.5105
-10.5454
-10.5283
-10.4559
-10.3281
-10.1468
-9.9161
-9.64047
-9.32379
-8.96802
-8.57248
-8.13398
-7.64818
-7.11209
-6.52654
-5.89783
-5.23737
-4.56054
-3.88548
-3.23081
-2.61313
-2.04553
-1.53685
-1.09149
-0.71002
-0.390004
-0.126971
0.0847835
0.251532
0.379632
0.475181
0.543804
0.590533
0.619747
0.635168
0.639889
0.636418
0.626725
0.612435
0.594709
0.574489
0.552458
0.529115
0.504845
0.4799
0.45445
0.428587
0.402351
0.375737
0.348736
0.321368
0.29376
0.266181
0.239114
0.21312
0.188846
0.166279
0.145057
0.123073
0.0999424
0.0726485
0.0445704
0.0117998
-10.0923
-10.1969
-10.3016
-10.4053
-10.5064
-10.6032
-10.6931
-10.7736
-10.8418
-10.8945
-10.9287
-10.9417
-10.9312
-10.8956
-10.8342
-10.7476
-10.6377
-10.5074
-10.3611
-10.2044
-10.0434
-9.88506
-9.73635
-9.60409
-9.49446
-9.41265
-9.36251
-9.34626
-9.36426
-9.41489
-9.49452
-9.59759
-9.71685
-9.84368
-9.96863
-10.0819
-10.1742
-10.2371
-10.264
-10.2503
-10.1937
-10.0945
-9.95476
-9.77781
-9.56693
-9.32387
-9.0473
-8.73192
-8.36868
-7.94678
-7.45743
-6.89774
-6.27314
-5.59656
-4.88707
-4.16793
-3.4636
-2.79587
-2.18177
-1.63263
-1.15409
-0.746801
-0.407782
-0.131581
0.0886216
0.260196
0.390481
0.486407
0.554263
0.599591
0.627137
0.640872
0.644043
0.639242
0.628544
0.613458
0.595135
0.574521
0.552264
0.528828
0.504563
0.479696
0.454371
0.428653
0.402554
0.376038
0.349058
0.321593
0.293739
0.265762
0.238233
0.211858
0.187571
0.165396
0.145106
0.123746
0.101629
0.0734342
0.0472351
0.00941344
-10.0571
-10.1508
-10.2435
-10.3343
-10.4219
-10.5045
-10.5803
-10.647
-10.7023
-10.7437
-10.7689
-10.7756
-10.7621
-10.7273
-10.6708
-10.593
-10.4956
-10.3811
-10.2531
-10.1161
-9.97526
-9.83622
-9.70473
-9.58641
-9.48638
-9.40896
-9.35735
-9.33344
-9.3376
-9.36857
-9.42346
-9.4978
-9.58577
-9.6805
-9.77444
-9.85989
-9.9295
-9.97689
-9.9971
-9.98703
-9.94565
-9.87397
-9.77464
-9.65108
-9.50608
-9.33991
-9.1483
-8.92103
-8.6421
-8.29244
-7.85562
-7.32372
-6.701
-6.00217
-5.25079
-4.47674
-3.71167
-2.98361
-2.31463
-1.71902
-1.2035
-0.768544
-0.410119
-0.121357
0.106064
0.280913
0.411735
0.506438
0.572068
0.61472
0.639527
0.65071
0.651659
0.644994
0.632788
0.616531
0.597373
0.576154
0.553476
0.529764
0.505325
0.480362
0.454992
0.429263
0.403164
0.376633
0.349587
0.321954
0.293789
0.265335
0.237244
0.21038
0.186019
0.16426
0.145034
0.124429
0.103479
0.0743838
0.050385
0.00723396
-10.0109
-10.0947
-10.1766
-10.256
-10.3316
-10.4022
-10.4659
-10.521
-10.5656
-10.5978
-10.6156
-10.6174
-10.6018
-10.568
-10.5158
-10.4456
-10.3589
-10.2576
-10.1449
-10.0244
-9.90021
-9.77703
-9.65957
-9.55244
-9.45984
-9.38536
-9.33167
-9.30038
-9.29187
-9.3052
-9.3381
-9.38707
-9.44752
-9.51405
-9.58078
-9.64176
-9.69147
-9.72526
-9.7398
-9.73347
-9.70658
-9.66132
-9.60141
-9.53117
-9.45386
-9.36922
-9.2707
-9.1431
-8.96206
-8.69769
-8.32287
-7.82253
-7.19901
-6.4691
-5.66256
-4.81866
-3.97731
-3.17544
-2.44124
-1.79218
-1.2358
-0.771753
-0.394273
-0.0944396
0.138079
0.31382
0.442791
0.53404
0.595464
0.633756
0.654442
0.661959
0.659811
0.650698
0.636582
0.618869
0.598673
0.576745
0.55362
0.529672
0.505159
0.48024
0.454997
0.42944
0.403519
0.377125
0.350118
0.322352
0.293822
0.264749
0.235902
0.208396
0.183976
0.162858
0.145069
0.125508
0.105891
0.075716
0.0542275
0.00512435
-9.98045
-10.0544
-10.1258
-10.1942
-10.2585
-10.3176
-10.3701
-10.4145
-10.4492
-10.4728
-10.4838
-10.4808
-10.4628
-10.4292
-10.38
-10.3155
-10.2369
-10.1459
-10.0451
-9.9373
-9.82603
-9.71501
-9.6081
-9.50907
-9.42138
-9.34797
-9.29109
-9.25212
-9.23144
-9.22839
-9.24126
-9.26736
-9.30315
-9.3445
-9.38695
-9.42609
-9.45796
-9.47947
-9.48879
-9.48574
-9.47206
-9.45145
-9.42932
-9.41193
-9.40444
-9.40787
-9.41495
-9.40568
-9.3454
-9.18882
-8.89295
-8.43184
-7.80556
-7.03336
-6.15217
-5.21369
-4.27257
-3.37688
-2.56221
-1.84952
-1.24658
-0.751185
-0.354791
-0.0455115
0.189691
0.363619
0.488055
0.573375
0.628414
0.660498
0.675546
0.67821
0.672058
0.659722
0.643087
0.623532
0.601989
0.579099
0.555305
0.530908
0.506108
0.481025
0.455707
0.43014
0.404247
0.377883
0.35085
0.322924
0.294016
0.264302
0.234664
0.20647
0.181942
0.161409
0.145039
0.126515
0.108381
0.0771887
0.0589862
0.0033769
-9.93462
-9.99977
-10.062
-10.1208
-10.1755
-10.2249
-10.268
-10.3036
-10.3303
-10.347
-10.3525
-10.3459
-10.3262
-10.2932
-10.2467
-10.1871
-10.1155
-10.0332
-9.94216
-9.84489
-9.74412
-9.64287
-9.54427
-9.45139
-9.36704
-9.29366
-9.23311
-9.18659
-9.15451
-9.13645
-9.13118
-9.13672
-9.15044
-9.16929
-9.19004
-9.20959
-9.22533
-9.2355
-9.23959
-9.23876
-9.23618
-9.23731
-9.25008
-9.28423
-9.34953
-9.4516
-9.58535
-9.72676
-9.82706
-9.81725
-9.62854
-9.21801
-8.58208
-7.74459
-6.7559
-5.68694
-4.61097
-3.59188
-2.67519
-1.88547
-1.22939
-0.701028
-0.28725
0.0282122
0.262095
0.430086
0.546119
0.622107
0.667915
0.691507
0.699151
0.69561
0.684485
0.668335
0.648822
0.627154
0.60411
0.5802
0.555759
0.531006
0.506074
0.481027
0.455866
0.430529
0.404886
0.378731
0.351786
0.323725
0.294385
0.263933
0.233443
0.204624
0.180244
0.160654
0.145995
0.128514
0.111724
0.0790193
0.0647632
0.000992547
-9.91329
-9.96912
-10.0218
-10.0708
-10.1156
-10.1553
-10.1889
-10.2156
-10.2342
-10.2439
-10.2437
-10.2329
-10.2108
-10.1772
-10.132
-10.0755
-10.0086
-9.93236
-9.84839
-9.7586
-9.66522
-9.57068
-9.47747
-9.38809
-9.30484
-9.22973
-9.16434
-9.10972
-9.06632
-9.03396
-9.01181
-8.99846
-8.99203
-8.99034
-8.99114
-8.99236
-8.99242
-8.99059
-8.98742
-8.98527
-8.98882
-9.00598
-9.04873
-9.13321
-9.27791
-9.49805
-9.7949
-10.1407
-10.4653
-10.6619
-10.6212
-10.2777
-9.61873
-8.67963
-7.53617
-6.2818
-5.01719
-3.82962
-2.77799
-1.89059
-1.17095
-0.606598
-0.177118
0.140257
0.367445
0.52396
0.626409
0.688474
0.72115
0.733061
0.730797
0.719183
0.701722
0.680682
0.657599
0.633345
0.608465
0.583273
0.557947
0.532594
0.507277
0.482012
0.456771
0.431461
0.405921
0.379893
0.353032
0.324927
0.295359
0.264505
0.233628
0.204639
0.18052
0.161351
0.147456
0.130158
0.114537
0.0805312
0.0713673
-0.00176836
-9.86984
-9.91781
-9.96255
-10.0037
-10.0406
-10.0724
-10.0986
-10.1183
-10.1306
-10.135
-10.1305
-10.1168
-10.0932
-10.0595
-10.0158
-9.96225
-9.8995
-9.82844
-9.7503
-9.66658
-9.57905
-9.48961
-9.40028
-9.31305
-9.22979
-9.15215
-9.08147
-9.01868
-8.96424
-8.91816
-8.87994
-8.84863
-8.82295
-8.80138
-8.78239
-8.76473
-8.74763
-8.73115
-8.71672
-8.70783
-8.71093
-8.73707
-8.80385
-8.93698
-9.16858
-9.52935
-10.0318
-10.6439
-11.2646
-11.7307
-11.8782
-11.6075
-10.9131
-9.84845
-8.50611
-7.00773
-5.49278
-4.0827
-2.85657
-1.84788
-1.05459
-0.453651
-0.0134981
0.298068
0.509986
0.646657
0.72802
0.769897
0.784473
0.780926
0.766003
0.744296
0.719266
0.692628
0.665501
0.638409
0.611588
0.585112
0.558989
0.533208
0.507748
0.482567
0.457577
0.432626
0.407477
0.381779
0.355096
0.326951
0.297145
0.265978
0.234945
0.206104
0.182604
0.164044
0.150677
0.132767
0.117368
0.0811262
0.0766933
-0.00644318
-9.86032
-9.89906
-9.93484
-9.96674
-9.99443
-10.0175
-10.0352
-10.0469
-10.0521
-10.0502
-10.0407
-10.0229
-9.99657
-9.9615
-9.91761
-9.86511
-9.80442
-9.73621
-9.66139
-9.58114
-9.49678
-9.40982
-9.32182
-9.23436
-9.14896
-9.06696
-8.98952
-8.91744
-8.85115
-8.79068
-8.73572
-8.68559
-8.63935
-8.59591
-8.55427
-8.51376
-8.47431
-8.43702
-8.40467
-8.38222
-8.37798
-8.40601
-8.4897
-8.66463
-8.97756
-9.47771
-10.1942
-11.0946
-12.0429
-12.8101
-13.1699
-12.9981
-12.2901
-11.1142
-9.56796
-7.80153
-5.99782
-4.3215
-2.88243
-1.72628
-0.847094
-0.208919
0.2348
0.529347
0.713503
0.818338
0.867807
0.880108
0.868825
0.843739
0.811585
0.776856
0.741972
0.708407
0.676457
0.646091
0.617068
0.589095
0.561936
0.535432
0.509493
0.484055
0.459026
0.434237
0.409407
0.384117
0.357866
0.330148
0.300796
0.270118
0.239583
0.210896
0.186751
0.166328
0.151073
0.131417
0.116688
0.0796651
0.0788444
-0.00969445
-9.82089
-9.85334
-9.88319
-9.90865
-9.92969
-9.94619
-9.9576
-9.96341
-9.96324
-9.95664
-9.94317
-9.92246
-9.8942
-9.8582
-9.81439
-9.76288
-9.70395
-9.63806
-9.56586
-9.48818
-9.40597
-9.32032
-9.23235
-9.14323
-9.05406
-8.96582
-8.87931
-8.79514
-8.71381
-8.63555
-8.56028
-8.48769
-8.41738
-8.34901
-8.28253
-8.21847
-8.15827
-8.10441
-8.06055
-8.03176
-8.02551
-8.05484
-8.14482
-8.33858
-8.69668
-9.28591
-10.156
-11.2882
-12.5207
-13.5515
-14.088
-14.0033
-13.3235
-12.0982
-10.4193
-8.4482
-6.39878
-4.47713
-2.83003
-1.5245
-0.558072
0.114524
0.554481
0.821547
0.966015
1.02711
1.03413
1.00825
0.964451
0.912918
0.860345
0.810392
0.764512
0.723189
0.68603
0.652266
0.621069
0.591744
0.563795
0.536918
0.510949
0.485785
0.4613
0.437264
0.413297
0.388849
0.363289
0.336011
0.306814
0.275981
0.244971
0.215346
0.190097
0.168354
0.152116
0.130829
0.115785
0.0768399
0.075899
-0.0137498
-9.81835
-9.84289
-9.86367
-9.87887
-9.89004
-9.89702
-9.89916
-9.89629
-9.8882
-9.87458
-9.85508
-9.82942
-9.79736
-9.75869
-9.71332
-9.66124
-9.60254
-9.53744
-9.46627
-9.38946
-9.30756
-9.2212
-9.13107
-9.03793
-8.94256
-8.84578
-8.74841
-8.65126
-8.55501
-8.4602
-8.36733
-8.27682
-8.18903
-8.10446
-8.02394
-7.94888
-7.88145
-7.82467
-7.78245
-7.7592
-7.75976
-7.7924
-7.87626
-8.04975
-8.37958
-8.96389
-9.90065
-11.1941
-12.6533
-13.9075
-14.594
-14.5659
-13.881
-12.6319
-10.8945
-8.81178
-6.60644
-4.51054
-2.70172
-1.27161
-0.228965
0.473469
0.906723
1.1428
1.24308
1.25529
1.21455
1.14563
1.0654
0.98464
0.909658
0.84325
0.786062
0.737289
0.695399
0.658675
0.625595
0.594995
0.566107
0.538514
0.512046
0.486651
0.462263
0.438673
0.415454
0.391921
0.36725
0.340598
0.311548
0.280193
0.248021
0.216697
0.18965
0.166183
0.149549
0.128451
0.115628
0.0766515
0.07687
-0.0143093
-9.77076
-9.80047
-9.81694
-9.82241
-9.82477
-9.82365
-9.81795
-9.80791
-9.79361
-9.77482
-9.7513
-9.72282
-9.68913
-9.65
-9.60522
-9.5546
-9.49804
-9.43546
-9.36689
-9.29244
-9.21233
-9.12687
-9.03653
-8.9419
-8.84369
-8.74277
-8.64011
-8.53678
-8.43391
-8.33266
-8.23414
-8.13939
-8.04933
-7.96496
-7.88749
-7.81851
-7.76009
-7.71482
-7.68532
-7.67281
-7.67606
-7.69723
-7.75714
-7.90787
-8.22654
-8.80172
-9.72164
-11.0117
-12.5053
-13.8156
-14.5515
-14.5636
-13.9128
-12.6812
-10.9487
-8.84985
-6.60494
-4.45044
-2.57529
-1.08567
-0.00210914
0.718041
1.14751
1.3639
1.43496
1.41407
1.34054
1.24186
1.13626
1.03495
0.9441
0.866031
0.800512
0.745925
0.70007
0.66072
0.625983
0.594439
0.565138
0.537524
0.511311
0.486335
0.462413
0.439219
0.416213
0.392623
0.367607
0.340418
0.31093
0.279617
0.248339
0.218622
0.19358
0.171298
0.154937
0.131759
0.117292
0.074853
0.0733445
-0.0128149
-9.75949
-9.79415
-9.80911
-9.80766
-9.80263
-9.7945
-9.78252
-9.76724
-9.74877
-9.72687
-9.70127
-9.67166
-9.63772
-9.59911
-9.55549
-9.50656
-9.45206
-9.3918
-9.32566
-9.25364
-9.17586
-9.09255
-9.00415
-8.91123
-8.81455
-8.71505
-8.61382
-8.51205
-8.41102
-8.312
-8.21613
-8.12427
-8.03699
-7.95478
-7.87847
-7.80944
-7.74974
-7.7027
-7.6734
-7.66742
-7.68747
-7.73505
-7.82129
-7.97848
-8.26396
-8.75804
-9.55821
-10.719
-12.1258
-13.4364
-14.2443
-14.3271
-13.6989
-12.454
-10.7491
-8.68484
-6.46896
-4.3306
-2.45667
-0.960186
0.130193
0.851739
1.27565
1.48041
1.53572
1.49732
1.40654
1.29223
1.1735
1.06113
0.962222
0.878229
0.808509
0.751069
0.703332
0.66276
0.627213
0.595093
0.565346
0.537371
0.510885
0.485752
0.461825
0.438807
0.416171
0.393145
0.368866
0.342516
0.313813
0.282918
0.251388
0.220459
0.19351
0.168867
0.151075
0.127169
0.114298
0.0725649
0.0715213
-0.0086807
-9.83932
-9.83393
-9.83074
-9.82484
-9.81592
-9.80465
-9.79064
-9.77376
-9.75386
-9.73065
-9.70385
-9.67315
-9.6382
-9.59868
-9.55426
-9.50463
-9.44956
-9.38883
-9.32236
-9.25013
-9.17228
-9.08905
-9.00089
-8.90836
-8.81224
-8.71345
-8.61306
-8.51228
-8.41234
-8.31453
-8.22001
-8.12984
-8.04488
-7.96598
-7.89416
-7.83082
-7.77789
-7.7382
-7.7155
-7.71399
-7.73744
-7.79309
-7.89875
-8.09478
-8.43179
-8.96276
-9.73576
-10.7533
-11.908
-12.9547
-13.6063
-13.6879
-13.1585
-12.0695
-10.427
-8.42818
-6.28508
-4.22457
-2.42013
-0.971355
0.0956343
0.811756
1.24028
1.45439
1.51987
1.49034
1.40616
1.29611
1.17918
1.06811
0.968433
0.883123
0.811824
0.752828
0.703749
0.662161
0.625969
0.593562
0.563819
0.536043
0.509832
0.48493
0.461089
0.437941
0.414942
0.391358
0.366427
0.339478
0.310445
0.279678
0.248901
0.219159
0.193625
0.169801
0.152433
0.127496
0.114065
0.0707611
0.068602
-0.00761843
-18.315
-18.2649
-18.088
-18.1434
-18.4943
-18.9085
-19.1622
-19.1178
-18.7692
-18.1674
-17.3598
-16.4287
-15.4585
-14.5074
-13.5984
-12.721
-11.8644
-10.9833
-9.99497
-9.03196
-8.34283
-7.96737
-7.89684
-8.05396
-8.33144
-8.67752
-9.06947
-9.40443
-9.66651
-9.94119
-10.4029
-11.2415
-12.6212
-14.7374
-17.6256
-21.0382
-24.4978
-27.3936
-29.1847
-29.5333
-28.077
-24.6594
-19.717
-13.9456
-8.08751
-2.79461
1.48799
4.58377
6.55667
7.60921
7.9762
7.88846
7.53215
7.04462
6.51441
5.9936
5.51382
5.03026
4.51693
4.00151
3.49652
3.01778
2.58061
2.19606
1.87002
1.60352
1.39355
1.23366
1.11491
1.02704
0.959824
0.90414
0.852673
0.800419
0.744978
0.686571
0.627563
0.571394
0.521185
0.47859
0.443523
0.414572
0.389879
0.367799
0.347109
0.326925
0.306578
0.285603
0.264042
0.24217
0.220463
0.198936
0.177838
0.156142
0.134891
0.110876
0.0899843
0.060067
0.0453546
0.00110002
-18.4765
-18.5361
-18.8126
-19.4069
-20.1123
-20.6877
-20.9812
-20.8844
-20.3775
-19.5126
-18.4049
-17.1831
-15.9722
-14.8529
-13.845
-12.904
-11.977
-10.8806
-9.84645
-9.00008
-8.42462
-8.18204
-8.23857
-8.50565
-8.87342
-9.27072
-9.64536
-9.94607
-10.0434
-10.0434
-10.3321
-11.1768
-12.833
-15.6075
-19.5413
-24.2402
-28.9618
-32.8195
-34.9676
-34.8159
-32.3927
-28.1628
-22.6086
-16.3163
-9.98887
-4.28775
0.327008
3.68132
5.85073
7.05525
7.53728
7.53858
7.24997
6.80849
6.30283
5.78242
5.25554
4.75336
4.29795
3.85261
3.39997
2.95791
2.54622
2.17906
1.86391
1.60348
1.39691
1.23966
1.12364
1.03862
0.974017
0.920462
0.870604
0.819398
0.764239
0.704941
0.643414
0.582878
0.526738
0.477561
0.436528
0.403601
0.37789
0.357933
0.341757
0.326959
0.311252
0.293101
0.27217
0.249205
0.225536
0.202096
0.179548
0.157242
0.13561
0.112136
0.0907167
0.0621023
0.046644
-4.84398e-05
-18.7709
-19.0724
-20.086
-21.0508
-21.8853
-22.5133
-22.9232
-23.0088
-22.6195
-21.7858
-20.5604
-19.0248
-17.3361
-15.6363
-14.0036
-12.4653
-10.9792
-9.78146
-8.86018
-8.25067
-7.9933
-8.08356
-8.46551
-8.9948
-9.52944
-9.96824
-10.2592
-10.4317
-10.4898
-10.7036
-11.5875
-13.616
-17.0351
-21.6539
-26.9455
-32.2276
-36.8211
-40.1324
-41.6704
-41.0922
-38.3502
-33.6736
-27.5217
-20.5246
-13.44
-7.0162
-1.80192
2.00616
4.50287
5.93529
6.59278
6.73793
6.57317
6.24034
5.82954
5.39322
4.95654
4.52741
4.09265
3.66036
3.25387
2.87659
2.5291
2.21516
1.93709
1.69675
1.49471
1.32947
1.19722
1.09235
1.00829
0.938304
0.876302
0.817444
0.758705
0.699192
0.640057
0.583806
0.533079
0.489473
0.453007
0.422431
0.396033
0.372331
0.350278
0.329125
0.30824
0.287231
0.266045
0.244833
0.223818
0.202922
0.182033
0.160536
0.138572
0.115027
0.0918543
0.0648652
0.0449598
0.00408917
-18.9408
-19.5378
-20.6057
-21.4812
-22.2739
-22.93
-23.4866
-23.729
-23.6001
-23.0897
-22.177
-20.8864
-19.3335
-17.6648
-16.0075
-14.4608
-13.0577
-11.7658
-10.5754
-9.56061
-8.8776
-8.67659
-8.91301
-9.39228
-9.8777
-10.2038
-10.3669
-10.4116
-10.557
-11.2944
-13.2446
-16.7713
-21.6999
-27.4575
-33.4129
-39.0389
-43.8565
-47.3429
-48.9347
-48.2046
-45.0891
-39.888
-33.1075
-25.3619
-17.4311
-10.171
-4.24261
0.106957
2.98236
4.68611
5.55494
5.87554
5.86045
5.65347
5.3451
4.98821
4.60972
4.22748
3.85167
3.48551
3.12927
2.78679
2.46332
2.16957
1.90911
1.68378
1.49339
1.33581
1.20726
1.1028
1.01694
0.944337
0.880292
0.821119
0.764327
0.708696
0.654166
0.601549
0.552077
0.506916
0.466821
0.432042
0.402381
0.377213
0.35542
0.335451
0.315706
0.295076
0.273275
0.2507
0.227984
0.205518
0.183348
0.161193
0.138611
0.11549
0.0908896
0.0667041
0.0376382
0.016596
-18.4606
-19.2438
-20.1026
-20.96
-21.7871
-22.5846
-23.3613
-23.9803
-24.3355
-24.383
-24.1066
-23.5344
-22.7584
-21.8814
-20.9497
-19.932
-18.7371
-17.2372
-15.3209
-13.1913
-11.1669
-9.64606
-8.84963
-8.63398
-8.70947
-8.76402
-8.78106
-8.88115
-9.4445
-11.0922
-14.3873
-19.3481
-25.4263
-31.936
-38.3928
-44.4575
-49.7023
-53.5338
-55.2747
-54.4481
-51.041
-45.4367
-38.1913
-29.8817
-21.2506
-13.241
-6.64548
-1.79528
1.42975
3.38915
4.46274
4.95828
5.09537
5.01949
4.82201
4.55789
4.25874
3.94251
3.61731
3.29026
2.97036
2.66426
2.38087
2.12001
1.8855
1.67902
1.5007
1.34933
1.22239
1.11639
1.02729
0.950929
0.883502
0.821855
0.763772
0.708102
0.654709
0.604186
0.557408
0.515079
0.477456
0.444317
0.415087
0.388968
0.36502
0.342248
0.319802
0.297218
0.274482
0.251829
0.22943
0.207278
0.185074
0.162713
0.13942
0.116212
0.0900004
0.0678358
0.0317271
0.026379
-17.2963
-17.9598
-18.7088
-19.6056
-20.554
-21.5201
-22.5391
-23.5704
-24.5669
-25.4975
-26.3412
-27.0891
-27.7363
-28.2277
-28.4048
-28.0299
-26.8597
-24.7577
-21.818
-18.2161
-14.3657
-10.9089
-8.38574
-6.88203
-6.14348
-5.79742
-5.70718
-6.02511
-7.24299
-10.0082
-14.654
-20.8329
-27.7694
-34.8257
-41.708
-48.2011
-53.8602
-58.012
-59.8949
-58.9995
-55.3578
-49.4644
-41.945
-33.328
-24.2758
-15.7461
-8.6706
-3.45703
0.0312884
2.19538
3.44493
4.09856
4.37667
4.42285
4.32761
4.14687
3.91468
3.65305
3.37641
3.09477
2.81538
2.5439
2.28696
2.04838
1.83189
1.63964
1.47224
1.32887
1.20751
1.10525
1.01861
0.944028
0.878196
0.818375
0.762566
0.709584
0.658988
0.610903
0.565745
0.523964
0.485862
0.451537
0.420884
0.393569
0.368944
0.346041
0.32378
0.301341
0.27842
0.255196
0.231974
0.209014
0.186096
0.163362
0.139612
0.116635
0.0894356
0.0689576
0.0288889
0.0316334
-15.5707
-16.0471
-16.7726
-17.6314
-18.6139
-19.7783
-21.1375
-22.7313
-24.5735
-26.6434
-28.8635
-31.0943
-33.1368
-34.7253
-35.518
-35.1766
-33.5897
-30.8694
-27.1216
-22.3886
-16.9998
-11.7615
-7.51295
-4.64418
-2.94136
-2.1512
-1.96262
-2.60541
-4.5683
-8.40382
-14.181
-21.274
-28.8044
-36.2287
-43.4032
-50.1902
-56.1164
-60.4654
-62.4425
-61.5262
-57.771
-51.7642
-44.1762
-35.4877
-26.2723
-17.5023
-10.1925
-4.79788
-1.16547
1.13156
2.51338
3.2964
3.69502
3.84825
3.84486
3.74148
3.57458
3.36825
3.13835
2.89633
2.65151
2.41154
2.18288
1.96959
1.7747
1.59999
1.44608
1.3125
1.19769
1.0994
1.01486
0.94123
0.875801
0.816284
0.760955
0.70875
0.659231
0.612451
0.568723
0.528374
0.491565
0.45821
0.428001
0.400446
0.374899
0.350614
0.326893
0.303284
0.279665
0.256177
0.232914
0.209969
0.186945
0.164102
0.139967
0.11703
0.0889689
0.0696224
0.0269201
0.0347583
-13.6688
-14.0417
-14.6573
-15.4489
-16.4498
-17.753
-19.478
-21.7275
-24.5398
-27.8295
-31.3599
-34.7782
-37.7129
-39.8208
-40.7519
-40.2016
-38.2087
-34.9878
-30.6686
-25.1845
-18.7069
-12.1206
-6.52841
-2.54215
-0.0877788
1.16408
1.41788
0.490864
-2.07944
-6.71665
-13.2786
-20.9647
-28.8587
-36.4892
-43.7974
-50.673
-56.656
-61.029
-63.0276
-62.1149
-58.3971
-52.473
-45.0104
-36.4272
-27.262
-18.5024
-11.1974
-5.8026
-2.14204
0.218917
1.69063
2.57455
3.07291
3.31741
3.3937
3.35815
3.24851
3.09084
2.90338
2.69941
2.48882
2.27914
2.07642
1.88508
1.70843
1.54861
1.40658
1.28219
1.17433
1.08121
1.00055
0.929921
0.867001
0.809781
0.756715
0.70678
0.659459
0.614628
0.572407
0.532983
0.496497
0.462966
0.43227
0.40412
0.378043
0.3534
0.329509
0.305844
0.282147
0.258449
0.234812
0.211424
0.18793
0.164773
0.140266
0.117369
0.0887462
0.0702008
0.0259274
0.0367192
-11.9808
-12.2339
-12.7055
-13.3578
-14.3197
-15.7485
-17.8511
-20.7757
-24.5338
-28.9009
-33.433
-37.6019
-40.9978
-43.3612
-44.3924
-43.715
-41.3287
-37.5522
-32.7041
-26.7077
-19.5405
-12.055
-5.6125
-0.945449
1.94597
3.53558
3.85377
2.78381
-0.138412
-5.2237
-12.2018
-20.1851
-28.2433
-35.9358
-43.2254
-50.0108
-55.8542
-60.0806
-61.9544
-61.1387
-57.5948
-51.9189
-44.7216
-36.3755
-27.4177
-18.8686
-11.7663
-6.51944
-2.92391
-0.555434
0.969405
1.92771
2.50551
2.82566
2.96997
2.99405
2.93641
2.82424
2.67681
2.50812
2.32876
2.14684
1.96872
1.79906
1.64117
1.49714
1.368
1.25375
1.15363
1.06619
0.989587
0.921828
0.860985
0.805371
0.753669
0.704992
0.658876
0.615197
0.574044
0.535571
0.499869
0.466901
0.43648
0.408273
0.381814
0.356562
0.331984
0.307707
0.283555
0.25957
0.235753
0.212248
0.1886
0.165324
0.140569
0.117665
0.0886012
0.0705443
0.0253296
0.0377376
-10.6671
-10.7988
-11.0938
-11.5715
-12.4529
-13.9733
-16.4144
-19.9376
-24.4848
-29.6636
-34.8538
-39.4418
-43.0986
-45.6691
-46.8188
-46.06
-43.2442
-38.921
-33.6074
-27.2348
-19.6601
-11.7178
-4.88165
0.0362143
3.09307
4.77382
5.22326
4.14382
1.14815
-4.04321
-11.1066
-19.1349
-27.1999
-34.8484
-42.0114
-48.5799
-54.1587
-58.1493
-59.9212
-59.1483
-55.8378
-50.4942
-43.6302
-35.5881
-26.9492
-18.7636
-12.0094
-7.01238
-3.54387
-1.20684
0.343489
1.35474
1.99495
2.37735
2.57947
2.6555
2.64397
2.57263
2.46155
2.32545
2.17534
2.01953
1.86435
1.71453
1.57349
1.44351
1.32582
1.22075
1.12783
1.04596
0.973672
0.909303
0.851222
0.797973
0.748392
0.701671
0.657348
0.615247
0.57538
0.537834
0.502676
0.469902
0.4394
0.410943
0.384174
0.358638
0.333856
0.309453
0.285202
0.261092
0.237077
0.213328
0.189395
0.165904
0.140893
0.117953
0.0885899
0.0708417
0.0251305
0.0382764
-9.71941
-9.72631
-9.84141
-10.1308
-10.9107
-12.4826
-15.184
-19.1615
-24.2695
-29.9708
-35.5318
-40.3241
-44.1012
-46.772
-47.9292
-47.0331
-43.9106
-39.2285
-33.6242
-27.0062
-19.2301
-11.1907
-4.37834
0.456699
3.49029
5.13047
5.65414
4.69606
1.83429
-3.18943
-10.0751
-17.95
-25.8986
-33.4255
-40.3985
-46.6893
-51.9508
-55.6683
-57.3113
-56.5927
-53.5309
-48.5314
-42.0068
-34.2994
-26.0625
-18.3515
-12.0368
-7.34537
-4.03684
-1.75482
-0.198688
0.848506
1.53676
1.96982
2.22073
2.34192
2.37148
2.33724
2.25955
2.15341
2.03009
1.89812
1.76403
1.63271
1.50771
1.3914
1.28514
1.18939
1.10388
1.02779
0.959951
0.898976
0.843509
0.792321
0.744428
0.699139
0.656057
0.615033
0.576083
0.539289
0.504712
0.472337
0.442042
0.413592
0.386649
0.360809
0.335667
0.310919
0.286384
0.26206
0.237885
0.21401
0.189941
0.166342
0.141165
0.118184
0.0886029
0.0710038
0.0250711
0.0383744
-9.06663
-8.96343
-8.9044
-9.00797
-9.6776
-11.2607
-14.1247
-18.3836
-23.8143
-29.7945
-35.524
-40.385
-44.1588
-46.7698
-47.8321
-46.7764
-43.4902
-38.6799
-32.9687
-26.2365
-18.4407
-10.5845
-4.08322
0.472744
3.34859
4.93068
5.43727
4.64818
2.04624
-2.63172
-9.15206
-16.7226
-24.4541
-31.8009
-38.5543
-44.5561
-49.499
-52.947
-54.4602
-53.7922
-50.9571
-46.2668
-40.0569
-32.7038
-24.9361
-17.7714
-11.9378
-7.56935
-4.43157
-2.21641
-0.667536
0.402793
1.1277
1.60193
1.89407
2.05447
2.12038
2.11934
2.07175
1.99282
1.89397
1.78391
1.66924
1.55494
1.4446
1.34071
1.24477
1.15745
1.07871
1.008
0.944385
0.886763
0.834001
0.785059
0.739091
0.695491
0.653899
0.614165
0.576279
0.540299
0.506275
0.474201
0.443993
0.415473
0.388366
0.362333
0.337017
0.312138
0.287503
0.263085
0.238789
0.214771
0.190535
0.166797
0.141459
0.118419
0.0886914
0.0711548
0.0251787
0.0383095
-8.61484
-8.41662
-8.19201
-8.13883
-8.71046
-10.2772
-13.2087
-17.5891
-23.1405
-29.2119
-34.9747
-39.8144
-43.5131
-45.9891
-46.8716
-45.6512
-42.3083
-37.542
-31.8515
-25.1048
-17.4458
-9.98549
-3.96816
0.23103
2.90948
4.41428
4.88847
4.21693
1.91628
-2.3264
-8.36463
-15.5202
-22.9512
-30.0693
-36.5894
-42.3151
-46.965
-50.1687
-51.5619
-50.9329
-48.285
-43.8534
-37.9338
-30.9608
-23.7149
-17.1281
-11.7757
-7.72066
-4.75033
-2.60632
-1.07318
0.0106595
0.76313
1.27069
1.59758
1.79195
1.88993
1.91857
1.89815
1.84388
1.76729
1.67716
1.58022
1.48151
1.38475
1.29251
1.2064
1.12723
1.05514
0.989761
0.930352
0.876046
0.825905
0.779058
0.734794
0.692607
0.652198
0.613452
0.576378
0.541039
0.507493
0.475743
0.445709
0.417224
0.390036
0.363839
0.338319
0.313235
0.288418
0.263853
0.239435
0.215315
0.190973
0.167146
0.141698
0.118604
0.0887747
0.0712246
0.0253108
0.0380573
-8.32555
-8.03472
-7.67406
-7.494
-7.97787
-9.51149
-12.4371
-16.8085
-22.329
-28.335
-34.0217
-38.7799
-42.368
-44.6606
-45.3242
-43.9552
-40.6551
-36.0398
-30.429
-23.7473
-16.3758
-9.46337
-3.99879
-0.160865
2.33307
3.75509
4.19922
3.59014
1.56044
-2.22942
-7.72819
-14.3925
-21.454
-28.3
-34.5769
-40.0458
-44.4367
-47.4274
-48.713
-48.1082
-45.6051
-41.3877
-35.7507
-29.193
-22.5038
-16.4914
-11.5913
-7.8247
-5.0106
-2.9372
-1.42475
-0.334354
0.438613
0.973159
1.3294
1.55318
1.67939
1.73446
1.73839
1.70635
1.64993
1.57796
1.49722
1.41281
1.3285
1.24693
1.16981
1.09808
1.03204
0.971536
0.916035
0.864837
0.817197
0.772394
0.729838
0.689103
0.649941
0.612255
0.576054
0.541399
0.508345
0.476902
0.447012
0.41854
0.391275
0.364954
0.339303
0.314106
0.289197
0.264552
0.240052
0.215842
0.191401
0.167485
0.141943
0.118791
0.0888996
0.0712997
0.0255149
0.0377797
-8.19052
-7.76495
-7.26983
-6.99913
-7.45603
-8.97816
-11.8539
-16.1158
-21.4697
-27.2814
-32.7923
-37.4059
-40.8424
-42.9239
-43.3691
-41.9259
-38.7748
-34.3473
-28.8154
-22.2674
-15.3263
-9.05503
-4.14128
-0.631096
1.70328
3.05029
3.46551
2.89379
1.07701
-2.29556
-7.25211
-13.3848
-20.0224
-26.5538
-32.5724
-37.7973
-41.9581
-44.7646
-45.9551
-45.3615
-42.968
-38.9381
-33.5955
-27.4902
-21.3701
-15.9015
-11.4094
-7.89922
-5.22629
-3.21982
-1.73028
-0.638051
0.150057
0.706455
1.08744
1.33662
1.4876
1.56611
1.59184
1.57984
1.54167
1.48619
1.4202
1.34885
1.27595
1.20422
1.13546
1.07073
1.01046
0.954625
0.902891
0.854715
0.809481
0.766614
0.725631
0.68619
0.648096
0.611288
0.575797
0.541697
0.509052
0.477886
0.448152
0.419731
0.392431
0.366016
0.340239
0.314911
0.289882
0.265135
0.240547
0.216259
0.191741
0.167759
0.142147
0.11894
0.0890099
0.0713252
0.0257046
0.0374241
)
;

boundaryField
{
    outlet
    {
        type            fixedValue;
        value           uniform 0;
    }
    inlet
    {
        type            zeroGradient;
    }
    lowerWall
    {
        type            zeroGradient;
    }
    upperWall
    {
        type            zeroGradient;
    }
    frontAndBack
    {
        type            empty;
    }
}


// ************************************************************************* //
