/*--------------------------------*- C++ -*----------------------------------*\
  =========                 |
  \\      /  F ield         | OpenFOAM: The Open Source CFD Toolbox
   \\    /   O peration     | Website:  https://openfoam.org
    \\  /    A nd           | Version:  10
     \\/     M anipulation  |
\*---------------------------------------------------------------------------*/
FoamFile
{
    format      ascii;
    class       volScalarField;
    location    "700";
    object      k;
}
// * * * * * * * * * * * * * * * * * * * * * * * * * * * * * * * * * * * * * //

dimensions      [0 2 -2 0 0 0 0];

internalField   nonuniform List<scalar> 
6820
(
0.19714
0.192517
0.18828
0.184033
0.179769
0.175611
0.171677
0.168042
0.164747
0.161799
0.159193
0.156911
0.154929
0.153222
0.151765
0.150534
0.149505
0.148658
0.147973
0.147434
0.147023
0.146727
0.146534
0.146432
0.14641
0.146463
0.146569
0.146781
0.146918
0.147199
0.151814
0.130164
0.0256996
0.20725
0.212378
0.210059
0.205419
0.200996
0.197553
0.195146
0.19362
0.192789
0.192488
0.192588
0.192993
0.193629
0.194442
0.19539
0.196443
0.197575
0.198769
0.200009
0.201285
0.202588
0.203913
0.205256
0.206618
0.208003
0.209419
0.210888
0.21245
0.214129
0.216137
0.219428
0.223335
0.14785
0.200993
0.203847
0.20455
0.203318
0.201177
0.198803
0.196518
0.194452
0.19265
0.191116
0.189837
0.188796
0.187968
0.187333
0.18687
0.186558
0.186379
0.186319
0.186362
0.186497
0.186712
0.186999
0.187351
0.187761
0.188227
0.188749
0.189328
0.18998
0.19072
0.191603
0.19268
0.195251
0.177301
0.199593
0.199508
0.199518
0.199121
0.198259
0.197061
0.195675
0.194212
0.192747
0.191324
0.189972
0.188707
0.187536
0.186463
0.185487
0.184606
0.183815
0.18311
0.182486
0.181938
0.181461
0.18105
0.180702
0.180413
0.180181
0.180005
0.179886
0.179831
0.179851
0.179968
0.180203
0.181023
0.179557
0.199411
0.198475
0.197748
0.197076
0.196333
0.195471
0.194494
0.193431
0.192314
0.191173
0.190029
0.188901
0.187802
0.186738
0.185718
0.184744
0.183818
0.182942
0.182116
0.181339
0.18061
0.179927
0.17929
0.178697
0.178148
0.177643
0.177182
0.176768
0.176407
0.176112
0.175898
0.175873
0.175827
0.199395
0.198255
0.197227
0.19629
0.195403
0.194525
0.193631
0.19271
0.191765
0.1908
0.189824
0.188847
0.187875
0.186915
0.185973
0.185053
0.184157
0.183288
0.182449
0.181639
0.180859
0.180111
0.179393
0.178706
0.17805
0.177425
0.176833
0.176274
0.175752
0.175272
0.174844
0.174491
0.174223
0.199395
0.198216
0.197096
0.196039
0.195039
0.194082
0.193155
0.192244
0.191343
0.190446
0.189552
0.188664
0.187782
0.186908
0.186046
0.185197
0.184364
0.183548
0.18275
0.181972
0.181214
0.180477
0.179762
0.179069
0.178398
0.177749
0.177124
0.176524
0.17595
0.175405
0.174894
0.174422
0.174003
0.199395
0.19821
0.197068
0.19597
0.194919
0.193911
0.192941
0.192004
0.191094
0.190206
0.189336
0.188482
0.187642
0.186816
0.186005
0.185207
0.184423
0.183655
0.182902
0.182165
0.181444
0.18074
0.180052
0.179382
0.178729
0.178094
0.177477
0.176879
0.176301
0.175745
0.175214
0.174708
0.174234
0.199395
0.198209
0.197062
0.195954
0.194885
0.193855
0.192861
0.191902
0.190975
0.190076
0.189204
0.188355
0.187527
0.18672
0.18593
0.185159
0.184404
0.183666
0.182944
0.182238
0.181547
0.180872
0.180213
0.179569
0.17894
0.178327
0.17773
0.177149
0.176584
0.176038
0.175511
0.175004
0.174517
0.199395
0.198209
0.197061
0.195951
0.194877
0.193838
0.192835
0.191864
0.190926
0.190018
0.189138
0.188285
0.187456
0.186651
0.185868
0.185106
0.184363
0.18364
0.182934
0.182245
0.181573
0.180917
0.180277
0.179653
0.179044
0.178449
0.17787
0.177307
0.176758
0.176226
0.17571
0.17521
0.174727
0.199395
0.198209
0.197061
0.19595
0.194874
0.193834
0.192827
0.191852
0.190908
0.189995
0.189109
0.188252
0.18742
0.186613
0.185829
0.185068
0.184329
0.18361
0.18291
0.182229
0.181566
0.18092
0.180291
0.179678
0.179081
0.178499
0.177932
0.177381
0.176844
0.176323
0.175817
0.175326
0.174849
0.199395
0.198209
0.19706
0.195949
0.194874
0.193832
0.192824
0.191848
0.190902
0.189986
0.189098
0.188238
0.187404
0.186594
0.185809
0.185047
0.184307
0.183589
0.18289
0.182211
0.181551
0.180909
0.180285
0.179677
0.179086
0.178511
0.177951
0.177407
0.176877
0.176363
0.175863
0.175377
0.174905
0.199395
0.198209
0.19706
0.195949
0.194873
0.193832
0.192823
0.191846
0.1909
0.189983
0.189094
0.188232
0.187397
0.186586
0.1858
0.185037
0.184296
0.183576
0.182878
0.182199
0.18154
0.180899
0.180276
0.17967
0.179081
0.178509
0.177952
0.177411
0.176885
0.176374
0.175877
0.175394
0.174924
0.199395
0.198209
0.19706
0.195948
0.194873
0.193831
0.192822
0.191845
0.190899
0.189981
0.189092
0.18823
0.187393
0.186582
0.185795
0.185031
0.18429
0.18357
0.182871
0.182192
0.181533
0.180892
0.180269
0.179664
0.179076
0.178504
0.177948
0.177408
0.176883
0.176373
0.175877
0.175395
0.174926
0.199395
0.198209
0.19706
0.195948
0.194872
0.193831
0.192822
0.191845
0.190898
0.18998
0.189091
0.188228
0.187392
0.18658
0.185793
0.185029
0.184287
0.183567
0.182867
0.182188
0.181528
0.180887
0.180265
0.179659
0.179071
0.1785
0.177944
0.177404
0.176879
0.176369
0.175874
0.175391
0.174922
0.199395
0.198208
0.19706
0.195948
0.194872
0.19383
0.192821
0.191844
0.190897
0.189979
0.18909
0.188227
0.18739
0.186579
0.185791
0.185027
0.184285
0.183565
0.182865
0.182186
0.181526
0.180885
0.180262
0.179657
0.179068
0.178497
0.177941
0.177401
0.176876
0.176366
0.17587
0.175387
0.174918
0.199395
0.198208
0.19706
0.195948
0.194872
0.19383
0.192821
0.191843
0.190896
0.189979
0.189089
0.188226
0.187389
0.186578
0.18579
0.185025
0.184283
0.183563
0.182864
0.182184
0.181524
0.180883
0.18026
0.179655
0.179066
0.178495
0.177939
0.177399
0.176873
0.176363
0.175866
0.175383
0.174913
0.199395
0.198208
0.19706
0.195948
0.194872
0.19383
0.19282
0.191843
0.190896
0.189978
0.189088
0.188225
0.187388
0.186577
0.185789
0.185024
0.184282
0.183562
0.182862
0.182183
0.181523
0.180882
0.180259
0.179653
0.179065
0.178493
0.177937
0.177397
0.176871
0.17636
0.175863
0.17538
0.17491
0.199395
0.198208
0.19706
0.195948
0.194871
0.193829
0.19282
0.191843
0.190895
0.189977
0.189087
0.188224
0.187388
0.186576
0.185788
0.185023
0.184281
0.183561
0.182861
0.182182
0.181522
0.18088
0.180257
0.179652
0.179063
0.178491
0.177935
0.177395
0.176869
0.176358
0.175861
0.175377
0.174907
0.199395
0.198208
0.197059
0.195948
0.194871
0.193829
0.19282
0.191842
0.190895
0.189977
0.189087
0.188224
0.187387
0.186575
0.185787
0.185022
0.18428
0.18356
0.18286
0.182181
0.18152
0.180879
0.180256
0.179651
0.179062
0.17849
0.177934
0.177393
0.176867
0.176356
0.175859
0.175375
0.174904
0.199395
0.198208
0.197059
0.195947
0.194871
0.193829
0.19282
0.191842
0.190895
0.189976
0.189086
0.188223
0.187386
0.186574
0.185786
0.185022
0.184279
0.183559
0.182859
0.18218
0.181519
0.180878
0.180255
0.179649
0.179061
0.178489
0.177932
0.177392
0.176866
0.176354
0.175857
0.175372
0.174901
0.199395
0.198208
0.197059
0.195947
0.194871
0.193829
0.192819
0.191842
0.190894
0.189976
0.189086
0.188223
0.187386
0.186574
0.185786
0.185021
0.184279
0.183558
0.182858
0.182179
0.181519
0.180877
0.180254
0.179648
0.17906
0.178487
0.177931
0.17739
0.176864
0.176352
0.175855
0.17537
0.174899
0.199395
0.198208
0.197059
0.195947
0.194871
0.193829
0.192819
0.191841
0.190894
0.189976
0.189086
0.188222
0.187385
0.186573
0.185785
0.18502
0.184278
0.183557
0.182858
0.182178
0.181518
0.180876
0.180253
0.179647
0.179059
0.178486
0.17793
0.177389
0.176862
0.176351
0.175853
0.175368
0.174897
0.199395
0.198208
0.197059
0.195947
0.194871
0.193829
0.192819
0.191841
0.190894
0.189976
0.189085
0.188222
0.187385
0.186573
0.185785
0.18502
0.184278
0.183557
0.182857
0.182177
0.181517
0.180876
0.180252
0.179646
0.179058
0.178485
0.177929
0.177387
0.176861
0.176349
0.175851
0.175366
0.174895
0.199395
0.198208
0.197059
0.195947
0.194871
0.193829
0.192819
0.191841
0.190894
0.189975
0.189085
0.188222
0.187385
0.186572
0.185784
0.18502
0.184277
0.183556
0.182856
0.182177
0.181516
0.180875
0.180251
0.179646
0.179057
0.178484
0.177927
0.177386
0.17686
0.176347
0.175849
0.175364
0.174893
0.199395
0.198208
0.197059
0.195947
0.194871
0.193828
0.192819
0.191841
0.190894
0.189975
0.189085
0.188222
0.187384
0.186572
0.185784
0.185019
0.184277
0.183556
0.182856
0.182176
0.181516
0.180874
0.180251
0.179645
0.179056
0.178483
0.177926
0.177385
0.176858
0.176346
0.175848
0.175363
0.174891
0.199395
0.198208
0.197059
0.195947
0.194871
0.193828
0.192819
0.191841
0.190893
0.189975
0.189085
0.188221
0.187384
0.186572
0.185784
0.185019
0.184276
0.183556
0.182856
0.182176
0.181515
0.180874
0.18025
0.179644
0.179055
0.178482
0.177926
0.177384
0.176857
0.176345
0.175846
0.175361
0.174889
0.199395
0.198208
0.197059
0.195947
0.194871
0.193828
0.192819
0.191841
0.190893
0.189975
0.189085
0.188221
0.187384
0.186572
0.185784
0.185019
0.184276
0.183555
0.182855
0.182175
0.181515
0.180873
0.18025
0.179644
0.179054
0.178482
0.177925
0.177383
0.176856
0.176344
0.175845
0.17536
0.174888
0.199395
0.198208
0.197059
0.195947
0.194871
0.193828
0.192819
0.191841
0.190893
0.189975
0.189085
0.188221
0.187384
0.186572
0.185784
0.185019
0.184276
0.183555
0.182855
0.182175
0.181515
0.180873
0.180249
0.179643
0.179054
0.178481
0.177924
0.177382
0.176855
0.176343
0.175844
0.175359
0.174886
0.199395
0.198208
0.197059
0.195947
0.194871
0.193828
0.192819
0.191841
0.190893
0.189975
0.189085
0.188221
0.187384
0.186572
0.185784
0.185019
0.184276
0.183555
0.182855
0.182175
0.181515
0.180873
0.180249
0.179643
0.179054
0.178481
0.177924
0.177382
0.176855
0.176342
0.175843
0.175358
0.174885
0.199395
0.198208
0.197059
0.195947
0.194871
0.193828
0.192819
0.191841
0.190893
0.189975
0.189085
0.188221
0.187384
0.186572
0.185784
0.185019
0.184276
0.183555
0.182855
0.182175
0.181515
0.180873
0.180249
0.179643
0.179054
0.178481
0.177923
0.177381
0.176854
0.176342
0.175843
0.175357
0.174885
0.199395
0.198208
0.197059
0.195947
0.194871
0.193828
0.192819
0.191841
0.190894
0.189975
0.189085
0.188222
0.187384
0.186572
0.185784
0.185019
0.184277
0.183556
0.182856
0.182176
0.181515
0.180874
0.18025
0.179644
0.179054
0.178481
0.177924
0.177382
0.176855
0.176342
0.175843
0.175357
0.174884
0.199395
0.198208
0.197059
0.195947
0.194871
0.193829
0.192819
0.191841
0.190894
0.189975
0.189085
0.188222
0.187385
0.186573
0.185785
0.18502
0.184278
0.183557
0.182857
0.182177
0.181516
0.180875
0.180251
0.179644
0.179055
0.178482
0.177924
0.177382
0.176855
0.176341
0.175842
0.175355
0.174882
0.199395
0.198208
0.197059
0.195947
0.194871
0.193829
0.19282
0.191842
0.190896
0.189978
0.189088
0.188226
0.187389
0.186578
0.18579
0.185026
0.184284
0.183563
0.182863
0.182183
0.181522
0.180879
0.180255
0.179648
0.179057
0.178483
0.177924
0.17738
0.176851
0.176336
0.175834
0.175346
0.174871
0.199395
0.198208
0.197059
0.195948
0.194872
0.193831
0.192824
0.191848
0.190902
0.189986
0.189097
0.188236
0.1874
0.186588
0.185801
0.185036
0.184293
0.183571
0.182869
0.182186
0.181523
0.180877
0.180249
0.179637
0.179042
0.178463
0.177899
0.17735
0.176815
0.176293
0.175785
0.17529
0.174808
0.199395
0.198209
0.197062
0.195955
0.194886
0.193853
0.192854
0.191885
0.190945
0.190033
0.189146
0.188284
0.187446
0.186631
0.185838
0.185066
0.184314
0.183582
0.182869
0.182175
0.181498
0.180839
0.180196
0.17957
0.178959
0.178364
0.177783
0.177217
0.176664
0.176125
0.175599
0.175086
0.174586
0.199395
0.198223
0.197106
0.196031
0.194988
0.19397
0.192977
0.192008
0.191061
0.190136
0.189233
0.188352
0.187492
0.186653
0.185834
0.185034
0.184254
0.183493
0.18275
0.182024
0.181316
0.180625
0.17995
0.179291
0.178648
0.17802
0.177406
0.176806
0.176221
0.175648
0.175089
0.174543
0.174009
0.19941
0.198319
0.197296
0.196301
0.195311
0.194319
0.19333
0.192346
0.191375
0.190418
0.18948
0.188562
0.187666
0.18679
0.185936
0.185103
0.184291
0.183498
0.182725
0.18197
0.181233
0.180514
0.179812
0.179126
0.178455
0.177801
0.177161
0.176536
0.175925
0.175327
0.174744
0.174173
0.173616
0.199716
0.199139
0.198469
0.197764
0.197071
0.196418
0.195812
0.19525
0.194733
0.19426
0.193827
0.193435
0.193081
0.192762
0.192478
0.192225
0.192002
0.191807
0.191638
0.191492
0.191368
0.191265
0.191181
0.191113
0.191062
0.191025
0.191001
0.19099
0.19099
0.191
0.191021
0.19105
0.191088
0.205424
0.216593
0.227629
0.238434
0.248975
0.259243
0.269229
0.278926
0.288326
0.297424
0.306216
0.314701
0.322877
0.330747
0.338313
0.345578
0.352548
0.359227
0.365623
0.371743
0.377594
0.383184
0.388522
0.393615
0.398473
0.403104
0.407517
0.411721
0.415723
0.419532
0.423157
0.426604
0.429886
1.52448
2.04619
2.03302
1.96086
1.96919
2.04056
2.09145
2.10664
2.10584
2.10179
2.09552
2.08494
2.0703
2.05491
2.0436
2.04045
2.04668
2.05998
2.07546
2.08747
2.09116
2.08335
2.06274
2.02987
1.98717
1.93876
1.88992
1.84606
1.81167
1.78935
1.77951
1.7806
1.7898
1.80395
1.82033
1.83702
1.85285
1.86701
1.87849
1.88565
1.88618
1.8774
1.85677
1.82253
1.7741
1.71231
1.6395
1.55937
1.477
1.39874
1.33222
1.28598
1.2681
1.28333
1.32989
1.39864
1.47592
1.54805
1.6047
1.63993
1.65163
1.64032
1.6081
1.55785
1.49279
1.41623
1.33149
1.24178
1.15025
1.05991
0.973567
0.893841
0.823041
0.763108
0.715474
0.68089
0.659228
0.64939
0.649427
0.656878
0.669206
0.684174
0.700047
0.715629
0.730189
0.743356
0.755008
0.765177
0.773981
0.781569
0.788074
0.793573
0.798063
0.801443
0.80354
0.804088
0.802898
0.799393
0.794854
0.781204
0.605446
1.18659
1.31038
1.23491
1.13605
1.09745
1.13105
1.20558
1.29002
1.36784
1.43233
1.48193
1.51895
1.5492
1.58025
1.61818
1.66478
1.71696
1.76826
1.8113
1.83978
1.84986
1.84043
1.81313
1.77194
1.72265
1.67195
1.62632
1.59091
1.56868
1.56007
1.56329
1.57504
1.59156
1.60953
1.62658
1.64136
1.65316
1.66133
1.66477
1.66169
1.64977
1.62671
1.5908
1.5414
1.47927
1.40656
1.32679
1.24464
1.16585
1.09718
1.04636
1.02138
1.02825
1.06753
1.13225
1.20972
1.28585
1.34918
1.39254
1.41283
1.40998
1.38577
1.34302
1.28502
1.21523
1.13712
1.05405
0.969235
0.885704
0.806222
0.733262
0.668952
0.615022
0.572732
0.542745
0.524972
0.518468
0.521493
0.531789
0.546979
0.564928
0.583945
0.602843
0.620873
0.637634
0.652965
0.666861
0.679405
0.690711
0.700884
0.709974
0.717955
0.724705
0.730032
0.733657
0.735375
0.734623
0.732559
0.722181
0.255903
0.461324
0.570029
0.581154
0.546583
0.50645
0.484195
0.489737
0.521912
0.571976
0.630057
0.689682
0.74968
0.81352
0.886274
0.971018
1.06668
1.168
1.26679
1.35394
1.42151
1.46435
1.48099
1.47349
1.44692
1.4083
1.36548
1.3259
1.29548
1.27785
1.27394
1.2822
1.29926
1.32102
1.34363
1.36417
1.38093
1.39316
1.40048
1.40235
1.39766
1.38471
1.36162
1.32685
1.27978
1.22102
1.15251
1.07745
1.00003
0.925188
0.858481
0.806141
0.775065
0.771755
0.799413
0.854718
0.927571
1.00455
1.0733
1.12518
1.1557
1.16376
1.15052
1.11849
1.07088
1.01118
0.942931
0.869576
0.794374
0.72032
0.650084
0.585951
0.529784
0.482999
0.446565
0.42098
0.406194
0.40152
0.40562
0.416662
0.432621
0.45159
0.471997
0.492681
0.51287
0.53211
0.550178
0.567006
0.582618
0.597079
0.610449
0.622748
0.63392
0.643824
0.652246
0.658896
0.663546
0.665652
0.666188
0.659499
0.184636
0.214474
0.244945
0.26416
0.269144
0.264203
0.256628
0.251963
0.253204
0.261125
0.274699
0.292245
0.312777
0.337468
0.370289
0.41764
0.485599
0.575313
0.680189
0.787715
0.884181
0.958956
1.00676
1.02769
1.02605
1.00873
0.98365
0.958463
0.939476
0.930923
0.934547
0.949591
0.973275
1.00166
1.03068
1.05698
1.07836
1.09379
1.10296
1.10576
1.10176
1.09004
1.06936
1.03858
0.99722
0.945839
0.88617
0.821044
0.754107
0.689435
0.631218
0.583709
0.551561
0.540025
0.553717
0.593524
0.654102
0.72489
0.79392
0.851359
0.891064
0.910458
0.909651
0.890495
0.855841
0.809023
0.753527
0.692788
0.630038
0.5682
0.509786
0.456829
0.410834
0.372797
0.343276
0.322482
0.310331
0.306398
0.309858
0.319496
0.333853
0.351437
0.370925
0.391261
0.411686
0.4317
0.451007
0.469462
0.48701
0.503649
0.519382
0.534182
0.54796
0.560549
0.571713
0.581142
0.588582
0.593505
0.596642
0.593906
0.175817
0.178341
0.182839
0.187501
0.190816
0.19198
0.191448
0.19032
0.189686
0.190246
0.192179
0.195309
0.199397
0.204427
0.211125
0.221313
0.238279
0.266321
0.308593
0.364019
0.426637
0.487641
0.538319
0.573282
0.591631
0.596222
0.592086
0.584912
0.579931
0.581204
0.591141
0.610226
0.637037
0.668674
0.701537
0.732188
0.758013
0.777481
0.79002
0.795609
0.794301
0.785903
0.769933
0.745876
0.713596
0.673708
0.627756
0.578143
0.527818
0.479841
0.436984
0.401562
0.375711
0.362084
0.364229
0.385356
0.425515
0.479713
0.539142
0.594367
0.638001
0.66575
0.676187
0.670028
0.649368
0.617075
0.576359
0.530468
0.482473
0.4351
0.390594
0.350629
0.316289
0.288126
0.266293
0.250719
0.241239
0.237616
0.239482
0.246251
0.257117
0.271146
0.287404
0.305068
0.323479
0.342149
0.360745
0.379053
0.396944
0.414342
0.431186
0.447396
0.462842
0.477327
0.490586
0.502288
0.512141
0.519633
0.525197
0.526455
0.173967
0.173775
0.173843
0.174149
0.174515
0.174672
0.174496
0.174072
0.173619
0.173359
0.17342
0.17381
0.174474
0.175373
0.176596
0.178477
0.181684
0.18732
0.196756
0.210991
0.229863
0.251603
0.273321
0.292022
0.305744
0.314122
0.318232
0.320067
0.321989
0.326314
0.334979
0.349197
0.369122
0.393679
0.420751
0.447685
0.471943
0.491602
0.505563
0.513448
0.515308
0.511313
0.501573
0.486176
0.465388
0.439905
0.410978
0.380344
0.349966
0.321683
0.296925
0.2766
0.261261
0.251572
0.24897
0.255867
0.274586
0.305284
0.344643
0.386639
0.42469
0.453588
0.470369
0.474245
0.466102
0.447919
0.422264
0.391895
0.359457
0.327256
0.2971
0.270227
0.247324
0.228621
0.214055
0.203436
0.196582
0.193371
0.193709
0.197436
0.204265
0.21377
0.225451
0.238798
0.253354
0.26874
0.284663
0.300904
0.317303
0.33374
0.350105
0.366279
0.382098
0.397339
0.411712
0.424864
0.436461
0.446008
0.453597
0.458583
0.173584
0.173065
0.17251
0.171976
0.171495
0.171033
0.17054
0.170002
0.169449
0.16894
0.168526
0.168221
0.168014
0.167889
0.167861
0.168011
0.16851
0.169623
0.171683
0.175004
0.179656
0.185282
0.191276
0.196925
0.201629
0.205091
0.207386
0.208911
0.210292
0.212291
0.215726
0.221359
0.229718
0.240889
0.254369
0.269082
0.283606
0.296504
0.306633
0.313298
0.316237
0.315498
0.311294
0.303926
0.293795
0.28147
0.267717
0.253452
0.239601
0.226944
0.216005
0.207038
0.200098
0.19523
0.192774
0.193692
0.199531
0.211695
0.230303
0.253513
0.277889
0.299537
0.315282
0.323317
0.323284
0.315989
0.302994
0.286204
0.26753
0.248637
0.230796
0.214836
0.201179
0.189939
0.18104
0.174337
0.169707
0.167099
0.166526
0.168017
0.171553
0.177031
0.184266
0.193028
0.203079
0.2142
0.226208
0.238952
0.25231
0.26618
0.280458
0.295025
0.309719
0.324319
0.338535
0.352009
0.364375
0.375159
0.384109
0.392176
0.17373
0.173136
0.172496
0.17183
0.171169
0.170527
0.169895
0.169263
0.168629
0.168009
0.167417
0.166866
0.166353
0.165875
0.165437
0.165065
0.164821
0.164793
0.165086
0.165793
0.166922
0.168375
0.16998
0.171538
0.172876
0.173887
0.174559
0.174967
0.175271
0.175693
0.176505
0.177996
0.180424
0.18394
0.188512
0.193881
0.199582
0.205029
0.209645
0.212973
0.214745
0.214884
0.213468
0.21068
0.20677
0.202039
0.196829
0.191489
0.186343
0.181643
0.177549
0.174123
0.171355
0.169215
0.167753
0.167248
0.168319
0.171803
0.178336
0.187847
0.199328
0.21104
0.221052
0.227806
0.230471
0.229001
0.223985
0.216389
0.207294
0.19769
0.188355
0.179811
0.17234
0.166044
0.160908
0.156869
0.153871
0.151897
0.150985
0.151203
0.152622
0.155276
0.15915
0.164184
0.170293
0.177388
0.18539
0.194234
0.203872
0.214258
0.225347
0.23707
0.249318
0.261921
0.274638
0.287149
0.299093
0.310045
0.31945
0.329545
0.173984
0.173368
0.172723
0.172051
0.171372
0.170698
0.170032
0.169371
0.168713
0.168058
0.16741
0.166772
0.166148
0.165537
0.164943
0.16438
0.163873
0.16346
0.163183
0.163078
0.163151
0.163369
0.163668
0.163974
0.164217
0.164348
0.164344
0.164219
0.164016
0.163812
0.163705
0.16381
0.164235
0.165056
0.16629
0.167874
0.169666
0.171464
0.173047
0.174219
0.174841
0.17485
0.174258
0.173138
0.171602
0.169782
0.167817
0.165833
0.163937
0.162203
0.160669
0.159335
0.158179
0.157165
0.156279
0.155584
0.155283
0.155731
0.157328
0.160298
0.164504
0.169396
0.174159
0.17795
0.180144
0.180462
0.178978
0.176034
0.172103
0.167674
0.163161
0.158867
0.154978
0.15158
0.148694
0.146306
0.144395
0.142959
0.142026
0.141655
0.141917
0.142881
0.144596
0.14708
0.150333
0.15434
0.159084
0.164556
0.170756
0.17769
0.185364
0.193774
0.202886
0.212616
0.222815
0.233252
0.243632
0.253617
0.262468
0.273224
0.174188
0.173571
0.172936
0.172281
0.171617
0.170951
0.170289
0.169631
0.168975
0.168318
0.167661
0.167004
0.166348
0.165695
0.16505
0.16442
0.16382
0.163266
0.162781
0.162381
0.16207
0.161837
0.161655
0.161489
0.161304
0.161069
0.160764
0.160385
0.159943
0.159469
0.159006
0.158606
0.158324
0.158201
0.158257
0.158479
0.158821
0.159209
0.159558
0.159786
0.159828
0.159648
0.159244
0.158642
0.15789
0.157047
0.156171
0.155315
0.154514
0.153785
0.153124
0.152511
0.151916
0.151306
0.150655
0.149966
0.149301
0.148793
0.148634
0.149004
0.14997
0.151425
0.153095
0.154624
0.155675
0.156028
0.155612
0.154496
0.152845
0.150861
0.148735
0.146623
0.144629
0.142812
0.141194
0.139774
0.138545
0.137508
0.136679
0.136092
0.135801
0.135862
0.136334
0.137261
0.138676
0.140602
0.143052
0.146044
0.149598
0.153738
0.158498
0.163904
0.169975
0.176699
0.184019
0.191812
0.199885
0.208029
0.215468
0.22549
0.174312
0.173701
0.173077
0.172441
0.171795
0.171146
0.170498
0.169851
0.169205
0.168558
0.167909
0.167256
0.166599
0.165942
0.165288
0.164643
0.164016
0.163416
0.162856
0.162345
0.161884
0.161468
0.161084
0.160712
0.160331
0.159919
0.159462
0.158951
0.158388
0.157785
0.157164
0.156556
0.15599
0.155496
0.155092
0.15478
0.154548
0.15437
0.154211
0.154033
0.153807
0.153512
0.153143
0.152708
0.152228
0.151728
0.151236
0.150771
0.150342
0.149948
0.149572
0.149189
0.148769
0.148283
0.147705
0.147028
0.146267
0.145474
0.144733
0.14415
0.143806
0.143724
0.143849
0.14406
0.144213
0.144184
0.143899
0.143345
0.142559
0.141606
0.140562
0.139492
0.138444
0.137446
0.136509
0.135633
0.134812
0.134044
0.133335
0.132705
0.132183
0.13181
0.131629
0.131685
0.132015
0.132653
0.133629
0.134969
0.136699
0.13885
0.141455
0.144551
0.148172
0.15234
0.157055
0.162274
0.167901
0.173843
0.179428
0.187675
0.174372
0.173766
0.173152
0.172529
0.171898
0.171264
0.170629
0.169995
0.16936
0.168723
0.168084
0.167442
0.166795
0.166146
0.165499
0.164857
0.164227
0.163616
0.163032
0.162478
0.161957
0.161463
0.160989
0.160521
0.160045
0.159545
0.159009
0.15843
0.157806
0.157143
0.156453
0.155757
0.155073
0.154425
0.153826
0.153288
0.15281
0.152384
0.151996
0.151631
0.151271
0.150906
0.150531
0.150146
0.149761
0.149384
0.149026
0.148693
0.148384
0.148088
0.147788
0.147459
0.147075
0.146609
0.146043
0.145366
0.144581
0.143712
0.142798
0.141898
0.141071
0.140361
0.139783
0.139317
0.138918
0.138535
0.138123
0.137657
0.137133
0.13656
0.135957
0.135344
0.134733
0.134132
0.133539
0.132948
0.132354
0.13175
0.131138
0.130525
0.129927
0.129368
0.128875
0.128482
0.128221
0.128122
0.128217
0.128532
0.129095
0.129935
0.131083
0.132572
0.134434
0.136702
0.139395
0.142514
0.146023
0.149907
0.153656
0.159691
0.174393
0.173791
0.173182
0.172567
0.171947
0.171324
0.170698
0.170073
0.169446
0.168818
0.168188
0.167555
0.166918
0.16628
0.165641
0.165007
0.164382
0.163771
0.163178
0.162608
0.162059
0.16153
0.161012
0.160497
0.159973
0.159429
0.158855
0.158244
0.157594
0.156909
0.156197
0.155469
0.154743
0.154033
0.153355
0.152719
0.152131
0.15159
0.151092
0.150631
0.150197
0.149785
0.149389
0.14901
0.148647
0.148304
0.147982
0.147681
0.147394
0.147108
0.146808
0.14647
0.146073
0.145594
0.145018
0.144336
0.143549
0.14267
0.141723
0.14074
0.139763
0.13883
0.137969
0.137195
0.136508
0.135893
0.135334
0.134814
0.134321
0.133847
0.133389
0.132944
0.132507
0.132072
0.131631
0.131173
0.13069
0.130175
0.129624
0.129038
0.128425
0.127797
0.127172
0.126569
0.126012
0.125525
0.125131
0.124854
0.124719
0.124751
0.124974
0.125416
0.126107
0.127073
0.128341
0.129927
0.131826
0.134058
0.136279
0.140194
0.174396
0.173794
0.173189
0.172579
0.171964
0.171347
0.170728
0.170107
0.169486
0.168863
0.168239
0.167612
0.166983
0.166352
0.165722
0.165095
0.164474
0.163864
0.163268
0.162687
0.162123
0.161573
0.161031
0.160489
0.15994
0.159373
0.158781
0.158158
0.157503
0.156816
0.156103
0.155374
0.15464
0.153914
0.153209
0.152534
0.151897
0.151301
0.150748
0.150233
0.149754
0.149306
0.148885
0.14849
0.148119
0.147771
0.147444
0.147134
0.146831
0.146523
0.146195
0.145828
0.145403
0.144903
0.144313
0.143628
0.142848
0.141981
0.141044
0.140061
0.13906
0.138071
0.13712
0.136231
0.135415
0.134677
0.134016
0.133425
0.132894
0.132413
0.131973
0.131562
0.131169
0.130782
0.130388
0.129976
0.129534
0.129055
0.128533
0.127965
0.127355
0.126708
0.126033
0.125344
0.124653
0.123979
0.123337
0.122745
0.122223
0.121788
0.121462
0.121266
0.121221
0.121351
0.121679
0.122225
0.122997
0.124023
0.125106
0.127268
0.174392
0.17379
0.173185
0.172577
0.171966
0.171351
0.170735
0.170118
0.169499
0.168879
0.168258
0.167635
0.16701
0.166384
0.165759
0.165136
0.164518
0.163907
0.163307
0.162719
0.162144
0.161578
0.161018
0.160458
0.159892
0.159312
0.158711
0.158086
0.157433
0.156754
0.156052
0.155334
0.154608
0.153886
0.153177
0.152491
0.151835
0.151214
0.15063
0.150084
0.149573
0.149096
0.14865
0.148232
0.14784
0.147471
0.147121
0.146784
0.146451
0.146111
0.145749
0.145349
0.144895
0.144373
0.143772
0.143086
0.142317
0.14147
0.140559
0.139602
0.138621
0.137638
0.136678
0.135761
0.134902
0.134112
0.133396
0.132752
0.132176
0.131659
0.131192
0.130762
0.130355
0.12996
0.129561
0.129148
0.128708
0.128233
0.127716
0.127154
0.126546
0.125895
0.125206
0.124486
0.123743
0.122989
0.122233
0.121489
0.12077
0.120088
0.11946
0.118899
0.118423
0.118049
0.117794
0.117677
0.11771
0.117917
0.118213
0.119055
0.174386
0.173784
0.173179
0.172572
0.171961
0.171348
0.170734
0.170117
0.1695
0.168881
0.16826
0.167639
0.167016
0.166393
0.165769
0.165148
0.16453
0.163918
0.163314
0.162719
0.162132
0.161553
0.160979
0.160405
0.159825
0.159235
0.15863
0.158004
0.157356
0.156687
0.155998
0.155295
0.154584
0.153873
0.153171
0.152486
0.151824
0.151191
0.150591
0.150024
0.14949
0.148989
0.148518
0.148075
0.147657
0.147262
0.146883
0.146515
0.146149
0.145775
0.145379
0.144948
0.144468
0.143928
0.143319
0.142635
0.141878
0.141054
0.140172
0.139248
0.1383
0.137346
0.136406
0.135497
0.134636
0.133831
0.133091
0.132416
0.131805
0.131252
0.130749
0.130283
0.129844
0.129418
0.128992
0.128556
0.128097
0.127608
0.127082
0.126514
0.125904
0.125252
0.12456
0.123831
0.123072
0.122289
0.121489
0.12068
0.119871
0.119071
0.11829
0.117539
0.116829
0.116171
0.11558
0.115068
0.114649
0.114333
0.114123
0.11404
0.174381
0.173779
0.173173
0.172566
0.171955
0.171343
0.170728
0.170112
0.169495
0.168876
0.168256
0.167634
0.167012
0.166389
0.165767
0.165145
0.164526
0.163912
0.163303
0.1627
0.162104
0.161513
0.160926
0.160339
0.159749
0.15915
0.15854
0.157914
0.15727
0.15661
0.155933
0.155244
0.154548
0.15385
0.153158
0.152478
0.151817
0.15118
0.150569
0.149988
0.149436
0.148914
0.14842
0.147953
0.147509
0.147085
0.146677
0.146278
0.14588
0.145473
0.145047
0.144589
0.144087
0.143533
0.142918
0.142238
0.141495
0.140692
0.13984
0.138949
0.138036
0.137115
0.136204
0.135318
0.134469
0.133667
0.13292
0.13223
0.131596
0.131015
0.130478
0.129977
0.129502
0.12904
0.128581
0.128114
0.127628
0.127117
0.126574
0.125994
0.125377
0.12472
0.124026
0.123297
0.122535
0.121746
0.120933
0.120102
0.119259
0.118409
0.11756
0.116719
0.115893
0.11509
0.114319
0.113589
0.112912
0.112286
0.111774
0.111088
0.174377
0.173774
0.173168
0.17256
0.17195
0.171337
0.170723
0.170106
0.169488
0.168869
0.168249
0.167627
0.167004
0.166381
0.165757
0.165135
0.164514
0.163896
0.163282
0.162673
0.162068
0.161468
0.16087
0.160272
0.159671
0.159065
0.158449
0.157822
0.157182
0.156527
0.15586
0.155183
0.154499
0.153814
0.153132
0.152459
0.1518
0.151161
0.150543
0.149951
0.149385
0.148845
0.14833
0.14784
0.147371
0.14692
0.146484
0.146055
0.145627
0.145192
0.144738
0.144257
0.143738
0.143172
0.142554
0.141879
0.141149
0.140368
0.139542
0.138683
0.137802
0.136915
0.136034
0.135172
0.134341
0.13355
0.132804
0.132107
0.131459
0.130856
0.130293
0.129762
0.129253
0.128758
0.128266
0.127767
0.127253
0.126718
0.126154
0.125559
0.124931
0.124267
0.12357
0.12284
0.122079
0.121291
0.120477
0.119643
0.118791
0.117927
0.117053
0.116176
0.115299
0.114429
0.113571
0.112731
0.111919
0.111123
0.110444
0.109395
0.174373
0.17377
0.173164
0.172555
0.171945
0.171332
0.170717
0.1701
0.169482
0.168862
0.168241
0.167618
0.166995
0.166371
0.165746
0.165122
0.164499
0.163878
0.163259
0.162644
0.162032
0.161422
0.160815
0.160207
0.159598
0.158984
0.158364
0.157735
0.157095
0.156446
0.155786
0.155117
0.154443
0.153767
0.153094
0.152427
0.151771
0.151131
0.150509
0.149908
0.149329
0.148773
0.14824
0.147729
0.147237
0.146762
0.146299
0.145844
0.145389
0.144927
0.14445
0.143948
0.143414
0.14284
0.142219
0.14155
0.140833
0.140071
0.13927
0.138439
0.137589
0.136731
0.135878
0.13504
0.134228
0.133449
0.132709
0.13201
0.131352
0.130734
0.130149
0.129593
0.129057
0.128532
0.12801
0.127482
0.126942
0.126382
0.125798
0.125187
0.124545
0.123873
0.12317
0.122438
0.121678
0.120891
0.120081
0.119249
0.1184
0.117534
0.116656
0.115768
0.114875
0.113979
0.113085
0.112195
0.111319
0.110438
0.109675
0.108425
0.17437
0.173766
0.17316
0.172551
0.17194
0.171327
0.170711
0.170094
0.169475
0.168855
0.168233
0.16761
0.166985
0.16636
0.165734
0.165108
0.164483
0.163859
0.163236
0.162616
0.161997
0.16138
0.160765
0.160149
0.159532
0.158912
0.158287
0.157655
0.157016
0.156368
0.155713
0.155051
0.154384
0.153716
0.153048
0.152387
0.151733
0.151092
0.150467
0.149858
0.149269
0.1487
0.14815
0.14762
0.147107
0.14661
0.146123
0.145643
0.145165
0.14468
0.144182
0.143663
0.143115
0.142533
0.141912
0.141248
0.140543
0.139798
0.139019
0.138213
0.13739
0.136559
0.135732
0.134916
0.134122
0.133355
0.132621
0.131921
0.131258
0.130627
0.130026
0.129449
0.128889
0.128339
0.127791
0.127238
0.126673
0.126091
0.125488
0.12486
0.124205
0.123523
0.122814
0.122077
0.121316
0.12053
0.119722
0.118895
0.118049
0.117187
0.116312
0.115426
0.11453
0.113628
0.112723
0.111815
0.110913
0.109995
0.109194
0.107841
0.174367
0.173763
0.173156
0.172547
0.171935
0.171322
0.170706
0.170089
0.169469
0.168848
0.168225
0.167601
0.166976
0.166349
0.165722
0.165094
0.164467
0.16384
0.163214
0.162589
0.161965
0.161342
0.16072
0.160097
0.159474
0.158848
0.158218
0.157584
0.156943
0.156297
0.155644
0.154987
0.154325
0.153662
0.153
0.152342
0.15169
0.151049
0.15042
0.149805
0.149207
0.148626
0.148062
0.147515
0.146983
0.146465
0.145958
0.145456
0.144956
0.14445
0.143934
0.1434
0.142841
0.142253
0.14163
0.140971
0.140276
0.139546
0.138787
0.138004
0.137204
0.136398
0.135592
0.134797
0.134018
0.133263
0.132535
0.131837
0.131168
0.130528
0.129914
0.129319
0.128739
0.128167
0.127596
0.127021
0.126434
0.125832
0.125211
0.124567
0.1239
0.123207
0.12249
0.121748
0.120983
0.120196
0.119389
0.118564
0.117722
0.116864
0.115994
0.115112
0.11422
0.113319
0.112413
0.111502
0.110593
0.109661
0.108847
0.107447
0.174365
0.17376
0.173153
0.172543
0.171931
0.171317
0.170701
0.170083
0.169463
0.168841
0.168218
0.167593
0.166966
0.166339
0.16571
0.165081
0.164451
0.163822
0.163192
0.162563
0.161935
0.161307
0.16068
0.160052
0.159423
0.158792
0.158158
0.157521
0.156879
0.156233
0.155582
0.154926
0.154268
0.153609
0.15295
0.152295
0.151645
0.151002
0.15037
0.14975
0.149144
0.148553
0.147976
0.147414
0.146866
0.14633
0.145804
0.145282
0.144763
0.144239
0.143706
0.143158
0.14259
0.141996
0.141372
0.140718
0.140031
0.139315
0.138573
0.137809
0.13703
0.136245
0.135459
0.134681
0.133917
0.133172
0.13245
0.131752
0.13108
0.130433
0.129806
0.129196
0.128599
0.128007
0.127417
0.126821
0.126215
0.125595
0.124957
0.124298
0.123618
0.122914
0.122188
0.12144
0.12067
0.11988
0.119072
0.118247
0.117406
0.116551
0.115684
0.114806
0.113918
0.113021
0.112118
0.111209
0.1103
0.109365
0.108548
0.10713
0.174362
0.173757
0.173149
0.17254
0.171927
0.171313
0.170696
0.170078
0.169457
0.168835
0.168211
0.167585
0.166958
0.166329
0.165699
0.165068
0.164437
0.163805
0.163172
0.16254
0.161908
0.161276
0.160644
0.160011
0.159377
0.158742
0.158105
0.157465
0.156821
0.156174
0.155524
0.15487
0.154214
0.153558
0.152901
0.152247
0.151598
0.150955
0.15032
0.149695
0.149082
0.148482
0.147894
0.147319
0.146757
0.146205
0.145661
0.145123
0.144586
0.144046
0.143499
0.142938
0.142361
0.141761
0.141137
0.140486
0.139807
0.139102
0.138374
0.137627
0.136867
0.1361
0.135331
0.134569
0.133817
0.133081
0.132363
0.131667
0.130992
0.130337
0.129699
0.129076
0.128463
0.127854
0.127245
0.126631
0.126007
0.12537
0.124716
0.124043
0.123349
0.122634
0.121899
0.121142
0.120366
0.119572
0.11876
0.117933
0.117091
0.116237
0.11537
0.114494
0.113608
0.112715
0.111814
0.110907
0.110001
0.109067
0.10825
0.106826
0.17436
0.173754
0.173146
0.172536
0.171924
0.171309
0.170692
0.170073
0.169452
0.168829
0.168204
0.167577
0.166949
0.166319
0.165688
0.165056
0.164422
0.163788
0.163154
0.162519
0.161883
0.161248
0.160612
0.159975
0.159337
0.158698
0.158058
0.157415
0.15677
0.156122
0.155471
0.154818
0.154164
0.153508
0.152853
0.1522
0.151551
0.150906
0.150269
0.149641
0.149022
0.148413
0.147816
0.14723
0.146654
0.146088
0.14553
0.144976
0.144424
0.14387
0.143309
0.142738
0.142152
0.141548
0.140922
0.140273
0.139601
0.138906
0.13819
0.137457
0.136713
0.135961
0.135207
0.134457
0.133716
0.132987
0.132274
0.131578
0.130899
0.130238
0.12959
0.128954
0.128326
0.127701
0.127074
0.126443
0.125802
0.125147
0.124477
0.123789
0.123082
0.122356
0.121609
0.120843
0.12006
0.119258
0.118441
0.117609
0.116764
0.115907
0.115039
0.114162
0.113276
0.112383
0.111484
0.110578
0.109673
0.108739
0.107924
0.106498
0.174358
0.173752
0.173144
0.172533
0.17192
0.171305
0.170688
0.170068
0.169446
0.168823
0.168197
0.16757
0.166941
0.16631
0.165677
0.165044
0.164409
0.163773
0.163136
0.162499
0.161861
0.161222
0.160583
0.159942
0.159301
0.158659
0.158016
0.157371
0.156723
0.156074
0.155423
0.15477
0.154116
0.153461
0.152807
0.152154
0.151504
0.150859
0.150219
0.149587
0.148962
0.148347
0.147742
0.147146
0.146559
0.14598
0.145409
0.144841
0.144276
0.143708
0.143136
0.142555
0.141962
0.141352
0.140725
0.140078
0.13941
0.138722
0.138017
0.137296
0.136564
0.135825
0.135084
0.134345
0.133612
0.132889
0.132178
0.131481
0.130798
0.130129
0.129471
0.128822
0.128179
0.127537
0.126894
0.126244
0.125586
0.124914
0.124227
0.123524
0.122802
0.122062
0.121304
0.120527
0.119733
0.118923
0.118098
0.117259
0.116408
0.115546
0.114674
0.113793
0.112905
0.112009
0.111108
0.110201
0.109295
0.108361
0.107545
0.106117
0.174356
0.17375
0.173141
0.17253
0.171917
0.171301
0.170683
0.170063
0.169441
0.168817
0.168191
0.167563
0.166933
0.166301
0.165668
0.165033
0.164396
0.163759
0.16312
0.162481
0.16184
0.161199
0.160556
0.159913
0.15927
0.158625
0.157978
0.157331
0.156682
0.156031
0.155379
0.154726
0.154071
0.153416
0.152762
0.152109
0.151459
0.150812
0.15017
0.149534
0.148905
0.148284
0.147671
0.147066
0.146469
0.14588
0.145296
0.144717
0.144139
0.14356
0.142977
0.142387
0.141786
0.141172
0.140542
0.139895
0.139231
0.138549
0.137851
0.137139
0.136417
0.135688
0.134956
0.134225
0.133498
0.132778
0.132068
0.131368
0.13068
0.130002
0.129332
0.128669
0.12801
0.127351
0.126689
0.126021
0.125343
0.124653
0.123948
0.123227
0.122489
0.121734
0.120961
0.120171
0.119365
0.118543
0.117708
0.11686
0.116
0.11513
0.114251
0.113364
0.11247
0.11157
0.110665
0.109754
0.108844
0.107907
0.107089
0.105656
0.174354
0.173747
0.173139
0.172527
0.171914
0.171298
0.17068
0.170059
0.169437
0.168812
0.168185
0.167556
0.166925
0.166293
0.165658
0.165022
0.164385
0.163746
0.163105
0.162464
0.161821
0.161178
0.160533
0.159887
0.159241
0.158594
0.157945
0.157295
0.156644
0.155992
0.155339
0.154684
0.154029
0.153374
0.152719
0.152066
0.151414
0.150766
0.150122
0.149483
0.148849
0.148223
0.147603
0.14699
0.146385
0.145785
0.145191
0.1446
0.144011
0.143421
0.142828
0.142229
0.14162
0.141
0.140367
0.139719
0.139056
0.138377
0.137684
0.136979
0.136263
0.135541
0.134815
0.134088
0.133363
0.132644
0.131931
0.131226
0.130529
0.12984
0.129156
0.128477
0.1278
0.127122
0.126439
0.12575
0.12505
0.124339
0.123614
0.122873
0.122116
0.121343
0.120553
0.119747
0.118925
0.11809
0.117242
0.116381
0.115511
0.11463
0.113742
0.112846
0.111944
0.111036
0.110124
0.109207
0.108292
0.107349
0.106528
0.105087
0.174352
0.173745
0.173136
0.172525
0.171911
0.171295
0.170676
0.170055
0.169432
0.168807
0.168179
0.16755
0.166918
0.166285
0.165649
0.165012
0.164374
0.163733
0.163091
0.162448
0.161804
0.161158
0.160512
0.159864
0.159215
0.158566
0.157915
0.157263
0.15661
0.155956
0.155302
0.154646
0.15399
0.153334
0.152678
0.152024
0.151371
0.150721
0.150074
0.149431
0.148794
0.148162
0.147535
0.146915
0.146301
0.145692
0.145088
0.144486
0.143886
0.143285
0.142682
0.142073
0.141456
0.140829
0.140191
0.139539
0.138874
0.138195
0.137503
0.1368
0.136087
0.135367
0.134642
0.133916
0.133189
0.132466
0.131746
0.131032
0.130323
0.129618
0.128918
0.128219
0.12752
0.126818
0.126112
0.125398
0.124674
0.123938
0.123189
0.122425
0.121646
0.120851
0.120041
0.119216
0.118377
0.117525
0.116661
0.115786
0.114901
0.114008
0.113107
0.1122
0.111288
0.110371
0.10945
0.108525
0.107603
0.106653
0.105826
0.104377
0.174351
0.173744
0.173134
0.172523
0.171908
0.171292
0.170673
0.170052
0.169428
0.168802
0.168174
0.167544
0.166912
0.166278
0.165641
0.165003
0.164363
0.163722
0.163079
0.162434
0.161788
0.161141
0.160492
0.159843
0.159192
0.15854
0.157887
0.157233
0.156578
0.155923
0.155266
0.154609
0.153952
0.153294
0.152637
0.15198
0.151325
0.150673
0.150023
0.149376
0.148734
0.148096
0.147463
0.146835
0.146212
0.145593
0.144978
0.144365
0.143753
0.14314
0.142524
0.141904
0.141277
0.14064
0.139994
0.139335
0.138664
0.137981
0.137285
0.136579
0.135863
0.135139
0.13441
0.133678
0.132944
0.132211
0.131479
0.13075
0.130023
0.129299
0.128575
0.127852
0.127127
0.126398
0.125663
0.124919
0.124167
0.123402
0.122625
0.121834
0.121029
0.120209
0.119376
0.118529
0.117669
0.116798
0.115916
0.115024
0.114123
0.113216
0.112301
0.111382
0.110458
0.10953
0.1086
0.107666
0.106736
0.10578
0.104948
0.103491
0.174349
0.173742
0.173133
0.172521
0.171906
0.171289
0.17067
0.170048
0.169424
0.168798
0.16817
0.167539
0.166906
0.166271
0.165634
0.164995
0.164354
0.163711
0.163067
0.16242
0.161773
0.161124
0.160473
0.159822
0.159169
0.158515
0.157859
0.157203
0.156546
0.155888
0.155229
0.15457
0.15391
0.153249
0.152589
0.15193
0.151272
0.150615
0.14996
0.149308
0.14866
0.148014
0.147373
0.146735
0.146101
0.14547
0.144842
0.144216
0.143589
0.142962
0.142331
0.141695
0.141053
0.140403
0.139743
0.139072
0.138389
0.137695
0.136989
0.136273
0.135546
0.134812
0.134071
0.133326
0.132577
0.131827
0.131076
0.130325
0.129574
0.128823
0.128071
0.127317
0.126559
0.125797
0.125029
0.124252
0.123465
0.122668
0.121859
0.121037
0.120203
0.119355
0.118496
0.117624
0.116742
0.115849
0.114947
0.114037
0.11312
0.112197
0.111269
0.110338
0.109403
0.108466
0.107527
0.106587
0.105652
0.104691
0.103858
0.1024
0.174348
0.173741
0.173131
0.172519
0.171904
0.171287
0.170667
0.170045
0.169421
0.168794
0.168165
0.167533
0.166899
0.166263
0.165625
0.164985
0.164343
0.163699
0.163053
0.162405
0.161755
0.161104
0.160451
0.159796
0.159141
0.158484
0.157825
0.157165
0.156505
0.155843
0.15518
0.154516
0.153852
0.153187
0.152522
0.151857
0.151192
0.150529
0.149867
0.149206
0.148547
0.147891
0.147237
0.146586
0.145937
0.14529
0.144645
0.144
0.143354
0.142706
0.142054
0.141397
0.140734
0.140063
0.139382
0.138691
0.137988
0.137274
0.13655
0.135814
0.135068
0.134314
0.133553
0.132785
0.132013
0.131237
0.130458
0.129677
0.128894
0.128109
0.127322
0.126531
0.125736
0.124935
0.124128
0.123312
0.122488
0.121654
0.12081
0.119955
0.119088
0.118212
0.117324
0.116428
0.115522
0.114608
0.113687
0.112761
0.111829
0.110894
0.109956
0.109016
0.108075
0.107134
0.106195
0.105255
0.104324
0.10337
0.102545
0.101107
0.174348
0.17374
0.17313
0.172517
0.171902
0.171284
0.170664
0.170041
0.169415
0.168787
0.168157
0.167524
0.166889
0.166251
0.165611
0.164969
0.164324
0.163678
0.163029
0.162378
0.161724
0.161069
0.160412
0.159753
0.159093
0.15843
0.157766
0.1571
0.156433
0.155764
0.155094
0.154422
0.153749
0.153075
0.152401
0.151725
0.151049
0.150373
0.149697
0.149022
0.148347
0.147674
0.147001
0.146329
0.145658
0.144987
0.144317
0.143645
0.142971
0.142294
0.141612
0.140925
0.140231
0.139529
0.138817
0.138096
0.137363
0.136619
0.135865
0.135099
0.134324
0.13354
0.132747
0.131948
0.131142
0.130331
0.129516
0.128698
0.127876
0.12705
0.126221
0.125387
0.124549
0.123706
0.122856
0.121999
0.121135
0.120263
0.119383
0.118494
0.117597
0.116692
0.115779
0.11486
0.113936
0.113006
0.112073
0.111138
0.110201
0.109263
0.108327
0.107393
0.106462
0.105535
0.104613
0.103697
0.102793
0.101873
0.101081
0.0997156
0.174345
0.173736
0.173125
0.172511
0.171894
0.171275
0.170652
0.170027
0.1694
0.168769
0.168136
0.1675
0.166861
0.166219
0.165575
0.164928
0.164278
0.163626
0.162971
0.162313
0.161652
0.160989
0.160324
0.159656
0.158985
0.158313
0.157637
0.15696
0.15628
0.155597
0.154913
0.154226
0.153537
0.152846
0.152153
0.151458
0.150762
0.150065
0.149366
0.148666
0.147965
0.147263
0.146561
0.145857
0.145153
0.144447
0.143739
0.143029
0.142315
0.141597
0.140874
0.140144
0.139407
0.138662
0.137907
0.137143
0.136368
0.135583
0.134787
0.133982
0.133166
0.132341
0.131508
0.130667
0.12982
0.128967
0.128109
0.127246
0.12638
0.125509
0.124634
0.123756
0.122873
0.121986
0.121095
0.120198
0.119297
0.118391
0.11748
0.116564
0.115645
0.114723
0.113798
0.112872
0.111946
0.11102
0.110098
0.109179
0.108265
0.107358
0.106459
0.105569
0.104691
0.103824
0.102972
0.102135
0.101319
0.100501
0.0998044
0.0986365
0.174331
0.173719
0.173103
0.172485
0.171864
0.171239
0.170611
0.16998
0.169345
0.168708
0.168066
0.167422
0.166774
0.166123
0.165468
0.16481
0.164148
0.163483
0.162814
0.162142
0.161467
0.160787
0.160105
0.159418
0.158729
0.158036
0.157339
0.156639
0.155935
0.155228
0.154518
0.153804
0.153087
0.152366
0.151642
0.150915
0.150185
0.149451
0.148715
0.147976
0.147234
0.14649
0.145743
0.144993
0.14424
0.143484
0.142724
0.14196
0.141192
0.140419
0.13964
0.138854
0.138061
0.13726
0.13645
0.135632
0.134804
0.133967
0.133121
0.132266
0.131401
0.130529
0.129649
0.128762
0.127869
0.126971
0.126068
0.12516
0.12425
0.123336
0.12242
0.121502
0.120583
0.119662
0.118741
0.117821
0.116901
0.115983
0.115068
0.114157
0.113251
0.112351
0.11146
0.110579
0.109709
0.108852
0.108011
0.107187
0.106383
0.1056
0.10484
0.104106
0.1034
0.102724
0.102081
0.101473
0.100905
0.100368
0.0999255
0.0992793
0.174259
0.173637
0.173011
0.17238
0.171746
0.171108
0.170466
0.169819
0.169168
0.168513
0.167854
0.16719
0.166522
0.16585
0.165173
0.164491
0.163805
0.163114
0.162418
0.161718
0.161012
0.160302
0.159588
0.158868
0.158144
0.157414
0.15668
0.155941
0.155198
0.154449
0.153695
0.152937
0.152173
0.151405
0.150632
0.149854
0.149072
0.148285
0.147493
0.146696
0.145895
0.14509
0.14428
0.143466
0.142648
0.141825
0.140997
0.140165
0.139328
0.138486
0.137638
0.136785
0.135926
0.135061
0.134189
0.133311
0.132426
0.131535
0.130637
0.129732
0.128821
0.127905
0.126984
0.126058
0.125129
0.124197
0.123264
0.122331
0.121398
0.120469
0.119544
0.118625
0.117714
0.116814
0.115926
0.115054
0.114199
0.113364
0.112552
0.111767
0.11101
0.110284
0.109594
0.108941
0.108328
0.10776
0.107238
0.106766
0.106347
0.105984
0.105681
0.10544
0.105265
0.105159
0.105127
0.105172
0.105294
0.10552
0.105753
0.106443
0.174016
0.173368
0.172716
0.172058
0.171395
0.170727
0.170053
0.169374
0.16869
0.168
0.167304
0.166603
0.165896
0.165183
0.164464
0.163739
0.163008
0.162271
0.161528
0.160779
0.160023
0.159261
0.158493
0.157719
0.156938
0.156151
0.155358
0.154558
0.153752
0.152939
0.152121
0.151296
0.150465
0.149628
0.148784
0.147935
0.14708
0.146219
0.145352
0.14448
0.143603
0.142721
0.141834
0.140943
0.140048
0.13915
0.138248
0.137344
0.136437
0.135529
0.134619
0.133707
0.132795
0.131881
0.130968
0.130054
0.12914
0.128226
0.127314
0.126403
0.125495
0.124591
0.123692
0.122801
0.12192
0.121051
0.120199
0.119367
0.118559
0.117782
0.117039
0.116338
0.115684
0.115084
0.114544
0.114071
0.113672
0.113352
0.113118
0.112975
0.112928
0.112982
0.113141
0.113409
0.113788
0.114281
0.11489
0.115616
0.116459
0.11742
0.118499
0.119693
0.121002
0.122424
0.123954
0.125594
0.127323
0.129219
0.130896
0.134136
0.173401
0.172709
0.17201
0.171304
0.170591
0.169872
0.169146
0.168413
0.167672
0.166925
0.16617
0.165408
0.164639
0.163862
0.163078
0.162287
0.161487
0.160681
0.159867
0.159045
0.158216
0.15738
0.156536
0.155685
0.154827
0.153962
0.153091
0.152213
0.151329
0.15044
0.149544
0.148644
0.147739
0.146829
0.145916
0.144999
0.14408
0.14316
0.142238
0.141316
0.140396
0.139478
0.138563
0.137654
0.136752
0.135858
0.134974
0.134103
0.133245
0.132403
0.131579
0.130775
0.129993
0.129234
0.128502
0.127798
0.127127
0.12649
0.125893
0.12534
0.124837
0.12439
0.124008
0.123699
0.123474
0.123342
0.123317
0.12341
0.123635
0.124004
0.124532
0.12523
0.126109
0.12718
0.128451
0.129929
0.131616
0.133514
0.135622
0.137934
0.140445
0.143142
0.146014
0.149046
0.152219
0.155515
0.158912
0.162386
0.165916
0.169475
0.17304
0.176586
0.180091
0.183531
0.186886
0.19014
0.193261
0.196314
0.198875
0.202996
0.17298
0.172257
0.171526
0.170789
0.170045
0.169295
0.168537
0.167774
0.167004
0.166228
0.165446
0.164659
0.163867
0.16307
0.162269
0.161465
0.160657
0.159848
0.159036
0.158224
0.157412
0.156601
0.155793
0.154988
0.154188
0.153394
0.152608
0.151832
0.151068
0.150317
0.149582
0.148865
0.14817
0.147498
0.146853
0.146239
0.145659
0.145117
0.144618
0.144166
0.143768
0.143427
0.143151
0.142945
0.142816
0.14277
0.142814
0.142955
0.1432
0.143556
0.14403
0.14463
0.145363
0.146238
0.147263
0.148449
0.149804
0.151342
0.153074
0.155015
0.157179
0.159583
0.162243
0.165176
0.168397
0.17192
0.175756
0.179914
0.184397
0.189202
0.19432
0.199736
0.205427
0.21136
0.217497
0.223792
0.230193
0.236643
0.243081
0.249443
0.255666
0.261687
0.267446
0.272887
0.277962
0.282627
0.286847
0.290597
0.293859
0.296626
0.298898
0.300684
0.302
0.30287
0.303323
0.303382
0.303107
0.302441
0.301719
0.299816
0.191144
0.191222
0.191316
0.191427
0.191555
0.191703
0.191869
0.192057
0.192265
0.192497
0.192752
0.193034
0.193342
0.19368
0.194048
0.19445
0.194887
0.195362
0.195876
0.196434
0.197037
0.197688
0.198391
0.199148
0.199964
0.200841
0.201784
0.202797
0.203884
0.205049
0.206299
0.207639
0.209074
0.210611
0.212258
0.214022
0.215911
0.217933
0.220098
0.222416
0.224894
0.227545
0.230378
0.233403
0.23663
0.240071
0.243735
0.247634
0.251778
0.256178
0.260843
0.265784
0.271011
0.276534
0.28236
0.288498
0.294952
0.301728
0.308826
0.316243
0.323972
0.332002
0.340314
0.348882
0.357674
0.366646
0.375747
0.384913
0.394069
0.403132
0.412004
0.420583
0.428756
0.436407
0.44342
0.449681
0.455088
0.459549
0.462993
0.46537
0.466655
0.466849
0.465979
0.464097
0.461275
0.457602
0.45318
0.448117
0.442521
0.436503
0.430165
0.423602
0.416899
0.410132
0.403367
0.396645
0.390072
0.38341
0.377812
0.368344
0.433509
0.43749
0.441356
0.4451
0.448719
0.452206
0.45556
0.458774
0.461847
0.464773
0.467549
0.470173
0.47264
0.474947
0.477091
0.479068
0.480877
0.482513
0.483974
0.485256
0.486356
0.487272
0.488
0.488538
0.488881
0.489027
0.488972
0.488714
0.488249
0.487573
0.486684
0.485577
0.484251
0.4827
0.480923
0.478917
0.476677
0.474201
0.471488
0.468533
0.465337
0.461897
0.458215
0.45429
0.450126
0.445728
0.4411
0.436253
0.431198
0.425949
0.420524
0.414943
0.409228
0.403407
0.397508
0.391561
0.385598
0.379651
0.373754
0.367939
0.362238
0.356681
0.351296
0.346111
0.341151
0.336438
0.331993
0.327834
0.323978
0.320439
0.317226
0.314345
0.311797
0.309578
0.307677
0.306074
0.304745
0.303656
0.302771
0.302045
0.301433
0.300888
0.300366
0.299825
0.299228
0.298546
0.297755
0.296839
0.295791
0.294606
0.293287
0.291841
0.290276
0.288604
0.286837
0.284978
0.283072
0.281005
0.279272
0.275928
0.0151204
0.0174927
0.0189725
0.0195825
0.0195141
0.0189101
0.0181359
0.0174086
0.0169601
0.0169809
0.0182988
0.0247337
0.0402281
0.0606588
0.0833431
0.107188
0.131588
0.156173
0.180708
0.205034
0.229034
0.25262
0.275721
0.298284
0.320271
0.341656
0.36243
0.382591
0.402155
0.421145
0.439604
0.457582
0.475142
0.49235
0.509268
0.525949
0.542442
0.558808
0.575141
0.591424
0.607474
0.623278
0.638698
0.653549
0.667598
0.680577
0.692193
0.702137
0.710106
0.715822
0.719065
0.719698
0.717691
0.713148
0.706308
0.697545
0.687342
0.676252
0.664853
0.653698
0.64328
0.63399
0.626088
0.619696
0.614809
0.611307
0.608912
0.607245
0.605927
0.604616
0.602973
0.600757
0.598612
0.599321
0.601271
0.602342
0.60181
0.599413
0.595101
0.588964
0.581193
0.572044
0.561808
0.550783
0.539249
0.527458
0.515626
0.503923
0.492483
0.481401
0.470739
0.460533
0.450798
0.441533
0.432729
0.42437
0.416452
0.408943
0.402307
0.393573
0.0329457
0.0381847
0.0415589
0.0435419
0.0450355
0.0467591
0.049577
0.0551428
0.0647921
0.0786813
0.096403
0.117608
0.141845
0.168572
0.197492
0.228584
0.261955
0.297698
0.335796
0.376091
0.418308
0.462085
0.507031
0.552755
0.598893
0.645115
0.691122
0.736646
0.78145
0.825337
0.868155
0.909819
0.950315
0.9897
1.02809
1.0656
1.10233
1.13829
1.1735
1.20818
1.2428
1.2775
1.31227
1.34698
1.38138
1.41507
1.4475
1.47797
1.5057
1.52983
1.54953
1.56409
1.57302
1.57614
1.57361
1.56595
1.55405
1.53902
1.52209
1.50449
1.4874
1.4718
1.45842
1.44766
1.43964
1.43426
1.4312
1.42992
1.42966
1.4296
1.42898
1.42707
1.42347
1.41802
1.41005
1.39881
1.38384
1.36502
1.34247
1.31653
1.28772
1.25665
1.22396
1.19029
1.15623
1.12227
1.08884
1.05626
1.02474
0.994453
0.965464
0.937806
0.911461
0.88638
0.8625
0.839706
0.817993
0.796908
0.777724
0.75052
0.0466236
0.0550493
0.0614751
0.0662041
0.0709383
0.077268
0.0865731
0.0997072
0.116652
0.136851
0.159858
0.18558
0.214261
0.24636
0.282194
0.321891
0.365359
0.412277
0.462147
0.514377
0.56838
0.623645
0.679775
0.736483
0.79355
0.850777
0.907943
0.964785
1.021
1.07625
1.13025
1.18274
1.23356
1.28264
1.33002
1.3758
1.42018
1.46346
1.50601
1.54814
1.59015
1.6323
1.67477
1.71764
1.76086
1.80414
1.84698
1.88861
1.92801
1.96395
1.99514
2.0203
2.03842
2.04883
2.05136
2.04634
2.03474
2.01791
1.99747
1.97505
1.95231
1.9307
1.91126
1.89462
1.88104
1.8704
1.86231
1.85611
1.85094
1.84583
1.83982
1.83198
1.82164
1.80835
1.79172
1.77137
1.74705
1.71871
1.68656
1.65098
1.61252
1.57184
1.52963
1.48656
1.44327
1.40031
1.35812
1.31704
1.27733
1.23914
1.20255
1.16759
1.13424
1.10241
1.07203
1.04296
1.01512
0.988128
0.962807
0.928826
0.0563309
0.0713928
0.082322
0.0900401
0.097454
0.106731
0.119108
0.134921
0.153975
0.176076
0.201329
0.230089
0.262771
0.299648
0.340722
0.385754
0.434351
0.486035
0.540325
0.596788
0.655087
0.715007
0.776438
0.839337
0.903653
0.969261
1.0359
1.10316
1.17049
1.2373
1.30296
1.36694
1.42885
1.48845
1.54562
1.6004
1.65291
1.70338
1.75215
1.79964
1.84629
1.89261
1.93905
1.98601
2.03377
2.08237
2.13158
2.18079
2.22902
2.27487
2.31662
2.35243
2.38061
2.39987
2.40941
2.40913
2.39985
2.38304
2.3606
2.33457
2.30697
2.27953
2.25358
2.23
2.20919
2.19115
2.1755
2.16158
2.14857
2.13552
2.1215
2.10564
2.08722
2.06576
2.04096
2.0126
1.98054
1.94481
1.90563
1.86335
1.81851
1.77171
1.72361
1.67488
1.62611
1.57784
1.53053
1.48449
1.43999
1.39716
1.3561
1.31683
1.27929
1.24343
1.20913
1.17625
1.14466
1.11404
1.08502
1.04695
0.0622256
0.085354
0.10041
0.110118
0.119022
0.129564
0.142959
0.159615
0.179642
0.203202
0.230557
0.261947
0.297473
0.337051
0.380447
0.427363
0.477494
0.530561
0.586328
0.644617
0.705334
0.768483
0.834148
0.902446
0.97343
1.047
1.12281
1.20025
1.27852
1.35665
1.43369
1.50882
1.58138
1.65096
1.71735
1.78047
1.84038
1.89722
1.95127
2.0029
2.05261
2.10101
2.14876
2.19655
2.24504
2.29471
2.34577
2.39805
2.4509
2.50306
2.5526
2.59726
2.63469
2.66284
2.68022
2.68622
2.68122
2.66648
2.64391
2.61577
2.58432
2.55156
2.51911
2.48806
2.45902
2.43214
2.40715
2.38353
2.36055
2.33745
2.31347
2.2879
2.26021
2.23002
2.19712
2.16139
2.12277
2.08129
2.03711
1.99051
1.94189
1.89175
1.84066
1.78918
1.73785
1.68716
1.6375
1.58919
1.54246
1.49745
1.45425
1.41286
1.37326
1.33536
1.29905
1.26417
1.23059
1.19798
1.16701
1.12649
0.0635184
0.0955609
0.113269
0.124252
0.134039
0.145343
0.159509
0.177106
0.198411
0.223616
0.252841
0.286091
0.323255
0.364146
0.408561
0.456325
0.507298
0.561369
0.618457
0.678527
0.741623
0.807892
0.877565
0.950892
1.02802
1.10888
1.19304
1.27969
1.36769
1.45575
1.54256
1.62701
1.70832
1.78598
1.85975
1.92954
1.99537
2.05731
2.11549
2.17013
2.2216
2.27043
2.31735
2.36323
2.409
2.45562
2.50384
2.55408
2.60625
2.65952
2.71228
2.76222
2.80659
2.84263
2.86801
2.88127
2.88205
2.87115
2.85027
2.82164
2.78767
2.75057
2.71218
2.67383
2.63631
2.59996
2.56469
2.53017
2.49592
2.46143
2.42621
2.38989
2.3522
2.31298
2.2722
2.22983
2.18585
2.14024
2.09304
2.04437
1.99446
1.94361
1.89221
1.84069
1.78947
1.73895
1.68947
1.6413
1.59465
1.54965
1.50639
1.46487
1.42508
1.38692
1.3503
1.31504
1.28101
1.24787
1.21639
1.17483
0.0602619
0.100268
0.120912
0.132813
0.143411
0.155711
0.171095
0.190156
0.213148
0.240169
0.271218
0.306224
0.345076
0.387661
0.433869
0.483594
0.536726
0.593152
0.652801
0.715676
0.781903
0.851747
0.925575
1.00375
1.08649
1.17371
1.26487
1.35891
1.45435
1.54957
1.643
1.73339
1.81996
1.90235
1.98047
2.05432
2.12392
2.1892
2.25005
2.3064
2.35833
2.40613
2.45039
2.49194
2.53192
2.57159
2.61224
2.65501
2.70066
2.74926
2.79995
2.85081
2.89899
2.94114
2.97396
2.9949
3.00262
2.99712
2.97966
2.95226
2.91733
2.87721
2.83388
2.78888
2.74319
2.69734
2.6515
2.6056
2.55947
2.51294
2.46593
2.41844
2.37058
2.32252
2.27441
2.22636
2.17837
2.13033
2.08212
2.03362
1.98479
1.93569
1.88649
1.83741
1.78874
1.74075
1.69371
1.64784
1.60332
1.56029
1.51881
1.47893
1.44061
1.40379
1.36836
1.33415
1.30104
1.26864
1.23788
1.19655
0.0691252
0.106332
0.125326
0.137396
0.149019
0.162834
0.180068
0.201245
0.226566
0.25609
0.289834
0.327821
0.370085
0.416629
0.467363
0.522046
0.580342
0.641857
0.706357
0.773825
0.844478
0.918728
0.997071
1.07992
1.16746
1.25942
1.35505
1.45307
1.55181
1.64949
1.74455
1.83592
1.92307
2.00591
2.08455
2.15914
2.22967
2.29591
2.35743
2.41377
2.46456
2.50971
2.54948
2.58456
2.61604
2.6454
2.67439
2.70488
2.73864
2.77694
2.82012
2.86715
2.91549
2.96139
3.00062
3.02931
3.04484
3.04617
3.03382
3.00941
2.9752
2.93353
2.88652
2.83583
2.78267
2.72779
2.67164
2.61448
2.55651
2.49799
2.43929
2.38087
2.32326
2.26699
2.21249
2.16
2.10952
2.06083
2.01358
1.96736
1.92183
1.87673
1.83196
1.78751
1.7435
1.70006
1.65739
1.61566
1.57503
1.53561
1.4975
1.46074
1.42532
1.39118
1.35822
1.32628
1.29522
1.26463
1.2356
1.19561
0.0632035
0.108163
0.127107
0.139869
0.153173
0.169335
0.18944
0.214006
0.243263
0.27733
0.316368
0.360638
0.410403
0.465733
0.526264
0.591109
0.659191
0.729558
0.801669
0.875498
0.951458
1.03019
1.11234
1.19828
1.28801
1.38103
1.47636
1.57265
1.66826
1.76163
1.85166
1.93778
2.01986
2.0981
2.17283
2.24428
2.31238
2.37671
2.43647
2.49072
2.53857
2.5794
2.61303
2.63984
2.66078
2.67737
2.69168
2.70623
2.7238
2.74703
2.77781
2.81645
2.86123
2.90836
2.95269
2.98898
3.01304
3.02248
3.01682
2.9971
2.96527
2.92359
2.87425
2.81905
2.75939
2.69632
2.63058
2.56282
2.49367
2.42385
2.35421
2.28571
2.21934
2.156
2.0964
2.04092
1.98956
1.94198
1.89756
1.85557
1.81528
1.77612
1.73764
1.69963
1.66198
1.62473
1.58798
1.55185
1.51648
1.482
1.4485
1.41606
1.38467
1.35429
1.32482
1.2961
1.268
1.24006
1.2135
1.17577
0.068362
0.109381
0.128373
0.142796
0.159155
0.179488
0.204988
0.236414
0.274121
0.318282
0.369188
0.427374
0.493154
0.565933
0.644128
0.725444
0.807567
0.888845
0.968661
1.04739
1.12606
1.20579
1.28745
1.37139
1.45734
1.54455
1.63195
1.71821
1.80214
1.88303
1.9606
2.0349
2.10621
2.17493
2.24145
2.30597
2.36833
2.42783
2.48331
2.53332
2.5764
2.61133
2.63743
2.65468
2.66376
2.66613
2.66402
2.66044
2.65907
2.66392
2.67856
2.70508
2.74301
2.78894
2.83705
2.88064
2.91376
2.9324
2.93485
2.92135
2.89344
2.85323
2.80292
2.74446
2.6795
2.60935
2.53515
2.45795
2.37882
2.29899
2.21978
2.14264
2.06898
2.0001
1.93697
1.88012
1.82954
1.78475
1.74483
1.70871
1.67527
1.64356
1.61282
1.58259
1.55257
1.52269
1.49296
1.46348
1.43438
1.40579
1.37782
1.35056
1.32403
1.29819
1.27297
1.24817
1.22368
1.19899
1.17543
1.14064
0.0693167
0.113847
0.132517
0.151591
0.175196
0.205573
0.244838
0.294282
0.353713
0.422298
0.499573
0.585211
0.678257
0.776362
0.875999
0.97336
1.06548
1.151
1.23029
1.30497
1.37713
1.44863
1.52054
1.59306
1.66566
1.73741
1.80711
1.87391
1.93765
1.9987
2.05766
2.11511
2.1715
2.2272
2.28243
2.33723
2.39123
2.44349
2.49253
2.53641
2.57312
2.60087
2.61846
2.62539
2.62206
2.60977
2.59079
2.56848
2.54721
2.53216
2.5286
2.54052
2.56913
2.61185
2.66251
2.713
2.75549
2.78414
2.79581
2.7898
2.76713
2.7297
2.67972
2.6193
2.55035
2.47452
2.39333
2.30826
2.22088
2.13284
2.04596
1.96209
1.88306
1.81049
1.7456
1.68906
1.64085
1.60033
1.56632
1.53735
1.51193
1.48872
1.46667
1.44505
1.42345
1.40164
1.37961
1.35741
1.33518
1.31306
1.29119
1.26966
1.24852
1.22774
1.20723
1.18679
1.16631
1.14525
1.12501
1.09361
0.0680246
0.121417
0.152872
0.192527
0.240198
0.302627
0.382948
0.479445
0.58607
0.697215
0.810486
0.925044
1.03942
1.1507
1.25521
1.34981
1.4329
1.50483
1.56759
1.62406
1.67706
1.72866
1.77982
1.8304
1.87963
1.92625
1.96953
2.00965
2.04761
2.08478
2.12236
2.1611
2.20128
2.24289
2.28578
2.32967
2.37396
2.41753
2.45865
2.49507
2.52431
2.54409
2.55268
2.54917
2.53362
2.50717
2.4721
2.43194
2.39157
2.35706
2.33507
2.33147
2.34939
2.38746
2.43957
2.49641
2.54826
2.58734
2.60893
2.6113
2.59487
2.56132
2.51286
2.45179
2.38028
2.30036
2.21396
2.12301
2.02949
1.93551
1.84327
1.75499
1.67281
1.59863
1.53385
1.47927
1.43486
1.39984
1.37275
1.35178
1.33504
1.32085
1.30788
1.29522
1.28228
1.26879
1.25466
1.23997
1.22484
1.20943
1.19389
1.17835
1.16284
1.14734
1.13176
1.11589
1.09961
1.08234
1.06552
1.03776
0.0531496
0.167628
0.30904
0.433072
0.542464
0.672879
0.82174
0.972748
1.1134
1.2397
1.35361
1.45803
1.5539
1.64014
1.71511
1.77811
1.82963
1.87129
1.90554
1.93492
1.96155
1.98673
2.01077
2.0331
2.0526
2.06856
2.08129
2.09222
2.10348
2.11712
2.13454
2.15624
2.18194
2.21097
2.2426
2.27613
2.31075
2.34527
2.37789
2.40621
2.4275
2.43907
2.43877
2.42532
2.39848
2.35926
2.30991
2.25411
2.197
2.1452
2.10638
2.08796
2.09495
2.12756
2.18012
2.2425
2.30324
2.35262
2.38432
2.39549
2.38595
2.35713
2.31127
2.25084
2.17833
2.09612
2.00656
1.91201
1.81483
1.71751
1.62255
1.53245
1.44955
1.37593
1.31315
1.26207
1.22266
1.194
1.1744
1.16173
1.15376
1.14854
1.14449
1.14055
1.13604
1.13062
1.12421
1.11685
1.10869
1.0999
1.09065
1.08104
1.07115
1.06093
1.05027
1.03896
1.02685
1.01336
0.99994
0.975883
0.138893
0.552227
0.976103
1.22395
1.38362
1.52989
1.65984
1.7651
1.84673
1.91085
1.96338
2.0078
2.04522
2.07536
2.09839
2.11554
2.12856
2.13884
2.14697
2.15308
2.15708
2.15865
2.15716
2.15175
2.14187
2.12797
2.11186
2.09638
2.08461
2.07902
2.0808
2.08984
2.10502
2.12483
2.14784
2.17291
2.19906
2.22515
2.24951
2.26981
2.28324
2.28692
2.2784
2.25609
2.21957
2.16971
2.10881
2.0406
1.97036
1.90492
1.85243
1.82134
1.81827
1.8451
1.8971
1.96378
2.03228
2.09114
2.13249
2.15239
2.15003
2.12659
2.08431
2.02585
1.95399
1.87149
1.78106
1.68544
1.58735
1.48953
1.3947
1.30551
1.22442
1.15356
1.09457
1.04832
1.01477
0.992888
0.980799
0.976124
0.976409
0.979471
0.983604
0.987626
0.990817
0.992819
0.993524
0.992988
0.991355
0.988802
0.985498
0.98156
0.977031
0.971859
0.965917
0.958974
0.950873
0.941026
0.930846
0.910445
0.67415
1.492
1.78436
2.09416
2.28607
2.36025
2.37382
2.3603
2.34028
2.32204
2.30607
2.29015
2.27267
2.25425
2.23726
2.22433
2.21684
2.21405
2.21348
2.21203
2.20686
2.1959
2.17785
2.15224
2.1198
2.08277
2.04474
2.00996
1.98233
1.96442
1.95702
1.95919
1.9689
1.98375
2.0016
2.02088
2.04053
2.05954
2.07653
2.08946
2.09566
2.09226
2.07665
2.0471
2.00306
1.94538
1.87637
1.79982
1.72097
1.64655
1.58467
1.54415
1.53268
1.55374
1.6039
1.67299
1.74733
1.81408
1.86397
1.89205
1.89685
1.87929
1.84155
1.78647
1.71707
1.63644
1.54764
1.45369
1.35757
1.26221
1.17045
1.08495
1.00815
0.942154
0.888529
0.848121
0.820846
0.805603
0.800416
0.802786
0.81014
0.820206
0.83122
0.841969
0.851716
0.860096
0.866998
0.87247
0.876651
0.879713
0.88181
0.883046
0.883443
0.882926
0.881347
0.878454
0.874076
0.867628
0.860468
0.843598
)
;

boundaryField
{
    outlet
    {
        type            zeroGradient;
    }
    inlet
    {
        type            fixedValue;
        value           uniform 0.2;
    }
    lowerWall
    {
        type            kqRWallFunction;
        value           nonuniform List<scalar> 
148
(
0.19714
0.192517
0.18828
0.184033
0.179769
0.175611
0.171677
0.168042
0.164747
0.161799
0.159193
0.156911
0.154929
0.153222
0.151765
0.150534
0.149505
0.148658
0.147973
0.147434
0.147023
0.146727
0.146534
0.146432
0.14641
0.146463
0.146569
0.146781
0.146918
0.147199
0.151814
0.130164
0.0256996
0.0151204
0.0329457
0.0466236
0.0563309
0.0622256
0.0635184
0.0602619
0.0691252
0.0632035
0.068362
0.0693167
0.0680246
0.0531496
0.138893
0.67415
0.0151204
0.0174927
0.0189725
0.0195825
0.0195141
0.0189101
0.0181359
0.0174086
0.0169601
0.0169809
0.0182988
0.0247337
0.0402281
0.0606588
0.0833431
0.107188
0.131588
0.156173
0.180708
0.205034
0.229034
0.25262
0.275721
0.298284
0.320271
0.341656
0.36243
0.382591
0.402155
0.421145
0.439604
0.457582
0.475142
0.49235
0.509268
0.525949
0.542442
0.558808
0.575141
0.591424
0.607474
0.623278
0.638698
0.653549
0.667598
0.680577
0.692193
0.702137
0.710106
0.715822
0.719065
0.719698
0.717691
0.713148
0.706308
0.697545
0.687342
0.676252
0.664853
0.653698
0.64328
0.63399
0.626088
0.619696
0.614809
0.611307
0.608912
0.607245
0.605927
0.604616
0.602973
0.600757
0.598612
0.599321
0.601271
0.602342
0.60181
0.599413
0.595101
0.588964
0.581193
0.572044
0.561808
0.550783
0.539249
0.527458
0.515626
0.503923
0.492483
0.481401
0.470739
0.460533
0.450798
0.441533
0.432729
0.42437
0.416452
0.408943
0.402307
0.393573
)
;
    }
    upperWall
    {
        type            kqRWallFunction;
        value           nonuniform List<scalar> 
133
(
0.205424
0.216593
0.227629
0.238434
0.248975
0.259243
0.269229
0.278926
0.288326
0.297424
0.306216
0.314701
0.322877
0.330747
0.338313
0.345578
0.352548
0.359227
0.365623
0.371743
0.377594
0.383184
0.388522
0.393615
0.398473
0.403104
0.407517
0.411721
0.415723
0.419532
0.423157
0.426604
0.429886
0.433509
0.43749
0.441356
0.4451
0.448719
0.452206
0.45556
0.458774
0.461847
0.464773
0.467549
0.470173
0.47264
0.474947
0.477091
0.479068
0.480877
0.482513
0.483974
0.485256
0.486356
0.487272
0.488
0.488538
0.488881
0.489027
0.488972
0.488714
0.488249
0.487573
0.486684
0.485577
0.484251
0.4827
0.480923
0.478917
0.476677
0.474201
0.471488
0.468533
0.465337
0.461897
0.458215
0.45429
0.450126
0.445728
0.4411
0.436253
0.431198
0.425949
0.420524
0.414943
0.409228
0.403407
0.397508
0.391561
0.385598
0.379651
0.373754
0.367939
0.362238
0.356681
0.351296
0.346111
0.341151
0.336438
0.331993
0.327834
0.323978
0.320439
0.317226
0.314345
0.311797
0.309578
0.307677
0.306074
0.304745
0.303656
0.302771
0.302045
0.301433
0.300888
0.300366
0.299825
0.299228
0.298546
0.297755
0.296839
0.295791
0.294606
0.293287
0.291841
0.290276
0.288604
0.286837
0.284978
0.283072
0.281005
0.279272
0.275928
)
;
    }
    frontAndBack
    {
        type            empty;
    }
}


// ************************************************************************* //
