/*--------------------------------*- C++ -*----------------------------------*\
  =========                 |
  \\      /  F ield         | OpenFOAM: The Open Source CFD Toolbox
   \\    /   O peration     | Website:  https://openfoam.org
    \\  /    A nd           | Version:  10
     \\/     M anipulation  |
\*---------------------------------------------------------------------------*/
FoamFile
{
    format      ascii;
    class       volScalarField;
    location    "600";
    object      epsilon;
}
// * * * * * * * * * * * * * * * * * * * * * * * * * * * * * * * * * * * * * //

dimensions      [0 2 -3 0 0 0 0];

internalField   nonuniform List<scalar> 
6820
(
23.3479
22.8004
22.2986
21.7955
21.2906
20.7982
20.3323
19.9018
19.5114
19.1623
18.8535
18.583
18.3479
18.1454
17.9723
17.8259
17.7033
17.6021
17.52
17.4549
17.4049
17.3682
17.3434
17.3291
17.324
17.3273
17.3369
17.3559
17.3721
17.4189
17.3065
18.7208
9.68423
5.2475
7.40629
8.54765
9.16309
9.54906
9.84002
10.0939
10.3363
10.5779
10.8226
11.0714
11.3244
11.5809
11.8402
12.1014
12.3639
12.6269
12.8898
13.1519
13.4129
13.6722
13.9294
14.1843
14.4365
14.6863
14.9335
15.1788
15.425
15.6682
15.9332
16.1745
16.7533
15.8865
3.71892
4.27986
4.80504
5.21571
5.52672
5.76825
5.96425
6.1311
6.27962
6.41688
6.54754
6.67465
6.8002
6.92546
7.05118
7.1778
7.30553
7.43442
7.56443
7.69544
7.8273
7.95986
8.09296
8.22643
8.36018
8.49417
8.62838
8.76338
8.89867
9.03841
9.17584
9.34249
9.46211
3.53759
3.62335
3.77159
3.9376
4.09551
4.23606
4.35824
4.46424
4.5571
4.6397
4.71449
4.78349
4.84826
4.91004
4.96976
5.02813
5.08567
5.14279
5.19975
5.25675
5.31392
5.37135
5.42909
5.48718
5.54563
5.60449
5.66379
5.72369
5.78424
5.84611
5.90888
5.97487
6.0444
3.52015
3.50151
3.51115
3.54398
3.59068
3.64316
3.69614
3.74676
3.79383
3.83703
3.87655
3.91281
3.94627
3.97741
4.00667
4.03445
4.06107
4.08682
4.11192
4.13656
4.1609
4.18506
4.20913
4.23319
4.25731
4.28155
4.30598
4.33066
4.35569
4.38121
4.40731
4.43418
4.46227
3.51931
3.48209
3.45345
3.43537
3.42736
3.42745
3.43325
3.44263
3.45395
3.46611
3.47839
3.49037
3.50183
3.5127
3.52296
3.53266
3.54186
3.55063
3.55907
3.56724
3.57522
3.58306
3.59083
3.59857
3.60633
3.61414
3.62206
3.63012
3.63838
3.64689
3.6557
3.66486
3.67444
3.51943
3.47964
3.44271
3.40975
3.38152
3.35816
3.33935
3.32445
3.31274
3.30352
3.29619
3.29025
3.28535
3.28119
3.27758
3.27438
3.27149
3.26885
3.26641
3.26414
3.26205
3.26011
3.25833
3.25671
3.25527
3.25399
3.25291
3.25202
3.25135
3.25092
3.25075
3.25085
3.25122
3.51947
3.47942
3.44105
3.40466
3.37058
3.33905
3.31022
3.28406
3.26044
3.23914
3.2199
3.20245
3.18656
3.172
3.15858
3.14614
3.13454
3.12368
3.11346
3.10381
3.09467
3.08599
3.07774
3.06989
3.0624
3.05527
3.04847
3.04199
3.03583
3.02999
3.02446
3.01924
3.01432
3.51948
3.47941
3.44084
3.40381
3.36835
3.33454
3.30245
3.27211
3.24354
3.2167
3.19152
3.16792
3.14579
3.12501
3.10547
3.08706
3.06969
3.05326
3.03768
3.02289
3.00882
2.99541
2.98262
2.97039
2.95868
2.94748
2.93674
2.92645
2.91657
2.90711
2.89803
2.88933
2.881
3.51948
3.4794
3.44081
3.40368
3.36795
3.33361
3.30064
3.26904
3.23878
3.20986
3.18226
3.15593
3.13083
3.10692
3.08414
3.06242
3.04171
3.02195
3.00308
2.98505
2.9678
2.95129
2.93547
2.9203
2.90574
2.89176
2.87833
2.86541
2.85299
2.84104
2.82955
2.81848
2.80784
3.51948
3.4794
3.4408
3.40365
3.36788
3.33343
3.30026
3.26833
3.2376
3.20803
3.17959
3.15225
3.12598
3.10074
3.0765
3.05323
3.03087
3.0094
2.98877
2.96895
2.94989
2.93157
2.91395
2.89698
2.88065
2.86493
2.84977
2.83517
2.82109
2.80752
2.79442
2.7818
2.76961
3.51948
3.4794
3.4408
3.40364
3.36786
3.33339
3.30018
3.26817
3.23732
3.20757
3.17889
3.15123
3.12457
3.09885
3.07406
3.05015
3.0271
3.00487
2.98343
2.96276
2.94281
2.92356
2.90499
2.88707
2.86977
2.85306
2.83692
2.82133
2.80627
2.79172
2.77766
2.76407
2.75093
3.51948
3.4794
3.44079
3.40363
3.36784
3.33337
3.30015
3.26812
3.23724
3.20745
3.1787
3.15096
3.12417
3.09831
3.07333
3.04921
3.0259
3.00339
2.98162
2.96059
2.94026
2.92061
2.90161
2.88323
2.86545
2.84826
2.83162
2.81552
2.79995
2.78487
2.77028
2.75615
2.74247
3.51947
3.47939
3.44079
3.40362
3.36783
3.33335
3.30013
3.2681
3.2372
3.2074
3.17864
3.15087
3.12405
3.09815
3.07311
3.04892
3.02553
3.00292
2.98104
2.95988
2.93941
2.9196
2.90042
2.88185
2.86388
2.84647
2.82961
2.81328
2.79746
2.78213
2.76728
2.75288
2.73893
3.51947
3.47939
3.44079
3.40362
3.36782
3.33334
3.30011
3.26807
3.23718
3.20737
3.1786
3.15082
3.12399
3.09808
3.07303
3.04881
3.0254
3.00275
2.98084
2.95964
2.93912
2.91925
2.90001
2.88138
2.86332
2.84583
2.82888
2.81245
2.79653
2.78109
2.76613
2.75161
2.73753
3.51947
3.47939
3.44078
3.40361
3.36781
3.33333
3.3001
3.26806
3.23715
3.20734
3.17857
3.15078
3.12395
3.09803
3.07297
3.04875
3.02533
3.00267
2.98075
2.95954
2.939
2.91911
2.89985
2.88119
2.86311
2.84559
2.8286
2.81214
2.79618
2.78069
2.76568
2.75111
2.73698
3.51947
3.47939
3.44078
3.40361
3.36781
3.33332
3.30008
3.26804
3.23713
3.20732
3.17854
3.15075
3.12392
3.09799
3.07293
3.04871
3.02528
3.00262
2.98069
2.95947
2.93892
2.91903
2.89976
2.88109
2.863
2.84547
2.82847
2.81199
2.79601
2.78051
2.76548
2.75089
2.73673
3.51947
3.47939
3.44078
3.4036
3.3678
3.33331
3.30007
3.26803
3.23712
3.2073
3.17851
3.15073
3.12389
3.09795
3.07289
3.04866
3.02523
3.00257
2.98064
2.95941
2.93886
2.91896
2.89969
2.88101
2.86292
2.84538
2.82838
2.81189
2.7959
2.7804
2.76535
2.75075
2.73658
3.51947
3.47939
3.44078
3.4036
3.3678
3.3333
3.30006
3.26801
3.2371
3.20728
3.17849
3.1507
3.12386
3.09792
3.07286
3.04863
3.02519
3.00252
2.98059
2.95936
2.93881
2.9189
2.89963
2.88095
2.86285
2.84531
2.8283
2.81181
2.79582
2.7803
2.76525
2.75064
2.73646
3.51947
3.47939
3.44077
3.4036
3.36779
3.3333
3.30005
3.268
3.23709
3.20726
3.17847
3.15068
3.12383
3.0979
3.07283
3.04859
3.02516
3.00248
2.98055
2.95931
2.93876
2.91885
2.89957
2.88089
2.86279
2.84524
2.82823
2.81173
2.79573
2.78021
2.76515
2.75054
2.73635
3.51947
3.47939
3.44077
3.40359
3.36779
3.33329
3.30005
3.26799
3.23708
3.20725
3.17846
3.15066
3.12381
3.09787
3.0728
3.04856
3.02512
3.00245
2.98051
2.95927
2.93871
2.9188
2.89952
2.88083
2.86273
2.84518
2.82816
2.81166
2.79566
2.78013
2.76507
2.75045
2.73625
3.51947
3.47938
3.44077
3.40359
3.36779
3.33329
3.30004
3.26799
3.23707
3.20724
3.17844
3.15064
3.12379
3.09785
3.07278
3.04853
3.02509
3.00241
2.98047
2.95923
2.93867
2.91876
2.89947
2.88078
2.86267
2.84512
2.8281
2.81159
2.79559
2.78005
2.76498
2.75036
2.73616
3.51947
3.47938
3.44077
3.40359
3.36778
3.33328
3.30004
3.26798
3.23706
3.20723
3.17843
3.15063
3.12377
3.09783
3.07275
3.04851
3.02507
3.00239
2.98044
2.9592
2.93863
2.91872
2.89943
2.88074
2.86262
2.84506
2.82804
2.81153
2.79552
2.77998
2.76491
2.75028
2.73607
3.51947
3.47938
3.44077
3.40359
3.36778
3.33328
3.30003
3.26797
3.23705
3.20722
3.17842
3.15062
3.12376
3.09781
3.07273
3.04849
3.02504
3.00236
2.98041
2.95917
2.9386
2.91868
2.89939
2.88069
2.86257
2.84501
2.82798
2.81147
2.79545
2.77991
2.76483
2.7502
2.73599
3.51947
3.47938
3.44077
3.40359
3.36778
3.33328
3.30003
3.26797
3.23705
3.20721
3.17841
3.1506
3.12375
3.0978
3.07272
3.04847
3.02502
3.00234
2.98038
2.95914
2.93857
2.91865
2.89935
2.88065
2.86253
2.84497
2.82793
2.81142
2.7954
2.77985
2.76477
2.75012
2.73591
3.51947
3.47938
3.44077
3.40359
3.36778
3.33328
3.30003
3.26796
3.23704
3.2072
3.1784
3.1506
3.12374
3.09779
3.0727
3.04845
3.025
3.00232
2.98036
2.95911
2.93854
2.91862
2.89932
2.88062
2.86249
2.84492
2.82789
2.81137
2.79534
2.77979
2.7647
2.75006
2.73584
3.51947
3.47938
3.44077
3.40359
3.36778
3.33328
3.30002
3.26796
3.23704
3.2072
3.1784
3.15059
3.12373
3.09778
3.07269
3.04844
3.02499
3.0023
2.98034
2.95909
2.93852
2.91859
2.89929
2.88058
2.86246
2.84489
2.82785
2.81132
2.79529
2.77974
2.76465
2.75
2.73577
3.51947
3.47938
3.44077
3.40359
3.36778
3.33327
3.30002
3.26796
3.23703
3.20719
3.17839
3.15058
3.12372
3.09777
3.07268
3.04843
3.02498
3.00228
2.98033
2.95907
2.9385
2.91857
2.89926
2.88056
2.86243
2.84485
2.82781
2.81128
2.79525
2.77969
2.7646
2.74994
2.73571
3.51947
3.47938
3.44077
3.40359
3.36778
3.33327
3.30002
3.26796
3.23703
3.20719
3.17839
3.15058
3.12372
3.09776
3.07268
3.04842
3.02497
3.00227
2.98032
2.95906
2.93848
2.91855
2.89924
2.88053
2.8624
2.84483
2.82778
2.81125
2.79521
2.77965
2.76455
2.7499
2.73566
3.51947
3.47938
3.44077
3.40359
3.36778
3.33327
3.30002
3.26796
3.23703
3.20719
3.17839
3.15058
3.12371
3.09776
3.07267
3.04842
3.02496
3.00227
2.98031
2.95905
2.93847
2.91854
2.89923
2.88052
2.86238
2.84481
2.82776
2.81123
2.79519
2.77962
2.76452
2.74986
2.73562
3.51947
3.47938
3.44077
3.40359
3.36778
3.33327
3.30002
3.26796
3.23703
3.20719
3.17839
3.15058
3.12371
3.09776
3.07267
3.04841
3.02496
3.00226
2.9803
2.95905
2.93846
2.91853
2.89922
2.88051
2.86238
2.8448
2.82775
2.81122
2.79518
2.77961
2.76451
2.74985
2.73561
3.51947
3.47938
3.44077
3.40359
3.36778
3.33327
3.30002
3.26796
3.23703
3.20719
3.17839
3.15058
3.12372
3.09776
3.07268
3.04843
3.02497
3.00228
2.98032
2.95907
2.93849
2.91856
2.89926
2.88055
2.86243
2.84485
2.82781
2.81129
2.79526
2.77971
2.76461
2.74997
2.73574
3.51947
3.47938
3.44077
3.40359
3.36778
3.33327
3.30002
3.26796
3.23704
3.2072
3.1784
3.15059
3.12374
3.09779
3.07272
3.04848
3.02504
3.00237
2.98043
2.9592
2.93866
2.91876
2.89949
2.88082
2.86274
2.84521
2.82822
2.81175
2.79578
2.78028
2.76525
2.75067
2.73651
3.51947
3.47938
3.44077
3.40359
3.36778
3.33329
3.30004
3.268
3.2371
3.2073
3.17854
3.15079
3.124
3.09812
3.07313
3.04899
3.02566
3.00311
2.98131
2.96023
2.93984
2.92012
2.90104
2.88257
2.86469
2.84739
2.83063
2.8144
2.79867
2.78343
2.76867
2.75435
2.74047
3.51947
3.47938
3.44078
3.40362
3.36785
3.33342
3.30028
3.26838
3.23767
3.20809
3.17962
3.15221
3.12581
3.10039
3.0759
3.05232
3.0296
3.00771
2.98662
2.96629
2.94669
2.92779
2.90956
2.89197
2.875
2.85862
2.8428
2.82752
2.81276
2.7985
2.78471
2.77138
2.75848
3.51947
3.47942
3.44096
3.40413
3.36893
3.33532
3.30325
3.27265
3.24349
3.2157
3.18922
3.16401
3.13999
3.11713
3.09534
3.07459
3.05482
3.03596
3.01798
3.00081
2.98441
2.96874
2.95375
2.93941
2.92567
2.9125
2.89987
2.88774
2.87609
2.86489
2.85411
2.84373
2.83373
3.5195
3.48076
3.44539
3.41321
3.38396
3.35745
3.33349
3.31192
3.29255
3.27519
3.25966
3.24577
3.23335
3.22224
3.21229
3.20337
3.19534
3.18811
3.18158
3.17565
3.17025
3.16532
3.16078
3.1566
3.15272
3.14911
3.14572
3.14253
3.13951
3.13663
3.13388
3.13123
3.12868
3.52507
3.51486
3.52101
3.53643
3.55824
3.58493
3.61543
3.64886
3.68439
3.72134
3.75916
3.79741
3.83573
3.87383
3.91149
3.94855
3.98485
4.02032
4.05487
4.08846
4.12105
4.15262
4.18317
4.21269
4.2412
4.2687
4.29521
4.32076
4.34537
4.36906
4.39186
4.4138
4.43492
3.84201
4.38784
4.87759
5.34307
5.79571
6.23693
6.66469
7.07765
7.47579
7.85972
8.23018
8.58792
8.93372
9.26827
9.5922
9.90608
10.2104
10.5055
10.7919
11.0698
11.3396
11.6016
11.8559
12.1029
12.3428
12.5757
12.8019
13.0217
13.2351
13.4424
13.6439
13.8395
14.0298
30.2673
32.7691
35.3054
37.8488
40.3863
42.91
45.413
47.8882
50.3292
52.7298
55.0848
57.3895
59.6401
61.8331
63.9659
66.0363
68.0427
69.9841
71.8597
73.6692
75.4128
77.0908
78.7039
80.2529
81.7391
83.1636
84.528
85.8336
87.0821
88.2752
89.4147
90.502
91.5403
126.126
366.775
552.729
636.674
673.735
708.089
738.719
751.768
744.12
721.441
690.656
656.579
621.872
587.908
555.422
524.819
496.307
469.966
445.78
423.666
403.491
385.081
368.243
352.785
338.527
325.318
313.032
301.568
290.839
280.769
271.286
262.322
253.808
245.676
237.858
230.284
222.887
215.602
208.38
201.186
194.015
186.889
179.855
172.975
166.307
159.889
153.722
147.766
141.949
136.186
130.402
124.55
118.626
112.661
106.712
100.84
95.0901
89.4818
84.0083
78.6471
73.3778
68.1991
63.1416
58.274
53.7046
49.5843
46.1166
43.5687
42.2512
42.4112
44.0588
46.871
50.2867
53.7148
56.6964
58.9567
60.3808
60.9635
60.7638
59.8714
58.3874
56.413
54.0441
51.369
48.4687
45.4169
42.2813
39.1244
36.0053
32.982
30.1152
27.4749
25.1474
23.2305
21.8042
20.881
20.3896
20.1896
20.1705
20.2106
19.3634
38.388
66.6926
92.894
114.779
137.931
167.36
203.144
241.38
277.286
307.349
329.854
344.546
352.132
353.852
351.148
345.41
337.805
329.208
320.196
311.104
302.089
293.198
284.423
275.746
267.16
258.678
250.325
242.135
234.136
226.347
218.773
211.408
204.232
197.219
190.334
183.537
176.791
170.065
163.343
156.634
149.973
143.417
137.038
130.907
125.07
119.542
114.29
109.247
104.327
99.4471
94.5539
89.6311
84.7018
79.8159
75.0308
70.392
65.9202
61.6093
57.4356
53.3742
49.4151
45.5754
41.9052
38.4872
35.4386
32.9199
31.1537
30.423
30.9892
32.9222
35.9745
39.6431
43.3649
46.6838
49.3152
51.1297
52.1088
52.301
51.7893
50.6718
49.049
47.0185
44.6715
42.0925
39.3588
36.5412
33.7047
30.9102
28.2163
25.6834
23.379
21.3829
19.7822
18.6455
17.9786
17.7095
17.7059
17.8469
18.1098
9.42275
10.0982
12.2795
15.5352
19.0547
22.7548
27.3045
33.4768
41.7531
52.1548
64.2644
77.397
90.8178
103.907
116.235
127.555
137.749
146.768
154.582
161.16
166.466
170.476
173.19
174.647
174.926
174.144
172.443
169.979
166.901
163.349
159.437
155.256
150.873
146.335
141.671
136.898
132.022
127.043
121.963
116.795
111.566
106.323
101.134
96.0751
91.2238
86.6389
82.347
78.3347
74.5508
70.921
67.3682
63.8338
60.2922
56.7533
53.2546
49.8451
46.5676
43.4448
40.4756
37.6403
34.9137
32.2796
29.7417
27.3287
25.0936
23.1132
21.4946
20.3953
20.0458
20.7132
22.5585
25.4722
29.0663
32.8333
36.3225
39.2272
41.3884
42.76
43.3685
43.282
42.5885
41.3833
39.7616
37.8145
35.6272
33.2784
30.8398
28.3773
25.9512
23.6191
21.4389
19.4736
17.795
16.4794
15.5868
15.1232
15.0244
15.173
15.4401
15.8967
6.09622
6.15866
6.34845
6.71677
7.21254
7.78137
8.4419
9.29492
10.4499
11.9822
13.9235
16.2656
18.9751
22.0153
25.365
29.0271
33.0237
37.3801
42.1025
47.1572
52.4556
57.8528
63.16
68.1703
72.6891
76.5622
79.6928
82.0447
83.634
84.513
84.7539
84.4344
83.6287
82.4024
80.8107
78.8983
76.7013
74.2497
71.5715
68.6985
65.6708
62.5405
59.3716
56.2355
53.2032
50.3338
47.6642
45.2009
42.9197
40.7729
38.7033
36.6611
34.6169
32.5682
30.5353
28.5522
26.6526
24.8591
23.1767
21.5949
20.0952
18.6612
17.2875
15.9849
14.7797
13.7128
12.8414
12.2546
12.1036
12.6154
14.0181
16.3746
19.4791
22.9343
26.3171
29.298
31.6765
33.3647
34.3543
34.6875
34.4338
33.6765
32.5031
31
29.2499
27.3296
25.3098
23.2548
21.223
19.2688
17.4458
15.8107
14.4268
13.3616
12.6695
12.3613
12.3852
12.6434
13.0016
13.6161
4.49314
4.52477
4.56415
4.62496
4.71006
4.81435
4.93637
5.08785
5.28929
5.5587
5.90652
6.33495
6.84013
7.41667
8.06247
8.78236
9.58952
10.5045
11.5523
12.7575
14.1388
15.7023
17.4361
19.3081
21.267
23.2482
25.1825
27.0047
28.6602
30.1085
31.3225
32.2868
32.9942
33.4441
33.6398
33.5883
33.2993
32.785
32.0615
31.1491
30.0748
28.8726
27.5833
26.2526
24.9267
23.6474
22.4459
21.3385
20.3241
19.3859
18.4969
17.6284
16.7589
15.8799
14.9963
14.1237
13.2811
12.4845
11.7422
11.0527
10.4082
9.79881
9.21809
8.66686
8.15432
7.69742
7.32094
7.06398
7.00028
7.26942
8.07592
9.59555
11.8322
14.5736
17.4866
20.2477
22.6189
24.4625
25.7242
26.4084
26.5564
26.231
25.5052
24.4554
23.1571
21.6823
20.0975
18.4634
16.8348
15.2616
13.791
12.4716
11.3572
10.5067
9.972
9.77191
9.87124
10.1941
10.6047
11.3312
3.68578
3.6983
3.71104
3.72596
3.74456
3.767
3.79302
3.8243
3.86502
3.92022
3.99395
4.08819
4.20277
4.33629
4.48737
4.65579
4.84318
5.0531
5.29061
5.56152
5.87136
6.22426
6.62191
7.06264
7.54106
8.04824
8.57246
9.10053
9.61904
10.1154
10.5783
10.998
11.3657
11.6737
11.915
12.0838
12.1753
12.1866
12.1167
11.9677
11.7448
11.457
11.1167
10.7392
10.3414
9.93977
9.54903
9.17976
8.83718
8.52053
8.22377
7.93777
7.65336
7.36435
7.06922
6.77119
6.47663
6.19271
5.92504
5.67613
5.44521
5.22939
5.02561
4.83267
4.6525
4.49054
4.35569
4.26199
4.23653
4.33909
4.6853
5.43392
6.70499
8.48286
10.6006
12.8136
14.8877
16.6505
18.0009
18.8991
19.3497
19.3864
19.0604
18.4322
17.565
16.5216
15.3616
14.1395
12.9049
11.7017
10.5701
9.54922
8.68115
8.01429
7.59738
7.45921
7.58457
7.92293
8.34222
9.12345
3.25194
3.25288
3.25381
3.25487
3.25637
3.25849
3.26125
3.26489
3.2702
3.27852
3.29125
3.30951
3.33379
3.3641
3.40015
3.44181
3.48927
3.54323
3.60479
3.67525
3.75588
3.84762
3.9508
4.065
4.18897
4.32063
4.45725
4.59574
4.73288
4.86563
4.99121
5.10714
5.21121
5.30136
5.37563
5.43211
5.46906
5.485
5.4789
5.45035
5.39979
5.32859
5.23914
5.13474
5.01938
4.89741
4.77316
4.65043
4.53211
4.41974
4.31329
4.21136
4.1117
4.01204
3.91088
3.808
3.70445
3.60221
3.50355
3.41031
3.32346
3.24305
3.16851
3.09935
3.0358
2.97924
2.93238
2.8996
2.88905
2.92011
3.03818
3.32689
3.89126
4.80298
6.0463
7.5122
9.04074
10.4741
11.6907
12.6154
13.2162
13.494
13.4729
13.1915
12.6963
12.0367
11.2617
10.4175
9.54614
8.68476
7.86604
7.11966
6.47577
5.96955
5.64192
5.52808
5.63374
5.93696
6.31838
7.08636
3.00892
3.00296
2.99705
2.99112
2.9852
2.97934
2.97357
2.96791
2.9625
2.95761
2.95364
2.95099
2.94997
2.95076
2.95341
2.95798
2.96458
2.97344
2.98492
2.99944
3.01739
3.03905
3.0645
3.09357
3.12581
3.16053
3.1968
3.2336
3.26987
3.30459
3.33684
3.36582
3.39084
3.41131
3.42667
3.4364
3.44001
3.43709
3.42731
3.4105
3.38669
3.35613
3.31934
3.27706
3.23025
3.18001
3.12751
3.07393
3.02036
2.96765
2.91636
2.86663
2.81824
2.77073
2.72357
2.67643
2.62928
2.58247
2.53664
2.49254
2.4509
2.41219
2.37665
2.34436
2.31543
2.29022
2.26946
2.25436
2.24704
2.25272
2.28549
2.3774
2.58199
2.95979
3.54795
4.33448
5.25617
6.21892
7.12552
7.89645
8.47936
8.84941
9.0049
8.96128
8.7453
8.39011
7.93135
7.40427
6.84179
6.2732
5.72373
5.21502
4.76716
4.40261
4.15015
4.0426
4.09997
4.32775
4.63
5.31416
2.8717
2.86132
2.85101
2.84073
2.83045
2.82017
2.8099
2.79965
2.78942
2.77927
2.76926
2.75951
2.7501
2.74114
2.73267
2.72477
2.71751
2.711
2.70542
2.70094
2.69773
2.69593
2.6956
2.69669
2.69905
2.70243
2.70648
2.71081
2.71501
2.71865
2.72138
2.72287
2.72283
2.72104
2.71729
2.7114
2.70323
2.69262
2.67947
2.66373
2.64538
2.62448
2.60117
2.57564
2.54816
2.51902
2.48859
2.45722
2.42533
2.39329
2.36144
2.33005
2.29927
2.26911
2.23952
2.21038
2.18162
2.15327
2.12545
2.09841
2.07249
2.048
2.02523
2.00439
1.98561
1.96903
1.95484
1.94327
1.93477
1.93046
1.93401
1.95553
2.0159
2.14617
2.37776
2.72732
3.18593
3.71881
4.27463
4.79865
5.24393
5.5778
5.78357
5.85907
5.81353
5.66403
5.43216
5.14122
4.81406
4.47166
4.13217
3.81079
3.52053
3.27464
3.09021
2.99079
2.99859
3.13631
3.33743
3.88092
2.7959
2.78254
2.76926
2.75605
2.74286
2.7297
2.71656
2.70345
2.69036
2.67729
2.66425
2.65124
2.63828
2.6254
2.6126
2.59991
2.58738
2.57506
2.56302
2.55136
2.54016
2.52949
2.51941
2.50991
2.50097
2.49249
2.48435
2.47639
2.46844
2.46034
2.45191
2.44303
2.43355
2.42338
2.41244
2.40065
2.38794
2.37428
2.3596
2.34389
2.32712
2.30932
2.2905
2.2707
2.25001
2.22849
2.20627
2.18348
2.16027
2.13681
2.1133
2.08991
2.06679
2.04404
2.02171
1.99981
1.97833
1.95723
1.93656
1.91638
1.89682
1.87804
1.8602
1.84346
1.82793
1.81365
1.80064
1.78887
1.7783
1.76904
1.76184
1.75938
1.76853
1.80186
1.87609
2.0064
2.1993
2.44837
2.73477
3.03161
3.31008
3.5449
3.71798
3.81979
3.84899
3.81091
3.71558
3.57575
3.40508
3.21686
3.02302
2.83367
2.65718
2.50126
2.37507
2.29234
2.2692
2.3312
2.43767
2.81614
2.75592
2.74056
2.72528
2.71007
2.69491
2.67979
2.66471
2.64967
2.63466
2.61969
2.60474
2.58982
2.5749
2.55999
2.54507
2.53017
2.51528
2.50044
2.48567
2.47101
2.45652
2.44223
2.42817
2.41437
2.40081
2.38747
2.3743
2.36126
2.34826
2.33525
2.32215
2.3089
2.29544
2.28174
2.26776
2.25346
2.23882
2.22381
2.20843
2.19265
2.17645
2.15983
2.14278
2.12529
2.10737
2.08904
2.07032
2.05127
2.03197
2.01249
1.99295
1.97346
1.95412
1.93502
1.91622
1.89775
1.8796
1.8618
1.84433
1.82722
1.81051
1.79428
1.7786
1.76355
1.74917
1.73546
1.72235
1.70974
1.69747
1.6854
1.67355
1.66253
1.65428
1.65311
1.66611
1.70183
1.76728
1.86474
1.99007
2.13319
2.28035
2.41699
2.53031
2.61117
2.65476
2.66052
2.63144
2.57299
2.49206
2.39599
2.29183
2.18582
2.0832
1.98851
1.90653
1.84431
1.81075
1.82541
1.8647
2.0923
2.73613
2.71951
2.70295
2.68644
2.66998
2.65356
2.63719
2.62086
2.60457
2.58831
2.5721
2.55591
2.53974
2.52357
2.50741
2.49124
2.47508
2.45892
2.4428
2.42671
2.41069
2.39476
2.37895
2.36325
2.34768
2.33223
2.31689
2.30163
2.28644
2.27127
2.25611
2.24093
2.22571
2.21043
2.19507
2.17964
2.16412
2.14849
2.13277
2.11692
2.10094
2.0848
2.0685
2.05202
2.03533
2.01843
2.00132
1.98403
1.9666
1.94907
1.93151
1.914
1.89662
1.87941
1.86242
1.84568
1.82921
1.81299
1.79705
1.78138
1.766
1.75094
1.73623
1.72189
1.70792
1.69426
1.68083
1.66749
1.65405
1.64033
1.62621
1.61176
1.59747
1.58466
1.5759
1.57496
1.58607
1.61242
1.65477
1.71073
1.77514
1.84113
1.90151
1.95005
1.9823
1.99598
1.99092
1.96868
1.93207
1.8846
1.82997
1.77171
1.7129
1.65619
1.60408
1.56
1.52805
1.52023
1.52296
1.63829
2.72705
2.70968
2.69236
2.67507
2.65782
2.6406
2.62342
2.60627
2.58915
2.57207
2.55502
2.53801
2.52101
2.50404
2.48707
2.47011
2.45316
2.43623
2.41931
2.40243
2.38559
2.36882
2.35211
2.33549
2.31896
2.30252
2.28617
2.26989
2.25367
2.23752
2.22141
2.20533
2.18929
2.17327
2.15728
2.14131
2.12536
2.10943
2.09352
2.07761
2.06169
2.04576
2.02978
2.01373
1.9976
1.98136
1.96502
1.94858
1.93207
1.91551
1.89896
1.88247
1.86609
1.84985
1.8338
1.81795
1.80231
1.78688
1.77166
1.75665
1.74187
1.72731
1.71299
1.6989
1.68499
1.67122
1.65746
1.64357
1.62937
1.61468
1.59936
1.58337
1.56682
1.55012
1.53412
1.52027
1.51052
1.50691
1.51092
1.52281
1.54138
1.56411
1.58769
1.60866
1.62404
1.6317
1.63055
1.62053
1.60239
1.57751
1.54757
1.51437
1.47955
1.44461
1.41083
1.37987
1.35338
1.33774
1.32559
1.3706
2.72318
2.70542
2.68769
2.66997
2.65228
2.6346
2.61695
2.59932
2.58171
2.56413
2.54657
2.52904
2.51154
2.49405
2.47657
2.45911
2.44167
2.42424
2.40684
2.38947
2.37214
2.35487
2.33767
2.32054
2.30349
2.28652
2.26963
2.25282
2.23609
2.21943
2.20284
2.18632
2.16986
2.15347
2.13715
2.1209
2.10472
2.08861
2.07257
2.0566
2.04068
2.0248
2.00893
1.99306
1.97717
1.96124
1.94525
1.92923
1.91316
1.89709
1.88105
1.86508
1.8492
1.83346
1.81787
1.80245
1.78721
1.77213
1.75723
1.7425
1.72794
1.71356
1.69933
1.68524
1.67125
1.65728
1.64321
1.6289
1.6142
1.59892
1.58295
1.56621
1.54875
1.53071
1.5124
1.49436
1.47739
1.46249
1.45064
1.44256
1.43836
1.43751
1.43885
1.44086
1.44193
1.44066
1.43602
1.4275
1.41504
1.39896
1.37989
1.35859
1.33585
1.31242
1.28894
1.26618
1.24479
1.22772
1.21178
1.21873
2.72162
2.70368
2.68574
2.66781
2.64989
2.63197
2.61407
2.59618
2.5783
2.56044
2.5426
2.52477
2.50696
2.48917
2.47139
2.45362
2.43587
2.41815
2.40045
2.38278
2.36515
2.34758
2.33007
2.31263
2.29526
2.27798
2.26078
2.24366
2.22663
2.20968
2.19281
2.17603
2.15933
2.14272
2.12619
2.10976
2.09343
2.07719
2.06105
2.045
2.02902
2.01312
1.99726
1.98144
1.96563
1.94981
1.93398
1.91814
1.9023
1.88647
1.87067
1.85495
1.83932
1.82381
1.80844
1.79321
1.77812
1.76319
1.74839
1.73374
1.71922
1.70483
1.69056
1.67636
1.6622
1.648
1.63364
1.619
1.60393
1.58828
1.57193
1.55483
1.53699
1.51849
1.49948
1.48019
1.46098
1.44229
1.42464
1.40853
1.3943
1.38204
1.37155
1.36233
1.35371
1.34498
1.33549
1.32477
1.31254
1.29874
1.2835
1.26705
1.2497
1.23175
1.21349
1.19525
1.17728
1.16072
1.14507
1.1339
2.721
2.70297
2.68494
2.66691
2.64887
2.63084
2.61281
2.59479
2.57677
2.55876
2.54077
2.52278
2.5048
2.48684
2.46889
2.45095
2.43303
2.41512
2.39725
2.3794
2.36159
2.34384
2.32614
2.3085
2.29094
2.27346
2.25606
2.23874
2.22151
2.20437
2.18731
2.17035
2.15348
2.13671
2.12004
2.10347
2.08701
2.07066
2.05441
2.03827
2.02222
2.00625
1.99035
1.9745
1.95869
1.94289
1.92711
1.91134
1.89559
1.87986
1.86418
1.84857
1.83305
1.81764
1.80234
1.78718
1.77214
1.75723
1.74243
1.72776
1.71319
1.69872
1.68432
1.66997
1.65561
1.64117
1.62655
1.61163
1.59627
1.58036
1.56379
1.54652
1.52854
1.50991
1.49074
1.47117
1.45138
1.43161
1.41211
1.39318
1.37507
1.35798
1.34197
1.32698
1.31283
1.29922
1.28586
1.27245
1.25878
1.24468
1.23011
1.21508
1.19965
1.1839
1.16792
1.15181
1.1357
1.11981
1.1052
1.08634
2.72072
2.70265
2.68458
2.66649
2.64841
2.63032
2.61223
2.59414
2.57605
2.55797
2.53989
2.52182
2.50375
2.4857
2.46765
2.44962
2.4316
2.4136
2.39562
2.37767
2.35976
2.34189
2.32407
2.30632
2.28863
2.27101
2.25348
2.23602
2.21865
2.20137
2.18418
2.16709
2.15009
2.13319
2.1164
2.09971
2.08314
2.06668
2.05032
2.03408
2.01793
2.00188
1.98591
1.97
1.95414
1.93832
1.92253
1.90676
1.89103
1.87534
1.8597
1.84413
1.82864
1.81325
1.79797
1.78281
1.76775
1.7528
1.73796
1.72322
1.70856
1.69397
1.67943
1.66491
1.65035
1.63568
1.62082
1.60566
1.59008
1.57397
1.55726
1.5399
1.52189
1.50327
1.48413
1.46459
1.44477
1.42481
1.40488
1.38515
1.36577
1.34692
1.32868
1.31114
1.29426
1.278
1.26223
1.24683
1.23167
1.21663
1.20163
1.1866
1.17151
1.15635
1.14112
1.12579
1.11048
1.09493
1.08107
1.05923
2.72055
2.70246
2.68436
2.66626
2.64814
2.63002
2.6119
2.59377
2.57565
2.55752
2.5394
2.52128
2.50317
2.48506
2.46697
2.44888
2.43081
2.41275
2.39471
2.3767
2.35873
2.34079
2.3229
2.30507
2.28729
2.26959
2.25196
2.2344
2.21693
2.19955
2.18225
2.16505
2.14795
2.13095
2.11405
2.09726
2.08058
2.06401
2.04755
2.0312
2.01496
1.99881
1.98275
1.96676
1.95084
1.93496
1.91913
1.90335
1.8876
1.8719
1.85626
1.84069
1.8252
1.8098
1.7945
1.7793
1.7642
1.74919
1.73427
1.71944
1.70467
1.68995
1.67527
1.66057
1.64582
1.63095
1.61588
1.60051
1.58474
1.56849
1.55169
1.53428
1.51629
1.49775
1.47872
1.45931
1.43962
1.41976
1.39986
1.38003
1.36038
1.34102
1.32205
1.30355
1.28554
1.26804
1.25103
1.23447
1.21829
1.20243
1.18682
1.17139
1.1561
1.14088
1.1257
1.11052
1.09541
1.07993
1.0664
1.04344
2.72042
2.70232
2.68421
2.66608
2.64795
2.62981
2.61166
2.59351
2.57536
2.55721
2.53906
2.52092
2.50277
2.48464
2.46651
2.44839
2.43028
2.41219
2.39412
2.37607
2.35805
2.34007
2.32213
2.30424
2.28641
2.26864
2.25094
2.23331
2.21576
2.1983
2.18092
2.16363
2.14643
2.12934
2.11235
2.09546
2.07868
2.06202
2.04546
2.02901
2.01267
1.99643
1.98027
1.9642
1.9482
1.93226
1.91638
1.90054
1.88476
1.86904
1.85338
1.83778
1.82227
1.80684
1.7915
1.77625
1.76109
1.74601
1.73101
1.71608
1.7012
1.68636
1.67153
1.65667
1.64175
1.62669
1.61143
1.59588
1.57997
1.5636
1.54673
1.52931
1.51137
1.49292
1.47403
1.45478
1.43528
1.41561
1.39587
1.37616
1.35658
1.33719
1.31808
1.29932
1.28094
1.26297
1.24542
1.2283
1.21156
1.19518
1.17911
1.16329
1.14769
1.13224
1.1169
1.1016
1.08644
1.07089
1.05743
1.034
2.72031
2.70219
2.68407
2.66593
2.64778
2.62962
2.61146
2.59329
2.57513
2.55696
2.53879
2.52062
2.50245
2.48429
2.46614
2.448
2.42986
2.41175
2.39365
2.37557
2.35752
2.33951
2.32153
2.3036
2.28573
2.26791
2.25015
2.23246
2.21485
2.19731
2.17986
2.1625
2.14522
2.12805
2.11097
2.094
2.07713
2.06037
2.04373
2.02718
2.01075
1.99441
1.97817
1.96201
1.94593
1.92992
1.91397
1.89809
1.88226
1.8665
1.8508
1.83517
1.81962
1.80415
1.78876
1.77345
1.75823
1.74308
1.728
1.71297
1.69798
1.68302
1.66806
1.65305
1.63797
1.62275
1.60733
1.59163
1.57559
1.55913
1.54221
1.5248
1.50691
1.48856
1.46982
1.45075
1.43144
1.41198
1.39245
1.37293
1.35351
1.33425
1.31522
1.29646
1.27803
1.25995
1.24223
1.22487
1.20788
1.19123
1.17489
1.15881
1.14297
1.1273
1.11177
1.09631
1.08103
1.06535
1.05186
1.02819
2.7202
2.70208
2.68394
2.66578
2.64762
2.62945
2.61128
2.5931
2.57491
2.55673
2.53854
2.52035
2.50217
2.48399
2.46581
2.44765
2.4295
2.41136
2.39324
2.37514
2.35706
2.33902
2.32101
2.30305
2.28513
2.26727
2.24946
2.23173
2.21406
2.19646
2.17895
2.16151
2.14417
2.12692
2.10977
2.09272
2.07577
2.05892
2.04219
2.02556
2.00903
1.99261
1.97628
1.96004
1.94388
1.9278
1.91179
1.89584
1.87997
1.86416
1.84842
1.83275
1.81715
1.80163
1.78619
1.77083
1.75554
1.74032
1.72515
1.71003
1.69494
1.67987
1.66478
1.64964
1.63442
1.61905
1.60349
1.58766
1.57152
1.55499
1.53804
1.52065
1.50282
1.48458
1.46598
1.44708
1.42797
1.40871
1.38938
1.37007
1.35084
1.33176
1.31287
1.29422
1.27586
1.2578
1.24006
1.22266
1.20558
1.18881
1.17233
1.15611
1.1401
1.12428
1.10861
1.09302
1.07762
1.06184
1.04828
1.02446
2.7201
2.70196
2.68381
2.66565
2.64748
2.6293
2.61111
2.59291
2.57471
2.55651
2.53831
2.5201
2.5019
2.4837
2.46551
2.44733
2.42916
2.411
2.39285
2.37473
2.35663
2.33856
2.32053
2.30253
2.28458
2.26668
2.24883
2.23105
2.21333
2.19568
2.17811
2.16062
2.14321
2.12589
2.10867
2.09154
2.07452
2.05759
2.04078
2.02406
2.00745
1.99094
1.97453
1.95821
1.94198
1.92583
1.90975
1.89375
1.87782
1.86196
1.84617
1.83045
1.81481
1.79924
1.78375
1.76833
1.75298
1.73768
1.72244
1.70723
1.69205
1.67687
1.66166
1.6464
1.63105
1.61556
1.59988
1.58395
1.56771
1.55113
1.53416
1.5168
1.49903
1.4809
1.46244
1.44371
1.42478
1.40572
1.3866
1.36749
1.34845
1.32955
1.31082
1.29231
1.27406
1.25608
1.23839
1.22101
1.20392
1.18711
1.17057
1.15427
1.13818
1.12227
1.1065
1.09083
1.07534
1.05948
1.04587
1.02194
2.72
2.70186
2.6837
2.66553
2.64734
2.62915
2.61095
2.59274
2.57453
2.55631
2.53809
2.51987
2.50165
2.48344
2.46523
2.44703
2.42883
2.41066
2.39249
2.37435
2.35623
2.33813
2.32007
2.30205
2.28406
2.26613
2.24824
2.23041
2.21265
2.19495
2.17732
2.15977
2.14231
2.12493
2.10764
2.09044
2.07335
2.05635
2.03946
2.02267
2.00598
1.98939
1.9729
1.9565
1.9402
1.92398
1.90784
1.89178
1.87579
1.85988
1.84404
1.82828
1.81258
1.79697
1.78142
1.76594
1.75052
1.73516
1.71984
1.70455
1.68928
1.674
1.65869
1.64333
1.62787
1.61227
1.59648
1.58046
1.56416
1.54754
1.53056
1.51323
1.49553
1.4775
1.45918
1.44061
1.42186
1.40299
1.38407
1.36515
1.3463
1.32757
1.309
1.29064
1.2725
1.25462
1.23701
1.21967
1.20261
1.1858
1.16925
1.15292
1.13678
1.12081
1.10499
1.08926
1.07372
1.05781
1.04416
1.02017
2.71991
2.70176
2.68359
2.66541
2.64722
2.62901
2.6108
2.59258
2.57435
2.55612
2.53789
2.51965
2.50142
2.48319
2.46496
2.44674
2.42853
2.41033
2.39215
2.37399
2.35584
2.33773
2.31964
2.30158
2.28357
2.2656
2.24768
2.22981
2.212
2.19426
2.17658
2.15898
2.14146
2.12402
2.10667
2.08941
2.07225
2.05518
2.03822
2.02135
2.00459
1.98793
1.97137
1.9549
1.93852
1.92224
1.90603
1.88991
1.87387
1.85791
1.84202
1.82621
1.81047
1.7948
1.7792
1.76366
1.74818
1.73275
1.71736
1.702
1.68664
1.67128
1.65588
1.64042
1.62486
1.60917
1.5933
1.57721
1.56086
1.54421
1.52724
1.50995
1.49233
1.4744
1.45621
1.4378
1.41922
1.40054
1.3818
1.36307
1.3444
1.32584
1.30743
1.28921
1.27119
1.25342
1.23588
1.2186
1.20158
1.18479
1.16824
1.15189
1.13574
1.11974
1.10388
1.08811
1.07255
1.0566
1.04293
1.0189
2.71983
2.70167
2.68349
2.6653
2.6471
2.62888
2.61066
2.59243
2.57419
2.55594
2.5377
2.51945
2.5012
2.48295
2.46471
2.44647
2.42825
2.41003
2.39183
2.37364
2.35548
2.33734
2.31923
2.30115
2.2831
2.2651
2.24715
2.22924
2.21139
2.19361
2.17589
2.15824
2.14066
2.12317
2.10576
2.08844
2.07122
2.05409
2.03706
2.02012
2.00329
1.98656
1.96993
1.95339
1.93695
1.9206
1.90434
1.88816
1.87207
1.85605
1.84011
1.82425
1.80846
1.79274
1.77709
1.7615
1.74596
1.73047
1.71502
1.69959
1.68416
1.66872
1.65324
1.6377
1.62207
1.6063
1.59036
1.57422
1.55784
1.54118
1.52424
1.50699
1.48945
1.47164
1.45358
1.43533
1.41692
1.39841
1.37986
1.36131
1.34281
1.32442
1.30616
1.28807
1.27018
1.2525
1.23505
1.21783
1.20085
1.18409
1.16754
1.1512
1.13503
1.11901
1.10314
1.08735
1.07177
1.0558
1.04212
1.01807
2.71975
2.70158
2.6834
2.6652
2.64699
2.62876
2.61053
2.59229
2.57404
2.55578
2.53752
2.51926
2.501
2.48273
2.46448
2.44622
2.42798
2.40975
2.39153
2.37332
2.35514
2.33697
2.31884
2.30073
2.28266
2.26463
2.24664
2.22871
2.21082
2.19299
2.17523
2.15754
2.13992
2.12237
2.10491
2.08754
2.07025
2.05307
2.03597
2.01898
2.00208
1.98529
1.96859
1.95199
1.93549
1.91908
1.90276
1.88653
1.87038
1.85431
1.83833
1.82242
1.80659
1.79082
1.77512
1.75949
1.7439
1.72836
1.71285
1.69737
1.68188
1.66638
1.65084
1.63524
1.61954
1.60372
1.58775
1.57158
1.55519
1.53855
1.52164
1.50446
1.48702
1.46932
1.45141
1.43331
1.41507
1.39674
1.37836
1.35999
1.34166
1.32343
1.30531
1.28736
1.26958
1.25199
1.23462
1.21746
1.20052
1.18379
1.16726
1.15092
1.13475
1.11872
1.10283
1.08703
1.07144
1.05547
1.04179
1.01773
2.71968
2.70151
2.68332
2.66511
2.64689
2.62866
2.61041
2.59216
2.5739
2.55563
2.53736
2.51908
2.50081
2.48253
2.46426
2.44599
2.42773
2.40948
2.39125
2.37302
2.35482
2.33664
2.31848
2.30035
2.28225
2.26419
2.24618
2.22821
2.21029
2.19243
2.17462
2.15689
2.13922
2.12164
2.10413
2.0867
2.06937
2.05213
2.03498
2.01793
2.00097
1.98412
1.96737
1.95071
1.93415
1.91769
1.90132
1.88504
1.86885
1.85274
1.83671
1.82077
1.8049
1.7891
1.77337
1.75769
1.74207
1.7265
1.71095
1.69543
1.67991
1.66437
1.64879
1.63316
1.61744
1.6016
1.58561
1.56945
1.55308
1.53648
1.51964
1.50255
1.48522
1.46765
1.44989
1.43195
1.41389
1.39573
1.37753
1.35933
1.34116
1.32308
1.3051
1.28727
1.2696
1.2521
1.2348
1.2177
1.2008
1.18409
1.16758
1.15124
1.13507
1.11904
1.10315
1.08735
1.07175
1.05579
1.04212
1.01808
2.71961
2.70144
2.68324
2.66503
2.6468
2.62856
2.6103
2.59204
2.57377
2.55549
2.53721
2.51892
2.50064
2.48235
2.46406
2.44578
2.42751
2.40924
2.39099
2.37275
2.35453
2.33633
2.31815
2.3
2.28188
2.2638
2.24575
2.22776
2.20981
2.19191
2.17408
2.15631
2.13861
2.12098
2.10343
2.08596
2.06858
2.0513
2.0341
2.017
2
1.9831
1.9663
1.9496
1.933
1.9165
1.90009
1.88378
1.86756
1.85142
1.83538
1.81941
1.80352
1.78771
1.77197
1.75628
1.74066
1.72508
1.70953
1.694
1.67848
1.66294
1.64738
1.63175
1.61604
1.60023
1.58427
1.56816
1.55185
1.53533
1.51858
1.50161
1.48441
1.46699
1.44939
1.43162
1.41372
1.39574
1.37771
1.35967
1.34166
1.32371
1.30586
1.28814
1.27056
1.25315
1.23591
1.21886
1.20199
1.18531
1.16881
1.15249
1.13632
1.1203
1.10442
1.08864
1.07307
1.05714
1.04352
1.01956
2.71956
2.70138
2.68317
2.66495
2.64672
2.62847
2.61021
2.59194
2.57366
2.55537
2.53708
2.51879
2.50049
2.48219
2.46389
2.4456
2.42732
2.40904
2.39077
2.37252
2.35428
2.33606
2.31787
2.2997
2.28157
2.26347
2.24541
2.22739
2.20942
2.1915
2.17364
2.15584
2.13812
2.12046
2.10288
2.08539
2.06798
2.05066
2.03344
2.01631
1.99929
1.98236
1.96554
1.94882
1.9322
1.91569
1.89927
1.88296
1.86674
1.85061
1.83458
1.81863
1.80277
1.78699
1.77128
1.75564
1.74006
1.72452
1.70903
1.69356
1.67809
1.66262
1.64712
1.63156
1.61593
1.60019
1.58433
1.5683
1.5521
1.5357
1.51908
1.50224
1.48519
1.46794
1.45049
1.43289
1.41516
1.39734
1.37946
1.36156
1.34369
1.32586
1.30812
1.29049
1.27299
1.25565
1.23847
1.22146
1.20464
1.18799
1.17153
1.15524
1.13911
1.12314
1.10732
1.09161
1.07613
1.06031
1.04679
1.02305
2.71952
2.70133
2.68312
2.6649
2.64666
2.62841
2.61014
2.59187
2.57358
2.55529
2.53699
2.51869
2.50039
2.48208
2.46378
2.44548
2.42719
2.40891
2.39063
2.37238
2.35414
2.33591
2.31772
2.29954
2.2814
2.2633
2.24523
2.22721
2.20924
2.19132
2.17346
2.15566
2.13793
2.12028
2.1027
2.08521
2.06781
2.0505
2.03328
2.01617
1.99916
1.98226
1.96546
1.94878
1.9322
1.91573
1.89937
1.88312
1.86697
1.85092
1.83498
1.81913
1.80337
1.7877
1.77211
1.75659
1.74114
1.72574
1.71038
1.69505
1.67973
1.66439
1.64903
1.63362
1.61813
1.60253
1.5868
1.57091
1.55485
1.53859
1.52211
1.50542
1.48852
1.47141
1.45411
1.43665
1.41906
1.40137
1.38362
1.36584
1.34808
1.33035
1.3127
1.29516
1.27774
1.26048
1.24337
1.22645
1.20971
1.19316
1.1768
1.16063
1.14464
1.12882
1.11318
1.09769
1.08245
1.06691
1.05367
1.03051
2.71951
2.70132
2.68312
2.66489
2.64666
2.62841
2.61014
2.59187
2.57359
2.55531
2.53701
2.51872
2.50043
2.48213
2.46384
2.44556
2.42728
2.40901
2.39076
2.37252
2.3543
2.33611
2.31794
2.2998
2.28169
2.26362
2.24559
2.22761
2.20969
2.19182
2.17401
2.15627
2.1386
2.12101
2.10351
2.0861
2.06878
2.05156
2.03444
2.01743
2.00054
1.98376
1.96709
1.95055
1.93412
1.91781
1.90163
1.88556
1.8696
1.85376
1.83803
1.8224
1.80688
1.79145
1.7761
1.76083
1.74562
1.73047
1.71535
1.70025
1.68516
1.67005
1.65489
1.63967
1.62436
1.60893
1.59335
1.57761
1.56168
1.54554
1.52918
1.5126
1.4958
1.47879
1.4616
1.44424
1.42675
1.40917
1.39152
1.37385
1.3562
1.33859
1.32108
1.30367
1.28641
1.26932
1.25241
1.2357
1.21921
1.20294
1.1869
1.17108
1.15549
1.14013
1.125
1.11008
1.09547
1.08067
1.0681
1.04638
2.71965
2.70149
2.6833
2.66511
2.6469
2.62868
2.61045
2.59221
2.57397
2.55573
2.53749
2.51925
2.50101
2.48278
2.46456
2.44635
2.42815
2.40997
2.39181
2.37367
2.35555
2.33747
2.31942
2.30141
2.28344
2.26551
2.24763
2.22982
2.21206
2.19436
2.17674
2.1592
2.14174
2.12437
2.1071
2.08992
2.07285
2.0559
2.03906
2.02234
2.00574
1.98927
1.97293
1.95672
1.94064
1.92469
1.90887
1.89317
1.8776
1.86215
1.84681
1.83158
1.81644
1.8014
1.78643
1.77152
1.75666
1.74184
1.72703
1.71222
1.69738
1.68249
1.66753
1.65247
1.63729
1.62196
1.60646
1.59077
1.57488
1.55878
1.54245
1.5259
1.50914
1.49219
1.47508
1.45782
1.44046
1.42303
1.40558
1.38814
1.37076
1.35348
1.33632
1.31934
1.30254
1.28598
1.26966
1.25362
1.23786
1.2224
1.20726
1.19244
1.17795
1.1638
1.15001
1.13656
1.12356
1.11059
1.09968
1.08142
2.72051
2.70244
2.68437
2.66629
2.6482
2.63012
2.61204
2.59397
2.5759
2.55784
2.53979
2.52175
2.50373
2.48573
2.46775
2.4498
2.43187
2.41398
2.39611
2.37829
2.3605
2.34276
2.32507
2.30743
2.28984
2.27232
2.25486
2.23747
2.22016
2.20292
2.18578
2.16873
2.15177
2.13492
2.11817
2.10154
2.08503
2.06864
2.05237
2.03624
2.02024
2.00437
1.98863
1.97303
1.95756
1.94222
1.92699
1.91189
1.8969
1.882
1.8672
1.85247
1.83781
1.82321
1.80863
1.79408
1.77952
1.76494
1.75033
1.73565
1.72089
1.70604
1.69106
1.67595
1.66068
1.64525
1.62964
1.61384
1.59787
1.58171
1.56538
1.54889
1.53227
1.51555
1.49874
1.4819
1.46506
1.44826
1.43155
1.41497
1.39856
1.38236
1.36642
1.35078
1.33546
1.3205
1.30595
1.29182
1.27815
1.26498
1.25232
1.24022
1.22869
1.21777
1.2075
1.19789
1.18902
1.18074
1.174
1.16437
2.7248
2.70713
2.68947
2.67183
2.65422
2.63663
2.61907
2.60153
2.58403
2.56656
2.54913
2.53173
2.51438
2.49707
2.4798
2.46259
2.44542
2.4283
2.41124
2.39424
2.3773
2.36042
2.3436
2.32686
2.31019
2.29359
2.27707
2.26063
2.24428
2.22802
2.21185
2.19578
2.17981
2.16394
2.14818
2.13253
2.11699
2.10156
2.08624
2.07103
2.05593
2.04094
2.02604
2.01124
1.99653
1.98189
1.96732
1.95281
1.93833
1.92388
1.90944
1.895
1.88053
1.86603
1.85147
1.83684
1.82213
1.80732
1.79241
1.77738
1.76224
1.74699
1.73162
1.71615
1.70059
1.68495
1.66925
1.65352
1.63779
1.62208
1.60642
1.59085
1.5754
1.56011
1.54502
1.53016
1.51558
1.50131
1.48739
1.47388
1.4608
1.44821
1.43616
1.42469
1.41387
1.40375
1.3944
1.38589
1.37829
1.37169
1.36615
1.36178
1.35864
1.35681
1.35636
1.35738
1.35984
1.36421
1.36867
1.38175
2.74396
2.72762
2.71135
2.69514
2.67899
2.66291
2.64689
2.63094
2.61505
2.59923
2.58347
2.56777
2.55215
2.53658
2.52108
2.50564
2.49026
2.47494
2.45969
2.44449
2.42935
2.41427
2.39924
2.38427
2.36936
2.3545
2.33969
2.32494
2.31024
2.29559
2.28099
2.26643
2.25192
2.23745
2.22302
2.20863
2.19426
2.17991
2.16558
2.15126
2.13693
2.12259
2.10822
2.09382
2.07937
2.06486
2.05027
2.0356
2.02083
2.00596
1.99098
1.97588
1.96067
1.94535
1.92994
1.91444
1.89889
1.8833
1.86772
1.85219
1.83676
1.82148
1.80642
1.79163
1.77719
1.76317
1.74963
1.73664
1.72426
1.71255
1.70156
1.69133
1.68189
1.67328
1.66553
1.65866
1.6527
1.6477
1.64368
1.6407
1.63884
1.63819
1.63884
1.64092
1.64458
1.64999
1.65733
1.66679
1.67858
1.69287
1.70987
1.72973
1.75259
1.77854
1.80763
1.83997
1.87516
1.91517
1.95086
2.02436
2.82252
2.80995
2.79748
2.78509
2.77278
2.76055
2.74838
2.73628
2.72422
2.71222
2.70025
2.68831
2.67639
2.66449
2.65259
2.64069
2.62878
2.61684
2.60489
2.59289
2.58085
2.56876
2.5566
2.54437
2.53206
2.51966
2.50717
2.49456
2.48184
2.46899
2.45601
2.44288
2.4296
2.41615
2.40253
2.38874
2.37476
2.3606
2.34624
2.33168
2.31694
2.30202
2.28692
2.27165
2.25625
2.24074
2.22515
2.20953
2.19392
2.17839
2.163
2.14784
2.133
2.11857
2.10466
2.0914
2.0789
2.0673
2.05675
2.04738
2.03934
2.03278
2.02783
2.02464
2.02334
2.02404
2.02685
2.03186
2.03914
2.04876
2.06076
2.07515
2.09198
2.11125
2.13299
2.15725
2.1841
2.21362
2.24597
2.28132
2.31991
2.36202
2.40795
2.45806
2.51272
2.57229
2.63711
2.70746
2.78356
2.86551
2.9533
3.04677
3.14562
3.24943
3.35762
3.4698
3.58439
3.70542
3.8106
4.00269
3.12579
3.12252
3.11922
3.11587
3.11244
3.10892
3.10528
3.10152
3.09761
3.09352
3.08924
3.08476
3.08005
3.07509
3.06988
3.06438
3.05859
3.05249
3.04606
3.03929
3.03218
3.02471
3.01687
3.00865
3.00006
2.9911
2.98175
2.97205
2.96199
2.9516
2.9409
2.92993
2.91872
2.90733
2.89583
2.88429
2.87279
2.86144
2.85036
2.83969
2.82957
2.82018
2.81172
2.80438
2.7984
2.79403
2.79153
2.79119
2.79331
2.79819
2.80616
2.81754
2.83268
2.85191
2.87555
2.90391
2.93732
2.97603
3.0203
3.07036
3.12637
3.18848
3.25676
3.33125
3.41193
3.49875
3.5916
3.69033
3.79478
3.90478
4.02014
4.14073
4.26642
4.39717
4.53296
4.67387
4.82004
4.97167
5.12899
5.29226
5.46173
5.6376
5.81996
6.00877
6.2038
6.4046
6.61046
6.82037
7.03309
7.24708
7.46061
7.67179
7.87866
8.0793
8.27187
8.45485
8.62637
8.78862
8.92299
9.12351
4.45856
4.48494
4.511
4.5367
4.56202
4.58696
4.6115
4.63563
4.65936
4.68268
4.7056
4.72814
4.7503
4.77213
4.79364
4.81489
4.83593
4.85682
4.87762
4.89844
4.91937
4.94053
4.96204
4.98408
5.00679
5.03039
5.05509
5.08114
5.1088
5.13838
5.17021
5.20466
5.24212
5.28303
5.32786
5.37711
5.43133
5.4911
5.55705
5.62981
5.71009
5.79861
5.89611
6.00338
6.12123
6.25048
6.39196
6.54652
6.715
6.89822
7.09698
7.31204
7.5441
7.79375
8.06151
8.34773
8.65261
8.97614
9.31807
9.67791
10.0548
10.4477
10.8551
11.2752
11.7059
12.1447
12.5891
13.036
13.4828
13.9265
14.3643
14.7937
15.2125
15.6188
16.0109
16.3876
16.7477
17.0905
17.4151
17.7206
18.006
18.2704
18.5124
18.7309
18.9244
19.0914
19.2308
19.3414
19.422
19.4722
19.4916
19.4804
19.439
19.3685
19.2705
19.1458
18.9997
18.8223
18.6618
18.3288
14.245
14.4881
14.7317
14.9757
15.2201
15.4649
15.71
15.9556
16.2017
16.4484
16.6957
16.9437
17.1927
17.4428
17.6941
17.947
18.2015
18.4581
18.717
18.9785
19.2431
19.5112
19.7831
20.0593
20.3404
20.6269
20.9193
21.2182
21.5243
21.8381
22.1603
22.4917
22.8329
23.1846
23.5477
23.9229
24.311
24.7129
25.1296
25.5619
26.0109
26.4776
26.9631
27.4687
27.9956
28.5452
29.1189
29.718
30.3443
30.9991
31.6839
32.4003
33.1494
33.9324
34.7499
35.6023
36.4891
37.4092
38.3605
39.3398
40.3425
41.3624
42.3916
43.4204
44.4375
45.4296
46.3821
47.2792
48.1045
48.8416
49.4747
49.9899
50.3752
50.6219
50.7246
50.6818
50.496
50.1732
49.7229
49.1572
48.4902
47.7371
46.9136
46.035
45.1157
44.1686
43.2053
42.2352
41.2661
40.3039
39.3531
38.4168
37.497
36.5951
35.7124
34.8478
34.0085
33.1644
32.4461
31.2459
92.6897
93.9569
95.1913
96.3901
97.5512
98.6725
99.752
100.788
101.778
102.721
103.615
104.459
105.25
105.987
106.669
107.295
107.863
108.372
108.82
109.207
109.531
109.792
109.988
110.119
110.183
110.18
110.109
109.969
109.759
109.478
109.126
108.703
108.206
107.637
106.994
106.277
105.485
104.619
103.678
102.664
101.575
100.413
99.1796
97.8755
96.5027
95.0638
93.5614
91.9991
90.3809
88.7115
86.9965
85.242
83.4549
81.643
79.8148
77.9795
76.1472
74.3285
72.5347
70.7773
69.0682
67.4192
65.8419
64.3475
62.946
61.6465
60.4564
59.3812
58.424
57.5859
56.8649
56.2567
55.7543
55.3483
55.0273
54.7785
54.5877
54.4405
54.3223
54.2193
54.1187
54.009
53.8805
53.7253
53.5376
53.313
53.0495
52.7463
52.4041
52.0249
51.6114
51.167
50.6958
50.2015
49.6887
49.1586
48.6236
48.0527
47.5783
46.6838
0.332314
0.102287
0.4473
0.46531
0.468119
0.456026
0.447102
0.455497
0.47116
0.493459
0.554634
0.742945
1.2526
2.18595
3.55747
5.35534
7.55161
10.1097
12.9914
16.1597
19.5811
23.2248
27.0635
31.0733
35.2338
39.5275
43.9401
48.4589
53.0723
57.7684
62.5342
67.3542
72.2098
77.0788
81.936
86.7549
91.5102
96.1827
100.765
105.264
109.647
113.856
117.893
121.735
125.362
128.752
131.884
134.743
137.312
139.581
141.544
143.195
144.537
145.571
146.306
146.75
146.917
146.819
146.47
145.883
145.067
144.028
142.763
141.261
139.502
137.48
135.233
132.89
130.849
129.537
127.97
125.592
122.372
118.41
113.867
108.927
103.783
98.6112
93.565
88.7659
84.3042
80.2416
76.6153
73.4433
70.7283
68.4624
66.6292
65.2067
64.1674
63.4796
63.1068
63.0068
63.1301
63.4171
63.7977
64.1896
64.5186
64.6968
64.7462
64.5452
0.67328
0.481085
0.44639
0.462093
0.507833
0.58641
0.712564
0.915724
1.22961
1.68631
2.31183
3.12402
4.13904
5.35304
6.74202
8.27904
9.94419
11.7271
13.6255
15.6413
17.7772
20.0336
22.4078
24.8938
27.4832
30.1665
32.9335
35.7741
38.6786
41.6373
44.6406
47.6784
50.7401
53.8141
56.8885
59.9523
62.998
66.0245
69.038
72.0378
74.9992
77.8887
80.6906
83.3898
85.9694
88.4124
90.7028
92.8264
94.7713
96.5276
98.0876
99.4461
100.599
101.545
102.284
102.818
103.15
103.287
103.236
103.005
102.604
102.038
101.314
100.427
99.3703
98.1329
96.7074
95.1127
93.386
91.5179
89.3745
86.8635
83.973
80.7496
77.275
73.6481
69.9718
66.3425
62.8431
59.54
56.4821
53.7021
51.2187
49.0394
47.1621
45.5782
44.273
43.2276
42.4195
41.8224
41.4069
41.1401
40.9849
40.8995
40.838
40.7448
40.5814
40.2387
39.8561
38.5235
1.0536
0.74936
0.71178
0.759918
0.872771
1.05893
1.34334
1.74952
2.289
2.96119
3.75909
4.67405
5.69932
6.83193
8.07346
9.43182
10.9206
12.5553
14.3492
16.3097
18.4368
20.7238
23.159
25.7283
28.4175
31.2138
34.107
37.0888
40.1531
43.2948
46.5098
49.7941
53.1434
56.5529
60.017
63.5288
67.0799
70.6579
74.2438
77.8214
81.3759
84.8793
88.306
91.629
94.8214
97.8573
100.713
103.367
105.802
108.002
109.956
111.654
113.087
114.248
115.133
115.737
116.062
116.114
115.903
115.445
114.757
113.863
112.782
111.528
110.106
108.508
106.714
104.713
102.499
100.058
97.348
94.3221
90.9695
87.325
83.4602
79.4685
75.4509
71.504
67.7113
64.139
60.835
57.8297
55.1383
52.7635
50.6979
48.9264
47.4281
46.1776
45.1462
44.3028
43.6144
43.0459
42.5607
42.119
41.6784
41.1912
40.6196
39.8866
39.0889
37.4058
1.38848
1.04338
1.03337
1.12767
1.30473
1.57398
1.94791
2.43154
3.02037
3.70569
4.48148
5.34828
6.3131
7.38841
8.58993
9.93459
11.4387
13.1159
14.9762
17.0246
19.2616
21.6836
24.2843
27.056
29.9907
33.0813
36.3214
39.7059
43.2304
46.8904
50.6815
54.5988
58.636
62.7858
67.0389
71.384
75.8063
80.2861
84.7983
89.316
93.8093
98.2451
102.588
106.801
110.846
114.685
118.285
121.618
124.659
127.389
129.793
131.86
133.576
134.929
135.908
136.503
136.706
136.52
135.956
135.036
133.793
132.267
130.501
128.538
126.413
124.145
121.735
119.17
116.429
113.482
110.285
106.794
102.993
98.9065
94.5992
90.1627
85.7004
81.3143
77.0935
73.1093
69.4126
66.0348
62.9899
60.2776
57.8858
55.7937
53.9744
52.3965
51.0261
49.8282
48.7679
47.8104
46.9212
46.0644
45.202
44.2919
43.3007
42.1675
40.9903
38.936
1.66531
1.32953
1.34456
1.46652
1.67492
1.97357
2.36466
2.8454
3.41132
4.06088
4.79811
5.63256
6.57725
7.64684
8.85657
10.222
11.7591
13.4836
15.4104
17.5525
19.9198
22.5186
25.3519
28.4198
31.7198
35.2483
39.0002
42.9699
47.1506
51.5345
56.1125
60.8735
65.805
70.8922
76.118
81.4629
86.9039
92.4146
97.9616
103.508
109.014
114.437
119.731
124.846
129.732
134.34
138.625
142.553
146.094
149.231
151.948
154.237
156.084
157.477
158.396
158.824
158.745
158.155
157.062
155.49
153.483
151.1
148.412
145.497
142.428
139.268
136.054
132.797
129.479
126.056
122.464
118.64
114.544
110.178
105.59
100.861
96.0922
91.386
86.8353
82.515
78.4794
74.7614
71.3752
68.3187
65.5768
63.1253
60.9331
58.9653
57.1857
55.5589
54.0517
52.6338
51.277
49.9528
48.6311
47.2774
45.8656
44.3461
42.8334
40.4371
1.86719
1.62827
1.60848
1.72277
1.93051
2.22478
2.60299
3.0631
3.60607
4.23725
4.96588
5.80355
6.76302
7.85819
9.10483
10.5214
12.1295
13.9525
16.0147
18.3385
20.9432
23.8436
27.0494
30.5655
34.3924
38.5268
42.9626
47.6904
52.6983
57.9713
63.4915
69.2379
75.1871
81.313
87.5873
93.9794
100.459
106.99
113.53
120.035
126.457
132.744
138.84
144.685
150.216
155.374
160.106
164.371
168.142
171.404
174.15
176.377
178.08
179.248
179.86
179.894
179.325
178.142
176.346
173.961
171.037
167.649
163.89
159.872
155.711
151.517
147.378
143.345
139.42
135.559
131.678
127.681
123.49
119.07
114.437
109.651
104.798
99.9762
95.2757
90.773
86.5242
82.564
78.9074
75.5528
72.4846
69.6776
67.1001
64.7173
62.4947
60.4001
58.4066
56.4922
54.6392
52.8307
51.0475
49.2656
47.4688
45.6155
43.8394
41.1911
8.42598
2.46068
1.86569
1.8963
2.0841
2.3672
2.73664
3.19317
3.7426
4.39432
5.15974
6.05155
7.08414
8.27479
9.64495
11.2208
13.0324
15.112
17.4918
20.2006
23.2623
26.6945
30.5084
34.7084
39.2931
44.2556
49.5843
55.2625
61.269
67.5775
74.1572
80.9735
87.9882
95.1609
102.45
109.816
117.214
124.599
131.923
139.138
146.192
153.029
159.589
165.804
171.606
176.928
181.713
185.919
189.521
192.51
194.892
196.677
197.87
198.471
198.463
197.822
196.522
194.541
191.877
188.551
184.613
180.145
175.26
170.092
164.796
159.528
154.431
149.606
145.098
140.872
136.834
132.85
128.791
124.57
120.157
115.576
110.891
106.183
101.539
97.0317
92.719
88.6378
84.8056
81.2232
77.8777
74.7466
71.8013
69.0111
66.3469
63.7839
61.3045
58.8989
56.563
54.2942
52.0877
49.9322
47.8231
45.7246
43.7831
41.0147
1.87789
2.01758
1.92284
1.99306
2.18308
2.47438
2.86547
3.36297
3.97868
4.72709
5.6242
6.6879
7.93941
9.40507
11.1169
13.1116
15.4279
18.1029
21.1696
24.6516
28.5644
32.9156
37.7057
42.9292
48.575
54.627
61.0635
67.857
74.9739
82.3744
90.0132
97.8411
105.805
113.853
121.932
129.987
137.966
145.82
153.5
160.96
168.151
175.022
181.515
187.565
193.105
198.067
202.394
206.044
208.997
211.253
212.83
213.753
214.044
213.714
212.759
211.159
208.889
205.926
202.26
197.909
192.922
187.383
181.411
175.156
168.797
162.528
156.544
151.005
146.004
141.539
137.508
133.742
130.054
126.291
122.361
118.242
113.964
109.592
105.199
100.859
96.6272
92.5456
88.6361
84.9047
81.3445
77.9392
74.6673
71.5059
68.4346
65.439
62.5134
59.6618
56.8955
54.2285
51.6731
49.2327
46.9145
44.6856
42.693
39.9548
1.84611
2.03845
1.99645
2.08464
2.3066
2.65708
3.14576
3.79287
4.62451
5.66846
6.95241
8.5053
10.3604
12.5577
15.1417
18.1572
21.6385
25.6035
30.055
34.9814
40.3614
46.1696
52.3797
58.9671
65.9084
73.1797
80.7535
88.5965
96.6692
104.924
113.308
121.764
130.234
138.655
146.967
155.112
163.038
170.699
178.052
185.059
191.683
197.884
203.617
208.83
213.462
217.455
220.753
223.319
225.136
226.211
226.57
226.252
225.293
223.723
221.548
218.762
215.344
211.272
206.536
201.15
195.158
188.641
181.716
174.538
167.297
160.215
153.524
147.441
142.115
137.586
133.758
130.429
127.348
124.283
121.074
117.64
113.976
110.124
106.148
102.117
98.0907
94.1146
90.2182
86.4158
82.7094
79.0927
75.5542
72.0818
68.6665
65.3059
62.0072
58.7885
55.6773
52.7054
49.9038
47.2925
44.8887
42.6573
40.7317
38.1702
1.87638
2.12086
2.10042
2.25325
2.59604
3.14992
3.96437
5.10796
6.65339
8.6602
11.1667
14.1967
17.7739
21.9329
26.6975
32.0658
38.0017
44.436
51.2788
58.4358
65.8231
73.3782
81.0619
88.8547
96.7511
104.752
112.852
121.036
129.28
137.545
145.784
153.942
161.962
169.788
177.366
184.644
191.577
198.124
204.254
209.939
215.158
219.887
224.099
227.76
230.826
233.25
234.987
236
236.275
235.819
234.659
232.842
230.414
227.416
223.873
219.79
215.157
209.96
204.188
197.852
190.991
183.677
176.02
168.172
160.324
152.706
145.58
139.205
133.788
129.416
126.01
123.337
121.077
118.916
116.615
114.038
111.14
107.943
104.502
100.886
97.1581
93.3717
89.5654
85.7644
81.9825
78.2253
74.4941
70.7897
67.1158
63.4823
59.9093
56.4281
53.0817
49.9201
46.9944
44.341
41.9824
39.8757
38.1249
35.8633
1.91112
2.26371
2.33485
2.71862
3.48274
4.80524
6.93659
10.1418
14.5905
20.2644
26.9808
34.5127
42.7084
51.4537
60.6346
70.108
79.7004
89.2242
98.5094
107.432
115.929
124.001
131.689
139.063
146.205
153.199
160.093
166.912
173.655
180.307
186.837
193.203
199.36
205.258
210.85
216.091
220.94
225.363
229.331
232.826
235.837
238.357
240.376
241.881
242.85
243.249
243.044
242.2
240.7
238.541
235.748
232.358
228.424
223.993
219.104
213.777
208.016
201.814
195.167
188.079
180.583
172.739
164.648
156.45
148.33
140.517
133.285
126.926
121.695
117.726
114.962
113.143
111.879
110.77
109.502
107.884
105.839
103.372
100.535
97.3968
94.0288
90.4929
86.839
83.1046
79.3168
75.4951
71.6548
67.8103
63.978
60.1802
56.4482
52.825
49.3676
46.1441
43.2254
40.6616
38.4736
36.6027
35.1118
33.2371
8.1831
2.81265
3.1509
4.53335
7.44944
13.2487
22.9489
36.5113
52.7993
70.2328
87.5286
103.923
119.14
133.15
145.978
157.625
168.058
177.225
185.118
191.799
197.407
202.151
206.216
209.802
213.092
216.221
219.295
222.374
225.472
228.572
231.641
234.631
237.494
240.178
242.632
244.809
246.661
248.15
249.245
249.926
250.185
250.024
249.45
248.468
247.075
245.256
242.986
240.23
236.961
233.165
228.845
224.03
218.762
213.094
207.073
200.734
194.094
187.159
179.924
172.393
164.586
156.553
148.38
140.194
132.167
124.524
117.537
111.517
106.755
103.43
101.505
100.692
100.533
100.549
100.358
99.7259
98.5524
96.8331
94.6188
91.9839
89.0073
85.7613
82.308
78.6979
74.9719
71.1638
67.3027
63.4164
59.5338
55.6878
51.9193
48.281
44.842
41.6871
38.9046
36.5523
34.6403
33.0881
31.9112
30.4681
1.86342
3.91183
8.37949
19.1838
42.1856
77.9612
120.658
163.692
202.071
233.276
256.992
274.215
286.377
294.786
300.388
303.801
305.466
305.589
304.392
302.147
299.149
295.665
291.981
288.33
284.884
281.752
278.989
276.603
274.566
272.826
271.318
269.972
268.718
267.488
266.217
264.842
263.303
261.548
259.534
257.234
254.635
251.745
248.579
245.16
241.504
237.61
233.463
229.026
224.261
219.13
213.618
207.731
201.5
194.974
188.207
181.246
174.121
166.846
159.418
151.836
144.109
136.273
128.398
120.597
113.029
105.906
99.4951
94.1106
90.0701
87.5864
86.6361
86.9043
87.8734
88.9974
89.8445
90.1511
89.8042
88.7971
87.1832
85.0436
82.4655
79.5317
76.3157
72.8807
69.2808
65.5632
61.77
57.9411
54.1161
50.3373
46.6531
43.1237
39.8284
36.8656
34.3347
32.2929
30.7308
29.5433
28.6999
27.6929
9.55753
32.1125
99.2179
192.859
300.862
400.346
477.265
525.626
548.837
554.095
548.13
535.876
520.48
503.748
486.618
469.51
452.576
436
419.952
404.584
390.03
376.391
363.735
352.094
341.467
331.82
323.093
315.205
308.061
301.559
295.595
290.071
284.894
279.976
275.233
270.588
265.966
261.299
256.533
251.629
246.573
241.372
236.051
230.646
225.19
219.698
214.158
208.535
202.773
196.815
190.621
184.174
177.492
170.618
163.61
156.523
149.397
142.25
135.082
127.881
120.646
113.399
106.195
99.1326
92.3556
86.0601
80.4996
75.985
72.8453
71.315
71.3791
72.7
74.7154
76.8354
78.5998
79.7316
80.1148
79.7441
78.6776
77.0021
74.8125
72.2006
69.2499
66.0348
62.6209
59.0669
55.426
51.7483
48.0825
44.4779
40.989
37.6817
34.642
31.9763
29.7866
28.1198
26.9418
26.1259
25.6038
25.005
9.7517
441.434
750.55
933.319
1029.78
1057.5
1031.93
977.161
912.862
849.224
790.205
736.757
688.592
645.079
605.619
569.731
537.036
507.25
480.148
455.529
433.202
412.971
394.644
378.028
362.945
349.229
336.728
325.301
314.817
305.152
296.193
287.834
279.976
272.528
265.4
258.51
251.777
245.127
238.501
231.857
225.18
218.484
211.803
205.186
198.68
192.314
186.08
179.941
173.828
167.667
161.395
154.979
148.423
141.764
135.062
128.375
121.749
115.204
108.735
102.327
95.9647
89.6582
83.4494
77.4216
71.7025
66.4675
61.9495
58.4437
56.2769
55.6932
56.685
58.9067
61.7784
64.6955
67.1911
68.9874
69.97
70.1361
69.5464
68.2915
66.4713
64.1839
61.5208
58.5648
55.3908
52.0667
48.6544
45.2116
41.7937
38.4556
35.2559
32.2638
29.5682
27.2751
25.4789
24.2089
23.4077
22.9361
22.6985
22.4583
)
;

boundaryField
{
    outlet
    {
        type            zeroGradient;
    }
    inlet
    {
        type            fixedValue;
        value           uniform 3.54;
    }
    lowerWall
    {
        type            epsilonWallFunction;
        value           nonuniform List<scalar> 
148
(
23.3479
22.8004
22.2986
21.7955
21.2906
20.7982
20.3323
19.9018
19.5114
19.1623
18.8535
18.583
18.3479
18.1454
17.9723
17.8259
17.7033
17.6021
17.52
17.4549
17.4049
17.3682
17.3434
17.3291
17.324
17.3273
17.3369
17.3559
17.3721
17.4189
17.3065
18.7208
9.68423
0.332314
0.67328
1.0536
1.38848
1.66531
1.86719
8.42598
1.87789
1.84611
1.87638
1.91112
8.1831
1.86342
9.55753
9.7517
0.332314
0.102287
0.4473
0.46531
0.468119
0.456026
0.447102
0.455497
0.47116
0.493459
0.554634
0.742945
1.2526
2.18595
3.55747
5.35534
7.55161
10.1097
12.9914
16.1597
19.5811
23.2248
27.0635
31.0733
35.2338
39.5275
43.9401
48.4589
53.0723
57.7684
62.5342
67.3542
72.2098
77.0788
81.936
86.7549
91.5102
96.1827
100.765
105.264
109.647
113.856
117.893
121.735
125.362
128.752
131.884
134.743
137.312
139.581
141.544
143.195
144.537
145.571
146.306
146.75
146.917
146.819
146.47
145.883
145.067
144.028
142.763
141.261
139.502
137.48
135.233
132.89
130.849
129.537
127.97
125.592
122.372
118.41
113.867
108.927
103.783
98.6112
93.565
88.7659
84.3042
80.2416
76.6153
73.4433
70.7283
68.4624
66.6292
65.2067
64.1674
63.4796
63.1068
63.0068
63.1301
63.4171
63.7977
64.1896
64.5186
64.6968
64.7462
64.5452
)
;
    }
    upperWall
    {
        type            epsilonWallFunction;
        value           nonuniform List<scalar> 
133
(
30.2673
32.7691
35.3054
37.8488
40.3863
42.91
45.413
47.8882
50.3292
52.7298
55.0848
57.3895
59.6401
61.8331
63.9659
66.0363
68.0427
69.9841
71.8597
73.6692
75.4128
77.0908
78.7039
80.2529
81.7391
83.1636
84.528
85.8336
87.0821
88.2752
89.4147
90.502
91.5403
92.6897
93.9569
95.1913
96.3901
97.5512
98.6725
99.752
100.788
101.778
102.721
103.615
104.459
105.25
105.987
106.669
107.295
107.863
108.372
108.82
109.207
109.531
109.792
109.988
110.119
110.183
110.18
110.109
109.969
109.759
109.478
109.126
108.703
108.206
107.637
106.994
106.277
105.485
104.619
103.678
102.664
101.575
100.413
99.1796
97.8755
96.5027
95.0638
93.5614
91.9991
90.3809
88.7115
86.9965
85.242
83.4549
81.643
79.8148
77.9795
76.1472
74.3285
72.5347
70.7773
69.0682
67.4192
65.8419
64.3475
62.946
61.6465
60.4564
59.3812
58.424
57.5859
56.8649
56.2567
55.7543
55.3483
55.0273
54.7785
54.5877
54.4405
54.3223
54.2193
54.1187
54.009
53.8805
53.7253
53.5376
53.313
53.0495
52.7463
52.4041
52.0249
51.6114
51.167
50.6958
50.2015
49.6887
49.1586
48.6236
48.0527
47.5783
46.6838
)
;
    }
    frontAndBack
    {
        type            empty;
    }
}


// ************************************************************************* //
