/*--------------------------------*- C++ -*----------------------------------*\
  =========                 |
  \\      /  F ield         | OpenFOAM: The Open Source CFD Toolbox
   \\    /   O peration     | Website:  https://openfoam.org
    \\  /    A nd           | Version:  10
     \\/     M anipulation  |
\*---------------------------------------------------------------------------*/
FoamFile
{
    format      ascii;
    class       volScalarField;
    location    "0.09";
    object      p;
}
// * * * * * * * * * * * * * * * * * * * * * * * * * * * * * * * * * * * * * //

dimensions      [0 2 -2 0 0 0 0];

internalField   nonuniform List<scalar> 
6820
(
-9.37899
-9.68002
-9.72169
-9.73109
-9.7549
-9.76937
-9.77471
-9.77528
-9.77129
-9.76243
-9.74874
-9.73007
-9.70612
-9.67643
-9.6405
-9.5977
-9.5473
-9.48852
-9.42049
-9.34234
-9.25326
-9.1526
-9.04011
-8.91615
-8.78211
-8.64088
-8.49744
-8.35938
-8.23757
-8.14448
-8.09958
-8.1034
-8.20888
-9.58129
-9.70481
-9.7372
-9.74668
-9.76483
-9.77641
-9.78039
-9.78011
-9.77572
-9.7668
-9.75328
-9.73502
-9.71168
-9.68285
-9.64802
-9.60662
-9.55799
-9.50138
-9.43602
-9.3611
-9.27586
-9.17971
-9.07234
-8.95398
-8.82571
-8.68991
-8.55079
-8.41493
-8.29194
-8.19374
-8.13596
-8.12455
-8.16745
-9.58162
-9.66549
-9.71988
-9.74053
-9.761
-9.7755
-9.78211
-9.78371
-9.78089
-9.7734
-9.76129
-9.74448
-9.72274
-9.69576
-9.66315
-9.62448
-9.57926
-9.52699
-9.46717
-9.39934
-9.32318
-9.23859
-9.14581
-9.04562
-8.93949
-8.82987
-8.7204
-8.61592
-8.52268
-8.44696
-8.39466
-8.36377
-8.33736
-9.63944
-9.70787
-9.75192
-9.76635
-9.78048
-9.79114
-9.7953
-9.79501
-9.79083
-9.78249
-9.7699
-9.75297
-9.73144
-9.70502
-9.67335
-9.63605
-9.59272
-9.54294
-9.48635
-9.42266
-9.35174
-9.27372
-9.1891
-9.09891
-9.00486
-8.90953
-8.81645
-8.72997
-8.65504
-8.59596
-8.55511
-8.52881
-8.50259
-9.67068
-9.70814
-9.74335
-9.76068
-9.77618
-9.78834
-9.79441
-9.79588
-9.79337
-9.78666
-9.77572
-9.76049
-9.74079
-9.71641
-9.68708
-9.65252
-9.61243
-9.56655
-9.51467
-9.4567
-9.39273
-9.32308
-9.24846
-9.17004
-9.08956
-9.00939
-8.93258
-8.86264
-8.80319
-8.75692
-8.72453
-8.70264
-8.68097
-9.70218
-9.73162
-9.76528
-9.7832
-9.79642
-9.80635
-9.811
-9.81128
-9.80787
-9.80067
-9.78959
-9.77457
-9.75547
-9.73208
-9.7042
-9.67161
-9.6341
-9.59152
-9.54377
-9.4909
-9.43314
-9.37097
-9.3052
-9.23707
-9.16829
-9.10105
-9.038
-8.98204
-8.93587
-8.90133
-8.87847
-8.8647
-8.85288
-9.7292
-9.7479
-9.77297
-9.78779
-9.79901
-9.8081
-9.81308
-9.81424
-9.81193
-9.80604
-9.79647
-9.78318
-9.76606
-9.74496
-9.71974
-9.69026
-9.65642
-9.61817
-9.57555
-9.52876
-9.47816
-9.42435
-9.36827
-9.31116
-9.25469
-9.20085
-9.15193
-9.11028
-9.078
-9.05643
-9.04555
-9.04377
-9.04715
-9.75385
-9.76725
-9.78885
-9.80397
-9.8152
-9.82394
-9.82881
-9.8299
-9.82764
-9.822
-9.81295
-9.80046
-9.78448
-9.76491
-9.74168
-9.71472
-9.68402
-9.64962
-9.61168
-9.57049
-9.52652
-9.48048
-9.43333
-9.38634
-9.34107
-9.29937
-9.26325
-9.23471
-9.21554
-9.2069
-9.20915
-9.22171
-9.24336
-9.7767
-9.78606
-9.80291
-9.81558
-9.82487
-9.83217
-9.83644
-9.83751
-9.83567
-9.83089
-9.82307
-9.81217
-9.79815
-9.78094
-9.76051
-9.73687
-9.71008
-9.68027
-9.64769
-9.61272
-9.57592
-9.53806
-9.50014
-9.4634
-9.42935
-9.39966
-9.37613
-9.36054
-9.35447
-9.35911
-9.37524
-9.40308
-9.44333
-9.79823
-9.80501
-9.8187
-9.83029
-9.83922
-9.84635
-9.85087
-9.85253
-9.85142
-9.84754
-9.84083
-9.8313
-9.81896
-9.80381
-9.78588
-9.76525
-9.74205
-9.7165
-9.68893
-9.6598
-9.62972
-9.59952
-9.57019
-9.54297
-9.51927
-9.50064
-9.48873
-9.48516
-9.49144
-9.50883
-9.53852
-9.58131
-9.63915
-9.81884
-9.82385
-9.83479
-9.84474
-9.85253
-9.85874
-9.86282
-9.86441
-9.86362
-9.86045
-9.85486
-9.84687
-9.83647
-9.82371
-9.80867
-9.79145
-9.77226
-9.75138
-9.72918
-9.70619
-9.68306
-9.66064
-9.63993
-9.62212
-9.60853
-9.60062
-9.59992
-9.60793
-9.62613
-9.65587
-9.6986
-9.75551
-9.82917
-9.83879
-9.84259
-9.85146
-9.8602
-9.86742
-9.87339
-9.87764
-9.87982
-9.8799
-9.87789
-9.87374
-9.86747
-9.85914
-9.84881
-9.83663
-9.82276
-9.80746
-9.79105
-9.77399
-9.75683
-9.74026
-9.72513
-9.71244
-9.70332
-9.69904
-9.70096
-9.7105
-9.72909
-9.75819
-9.79919
-9.85368
-9.92306
-10.0101
-9.85829
-9.86126
-9.86851
-9.87613
-9.88267
-9.8882
-9.89233
-9.89473
-9.89536
-9.89422
-9.8913
-9.88665
-9.88034
-9.87248
-9.86323
-9.85281
-9.84151
-9.82969
-9.81784
-9.80654
-9.79649
-9.78854
-9.78364
-9.78289
-9.78748
-9.79867
-9.81781
-9.84626
-9.88541
-9.93665
-10.0016
-10.0817
-10.1797
-9.87749
-9.87987
-9.88591
-9.89263
-9.89872
-9.90408
-9.90841
-9.91137
-9.9129
-9.91298
-9.91162
-9.90885
-9.90478
-9.89954
-9.89333
-9.88639
-9.87906
-9.87173
-9.8649
-9.85918
-9.85529
-9.85403
-9.85635
-9.86327
-9.87592
-9.89548
-9.9232
-9.96036
-10.0083
-10.0683
-10.142
-10.2307
-10.337
-9.8965
-9.89848
-9.9036
-9.90962
-9.91533
-9.92057
-9.92504
-9.92848
-9.93078
-9.93194
-9.93198
-9.93098
-9.92904
-9.92633
-9.92308
-9.91955
-9.9161
-9.91316
-9.91123
-9.91092
-9.91292
-9.91803
-9.92715
-9.94123
-9.96132
-9.98853
-10.024
-10.0689
-10.1245
-10.1919
-10.2727
-10.368
-10.4801
-9.9154
-9.91709
-9.92156
-9.92704
-9.93252
-9.93777
-9.94255
-9.94662
-9.94987
-9.95229
-9.95393
-9.95486
-9.9552
-9.95515
-9.95492
-9.95483
-9.95523
-9.95656
-9.95933
-9.96414
-9.97167
-9.98268
-9.998
-10.0185
-10.0453
-10.0792
-10.1213
-10.1727
-10.2346
-10.3079
-10.394
-10.4938
-10.6093
-9.93424
-9.93574
-9.93976
-9.94487
-9.95021
-9.95557
-9.96071
-9.96541
-9.9696
-9.97325
-9.97642
-9.9792
-9.98174
-9.98422
-9.9869
-9.99009
-9.99416
-9.99955
-10.0068
-10.0164
-10.029
-10.0455
-10.0665
-10.0928
-10.1254
-10.1652
-10.213
-10.2699
-10.3368
-10.4146
-10.5044
-10.6069
-10.7237
-9.95306
-9.95444
-9.95815
-9.96303
-9.96836
-9.97391
-9.9795
-9.98494
-9.99013
-9.9951
-9.99988
-10.0046
-10.0094
-10.0144
-10.02
-10.0264
-10.034
-10.0433
-10.0547
-10.0688
-10.0862
-10.1076
-10.1336
-10.1651
-10.2027
-10.2474
-10.2999
-10.361
-10.4316
-10.5124
-10.6043
-10.7078
-10.8242
-9.97187
-9.97317
-9.97671
-9.98149
-9.98689
-9.99273
-9.99884
-10.005
-10.0113
-10.0175
-10.0239
-10.0305
-10.0374
-10.0449
-10.0532
-10.0627
-10.0737
-10.0866
-10.1019
-10.12
-10.1417
-10.1674
-10.1979
-10.2338
-10.2757
-10.3244
-10.3806
-10.4449
-10.518
-10.6006
-10.6932
-10.7963
-10.9106
-9.99066
-9.99193
-9.9954
-10.0002
-10.0057
-10.0119
-10.0186
-10.0256
-10.0329
-10.0405
-10.0485
-10.0569
-10.066
-10.0759
-10.0869
-10.0993
-10.1134
-10.1297
-10.1485
-10.1704
-10.1959
-10.2255
-10.2597
-10.2993
-10.3447
-10.3966
-10.4555
-10.5219
-10.5965
-10.6795
-10.7716
-10.8729
-10.9841
-10.0094
-10.0107
-10.0142
-10.019
-10.0249
-10.0315
-10.0388
-10.0466
-10.055
-10.0639
-10.0735
-10.0837
-10.0948
-10.107
-10.1205
-10.1356
-10.1526
-10.1719
-10.194
-10.2192
-10.248
-10.2809
-10.3183
-10.3609
-10.409
-10.4632
-10.5239
-10.5916
-10.6666
-10.7492
-10.8397
-10.9382
-11.0451
-10.0281
-10.0294
-10.033
-10.038
-10.0441
-10.0512
-10.0592
-10.0679
-10.0774
-10.0876
-10.0987
-10.1106
-10.1237
-10.138
-10.1538
-10.1715
-10.1912
-10.2133
-10.2382
-10.2663
-10.2979
-10.3336
-10.3736
-10.4185
-10.4686
-10.5244
-10.5861
-10.6541
-10.7286
-10.8098
-10.8979
-10.9928
-11.0947
-10.0467
-10.048
-10.0517
-10.057
-10.0635
-10.0711
-10.0797
-10.0894
-10.0999
-10.1114
-10.124
-10.1376
-10.1525
-10.1689
-10.1869
-10.2068
-10.2289
-10.2535
-10.2809
-10.3115
-10.3455
-10.3834
-10.4255
-10.4721
-10.5235
-10.5801
-10.6421
-10.7096
-10.7829
-10.862
-10.947
-11.0377
-11.1341
-10.0651
-10.0665
-10.0703
-10.0759
-10.0828
-10.0909
-10.1003
-10.1108
-10.1224
-10.1352
-10.1491
-10.1643
-10.1809
-10.1992
-10.2191
-10.2411
-10.2654
-10.2921
-10.3216
-10.3542
-10.3902
-10.4298
-10.4733
-10.521
-10.5732
-10.63
-10.6915
-10.758
-10.8295
-10.9058
-10.9871
-11.0731
-11.1638
-10.0833
-10.0847
-10.0888
-10.0946
-10.1019
-10.1107
-10.1208
-10.1322
-10.1449
-10.1588
-10.1741
-10.1908
-10.2091
-10.229
-10.2508
-10.2746
-10.3007
-10.3293
-10.3606
-10.3949
-10.4324
-10.4733
-10.5178
-10.5661
-10.6184
-10.6749
-10.7355
-10.8004
-10.8695
-10.9427
-11.02
-11.1011
-11.1858
-10.1011
-10.1026
-10.1069
-10.1131
-10.1208
-10.1302
-10.141
-10.1533
-10.1669
-10.182
-10.1985
-10.2166
-10.2363
-10.2577
-10.2811
-10.3065
-10.3342
-10.3643
-10.397
-10.4325
-10.4711
-10.5128
-10.5578
-10.6063
-10.6583
-10.7139
-10.7731
-10.8359
-10.9023
-10.972
-11.045
-11.121
-11.1997
-10.1184
-10.12
-10.1245
-10.1311
-10.1394
-10.1493
-10.1609
-10.1741
-10.1887
-10.2049
-10.2227
-10.242
-10.263
-10.2859
-10.3106
-10.3375
-10.3665
-10.3979
-10.4317
-10.4683
-10.5075
-10.5497
-10.5948
-10.643
-10.6943
-10.7487
-10.8062
-10.8667
-10.9301
-10.9962
-11.0648
-11.1356
-11.2085
-10.1352
-10.1369
-10.1416
-10.1486
-10.1573
-10.1679
-10.1801
-10.1941
-10.2096
-10.2267
-10.2455
-10.2659
-10.2881
-10.3121
-10.338
-10.366
-10.3961
-10.4284
-10.4631
-10.5002
-10.5398
-10.5821
-10.627
-10.6745
-10.7248
-10.7776
-10.8331
-10.8909
-10.9511
-11.0134
-11.0776
-11.1434
-11.2106
-10.1512
-10.153
-10.1581
-10.1654
-10.1747
-10.186
-10.199
-10.2138
-10.2303
-10.2484
-10.2682
-10.2898
-10.313
-10.3381
-10.3651
-10.394
-10.4249
-10.458
-10.4932
-10.5307
-10.5705
-10.6125
-10.6569
-10.7036
-10.7526
-10.8037
-10.8569
-10.9121
-10.969
-11.0276
-11.0874
-11.1484
-11.2102
-10.1663
-10.1682
-10.1735
-10.1813
-10.191
-10.2027
-10.2164
-10.2318
-10.249
-10.268
-10.2886
-10.311
-10.3351
-10.361
-10.3888
-10.4184
-10.45
-10.4835
-10.5191
-10.5566
-10.5962
-10.6379
-10.6815
-10.7271
-10.7745
-10.8237
-10.8746
-10.9269
-10.9806
-11.0354
-11.0911
-11.1473
-11.204
-10.1803
-10.1824
-10.1881
-10.1965
-10.2069
-10.2194
-10.2339
-10.2502
-10.2683
-10.2881
-10.3096
-10.3328
-10.3578
-10.3845
-10.4129
-10.4431
-10.4752
-10.509
-10.5446
-10.5821
-10.6214
-10.6624
-10.7051
-10.7494
-10.7952
-10.8425
-10.891
-10.9406
-10.9911
-11.0423
-11.0941
-11.146
-11.198
-10.1929
-10.195
-10.201
-10.2096
-10.2204
-10.2333
-10.2483
-10.2652
-10.2839
-10.3043
-10.3265
-10.3504
-10.376
-10.4033
-10.4323
-10.4629
-10.4952
-10.5292
-10.5648
-10.602
-10.6408
-10.681
-10.7227
-10.7657
-10.8098
-10.855
-10.9012
-10.948
-10.9954
-11.0432
-11.0911
-11.139
-11.1866
-10.2042
-10.2067
-10.2135
-10.2231
-10.2348
-10.2486
-10.2644
-10.2821
-10.3015
-10.3227
-10.3455
-10.37
-10.3961
-10.4239
-10.4532
-10.484
-10.5165
-10.5504
-10.5858
-10.6226
-10.6607
-10.7001
-10.7407
-10.7823
-10.8248
-10.868
-10.912
-10.9563
-11.0009
-11.0456
-11.0902
-11.1344
-11.1781
-10.213
-10.2152
-10.222
-10.2317
-10.2437
-10.258
-10.2744
-10.2927
-10.3128
-10.3346
-10.3581
-10.3832
-10.4099
-10.4381
-10.4678
-10.499
-10.5315
-10.5654
-10.6006
-10.6369
-10.6744
-10.7129
-10.7523
-10.7925
-10.8333
-10.8747
-10.9163
-10.9582
-11
-11.0417
-11.083
-11.1238
-11.164
-10.2208
-10.2246
-10.2331
-10.2442
-10.2572
-10.2723
-10.2893
-10.3082
-10.3287
-10.3509
-10.3747
-10.4
-10.4269
-10.4552
-10.4849
-10.516
-10.5484
-10.582
-10.6167
-10.6526
-10.6894
-10.727
-10.7653
-10.8043
-10.8437
-10.8834
-10.9233
-10.9631
-11.0028
-11.0421
-11.0808
-11.1189
-11.1561
-10.2224
-10.2249
-10.2337
-10.2454
-10.2593
-10.2754
-10.2936
-10.3135
-10.335
-10.3581
-10.3827
-10.4088
-10.4362
-10.465
-10.4951
-10.5264
-10.5589
-10.5924
-10.6268
-10.6622
-10.6982
-10.735
-10.7722
-10.8098
-10.8476
-10.8855
-10.9234
-10.961
-10.9983
-11.035
-11.071
-11.1063
-11.1406
-10.2287
-10.2353
-10.2462
-10.2587
-10.2729
-10.2886
-10.3068
-10.3266
-10.3479
-10.3708
-10.3953
-10.4211
-10.4484
-10.4771
-10.507
-10.5381
-10.5703
-10.6035
-10.6376
-10.6725
-10.7081
-10.7442
-10.7808
-10.8177
-10.8546
-10.8916
-10.9284
-10.9648
-11.0008
-11.0361
-11.0707
-11.1043
-11.1368
-10.212
-10.2179
-10.2331
-10.2491
-10.2664
-10.286
-10.3063
-10.3277
-10.3506
-10.3748
-10.4003
-10.427
-10.4549
-10.484
-10.5142
-10.5454
-10.5776
-10.6105
-10.6442
-10.6785
-10.7133
-10.7485
-10.7839
-10.8194
-10.8548
-10.8901
-10.925
-10.9594
-10.9933
-11.0263
-11.0586
-11.0898
-11.12
-10.2266
-10.2376
-10.251
-10.2638
-10.2791
-10.2963
-10.3148
-10.3351
-10.357
-10.3804
-10.4053
-10.4317
-10.4593
-10.4883
-10.5184
-10.5495
-10.5817
-10.6148
-10.6486
-10.683
-10.718
-10.7533
-10.7889
-10.8246
-10.8602
-10.8956
-10.9307
-10.9652
-10.9992
-11.0323
-11.0644
-11.0955
-11.1254
-10.1327
-10.2008
-10.2297
-10.2477
-10.2701
-10.2927
-10.3146
-10.3372
-10.3609
-10.3855
-10.4113
-10.4381
-10.466
-10.495
-10.5249
-10.5558
-10.5874
-10.6198
-10.6527
-10.6862
-10.72
-10.754
-10.788
-10.8221
-10.8559
-10.8894
-10.9225
-10.9549
-10.9866
-11.0175
-11.0475
-11.0764
-11.1041
-8.27334
-7.73835
-7.19787
-6.95899
-6.34914
-6.76931
-8.63053
-11.8824
-16.4306
-21.968
-28.0198
-34.0025
-39.2754
-43.1257
-44.8418
-44.0445
-40.908
-36.1969
-30.6936
-24.7764
-18.5718
-12.4361
-7.02541
-2.80993
0.146125
1.97182
2.73499
2.41279
0.74285
-2.66002
-8.03252
-15.1129
-23.1219
-31.1394
-38.4512
-44.5984
-49.2687
-52.1791
-53.1236
-51.95
-48.7865
-43.9696
-38.0348
-31.6279
-25.4
-19.8135
-15.0779
-11.2111
-8.13457
-5.73781
-3.90687
-2.53488
-1.52726
-0.804258
-0.300422
0.0374691
0.252719
0.380378
0.447942
0.475992
0.479078
0.466881
0.445569
0.419034
0.3898
0.359556
0.329455
0.300258
0.272444
0.246285
0.221925
0.199416
0.178762
0.159924
0.142833
0.127393
0.113493
0.100998
0.0897703
0.0796699
0.0705872
0.0624326
0.055168
0.04875
0.0431213
0.0381823
0.0338064
0.0298682
0.0262294
0.0228421
0.0195894
0.0166772
0.0137837
0.0116628
0.00889507
0.00828621
0.00406501
0.00743691
-0.00408791
0.0139321
-8.16876
-7.8678
-7.32856
-6.27844
-5.70375
-6.59931
-8.69053
-11.8094
-16.0322
-21.1442
-26.7128
-32.1836
-36.9608
-40.4108
-41.9291
-41.2396
-38.5206
-34.352
-29.2807
-23.6382
-17.711
-11.9875
-7.02862
-3.15581
-0.40239
1.3155
2.02364
1.6917
0.114197
-3.01107
-7.89284
-14.3464
-21.7299
-29.2216
-36.1346
-41.9831
-46.4267
-49.1866
-50.0746
-48.9721
-46.0083
-41.5139
-36.0085
-30.1157
-24.4087
-19.266
-14.8556
-11.2027
-8.25654
-5.93324
-4.13789
-2.77675
-1.76452
-1.02786
-0.505506
-0.146906
0.0894477
0.237355
0.323592
0.368346
0.386059
0.386527
0.376144
0.359052
0.337991
0.314831
0.290865
0.266979
0.243757
0.221569
0.200641
0.181101
0.163016
0.146401
0.131237
0.117471
0.105027
0.0938051
0.0836943
0.0745731
0.0663429
0.0589193
0.0522489
0.0463125
0.041067
0.0364367
0.0323173
0.0286028
0.0251693
0.0219736
0.018894
0.0161262
0.0133606
0.0113276
0.00866536
0.00807253
0.00401654
0.00721186
-0.00380975
0.0133677
-8.27037
-7.94563
-7.36811
-6.76019
-6.47408
-6.98858
-8.79236
-11.9051
-15.9228
-20.5622
-25.5513
-30.4445
-34.7039
-37.7516
-39.0964
-38.5498
-36.2358
-32.5127
-27.7737
-22.4014
-16.8422
-11.6057
-7.10965
-3.56677
-1.01008
0.597747
1.25313
0.915512
-0.574984
-3.44362
-7.85945
-13.6922
-20.4256
-27.3449
-33.8009
-39.3045
-43.4978
-46.0987
-46.9377
-45.9222
-43.1812
-39.0406
-34.0055
-28.6503
-23.4588
-18.7378
-14.6334
-11.1849
-8.36739
-6.11938
-4.3624
-3.01481
-2.00025
-1.25166
-0.712017
-0.333543
-0.076571
0.0913884
0.196253
0.257796
0.290316
0.303682
0.304482
0.297083
0.284431
0.268567
0.25093
0.232524
0.214045
0.195958
0.178577
0.162105
0.146674
0.132354
0.119173
0.107119
0.0961526
0.0862024
0.077188
0.0690174
0.0616171
0.0549265
0.0489177
0.043564
0.0388234
0.0346216
0.0308588
0.027437
0.024243
0.0212414
0.0183274
0.0156953
0.0130427
0.0110743
0.00849321
0.00788937
0.00399181
0.00699187
-0.00350867
0.0127775
-8.44599
-8.23946
-7.90617
-7.52407
-7.31937
-7.86549
-9.54644
-12.2915
-15.9463
-20.2038
-24.6707
-28.9661
-32.6699
-35.3328
-36.5673
-36.1568
-34.1023
-30.6323
-26.1375
-21.1028
-16.0243
-11.315
-7.26369
-4.02938
-1.66438
-0.170191
0.431416
0.0944041
-1.31142
-3.94409
-7.92552
-13.1574
-19.2315
-25.5453
-31.5014
-36.6206
-40.5391
-42.9741
-43.7742
-42.8592
-40.3632
-36.6114
-32.0782
-27.2607
-22.5579
-18.2272
-14.408
-11.1558
-8.46632
-6.29569
-4.5798
-3.2484
-2.23381
-1.47512
-0.919512
-0.522084
-0.245096
-0.0573838
0.066036
0.144419
0.191899
0.21838
0.230607
0.233145
0.229133
0.220777
0.209655
0.196899
0.183311
0.169457
0.155739
0.142438
0.129751
0.117808
0.106687
0.0964203
0.0870064
0.0784096
0.0705785
0.063444
0.056948
0.0510406
0.0456897
0.04088
0.0365823
0.032742
0.0292791
0.0261132
0.0231464
0.0203505
0.0176186
0.0151361
0.012616
0.0107377
0.00826738
0.00767291
0.00395931
0.00676229
-0.00319452
0.0121539
-8.64023
-8.52108
-8.34541
-8.19542
-8.26178
-8.90293
-10.4108
-12.8508
-16.1096
-19.9184
-23.9297
-27.7568
-31.0107
-33.3532
-34.4227
-33.9458
-31.9085
-28.579
-24.3923
-19.8322
-15.3079
-11.117
-7.47632
-4.53171
-2.35651
-0.978986
-0.432763
-0.76264
-2.0803
-4.49455
-8.07958
-12.7485
-18.177
-23.8687
-29.2953
-33.999
-37.6206
-39.8848
-40.6469
-39.845
-37.622
-34.2889
-30.2627
-25.9575
-21.7043
-17.7313
-14.1792
-11.1164
-8.55383
-6.46202
-4.78961
-3.477
-2.46469
-1.69775
-1.12758
-0.712158
-0.415797
-0.208724
-0.0668952
0.0283584
0.0909256
0.130709
0.154581
0.167284
0.172129
0.171482
0.16706
0.160116
0.151564
0.142071
0.132128
0.122094
0.112237
0.102744
0.0937447
0.0853147
0.0774902
0.0702689
0.0636278
0.0575251
0.0519262
0.0468028
0.0421438
0.0379379
0.0341608
0.0307639
0.0276739
0.0248191
0.0221114
0.0195297
0.0169808
0.0146483
0.0122558
0.0104534
0.00807817
0.00747359
0.00393708
0.0065332
-0.00285776
0.0114967
-8.83421
-8.78189
-8.72206
-8.74187
-8.99497
-9.71265
-11.1012
-13.2468
-16.1004
-19.465
-23.0295
-26.4276
-29.2954
-31.2723
-32.013
-31.3853
-29.4218
-26.3888
-22.6825
-18.6909
-14.719
-11.002
-7.73425
-5.06257
-3.07411
-1.81333
-1.32196
-1.64214
-2.86778
-5.07662
-8.30409
-12.4622
-17.2832
-22.3602
-27.241
-31.5072
-34.8151
-36.9015
-37.6306
-36.9626
-35.0363
-32.1268
-28.5817
-24.7427
-20.8939
-17.248
-13.9469
-11.0671
-8.6301
-6.61823
-4.9915
-3.70012
-2.69237
-1.91907
-1.33576
-0.903397
-0.588358
-0.362362
-0.202352
-0.0902633
-0.0125139
0.0407435
0.0764694
0.0995516
0.113463
0.120719
0.123171
0.122196
0.11882
0.113811
0.107752
0.101084
0.0941424
0.0871774
0.0803704
0.073843
0.067672
0.0618902
0.0565044
0.0514988
0.0468576
0.0425663
0.038618
0.0350095
0.0317266
0.0287381
0.0259882
0.0234212
0.020964
0.0186034
0.0162485
0.0140748
0.011823
0.0101144
0.00785621
0.00725626
0.00391366
0.00629587
-0.00250098
0.0108005
-9.05419
-9.06058
-9.09265
-9.22399
-9.57598
-10.3216
-11.6103
-13.494
-15.9312
-18.785
-21.8177
-24.7143
-27.1274
-28.6987
-29.2469
-28.641
-26.9371
-24.3489
-21.1821
-17.732
-14.2495
-10.951
-8.02314
-5.60969
-3.80279
-2.65634
-2.21744
-2.52652
-3.65938
-5.6729
-8.57702
-12.28
-16.5509
-21.0498
-25.3943
-29.217
-32.2037
-34.1132
-34.8217
-34.3007
-32.6685
-30.1522
-27.0359
-23.6075
-20.1206
-16.7756
-13.7118
-11.0089
-8.69569
-6.76438
-5.18521
-3.91738
-2.91639
-2.1386
-1.54364
-1.09542
-0.762462
-0.518016
-0.340081
-0.211247
-0.118267
-0.0513965
-0.00363524
0.0300232
0.0531944
0.0685345
0.0780276
0.0831702
0.085102
0.0846951
0.0826246
0.0794138
0.07547
0.0711046
0.0665523
0.0619809
0.0575063
0.0531963
0.0490875
0.0451912
0.041514
0.0380608
0.0348435
0.0318687
0.02913
0.0266051
0.0242475
0.0220109
0.0198317
0.0177039
0.0155478
0.0135367
0.0114252
0.00980262
0.0076531
0.00704603
0.00389673
0.00604992
-0.00212099
0.010062
-9.2786
-9.33667
-9.44265
-9.65771
-10.0775
-10.8272
-12.0118
-13.6653
-15.7463
-18.1366
-20.6453
-23.0231
-24.9927
-26.2936
-26.7508
-26.2472
-24.8241
-22.642
-19.9308
-16.9317
-13.8695
-10.945
-8.3305
-6.16066
-4.52774
-3.49132
-3.10153
-3.39789
-4.44016
-6.26827
-8.87714
-12.1751
-15.9592
-19.9386
-23.7869
-27.1872
-29.8643
-31.6071
-32.2996
-31.9124
-30.5378
-28.3584
-25.6096
-22.5407
-19.3805
-16.3146
-13.4755
-10.943
-8.75111
-6.90059
-5.3706
-4.12843
-3.13632
-2.35591
-1.75079
-1.28785
-0.937782
-0.675419
-0.479857
-0.334392
-0.226163
-0.145579
-0.0856302
-0.0412209
-0.00861214
0.0149823
0.0316726
0.0430753
0.0504425
0.0547505
0.0567685
0.0571034
0.0562358
0.0545406
0.0523072
0.0497509
0.0470288
0.0442449
0.0414666
0.0387316
0.0360675
0.033495
0.0310353
0.0287044
0.0265057
0.0244311
0.0224505
0.0205324
0.0186273
0.0167374
0.0147884
0.0129472
0.0109863
0.00946251
0.00743729
0.00683079
0.00388652
0.005798
-0.00171208
0.00927947
-9.50518
-9.60663
-9.77014
-10.0454
-10.5059
-11.2423
-12.3289
-13.7875
-15.578
-17.5987
-19.6913
-21.6554
-23.2766
-24.3506
-24.7165
-24.2789
-23.0661
-21.1984
-18.8564
-16.2429
-13.5548
-10.9707
-8.64575
-6.7043
-5.23666
-4.30537
-3.96155
-4.24318
-5.19764
-6.85087
-9.18811
-12.1222
-15.475
-18.9963
-22.4042
-25.4245
-27.8193
-29.4044
-30.0693
-29.783
-28.616
-26.7165
-24.2837
-21.5344
-18.6724
-15.8662
-13.2395
-10.8703
-8.79697
-7.02709
-5.5476
-4.33302
-3.35181
-2.57057
-1.95681
-1.48032
-1.11399
-0.834284
-0.621434
-0.459493
-0.336034
-0.241658
-0.16939
-0.114074
-0.0718661
-0.0398621
-0.0158309
0.00196212
0.0148815
0.0240084
0.0302076
0.0341712
0.0364538
0.0374946
0.0376385
0.0371489
0.0362236
0.0350024
0.033583
0.0320299
0.0303932
0.0287128
0.0270263
0.0253632
0.0237373
0.02215
0.0205832
0.0190151
0.0174063
0.0157663
0.0140309
0.012364
0.0105551
0.00912615
0.00722279
0.0066102
0.0038762
0.00552922
-0.00128164
0.00844535
-9.72504
-9.86183
-10.0681
-10.3835
-10.8636
-11.574
-12.5664
-13.8534
-15.3985
-17.1158
-18.8742
-20.5096
-21.8455
-22.7136
-22.9872
-22.5942
-21.5492
-19.9425
-17.9187
-15.6465
-13.2944
-11.0196
-8.96077
-7.23209
-5.92042
-5.08883
-4.78782
-5.05329
-5.92286
-7.41194
-9.499
-12.1029
-15.069
-18.1823
-21.1995
-23.8819
-26.0205
-27.4522
-28.0758
-27.8613
-26.8626
-25.2016
-23.0469
-20.5858
-17.997
-15.4319
-13.0049
-10.7919
-8.83392
-7.1442
-5.71623
-4.53098
-3.56255
-2.78226
-2.16134
-1.67248
-1.29078
-0.994328
-0.764561
-0.586328
-0.447683
-0.339466
-0.254773
-0.188415
-0.136466
-0.0959129
-0.0644107
-0.0401087
-0.0215304
-0.00748902
0.00297663
0.0106451
0.0161465
0.0199859
0.0225645
0.0241946
0.0251158
0.0255043
0.0254888
0.0251608
0.0245924
0.0238407
0.0229557
0.0219785
0.0209334
0.0198342
0.0186781
0.0174572
0.0161455
0.0147607
0.0132461
0.011761
0.0101135
0.00878861
0.00701763
0.00640044
0.00388689
0.00526262
-0.000816993
0.00756338
-9.93555
-10.0999
-10.3362
-10.6753
-11.1592
-11.8344
-12.7357
-13.8682
-15.199
-16.6559
-18.1307
-19.489
-20.5858
-21.2863
-21.4887
-21.1342
-20.2304
-18.8476
-17.1015
-15.131
-13.0796
-11.0844
-9.26891
-7.73733
-6.57176
-5.83388
-5.57241
-5.82092
-6.60904
-7.94475
-9.80213
-12.1063
-14.7228
-17.4678
-20.132
-22.5078
-24.4097
-25.695
-26.272
-26.1117
-25.255
-23.8023
-21.8952
-19.6941
-17.3548
-15.0126
-12.773
-10.7088
-8.86271
-7.25234
-5.87665
-4.72223
-3.76834
-2.99069
-2.36408
-1.86403
-1.46784
-1.15526
-0.908973
-0.714657
-0.560897
-0.438815
-0.341613
-0.2641
-0.202287
-0.153064
-0.113977
-0.0830624
-0.0587318
-0.0396919
-0.0248842
-0.0134426
-0.00466029
0.0020341
0.00709872
0.010895
0.0137041
0.0157382
0.0171565
0.0180774
0.0185953
0.0187864
0.0187171
0.0184428
0.0179999
0.0174135
0.0166931
0.0158418
0.014844
0.0137248
0.0124372
0.0111374
0.00965253
0.00843004
0.00679366
0.00616986
0.0038888
0.00497226
-0.000335269
0.00661889
-10.133
-10.3176
-10.5733
-10.9236
-11.3993
-12.0333
-12.8478
-13.8425
-14.9873
-16.2214
-17.4557
-18.5808
-19.4795
-20.0429
-20.1875
-19.8665
-19.0844
-17.8952
-16.391
-14.6861
-12.9023
-11.1588
-9.56482
-8.21469
-7.18484
-6.53421
-6.30888
-6.53998
-7.25072
-8.4438
-10.0912
-12.1239
-14.4252
-16.8375
-19.1811
-21.2763
-22.9605
-24.1089
-24.638
-24.5195
-23.784
-22.5132
-20.8258
-18.858
-16.7456
-14.6089
-12.5446
-10.6219
-8.88419
-7.35208
-6.02913
-4.90683
-3.96908
-3.19566
-2.56477
-2.05468
-1.64487
-1.3168
-1.0544
-0.844227
-0.675443
-0.539494
-0.429722
-0.340965
-0.269185
-0.211191
-0.164425
-0.12681
-0.0966483
-0.0725388
-0.0533244
-0.0380505
-0.0259327
-0.0163323
-0.00873356
-0.00272575
0.00201428
0.00573467
0.00862563
0.0108322
0.0124712
0.0136373
0.0144112
0.0148606
0.0150346
0.0149702
0.0146909
0.0142131
0.0135341
0.0126869
0.0116338
0.0105269
0.0092144
0.00810167
0.00660632
0.00597158
0.00392879
0.00469454
0.000193914
0.00562485
-10.3154
-10.5139
-10.7801
-11.1316
-11.5906
-12.1799
-12.9126
-13.7846
-14.7685
-15.8131
-16.8451
-17.7754
-18.5095
-18.9598
-19.0584
-18.768
-18.0905
-17.0677
-15.7732
-14.3014
-12.7552
-11.2374
-9.84417
-8.66002
-7.75524
-7.18512
-6.99253
-7.20607
-7.84386
-8.90496
-10.3609
-12.1487
-14.1668
-16.2801
-18.3345
-20.175
-21.6605
-22.681
-23.1611
-23.0735
-22.4403
-21.3276
-19.8339
-18.0751
-16.1687
-14.2213
-12.3208
-10.5325
-8.89929
-7.44406
-6.17406
-5.08495
-4.16476
-3.39704
-2.76321
-2.24419
-1.82162
-1.47868
-1.20056
-0.974767
-0.791067
-0.641266
-0.518887
-0.418818
-0.336994
-0.27015
-0.215629
-0.171248
-0.135193
-0.105958
-0.0822853
-0.0631312
-0.0476326
-0.0350834
-0.0249101
-0.0166527
-0.0099468
-0.00450862
-0.000117729
0.00339715
0.00617505
0.00832999
0.00995915
0.0111446
0.0119494
0.0124227
0.0126002
0.0125103
0.0121613
0.0115937
0.0107801
0.00986739
0.00872705
0.00772271
0.00637438
0.00573072
0.00394397
0.00437798
0.000733646
0.00455361
-10.4814
-10.6881
-10.9576
-11.3028
-11.7393
-12.282
-12.9383
-13.7011
-14.5458
-15.4292
-16.2911
-17.0592
-17.657
-18.0147
-18.0773
-17.8144
-17.227
-16.3476
-15.2355
-13.9682
-12.6323
-11.3161
-10.1037
-9.0704
-8.27996
-7.78345
-7.62025
-7.81634
-8.38581
-9.3254
-10.6072
-12.1745
-13.9387
-15.7841
-17.5788
-19.1895
-20.494
-21.3952
-21.8262
-21.7606
-21.2134
-20.2377
-18.9149
-17.3431
-15.6235
-13.8503
-12.1027
-10.4417
-8.90902
-7.52908
-6.31195
-5.25686
-4.3555
-3.59482
-2.95927
-2.43236
-1.99785
-1.64061
-1.34717
-1.10599
-0.90749
-0.74387
-0.608867
-0.497442
-0.40552
-0.329773
-0.267448
-0.216252
-0.174263
-0.139864
-0.111696
-0.0886262
-0.0697114
-0.0541779
-0.0413943
-0.0308519
-0.0221451
-0.014955
-0.00903106
-0.00417614
-0.000228969
0.00294337
0.00545339
0.0073964
0.00884986
0.00987508
0.01052
0.0108269
0.010816
0.0105359
0.00996998
0.00925986
0.00830248
0.00741657
0.00621552
0.00555289
0.00402372
0.00409249
0.00133998
0.00343367
-10.6301
-10.8401
-11.1074
-11.4407
-11.8507
-12.347
-12.9322
-13.598
-14.3224
-15.0688
-15.7879
-16.421
-16.9067
-17.1887
-17.2233
-16.9858
-16.4766
-15.7212
-14.7673
-13.6788
-12.5284
-11.3915
-10.3411
-9.44395
-8.75723
-8.32747
-8.19035
-8.36928
-8.8752
-9.70341
-10.8274
-12.1963
-13.7334
-15.3393
-16.9015
-18.3051
-19.4453
-20.2363
-20.6192
-20.5684
-20.0934
-19.2363
-18.0643
-16.6598
-15.1097
-13.4965
-11.8914
-10.3506
-8.91447
-7.60801
-6.44346
-5.42301
-4.54152
-3.78907
-3.15293
-2.61906
-2.17334
-1.80235
-1.49396
-1.23761
-1.02441
-0.847019
-0.699391
-0.576591
-0.474546
-0.389868
-0.319714
-0.261685
-0.213743
-0.174161
-0.141479
-0.114472
-0.0921179
-0.0735755
-0.058156
-0.0453027
-0.0345696
-0.0256039
-0.0181259
-0.0119132
-0.00678299
-0.00258236
0.000817201
0.00352536
0.00563472
0.00721952
0.00834002
0.00905082
0.00938385
0.00939505
0.00907922
0.0085706
0.00779311
0.00701858
0.0059769
0.00530084
0.00405301
0.00374453
0.00194338
0.00221628
-10.7616
-10.971
-11.2314
-11.549
-11.9302
-12.3808
-12.9007
-13.4806
-14.1009
-14.731
-15.3302
-15.8512
-16.2446
-16.4655
-16.4788
-16.2648
-15.8235
-15.1754
-14.3589
-13.4264
-12.439
-11.4608
-10.5549
-9.77979
-9.1864
-8.81658
-8.70233
-8.86451
-9.31164
-10.0382
-11.0196
-12.2107
-13.5449
-14.9372
-16.2916
-17.5099
-18.5011
-19.191
-19.5273
-19.4856
-19.0712
-18.317
-17.278
-16.023
-14.6265
-13.1602
-11.6877
-10.2605
-8.91682
-7.68184
-6.56937
-5.58394
-4.72319
-3.97999
-3.34422
-2.80423
-2.34795
-1.96367
-1.64062
-1.3693
-1.14152
-0.950392
-0.790158
-0.655987
-0.543819
-0.450214
-0.372239
-0.307383
-0.253494
-0.208733
-0.171537
-0.140588
-0.114785
-0.0932187
-0.0751438
-0.0599564
-0.0471718
-0.0364039
-0.0273446
-0.0197469
-0.0134072
-0.00815273
-0.00384019
-0.000345462
0.00243862
0.00459945
0.00620981
0.00733662
0.00802429
0.00833616
0.00827928
0.00798146
0.00739635
0.00674168
0.00586008
0.00515618
0.00418654
0.00345784
0.00264267
0.000956694
-10.8759
-11.0814
-11.3318
-11.6308
-11.9823
-12.3892
-12.8492
-13.3532
-13.8837
-14.4151
-14.914
-15.3421
-15.6598
-15.8315
-15.829
-15.6368
-15.2548
-14.6994
-14.0019
-13.2053
-12.3606
-11.5221
-10.7443
-10.0778
-9.56777
-9.25128
-9.15679
-9.30268
-9.69571
-10.3299
-11.183
-12.2149
-13.3683
-14.5705
-15.7397
-16.7919
-17.6493
-18.247
-18.5389
-18.5021
-18.1385
-17.4735
-16.5518
-15.4308
-14.1734
-12.842
-11.4927
-10.1726
-8.91727
-7.75169
-6.69059
-5.74038
-4.90103
-4.1679
-3.5333
-2.98787
-2.52155
-2.12435
-1.78689
-1.50073
-1.25844
-1.05364
-0.880828
-0.735316
-0.61306
-0.510566
-0.42481
-0.353168
-0.293369
-0.243459
-0.201771
-0.166894
-0.137648
-0.113056
-0.0923196
-0.0747882
-0.0599402
-0.0473576
-0.0367054
-0.0277131
-0.0201584
-0.0138444
-0.00861579
-0.00433315
-0.000873894
0.0018632
0.00396398
0.00550693
0.00654906
0.00716089
0.00736211
0.00727103
0.00687162
0.00633161
0.00561679
0.00489151
0.00422955
0.00307156
0.00331415
-0.000429055
-10.9739
-11.1728
-11.4108
-11.6897
-12.0114
-12.3768
-12.7825
-13.2195
-13.6727
-14.1203
-14.5352
-14.8865
-15.1425
-15.2747
-15.2609
-15.0889
-14.7588
-14.2836
-13.6889
-13.0103
-12.29
-11.5741
-10.909
-10.3386
-9.90231
-9.63279
-9.55508
-9.68519
-10.0286
-10.5792
-11.317
-12.2069
-13.1996
-14.2331
-15.2376
-16.1419
-16.8792
-17.3932
-17.6434
-17.6084
-17.2875
-16.7002
-15.8822
-14.8809
-13.7497
-12.542
-11.3074
-10.088
-8.91715
-7.81878
-6.80819
-5.89319
-5.07571
-4.35327
-3.72047
-3.1701
-2.69409
-2.28421
-1.93248
-1.63156
-1.37481
-1.15636
-0.971022
-0.814224
-0.681945
-0.570638
-0.477179
-0.398827
-0.333187
-0.278189
-0.232056
-0.193286
-0.160619
-0.133013
-0.109615
-0.0897322
-0.0728067
-0.0583912
-0.046125
-0.0357152
-0.0269192
-0.0195261
-0.0133612
-0.00827031
-0.00411704
-0.00078607
0.00182108
0.00379421
0.00520328
0.00612559
0.00659452
0.00672027
0.00652161
0.00610888
0.00556156
0.00479673
0.00443493
0.0027947
0.0041259
-0.00184193
-11.0562
-11.2467
-11.4706
-11.7287
-12.0212
-12.3478
-12.7044
-13.0827
-13.4693
-13.8461
-14.1908
-14.4786
-14.6843
-14.7852
-14.7638
-14.6105
-14.3255
-13.9197
-13.4139
-12.8372
-12.225
-11.6159
-11.0495
-10.5634
-10.1918
-9.96315
-9.89938
-10.0143
-10.3122
-10.7874
-11.422
-12.1856
-13.0357
-13.9197
-14.7785
-15.5514
-16.1813
-16.6198
-16.8313
-16.7959
-16.5112
-15.9915
-15.2653
-14.3715
-13.3547
-12.2607
-11.1326
-10.0081
-8.91782
-7.88446
-6.9234
-6.04345
-5.24809
-4.53677
-3.90615
-3.35111
-2.8656
-2.44309
-2.0771
-1.76141
-1.49021
-1.25814
-1.06032
-0.892317
-0.750122
-0.630121
-0.529083
-0.444139
-0.372766
-0.31277
-0.262268
-0.219661
-0.183615
-0.153023
-0.126981
-0.104756
-0.0857591
-0.0695135
-0.0556355
-0.0438102
-0.0337737
-0.025307
-0.0182131
-0.0123206
-0.00748074
-0.00356363
-0.000457481
0.0019385
0.00370811
0.00493488
0.00566614
0.00600102
0.00599089
0.00569021
0.00531621
0.00451811
0.00448965
0.00236164
0.00486745
-0.0034207
-11.124
-11.3046
-11.5136
-11.7506
-12.0151
-12.3058
-12.6184
-12.9451
-13.2744
-13.5913
-13.8775
-14.1131
-14.2779
-14.354
-14.3278
-14.1917
-13.9462
-13.6003
-13.1709
-12.6821
-12.1633
-11.6469
-11.1662
-10.7535
-10.4381
-10.2447
-10.1922
-10.2924
-10.5489
-10.9563
-11.4988
-12.1501
-12.8741
-13.626
-14.3559
-15.0125
-15.5469
-15.9177
-16.0937
-16.0567
-15.8028
-15.3423
-14.6976
-13.9004
-12.9876
-11.9981
-10.9692
-9.93417
-8.92072
-7.9502
-7.03763
-6.19242
-5.41925
-4.71923
-4.09092
-3.53126
-3.03615
-2.60088
-2.22048
-1.8899
-1.60416
-1.35847
-1.14823
-0.969135
-0.81717
-0.688642
-0.580198
-0.48883
-0.411877
-0.347017
-0.292254
-0.245898
-0.206535
-0.172999
-0.144339
-0.119783
-0.0987121
-0.0806265
-0.0651214
-0.0518625
-0.0405686
-0.0310082
-0.0229648
-0.0162523
-0.010708
-0.00618752
-0.00256607
0.000267849
0.00241113
0.0039538
0.00495809
0.00551278
0.00571056
0.00553393
0.00534168
0.00449474
0.00478937
0.00211192
0.0058164
-0.00499326
-11.1784
-11.3483
-11.5419
-11.7583
-11.9963
-12.254
-12.5273
-12.809
-13.0893
-13.3556
-13.593
-13.7856
-13.9173
-13.9741
-13.9451
-13.8248
-13.6137
-13.3193
-12.9555
-12.5422
-12.1037
-11.667
-11.2603
-10.911
-10.644
-10.4805
-10.4367
-10.5227
-10.7415
-11.0879
-11.5483
-12.1003
-12.7129
-13.3485
-13.9648
-14.5186
-14.9685
-15.279
-15.4228
-15.3834
-15.1561
-14.7478
-14.176
-13.4658
-12.6478
-11.7546
-10.8181
-9.86745
-8.92741
-8.01762
-7.15249
-6.34159
-5.59051
-4.90173
-4.27558
-3.71101
-3.20592
-2.7575
-2.36232
-2.01658
-1.71617
-1.45682
-1.23424
-1.0442
-0.882666
-0.745836
-0.630214
-0.532638
-0.450298
-0.38074
-0.321853
-0.271855
-0.229259
-0.192842
-0.161609
-0.134758
-0.111642
-0.0917391
-0.0746269
-0.0599537
-0.0474233
-0.0367829
-0.0278057
-0.0202902
-0.0140584
-0.00895164
-0.0048314
-0.00157475
0.000928802
0.00277459
0.00404043
0.00480239
0.00518784
0.00511767
0.00509941
0.00420186
0.00485181
0.00162248
0.00662607
-0.00678859
-11.2207
-11.3792
-11.5574
-11.7538
-11.967
-12.1948
-12.4331
-12.6756
-12.9138
-13.1374
-13.3343
-13.4915
-13.5965
-13.6382
-13.6082
-13.5022
-13.321
-13.0707
-12.7631
-12.4142
-12.0444
-11.676
-11.3328
-11.0376
-10.8118
-10.6733
-10.636
-10.7083
-10.8926
-11.1844
-11.5719
-12.036
-12.5505
-13.0837
-13.6003
-14.0637
-14.4391
-14.6961
-14.8112
-14.7694
-14.5654
-14.2036
-13.697
-13.0657
-12.3344
-11.5302
-10.6802
-9.8093
-8.93951
-8.08854
-7.26981
-6.49276
-5.76349
-5.08563
-4.46116
-3.89101
-3.3752
-2.91288
-2.50231
-2.14097
-1.82563
-1.55254
-1.31768
-1.11688
-0.946035
-0.801198
-0.678704
-0.575214
-0.487755
-0.41373
-0.350912
-0.297424
-0.251709
-0.212491
-0.178737
-0.149617
-0.124465
-0.102742
-0.0840121
-0.0679094
-0.054125
-0.0423896
-0.0324627
-0.0241281
-0.0171929
-0.0114841
-0.00684942
-0.00315503
-0.000278103
0.00188332
0.00342367
0.00440463
0.00500279
0.00506229
0.00523273
0.00427523
0.00527172
0.00142538
0.00773944
-0.00852311
-11.2523
-11.3994
-11.5624
-11.7399
-11.9302
-12.1309
-12.3383
-12.5467
-12.7491
-12.9367
-13.0998
-13.2281
-13.3116
-13.3415
-13.3115
-13.2184
-13.0631
-12.8506
-12.5907
-12.2966
-11.9851
-11.6748
-11.3854
-11.1361
-10.9449
-10.8269
-10.7938
-10.8527
-11.0056
-11.2485
-11.5713
-11.9577
-12.386
-12.8294
-13.2585
-13.6427
-13.9526
-14.1627
-14.2525
-14.2086
-14.0254
-13.7052
-13.2576
-12.6982
-12.0467
-11.3252
-10.5562
-9.76107
-8.95878
-8.16494
-7.39171
-6.64802
-5.94016
-5.27263
-4.64895
-4.0721
-3.54436
-3.06701
-2.64014
-2.26256
-1.93192
-1.645
-1.39797
-1.18665
-1.00681
-0.854326
-0.725318
-0.616248
-0.523966
-0.445726
-0.379182
-0.322369
-0.273666
-0.231751
-0.195559
-0.164239
-0.137109
-0.113617
-0.0933131
-0.0758209
-0.0608177
-0.0480207
-0.0371758
-0.0280524
-0.0204427
-0.0141597
-0.00903735
-0.00492968
-0.00170132
0.00075374
0.00254756
0.00372724
0.0045091
0.00466471
0.00500228
0.00397133
0.00533601
0.000870058
0.00861985
-0.0105679
-11.274
-11.4096
-11.5581
-11.7178
-11.887
-12.0634
-12.2435
-12.4224
-12.5941
-12.7514
-12.8865
-12.991
-13.0572
-13.0781
-13.0489
-12.9673
-12.8342
-12.6539
-12.4343
-12.1866
-11.9243
-11.663
-11.4189
-11.2081
-11.0455
-10.9439
-10.9131
-10.9591
-11.0832
-11.2823
-11.5476
-11.8657
-12.2182
-12.583
-12.9355
-13.2505
-13.5033
-13.6723
-13.7402
-13.6949
-13.5308
-13.2485
-12.8548
-12.3614
-11.7837
-11.1394
-10.447
-9.72419
-8.98707
-8.24902
-7.52063
-6.8099
-6.12294
-5.46485
-4.84062
-4.25537
-3.7139
-3.21988
-2.77535
-2.38057
-2.0341
-1.73317
-1.47407
-1.25255
-1.06416
-0.90453
-0.769515
-0.655345
-0.558668
-0.476577
-0.406607
-0.346701
-0.295181
-0.250686
-0.212129
-0.178647
-0.149552
-0.124288
-0.102399
-0.083503
-0.0672667
-0.0533943
-0.0416178
-0.0316923
-0.0233949
-0.0165246
-0.0109006
-0.00636582
-0.00277222
-7.95506e-06
0.00205797
0.00345257
0.00444628
0.00473138
0.00526624
0.00417098
0.00590344
0.000764366
0.00994117
-0.0124502
-11.2879
-11.4124
-11.547
-11.6903
-11.8403
-11.995
-12.1511
-12.3045
-12.4501
-12.582
-12.6938
-12.7789
-12.8311
-12.8451
-12.8171
-12.7456
-12.6314
-12.4783
-12.2927
-12.0837
-11.8627
-11.6422
-11.4358
-11.2567
-11.1175
-11.0286
-10.9982
-11.0314
-11.1292
-11.2889
-11.5033
-11.761
-12.0469
-12.3429
-12.6286
-12.8831
-13.0862
-13.2197
-13.2689
-13.2232
-13.0769
-12.8297
-12.4857
-12.0534
-11.5446
-10.973
-10.3533
-9.7001
-9.02642
-8.34329
-7.65941
-6.98143
-6.31482
-5.66498
-5.03827
-4.44222
-3.88453
-3.37161
-2.9077
-2.49456
-2.13163
-1.8165
-1.54548
-1.31411
-1.11765
-0.951382
-0.810869
-0.692067
-0.591407
-0.505814
-0.432703
-0.369938
-0.31579
-0.268871
-0.22808
-0.192549
-0.161588
-0.134638
-0.111243
-0.0910097
-0.0735997
-0.0587063
-0.0460486
-0.035368
-0.0264267
-0.01901
-0.012923
-0.00799722
-0.00407277
-0.00103484
0.00126637
0.00284207
0.00401299
0.00438103
0.00506569
0.00386769
0.00595966
0.000141309
0.0108672
-0.0147632
-11.294
-11.4077
-11.5294
-11.6574
-11.7901
-11.9254
-12.0605
-12.1919
-12.3152
-12.4257
-12.5181
-12.5873
-12.6282
-12.6368
-12.6104
-12.5476
-12.4495
-12.3192
-12.1619
-11.9853
-11.7984
-11.6118
-11.4363
-11.2832
-11.1625
-11.083
-11.0515
-11.0721
-11.1457
-11.27
-11.4391
-11.6436
-11.8711
-12.1068
-12.3342
-12.5363
-12.6963
-12.7993
-12.833
-12.788
-12.6591
-12.4447
-12.1472
-11.7723
-11.3284
-10.8258
-10.276
-9.69029
-9.07898
-8.45054
-7.81137
-7.16629
-6.51953
-5.87638
-5.24454
-4.63431
-4.05685
-3.52183
-3.03602
-2.60283
-2.22257
-1.89305
-1.6104
-1.3698
-1.16606
-0.994008
-0.848825
-0.726146
-0.622152
-0.533594
-0.457763
-0.392452
-0.335898
-0.286695
-0.243746
-0.2062
-0.173375
-0.144726
-0.119802
-0.0982138
-0.0796148
-0.0636875
-0.0501376
-0.0386918
-0.0290969
-0.0211237
-0.0145623
-0.00923249
-0.00496014
-0.00162557
0.0009413
0.00272921
0.00409848
0.00459257
0.0054838
0.00422757
0.00669849
0.000182447
0.0124112
-0.0167062
-11.2951
-11.3987
-11.5083
-11.6224
-11.7395
-11.8578
-11.9747
-12.0871
-12.1916
-12.284
-12.3603
-12.4163
-12.4481
-12.4526
-12.4276
-12.3723
-12.2877
-12.1762
-12.0424
-11.8923
-11.7335
-11.5744
-11.424
-11.2914
-11.185
-11.1119
-11.0777
-11.0858
-11.1369
-11.2291
-11.3577
-11.515
-11.6912
-11.8741
-12.0505
-12.2068
-12.3295
-12.4065
-12.4276
-12.3847
-12.2729
-12.09
-11.8366
-11.516
-11.134
-10.6977
-10.2156
-9.69625
-9.1471
-8.57395
-7.98049
-7.36901
-6.74178
-6.10342
-5.46296
-4.83416
-4.2325
-3.67154
-3.16091
-2.70575
-2.3071
-1.96282
-1.6687
-1.41934
-1.20894
-1.0318
-0.882631
-0.756703
-0.64993
-0.558877
-0.480721
-0.413191
-0.354503
-0.303247
-0.25834
-0.218951
-0.184415
-0.154204
-0.127874
-0.105032
-0.0853338
-0.0684536
-0.0540854
-0.0419421
-0.0317558
-0.0232836
-0.0163015
-0.0106191
-0.00605066
-0.00247505
0.000296857
0.00223889
0.00376608
0.00432583
0.00533961
0.00395326
0.00673013
-0.000487628
0.0132968
-0.0192308
-11.29
-11.384
-11.4824
-11.584
-11.6872
-11.7903
-11.8913
-11.9874
-12.0757
-12.153
-12.2159
-12.2611
-12.2855
-12.2866
-12.263
-12.214
-12.1404
-12.0445
-11.9299
-11.8014
-11.6653
-11.5284
-11.398
-11.2815
-11.1857
-11.1164
-11.0782
-11.0738
-11.104
-11.1671
-11.2594
-11.3749
-11.5056
-11.6421
-11.774
-11.8905
-11.981
-12.0361
-12.0473
-12.0081
-11.9137
-11.7614
-11.5506
-11.2825
-10.9602
-10.5884
-10.1729
-9.7195
-9.2333
-8.71716
-8.17154
-7.59531
-6.9877
-6.35173
-5.69768
-5.04369
-4.41102
-3.81827
-3.27857
-2.79892
-2.38088
-2.02199
-1.71726
-1.46043
-1.24483
-1.06403
-0.912182
-0.784132
-0.675502
-0.582671
-0.50272
-0.433335
-0.372747
-0.319563
-0.272745
-0.23151
-0.195233
-0.163417
-0.135642
-0.111523
-0.090707
-0.0728619
-0.0576676
-0.0448214
-0.0340387
-0.0250611
-0.0176487
-0.0115994
-0.00671101
-0.00285819
0.000168905
0.00232033
0.00403558
0.00471207
0.00593974
0.00451303
0.00765609
-0.000183214
0.0150183
-0.0209985
-11.2826
-11.3678
-11.4561
-11.5464
-11.6372
-11.7272
-11.8144
-11.8965
-11.9712
-12.0358
-12.0875
-12.1237
-12.1419
-12.1404
-12.1179
-12.074
-12.0094
-11.9261
-11.8268
-11.7157
-11.5976
-11.4781
-11.3632
-11.2586
-11.17
-11.1021
-11.0585
-11.0415
-11.0518
-11.0881
-11.1475
-11.2254
-11.3156
-11.411
-11.5035
-11.585
-11.6476
-11.6841
-11.6879
-11.6537
-11.5772
-11.4554
-11.2864
-11.0696
-10.8058
-10.4975
-10.1481
-9.7615
-9.34028
-8.88438
-8.39035
-7.85249
-7.26537
-6.62924
-5.95574
-5.26897
-4.59762
-3.96641
-3.39254
-2.88501
-2.44571
-2.07151
-1.75631
-1.49262
-1.27269
-1.08919
-0.935617
-0.806328
-0.696622
-0.602689
-0.521512
-0.450747
-0.388668
-0.333901
-0.285471
-0.242655
-0.20487
-0.171643
-0.142578
-0.117316
-0.095502
-0.0767987
-0.0608759
-0.0474171
-0.0361219
-0.0267177
-0.0189501
-0.0126076
-0.007475
-0.00342633
-0.000233282
0.00203876
0.0038774
0.00459638
0.00587794
0.00431278
0.00766686
-0.000887247
0.0156294
-0.0234882
-11.2702
-11.3472
-11.4263
-11.5063
-11.5862
-11.6646
-11.7397
-11.8098
-11.8726
-11.9267
-11.969
-11.9977
-12.0109
-12.0071
-11.9854
-11.9456
-11.8882
-11.8148
-11.7278
-11.6303
-11.5264
-11.4203
-11.317
-11.221
-11.1368
-11.0682
-11.0183
-10.9887
-10.98
-10.9915
-11.0209
-11.0648
-11.1187
-11.1772
-11.2348
-11.2855
-11.3239
-11.3448
-11.3436
-11.3161
-11.2587
-11.1679
-11.0408
-10.875
-10.6695
-10.4245
-10.1418
-9.82375
-9.47102
-9.08056
-8.64421
-8.15002
-7.58522
-6.9448
-6.2415
-5.50852
-4.78577
-4.10641
-3.4924
-2.95426
-2.4934
-2.10516
-1.78165
-1.51366
-1.29185
-1.10789
-0.954501
-0.825498
-0.715868
-0.621659
-0.539811
-0.468008
-0.404608
-0.348306
-0.298223
-0.253743
-0.214355
-0.179649
-0.149251
-0.122813
-0.0999849
-0.0804197
-0.0637715
-0.049705
-0.0379011
-0.0280698
-0.0199396
-0.0132867
-0.00788147
-0.00359441
-0.000174345
0.00229844
0.00434831
0.00519169
0.00674571
0.00511286
0.00877231
-0.000239
0.0173649
-0.02455
-11.2582
-11.3278
-11.3987
-11.4698
-11.5402
-11.6086
-11.6735
-11.7336
-11.7871
-11.8315
-11.8658
-11.8882
-11.8971
-11.8913
-11.8701
-11.8333
-11.7815
-11.7159
-11.6382
-11.5512
-11.4578
-11.3616
-11.2664
-11.1759
-11.0935
-11.0223
-10.9647
-10.9221
-10.8951
-10.8831
-10.8845
-10.897
-10.9174
-10.9423
-10.9678
-10.9905
-11.007
-11.0143
-11.0097
-10.9903
-10.953
-10.8943
-10.8099
-10.696
-10.5493
-10.3683
-10.1536
-9.90695
-9.62801
-9.31076
-8.94138
-8.49959
-7.96185
-7.315
-6.57245
-5.77939
-4.99051
-4.24999
-3.58624
-3.01163
-2.52637
-2.12337
-1.79208
-1.52093
-1.2988
-1.11597
-0.964267
-0.836913
-0.728567
-0.635107
-0.553436
-0.481233
-0.417158
-0.359794
-0.308512
-0.26272
-0.222022
-0.186071
-0.15454
-0.127103
-0.10342
-0.0831366
-0.0658962
-0.0513454
-0.0391474
-0.0289974
-0.020608
-0.0137453
-0.00816738
-0.00374627
-0.000212593
0.00233179
0.00445997
0.00530497
0.00690193
0.00501074
0.00862826
-0.000979632
0.0173575
-0.0264533
-11.2415
-11.3045
-11.3678
-11.4309
-11.4928
-11.5523
-11.6084
-11.6596
-11.7045
-11.7414
-11.7691
-11.7861
-11.7913
-11.7837
-11.7627
-11.7282
-11.6805
-11.6207
-11.5502
-11.4709
-11.3853
-11.2962
-11.2064
-11.1188
-11.0363
-10.961
-10.8948
-10.8391
-10.7941
-10.7596
-10.7347
-10.7179
-10.7073
-10.7011
-10.6972
-10.6943
-10.6912
-10.6869
-10.6807
-10.6712
-10.6559
-10.631
-10.5914
-10.5309
-10.4444
-10.3285
-10.1834
-10.0117
-9.81325
-9.57985
-9.29099
-8.91485
-8.40971
-7.74706
-6.94273
-6.06446
-5.18956
-4.37531
-3.65546
-3.0428
-2.53475
-2.12039
-1.78538
-1.51513
-1.29643
-1.1179
-0.970266
-0.846279
-0.740367
-0.648387
-0.567324
-0.495128
-0.430112
-0.37163
-0.318977
-0.271738
-0.229621
-0.192353
-0.159652
-0.131211
-0.106687
-0.0857117
-0.0679056
-0.052894
-0.0403175
-0.0298508
-0.0211907
-0.0140946
-0.00830683
-0.00369795
2.45726e-05
0.0027402
0.00506968
0.00605536
0.00784836
0.00605223
0.00986249
0.000153559
0.0186255
-0.0260691
-11.2282
-11.2853
-11.3423
-11.3986
-11.4533
-11.5055
-11.5541
-11.5979
-11.6356
-11.6661
-11.6883
-11.7009
-11.7029
-11.6936
-11.6724
-11.6394
-11.5946
-11.5389
-11.4734
-11.3995
-11.3191
-11.2344
-11.1474
-11.0605
-10.9757
-10.8947
-10.819
-10.7494
-10.6865
-10.63
-10.5794
-10.5341
-10.4933
-10.4563
-10.4233
-10.3946
-10.3714
-10.3553
-10.3477
-10.3489
-10.3575
-10.3694
-10.3778
-10.3742
-10.3506
-10.3015
-10.2277
-10.1348
-10.0249
-9.8894
-9.7012
-9.41469
-8.96254
-8.28904
-7.40432
-6.40857
-5.41437
-4.49992
-3.70756
-3.04889
-2.51572
-2.09085
-1.75461
-1.48833
-1.27608
-1.10462
-0.9636
-0.845224
-0.743664
-0.654703
-0.575437
-0.50396
-0.43902
-0.379981
-0.326412
-0.278077
-0.234816
-0.196454
-0.16277
-0.133488
-0.108275
-0.0867577
-0.0685392
-0.053224
-0.0404269
-0.0297968
-0.0210126
-0.0138227
-0.00796006
-0.00329963
0.000468065
0.00319609
0.00554717
0.00645071
0.00814871
0.00609948
0.00947335
-0.000665348
0.017034
-0.0266206
-11.2098
-11.2614
-11.3126
-11.3627
-11.4109
-11.4564
-11.4984
-11.5359
-11.5677
-11.5927
-11.61
-11.6187
-11.6179
-11.6069
-11.5854
-11.5532
-11.5104
-11.4576
-11.3956
-11.3254
-11.2484
-11.1661
-11.0802
-10.9923
-10.9038
-10.816
-10.73
-10.6463
-10.5653
-10.4871
-10.4116
-10.3387
-10.2688
-10.2025
-10.1415
-10.0883
-10.0463
-10.0194
-10.0116
-10.0252
-10.0602
-10.1125
-10.1733
-10.2306
-10.2719
-10.289
-10.2845
-10.2721
-10.2621
-10.2485
-10.1963
-10.0384
-9.65528
-8.94963
-7.94129
-6.78281
-5.63349
-4.59722
-3.72334
-3.01835
-2.46462
-2.03587
-1.70521
-1.44902
-1.24802
-1.08724
-0.955381
-0.844201
-0.747832
-0.662252
-0.58484
-0.514005
-0.448828
-0.388945
-0.334209
-0.28459
-0.240068
-0.200565
-0.165912
-0.135847
-0.110025
-0.0880472
-0.0694833
-0.0539052
-0.040901
-0.0301033
-0.0211756
-0.0138575
-0.00786973
-0.00308826
0.000819172
0.00368729
0.00623364
0.00731585
0.0092639
0.00738882
0.0107115
0.000942369
0.0163521
-0.0228984
-11.1982
-11.2456
-11.2922
-11.3375
-11.3807
-11.4212
-11.458
-11.4899
-11.5167
-11.5373
-11.5507
-11.5562
-11.5529
-11.5404
-11.5183
-11.4863
-11.4445
-11.3932
-11.333
-11.2646
-11.1891
-11.1073
-11.0206
-10.93
-10.8364
-10.7407
-10.6434
-10.545
-10.4455
-10.345
-10.2435
-10.1413
-10.0394
-9.93973
-9.84563
-9.76195
-9.69515
-9.65277
-9.64237
-9.66958
-9.73574
-9.83588
-9.95786
-10.084
-10.1962
-10.282
-10.3487
-10.4238
-10.5332
-10.6841
-10.8434
-10.9153
-10.7029
-9.97042
-8.73847
-7.29762
-5.89648
-4.67684
-3.69112
-2.93016
-2.35738
-1.93105
-1.61373
-1.3752
-1.1923
-1.04798
-0.930037
-0.829924
-0.741821
-0.661951
-0.588066
-0.519017
-0.454367
-0.394148
-0.338572
-0.287883
-0.242258
-0.201743
-0.166238
-0.135508
-0.10921
-0.0869244
-0.0681903
-0.0525439
-0.0395386
-0.0287773
-0.0199002
-0.0126372
-0.00670015
-0.00197179
0.00189679
0.00471513
0.00724199
0.00822318
0.010042
0.00778873
0.0103688
0.000379554
0.0119576
-0.0199772
-11.1795
-11.2226
-11.2646
-11.3051
-11.3434
-11.3789
-11.4113
-11.4391
-11.4616
-11.4782
-11.4883
-11.4909
-11.4855
-11.4716
-11.4488
-11.4168
-11.3757
-11.3254
-11.2665
-11.1992
-11.1242
-11.0421
-10.9536
-10.8593
-10.7597
-10.6553
-10.5463
-10.4327
-10.3146
-10.1921
-10.0654
-9.9355
-9.80409
-9.67424
-9.55071
-9.44018
-9.35142
-9.29486
-9.28153
-9.32096
-9.41795
-9.5687
-9.75776
-9.9597
-10.1462
-10.2972
-10.433
-10.6159
-10.8986
-11.3016
-11.7886
-12.2233
-12.2147
-11.4081
-9.82709
-7.96173
-6.19019
-4.71448
-3.5868
-2.76746
-2.18702
-1.77905
-1.4902
-1.28151
-1.12577
-1.00423
-0.904253
-0.817459
-0.738551
-0.664445
-0.593648
-0.525739
-0.460945
-0.39983
-0.343026
-0.29107
-0.244312
-0.202882
-0.166702
-0.135518
-0.108945
-0.0865149
-0.06772
-0.0520597
-0.0390614
-0.0283138
-0.0194475
-0.0121888
-0.00624205
-0.0014935
0.0024279
0.00531811
0.00800193
0.00916453
0.0112779
0.0092841
0.0117801
0.00253088
0.00973869
-0.0126453
-11.1733
-11.2139
-11.2534
-11.291
-11.3265
-11.358
-11.3864
-11.4111
-11.4306
-11.4444
-11.4517
-11.452
-11.4447
-11.4293
-11.4054
-11.3727
-11.3311
-11.2806
-11.2213
-11.1535
-11.0776
-10.9937
-10.9022
-10.8033
-10.6971
-10.5836
-10.4625
-10.3332
-10.1954
-10.0484
-9.89203
-9.72685
-9.55464
-9.37916
-9.20702
-9.04838
-8.91722
-8.83063
-8.80651
-8.86011
-8.9993
-9.22044
-9.50414
-9.81604
-10.1092
-10.3357
-10.5178
-10.7702
-11.2233
-11.9646
-12.9898
-14.1064
-14.5604
-13.5771
-11.404
-8.8467
-6.49795
-4.64557
-3.32539
-2.44207
-1.87107
-1.50681
-1.27225
-1.11632
-1.0067
-0.923072
-0.852748
-0.787987
-0.72442
-0.660066
-0.594621
-0.52886
-0.464123
-0.4019
-0.343519
-0.289978
-0.24188
-0.199458
-0.162636
-0.131113
-0.104436
-0.0820684
-0.0634425
-0.048009
-0.0352598
-0.0247615
-0.0161334
-0.00910263
-0.00337437
0.0011539
0.00486676
0.00753553
0.0100274
0.0108968
0.0127069
0.0100328
0.0117045
0.0013518
0.00561621
-0.0119849
-11.1539
-11.1911
-11.2269
-11.2613
-11.2928
-11.3225
-11.348
-11.3694
-11.3861
-11.3974
-11.4027
-11.4014
-11.3929
-11.3768
-11.3526
-11.3201
-11.2789
-11.2289
-11.17
-11.1022
-11.0255
-10.9399
-10.8452
-10.7415
-10.6284
-10.5055
-10.3723
-10.2281
-10.0725
-9.90491
-9.72548
-9.53505
-9.33576
-9.13144
-8.92829
-8.73553
-8.56631
-8.43881
-8.37677
-8.40815
-8.55863
-8.83943
-9.23047
-9.67523
-10.0799
-10.3611
-10.5908
-10.9132
-11.395
-12.1767
-13.4766
-15.2124
-16.301
-15.4345
-12.8072
-9.59046
-6.65726
-4.42325
-2.91549
-1.98527
-1.4488
-1.15519
-0.999346
-0.916524
-0.868663
-0.833915
-0.800168
-0.761167
-0.714354
-0.659652
-0.598622
-0.533758
-0.467858
-0.40354
-0.34292
-0.287465
-0.237992
-0.194766
-0.157631
-0.126153
-0.0997404
-0.0777377
-0.0594936
-0.0444117
-0.0319679
-0.0217343
-0.0133426
-0.00653486
-0.0010194
0.00329651
0.00681028
0.00926714
0.0115959
0.0122862
0.0141201
0.0114131
0.0135543
0.00326415
0.0101795
-0.0126474
-11.1586
-11.1953
-11.2304
-11.2632
-11.2939
-11.3217
-11.3457
-11.3655
-11.3805
-11.3901
-11.3935
-11.3903
-11.3799
-11.3619
-11.3358
-11.3014
-11.2584
-11.2066
-11.1459
-11.0761
-10.997
-10.9085
-10.8101
-10.7013
-10.5813
-10.4488
-10.3023
-10.1398
-9.95891
-9.75675
-9.53042
-9.27733
-8.99614
-8.68831
-8.36045
-8.02772
-7.7177
-7.47364
-7.35367
-7.42132
-7.72356
-8.26032
-8.95901
-9.69612
-10.2728
-10.446
-10.3355
-10.397
-10.8982
-11.8689
-13.3748
-15.5194
-17.025
-16.1125
-13.1943
-9.67964
-6.45461
-4.02297
-2.4239
-1.48744
-0.99792
-0.778396
-0.703069
-0.69583
-0.713368
-0.731971
-0.739455
-0.730367
-0.70345
-0.660271
-0.60426
-0.539848
-0.47164
-0.403749
-0.33938
-0.280676
-0.228782
-0.184029
-0.146166
-0.114583
-0.0884922
-0.0670593
-0.0494908
-0.0350924
-0.0232848
-0.0136232
-0.00574719
0.000575803
0.00561494
0.00943599
0.0124383
0.0143286
0.016072
0.0160064
0.0171305
0.0131751
0.0148691
0.00176595
0.011917
-0.0240092
-11.1352
-11.1691
-11.2011
-11.2312
-11.259
-11.284
-11.3055
-11.3232
-11.3363
-11.3443
-11.3467
-11.3429
-11.3324
-11.3147
-11.2893
-11.2556
-11.2134
-11.1622
-11.1015
-11.0308
-10.9495
-10.8571
-10.7525
-10.6348
-10.5026
-10.3543
-10.188
-10.0014
-9.79213
-9.5577
-9.29614
-9.00657
-8.69037
-8.35278
-8.00521
-7.66783
-7.37203
-7.16113
-7.08699
-7.20031
-7.53232
-8.07412
-8.76008
-9.48595
-10.1037
-10.4742
-10.6635
-10.8867
-11.2994
-12.0166
-13.1269
-14.5731
-15.6823
-15.0887
-12.6105
-9.30259
-6.20834
-3.85021
-2.28615
-1.37591
-0.905725
-0.702366
-0.642141
-0.648739
-0.678411
-0.707209
-0.722852
-0.719915
-0.697275
-0.656728
-0.602018
-0.537924
-0.4694
-0.400871
-0.335783
-0.276447
-0.224098
-0.179098
-0.141188
-0.109721
-0.08386
-0.0627213
-0.045468
-0.0313754
-0.0198478
-0.010438
-0.00279012
0.00331669
0.00814879
0.0117578
0.0145664
0.0162635
0.0179275
0.0178247
0.0192653
0.0155767
0.0180686
0.00614284
0.0122546
-0.00528189
-15.397
-15.1344
-15.3392
-16.0393
-16.4724
-16.3192
-15.7787
-15.1334
-14.6684
-14.4912
-14.4635
-14.4347
-14.405
-14.2914
-14.0379
-13.6852
-13.2816
-12.941
-12.7609
-12.8106
-13.0846
-13.5029
-13.9552
-14.3216
-14.6013
-14.7347
-14.7086
-14.5924
-14.466
-14.323
-14.3886
-14.6442
-15.1334
-16.4753
-19.4334
-24.0365
-29.575
-34.8739
-38.8584
-40.775
-39.8702
-35.719
-28.9572
-20.5914
-11.6689
-3.282
3.56168
8.20657
10.5836
11.1478
10.5416
9.37316
8.07214
6.86955
5.84979
5.01421
4.33188
3.76789
3.29392
2.88927
2.53922
2.23331
1.96405
1.72608
1.51537
1.32875
1.16361
1.01771
0.88912
0.776109
0.677212
0.590997
0.516742
0.453224
0.402577
0.363233
0.327674
0.29157
0.25151
0.205782
0.156977
0.112238
0.07892
0.0608911
0.0559041
0.0561898
0.055755
0.0514441
0.045529
0.0386306
0.0314818
0.0252993
0.0200455
0.0170637
0.0135364
0.0135006
0.0075306
0.0127418
-0.00291355
0.0148847
-16.4804
-16.8288
-18.3074
-19.5226
-20.0213
-19.4951
-18.1283
-16.4655
-15.2689
-14.8776
-14.8269
-14.8096
-14.6927
-14.4786
-14.1782
-13.7861
-13.4117
-13.1125
-12.9857
-13.1058
-13.484
-14.0579
-14.6753
-15.1697
-15.3512
-15.2602
-14.9961
-14.6473
-14.2926
-14.0351
-14.1119
-14.6704
-15.7361
-18.2791
-23.3436
-30.6104
-38.5974
-45.4432
-49.5648
-50.0641
-47.0424
-41.4569
-33.9214
-25.0683
-15.7312
-6.85981
0.547848
5.75741
8.63877
9.62165
9.35877
8.47788
7.40964
6.38832
5.50455
4.76716
4.15317
3.63577
3.19349
2.81072
2.4761
2.18132
1.92034
1.68877
1.48325
1.301
1.13964
0.997002
0.871196
0.760508
0.663331
0.578201
0.503277
0.437264
0.375785
0.318021
0.269079
0.231118
0.203593
0.183905
0.164283
0.143946
0.122566
0.102672
0.085848
0.0725749
0.0626877
0.0560522
0.0492133
0.0416756
0.0338651
0.0270175
0.0213548
0.0180621
0.0141083
0.0136875
0.00690576
0.012376
-0.00947326
0.0248478
-18.7497
-20.0615
-21.7627
-23.0242
-23.5777
-23.0548
-21.4419
-19.212
-17.2442
-16.0846
-15.5367
-15.3989
-15.5823
-15.8642
-16.0151
-15.919
-15.5563
-15.0329
-14.5291
-14.2247
-14.2399
-14.5959
-15.1538
-15.6837
-16.0009
-15.9441
-15.6127
-15.1957
-14.7679
-14.664
-15.2802
-17.4643
-21.875
-28.4028
-36.2024
-43.9996
-50.6751
-55.4625
-57.8118
-57.3086
-53.9907
-48.0941
-40.2087
-31.0654
-21.3927
-12.0074
-3.9108
2.0419
5.62534
7.20229
7.4506
7.01705
6.32422
5.6008
4.94202
4.36758
3.86648
3.42401
3.0308
2.6812
2.37032
2.09337
1.84618
1.62556
1.429
1.25435
1.09958
0.962748
0.842031
0.735797
0.642587
0.561092
0.490211
0.428873
0.376497
0.332344
0.294497
0.259949
0.22617
0.191118
0.157505
0.125837
0.0988872
0.0789651
0.0661521
0.0585942
0.0535464
0.0492904
0.0443596
0.0385335
0.0321096
0.0261686
0.02067
0.0171213
0.0130947
0.0128185
0.00616608
0.0123507
-0.00877041
0.0252025
-19.5792
-20.9783
-22.0268
-23.033
-23.3929
-23.1001
-22.0294
-20.4792
-19.1093
-18.47
-18.5467
-19.1763
-20.1347
-21.1221
-21.7935
-21.861
-21.2379
-20.0714
-18.6382
-17.2467
-16.1622
-15.562
-15.4593
-15.6932
-15.9802
-16.0821
-15.9392
-15.6348
-15.427
-15.7822
-17.615
-22.0047
-28.9703
-37.3948
-45.8575
-53.4128
-59.5926
-63.9752
-65.9643
-65.0399
-61.1213
-54.6045
-46.2151
-36.7326
-26.7773
-16.9964
-8.33433
-1.71367
2.51602
4.66207
5.43024
5.46011
5.1623
4.75457
4.33327
3.92895
3.54474
3.17993
2.83783
2.52314
2.23796
1.98121
1.75044
1.54338
1.3582
1.19329
1.04698
0.917531
0.803212
0.702407
0.613629
0.535547
0.466766
0.406136
0.351991
0.303376
0.260739
0.224603
0.194584
0.169825
0.147637
0.128864
0.110895
0.0949553
0.0813103
0.0699424
0.0606297
0.0528916
0.0457103
0.0387026
0.0318554
0.0258874
0.0206284
0.017277
0.0131864
0.0127169
0.00583657
0.0119425
-0.00965847
0.0256031
-18.8666
-19.726
-20.5291
-21.3835
-21.9234
-22.0227
-21.7598
-21.3589
-21.3053
-21.9226
-23.2768
-25.2723
-27.4925
-29.3943
-30.4729
-30.416
-29.1914
-27.0391
-24.3484
-21.5121
-18.8664
-16.7341
-15.3553
-14.7411
-14.6408
-14.7313
-14.7843
-14.7605
-14.9626
-16.1122
-19.5318
-25.927
-34.5289
-43.7354
-52.3147
-59.8191
-66.0614
-70.5856
-72.6075
-71.4915
-67.1584
-60.0773
-51.1534
-41.2866
-31.0634
-21.0122
-11.9618
-4.86291
-0.161106
2.44976
3.66368
4.09991
4.14607
4.00793
3.78477
3.51979
3.2312
2.93127
2.63354
2.35066
2.09017
1.85395
1.64077
1.44882
1.27662
1.12291
0.986328
0.865371
0.758482
0.664182
0.581127
0.508149
0.444194
0.38837
0.339859
0.297941
0.261725
0.229711
0.200503
0.17271
0.147221
0.121957
0.100577
0.0832073
0.0700306
0.0603536
0.0529636
0.0467989
0.0409243
0.035121
0.0294
0.0243125
0.0195236
0.0162959
0.0122896
0.011912
0.00532757
0.0115377
-0.00894667
0.0249122
-16.9251
-17.4671
-18.1933
-18.9417
-19.604
-20.2074
-20.8667
-21.7527
-23.1855
-25.402
-28.4388
-31.9673
-35.405
-38.1073
-39.438
-39.065
-37.0522
-33.7714
-29.7972
-25.6122
-21.4858
-17.7333
-14.7921
-12.9402
-12.0758
-11.8529
-11.8862
-12.0577
-12.7279
-14.9634
-20.0508
-28.1453
-37.8924
-47.5668
-56.2802
-63.955
-70.5087
-75.3519
-77.4907
-76.2344
-71.5341
-63.9905
-54.6154
-44.4128
-33.9906
-23.7798
-14.5317
-7.19788
-2.22989
0.690531
2.23963
2.99523
3.31272
3.38471
3.31279
3.1517
2.93391
2.68377
2.42289
2.16886
1.93226
1.71669
1.52173
1.34586
1.18775
1.0463
0.920342
0.808573
0.709612
0.622115
0.54483
0.47664
0.41648
0.36342
0.316473
0.27485
0.238172
0.206174
0.178544
0.154789
0.134431
0.116097
0.100012
0.0861789
0.0744048
0.0644328
0.0559506
0.0485803
0.0418267
0.0355223
0.02949
0.0242183
0.0194546
0.0162813
0.0122822
0.0117495
0.00523133
0.0111029
-0.00859104
0.0235536
-14.7877
-15.1644
-15.7525
-16.4339
-17.2103
-18.2078
-19.5955
-21.5726
-24.4022
-28.2449
-32.9189
-37.8893
-42.542
-46.1658
-47.9093
-47.2507
-44.2664
-39.5741
-34.1417
-28.6825
-23.3309
-18.1763
-13.705
-10.4565
-8.52683
-7.65173
-7.46419
-7.7973
-9.11525
-12.5917
-19.2259
-28.6584
-39.1883
-49.1764
-58.0301
-65.8834
-72.6602
-77.6825
-79.8533
-78.5169
-73.672
-65.9513
-56.3969
-46.0661
-35.5832
-25.3487
-16.1048
-8.77655
-3.75142
-0.674199
1.09834
2.0865
2.60692
2.83767
2.88107
2.80052
2.63966
2.43219
2.20554
1.98019
1.7682
1.57412
1.39812
1.23902
1.09564
0.96701
0.852151
0.749969
0.659295
0.578975
0.507932
0.44521
0.389944
0.341392
0.29885
0.261701
0.229336
0.200912
0.175569
0.152445
0.131199
0.111395
0.0940638
0.079416
0.067502
0.057986
0.0502954
0.0438066
0.0379196
0.032451
0.0272483
0.0226607
0.0183092
0.0153294
0.0114988
0.0110304
0.00487318
0.0105883
-0.00794351
0.0223244
-12.8994
-13.1367
-13.5885
-14.1649
-14.9705
-16.1946
-18.0858
-20.904
-24.9101
-30.1435
-36.2205
-42.5372
-48.5084
-53.288
-55.6361
-54.7022
-50.5915
-44.2918
-37.2594
-30.5708
-24.269
-18.087
-12.3891
-7.90812
-4.95897
-3.3388
-2.80529
-3.25328
-5.2185
-9.77116
-17.5719
-27.9122
-38.9442
-49.1456
-58.0967
-66.0132
-72.8141
-77.7882
-79.9024
-78.541
-73.7267
-66.0804
-56.6223
-46.3942
-36.0128
-25.9179
-16.8816
-9.7704
-4.85816
-1.74711
0.156268
1.3044
1.97241
2.32304
2.45786
2.44566
2.33719
2.17205
1.98112
1.78638
1.60064
1.42918
1.27286
1.13097
1.00261
0.887015
0.78339
0.690868
0.608494
0.535297
0.470349
0.412801
0.361862
0.316829
0.277009
0.241788
0.2107
0.183324
0.159311
0.138274
0.119926
0.103762
0.0896005
0.077437
0.0671164
0.0583273
0.0507616
0.04411
0.038015
0.0323931
0.0270898
0.0224613
0.0181567
0.015203
0.0114241
0.0108295
0.00483374
0.0101794
-0.00739178
0.0209437
-11.4143
-11.5181
-11.807
-12.2326
-12.9606
-14.2518
-16.4353
-19.8305
-24.6862
-30.9217
-38.0387
-45.4293
-52.5212
-58.2863
-61.0688
-59.8704
-54.8921
-47.3574
-39.0321
-31.35
-24.4056
-17.6065
-11.0936
-5.71879
-2.01154
0.156494
1.01859
0.497252
-1.91335
-7.14832
-15.616
-26.4068
-37.6929
-47.9968
-56.9675
-64.8183
-71.4512
-76.2108
-78.1729
-76.8222
-72.1588
-64.7675
-55.6128
-45.667
-35.5392
-25.7449
-17.0979
-10.3649
-5.67865
-2.61387
-0.645033
0.608526
1.38217
1.82412
2.03417
2.08377
2.02708
1.90628
1.7536
1.59156
1.43351
1.28547
1.14918
1.02455
0.911123
0.808396
0.715842
0.632833
0.558642
0.492502
0.433655
0.381405
0.335106
0.29419
0.258117
0.226397
0.19857
0.174092
0.152409
0.132944
0.115348
0.0992847
0.0850127
0.0727472
0.0624283
0.0538453
0.0466696
0.0405268
0.0350145
0.0299686
0.0252248
0.0210721
0.0171117
0.01436
0.010784
0.0102357
0.00456827
0.00969149
-0.00686046
0.0197887
-10.3187
-10.3129
-10.4406
-10.6778
-11.2425
-12.4648
-14.7526
-18.4607
-23.801
-30.6054
-38.3299
-46.3248
-54.0015
-60.2323
-63.1793
-61.8411
-56.5012
-48.4302
-39.4697
-31.2701
-24.0067
-16.9079
-9.95832
-4.09659
0.0247222
2.46356
3.52678
3.02005
0.432921
-5.05052
-13.6981
-24.5503
-35.8232
-46.1088
-55.0329
-62.7294
-69.0856
-73.5383
-75.317
-73.9773
-69.5149
-62.4729
-53.737
-44.187
-34.4333
-25.0844
-16.9702
-10.7126
-6.3067
-3.33019
-1.33812
-0.0180753
0.830632
1.34347
1.61738
1.72401
1.71818
1.64241
1.52892
1.40028
1.27023
1.14564
1.02914
0.92141
0.822481
0.732213
0.65036
0.57654
0.510244
0.45089
0.397875
0.350623
0.308585
0.271259
0.238159
0.20883
0.182878
0.159919
0.139627
0.121678
0.105848
0.0918912
0.0796984
0.069151
0.0601507
0.0524463
0.0457723
0.0398757
0.0344869
0.0295262
0.0248516
0.0207605
0.016876
0.0141529
0.0106475
0.0100264
0.00453814
0.00932796
-0.00635631
0.0186764
-9.51711
-9.47688
-9.41036
-9.45271
-9.80378
-10.8798
-13.1421
-16.9459
-22.4644
-29.4792
-37.3987
-45.5553
-53.3008
-59.4966
-62.4089
-61.0655
-55.7707
-47.7483
-38.8079
-30.6075
-23.3032
-16.1057
-9.01979
-3.02982
1.1815
3.67922
4.78628
4.36686
1.81123
-3.58151
-12.0147
-22.582
-33.6151
-43.7669
-52.5791
-60.0704
-66.1122
-70.2352
-71.8182
-70.4838
-66.238
-59.5835
-51.3152
-42.2253
-32.9421
-24.1581
-16.6679
-10.919
-6.8017
-3.9294
-1.94033
-0.581017
0.321098
0.890258
1.2193
1.37821
1.42069
1.38842
1.313
1.2168
1.11391
1.01198
0.914521
0.822951
0.737845
0.659443
0.587785
0.522731
0.463981
0.411131
0.363732
0.321338
0.28352
0.249881
0.220039
0.19363
0.170315
0.149717
0.131464
0.115164
0.100541
0.0873549
0.0755806
0.0653421
0.0565673
0.0490986
0.0427151
0.0371686
0.0321808
0.0276315
0.0233547
0.0196049
0.0159954
0.0134482
0.0101388
0.00955985
0.00435009
0.00890646
-0.00591751
0.0177089
-8.95628
-8.91552
-8.67723
-8.55627
-8.68355
-9.54074
-11.6958
-15.4463
-20.9289
-27.8814
-35.6951
-43.677
-51.1341
-56.9831
-59.6696
-58.4413
-53.4634
-45.8869
-37.4323
-29.5962
-22.4423
-15.2863
-8.28226
-2.44242
1.62265
4.0427
5.09654
4.75874
2.37643
-2.69291
-10.6369
-20.6642
-31.2738
-41.1745
-49.8074
-57.0674
-62.7994
-66.6113
-68.0091
-66.6781
-62.6492
-56.3876
-48.5992
-40.0078
-31.2727
-23.1388
-16.3046
-11.0466
-7.19849
-4.43242
-2.4626
-1.08278
-0.14246
0.472341
0.849085
1.05493
1.14166
1.14962
1.10961
1.04373
0.966327
0.885709
0.806167
0.729808
0.657714
0.590489
0.52845
0.471676
0.420056
0.373348
0.331241
0.293401
0.259496
0.229202
0.202198
0.178169
0.156821
0.137856
0.121007
0.106015
0.0926954
0.0808835
0.0705293
0.0615154
0.0537546
0.0470645
0.0412333
0.0360582
0.0313257
0.0269642
0.0228399
0.0192074
0.0157005
0.0131976
0.00996775
0.00934134
0.00431769
0.00858565
-0.00548497
0.0168113
-8.56945
-8.52096
-8.13054
-7.81079
-7.71508
-8.44494
-10.4773
-14.1138
-19.4289
-26.1378
-33.6414
-41.2381
-48.2098
-53.5594
-55.9952
-54.8811
-50.3424
-43.4265
-35.7134
-28.4204
-21.5035
-14.4852
-7.73161
-2.22384
1.57121
3.83467
4.81869
4.5078
2.35433
-2.27329
-9.57645
-18.9069
-28.9511
-38.4885
-46.8731
-53.8821
-59.323
-62.8567
-64.0923
-62.7753
-58.9658
-53.0895
-45.7797
-37.7147
-29.5869
-22.1436
-15.9432
-11.1267
-7.51777
-4.85446
-2.91398
-1.52627
-0.558656
0.0932949
0.511043
0.758142
0.884308
0.928468
0.920561
0.882357
0.828395
0.767497
0.704605
0.642415
0.582464
0.525689
0.472657
0.423648
0.378725
0.337793
0.300674
0.267147
0.236976
0.209922
0.185745
0.164201
0.145053
0.128041
0.112909
0.0993908
0.0872829
0.076414
0.0667006
0.0581788
0.0507842
0.0443951
0.038846
0.0339592
0.0295338
0.0254827
0.0216531
0.0182749
0.0149853
0.01263
0.00956819
0.0089791
0.00419555
0.00823577
-0.00510745
0.0159969
-8.1952
-8.14189
-7.75737
-7.3874
-7.09618
-7.64919
-9.54947
-13.0369
-18.1144
-24.4757
-31.5456
-38.6395
-45.0418
-49.853
-52.0303
-51.0305
-46.9677
-40.8062
-33.9191
-27.1856
-20.52
-13.7212
-7.35041
-2.27285
1.21584
3.31124
4.21615
3.90909
1.96229
-2.20151
-8.8138
-17.3728
-26.7557
-35.8345
-43.9052
-50.6424
-55.8104
-59.1018
-60.2062
-58.9203
-55.3343
-49.8303
-42.9919
-35.4766
-27.9971
-21.2393
-15.6132
-11.1762
-7.77452
-5.20828
-3.30297
-1.91574
-0.928895
-0.247034
0.205442
0.488262
0.648995
0.725233
0.746047
0.732838
0.700223
0.657417
0.609887
0.560818
0.512142
0.465088
0.420448
0.378682
0.340009
0.30447
0.272004
0.242491
0.215781
0.191705
0.170082
0.150717
0.133414
0.117962
0.104163
0.091821
0.0807893
0.0709481
0.0622574
0.0546401
0.0480219
0.0422682
0.0372148
0.032702
0.0285588
0.0247252
0.0210757
0.0178363
0.0146617
0.012363
0.00938126
0.00876042
0.00416577
0.00795541
-0.00473293
0.0152441
-8.24181
-8.02747
-7.46383
-6.79029
-6.40598
-7.00839
-8.9363
-12.3041
-17.0976
-23.0368
-29.5965
-36.1302
-41.9467
-46.2435
-48.1757
-47.2757
-43.6913
-38.3096
-32.2076
-25.9438
-19.5059
-13.0074
-7.11705
-2.50027
0.695837
2.6429
3.47109
3.15914
1.37335
-2.36727
-8.31092
-16.0904
-24.7662
-33.3163
-41.0149
-47.4565
-52.3637
-55.4454
-56.4543
-55.2173
-51.8513
-46.7037
-40.3298
-33.3833
-26.567
-20.4526
-15.3245
-11.2053
-7.9811
-5.50458
-3.63697
-2.2558
-1.25594
-0.550402
-0.0690203
0.244399
0.435157
0.539576
0.585883
0.595071
0.581759
0.555446
0.522005
0.485025
0.446765
0.408711
0.37185
0.336807
0.303939
0.273415
0.245282
0.219514
0.196044
0.174775
0.155588
0.138346
0.1229
0.109082
0.0967207
0.0856346
0.0756814
0.0667405
0.0587382
0.0516648
0.0454662
0.0400473
0.0352789
0.0310273
0.0271396
0.0235538
0.0201342
0.0170916
0.0140898
0.0119104
0.00906645
0.00847489
0.00409327
0.00766706
-0.00439762
0.0145436
)
;

boundaryField
{
    outlet
    {
        type            fixedValue;
        value           uniform 0;
    }
    inlet
    {
        type            zeroGradient;
    }
    lowerWall
    {
        type            zeroGradient;
    }
    upperWall
    {
        type            zeroGradient;
    }
    frontAndBack
    {
        type            empty;
    }
}


// ************************************************************************* //
