/*--------------------------------*- C++ -*----------------------------------*\
  =========                 |
  \\      /  F ield         | OpenFOAM: The Open Source CFD Toolbox
   \\    /   O peration     | Website:  https://openfoam.org
    \\  /    A nd           | Version:  10
     \\/     M anipulation  |
\*---------------------------------------------------------------------------*/
FoamFile
{
    format      ascii;
    class       volScalarField;
    location    "0.115";
    object      p;
}
// * * * * * * * * * * * * * * * * * * * * * * * * * * * * * * * * * * * * * //

dimensions      [0 2 -2 0 0 0 0];

internalField   nonuniform List<scalar> 
6820
(
6.3418
-7.99018
-9.99161
-10.1752
-10.3335
-10.2767
-10.2479
-10.2708
-10.3188
-10.3821
-10.4543
-10.5316
-10.6126
-10.6965
-10.7831
-10.8721
-10.9635
-11.0573
-11.1534
-11.2517
-11.3524
-11.4553
-11.5606
-11.668
-11.7776
-11.8891
-12.0025
-12.117
-12.2334
-12.3482
-12.4691
-12.5697
-12.7238
0.964918
-7.78663
-9.79584
-10.053
-10.2635
-10.2704
-10.2631
-10.2924
-10.3407
-10.4012
-10.4701
-10.5445
-10.6231
-10.7052
-10.7904
-10.8783
-10.969
-11.0622
-11.1578
-11.2559
-11.3562
-11.4589
-11.564
-11.6714
-11.7811
-11.8926
-12.006
-12.1208
-12.2373
-12.3535
-12.4746
-12.5881
-12.75
-1.11371
-6.57296
-9.0008
-9.59634
-9.98188
-10.1318
-10.1866
-10.2431
-10.3071
-10.3774
-10.4532
-10.5328
-10.6153
-10.7001
-10.7871
-10.8763
-10.9676
-11.0612
-11.1569
-11.2548
-11.355
-11.4576
-11.5624
-11.6694
-11.7785
-11.89
-12.0036
-12.1188
-12.2359
-12.3533
-12.4742
-12.588
-12.7078
-2.67959
-6.38807
-8.70161
-9.35521
-9.74194
-9.95504
-10.0601
-10.1485
-10.2355
-10.3208
-10.4061
-10.4922
-10.5793
-10.6678
-10.7578
-10.8494
-10.9426
-11.0377
-11.1346
-11.2334
-11.3341
-11.437
-11.5419
-11.649
-11.7582
-11.8696
-11.9831
-12.0987
-12.217
-12.3374
-12.4616
-12.5865
-12.718
-3.96258
-6.42986
-8.39151
-9.07828
-9.49326
-9.77211
-9.93102
-10.0499
-10.1563
-10.2546
-10.349
-10.4419
-10.5342
-10.6264
-10.719
-10.8126
-10.9073
-11.0032
-11.1006
-11.1995
-11.3
-11.4024
-11.5066
-11.6129
-11.7212
-11.8318
-11.9446
-12.0602
-12.1791
-12.3019
-12.4305
-12.5655
-12.713
-4.91758
-6.55012
-8.20437
-8.92208
-9.34648
-9.64741
-9.83226
-9.96749
-10.0857
-10.1932
-10.2944
-10.3923
-10.4885
-10.5838
-10.6788
-10.7739
-10.8696
-10.966
-11.0634
-11.162
-11.262
-11.3635
-11.4666
-11.5716
-11.6786
-11.7879
-11.9003
-12.016
-12.1357
-12.2604
-12.3929
-12.5357
-12.6968
-5.6601
-6.75899
-8.11324
-8.80112
-9.21177
-9.5212
-9.72996
-9.88442
-10.0165
-10.1343
-10.2428
-10.3461
-10.4462
-10.5443
-10.6413
-10.7378
-10.8344
-10.9313
-11.0289
-11.1272
-11.2267
-11.3273
-11.4294
-11.5333
-11.6392
-11.7475
-11.8587
-11.9733
-12.0923
-12.2174
-12.3512
-12.4968
-12.6612
-6.24064
-6.98527
-8.07155
-8.71269
-9.11192
-9.4235
-9.64681
-9.81364
-9.95437
-10.0791
-10.1929
-10.3002
-10.4035
-10.504
-10.6029
-10.7007
-10.7981
-10.8954
-10.993
-11.091
-11.1897
-11.2894
-11.3903
-11.4927
-11.597
-11.7035
-11.8128
-11.9258
-12.0436
-12.1677
-12.3005
-12.4452
-12.6072
-6.70017
-7.21307
-8.0772
-8.65875
-9.03749
-9.33979
-9.56825
-9.74348
-9.89157
-10.0228
-10.1421
-10.2537
-10.3602
-10.4633
-10.5639
-10.6631
-10.7612
-10.8588
-10.9562
-11.0538
-11.1518
-11.2504
-11.3499
-11.4508
-11.5532
-11.6578
-11.7651
-11.8759
-11.9912
-12.1126
-12.2421
-12.3822
-12.5369
-7.06846
-7.42828
-8.1109
-8.62642
-8.98104
-9.27105
-9.50063
-9.68156
-9.83494
-9.97083
-10.0941
-10.2089
-10.3179
-10.4228
-10.5249
-10.6249
-10.7235
-10.8212
-10.9183
-11.0152
-11.1122
-11.2095
-11.3075
-11.4064
-11.5067
-11.6089
-11.7134
-11.821
-11.9328
-12.0499
-12.1741
-12.3071
-12.4516
-7.36677
-7.62455
-8.16303
-8.61347
-8.94177
-9.21623
-9.44166
-9.62426
-9.78042
-9.91945
-10.0459
-10.1634
-10.2747
-10.3814
-10.4848
-10.5856
-10.6847
-10.7824
-10.8791
-10.9753
-11.0712
-11.1671
-11.2632
-11.3601
-11.4579
-11.5571
-11.6584
-11.7622
-11.8695
-11.9812
-12.0985
-12.2225
-12.3547
-7.61058
-7.7995
-8.22504
-8.61414
-8.91466
-9.17192
-9.39036
-9.57239
-9.72997
-9.8711
-9.99983
-10.1194
-10.2325
-10.3405
-10.4448
-10.5462
-10.6454
-10.7429
-10.839
-10.9342
-11.0288
-11.123
-11.2171
-11.3115
-11.4064
-11.5024
-11.5997
-11.6991
-11.8009
-11.9061
-12.0152
-12.1289
-12.2478
-7.81118
-7.95286
-8.29078
-8.62459
-8.89751
-9.13708
-9.34647
-9.52561
-9.68281
-9.82463
-9.95464
-10.0756
-10.1899
-10.299
-10.404
-10.5058
-10.605
-10.7021
-10.7975
-10.8916
-10.9847
-11.077
-11.1689
-11.2606
-11.3524
-11.4446
-11.5377
-11.6319
-11.7277
-11.8256
-11.9258
-12.0285
-12.1338
-7.97687
-8.08556
-8.3559
-8.64127
-8.88751
-9.10939
-9.30847
-9.48315
-9.63877
-9.78042
-9.91103
-10.0329
-10.1481
-10.2579
-10.3633
-10.4652
-10.5642
-10.6608
-10.7553
-10.8481
-10.9395
-11.0297
-11.1191
-11.2078
-11.2961
-11.3842
-11.4725
-11.5612
-11.6504
-11.7404
-11.8312
-11.9228
-12.0146
-8.11377
-8.19898
-8.41735
-8.66121
-8.88249
-9.08732
-9.27558
-9.44471
-9.59771
-9.73828
-9.86873
-9.99091
-10.1064
-10.2166
-10.3222
-10.424
-10.5226
-10.6184
-10.7119
-10.8032
-10.8928
-10.9807
-11.0674
-11.1529
-11.2375
-11.3213
-11.4045
-11.4873
-11.5696
-11.6516
-11.733
-11.8135
-11.8924
-8.22648
-8.29466
-8.47307
-8.68199
-8.88047
-9.06919
-9.24658
-9.40946
-9.55911
-9.69797
-9.82773
-9.94977
-10.0654
-10.1756
-10.2811
-10.3826
-10.4807
-10.5756
-10.6678
-10.7576
-10.8451
-10.9306
-11.0144
-11.0965
-11.1771
-11.2563
-11.3343
-11.4109
-11.4863
-11.5601
-11.6322
-11.702
-11.7687
-8.31841
-8.37404
-8.5217
-8.70159
-8.87972
-9.05357
-9.22047
-9.37683
-9.52266
-9.65935
-9.78796
-9.90947
-10.0248
-10.1348
-10.24
-10.3411
-10.4384
-10.5323
-10.6231
-10.7111
-10.7964
-10.8794
-10.9601
-11.0387
-11.1152
-11.1897
-11.2623
-11.3328
-11.4012
-11.4671
-11.5302
-11.59
-11.6456
-8.39216
-8.4384
-8.56238
-8.71844
-8.87874
-9.03914
-9.1962
-9.34607
-9.48785
-9.62207
-9.74924
-9.86992
-9.98475
-10.0943
-10.1991
-10.2995
-10.3959
-10.4886
-10.5779
-10.664
-10.7471
-10.8274
-10.9049
-10.9798
-11.0521
-11.1219
-11.1891
-11.2535
-11.315
-11.3733
-11.4279
-11.4784
-11.5239
-8.44964
-8.48879
-8.59451
-8.73123
-8.87621
-9.02472
-9.1728
-9.31648
-9.45424
-9.58589
-9.71147
-9.83117
-9.94533
-10.0543
-10.1585
-10.2582
-10.3536
-10.445
-10.5327
-10.6169
-10.6976
-10.7751
-10.8494
-10.9206
-10.9887
-11.0538
-11.1156
-11.1741
-11.2291
-11.2802
-11.327
-11.369
-11.4055
-8.49225
-8.52603
-8.6177
-8.7389
-8.87101
-9.00922
-9.14934
-9.28736
-9.42131
-9.55044
-9.67438
-9.79301
-9.9064
-10.0147
-10.1182
-10.217
-10.3113
-10.4014
-10.4874
-10.5695
-10.6478
-10.7224
-10.7935
-10.8609
-10.9249
-10.9852
-11.0419
-11.0947
-11.1434
-11.1878
-11.2274
-11.2618
-11.2903
-8.52098
-8.5507
-8.63164
-8.74058
-8.86212
-8.99167
-9.125
-9.25808
-9.38863
-9.5155
-9.63795
-9.7556
-9.86828
-9.97597
-10.0787
-10.1767
-10.2699
-10.3587
-10.443
-10.523
-10.5989
-10.6707
-10.7385
-10.8023
-10.8622
-10.918
-10.9697
-11.0171
-11.0601
-11.0983
-11.1314
-11.1591
-11.1807
-8.53647
-8.56314
-8.63601
-8.73549
-8.84862
-8.97117
-9.09893
-9.22791
-9.35561
-9.48055
-9.60173
-9.7185
-9.8305
-9.93755
-10.0396
-10.1366
-10.2288
-10.3161
-10.3986
-10.4766
-10.55
-10.6189
-10.6835
-10.7437
-10.7996
-10.851
-10.898
-10.9403
-10.9779
-11.0104
-11.0377
-11.0595
-11.0752
-8.53903
-8.56349
-8.63046
-8.72293
-8.82971
-8.94695
-9.07051
-9.19644
-9.32209
-9.44572
-9.56611
-9.68238
-9.79401
-9.90068
-10.0022
-10.0985
-10.1897
-10.2757
-10.3566
-10.4325
-10.5036
-10.5698
-10.6313
-10.6881
-10.7401
-10.7875
-10.83
-10.8677
-10.9004
-10.9279
-10.95
-10.9666
-10.9772
-8.52868
-8.55162
-8.61455
-8.70217
-8.80454
-8.91811
-9.03883
-9.16275
-9.28712
-9.41
-9.52997
-9.64601
-9.75743
-9.86379
-9.96485
-10.0605
-10.1506
-10.2352
-10.3145
-10.3884
-10.4571
-10.5206
-10.5791
-10.6325
-10.6809
-10.7243
-10.7627
-10.796
-10.8241
-10.8471
-10.8646
-10.8767
-10.883
-8.50514
-8.52718
-8.58773
-8.67254
-8.77248
-8.8842
-9.00374
-9.1271
-9.25142
-9.3746
-9.49505
-9.61161
-9.72345
-9.83004
-9.93107
-10.0263
-10.1158
-10.1993
-10.2772
-10.3493
-10.4158
-10.4768
-10.5324
-10.5827
-10.6277
-10.6674
-10.702
-10.7314
-10.7555
-10.7744
-10.7879
-10.7961
-10.7987
-8.46783
-8.48953
-8.5492
-8.63306
-8.73237
-8.84389
-8.96362
-9.08754
-9.21268
-9.33681
-9.45822
-9.57562
-9.68811
-9.79509
-9.89618
-9.99115
-10.0799
-10.1624
-10.2388
-10.3091
-10.3735
-10.432
-10.4848
-10.5321
-10.5738
-10.6101
-10.641
-10.6667
-10.6871
-10.7023
-10.7123
-10.7171
-10.7167
-8.41579
-8.43775
-8.49817
-8.58322
-8.68418
-8.79782
-8.92002
-9.04662
-9.17448
-9.30122
-9.42501
-9.54446
-9.6586
-9.76677
-9.86856
-9.96376
-10.0523
-10.1341
-10.2093
-10.2781
-10.3405
-10.3968
-10.447
-10.4914
-10.5301
-10.5632
-10.5909
-10.6132
-10.6302
-10.6421
-10.6489
-10.6507
-10.6476
-8.34764
-8.37038
-8.43298
-8.52096
-8.62522
-8.74242
-8.86831
-8.99856
-9.12991
-9.25989
-9.38657
-9.50848
-9.62461
-9.73426
-9.83701
-9.93262
-10.021
-10.1023
-10.1765
-10.2437
-10.3043
-10.3584
-10.4061
-10.4478
-10.4835
-10.5135
-10.538
-10.5572
-10.5711
-10.5799
-10.5839
-10.5831
-10.5777
-8.26158
-8.286
-8.3531
-8.4472
-8.55834
-8.68283
-8.81604
-8.95326
-9.09099
-9.22662
-9.35814
-9.48405
-9.60335
-9.71537
-9.81972
-9.91625
-10.0049
-10.0858
-10.1592
-10.2251
-10.284
-10.3359
-10.3813
-10.4204
-10.4533
-10.4805
-10.502
-10.5181
-10.5291
-10.5351
-10.5363
-10.533
-10.5252
-8.15478
-8.18121
-8.25404
-8.35546
-8.47429
-8.60671
-8.74787
-8.89273
-9.0376
-9.17973
-9.31697
-9.44776
-9.57106
-9.6862
-9.79282
-9.8908
-9.98018
-10.0611
-10.1339
-10.1987
-10.256
-10.306
-10.3491
-10.3856
-10.4158
-10.4401
-10.4588
-10.472
-10.4802
-10.4835
-10.4822
-10.4767
-10.4671
-8.02444
-8.05526
-8.13917
-8.25482
-8.3886
-8.53582
-8.69086
-8.84811
-9.00371
-9.15491
-9.29965
-9.43648
-9.56448
-9.68313
-9.79221
-9.8917
-9.98176
-10.0627
-10.1347
-10.1984
-10.254
-10.3019
-10.3427
-10.3766
-10.4041
-10.4255
-10.4412
-10.4515
-10.4567
-10.4572
-10.4532
-10.445
-10.4329
-7.86406
-7.89775
-7.99155
-8.11959
-8.26649
-8.42783
-8.5974
-8.76871
-8.93735
-9.10028
-9.25521
-9.4006
-9.53554
-9.65959
-9.77265
-9.87485
-9.9665
-10.048
-10.1199
-10.1826
-10.2368
-10.2828
-10.3213
-10.3527
-10.3775
-10.3961
-10.4089
-10.4163
-10.4188
-10.4166
-10.4102
-10.3999
-10.386
-7.67158
-7.71805
-7.8387
-7.99671
-8.17111
-8.35694
-8.54761
-8.73652
-8.9197
-9.09456
-9.25914
-9.4122
-9.5531
-9.6816
-9.79779
-9.90197
-9.99457
-10.0762
-10.1473
-10.2087
-10.261
-10.3047
-10.3405
-10.3689
-10.3905
-10.4057
-10.4151
-10.4191
-10.4181
-10.4126
-10.4028
-10.3893
-10.3721
-7.42552
-7.4711
-7.60539
-7.78358
-7.9825
-8.1966
-8.41595
-8.63151
-8.83842
-9.03367
-9.21512
-9.38168
-9.53304
-9.66932
-9.79101
-9.89877
-9.9934
-10.0757
-10.1466
-10.207
-10.2575
-10.2991
-10.3324
-10.3581
-10.3767
-10.389
-10.3953
-10.3963
-10.3923
-10.3839
-10.3715
-10.3556
-10.3365
-7.14392
-7.23712
-7.43917
-7.67045
-7.90661
-8.15025
-8.39345
-8.62821
-8.85118
-9.06005
-9.25294
-9.42895
-9.58786
-9.7299
-9.85564
-9.96587
-10.0616
-10.1437
-10.2134
-10.2715
-10.3192
-10.3574
-10.3867
-10.4082
-10.4224
-10.4301
-10.4317
-10.4279
-10.4192
-10.406
-10.3888
-10.3681
-10.3444
-6.71721
-6.78443
-7.01701
-7.30524
-7.6085
-7.91972
-8.22223
-8.50616
-8.7688
-9.0085
-9.22452
-9.41739
-9.58822
-9.73835
-9.86924
-9.98243
-10.0794
-10.1616
-10.2304
-10.287
-10.3326
-10.3682
-10.3949
-10.4135
-10.4247
-10.4292
-10.4277
-10.4206
-10.4085
-10.3919
-10.3713
-10.3475
-10.3209
-6.34944
-6.60122
-6.95492
-7.26985
-7.58466
-7.91385
-8.23404
-8.53642
-8.81919
-9.07877
-9.31281
-9.52099
-9.7039
-9.8627
-9.99902
-10.1147
-10.2116
-10.2917
-10.3568
-10.4084
-10.4481
-10.4772
-10.497
-10.5085
-10.5125
-10.5099
-10.5012
-10.4871
-10.4679
-10.4441
-10.4158
-10.384
-10.3486
-5.29313
-5.55792
-6.16568
-6.70732
-7.20324
-7.67221
-8.08979
-8.45847
-8.78578
-9.07445
-9.32749
-9.54831
-9.73983
-9.90468
-10.0453
-10.1639
-10.2627
-10.3437
-10.4088
-10.4596
-10.4979
-10.525
-10.5423
-10.5509
-10.5518
-10.5457
-10.5334
-10.5152
-10.4915
-10.4623
-10.4272
-10.3873
-10.339
-5.34168
-5.90039
-6.33855
-6.69803
-7.16811
-7.65614
-8.11196
-8.53826
-8.92643
-9.2681
-9.56305
-9.81389
-10.0239
-10.197
-10.3375
-10.4495
-10.5371
-10.6037
-10.6524
-10.686
-10.7068
-10.7167
-10.7174
-10.7105
-10.6969
-10.6778
-10.6536
-10.6249
-10.5916
-10.553
-10.5069
-10.4513
-10.3746
-0.397018
-4.08804
-5.40967
-6.07439
-6.86655
-7.53567
-8.07024
-8.53629
-8.94115
-9.28612
-9.57883
-9.82526
-10.0303
-10.1987
-10.3353
-10.4441
-10.529
-10.5934
-10.6403
-10.6724
-10.6918
-10.7007
-10.7005
-10.6927
-10.6785
-10.659
-10.635
-10.607
-10.5762
-10.5419
-10.5066
-10.4661
-10.4298
-12.642
-12.8177
-13.6744
-14.8819
-16.4449
-18.2753
-20.2238
-22.1341
-23.6735
-24.4465
-23.8795
-21.4169
-17.0549
-11.6313
-6.30871
-1.86326
1.45779
3.55593
4.33137
3.9538
2.41224
-0.544245
-5.20759
-11.7281
-19.6018
-27.8692
-35.607
-42.1222
-46.9081
-49.6178
-50.1533
-48.6621
-45.5555
-41.4984
-37.1938
-32.8158
-27.9096
-22.2059
-16.3885
-11.5242
-7.95233
-5.40247
-3.5412
-2.15095
-1.10096
-0.306089
0.293804
0.740008
1.05881
1.26461
1.32849
1.19199
0.714638
-0.677336
-3.92722
-9.61769
-17.1114
-24.9002
-31.4177
-35.4887
-36.4506
-34.0946
-28.7495
-21.7919
-15.14
-10.0054
-6.45391
-4.06362
-2.45252
-1.36963
-0.649791
-0.179323
0.121317
0.308139
0.420418
0.485209
0.52055
0.537913
0.544201
0.543261
0.537049
0.526459
0.511884
0.493546
0.471667
0.446576
0.418717
0.388632
0.356896
0.324079
0.290672
0.257151
0.223794
0.191101
0.158878
0.128241
0.0971177
0.0701113
0.036661
0.0193763
-12.8122
-12.9517
-13.7406
-14.9254
-16.4501
-18.2101
-20.0453
-21.705
-22.9446
-23.3571
-22.4559
-19.875
-15.7666
-10.9002
-6.19343
-2.22544
0.817824
2.87118
3.76714
3.44979
2.01893
-0.741461
-5.05331
-11.0273
-18.2875
-26.016
-33.3489
-39.5851
-44.2059
-46.8703
-47.5008
-46.2476
-43.502
-39.8798
-35.9674
-31.8175
-27.0223
-21.4664
-15.9225
-11.3462
-7.96169
-5.50153
-3.67514
-2.29419
-1.24154
-0.438151
0.172881
0.630943
0.960029
1.17351
1.24652
1.11747
0.666067
-0.584786
-3.50463
-8.6731
-15.5879
-22.8757
-29.0336
-32.9023
-33.8265
-31.6289
-26.6953
-20.373
-14.3791
-9.71742
-6.42337
-4.15017
-2.5845
-1.5126
-0.787108
-0.303195
0.0140261
0.218051
0.346793
0.426584
0.475118
0.503748
0.519395
0.526022
0.525759
0.519701
0.508456
0.492463
0.472152
0.448033
0.420703
0.390833
0.359102
0.326168
0.29258
0.258869
0.225319
0.192476
0.160057
0.129322
0.097881
0.0709111
0.0367336
0.0201308
-12.7963
-13.0815
-13.8701
-15.0077
-16.4174
-17.9968
-19.5822
-20.9478
-21.829
-21.8714
-20.7173
-18.1808
-14.4857
-10.257
-6.17606
-2.68127
0.0556215
1.98707
2.94425
2.74277
1.40319
-1.13822
-5.09766
-10.5259
-17.1403
-24.2641
-31.1123
-37.0038
-41.4234
-44.0385
-44.778
-43.7822
-41.4167
-38.237
-34.6928
-30.7365
-26.0401
-20.6606
-15.4319
-11.161
-7.96665
-5.59801
-3.80967
-2.44152
-1.38927
-0.579854
0.0401091
0.507935
0.845495
1.06424
1.14329
1.02049
0.586132
-0.546641
-3.15327
-7.79067
-14.0846
-20.8173
-26.5716
-30.2146
-31.1043
-29.0972
-24.6273
-18.9777
-13.6426
-9.43832
-6.39201
-4.23406
-2.71518
-1.65597
-0.925993
-0.429253
-0.0956474
0.125669
0.271136
0.366281
0.428383
0.468628
0.493929
0.508348
0.514189
0.51277
0.504934
0.491344
0.472637
0.449508
0.422711
0.393054
0.36132
0.328259
0.294479
0.260569
0.226816
0.193815
0.1612
0.13037
0.0986206
0.0716994
0.0368098
0.0209058
-12.8888
-13.2339
-13.9312
-14.9406
-16.169
-17.5114
-18.8061
-19.8369
-20.365
-20.1224
-18.8788
-16.5559
-13.3569
-9.74389
-6.22312
-3.15149
-0.712112
1.03437
1.96848
1.87073
0.638485
-1.70971
-5.31802
-10.2189
-16.1785
-22.6575
-28.9666
-34.4651
-38.6546
-41.2128
-42.0631
-41.3297
-39.3486
-36.5963
-33.3697
-29.5654
-24.9664
-19.8091
-14.9341
-10.9745
-7.96714
-5.69064
-3.944
-2.59259
-1.54398
-0.731129
-0.104473
0.370922
0.715058
0.936855
1.01883
0.900445
0.47711
-0.55766
-2.87018
-6.98026
-12.6271
-18.762
-24.0761
-27.4753
-28.3393
-26.5602
-22.6015
-17.6419
-12.9444
-9.17041
-6.35874
-4.314
-2.84373
-1.79925
-1.06619
-0.557355
-0.207623
0.0310477
0.193498
0.304355
0.380413
0.432646
0.467933
0.490427
0.502604
0.505994
0.50167
0.49053
0.473435
0.451276
0.424979
0.39549
0.363709
0.330478
0.29647
0.26233
0.228351
0.195175
0.162352
0.131415
0.0993524
0.0724743
0.0368721
0.0216704
-12.915
-13.2703
-13.8874
-14.7453
-15.7567
-16.8241
-17.8086
-18.5321
-18.8031
-18.4239
-17.2341
-15.19
-12.4495
-9.35722
-6.30688
-3.60321
-1.43282
0.107758
0.953445
0.903709
-0.206922
-2.39409
-5.68352
-10.0959
-15.4267
-21.2499
-26.9887
-32.0603
-35.9931
-38.4779
-39.4263
-38.9467
-37.3368
-34.9667
-31.9891
-28.2966
-23.8098
-18.932
-14.4404
-10.7895
-7.96365
-5.77985
-4.07851
-2.74766
-1.70592
-0.892322
-0.261317
0.219369
0.568069
0.791023
0.873025
0.757414
0.342671
-0.613134
-2.65919
-6.26458
-11.2595
-16.7676
-21.6099
-24.7487
-25.5982
-24.0823
-20.6661
-16.3886
-12.2907
-8.91514
-6.32454
-4.39076
-2.97054
-1.94261
-1.20775
-0.68756
-0.321956
-0.0658498
0.113875
0.240836
0.331266
0.395873
0.441469
0.472286
0.490966
0.49927
0.49852
0.48986
0.474382
0.45318
0.427358
0.39801
0.366153
0.332726
0.298468
0.264079
0.229862
0.196501
0.163466
0.132425
0.100056
0.0732302
0.0369287
0.0224456
-12.9177
-13.2688
-13.8018
-14.5055
-15.3137
-16.144
-16.882
-17.3827
-17.4878
-17.0401
-15.9228
-14.1159
-11.7465
-9.07938
-6.42674
-4.04859
-2.12036
-0.765876
-0.0373155
-0.0841191
-1.08713
-3.11447
-6.13994
-10.1236
-14.8864
-20.0783
-25.2367
-29.8589
-33.5123
-35.9003
-36.9243
-36.6798
-35.4067
-33.3413
-30.5359
-26.9234
-22.5912
-18.0561
-13.9626
-10.6084
-7.95622
-5.86545
-4.21304
-2.90656
-1.87493
-1.06333
-0.43036
0.0533763
0.404581
0.627117
0.706716
0.591957
0.185228
-0.708317
-2.5234
-5.66465
-10.0266
-14.8965
-19.244
-22.1116
-22.9606
-21.735
-18.868
-15.237
-11.686
-8.67296
-6.28943
-4.46431
-3.09553
-2.08597
-1.35069
-0.819892
-0.438671
-0.165025
0.0322969
0.175786
0.281028
0.358413
0.414663
0.454074
0.479462
0.49282
0.495719
0.489566
0.475693
0.455414
0.430018
0.400755
0.368769
0.335097
0.300548
0.265878
0.231397
0.197834
0.164576
0.133422
0.100745
0.0739714
0.0369741
0.0232126
-12.8824
-13.2116
-13.6704
-14.2512
-14.9012
-15.5474
-16.0924
-16.4161
-16.3906
-15.8969
-14.8524
-13.2498
-11.1923
-8.88648
-6.58136
-4.49725
-2.79391
-1.59841
-0.981787
-1.0486
-1.96153
-3.81902
-6.61006
-10.2369
-14.5162
-19.1442
-23.7443
-27.9082
-31.2614
-33.5262
-34.6043
-34.5646
-33.5595
-31.697
-28.9862
-25.4501
-21.3466
-17.2078
-13.5083
-10.4319
-7.94491
-5.94769
-4.34765
-3.06917
-2.05084
-1.24403
-0.611514
-0.126926
0.224731
0.445434
0.520913
0.405247
0.00686933
-0.835892
-2.45717
-5.18769
-8.96096
-13.2071
-17.0544
-19.6501
-20.5102
-19.5828
-17.2401
-14.195
-11.1298
-8.44358
-6.25393
-4.53521
-3.21906
-2.22956
-1.49516
-0.954487
-0.557866
-0.266527
-0.0512343
0.109254
0.229788
0.320381
0.387632
0.435896
0.468158
0.486666
0.493254
0.489604
0.477307
0.457904
0.43288
0.403649
0.371482
0.337522
0.302647
0.26767
0.232908
0.199132
0.165647
0.134382
0.101404
0.0746906
0.0370108
0.0239848
-12.8208
-13.1239
-13.5185
-13.995
-14.5099
-15.0011
-15.3878
-15.5731
-15.455
-14.9414
-13.9727
-12.5502
-10.7597
-8.76477
-6.76479
-4.94536
-3.45127
-2.40063
-1.87871
-1.97275
-2.80555
-4.48575
-7.03334
-10.3503
-14.2313
-18.393
-22.507
-26.2389
-29.2829
-31.4063
-32.516
-32.622
-31.7703
-29.9888
-27.3153
-23.907
-20.1234
-16.4088
-13.081
-10.2599
-7.92993
-6.02677
-4.48226
-3.23518
-2.23327
-1.43401
-0.804394
-0.321055
0.0291401
0.246756
0.317154
0.199261
-0.190281
-0.988534
-2.44949
-4.82876
-8.07869
-11.7449
-15.1104
-17.4437
-18.3177
-17.6708
-15.7974
-13.2616
-10.6196
-8.22654
-6.21857
-4.60398
-3.34148
-2.37364
-1.64137
-1.09152
-0.679662
-0.370411
-0.136708
0.041308
0.177655
0.281912
0.36053
0.417916
0.457236
0.480991
0.491305
0.490149
0.479385
0.460794
0.436069
0.406793
0.374377
0.34007
0.304819
0.269497
0.234426
0.200419
0.166698
0.135316
0.102038
0.0753886
0.0370343
0.0247455
-12.7366
-13.0085
-13.3429
-13.7291
-14.1313
-14.4972
-14.7597
-14.8395
-14.6555
-14.1376
-13.2442
-11.9827
-10.4242
-8.69876
-6.9671
-5.38519
-4.08312
-3.16913
-2.7279
-2.84468
-3.608
-5.11141
-7.39493
-10.3968
-13.9275
-17.7083
-21.4331
-24.8076
-27.575
-29.5549
-30.6464
-30.7809
-29.9314
-28.1392
-25.5314
-22.3606
-18.9689
-15.6712
-12.6803
-10.0918
-7.91172
-6.10304
-4.61676
-3.40423
-2.42175
-1.63277
-1.00844
-0.528361
-0.181342
0.0320549
0.097018
-0.0235532
-0.403788
-1.16037
-2.48732
-4.57308
-7.3756
-10.5293
-13.4545
-15.5426
-16.4215
-16.0132
-14.5346
-12.4281
-10.1512
-8.02144
-6.18413
-4.6714
-3.46336
-2.51864
-1.78969
-1.23126
-0.804244
-0.476775
-0.224135
-0.0279892
0.124748
0.243162
0.333528
0.400297
0.446833
0.475903
0.489946
0.491241
0.481937
0.464072
0.439556
0.410152
0.377411
0.342694
0.307019
0.271319
0.235918
0.201667
0.167705
0.136209
0.10264
0.0760637
0.0370499
0.0255096
-12.6342
-12.8739
-13.1544
-13.4641
-13.7728
-14.0364
-14.1994
-14.1985
-13.97
-13.461
-12.6429
-11.5259
-10.1693
-8.6778
-7.18175
-5.81227
-4.68449
-3.89732
-3.5288
-3.65934
-4.36054
-5.69894
-7.71379
-10.3727
-13.5365
-16.9609
-20.3549
-23.4387
-25.9765
-27.7953
-28.7685
-28.8058
-27.8971
-26.1404
-23.7229
-20.8955
-17.9141
-14.9961
-12.3035
-9.92736
-7.89099
-6.17682
-4.75097
-3.57582
-2.61565
-1.83959
-1.22284
-0.747926
-0.405553
-0.197262
-0.137724
-0.260469
-0.630683
-1.34672
-2.55806
-4.39949
-6.82826
-9.54678
-12.0875
-13.9509
-14.8163
-14.5923
-13.432
-11.682
-9.72035
-7.82823
-6.15157
-4.73836
-3.58539
-2.66513
-1.94056
-1.37407
-0.931863
-0.585749
-0.313537
-0.0985654
0.0712088
0.204315
0.306829
0.383248
0.43715
0.471591
0.48935
0.493034
0.485099
0.467854
0.443437
0.413801
0.380643
0.345439
0.309281
0.273156
0.237394
0.202882
0.168672
0.13706
0.103206
0.0767074
0.0370464
0.0262548
-12.5183
-12.7258
-12.9575
-13.2015
-13.4322
-13.6131
-13.6988
-13.6386
-13.3829
-12.892
-12.1468
-11.1593
-9.97921
-8.69145
-7.40246
-6.22227
-5.25167
-4.57967
-4.27799
-4.41732
-5.05909
-6.24959
-8.0133
-10.3264
-13.0888
-16.1131
-19.1493
-21.932
-24.2276
-25.8382
-26.6424
-26.5934
-25.7194
-24.138
-22.0236
-19.5704
-16.9648
-14.3767
-11.9476
-9.76694
-7.86856
-6.24836
-4.88464
-3.7494
-2.81423
-2.05359
-1.44662
-0.978625
-0.642143
-0.439545
-0.385146
-0.508839
-0.86773
-1.54355
-2.6515
-4.28636
-6.40333
-8.75777
-10.9702
-12.6296
-13.4622
-13.3718
-12.4644
-11.0115
-9.32387
-7.64718
-6.122
-4.80592
-3.70848
-2.81385
-2.09462
-1.52044
-1.06285
-0.69752
-0.404957
-0.170349
0.0171931
0.165579
0.280662
0.366999
0.428393
0.468231
0.489655
0.495629
0.488936
0.472175
0.447724
0.417735
0.384057
0.348282
0.311577
0.274985
0.238837
0.20405
0.16959
0.137866
0.103737
0.0773285
0.0370384
0.0270052
-12.392
-12.5685
-12.7569
-12.9454
-13.1123
-13.2272
-13.2533
-13.1504
-12.8803
-12.4136
-11.7383
-10.8671
-9.84189
-8.73193
-7.62458
-6.61219
-5.78229
-5.21364
-4.97162
-5.11726
-5.70216
-6.7607
-8.30283
-10.3015
-12.6734
-15.2719
-17.8973
-20.3219
-22.3273
-23.7264
-24.4217
-24.3859
-23.6535
-22.3179
-20.5148
-18.3942
-16.1081
-13.8045
-11.6106
-9.61134
-7.8452
-6.31787
-5.01747
-3.92434
-3.01663
-2.27378
-1.67862
-1.21912
-0.889545
-0.692909
-0.642989
-0.766113
-1.11183
-1.74721
-2.76021
-4.21612
-6.069
-8.11615
-10.0472
-11.5223
-12.3093
-12.3145
-11.6099
-10.4069
-8.95934
-7.47876
-6.09661
-4.87527
-3.83367
-2.96574
-2.25265
-1.67099
-1.19766
-0.812334
-0.498465
-0.243262
-0.037117
0.127199
0.255299
0.351818
0.420815
0.466048
0.491055
0.499187
0.49358
0.477137
0.452494
0.422008
0.387687
0.351242
0.313916
0.276804
0.240237
0.205157
0.170443
0.138609
0.104215
0.0779043
0.0370021
0.027726
-12.2587
-12.4064
-12.5566
-12.6981
-12.8128
-12.8755
-12.8566
-12.7245
-12.45
-12.0118
-11.403
-10.6361
-9.74674
-8.79197
-7.84369
-6.97937
-6.27444
-5.79774
-5.60787
-5.75749
-6.28904
-7.22874
-8.5783
-10.3066
-12.3388
-14.5519
-16.7832
-18.848
-20.5665
-21.7919
-22.4316
-22.443
-21.8522
-20.7322
-19.188
-17.3425
-15.3278
-13.2738
-11.2924
-9.46144
-7.82157
-6.38546
-5.14912
-4.09996
-3.22191
-2.499
-1.91752
-1.4679
-1.14603
-0.955365
-0.908943
-1.0298
-1.36022
-1.95459
-2.87896
-4.17655
-5.8016
-7.58503
-9.27211
-10.5814
-11.3176
-11.3919
-10.8519
-9.86101
-8.62494
-7.32356
-6.07665
-4.94777
-3.96227
-3.12197
-2.41566
-1.82653
-1.33685
-0.930516
-0.594162
-0.317227
-0.0915153
0.0894525
0.231054
0.338011
0.414697
0.465283
0.493747
0.50386
0.499139
0.482815
0.457791
0.426642
0.39154
0.354317
0.316291
0.278606
0.241589
0.206205
0.171236
0.139301
0.104656
0.0784588
0.0369667
0.0284569
-12.121
-12.2424
-12.3592
-12.4617
-12.5342
-12.5564
-12.5045
-12.3538
-12.0823
-11.675
-11.1285
-10.4551
-9.68513
-8.86574
-8.05639
-7.32199
-6.72712
-6.33138
-6.18638
-6.33728
-6.8189
-7.65092
-8.83103
-10.3277
-12.0739
-13.9648
-15.8657
-17.6257
-19.1007
-20.1675
-20.7409
-20.7769
-20.2923
-19.341
-18.0066
-16.3931
-14.6143
-12.7819
-10.9929
-9.31789
-7.79814
-6.45121
-5.27925
-4.27553
-3.42909
-2.72806
-2.1619
-1.72336
-1.40975
-1.22483
-1.18072
-1.29746
-1.61043
-2.16307
-3.00395
-4.15964
-5.58554
-7.14016
-8.61413
-9.77465
-10.4584
-10.5827
-10.1775
-9.36794
-8.31922
-7.18216
-6.06345
-5.02495
-4.0958
-3.28397
-2.58492
-1.98808
-1.48114
-1.05248
-0.692188
-0.392158
-0.145763
0.0526713
0.208286
0.325934
0.410366
0.46622
0.497963
0.509831
0.505753
0.489305
0.463678
0.43167
0.395624
0.357496
0.318679
0.28036
0.24286
0.207155
0.171933
0.139903
0.105025
0.0789508
0.0368913
0.0291453
-11.9816
-12.0792
-12.1674
-12.2375
-12.2765
-12.2677
-12.1923
-12.0312
-11.7683
-11.393
-10.9046
-10.3149
-9.64969
-8.94824
-8.25985
-7.63884
-7.14014
-6.81491
-6.70798
-6.85775
-7.29264
-8.02709
-9.05636
-10.3509
-11.852
-13.4708
-15.0949
-16.5995
-17.8639
-18.7826
-19.284
-19.3282
-18.9215
-18.1048
-16.9466
-15.5337
-13.962
-12.3267
-10.7117
-9.18109
-7.77532
-6.51518
-5.40749
-4.45034
-3.63713
-2.95966
-2.41027
-1.98378
-1.67877
-1.49921
-1.45609
-1.56676
-1.86019
-2.37045
-3.13225
-4.15971
-5.41013
-6.76493
-8.05194
-9.07945
-9.71022
-9.87036
-9.57626
-8.92281
-8.04091
-7.05516
-6.05844
-5.10852
-4.23608
-3.45351
-2.76201
-2.15692
-1.63146
-1.17878
-0.792731
-0.46797
-0.199589
0.0172378
0.18741
0.315998
0.408194
0.469175
0.503963
0.517304
0.513571
0.496716
0.470227
0.437139
0.399971
0.360801
0.321094
0.282079
0.244062
0.208025
0.172556
0.140445
0.105354
0.0794228
0.0368228
0.0298513
-11.8422
-11.9189
-11.9828
-12.0264
-12.0391
-12.0072
-11.916
-11.751
-11.5004
-11.1572
-10.7226
-10.2075
-9.6341
-9.03517
-8.45166
-7.92898
-7.51357
-7.249
-7.17374
-7.32012
-7.71123
-8.35747
-9.25251
-10.3693
-11.6567
-13.04
-14.4252
-15.7085
-16.7881
-17.5753
-18.0084
-18.0517
-17.7058
-17.0019
-15.9947
-14.7559
-13.366
-11.9059
-10.4485
-9.05135
-7.75345
-6.57742
-5.53351
-4.62367
-3.84501
-3.1925
-2.66109
-2.24742
-1.95117
-1.77639
-1.73289
-1.83553
-2.10749
-2.57488
-3.26151
-4.17242
-5.26725
-6.44661
-7.56895
-8.47695
-9.05639
-9.24158
-9.03967
-8.5213
-7.78876
-6.94311
-6.06311
-5.20046
-4.38527
-3.63275
-2.94889
-2.33467
-1.78897
-1.31007
-0.896035
-0.544572
-0.252666
-0.0164106
0.16891
0.308673
0.408604
0.474508
0.512034
0.526494
0.522747
0.505142
0.477486
0.443057
0.404554
0.364182
0.323474
0.283694
0.245126
0.208749
0.173042
0.140866
0.105588
0.0798132
0.0367018
0.0305011
-11.7049
-11.7633
-11.8068
-11.8291
-11.8215
-11.773
-11.6721
-11.508
-11.2722
-10.9605
-10.5752
-10.1264
-9.63336
-9.12332
-8.6304
-8.19249
-7.84865
-7.63569
-7.58627
-7.72738
-8.0776
-8.64424
-9.42012
-10.3807
-11.4818
-12.6604
-13.8381
-14.9285
-15.8462
-16.5175
-16.8877
-16.9256
-16.6281
-16.0184
-15.14
-14.0519
-12.8215
-11.5174
-10.2028
-8.92891
-7.73283
-6.63797
-5.65698
-4.79483
-4.0517
-3.4253
-2.91283
-2.51254
-2.22504
-2.05435
-2.00908
-2.10183
-2.35055
-2.77481
-3.3899
-4.19436
-5.15057
-6.17525
-7.15217
-7.95321
-8.48319
-8.68525
-8.56012
-8.15936
-7.56148
-6.84655
-6.07905
-5.30303
-4.54597
-3.82434
-3.14803
-2.52336
-1.95512
-1.44722
-1.00242
-0.621869
-0.304627
-0.0477655
0.153352
0.304507
0.412084
0.48263
0.522507
0.53766
0.533475
0.514726
0.485556
0.449496
0.40943
0.367683
0.325856
0.285239
0.246087
0.209362
0.17343
0.14121
0.105775
0.0801829
0.0365931
0.0311771
-11.5706
-11.6134
-11.6401
-11.6455
-11.6225
-11.5625
-11.4567
-11.2969
-11.0774
-10.796
-10.4556
-10.0657
-9.64265
-9.20938
-8.79427
-8.42889
-8.1459
-7.97624
-7.94729
-8.08141
-8.39343
-8.8883
-9.55854
-10.3821
-11.3211
-12.3223
-13.3202
-14.2432
-15.0199
-15.5882
-15.901
-15.9302
-15.671
-15.14
-14.3718
-13.4146
-12.3244
-11.1594
-9.97397
-8.81391
-7.71373
-6.6969
-5.77763
-4.96321
-4.25627
-3.65683
-3.16401
-2.77747
-2.49854
-2.33118
-2.28278
-2.36387
-2.58786
-2.96897
-3.51593
-4.22282
-5.05499
-5.9428
-6.79085
-7.49593
-7.97886
-8.19152
-8.13066
-7.83311
-7.35773
-6.76596
-6.10804
-5.41883
-4.7213
-4.03156
-3.36248
-2.72553
-2.13174
-1.5913
-1.11229
-0.699729
-0.355038
-0.076215
0.141394
0.304126
0.419184
0.493993
0.535734
0.551054
0.545917
0.525554
0.494457
0.456423
0.414523
0.371206
0.328129
0.286602
0.246838
0.209768
0.173636
0.1414
0.105844
0.0804527
0.036421
0.031784
-11.4412
-11.4707
-11.4837
-11.4759
-11.4418
-11.3745
-11.2672
-11.1143
-10.9118
-10.659
-10.3593
-10.0213
-9.65903
-9.29182
-8.94324
-8.63954
-8.40789
-8.27409
-8.26091
-8.38669
-8.66316
-9.09344
-9.67013
-10.3737
-11.1716
-12.0191
-12.8616
-13.6395
-14.293
-14.7704
-15.0308
-15.0497
-14.8206
-14.3555
-13.6815
-12.8378
-11.8709
-10.8299
-9.76161
-8.70647
-7.69637
-6.75426
-5.89524
-5.12824
-4.45783
-3.88593
-3.41326
-3.04064
-2.76999
-2.60512
-2.5523
-2.62003
-2.81815
-3.15634
-3.63842
-4.25558
-4.97632
-5.74251
-6.47608
-7.09473
-7.53315
-7.75158
-7.74486
-7.53873
-7.17608
-6.70178
-6.15197
-5.55091
-4.91506
-4.25851
-3.59613
-2.94442
-2.32118
-1.74368
-1.22616
-0.778052
-0.403387
-0.101038
0.13381
0.308261
0.430545
0.509128
0.552134
0.567001
0.56032
0.537808
0.504328
0.463945
0.419919
0.374816
0.33035
0.287831
0.247423
0.210009
0.173703
0.141485
0.105854
0.0806959
0.0362639
0.0324245
-11.3166
-11.335
-11.337
-11.3192
-11.2773
-11.2058
-11.0998
-10.9553
-10.7699
-10.5438
-10.2806
-9.98811
-9.67841
-9.3677
-9.0756
-8.82385
-8.63496
-8.53036
-8.52866
-8.64491
-8.88824
-9.26043
-9.75437
-10.3529
-11.0282
-11.7426
-12.4508
-13.103
-13.6499
-14.0475
-14.261
-14.2686
-14.0635
-13.6538
-13.0607
-12.3159
-11.4576
-10.5273
-9.56511
-8.60661
-7.68096
-6.81017
-6.00965
-5.28947
-4.65564
-4.11158
-3.65931
-3.30061
-3.03783
-2.87459
-2.81612
-2.86904
-3.04043
-3.33611
-3.75642
-4.29083
-4.91102
-5.56859
-6.20019
-6.74056
-7.1369
-7.35738
-7.39659
-7.2724
-7.01489
-6.65437
-6.213
-5.70292
-5.13196
-4.51031
-3.85388
-3.18408
-2.52628
-1.90601
-1.34458
-0.856672
-0.449025
-0.121369
0.131504
0.317751
0.446878
0.528601
0.572129
0.585783
0.576844
0.551545
0.515136
0.471962
0.425473
0.37835
0.332348
0.288767
0.247703
0.20997
0.173538
0.141384
0.10573
0.0808274
0.0360398
0.032987
-11.1989
-11.2082
-11.2015
-11.1763
-11.1291
-11.056
-10.9532
-10.818
-10.6492
-10.4476
-10.217
-9.96432
-9.69986
-9.43727
-9.19284
-8.98455
-8.83094
-8.74981
-8.75592
-8.86184
-9.07446
-9.39455
-9.81543
-10.3221
-10.8909
-11.4904
-12.0826
-12.6262
-13.0802
-13.4078
-13.5793
-13.5755
-13.3895
-13.0264
-12.5028
-11.8439
-11.0815
-10.25
-9.3839
-8.51433
-7.6677
-6.86474
-6.12079
-5.44655
-4.84907
-4.33289
-3.90108
-3.55614
-3.30074
-3.13826
-3.07301
-3.10995
-3.25389
-3.50768
-3.8692
-4.32705
-4.85611
-5.41613
-5.95639
-6.42545
-6.78191
-7.00145
-7.07992
-7.03014
-6.87229
-6.62399
-6.29353
-5.87926
-5.37786
-4.79346
-4.14189
-3.44965
-2.75071
-2.08031
-1.46832
-0.935352
-0.491149
-0.136159
0.13556
0.333586
0.469028
0.553094
0.596251
0.60781
0.595799
0.567002
0.527066
0.480618
0.431296
0.38189
0.334185
0.289456
0.247713
0.209678
0.173168
0.14113
0.105518
0.0809153
0.0358265
0.0335852
-11.0866
-11.0884
-11.075
-11.0445
-10.9943
-10.9212
-10.8228
-10.6974
-10.5444
-10.3651
-10.1633
-9.94505
-9.71925
-9.49731
-9.29275
-9.12036
-8.99533
-8.93195
-8.94327
-9.03817
-9.22224
-9.49555
-9.85194
-10.2784
-10.7549
-11.2551
-11.7475
-12.1977
-12.5718
-12.8386
-12.9731
-12.9585
-12.7879
-12.4645
-12.0008
-11.4171
-10.7393
-9.99636
-9.21736
-8.4296
-7.65676
-6.91815
-6.22867
-5.59926
-5.03764
-4.54917
-4.13767
-3.80619
-3.55761
-3.39503
-3.32196
-3.34197
-3.45795
-3.67063
-3.97615
-4.36298
-4.80899
-5.28096
-5.7387
-6.14232
-6.46067
-6.67671
-6.78892
-6.80763
-6.74597
-6.61075
-6.3964
-6.08538
-5.66011
-5.1161
-4.46792
-3.74738
-2.99878
-2.26893
-1.59809
-1.01369
-0.528734
-0.144141
0.147238
0.356884
0.497905
0.5833
0.624984
0.633377
0.617316
0.58417
0.539998
0.489719
0.437157
0.385196
0.335638
0.289706
0.247303
0.209024
0.172519
0.14067
0.105175
0.0808955
0.0355578
0.0341051
-10.9829
-10.9787
-10.9602
-10.926
-10.8743
-10.8026
-10.7094
-10.5935
-10.4553
-10.2961
-10.1195
-9.93092
-9.73794
-9.55012
-9.37863
-9.23564
-9.13354
-9.08405
-9.09748
-9.18092
-9.33863
-9.57009
-9.86971
-10.2262
-10.6228
-11.0372
-11.4434
-11.8131
-12.1179
-12.3319
-12.4338
-12.4091
-12.2511
-11.9614
-11.5495
-11.0315
-10.4287
-9.76486
-9.06488
-8.35234
-7.64835
-6.97064
-6.3334
-5.74753
-5.22109
-4.75994
-4.36844
-4.05
-3.80761
-3.6441
-3.56226
-3.56453
-3.6523
-3.82474
-4.07689
-4.39755
-4.76742
-5.15936
-5.54184
-5.88477
-6.16619
-6.37625
-6.5174
-6.60003
-6.63307
-6.61452
-6.52491
-6.32797
-5.98785
-5.48832
-4.84148
-4.08504
-3.27568
-2.47469
-1.73467
-1.09107
-0.560454
-0.143745
0.168064
0.388979
0.534607
0.620082
0.65899
0.662985
0.64178
0.603347
0.554164
0.499434
0.443164
0.388326
0.336723
0.289505
0.246441
0.207967
0.171553
0.139975
0.104697
0.0807968
0.0352845
0.0346531
-10.8842
-10.8752
-10.8529
-10.8163
-10.7641
-10.6947
-10.6069
-10.5004
-10.3756
-10.2342
-10.0795
-9.91623
-9.75086
-9.5914
-9.44706
-9.3278
-9.2437
-9.20422
-9.21742
-9.28929
-9.42254
-9.61647
-9.86608
-10.1617
-10.4892
-10.8301
-11.1626
-11.4635
-11.709
-11.8776
-11.9514
-11.9177
-11.7703
-11.5097
-11.143
-10.683
-10.1467
-9.55398
-8.92577
-8.28245
-7.64264
-7.02245
-6.43521
-5.89146
-5.39932
-4.96495
-4.59298
-4.28707
-4.0502
-3.88494
-3.79348
-3.77735
-3.83681
-3.96992
-4.17115
-4.42992
-4.72958
-5.0481
-5.36111
-5.64691
-5.89177
-6.09311
-6.25871
-6.40169
-6.52995
-6.63493
-6.68293
-6.61513
-6.37226
-5.92258
-5.27418
-4.47201
-3.58771
-2.70073
-1.87868
-1.16659
-0.584641
-0.133114
0.199755
0.431301
0.580232
0.664219
0.698764
0.696884
0.669227
0.6244
0.56931
0.509449
0.448993
0.390983
0.337199
0.288677
0.245024
0.206471
0.170283
0.139082
0.104124
0.0806226
0.034995
0.0351352
-10.7958
-10.783
-10.7578
-10.7198
-10.668
-10.6012
-10.5189
-10.421
-10.3083
-10.1825
-10.0465
-9.90457
-9.76218
-9.62598
-9.50357
-9.40307
-9.33264
-9.29988
-9.31121
-9.37122
-9.48191
-9.6423
-9.84789
-10.0905
-10.358
-10.6353
-10.9045
-11.1461
-11.3408
-11.4704
-11.5198
-11.4783
-11.3399
-11.1045
-10.7773
-10.3683
-9.89118
-9.3624
-8.79947
-8.21985
-7.63986
-7.07396
-6.53444
-6.03131
-5.57252
-5.16425
-4.81126
-4.51727
-4.28521
-4.11741
-4.01554
-3.98044
-4.01156
-4.10626
-4.25881
-4.4594
-4.6938
-4.94422
-5.19224
-5.4232
-5.63084
-5.82003
-6.00543
-6.20594
-6.43192
-6.67096
-6.87471
-6.9567
-6.82761
-6.43527
-5.78205
-4.92121
-3.9435
-2.95123
-2.03091
-1.23898
-0.599163
-0.10997
0.244371
0.485552
0.63611
0.716718
0.745057
0.73564
0.700098
0.64767
0.585679
0.519901
0.454682
0.393117
0.336945
0.287056
0.242858
0.204331
0.168517
0.137825
0.103341
0.0803092
0.0346768
0.0356162
-10.7107
-10.6948
-10.6676
-10.6288
-10.5778
-10.514
-10.4369
-10.3469
-10.2448
-10.1324
-10.0124
-9.88829
-9.76484
-9.64756
-9.54269
-9.45684
-9.39659
-9.368
-9.37613
-9.42445
-9.51436
-9.64479
-9.81178
-10.0084
-10.2245
-10.4476
-10.6628
-10.8541
-11.0055
-11.1019
-11.1308
-11.0828
-10.9526
-10.7395
-10.4473
-10.0836
-9.65955
-9.18853
-8.68519
-8.16435
-7.64019
-7.12555
-6.63156
-6.16756
-5.74109
-5.35819
-5.02354
-4.74081
-4.51284
-4.34168
-4.22866
-4.17408
-4.17687
-4.23402
-4.33984
-4.48544
-4.65864
-4.84514
-5.03132
-5.20836
-5.37683
-5.54936
-5.74929
-6.0047
-6.33264
-6.72051
-7.10538
-7.36662
-7.37569
-7.0525
-6.39136
-5.45376
-4.35658
-3.2327
-2.19284
-1.30691
-0.601572
-0.0717812
0.304059
0.553356
0.703361
0.778269
0.798206
0.779295
0.734195
0.672789
0.602822
0.530334
0.459822
0.394414
0.335767
0.284576
0.239998
0.201698
0.166467
0.13643
0.102563
0.079996
0.0344366
0.0360413
-10.6385
-10.6201
-10.5913
-10.552
-10.502
-10.4409
-10.3685
-10.2853
-10.1924
-10.0913
-9.98436
-9.87481
-9.76655
-9.66419
-9.57282
-9.4978
-9.44442
-9.41749
-9.42097
-9.45751
-9.52805
-9.63147
-9.76432
-9.92069
-10.0923
-10.2686
-10.4375
-10.5858
-10.7003
-10.7687
-10.7802
-10.7269
-10.6042
-10.4109
-10.1496
-9.82635
-9.44993
-9.03123
-8.58238
-8.1159
-7.64394
-7.17775
-6.72725
-6.30092
-5.90576
-5.54744
-5.23043
-4.95826
-4.73359
-4.55828
-4.43336
-4.3588
-4.33325
-4.35357
-4.41436
-4.5076
-4.62287
-4.74858
-4.87479
-4.99748
-5.12334
-5.27321
-5.48104
-5.78803
-6.22343
-6.78082
-7.38459
-7.87083
-8.05724
-7.82342
-7.14838
-6.10747
-4.85181
-3.5577
-2.36811
-1.3692
-0.588915
-0.0154394
0.381436
0.636699
0.783406
0.849855
0.858895
0.828359
0.771919
0.70005
0.620886
0.540738
0.464252
0.394574
0.333258
0.280756
0.235929
0.198055
0.163663
0.13449
0.101476
0.0794531
0.0341648
0.0363662
-10.5666
-10.5461
-10.516
-10.4766
-10.4277
-10.3691
-10.3009
-10.2238
-10.1386
-10.0469
-9.95087
-9.85316
-9.75709
-9.66648
-9.58551
-9.5185
-9.46968
-9.44286
-9.44112
-9.46645
-9.51942
-9.59894
-9.70203
-9.82372
-9.95713
-10.0936
-10.2233
-10.3353
-10.4188
-10.4636
-10.4608
-10.4037
-10.2882
-10.1129
-9.87964
-9.59292
-9.2597
-8.88878
-8.49012
-8.07418
-7.65128
-7.23108
-6.82224
-6.43225
-6.0674
-5.73284
-5.43271
-5.17028
-4.94806
-4.76775
-4.63019
-4.53519
-4.48131
-4.46548
-4.48273
-4.52588
-4.58591
-4.65313
-4.72022
-4.78677
-4.86489
-4.98383
-5.19014
-5.54308
-6.09287
-6.85116
-7.73436
-8.52039
-8.94799
-8.83539
-8.13754
-6.9473
-5.47259
-3.94902
-2.56466
-1.42572
-0.558068
0.0624433
0.479125
0.737266
0.877145
0.931802
0.927033
0.882419
0.812635
0.72872
0.63916
0.55051
0.467539
0.393378
0.329428
0.275823
0.231057
0.193925
0.160675
0.132555
0.100581
0.0790412
0.0341757
0.0365717
-10.5114
-10.4888
-10.4576
-10.4178
-10.3696
-10.3129
-10.248
-10.1756
-10.0965
-10.0121
-9.92442
-9.83568
-9.74868
-9.66657
-9.59274
-9.53071
-9.48383
-9.45511
-9.44696
-9.46085
-9.49714
-9.55479
-9.63127
-9.72246
-9.82267
-9.92486
-10.0209
-10.102
-10.1593
-10.1844
-10.17
-10.1102
-10.0016
-9.84279
-9.63483
-9.38118
-9.08728
-8.76017
-8.40797
-8.03928
-7.6627
-7.28632
-6.91749
-6.56257
-6.22701
-5.91529
-5.63113
-5.37753
-5.15683
-4.97063
-4.81969
-4.70379
-4.62155
-4.57019
-4.54527
-4.5404
-4.54756
-4.55818
-4.56627
-4.57362
-4.5966
-4.67262
-4.8628
-5.25162
-5.92534
-6.93466
-8.19416
-9.39441
-10.1544
-10.203
-9.46428
-8.06224
-6.28151
-4.44151
-2.79562
-1.47706
-0.504692
0.16688
0.601172
0.857845
0.986308
1.0251
1.00319
0.941858
0.856619
0.758914
0.657554
0.559317
0.469103
0.390028
0.323316
0.268725
0.224314
0.1883
0.156599
0.129859
0.0992781
0.0782835
0.0342474
0.0363904
-10.4518
-10.4274
-10.3951
-10.355
-10.3075
-10.2525
-10.1905
-10.1219
-10.0478
-9.96939
-9.88836
-9.80666
-9.72664
-9.65089
-9.58219
-9.52335
-9.47706
-9.44569
-9.43109
-9.43436
-9.45568
-9.49411
-9.54752
-9.61249
-9.68439
-9.75748
-9.82517
-9.88037
-9.91586
-9.92477
-9.90109
-9.84005
-9.73848
-9.59511
-9.41057
-9.18742
-8.92988
-8.64355
-8.33489
-8.01086
-7.6784
-7.34407
-7.01381
-6.69281
-6.38553
-6.09571
-5.82656
-5.58079
-5.36062
-5.16761
-5.00257
-4.86539
-4.75491
-4.6688
-4.60319
-4.55245
-4.5091
-4.4647
-4.413
-4.35595
-4.3122
-4.32637
-4.47641
-4.88333
-5.69492
-7.03079
-8.80102
-10.5553
-11.7455
-11.9927
-11.1947
-9.51742
-7.33356
-5.07072
-3.07565
-1.52356
-0.423004
0.304314
0.752425
1.00137
1.11233
1.13019
1.0871
1.00593
0.902833
0.789551
0.675132
0.566494
0.468636
0.38461
0.315384
0.260234
0.216689
0.182272
0.152533
0.127402
0.0984602
0.0778524
0.0349835
0.0358485
-10.4146
-10.3881
-10.3542
-10.3132
-10.2654
-10.211
-10.1504
-10.0841
-10.0131
-9.93854
-9.86174
-9.78445
-9.70862
-9.6364
-9.57003
-9.5118
-9.46386
-9.42806
-9.40586
-9.39809
-9.40482
-9.42527
-9.45767
-9.49924
-9.54623
-9.59405
-9.63739
-9.67053
-9.68767
-9.68324
-9.65233
-9.59099
-9.49656
-9.36782
-9.20514
-9.01038
-8.78678
-8.53865
-8.27106
-7.98942
-7.69913
-7.40527
-7.11239
-6.82443
-6.54475
-6.27624
-6.02148
-5.7828
-5.56227
-5.36148
-5.18137
-5.02205
-4.88281
-4.76199
-4.65652
-4.56142
-4.46932
-4.37059
-4.2565
-4.12616
-3.99727
-3.91948
-3.99083
-4.38791
-5.35242
-7.09833
-9.50926
-11.9271
-13.609
-14.0885
-13.243
-11.2676
-8.61867
-5.84205
-3.40692
-1.55862
-0.30133
0.486692
0.942541
1.1746
1.25946
1.24952
1.18021
1.07553
0.951803
0.82075
0.691474
0.571037
0.464587
0.375149
0.303426
0.248116
0.206085
0.173979
0.146938
0.123929
0.0971852
0.07695
0.0360044
0.0344252
-10.3664
-10.338
-10.3026
-10.2609
-10.213
-10.1592
-10.0997
-10.0354
-9.96683
-9.89514
-9.82155
-9.7475
-9.67462
-9.60469
-9.53954
-9.481
-9.43081
-9.39043
-9.361
-9.34313
-9.33688
-9.34156
-9.35575
-9.37721
-9.40297
-9.42935
-9.45218
-9.46691
-9.46894
-9.45384
-9.4177
-9.35732
-9.27049
-9.15615
-9.01443
-8.84664
-8.65519
-8.44332
-8.2149
-7.97403
-7.72477
-7.47081
-7.21529
-6.96075
-6.70926
-6.46256
-6.22235
-5.99046
-5.76882
-5.55911
-5.36251
-5.17951
-5.01003
-4.85336
-4.70742
-4.56792
-4.427
-4.27211
-4.08889
-3.86939
-3.62689
-3.41444
-3.35624
-3.70537
-4.82274
-7.02894
-10.1641
-13.3016
-15.4892
-16.2128
-15.341
-13.095
-9.99859
-6.68753
-3.75885
-1.56271
-0.122114
0.729354
1.18329
1.38572
1.43307
1.38639
1.28409
1.15088
1.00287
0.851484
0.705576
0.572252
0.456748
0.361986
0.288287
0.233609
0.194015
0.165081
0.141482
0.121052
0.0968467
0.0767715
0.03824
0.0324707
-10.3487
-10.3172
-10.2794
-10.2355
-10.1859
-10.1309
-10.0709
-10.0063
-9.93801
-9.86687
-9.79395
-9.72049
-9.64786
-9.57751
-9.51096
-9.44969
-9.39509
-9.34835
-9.31037
-9.28166
-9.26225
-9.25163
-9.2487
-9.25173
-9.25841
-9.26591
-9.27097
-9.27009
-9.25967
-9.23625
-9.19672
-9.13851
-9.05978
-8.95955
-8.83778
-8.69537
-8.53411
-8.35652
-8.1656
-7.96457
-7.75642
-7.54357
-7.32766
-7.1095
-6.88929
-6.66703
-6.44296
-6.21805
-5.99398
-5.77263
-5.55564
-5.34417
-5.13917
-4.94153
-4.75081
-4.56396
-4.3724
-4.15865
-3.89904
-3.57426
-3.18917
-2.80017
-2.56601
-2.82724
-4.06025
-6.72817
-10.6544
-14.5625
-17.2668
-18.2037
-17.2639
-14.7511
-11.2577
-7.46175
-4.05144
-1.49169
0.14576
1.05828
1.49591
1.65049
1.64376
1.5476
1.40333
1.23538
1.05834
0.882429
0.716197
0.567009
0.440488
0.339632
0.26435
0.211575
0.176144
0.152173
0.133645
0.116956
0.0962463
0.0764467
0.0410916
0.0295567
-10.3115
-10.2777
-10.238
-10.1927
-10.1421
-10.0864
-10.0259
-9.96129
-9.89315
-9.82231
-9.74971
-9.67639
-9.6035
-9.53227
-9.46393
-9.39971
-9.34072
-9.28795
-9.24211
-9.20365
-9.17262
-9.14865
-9.13094
-9.11819
-9.10867
-9.10024
-9.09044
-9.0766
-9.05595
-9.02583
-8.98385
-8.92797
-8.85672
-8.76931
-8.66577
-8.54696
-8.41459
-8.27095
-8.11863
-7.96012
-7.79734
-7.6311
-7.46092
-7.28511
-7.10118
-6.90661
-6.69983
-6.48099
-6.25184
-6.01479
-5.77212
-5.52585
-5.2783
-5.03279
-4.7914
-4.5538
-4.31141
-4.04055
-3.70568
-3.27692
-2.75413
-2.18658
-1.75401
-1.88199
-3.14031
-6.26553
-11.0188
-15.7004
-18.8856
-19.9757
-18.9063
-16.0977
-12.2328
-8.02042
-4.19154
-1.29813
0.526561
1.49011
1.89493
1.98227
1.90324
1.74245
1.54398
1.33169
1.11815
0.912063
0.721445
0.553736
0.41489
0.307923
0.232114
0.183057
0.154057
0.137183
0.125496
0.113773
0.0975329
0.0778038
0.0460982
0.0266862
-10.3139
-10.2757
-10.2322
-10.1831
-10.1289
-10.07
-10.0067
-9.93932
-9.86866
-9.79538
-9.7203
-9.64431
-9.56839
-9.49356
-9.42083
-9.35122
-9.28565
-9.22494
-9.16972
-9.12039
-9.07707
-9.03956
-9.00731
-8.97942
-8.95465
-8.93144
-8.90796
-8.88222
-8.85213
-8.81564
-8.77094
-8.7166
-8.65169
-8.57596
-8.48988
-8.39466
-8.29209
-8.18441
-8.07409
-7.96306
-7.85184
-7.73914
-7.62158
-7.49399
-7.35019
-7.18439
-6.99271
-6.77483
-6.53362
-6.27315
-5.99703
-5.70843
-5.41159
-5.1141
-4.82253
-4.5425
-4.26899
-3.97328
-3.60565
-3.11529
-2.48276
-1.76811
-1.1833
-1.12796
-2.34474
-5.83859
-11.2477
-16.5054
-19.9698
-21.1388
-19.9786
-16.9315
-12.7676
-8.23739
-4.09162
-0.934673
1.04307
2.03942
2.39289
2.39102
2.21839
1.97581
1.71136
1.44481
1.18525
0.939448
0.715606
0.522624
0.367789
0.254319
0.180384
0.139115
0.121039
0.1156
0.114434
0.109958
0.0995187
0.0802311
0.052461
0.0234255
-10.2881
-10.2478
-10.2026
-10.1516
-10.0953
-10.0342
-9.96872
-9.89932
-9.8266
-9.7512
-9.67384
-9.5953
-9.51641
-9.43801
-9.36098
-9.28614
-9.21426
-9.14602
-9.08192
-9.02232
-8.96732
-8.91681
-8.87038
-8.8274
-8.78699
-8.74807
-8.7094
-8.66968
-8.62772
-8.58251
-8.53329
-8.47956
-8.42124
-8.35868
-8.29274
-8.22471
-8.1563
-8.0894
-8.02551
-7.96499
-7.90647
-7.84628
-7.77831
-7.69444
-7.5856
-7.44359
-7.26339
-7.04541
-6.79418
-6.51556
-6.2142
-5.89363
-5.55928
-5.22253
-4.89454
-4.59047
-4.30928
-4.01406
-3.64159
-3.14768
-2.52165
-1.7503
-1.03198
-0.848048
-2.0359
-5.5298
-11.1531
-16.6048
-20.122
-21.3148
-20.1608
-17.0387
-12.7402
-8.04829
-3.73126
-0.420673
1.65016
2.65625
2.95161
2.85563
2.57949
2.24231
1.8975
1.56371
1.24773
0.955571
0.69527
0.476321
0.306655
0.189058
0.119786
0.0891275
0.0848305
0.0932047
0.104306
0.108206
0.104586
0.0855755
0.0633917
0.0185285
-10.307
-10.2624
-10.2123
-10.1553
-10.0934
-10.027
-9.95606
-9.88116
-9.80295
-9.72202
-9.63896
-9.55439
-9.46896
-9.38336
-9.29823
-9.21424
-9.13197
-9.05197
-8.97468
-8.90044
-8.82947
-8.76185
-8.69755
-8.63642
-8.57823
-8.52273
-8.46964
-8.41875
-8.36984
-8.32268
-8.27705
-8.23276
-8.1897
-8.14786
-8.10742
-8.06886
-8.03301
-8.00109
-7.9744
-7.9533
-7.93583
-7.91676
-7.88765
-7.83753
-7.75443
-7.6276
-7.45076
-7.22681
-6.96491
-6.67378
-6.35799
-6.01959
-5.66194
-5.30724
-4.96137
-4.65024
-4.38511
-4.13162
-3.80821
-3.33649
-2.68597
-1.93761
-1.34281
-1.26657
-2.26978
-5.30551
-10.6161
-15.8898
-19.3813
-20.6267
-19.5364
-16.4705
-12.1817
-7.47034
-3.12263
0.225139
2.31569
3.29612
3.51624
3.31609
2.93247
2.50127
2.07791
1.6783
1.30436
0.961722
0.662323
0.418924
0.239209
0.122974
0.062688
0.0448825
0.0544274
0.0750753
0.0964102
0.106836
0.108464
0.0882637
0.0710479
0.0123285
-10.2918
-10.2559
-10.2052
-10.142
-10.0743
-10.0022
-9.92527
-9.84424
-9.75986
-9.67256
-9.58282
-9.49121
-9.39827
-9.30458
-9.21073
-9.11732
-9.02494
-8.93417
-8.84558
-8.75969
-8.67699
-8.59791
-8.52287
-8.45219
-8.38619
-8.32511
-8.26913
-8.21835
-8.17276
-8.13221
-8.09639
-8.06481
-8.03685
-8.01186
-7.98931
-7.96896
-7.95099
-7.93612
-7.9253
-7.91874
-7.91485
-7.9093
-7.89446
-7.85947
-7.79166
-7.67921
-7.51481
-7.30032
-7.04487
-6.76012
-6.45149
-6.11827
-5.76693
-5.39846
-5.04431
-4.72887
-4.46114
-4.19751
-3.85955
-3.39991
-2.81681
-2.21288
-1.83731
-1.97863
-2.78351
-5.038
-9.65328
-14.4977
-17.9919
-19.3342
-18.3638
-15.4461
-11.2862
-6.68883
-2.45546
0.811591
2.85392
3.79414
3.96495
3.69543
3.22149
2.7042
2.20902
1.74849
1.32997
0.959423
0.644219
0.392544
0.209662
0.0941202
0.0373384
0.0245751
0.0396759
0.0655338
0.0918344
0.104969
0.109777
0.088254
0.0746714
0.00983635
-10.3076
-10.2782
-10.2273
-10.158
-10.0835
-10.0047
-9.9212
-9.83414
-9.74418
-9.65172
-9.55723
-9.46117
-9.36405
-9.26636
-9.16868
-9.07155
-8.97557
-8.88134
-8.78945
-8.7005
-8.61504
-8.53361
-8.4567
-8.38476
-8.31819
-8.25731
-8.20238
-8.15352
-8.11067
-8.07354
-8.04152
-8.01371
-7.98901
-7.96636
-7.9449
-7.92433
-7.90518
-7.88937
-7.88008
-7.8794
-7.88539
-7.89136
-7.88731
-7.86069
-7.79749
-7.68482
-7.51407
-7.29214
-7.03412
-6.75105
-6.4455
-6.11507
-5.76377
-5.40153
-5.0471
-4.7199
-4.42538
-4.12485
-3.74578
-3.25179
-2.71348
-2.29763
-2.19328
-2.49785
-3.16871
-4.78305
-8.1748
-12.4703
-16.0826
-17.7756
-17.0603
-14.2957
-10.3011
-5.86682
-1.79972
1.33398
3.27795
4.13527
4.22043
3.87552
3.34831
2.80114
2.27799
1.79525
1.35675
0.970113
0.64545
0.390222
0.206864
0.0916271
0.0351064
0.0224108
0.0377971
0.0637293
0.0903863
0.103197
0.108889
0.0858332
0.0739218
0.00912745
-10.3859
-10.3172
-10.2488
-10.1758
-10.0981
-10.0169
-9.93225
-9.84445
-9.75393
-9.66105
-9.56624
-9.46993
-9.37259
-9.27473
-9.1769
-9.07964
-8.98355
-8.88922
-8.79724
-8.70822
-8.62271
-8.54127
-8.46439
-8.3925
-8.32599
-8.26513
-8.21012
-8.16101
-8.11771
-8.07989
-8.04703
-8.01841
-7.99317
-7.97048
-7.94966
-7.9304
-7.91287
-7.89787
-7.8865
-7.87911
-7.87394
-7.86638
-7.84884
-7.81114
-7.74199
-7.63092
-7.47303
-7.26707
-7.01857
-6.73944
-6.43528
-6.10635
-5.75767
-5.39882
-5.04586
-4.71006
-4.38633
-4.04054
-3.62662
-3.13772
-2.64175
-2.29988
-2.26055
-2.5909
-3.36316
-5.0109
-7.99416
-11.6582
-14.7728
-16.33
-15.8582
-13.4501
-9.64848
-5.4021
-1.53229
1.41836
3.26368
4.10415
4.2263
3.89784
3.37632
2.79966
2.26019
1.77998
1.35468
0.980999
0.663283
0.408954
0.222907
0.103562
0.0427616
0.0260815
0.0382313
0.061632
0.0870081
0.0988542
0.10515
0.081851
0.0709936
0.00908531
-11.0772
-11.082
-10.8858
-10.5917
-10.593
-10.8888
-11.4084
-11.9979
-12.5217
-12.8423
-12.9671
-12.9919
-12.9504
-12.872
-12.7727
-12.6408
-12.4534
-12.2079
-11.9355
-11.7017
-11.5866
-11.5931
-11.7191
-12.0341
-12.5654
-13.5664
-15.2698
-17.6198
-20.2942
-22.7754
-24.5501
-25.2701
-24.6122
-22.3262
-18.6911
-14.3334
-9.85366
-5.77398
-2.42398
0.0956167
1.86456
3.0425
3.79391
4.24756
4.47767
4.50572
4.30343
4.00714
3.6175
2.95543
2.22342
1.78903
1.6701
1.35069
0.28861
-1.84211
-5.30925
-9.99829
-14.9964
-19.0067
-20.9272
-19.9448
-16.0572
-10.5124
-4.97702
-0.668177
2.0685
3.47136
3.98551
4.01881
3.83744
3.49726
3.02212
2.51339
2.03212
1.61984
1.29104
1.0423
0.860468
0.729546
0.634427
0.56281
0.505769
0.457492
0.414727
0.376058
0.341204
0.309995
0.281971
0.255487
0.229177
0.200496
0.170525
0.136536
0.10652
0.0711774
0.0542143
0.0184292
0.0303366
-0.0183103
-11.3772
-11.4139
-11.354
-11.4239
-11.7266
-12.2135
-12.8163
-13.4488
-13.9963
-14.3791
-14.4506
-14.1673
-13.6955
-13.2305
-12.8427
-12.521
-12.2268
-11.9325
-11.6552
-11.4406
-11.3395
-11.3701
-11.4974
-11.9279
-12.7746
-14.2743
-16.9402
-20.6111
-24.6921
-28.3196
-30.6225
-30.959
-29.2595
-26.0041
-21.6874
-16.7443
-11.7398
-7.19198
-3.4699
-0.696437
1.22
2.46571
3.22763
3.66436
3.8959
3.97713
3.89582
3.52407
2.91657
2.35375
1.98898
1.96071
2.05191
1.75119
0.741325
-1.49355
-5.61854
-11.617
-18.1537
-23.2964
-25.306
-23.6585
-19.0153
-12.6999
-6.42441
-1.51327
1.63401
3.26131
3.87377
3.92966
3.68888
3.29628
2.86436
2.41262
1.97415
1.5983
1.29668
1.06332
0.886203
0.753408
0.653827
0.577828
0.517571
0.467106
0.422521
0.381847
0.344631
0.310929
0.280655
0.252647
0.225745
0.197663
0.168931
0.13694
0.108027
0.0741794
0.0562096
0.0206225
0.0326171
-0.0233676
-11.4285
-11.5061
-11.7928
-12.1905
-12.7156
-13.3398
-14.0248
-14.6972
-15.272
-15.6236
-15.6832
-15.3386
-14.6114
-13.7379
-12.9179
-12.2652
-11.7951
-11.4713
-11.2518
-11.1142
-11.0661
-11.2255
-11.7421
-13.1027
-15.7909
-19.733
-24.4956
-29.3547
-33.5889
-36.6042
-38.0172
-37.633
-35.4951
-31.7874
-26.8685
-21.2134
-15.38
-9.97282
-5.5043
-2.19287
0.0626576
1.50685
2.37389
2.85487
3.08207
3.14535
3.08851
2.88123
2.40396
1.75986
1.43343
1.59985
1.80701
1.47831
-0.129207
-3.96207
-10.2735
-17.9304
-25.1509
-30.2483
-31.9882
-29.9403
-24.4712
-16.9552
-9.38838
-3.41172
0.438097
2.45084
3.27375
3.45907
3.33843
3.07222
2.71043
2.31647
1.95647
1.6377
1.3605
1.12934
0.942455
0.79642
0.684284
0.597988
0.530067
0.474623
0.42759
0.386533
0.350288
0.318157
0.289346
0.262197
0.235109
0.205822
0.174766
0.140347
0.108599
0.0738577
0.0543447
0.0207302
0.0355194
-0.0302631
-11.7542
-11.859
-12.2213
-12.6206
-13.1324
-13.6737
-14.2601
-14.8203
-15.2796
-15.5194
-15.4609
-15.0466
-14.3109
-13.4106
-12.5792
-11.9496
-11.5492
-11.3155
-11.1695
-11.0936
-11.1353
-11.58
-12.8949
-15.8518
-20.4771
-26.1188
-31.9455
-37.2627
-41.5717
-44.4925
-45.721
-45.0611
-42.5167
-38.3648
-32.9782
-26.743
-20.1014
-13.6789
-8.1983
-4.08545
-1.2883
0.479232
1.54276
2.14389
2.43804
2.53046
2.49344
2.33011
1.96328
1.3925
0.943308
0.904633
0.982606
0.400245
-2.07313
-7.58909
-15.7565
-24.686
-32.6222
-37.9966
-39.6079
-37.1996
-30.8525
-22.0003
-12.924
-5.6536
-0.956526
1.53076
2.61749
2.9619
2.94334
2.75018
2.47442
2.16988
1.86188
1.57068
1.31425
1.10653
0.937482
0.803942
0.699223
0.616682
0.550441
0.495571
0.448385
0.406481
0.368515
0.333704
0.301488
0.270923
0.241214
0.210951
0.180465
0.148239
0.118351
0.0859763
0.064827
0.0321983
0.0379447
-0.02312
-12.0308
-12.18
-12.4902
-12.8426
-13.2975
-13.7999
-14.3266
-14.8038
-15.1467
-15.2514
-15.043
-14.4853
-13.6473
-12.7194
-11.9079
-11.3487
-11.0638
-10.9535
-10.9329
-10.9881
-11.2482
-12.1181
-14.541
-19.0723
-25.1833
-31.827
-38.1715
-43.7201
-48.1064
-50.9686
-51.9613
-50.935
-48.0352
-43.598
-38.036
-31.6529
-24.6556
-17.5152
-11.0932
-6.11501
-2.70995
-0.573956
0.715118
1.4702
1.87664
2.0426
2.04935
1.94649
1.68811
1.21976
0.735859
0.469754
0.215664
-0.87788
-4.36757
-11.3761
-20.927
-30.7842
-39.2916
-44.9252
-46.6118
-43.7543
-36.7298
-26.814
-16.3639
-7.91922
-2.43743
0.503513
1.85772
2.38212
2.50282
2.42367
2.23662
1.99692
1.74497
1.5039
1.28864
1.09686
0.938215
0.808995
0.70567
0.623304
0.556883
0.501974
0.455088
0.413761
0.376441
0.342089
0.309934
0.279013
0.248613
0.217654
0.186519
0.154218
0.12412
0.0926462
0.0703771
0.0397314
0.0377276
-0.0124802
-12.2127
-12.3446
-12.6173
-12.984
-13.4501
-13.9619
-14.4885
-14.9488
-15.2514
-15.2858
-14.9716
-14.2867
-13.3188
-12.2692
-11.3683
-10.7683
-10.4736
-10.4052
-10.4457
-10.5869
-11.0423
-12.4347
-15.908
-21.7262
-28.9019
-36.183
-42.8686
-48.6255
-53.1247
-55.9735
-56.8038
-55.4619
-52.1423
-47.3044
-41.5231
-35.1446
-28.1776
-20.7769
-13.6827
-7.96818
-4.00391
-1.51663
-0.0128262
0.888771
1.41067
1.67325
1.75149
1.70711
1.53286
1.1787
0.716846
0.290229
-0.288998
-1.93516
-6.34304
-14.5026
-24.9663
-35.4033
-44.1898
-49.8891
-51.443
-48.4609
-41.1059
-30.5003
-19.1305
-9.79658
-3.72492
-0.431456
1.14964
1.83852
2.08354
2.09925
1.98972
1.81459
1.61177
1.40601
1.21494
1.04636
0.905536
0.790041
0.696497
0.620908
0.559112
0.507355
0.462575
0.422532
0.385747
0.351233
0.318332
0.286357
0.254902
0.223317
0.192051
0.160418
0.130923
0.100674
0.0772875
0.0477429
0.0377273
-0.00348297
-12.2617
-12.3856
-12.687
-13.0895
-13.6072
-14.184
-14.7816
-15.3103
-15.6601
-15.7009
-15.326
-14.5
-13.3201
-12.0188
-10.8678
-10.0576
-9.61302
-9.43567
-9.41365
-9.56825
-10.1879
-12.0613
-16.4463
-23.3094
-31.3185
-39.1312
-46.1993
-52.302
-57.0885
-60.0938
-60.8818
-59.238
-55.3761
-49.9571
-43.7658
-37.3171
-30.52
-23.1515
-15.7499
-9.51398
-5.11471
-2.34434
-0.659887
0.372863
1.00374
1.36397
1.52823
1.55799
1.46959
1.21806
0.83039
0.330747
-0.494154
-2.59785
-7.67701
-16.5605
-27.545
-38.2785
-47.1423
-52.7664
-54.226
-51.2165
-43.7564
-32.8267
-20.9477
-11.1361
-4.7474
-1.24678
0.495805
1.32113
1.67926
1.78609
1.74874
1.63032
1.47339
1.30617
1.14633
1.00193
0.877697
0.773587
0.687769
0.617347
0.558901
0.509297
0.465925
0.426821
0.390646
0.35649
0.323735
0.291771
0.260226
0.228562
0.197115
0.165413
0.13543
0.105188
0.0802246
0.0516285
0.0353298
0.00301794
-12.2717
-12.4156
-12.7541
-13.2313
-13.8512
-14.563
-15.323
-16.0321
-16.5495
-16.698
-16.3079
-15.2932
-13.7413
-11.9359
-10.2459
-8.95377
-8.1554
-7.7504
-7.60689
-7.75297
-8.53789
-10.8801
-15.9882
-23.7147
-32.4537
-40.7907
-48.2771
-54.7703
-59.8888
-63.0676
-63.7831
-61.8679
-57.5653
-51.6272
-45.0295
-38.4798
-31.8624
-24.6671
-17.1871
-10.672
-5.99799
-3.03416
-1.21381
-0.0719525
0.655782
1.10688
1.35722
1.4612
1.45328
1.29467
0.997405
0.5072
-0.457293
-2.85935
-8.3304
-17.5571
-28.744
-39.5563
-48.3698
-53.8678
-55.2485
-52.2512
-44.8062
-33.8154
-21.8174
-11.9149
-5.47555
-1.90881
-0.0702319
0.858801
1.3092
1.49139
1.51533
1.4476
1.33231
1.1986
1.06519
0.942213
0.835115
0.74476
0.669518
0.606953
0.554241
0.508747
0.468253
0.431067
0.396025
0.362358
0.329585
0.297297
0.265309
0.233323
0.201684
0.170108
0.140051
0.110104
0.0840647
0.0559787
0.035403
0.00726923
-12.3362
-12.507
-12.9026
-13.482
-14.2542
-15.177
-16.2115
-17.252
-18.1146
-18.5448
-18.2697
-17.0799
-15.0026
-12.3967
-9.81995
-7.73057
-6.3285
-5.54216
-5.20679
-5.33341
-6.29397
-9.04861
-14.7209
-23.0726
-32.4283
-41.2712
-49.1447
-55.9473
-61.2646
-64.4945
-65.1218
-63.0263
-58.4769
-52.2534
-45.4355
-38.8696
-32.4432
-25.4652
-18.0525
-11.4545
-6.66242
-3.59733
-1.6869
-0.458785
0.352088
0.882729
1.21121
1.38877
1.45312
1.37978
1.16642
0.739127
-0.265414
-2.79801
-8.40201
-17.6609
-28.8015
-39.5319
-48.2033
-53.5503
-54.8641
-51.9004
-44.5486
-33.6931
-21.8924
-12.223
-5.95401
-2.43637
-0.557994
0.443973
0.968009
1.21428
1.29224
1.26999
1.19323
1.09233
0.986439
0.886052
0.796534
0.719347
0.653738
0.598069
0.550263
0.508138
0.469891
0.434145
0.399957
0.366726
0.334095
0.301778
0.269658
0.237543
0.205716
0.174033
0.143583
0.11353
0.0863841
0.0586163
0.0351684
0.00963765
-12.4847
-12.6874
-13.1475
-13.8485
-14.8093
-16.0092
-17.4268
-18.9613
-20.3759
-21.2945
-21.2902
-19.9543
-17.1997
-13.4855
-9.66478
-6.48867
-4.29541
-3.06213
-2.52711
-2.66995
-3.81683
-6.88985
-12.9249
-21.6697
-31.4598
-40.7177
-48.9121
-55.9133
-61.3027
-64.4965
-65.0354
-62.8407
-58.2101
-51.9281
-45.1121
-38.6682
-32.4667
-25.7155
-18.4495
-11.9136
-7.13512
-4.04838
-2.08801
-0.795261
0.084661
0.683712
1.07887
1.3216
1.44842
1.44959
1.30642
0.962038
-0.00419726
-2.52278
-8.04349
-17.0904
-27.9883
-38.5107
-46.9789
-52.1683
-53.4241
-50.5043
-43.2976
-32.7307
-21.3768
-12.1841
-6.2409
-2.85024
-0.972378
0.0776992
0.658574
0.957419
1.08172
1.10013
1.05868
0.987812
0.906789
0.826687
0.753399
0.689056
0.633582
0.585628
0.543502
0.505515
0.470188
0.436412
0.40345
0.370865
0.33844
0.306044
0.273685
0.241329
0.20927
0.177514
0.146845
0.116841
0.0889298
0.0614193
0.0357231
0.0118018
-12.6985
-12.9355
-13.4667
-14.2954
-15.4559
-16.9518
-18.7759
-20.8092
-22.7502
-24.1104
-24.3189
-22.8208
-19.4087
-14.6036
-9.53414
-5.25773
-2.29301
-0.632846
0.0266683
-0.171813
-1.5016
-4.78322
-10.9514
-19.8054
-29.7972
-39.3386
-47.7692
-54.8725
-60.2417
-63.349
-63.8071
-61.5844
-57.0027
-50.849
-44.2355
-38.047
-32.0992
-25.5665
-18.4911
-12.1215
-7.4566
-4.40881
-2.43013
-1.0915
-0.156624
0.499262
0.950548
1.24842
1.42834
1.4911
1.40536
1.13644
0.258466
-2.13951
-7.41323
-16.0663
-26.5692
-36.7804
-45.0006
-50.0271
-51.2291
-48.3626
-41.3484
-31.1972
-20.4781
-11.9244
-6.39717
-3.17676
-1.32563
-0.246612
0.377456
0.719881
0.884709
0.939786
0.930828
0.888166
0.831095
0.770912
0.713698
0.66196
0.616052
0.575165
0.538175
0.50381
0.470934
0.438728
0.406685
0.374552
0.342258
0.309805
0.277282
0.244753
0.212483
0.18058
0.149582
0.119446
0.0907502
0.0633571
0.0358109
0.0133895
-12.8695
-13.1467
-13.7473
-14.6952
-16.0262
-17.748
-19.8451
-22.1575
-24.3093
-25.7883
-26.0195
-24.3634
-20.4948
-14.9387
-8.98687
-3.94364
-0.476601
1.45656
2.14867
1.85598
0.365221
-3.00736
-9.08905
-17.7723
-27.708
-37.3547
-45.911
-53.0392
-58.3371
-61.341
-61.741
-59.5493
-55.1227
-49.2454
-42.9898
-37.1536
-31.4697
-25.1382
-18.2794
-12.1495
-7.66636
-4.6977
-2.72325
-1.35421
-0.377167
0.324248
0.821602
1.16454
1.38792
1.49898
1.4603
1.24653
0.477722
-1.73294
-6.64913
-14.7825
-24.7764
-34.5921
-42.5251
-47.3801
-48.5309
-45.7292
-38.9565
-29.3289
-19.3753
-11.5473
-6.47068
-3.43658
-1.627
-0.532817
0.123733
0.502195
0.702301
0.790278
0.810941
0.794117
0.758924
0.716835
0.674246
0.634106
0.597253
0.563352
0.531569
0.500969
0.47073
0.440285
0.409328
0.377775
0.34569
0.313206
0.28051
0.247776
0.215279
0.183236
0.151986
0.121792
0.0925055
0.0652526
0.0361452
0.0149943
-12.9154
-13.2149
-13.8778
-14.9197
-16.3681
-18.2064
-20.3865
-22.7198
-24.8336
-26.2343
-26.4005
-24.6036
-20.4349
-14.4642
-8.12217
-2.75346
0.963084
2.981
3.67858
3.2592
1.65269
-1.70565
-7.53081
-15.815
-25.4478
-34.9925
-43.5392
-50.6209
-55.82
-58.7257
-59.1004
-57.0033
-52.8259
-47.3368
-41.5416
-36.105
-30.6726
-24.5236
-17.9017
-12.0608
-7.79864
-4.93128
-2.97595
-1.58903
-0.581007
0.155699
0.68994
1.06918
1.32701
1.47469
1.47382
1.2949
0.631481
-1.36079
-5.85798
-13.3938
-22.7986
-32.1524
-39.7622
-44.4343
-45.5352
-42.8153
-36.3375
-27.3211
-18.2072
-11.1269
-6.49459
-3.64532
-1.88495
-0.785607
-0.104933
0.303491
0.534466
0.651948
0.699516
0.706396
0.691525
0.666476
0.637837
0.608842
0.580653
0.553286
0.526287
0.499081
0.47115
0.44218
0.412076
0.380929
0.348944
0.316377
0.283498
0.250566
0.217846
0.185636
0.154103
0.123775
0.093908
0.0667148
0.0362533
0.0162635
-12.7828
-13.0628
-13.8223
-14.9561
-16.4927
-18.3767
-20.5252
-22.7383
-24.6679
-25.9504
-25.9815
-24.0148
-19.6564
-13.5702
-7.23832
-1.93382
1.78326
3.82382
4.50417
4.03149
2.35578
-0.906042
-6.36793
-14.1014
-23.2329
-32.4765
-40.8677
-47.8278
-52.9078
-55.731
-56.1222
-54.1849
-50.3326
-45.3062
-40.0231
-34.9862
-29.7719
-23.7866
-17.4228
-11.9047
-7.88067
-5.12286
-3.19534
-1.80031
-0.770719
-0.00740071
0.555713
0.963832
1.24832
1.42284
1.4512
1.2928
0.715112
-1.05484
-5.11142
-12.0128
-20.7797
-29.6243
-36.8814
-41.3584
-42.4099
-39.791
-33.6581
-25.3168
-17.0693
-10.7121
-6.49199
-3.81527
-2.10658
-1.00891
-0.310479
0.122939
0.380899
0.524739
0.596624
0.625078
0.628771
0.619295
0.603403
0.584598
0.564376
0.543112
0.520664
0.496732
0.471063
0.44357
0.414349
0.383648
0.351802
0.319181
0.286135
0.253007
0.220068
0.187698
0.155923
0.125501
0.0951676
0.0680599
0.0364494
0.0174793
-12.776
-12.8642
-13.6899
-14.8759
-16.455
-18.3431
-20.4117
-22.4689
-24.2198
-25.293
-25.0748
-22.8539
-18.4086
-12.5366
-6.61562
-1.67632
1.8917
3.97097
4.65044
4.22854
2.56726
-0.5531
-5.60416
-12.7172
-21.2249
-30.0105
-38.1111
-44.8714
-49.8092
-52.5681
-53.0183
-51.2937
-47.8151
-43.2891
-38.5288
-33.8591
-28.8176
-22.9759
-16.8889
-11.7131
-7.9301
-5.2818
-3.38647
-1.99068
-0.947438
-0.164997
0.419845
0.850306
1.15513
1.34889
1.39878
1.25342
0.737284
-0.827546
-4.45554
-10.7199
-18.8262
-27.13
-34.0109
-38.2829
-39.2864
-36.7877
-31.0412
-23.4129
-16.0192
-10.3312
-6.47881
-3.95685
-2.29837
-1.20636
-0.494869
-0.0405867
0.240891
0.40818
0.501969
0.55004
0.570765
0.575708
0.571726
0.562519
0.549831
0.5343
0.516068
0.495123
0.471474
0.445257
0.416756
0.386378
0.354585
0.321857
0.288617
0.25528
0.22212
0.189579
0.157559
0.127016
0.0962409
0.0691777
0.0365509
0.0184914
)
;

boundaryField
{
    outlet
    {
        type            fixedValue;
        value           uniform 0;
    }
    inlet
    {
        type            zeroGradient;
    }
    lowerWall
    {
        type            zeroGradient;
    }
    upperWall
    {
        type            zeroGradient;
    }
    frontAndBack
    {
        type            empty;
    }
}


// ************************************************************************* //
