/*--------------------------------*- C++ -*----------------------------------*\
  =========                 |
  \\      /  F ield         | OpenFOAM: The Open Source CFD Toolbox
   \\    /   O peration     | Website:  https://openfoam.org
    \\  /    A nd           | Version:  10
     \\/     M anipulation  |
\*---------------------------------------------------------------------------*/
FoamFile
{
    format      ascii;
    class       volScalarField;
    location    "0.155";
    object      k;
}
// * * * * * * * * * * * * * * * * * * * * * * * * * * * * * * * * * * * * * //

dimensions      [0 2 -2 0 0 0 0];

internalField   nonuniform List<scalar> 
6820
(
0.196709
0.190616
0.184994
0.179724
0.174798
0.17025
0.166114
0.162407
0.159125
0.156249
0.153751
0.151602
0.149767
0.148216
0.146918
0.145846
0.144975
0.144281
0.143745
0.143347
0.143072
0.142905
0.142832
0.142843
0.142926
0.143073
0.143272
0.143539
0.143755
0.144447
0.143123
0.151412
0.114828
0.201954
0.200831
0.197543
0.193922
0.19084
0.188584
0.187154
0.186428
0.186258
0.186512
0.187082
0.187888
0.188871
0.189986
0.191198
0.192482
0.193816
0.195186
0.196578
0.197983
0.19939
0.200795
0.202193
0.20358
0.204956
0.206322
0.207683
0.209053
0.210449
0.211999
0.213476
0.216605
0.217275
0.200488
0.200475
0.199118
0.19707
0.194841
0.19269
0.190724
0.188985
0.187488
0.18623
0.185204
0.184391
0.183774
0.183333
0.183048
0.182901
0.182874
0.182953
0.183124
0.183375
0.183696
0.184076
0.184507
0.184983
0.185499
0.186049
0.18663
0.187247
0.18789
0.188601
0.189301
0.190197
0.190884
0.199662
0.199121
0.198219
0.196983
0.195545
0.194012
0.192458
0.190931
0.189463
0.188074
0.186776
0.185577
0.184479
0.183481
0.182583
0.181778
0.181063
0.180431
0.179879
0.179398
0.178985
0.178635
0.178341
0.1781
0.177908
0.177762
0.177658
0.177597
0.177576
0.177604
0.177673
0.177805
0.177985
0.199429
0.198466
0.197531
0.196513
0.195399
0.194214
0.192986
0.19174
0.190495
0.189267
0.188069
0.186909
0.185793
0.184727
0.183713
0.182753
0.181846
0.180992
0.180191
0.17944
0.178739
0.178084
0.177474
0.176906
0.176379
0.175892
0.175441
0.175028
0.174649
0.174308
0.174001
0.173731
0.173494
0.199398
0.198267
0.197202
0.196166
0.195133
0.194088
0.193029
0.191959
0.190884
0.189812
0.18875
0.187704
0.186678
0.185677
0.184704
0.183761
0.18285
0.181971
0.181126
0.180315
0.179537
0.178792
0.17808
0.177399
0.17675
0.17613
0.17554
0.174979
0.174446
0.173942
0.173465
0.173015
0.172591
0.199395
0.19822
0.197098
0.196021
0.194978
0.193957
0.192952
0.191958
0.190973
0.189998
0.189032
0.188079
0.187141
0.186218
0.185315
0.18443
0.183568
0.182727
0.181909
0.181114
0.180344
0.179597
0.178874
0.178174
0.177499
0.176846
0.176216
0.175609
0.175025
0.174462
0.173922
0.173404
0.172906
0.199395
0.198211
0.197069
0.195969
0.194908
0.193881
0.192884
0.191912
0.190961
0.190029
0.189115
0.188218
0.187337
0.186473
0.185625
0.184795
0.183983
0.183188
0.182412
0.181654
0.180916
0.180196
0.179495
0.178813
0.17815
0.177505
0.176879
0.176272
0.175682
0.175112
0.174559
0.174024
0.173507
0.199395
0.198209
0.197063
0.195955
0.194884
0.19385
0.192848
0.191877
0.190934
0.190017
0.189123
0.188251
0.1874
0.186569
0.185756
0.184962
0.184186
0.183427
0.182686
0.181962
0.181255
0.180566
0.179893
0.179236
0.178596
0.177973
0.177365
0.176774
0.176198
0.175639
0.175095
0.174566
0.174054
0.199395
0.198209
0.197061
0.195951
0.194877
0.193838
0.192833
0.19186
0.190916
0.190001
0.189113
0.18825
0.187411
0.186594
0.185799
0.185024
0.184268
0.183532
0.182813
0.182113
0.181429
0.180762
0.180112
0.179478
0.178859
0.178256
0.177668
0.177095
0.176537
0.175993
0.175464
0.17495
0.174449
0.199395
0.198209
0.197061
0.19595
0.194875
0.193834
0.192827
0.191852
0.190907
0.189992
0.189104
0.188243
0.187407
0.186596
0.185807
0.18504
0.184294
0.183569
0.182862
0.182175
0.181505
0.180853
0.180217
0.179598
0.178994
0.178406
0.177833
0.177275
0.176731
0.176202
0.175686
0.175184
0.174696
0.199395
0.198209
0.19706
0.195949
0.194874
0.193833
0.192825
0.191849
0.190903
0.189987
0.189099
0.188238
0.187402
0.186592
0.185805
0.185041
0.184299
0.183578
0.182877
0.182195
0.181532
0.180887
0.18026
0.179649
0.179054
0.178475
0.177912
0.177363
0.176829
0.176309
0.175803
0.175311
0.174831
0.199395
0.198209
0.19706
0.195949
0.194873
0.193832
0.192824
0.191847
0.190901
0.189984
0.189096
0.188234
0.187399
0.186588
0.185801
0.185038
0.184297
0.183577
0.182878
0.182199
0.181539
0.180897
0.180273
0.179666
0.179076
0.178502
0.177943
0.1774
0.176871
0.176357
0.175857
0.17537
0.174896
0.199395
0.198209
0.19706
0.195949
0.194873
0.193831
0.192823
0.191846
0.1909
0.189983
0.189094
0.188232
0.187396
0.186585
0.185799
0.185035
0.184294
0.183575
0.182876
0.182197
0.181538
0.180897
0.180275
0.17967
0.179081
0.178509
0.177953
0.177412
0.176886
0.176374
0.175877
0.175393
0.174922
0.199395
0.198208
0.19706
0.195948
0.194872
0.193831
0.192822
0.191845
0.190899
0.189981
0.189092
0.18823
0.187394
0.186583
0.185796
0.185033
0.184291
0.183572
0.182873
0.182195
0.181536
0.180895
0.180273
0.179668
0.179081
0.178509
0.177954
0.177414
0.176889
0.176378
0.175882
0.175399
0.17493
0.199395
0.198208
0.19706
0.195948
0.194872
0.19383
0.192822
0.191845
0.190898
0.18998
0.189091
0.188229
0.187393
0.186581
0.185794
0.185031
0.184289
0.18357
0.182871
0.182192
0.181533
0.180893
0.18027
0.179666
0.179078
0.178507
0.177952
0.177412
0.176887
0.176377
0.175881
0.175398
0.174929
0.199395
0.198208
0.19706
0.195948
0.194872
0.19383
0.192821
0.191844
0.190897
0.189979
0.18909
0.188228
0.187391
0.18658
0.185793
0.185029
0.184287
0.183567
0.182869
0.18219
0.18153
0.18089
0.180268
0.179663
0.179075
0.178504
0.177948
0.177409
0.176884
0.176373
0.175877
0.175395
0.174925
0.199395
0.198208
0.19706
0.195948
0.194872
0.19383
0.192821
0.191843
0.190896
0.189979
0.189089
0.188227
0.18739
0.186579
0.185791
0.185027
0.184286
0.183566
0.182866
0.182188
0.181528
0.180887
0.180265
0.17966
0.179072
0.178501
0.177945
0.177405
0.17688
0.17637
0.175873
0.17539
0.174921
0.199395
0.198208
0.197059
0.195948
0.194871
0.193829
0.19282
0.191843
0.190896
0.189978
0.189088
0.188226
0.187389
0.186577
0.18579
0.185026
0.184284
0.183564
0.182865
0.182186
0.181526
0.180885
0.180263
0.179658
0.179069
0.178498
0.177942
0.177402
0.176877
0.176366
0.175869
0.175386
0.174916
0.199395
0.198208
0.197059
0.195948
0.194871
0.193829
0.19282
0.191842
0.190895
0.189977
0.189088
0.188225
0.187388
0.186576
0.185789
0.185024
0.184282
0.183562
0.182863
0.182184
0.181524
0.180883
0.18026
0.179655
0.179067
0.178495
0.177939
0.177399
0.176873
0.176362
0.175865
0.175382
0.174911
0.199395
0.198208
0.197059
0.195947
0.194871
0.193829
0.19282
0.191842
0.190895
0.189977
0.189087
0.188224
0.187387
0.186575
0.185788
0.185023
0.184281
0.183561
0.182861
0.182182
0.181522
0.180881
0.180258
0.179653
0.179064
0.178492
0.177936
0.177396
0.17687
0.176359
0.175861
0.175378
0.174907
0.199395
0.198208
0.197059
0.195947
0.194871
0.193829
0.19282
0.191842
0.190895
0.189976
0.189086
0.188223
0.187386
0.186574
0.185787
0.185022
0.18428
0.183559
0.18286
0.18218
0.18152
0.180879
0.180256
0.179651
0.179062
0.17849
0.177934
0.177393
0.176867
0.176355
0.175858
0.175374
0.174903
0.199395
0.198208
0.197059
0.195947
0.194871
0.193829
0.192819
0.191842
0.190894
0.189976
0.189086
0.188223
0.187386
0.186574
0.185786
0.185021
0.184279
0.183558
0.182859
0.182179
0.181519
0.180877
0.180254
0.179649
0.17906
0.178488
0.177931
0.17739
0.176864
0.176352
0.175854
0.17537
0.174898
0.199395
0.198208
0.197059
0.195947
0.194871
0.193829
0.192819
0.191841
0.190894
0.189976
0.189085
0.188222
0.187385
0.186573
0.185785
0.18502
0.184278
0.183557
0.182857
0.182178
0.181517
0.180876
0.180253
0.179647
0.179058
0.178485
0.177929
0.177387
0.176861
0.176349
0.175851
0.175366
0.174894
0.199395
0.198208
0.197059
0.195947
0.194871
0.193829
0.192819
0.191841
0.190894
0.189975
0.189085
0.188222
0.187385
0.186572
0.185784
0.185019
0.184277
0.183556
0.182856
0.182176
0.181516
0.180874
0.180251
0.179645
0.179056
0.178483
0.177926
0.177385
0.176858
0.176346
0.175847
0.175362
0.17489
0.199395
0.198208
0.197059
0.195947
0.194871
0.193828
0.192819
0.191841
0.190894
0.189975
0.189085
0.188221
0.187384
0.186572
0.185784
0.185019
0.184276
0.183555
0.182855
0.182175
0.181515
0.180873
0.180249
0.179643
0.179054
0.178481
0.177924
0.177382
0.176856
0.176343
0.175844
0.175359
0.174887
0.199395
0.198208
0.197059
0.195947
0.194871
0.193828
0.192819
0.191841
0.190893
0.189975
0.189085
0.188221
0.187384
0.186571
0.185783
0.185018
0.184276
0.183555
0.182854
0.182174
0.181514
0.180872
0.180248
0.179642
0.179052
0.178479
0.177922
0.17738
0.176853
0.17634
0.175841
0.175356
0.174883
0.199395
0.198208
0.197059
0.195947
0.194871
0.193828
0.192819
0.191841
0.190893
0.189975
0.189084
0.188221
0.187384
0.186571
0.185783
0.185018
0.184275
0.183554
0.182854
0.182174
0.181513
0.180871
0.180247
0.179641
0.179051
0.178478
0.17792
0.177378
0.176851
0.176338
0.175839
0.175353
0.17488
0.199395
0.198208
0.197059
0.195947
0.194871
0.193828
0.192819
0.191841
0.190893
0.189975
0.189084
0.188221
0.187383
0.186571
0.185782
0.185017
0.184275
0.183553
0.182853
0.182173
0.181512
0.18087
0.180246
0.179639
0.17905
0.178476
0.177919
0.177377
0.176849
0.176336
0.175837
0.175351
0.174878
0.199395
0.198208
0.197059
0.195947
0.194871
0.193828
0.192819
0.191841
0.190894
0.189975
0.189085
0.188221
0.187384
0.186571
0.185783
0.185018
0.184275
0.183554
0.182853
0.182173
0.181512
0.18087
0.180246
0.179639
0.179049
0.178476
0.177918
0.177376
0.176848
0.176334
0.175835
0.175349
0.174876
0.199395
0.198208
0.197059
0.195947
0.194871
0.193828
0.192819
0.191841
0.190893
0.189975
0.189084
0.188221
0.187383
0.186571
0.185783
0.185017
0.184275
0.183553
0.182853
0.182173
0.181512
0.180869
0.180245
0.179639
0.179049
0.178475
0.177917
0.177375
0.176847
0.176333
0.175834
0.175347
0.174874
0.199395
0.198208
0.197059
0.195948
0.194871
0.193829
0.19282
0.191843
0.190895
0.189977
0.189087
0.188223
0.187386
0.186574
0.185785
0.18502
0.184277
0.183556
0.182855
0.182175
0.181514
0.180871
0.180247
0.17964
0.17905
0.178476
0.177918
0.177376
0.176848
0.176334
0.175834
0.175347
0.174874
0.199395
0.198209
0.19706
0.195949
0.194872
0.19383
0.192821
0.191843
0.190896
0.189977
0.189087
0.188224
0.187387
0.186575
0.185786
0.185021
0.184279
0.183558
0.182857
0.182177
0.181516
0.180873
0.180249
0.179642
0.179051
0.178477
0.177919
0.177376
0.176847
0.176333
0.175832
0.175345
0.17487
0.199395
0.198208
0.19706
0.19595
0.194875
0.193835
0.192827
0.191851
0.190904
0.189987
0.189097
0.188234
0.187397
0.186585
0.185796
0.185031
0.184288
0.183566
0.182865
0.182183
0.181521
0.180878
0.180252
0.179643
0.179051
0.178476
0.177915
0.17737
0.176839
0.176323
0.17582
0.17533
0.174853
0.199396
0.198212
0.197066
0.195957
0.194883
0.193842
0.192834
0.191857
0.190911
0.189993
0.189104
0.188241
0.187403
0.186591
0.185801
0.185035
0.18429
0.183566
0.182862
0.182177
0.181512
0.180864
0.180234
0.17962
0.179023
0.178442
0.177875
0.177324
0.176786
0.176263
0.175752
0.175255
0.17477
0.199396
0.198213
0.197071
0.195969
0.194902
0.193869
0.192866
0.191893
0.190947
0.190029
0.189137
0.18827
0.187426
0.186606
0.185808
0.185032
0.184276
0.18354
0.182823
0.182125
0.181445
0.180782
0.180136
0.179506
0.178892
0.178294
0.17771
0.17714
0.176584
0.176042
0.175513
0.174997
0.174493
0.199402
0.19824
0.197114
0.196018
0.194953
0.193916
0.192909
0.191928
0.190972
0.19004
0.189131
0.188245
0.18738
0.186535
0.185711
0.184907
0.184122
0.183356
0.182608
0.181878
0.181166
0.18047
0.17979
0.179127
0.178479
0.177846
0.177228
0.176624
0.176034
0.175457
0.174894
0.174344
0.173806
0.199421
0.198284
0.197214
0.196182
0.195158
0.194136
0.193118
0.19211
0.191116
0.190141
0.189186
0.188254
0.187346
0.18646
0.185598
0.184758
0.183939
0.183141
0.182364
0.181606
0.180867
0.180145
0.179442
0.178754
0.178084
0.177429
0.176789
0.176164
0.175553
0.174957
0.174374
0.173805
0.173248
0.199655
0.198885
0.198077
0.197302
0.196604
0.195976
0.195405
0.194881
0.194398
0.193953
0.193544
0.193169
0.192829
0.192523
0.192248
0.192003
0.191788
0.191601
0.19144
0.191303
0.191189
0.191097
0.191026
0.190973
0.190938
0.19092
0.190917
0.190929
0.190954
0.190992
0.191042
0.191103
0.191174
0.205419
0.216602
0.227661
0.238503
0.249093
0.259416
0.269459
0.279212
0.288667
0.297818
0.30666
0.31519
0.323409
0.331316
0.338915
0.34621
0.353204
0.359904
0.366316
0.372448
0.378306
0.383899
0.389236
0.394324
0.399173
0.403791
0.408186
0.412368
0.416345
0.420125
0.423717
0.427128
0.43037
0.317449
0.634082
0.956368
1.24519
1.48019
1.65305
1.76667
1.83165
1.86151
1.86877
1.86303
1.85067
1.83544
1.81928
1.80315
1.78749
1.77256
1.7586
1.74582
1.73439
1.72441
1.71589
1.70876
1.70283
1.69786
1.69351
1.68944
1.68524
1.6805
1.6748
1.66768
1.65872
1.64747
1.63354
1.61656
1.5962
1.57221
1.54439
1.51262
1.47686
1.43718
1.39373
1.34676
1.29665
1.24389
1.18906
1.13282
1.07593
1.01918
0.96336
0.909284
0.857705
0.809307
0.764672
0.724259
0.688389
0.657239
0.630851
0.609142
0.591925
0.578926
0.569791
0.564097
0.561348
0.560977
0.56234
0.564718
0.567332
0.569361
0.569967
0.568338
0.56372
0.555468
0.543082
0.526249
0.504876
0.479127
0.449441
0.416555
0.381495
0.345545
0.310164
0.276839
0.246891
0.221263
0.200384
0.184159
0.1721
0.163513
0.157665
0.153896
0.151661
0.150538
0.150213
0.150468
0.151141
0.152138
0.153398
0.154714
0.157269
0.231501
0.261261
0.306403
0.367681
0.444662
0.5354
0.636213
0.74214
0.847571
0.947309
1.03724
1.11471
1.17864
1.22933
1.2681
1.29686
1.31764
1.33231
1.34244
1.34921
1.35351
1.35592
1.35684
1.35651
1.35506
1.35255
1.34894
1.34414
1.33799
1.33031
1.32087
1.3094
1.29564
1.27932
1.26019
1.23806
1.21277
1.18425
1.15248
1.11754
1.07957
1.03884
0.995672
0.95052
0.903908
0.85644
0.808775
0.761602
0.71561
0.671457
0.629745
0.590993
0.555615
0.523908
0.496049
0.472097
0.452011
0.435668
0.422884
0.413436
0.407078
0.40354
0.40253
0.403724
0.406746
0.411159
0.416448
0.422023
0.427227
0.431355
0.433695
0.433563
0.430355
0.423599
0.412993
0.398456
0.380152
0.358518
0.334259
0.308331
0.281878
0.256124
0.232221
0.211094
0.193304
0.179014
0.168041
0.159977
0.154318
0.150556
0.148243
0.147004
0.146551
0.146663
0.147188
0.148012
0.149073
0.150333
0.151613
0.154047
0.191838
0.194122
0.198894
0.206782
0.218079
0.23309
0.252264
0.276089
0.30519
0.340052
0.38066
0.426424
0.476194
0.528381
0.581157
0.632689
0.681355
0.725902
0.765523
0.79985
0.828892
0.85292
0.87236
0.887688
0.899361
0.907766
0.913207
0.915906
0.916005
0.913586
0.908674
0.901254
0.891285
0.878711
0.863482
0.845576
0.82501
0.801851
0.77623
0.748341
0.718443
0.686862
0.653992
0.620284
0.586239
0.552385
0.519253
0.487354
0.457148
0.429023
0.403279
0.380124
0.359667
0.341929
0.326859
0.31435
0.304257
0.296419
0.290676
0.286874
0.284872
0.284543
0.285757
0.288378
0.292234
0.297108
0.302714
0.308686
0.314576
0.319865
0.323987
0.32637
0.326482
0.323884
0.318282
0.309575
0.297882
0.283565
0.267213
0.24961
0.231658
0.214274
0.198268
0.184241
0.172519
0.163167
0.156039
0.150859
0.147298
0.145029
0.143754
0.143223
0.143238
0.143647
0.144345
0.145252
0.146328
0.147552
0.148767
0.151042
0.178139
0.178314
0.178707
0.179507
0.180859
0.182881
0.185669
0.189331
0.194023
0.199877
0.207122
0.216018
0.226819
0.239733
0.254878
0.272247
0.291676
0.31284
0.335265
0.358364
0.381497
0.404023
0.425356
0.444998
0.462566
0.477785
0.490487
0.500589
0.508075
0.512976
0.515347
0.515259
0.512785
0.508006
0.501008
0.491899
0.480814
0.467921
0.453429
0.43758
0.420652
0.402949
0.384799
0.366539
0.348507
0.331024
0.314378
0.298808
0.284494
0.271553
0.260043
0.249968
0.24129
0.233944
0.227847
0.222909
0.219044
0.216173
0.214232
0.21317
0.212951
0.213549
0.214943
0.217111
0.220014
0.223581
0.227697
0.232189
0.236808
0.241237
0.245096
0.247967
0.249434
0.249128
0.246776
0.242249
0.235591
0.227039
0.217003
0.206039
0.194774
0.183832
0.173748
0.164911
0.157533
0.151665
0.147228
0.144062
0.141969
0.140742
0.14019
0.140146
0.140477
0.141078
0.141875
0.142813
0.143868
0.145028
0.146161
0.14825
0.17322
0.172894
0.172598
0.172375
0.17226
0.172286
0.17248
0.172863
0.173463
0.174291
0.175374
0.176751
0.178472
0.180596
0.183182
0.186289
0.18997
0.194261
0.19918
0.204713
0.210812
0.21739
0.224324
0.231453
0.238595
0.245548
0.252112
0.258095
0.263325
0.26766
0.270991
0.273243
0.274375
0.274374
0.273257
0.271072
0.267893
0.263822
0.258983
0.253517
0.247578
0.241323
0.23491
0.228486
0.222189
0.216136
0.210424
0.205123
0.200281
0.19592
0.192047
0.188653
0.18572
0.183224
0.181142
0.179449
0.178125
0.177155
0.176529
0.176245
0.176307
0.176724
0.177511
0.17868
0.180239
0.182182
0.184477
0.18706
0.189821
0.192601
0.195186
0.197323
0.198737
0.199163
0.198384
0.196268
0.192797
0.188086
0.182373
0.175996
0.169348
0.162825
0.156769
0.151437
0.146983
0.143461
0.140842
0.139041
0.137945
0.137425
0.137358
0.137636
0.138166
0.138876
0.139717
0.140647
0.141655
0.142735
0.143774
0.14566
0.172118
0.171581
0.171048
0.170531
0.170039
0.169582
0.169171
0.168818
0.16853
0.16831
0.168161
0.168089
0.168097
0.168195
0.168391
0.168699
0.169128
0.169691
0.170396
0.17125
0.172254
0.173404
0.174685
0.17608
0.177558
0.179083
0.180611
0.182094
0.183481
0.184721
0.185768
0.186581
0.187127
0.187382
0.187332
0.186974
0.186319
0.185385
0.184202
0.182808
0.181245
0.179556
0.177787
0.17598
0.174174
0.172406
0.170703
0.169088
0.16758
0.166187
0.164916
0.163768
0.162742
0.161834
0.161041
0.160359
0.159787
0.159323
0.15897
0.158735
0.158626
0.158657
0.158844
0.159202
0.159748
0.160491
0.161432
0.162554
0.163816
0.165148
0.16645
0.167588
0.168406
0.168744
0.168456
0.167437
0.165646
0.163121
0.159978
0.156403
0.152621
0.148868
0.14536
0.142266
0.139693
0.137693
0.136263
0.13536
0.134917
0.134857
0.135101
0.135575
0.136218
0.136977
0.13782
0.138715
0.139658
0.140645
0.141584
0.143259
0.172349
0.171722
0.171096
0.170474
0.16986
0.169255
0.168663
0.168089
0.167536
0.167008
0.166507
0.166035
0.165591
0.165179
0.164798
0.164452
0.164141
0.163868
0.163636
0.163446
0.1633
0.163198
0.163137
0.163116
0.163129
0.163169
0.163228
0.163295
0.163359
0.163406
0.163424
0.163403
0.163331
0.163199
0.163002
0.162734
0.162396
0.161989
0.161518
0.160991
0.160416
0.159805
0.159168
0.158516
0.15786
0.157209
0.156571
0.155952
0.155357
0.154789
0.154248
0.153733
0.153245
0.152779
0.152334
0.151908
0.1515
0.15111
0.15074
0.150394
0.150079
0.149804
0.14958
0.14942
0.149337
0.149344
0.149448
0.149651
0.149942
0.150297
0.150673
0.151007
0.151223
0.151233
0.150953
0.150316
0.149283
0.14786
0.146099
0.144092
0.141962
0.139846
0.13787
0.136143
0.134737
0.133691
0.133009
0.132672
0.132639
0.132861
0.133287
0.133868
0.134559
0.135324
0.136139
0.136979
0.137846
0.138733
0.13957
0.141035
0.172925
0.172269
0.171612
0.170955
0.170299
0.169645
0.168995
0.168351
0.167714
0.167085
0.166468
0.165862
0.165269
0.16469
0.164125
0.163575
0.163041
0.162522
0.16202
0.161536
0.161069
0.160621
0.160191
0.159779
0.159385
0.159007
0.158643
0.158292
0.15795
0.157615
0.157283
0.156952
0.156618
0.15628
0.155935
0.155581
0.155218
0.154846
0.154466
0.15408
0.153688
0.153294
0.1529
0.152509
0.152122
0.151741
0.151367
0.151
0.150639
0.150283
0.149929
0.149575
0.149217
0.148851
0.148476
0.148086
0.147681
0.147258
0.146818
0.146363
0.145895
0.145421
0.144948
0.144483
0.144039
0.143623
0.143247
0.142917
0.142634
0.142395
0.142185
0.14198
0.141747
0.141444
0.14103
0.140465
0.139727
0.138813
0.137743
0.136564
0.135339
0.134145
0.133053
0.132128
0.131416
0.130941
0.13071
0.130709
0.130914
0.131294
0.131813
0.132435
0.13313
0.133869
0.134636
0.135409
0.136192
0.136978
0.137714
0.138972
0.173475
0.17282
0.172163
0.171505
0.170845
0.170184
0.169523
0.168862
0.168203
0.167547
0.166894
0.166247
0.165604
0.164969
0.164341
0.16372
0.163108
0.162505
0.161911
0.161326
0.160752
0.160188
0.159635
0.159094
0.158563
0.158045
0.157538
0.157043
0.156559
0.156086
0.155623
0.15517
0.154727
0.154293
0.153868
0.153451
0.153044
0.152644
0.152254
0.151873
0.151501
0.151138
0.150785
0.150441
0.150106
0.149778
0.149457
0.149139
0.148823
0.148505
0.148181
0.147848
0.147501
0.147137
0.146751
0.146339
0.145899
0.145428
0.144924
0.144389
0.143823
0.143229
0.142613
0.141978
0.141334
0.140688
0.140049
0.139423
0.138819
0.13824
0.137686
0.13715
0.136624
0.136091
0.135534
0.134937
0.134288
0.133586
0.132841
0.132075
0.131322
0.130622
0.130016
0.129538
0.129216
0.129063
0.129082
0.129264
0.129593
0.130044
0.130593
0.131214
0.131882
0.132575
0.133279
0.133978
0.134674
0.13536
0.135998
0.137058
0.173882
0.173241
0.172597
0.171949
0.1713
0.170648
0.169994
0.169339
0.168683
0.168027
0.167372
0.166718
0.166067
0.165419
0.164775
0.164134
0.163499
0.162869
0.162244
0.161626
0.161015
0.160411
0.159814
0.159226
0.158647
0.158077
0.157517
0.156967
0.156427
0.155899
0.155382
0.154877
0.154385
0.153904
0.153437
0.152983
0.152542
0.152115
0.151702
0.151301
0.150914
0.15054
0.150178
0.149827
0.149485
0.149151
0.148822
0.148496
0.148169
0.147837
0.147497
0.147145
0.146776
0.146386
0.14597
0.145525
0.145048
0.144535
0.143984
0.143396
0.14277
0.142108
0.141412
0.140687
0.139939
0.139172
0.138396
0.137617
0.136843
0.136081
0.135336
0.134612
0.133911
0.133229
0.132565
0.131914
0.131274
0.130647
0.130041
0.129466
0.128943
0.128491
0.128132
0.127885
0.127764
0.127775
0.127917
0.128182
0.128557
0.129024
0.129563
0.130152
0.130774
0.131408
0.132043
0.132663
0.133273
0.13386
0.134405
0.135278
0.174142
0.173515
0.172886
0.172253
0.171617
0.170979
0.170338
0.169696
0.169051
0.168406
0.167759
0.167114
0.166468
0.165824
0.165182
0.164542
0.163905
0.163272
0.162642
0.162016
0.161396
0.160781
0.160171
0.159568
0.158973
0.158385
0.157805
0.157234
0.156673
0.156122
0.155582
0.155053
0.154536
0.154032
0.153541
0.153064
0.152601
0.152151
0.151716
0.151295
0.150887
0.150492
0.150109
0.149737
0.149373
0.149017
0.148665
0.148314
0.147961
0.147603
0.147235
0.146855
0.146456
0.146036
0.14559
0.145114
0.144605
0.144061
0.143478
0.142856
0.142195
0.141495
0.140758
0.139988
0.139188
0.138364
0.137522
0.136668
0.135811
0.134958
0.134117
0.133295
0.132498
0.13173
0.130997
0.130301
0.129646
0.129037
0.128481
0.127985
0.127561
0.12722
0.126973
0.126831
0.126797
0.126875
0.127061
0.127347
0.12772
0.128167
0.128671
0.129212
0.129775
0.130342
0.130904
0.131445
0.131971
0.132464
0.13292
0.133619
0.174288
0.173673
0.173055
0.172434
0.171811
0.171185
0.170557
0.169926
0.169294
0.16866
0.168025
0.16739
0.166755
0.16612
0.165486
0.164854
0.164223
0.163595
0.162969
0.162346
0.161727
0.161112
0.160502
0.159897
0.159298
0.158705
0.15812
0.157542
0.156973
0.156413
0.155862
0.155322
0.154793
0.154276
0.15377
0.153278
0.152798
0.152332
0.151879
0.151439
0.151012
0.150596
0.150191
0.149796
0.149409
0.149028
0.14865
0.148273
0.147893
0.147508
0.147112
0.146704
0.146278
0.145831
0.145359
0.144859
0.144326
0.143759
0.143155
0.142513
0.141831
0.141112
0.140356
0.139565
0.138743
0.137895
0.137025
0.136141
0.135249
0.134357
0.133473
0.132605
0.131762
0.130951
0.13018
0.129455
0.128783
0.128171
0.127626
0.127154
0.126764
0.126462
0.126253
0.126144
0.126134
0.126223
0.126406
0.126676
0.12702
0.127426
0.127879
0.128362
0.12886
0.129358
0.129846
0.13031
0.130753
0.131158
0.131532
0.13207
0.174359
0.173752
0.173142
0.17253
0.171915
0.171298
0.170679
0.170058
0.169435
0.16881
0.168185
0.167559
0.166933
0.166307
0.165681
0.165056
0.164433
0.163811
0.163191
0.162574
0.16196
0.161349
0.160742
0.160139
0.159541
0.158949
0.158363
0.157784
0.157212
0.156648
0.156093
0.155547
0.15501
0.154485
0.15397
0.153467
0.152975
0.152496
0.152028
0.151573
0.151128
0.150694
0.15027
0.149854
0.149446
0.149042
0.148641
0.14824
0.147837
0.147427
0.147008
0.146576
0.146128
0.145659
0.145167
0.144647
0.144097
0.143514
0.142897
0.142243
0.141551
0.140823
0.14006
0.139263
0.138435
0.13758
0.136704
0.135812
0.134911
0.134007
0.133109
0.132226
0.131365
0.130536
0.129748
0.129007
0.128324
0.127704
0.127155
0.126684
0.126296
0.125996
0.125789
0.125675
0.125654
0.125724
0.12588
0.126112
0.126411
0.126764
0.127158
0.127578
0.12801
0.128438
0.128854
0.129242
0.129608
0.12993
0.130227
0.130618
0.174389
0.173785
0.17318
0.172572
0.171962
0.17135
0.170737
0.170122
0.169505
0.168887
0.168268
0.167648
0.167028
0.166408
0.165788
0.165169
0.164552
0.163935
0.16332
0.162708
0.162097
0.16149
0.160886
0.160286
0.15969
0.159099
0.158514
0.157934
0.157361
0.156795
0.156237
0.155687
0.155146
0.154614
0.154092
0.153581
0.15308
0.15259
0.15211
0.151641
0.151183
0.150733
0.150293
0.14986
0.149433
0.14901
0.14859
0.148169
0.147745
0.147316
0.146877
0.146426
0.14596
0.145474
0.144967
0.144433
0.143871
0.143278
0.142652
0.141992
0.141297
0.140567
0.139803
0.139007
0.138182
0.137331
0.136459
0.13557
0.134672
0.133771
0.132875
0.131991
0.131129
0.130297
0.129503
0.128757
0.128066
0.127439
0.126882
0.126402
0.126004
0.125691
0.125466
0.12533
0.125282
0.125317
0.125431
0.125616
0.125861
0.126157
0.126489
0.126844
0.127209
0.127568
0.127915
0.128232
0.128526
0.12877
0.128998
0.129255
0.174397
0.173795
0.173192
0.172586
0.171978
0.171369
0.170758
0.170146
0.169532
0.168917
0.168302
0.167685
0.167069
0.166452
0.165836
0.16522
0.164605
0.163992
0.163379
0.162769
0.162161
0.161556
0.160954
0.160355
0.15976
0.159169
0.158583
0.158003
0.157429
0.156861
0.1563
0.155746
0.155201
0.154664
0.154136
0.153617
0.153108
0.152609
0.152119
0.151639
0.151168
0.150706
0.150251
0.149804
0.149362
0.148923
0.148486
0.148049
0.147609
0.147164
0.146709
0.146244
0.145763
0.145265
0.144745
0.144202
0.143632
0.143033
0.142403
0.14174
0.141045
0.140317
0.139557
0.138766
0.137948
0.137105
0.136242
0.135363
0.134475
0.133584
0.132696
0.13182
0.130964
0.130136
0.129345
0.128599
0.127905
0.127273
0.126707
0.126215
0.125801
0.125468
0.125218
0.125052
0.124968
0.124961
0.125028
0.125161
0.12535
0.125585
0.125855
0.126146
0.126445
0.126739
0.12702
0.127271
0.127497
0.127671
0.127834
0.127971
0.174397
0.173795
0.173192
0.172587
0.17198
0.171371
0.170761
0.17015
0.169537
0.168923
0.168309
0.167694
0.167078
0.166463
0.165847
0.165232
0.164618
0.164005
0.163394
0.162784
0.162176
0.161571
0.160968
0.160369
0.159773
0.159181
0.158594
0.158012
0.157435
0.156864
0.1563
0.155742
0.155192
0.15465
0.154116
0.15359
0.153074
0.152566
0.152068
0.151578
0.151096
0.150623
0.150156
0.149696
0.149241
0.148789
0.148339
0.147888
0.147435
0.146976
0.146509
0.146032
0.14554
0.145032
0.144504
0.143954
0.143378
0.142775
0.142143
0.141481
0.140788
0.140064
0.13931
0.138527
0.137719
0.136886
0.136035
0.135169
0.134293
0.133414
0.132539
0.131675
0.130828
0.130009
0.129223
0.128479
0.127786
0.127149
0.126576
0.126071
0.12564
0.125285
0.125007
0.124807
0.124684
0.124633
0.12465
0.124729
0.124861
0.125037
0.125245
0.125473
0.12571
0.125941
0.12616
0.126349
0.126513
0.126623
0.126729
0.126759
0.174393
0.173791
0.173188
0.172582
0.171975
0.171366
0.170756
0.170144
0.169531
0.168917
0.168303
0.167687
0.167071
0.166455
0.165839
0.165224
0.164609
0.163995
0.163383
0.162771
0.162162
0.161555
0.160951
0.16035
0.159752
0.159157
0.158567
0.157982
0.157402
0.156827
0.156258
0.155696
0.155141
0.154593
0.154053
0.15352
0.152996
0.152481
0.151974
0.151475
0.150984
0.1505
0.150023
0.149552
0.149085
0.148622
0.14816
0.147698
0.147233
0.146764
0.146286
0.145799
0.145299
0.144783
0.144248
0.143693
0.143114
0.142509
0.141877
0.141217
0.140527
0.139809
0.139062
0.138288
0.137489
0.136669
0.13583
0.134977
0.134116
0.133251
0.132389
0.131537
0.130702
0.129892
0.129113
0.128374
0.127681
0.127042
0.126461
0.125944
0.125495
0.125116
0.12481
0.124576
0.124413
0.124317
0.124284
0.124309
0.124385
0.124501
0.124649
0.124817
0.124994
0.125167
0.125328
0.12546
0.125569
0.125621
0.125676
0.125611
0.174388
0.173786
0.173182
0.172575
0.171968
0.171358
0.170747
0.170135
0.169521
0.168906
0.168291
0.167674
0.167057
0.16644
0.165823
0.165206
0.164589
0.163973
0.163359
0.162745
0.162134
0.161524
0.160917
0.160312
0.159711
0.159113
0.15852
0.15793
0.157345
0.156766
0.156192
0.155625
0.155064
0.15451
0.153963
0.153424
0.152893
0.152369
0.151854
0.151346
0.150846
0.150353
0.149866
0.149385
0.148908
0.148435
0.147963
0.14749
0.147016
0.146536
0.14605
0.145555
0.145047
0.144525
0.143985
0.143426
0.142844
0.142239
0.141608
0.14095
0.140265
0.139552
0.138813
0.138048
0.13726
0.136452
0.135626
0.134787
0.133939
0.133088
0.13224
0.131401
0.130578
0.129777
0.129006
0.128271
0.12758
0.126937
0.126348
0.125819
0.125352
0.124951
0.124616
0.124347
0.124143
0.124002
0.12392
0.123892
0.123912
0.123971
0.124061
0.124171
0.124292
0.12441
0.124518
0.124599
0.124658
0.124659
0.124669
0.124522
0.174383
0.17378
0.173175
0.172568
0.17196
0.17135
0.170738
0.170124
0.16951
0.168894
0.168277
0.167659
0.16704
0.166421
0.165802
0.165183
0.164565
0.163946
0.163329
0.162713
0.162099
0.161486
0.160875
0.160267
0.159662
0.15906
0.158462
0.157868
0.157279
0.156694
0.156115
0.155542
0.154975
0.154414
0.153861
0.153315
0.152776
0.152245
0.151721
0.151205
0.150696
0.150194
0.149698
0.149208
0.148721
0.148238
0.147757
0.147275
0.146791
0.146304
0.14581
0.145307
0.144793
0.144265
0.143721
0.143159
0.142575
0.14197
0.14134
0.140685
0.140005
0.139298
0.138567
0.137811
0.137034
0.136237
0.135423
0.134597
0.133763
0.132926
0.132091
0.131265
0.130452
0.129661
0.128897
0.128166
0.127474
0.126828
0.126232
0.12569
0.125205
0.124779
0.124415
0.124111
0.123868
0.123682
0.12355
0.12347
0.123435
0.123438
0.123472
0.123528
0.123596
0.123664
0.123724
0.123759
0.123775
0.123732
0.123704
0.123487
0.174378
0.173775
0.173169
0.172561
0.171952
0.171341
0.170728
0.170114
0.169498
0.168881
0.168262
0.167643
0.167023
0.166402
0.165781
0.16516
0.164539
0.163918
0.163298
0.162679
0.162062
0.161446
0.160831
0.16022
0.15961
0.159004
0.158401
0.157803
0.157208
0.156618
0.156034
0.155454
0.154881
0.154314
0.153754
0.153201
0.152655
0.152116
0.151584
0.15106
0.150543
0.150032
0.149527
0.149028
0.148532
0.14804
0.14755
0.147059
0.146567
0.146072
0.14557
0.145061
0.144541
0.144008
0.14346
0.142895
0.142311
0.141705
0.141077
0.140425
0.139749
0.139049
0.138324
0.137578
0.13681
0.136024
0.135223
0.134409
0.133588
0.132764
0.131941
0.131126
0.130324
0.129541
0.128782
0.128054
0.127362
0.126712
0.126106
0.12555
0.125046
0.124596
0.124202
0.123863
0.123578
0.123347
0.123167
0.123035
0.122946
0.122895
0.122876
0.122881
0.1229
0.122923
0.122941
0.122938
0.122916
0.122837
0.122778
0.122503
0.174373
0.173769
0.173163
0.172555
0.171945
0.171333
0.170719
0.170103
0.169486
0.168868
0.168248
0.167628
0.167006
0.166383
0.165761
0.165137
0.164514
0.163891
0.163268
0.162646
0.162025
0.161406
0.160788
0.160172
0.159559
0.158949
0.158341
0.157738
0.157138
0.156543
0.155953
0.155368
0.154788
0.154215
0.153648
0.153088
0.152534
0.151988
0.151449
0.150916
0.150391
0.149872
0.149358
0.14885
0.148346
0.147846
0.147347
0.146848
0.146348
0.145845
0.145337
0.144821
0.144296
0.143758
0.143207
0.142639
0.142054
0.141448
0.140821
0.140172
0.1395
0.138805
0.138088
0.13735
0.136591
0.135816
0.135025
0.134223
0.133414
0.132601
0.131789
0.130984
0.130191
0.129414
0.12866
0.127934
0.12724
0.126583
0.125967
0.125396
0.124871
0.124395
0.123969
0.123594
0.123268
0.122991
0.122762
0.122578
0.122437
0.122334
0.122266
0.122223
0.122199
0.122182
0.122165
0.122129
0.122079
0.121971
0.121888
0.121566
0.174368
0.173764
0.173157
0.172548
0.171937
0.171324
0.17071
0.170093
0.169475
0.168856
0.168235
0.167613
0.16699
0.166365
0.165741
0.165115
0.16449
0.163864
0.163239
0.162614
0.16199
0.161368
0.160746
0.160127
0.15951
0.158895
0.158283
0.157675
0.15707
0.15647
0.155874
0.155284
0.154698
0.154119
0.153545
0.152978
0.152418
0.151864
0.151317
0.150777
0.150244
0.149717
0.149195
0.148679
0.148167
0.147658
0.147151
0.146644
0.146137
0.145627
0.145112
0.14459
0.144059
0.143518
0.142963
0.142393
0.141806
0.1412
0.140574
0.139928
0.139259
0.13857
0.137859
0.137127
0.136377
0.135611
0.13483
0.134038
0.133239
0.132436
0.131634
0.130837
0.13005
0.129279
0.128527
0.1278
0.127102
0.126437
0.125808
0.125219
0.124672
0.124168
0.123709
0.123294
0.122926
0.122603
0.122324
0.12209
0.121899
0.121748
0.121633
0.121548
0.121487
0.121438
0.121392
0.121333
0.121261
0.121132
0.121031
0.120673
0.174364
0.173759
0.173151
0.172542
0.17193
0.171317
0.170701
0.170084
0.169465
0.168844
0.168222
0.167599
0.166974
0.166348
0.165722
0.165094
0.164467
0.163839
0.163211
0.162584
0.161957
0.161331
0.160707
0.160084
0.159463
0.158844
0.158228
0.157615
0.157006
0.156401
0.1558
0.155204
0.154613
0.154027
0.153447
0.152874
0.152307
0.151746
0.151192
0.150645
0.150104
0.149569
0.149039
0.148515
0.147995
0.147478
0.146963
0.14645
0.145935
0.145418
0.144896
0.144369
0.143833
0.143287
0.142729
0.142156
0.141568
0.140961
0.140336
0.139692
0.139027
0.138341
0.137635
0.13691
0.136167
0.135408
0.134636
0.133852
0.133061
0.132266
0.131471
0.13068
0.129898
0.129129
0.128377
0.127646
0.126941
0.126265
0.12562
0.125011
0.124438
0.123903
0.123408
0.122954
0.122541
0.122171
0.121844
0.12156
0.121321
0.121125
0.12097
0.12085
0.120759
0.120686
0.120621
0.120545
0.12046
0.120318
0.120206
0.119821
0.174359
0.173754
0.173146
0.172536
0.171924
0.171309
0.170693
0.170075
0.169455
0.168833
0.16821
0.167585
0.166959
0.166332
0.165704
0.165075
0.164445
0.163815
0.163185
0.162555
0.161926
0.161297
0.160669
0.160043
0.159419
0.158796
0.158176
0.157559
0.156945
0.156335
0.155729
0.155128
0.154532
0.15394
0.153355
0.152775
0.152202
0.151634
0.151073
0.150519
0.149971
0.149428
0.148891
0.14836
0.147832
0.147308
0.146786
0.146264
0.145743
0.145219
0.144691
0.144158
0.143617
0.143067
0.142505
0.141929
0.141339
0.140732
0.140107
0.139463
0.1388
0.138117
0.137415
0.136695
0.135957
0.135204
0.134438
0.13366
0.132875
0.132086
0.131295
0.130507
0.129726
0.128956
0.1282
0.127462
0.126746
0.126055
0.125391
0.124757
0.124155
0.123586
0.123053
0.122556
0.122098
0.121681
0.121306
0.120977
0.120694
0.12046
0.120271
0.120124
0.120013
0.119924
0.119849
0.119766
0.119675
0.119526
0.119409
0.119005
0.174355
0.173749
0.173141
0.17253
0.171917
0.171302
0.170685
0.170066
0.169445
0.168823
0.168198
0.167572
0.166945
0.166316
0.165687
0.165056
0.164424
0.163793
0.16316
0.162528
0.161896
0.161265
0.160634
0.160005
0.159377
0.158751
0.158127
0.157506
0.156889
0.156274
0.155664
0.155057
0.154456
0.153859
0.153268
0.152682
0.152103
0.151529
0.150962
0.1504
0.149845
0.149296
0.148752
0.148213
0.147678
0.147146
0.146617
0.146089
0.14556
0.14503
0.144496
0.143957
0.143411
0.142855
0.142289
0.141711
0.141117
0.140508
0.139882
0.139238
0.138576
0.137894
0.137194
0.136476
0.135742
0.134992
0.134229
0.133454
0.132672
0.131884
0.131094
0.130306
0.129522
0.128746
0.127982
0.127232
0.126501
0.12579
0.125102
0.12444
0.123804
0.123198
0.122624
0.122084
0.12158
0.121117
0.120698
0.120327
0.120008
0.119743
0.11953
0.119367
0.119245
0.119151
0.119075
0.118992
0.118902
0.118751
0.118634
0.118216
0.174351
0.173745
0.173136
0.172525
0.171911
0.171296
0.170678
0.170058
0.169436
0.168813
0.168187
0.16756
0.166932
0.166302
0.165671
0.165038
0.164405
0.163771
0.163137
0.162503
0.161869
0.161235
0.160601
0.159969
0.159338
0.158709
0.158082
0.157457
0.156835
0.156217
0.155602
0.154991
0.154385
0.153783
0.153186
0.152595
0.15201
0.15143
0.150857
0.150289
0.149727
0.149171
0.14862
0.148074
0.147532
0.146993
0.146457
0.145922
0.145386
0.144849
0.144309
0.143763
0.143211
0.14265
0.142079
0.141496
0.140899
0.140286
0.139658
0.139011
0.138347
0.137664
0.136963
0.136245
0.13551
0.13476
0.133996
0.133221
0.132437
0.131646
0.130852
0.130057
0.129266
0.128479
0.127701
0.126935
0.126183
0.125447
0.12473
0.124035
0.123363
0.122717
0.1221
0.121515
0.120968
0.120462
0.120005
0.1196
0.119254
0.118969
0.118745
0.118576
0.118455
0.118365
0.118295
0.118219
0.118134
0.117986
0.11787
0.117442
0.174347
0.173741
0.173131
0.17252
0.171906
0.171289
0.170671
0.170051
0.169428
0.168803
0.168177
0.167549
0.166919
0.166288
0.165656
0.165022
0.164387
0.163752
0.163116
0.162479
0.161843
0.161207
0.160571
0.159936
0.159302
0.15867
0.15804
0.157412
0.156786
0.156164
0.155544
0.154929
0.154318
0.153712
0.15311
0.152514
0.151923
0.151337
0.150758
0.150184
0.149616
0.149053
0.148495
0.147942
0.147393
0.146847
0.146303
0.14576
0.145217
0.144672
0.144125
0.143572
0.143013
0.142445
0.141867
0.141277
0.140674
0.140056
0.139421
0.13877
0.1381
0.137413
0.136707
0.135984
0.135244
0.134488
0.133719
0.132937
0.132146
0.131347
0.130543
0.129737
0.12893
0.128127
0.12733
0.12654
0.125761
0.124996
0.124245
0.123512
0.122801
0.122113
0.121454
0.120828
0.120242
0.119701
0.119215
0.118788
0.118428
0.118136
0.117913
0.117751
0.11764
0.117563
0.117504
0.117439
0.117363
0.11722
0.117108
0.116675
0.174344
0.173737
0.173127
0.172515
0.171901
0.171284
0.170665
0.170044
0.16942
0.168795
0.168168
0.167539
0.166908
0.166276
0.165642
0.165007
0.164371
0.163734
0.163096
0.162458
0.161819
0.161181
0.160543
0.159906
0.159269
0.158634
0.158
0.157369
0.15674
0.156114
0.155491
0.154871
0.154256
0.153645
0.153038
0.152437
0.15184
0.151249
0.150663
0.150083
0.149508
0.148938
0.148373
0.147812
0.147255
0.146701
0.146149
0.145597
0.145045
0.144492
0.143935
0.143373
0.142804
0.142227
0.141639
0.14104
0.140426
0.139798
0.139154
0.138493
0.137813
0.137115
0.136399
0.135666
0.134915
0.134148
0.133366
0.132572
0.131766
0.130952
0.130131
0.129306
0.128479
0.127652
0.126828
0.12601
0.125199
0.124398
0.12361
0.122839
0.122087
0.121359
0.120662
0.120002
0.119385
0.118822
0.11832
0.117886
0.117527
0.117245
0.117036
0.116892
0.116801
0.116743
0.116703
0.116652
0.11659
0.116457
0.116354
0.115927
0.174341
0.173734
0.173123
0.172511
0.171896
0.171279
0.170659
0.170037
0.169413
0.168787
0.168159
0.167529
0.166898
0.166264
0.165629
0.164993
0.164356
0.163717
0.163078
0.162438
0.161797
0.161157
0.160517
0.159877
0.159238
0.1586
0.157963
0.157329
0.156696
0.156066
0.155439
0.154816
0.154196
0.15358
0.152968
0.152361
0.151758
0.151161
0.150568
0.149981
0.149398
0.14882
0.148246
0.147677
0.14711
0.146546
0.145983
0.14542
0.144857
0.144291
0.143721
0.143146
0.142563
0.141972
0.14137
0.140756
0.140128
0.139484
0.138824
0.138146
0.137449
0.136735
0.136001
0.135249
0.13448
0.133694
0.132892
0.132077
0.13125
0.130413
0.129567
0.128716
0.127861
0.127004
0.126148
0.125295
0.124449
0.123611
0.122785
0.121975
0.121187
0.120426
0.1197
0.119017
0.118386
0.117817
0.117318
0.116897
0.116559
0.116303
0.116126
0.116015
0.115957
0.115932
0.115922
0.115901
0.115865
0.115757
0.115677
0.115278
0.174339
0.173731
0.17312
0.172508
0.171892
0.171274
0.170654
0.170032
0.169407
0.168781
0.168152
0.167521
0.166888
0.166254
0.165618
0.16498
0.164341
0.163701
0.16306
0.162419
0.161776
0.161134
0.160491
0.159849
0.159207
0.158566
0.157926
0.157288
0.156651
0.156017
0.155386
0.154757
0.154132
0.15351
0.152892
0.152278
0.151668
0.151062
0.150461
0.149864
0.149272
0.148683
0.148098
0.147516
0.146936
0.146358
0.14578
0.145202
0.144622
0.144038
0.14345
0.142856
0.142254
0.141641
0.141018
0.140381
0.13973
0.139062
0.138378
0.137675
0.136954
0.136213
0.135453
0.134674
0.133877
0.133064
0.132234
0.131389
0.130532
0.129665
0.128788
0.127904
0.127015
0.126124
0.125232
0.124343
0.12346
0.122586
0.121725
0.120885
0.12007
0.119289
0.118551
0.117866
0.117244
0.116695
0.116228
0.115849
0.115562
0.115365
0.115251
0.115207
0.115218
0.115261
0.115319
0.115364
0.115392
0.115344
0.115318
0.114993
0.174337
0.173729
0.173118
0.172505
0.171889
0.171271
0.17065
0.170027
0.169401
0.168774
0.168144
0.167512
0.166879
0.166243
0.165606
0.164967
0.164326
0.163684
0.163041
0.162397
0.161752
0.161107
0.160461
0.159815
0.15917
0.158525
0.15788
0.157237
0.156595
0.155955
0.155317
0.154682
0.154049
0.153418
0.152791
0.152167
0.151547
0.15093
0.150316
0.149706
0.149099
0.148494
0.147892
0.147292
0.146693
0.146094
0.145494
0.144893
0.144288
0.143679
0.143064
0.142442
0.14181
0.141168
0.140513
0.139844
0.139159
0.138458
0.137739
0.137002
0.136245
0.135468
0.134672
0.133857
0.133024
0.132174
0.131308
0.130427
0.129533
0.128629
0.127715
0.126794
0.125869
0.124941
0.124014
0.123091
0.122175
0.121273
0.12039
0.119534
0.118713
0.117938
0.11722
0.11657
0.116
0.115522
0.115143
0.114871
0.114707
0.114648
0.114686
0.114805
0.114986
0.115201
0.115429
0.115635
0.115812
0.1159
0.115985
0.115797
0.174336
0.173727
0.173116
0.172502
0.171885
0.171266
0.170644
0.17002
0.169394
0.168765
0.168134
0.1675
0.166864
0.166227
0.165587
0.164945
0.164302
0.163657
0.16301
0.162362
0.161713
0.161063
0.160412
0.159761
0.159109
0.158457
0.157805
0.157154
0.156503
0.155853
0.155205
0.154558
0.153912
0.153269
0.152627
0.151987
0.15135
0.150714
0.150081
0.149449
0.14882
0.148191
0.147563
0.146935
0.146307
0.145678
0.145046
0.14441
0.14377
0.143124
0.14247
0.141807
0.141135
0.14045
0.139752
0.139039
0.138309
0.137563
0.136799
0.136015
0.135213
0.134391
0.13355
0.132691
0.131813
0.13092
0.130011
0.129088
0.128153
0.127209
0.126256
0.125298
0.124337
0.123377
0.122421
0.121474
0.120542
0.119632
0.118755
0.11792
0.11714
0.116431
0.115806
0.115282
0.114876
0.1146
0.114469
0.114491
0.114668
0.114995
0.115455
0.116021
0.116657
0.117319
0.117963
0.11854
0.119032
0.11937
0.119635
0.11961
0.174332
0.173722
0.173109
0.172493
0.171875
0.171254
0.17063
0.170003
0.169373
0.168741
0.168107
0.167469
0.166829
0.166187
0.165542
0.164895
0.164245
0.163593
0.162939
0.162283
0.161626
0.160966
0.160305
0.159643
0.158979
0.158314
0.157649
0.156983
0.156316
0.155649
0.154982
0.154315
0.153648
0.152982
0.152316
0.15165
0.150985
0.15032
0.149656
0.148991
0.148326
0.14766
0.146994
0.146325
0.145654
0.14498
0.144301
0.143618
0.142928
0.14223
0.141524
0.140808
0.14008
0.13934
0.138586
0.137817
0.137032
0.13623
0.135411
0.134573
0.133717
0.132842
0.131949
0.131039
0.130112
0.12917
0.128215
0.127248
0.126272
0.125288
0.124301
0.123313
0.122328
0.121353
0.120393
0.119458
0.118558
0.117707
0.116921
0.11622
0.115627
0.115169
0.114874
0.114773
0.114898
0.115281
0.115946
0.116907
0.118157
0.119666
0.121374
0.123196
0.12503
0.126768
0.128316
0.129589
0.130557
0.131154
0.131504
0.131289
0.174311
0.173697
0.173079
0.172459
0.171835
0.171208
0.170577
0.169944
0.169307
0.168666
0.168023
0.167376
0.166726
0.166073
0.165416
0.164756
0.164093
0.163427
0.162758
0.162086
0.16141
0.160732
0.160052
0.159368
0.158682
0.157994
0.157303
0.156611
0.155916
0.155219
0.154521
0.15382
0.153119
0.152415
0.15171
0.151004
0.150296
0.149586
0.148874
0.148161
0.147444
0.146725
0.146003
0.145277
0.144547
0.143812
0.143071
0.142323
0.141568
0.140805
0.140032
0.139249
0.138454
0.137648
0.136827
0.135993
0.135143
0.134277
0.133395
0.132495
0.131579
0.130646
0.129696
0.128732
0.127754
0.126764
0.125766
0.124761
0.123756
0.122753
0.121761
0.120786
0.11984
0.118934
0.118085
0.117316
0.116651
0.116126
0.11578
0.115665
0.115841
0.116378
0.117354
0.118851
0.120942
0.123682
0.127085
0.131108
0.135637
0.140483
0.1454
0.150115
0.154367
0.157934
0.160667
0.162482
0.163413
0.163442
0.163011
0.160844
0.174219
0.173593
0.172963
0.17233
0.171692
0.17105
0.170404
0.169754
0.169099
0.16844
0.167777
0.16711
0.166437
0.165761
0.16508
0.164395
0.163705
0.163011
0.162312
0.161609
0.160901
0.160189
0.159473
0.158753
0.158028
0.157299
0.156567
0.15583
0.155089
0.154344
0.153596
0.152844
0.152088
0.151329
0.150566
0.149799
0.149028
0.148254
0.147476
0.146693
0.145907
0.145116
0.14432
0.143519
0.142713
0.1419
0.141082
0.140257
0.139424
0.138584
0.137735
0.136876
0.136007
0.135127
0.134236
0.133332
0.132415
0.131484
0.13054
0.129582
0.128612
0.12763
0.126639
0.125643
0.124646
0.123655
0.122677
0.121724
0.120808
0.119946
0.11916
0.118476
0.117929
0.117563
0.117434
0.117614
0.118194
0.119282
0.121009
0.123522
0.12698
0.131538
0.137326
0.144421
0.152812
0.162373
0.172838
0.183803
0.19475
0.205114
0.214356
0.222036
0.227856
0.231674
0.2335
0.233453
0.231838
0.228622
0.225004
0.216978
0.173919
0.173267
0.17261
0.171948
0.171281
0.170608
0.169929
0.169245
0.168556
0.16786
0.167159
0.166453
0.16574
0.165022
0.164297
0.163567
0.16283
0.162088
0.161339
0.160585
0.159824
0.159057
0.158284
0.157505
0.15672
0.155929
0.155132
0.154329
0.15352
0.152705
0.151885
0.151059
0.150228
0.149392
0.14855
0.147703
0.146852
0.145995
0.145134
0.144268
0.143398
0.142524
0.141645
0.140763
0.139877
0.138987
0.138094
0.137196
0.136295
0.135391
0.134482
0.13357
0.132655
0.131736
0.130815
0.129893
0.128972
0.128055
0.127145
0.126249
0.125375
0.124533
0.123737
0.123006
0.122362
0.121835
0.12146
0.121283
0.121359
0.121756
0.12256
0.123871
0.125816
0.128543
0.132227
0.137066
0.143271
0.151055
0.160603
0.172042
0.1854
0.200566
0.217268
0.235057
0.253336
0.271396
0.288478
0.303837
0.316832
0.327002
0.334109
0.338133
0.339236
0.337683
0.333855
0.328032
0.320657
0.311593
0.302985
0.287033
0.173194
0.172496
0.171792
0.171082
0.170364
0.16964
0.168908
0.16817
0.167424
0.166671
0.165911
0.165144
0.164369
0.163586
0.162796
0.161999
0.161194
0.160381
0.159561
0.158734
0.157899
0.157057
0.156208
0.155352
0.154489
0.15362
0.152745
0.151864
0.150978
0.150087
0.149192
0.148293
0.147392
0.146489
0.145585
0.144681
0.143779
0.142879
0.141983
0.141093
0.14021
0.139337
0.138475
0.137627
0.136796
0.135984
0.135195
0.134433
0.133702
0.133009
0.132359
0.131761
0.131224
0.130759
0.130382
0.130109
0.129961
0.129966
0.130155
0.130565
0.131243
0.132242
0.133628
0.135476
0.137872
0.140917
0.144725
0.149426
0.155166
0.162103
0.170412
0.18027
0.191852
0.20531
0.220747
0.238183
0.257525
0.278527
0.300777
0.323696
0.346568
0.368601
0.389007
0.407089
0.422316
0.434354
0.443061
0.448435
0.4506
0.449786
0.446317
0.440557
0.432884
0.423615
0.413055
0.401335
0.388953
0.375364
0.363293
0.342113
0.172614
0.171893
0.171165
0.170431
0.16969
0.168943
0.16819
0.167432
0.166667
0.165897
0.165123
0.164344
0.16356
0.162774
0.161985
0.161194
0.160401
0.159609
0.158818
0.158029
0.157244
0.156464
0.155691
0.154927
0.154174
0.153435
0.152711
0.152007
0.151326
0.15067
0.150045
0.149453
0.148902
0.148395
0.147939
0.14754
0.147206
0.146945
0.146766
0.14668
0.146697
0.14683
0.147093
0.147502
0.148073
0.148827
0.149785
0.150972
0.152414
0.154143
0.156194
0.158605
0.161422
0.164693
0.168476
0.172833
0.177835
0.183562
0.190098
0.197538
0.205981
0.215529
0.226288
0.238356
0.251824
0.266764
0.283226
0.301222
0.320719
0.341627
0.363779
0.386922
0.410696
0.434628
0.458136
0.480547
0.501152
0.519267
0.53432
0.545922
0.553906
0.558341
0.559489
0.557742
0.553549
0.547346
0.539498
0.530259
0.519803
0.508295
0.495937
0.482967
0.469571
0.455811
0.441829
0.427545
0.413382
0.398457
0.385722
0.363642
0.19127
0.191398
0.191548
0.191721
0.191918
0.192141
0.192391
0.192669
0.192978
0.193318
0.193693
0.194105
0.194555
0.195048
0.195584
0.196168
0.196803
0.197492
0.198239
0.199049
0.199926
0.200875
0.2019
0.203007
0.204203
0.205494
0.206886
0.208386
0.210004
0.211747
0.213625
0.215649
0.217828
0.220176
0.222704
0.225429
0.228365
0.23153
0.234943
0.238625
0.2426
0.246891
0.251529
0.256544
0.261969
0.267844
0.274209
0.281109
0.288594
0.296719
0.30554
0.315121
0.325527
0.336827
0.349092
0.362394
0.3768
0.392373
0.409166
0.427212
0.446519
0.467059
0.488754
0.511462
0.534959
0.558929
0.582948
0.606481
0.628893
0.649471
0.667468
0.682168
0.692964
0.699432
0.701399
0.698965
0.69249
0.682536
0.669774
0.6549
0.638555
0.621283
0.603515
0.58558
0.567729
0.550168
0.53307
0.516562
0.500672
0.485366
0.470543
0.45604
0.441836
0.427934
0.414451
0.401185
0.388534
0.375412
0.364714
0.345848
0.433941
0.437857
0.441649
0.44531
0.448834
0.452217
0.455454
0.458539
0.461467
0.464235
0.466837
0.469269
0.471526
0.473603
0.475496
0.4772
0.478711
0.480024
0.481134
0.482036
0.482724
0.483195
0.483442
0.483461
0.483244
0.482788
0.482085
0.48113
0.479916
0.478437
0.476687
0.474659
0.472347
0.469746
0.466848
0.46365
0.460145
0.45633
0.452201
0.447757
0.442997
0.437921
0.432532
0.426836
0.420839
0.414551
0.407985
0.401159
0.394091
0.386805
0.379331
0.3717
0.36395
0.356124
0.348271
0.340446
0.332713
0.325143
0.317821
0.310841
0.304315
0.298371
0.293152
0.288819
0.285545
0.283497
0.282828
0.283638
0.285949
0.289663
0.294539
0.300192
0.306114
0.311746
0.316546
0.320079
0.322066
0.322407
0.32117
0.31855
0.314816
0.310268
0.305186
0.299806
0.294309
0.288828
0.283476
0.278377
0.273656
0.269305
0.265235
0.261364
0.257669
0.254157
0.250855
0.247733
0.244837
0.241975
0.239714
0.235738
0.04392
0.043202
0.0435518
0.0421758
0.0394399
0.035615
0.0338519
0.0481873
0.079578
0.113168
0.145996
0.17772
0.208199
0.237356
0.265167
0.291646
0.316843
0.340848
0.363784
0.3858
0.407058
0.427721
0.447938
0.467837
0.487521
0.507062
0.526503
0.545856
0.565108
0.584226
0.603169
0.621885
0.640328
0.658472
0.676331
0.693957
0.711244
0.727995
0.744175
0.759714
0.774527
0.788527
0.801622
0.813717
0.824721
0.834541
0.84309
0.850286
0.856054
0.860327
0.863048
0.864176
0.863682
0.861554
0.857798
0.852439
0.845521
0.837107
0.827279
0.81614
0.803813
0.790515
0.776922
0.765827
0.757251
0.748564
0.739272
0.729362
0.718906
0.707984
0.696662
0.684999
0.673037
0.660805
0.648317
0.635576
0.622575
0.609294
0.595707
0.581784
0.567493
0.552801
0.537684
0.522129
0.506141
0.48975
0.47302
0.456055
0.438997
0.42203
0.405368
0.389238
0.373865
0.359453
0.346152
0.334088
0.323297
0.313668
0.306025
0.295295
0.0639885
0.0827818
0.0915185
0.0925586
0.0946763
0.107791
0.13487
0.17215
0.213939
0.257137
0.301651
0.347577
0.394872
0.443311
0.492496
0.54192
0.591058
0.639464
0.686833
0.733032
0.778077
0.822106
0.865331
0.90799
0.950318
0.992516
1.03474
1.07709
1.11961
1.16227
1.20503
1.24776
1.29028
1.33239
1.37381
1.41431
1.45402
1.49312
1.53151
1.56904
1.60554
1.64082
1.67468
1.70692
1.73733
1.7657
1.79182
1.81549
1.83651
1.8547
1.86989
1.88194
1.89073
1.89617
1.89821
1.89683
1.89205
1.88394
1.87261
1.85819
1.84087
1.82087
1.7985
1.77427
1.74845
1.72103
1.69204
1.66163
1.62991
1.59702
1.56304
1.52803
1.49202
1.45501
1.41696
1.37785
1.3376
1.29615
1.25343
1.2094
1.16401
1.11725
1.06915
1.01976
0.969216
0.917714
0.86553
0.813027
0.760663
0.70897
0.658543
0.609979
0.563873
0.520686
0.480858
0.444491
0.411947
0.382356
0.358746
0.325477
0.0674983
0.127056
0.142739
0.15
0.16256
0.187973
0.225498
0.269823
0.317673
0.368594
0.422625
0.479469
0.538563
0.599179
0.660511
0.721776
0.782304
0.841608
0.899414
0.955648
1.0104
1.06389
1.11637
1.16814
1.21947
1.27058
1.32168
1.37287
1.42423
1.47579
1.52752
1.57939
1.63132
1.68319
1.7349
1.78634
1.83727
1.88751
1.93685
1.98504
2.03183
2.07696
2.12015
2.16114
2.19968
2.23548
2.26831
2.29791
2.32405
2.34652
2.36513
2.37973
2.39018
2.3964
2.39834
2.396
2.38943
2.37871
2.36398
2.34541
2.32321
2.29764
2.26898
2.23757
2.20371
2.1676
2.1294
2.08929
2.04741
2.0039
1.95886
1.91233
1.86434
1.81488
1.76391
1.71136
1.65715
1.60122
1.54347
1.48385
1.42234
1.35895
1.29375
1.22688
1.1586
1.08924
1.01926
0.949249
0.879926
0.812092
0.746614
0.684332
0.62603
0.572286
0.523558
0.479896
0.441506
0.40737
0.380188
0.343781
0.0845176
0.165829
0.190197
0.204232
0.222464
0.251296
0.290315
0.336185
0.386793
0.441353
0.499288
0.559943
0.622647
0.686752
0.751644
0.816758
0.88161
0.945826
1.00917
1.07155
1.13299
1.19362
1.25364
1.31328
1.37275
1.43226
1.49197
1.55201
1.61243
1.67325
1.73443
1.79591
1.85756
1.9192
1.98067
2.0417
2.10201
2.16133
2.21937
2.27583
2.33039
2.38273
2.43253
2.47948
2.52325
2.56356
2.60011
2.63265
2.66094
2.68476
2.70396
2.71839
2.72796
2.73262
2.73237
2.72726
2.7174
2.70292
2.68401
2.66089
2.63382
2.60306
2.5689
2.53165
2.49159
2.44896
2.40398
2.35681
2.3076
2.25646
2.20347
2.14867
2.09204
2.03355
1.97313
1.91069
1.84614
1.77937
1.7103
1.63886
1.56505
1.4889
1.41054
1.33022
1.24829
1.16526
1.0818
0.998761
0.917135
0.838031
0.762604
0.691943
0.626989
0.568376
0.516479
0.471183
0.432375
0.398864
0.372556
0.338985
0.0945159
0.191962
0.224792
0.245148
0.267117
0.296849
0.335235
0.380518
0.430924
0.485263
0.542723
0.602732
0.664876
0.72882
0.79423
0.860747
0.928001
0.995643
1.06339
1.13106
1.19855
1.26588
1.33314
1.40044
1.46794
1.53578
1.60406
1.67285
1.74219
1.81203
1.88229
1.95283
2.02346
2.09395
2.16399
2.23324
2.30137
2.36804
2.43292
2.49562
2.55578
2.61302
2.66697
2.71727
2.76358
2.80558
2.84298
2.87552
2.903
2.92523
2.94209
2.95352
2.9595
2.96006
2.95529
2.94534
2.93039
2.91066
2.88642
2.85795
2.82555
2.7895
2.75011
2.70767
2.66243
2.61462
2.56442
2.51197
2.45739
2.40072
2.342
2.28121
2.21829
2.15317
2.08573
2.01586
1.94343
1.86831
1.79043
1.70971
1.62617
1.5399
1.4511
1.36011
1.26745
1.17381
1.0801
0.98746
0.897183
0.810701
0.729459
0.654762
0.587643
0.528688
0.478048
0.435296
0.399872
0.370332
0.347675
0.320044
0.101322
0.205164
0.244953
0.271124
0.296748
0.32756
0.365191
0.408887
0.457299
0.509335
0.56433
0.621962
0.682104
0.744683
0.809578
0.876575
0.945379
1.01566
1.08709
1.1594
1.2324
1.30597
1.38009
1.45474
1.52998
1.60584
1.68234
1.75946
1.83714
1.91529
1.99373
2.07225
2.15059
2.22842
2.30535
2.38099
2.45493
2.52677
2.59609
2.66248
2.72551
2.78477
2.83987
2.89041
2.93606
2.9765
3.01147
3.04074
3.06415
3.08161
3.09309
3.09861
3.09827
3.09222
3.08069
3.06392
3.04223
3.01594
2.9854
2.95097
2.91298
2.87176
2.8276
2.78075
2.73144
2.67983
2.62603
2.57012
2.51212
2.45201
2.38973
2.3252
2.25828
2.18884
2.11672
2.04175
1.96379
1.8827
1.79839
1.71081
1.62003
1.52619
1.4296
1.33074
1.23029
1.12917
1.02857
0.929912
0.834835
0.745072
0.662314
0.587993
0.523092
0.467969
0.42237
0.385405
0.355992
0.332435
0.314906
0.294471
0.104704
0.210242
0.254557
0.285414
0.314568
0.346937
0.384234
0.426296
0.472305
0.521547
0.57366
0.628597
0.68648
0.747448
0.811555
0.878715
0.948715
1.02125
1.09599
1.17259
1.25076
1.33026
1.41092
1.4926
1.57519
1.65859
1.74269
1.82737
1.91244
1.99771
2.08293
2.16778
2.25193
2.33495
2.41642
2.49586
2.57283
2.64685
2.71748
2.78427
2.84677
2.90455
2.95722
3.0044
3.04578
3.08107
3.11007
3.13263
3.14868
3.15823
3.16137
3.15826
3.14914
3.13431
3.11414
3.08903
3.05942
3.02574
2.98844
2.94794
2.90462
2.8588
2.81075
2.76069
2.70875
2.65501
2.59949
2.54215
2.48288
2.42157
2.35804
2.29211
2.22357
2.1522
2.07779
2.00014
1.91906
1.83442
1.74614
1.65421
1.55876
1.46003
1.35845
1.25467
1.14958
1.04437
0.94051
0.839754
0.744048
0.655388
0.575595
0.506045
0.447441
0.399663
0.361873
0.332645
0.310446
0.293454
0.28127
0.267777
0.105191
0.209142
0.256797
0.291495
0.323949
0.358276
0.395971
0.43715
0.481439
0.528531
0.5784
0.631269
0.687482
0.747364
0.811122
0.878794
0.950248
1.02522
1.10335
1.18424
1.26749
1.35274
1.43963
1.52785
1.61713
1.7072
1.79779
1.88863
1.97944
2.0699
2.15965
2.24832
2.33548
2.42066
2.5034
2.58321
2.65958
2.73204
2.80014
2.8634
2.92141
2.97375
3.02005
3.06
3.09333
3.11984
3.13941
3.15199
3.15763
3.15648
3.14878
3.13483
3.11506
3.08991
3.05992
3.02563
2.98762
2.94643
2.9026
2.85658
2.80879
2.75952
2.709
2.65736
2.60464
2.55079
2.49569
2.43916
2.38095
2.32082
2.25845
2.19356
2.12583
2.05497
1.98071
1.9028
1.82105
1.73533
1.64559
1.55189
1.45443
1.35358
1.24994
1.14436
1.03798
0.932278
0.829037
0.730331
0.638367
0.555274
0.482788
0.421938
0.372838
0.334674
0.305964
0.284867
0.269642
0.258577
0.251018
0.24326
0.104573
0.206367
0.255614
0.293104
0.328461
0.36507
0.40411
0.445742
0.489844
0.536411
0.585693
0.638139
0.694278
0.754583
0.819378
0.888786
0.962726
1.04093
1.12301
1.20847
1.29679
1.38741
1.47982
1.57353
1.66807
1.76301
1.85794
1.95245
2.04616
2.13864
2.22948
2.31825
2.4045
2.48776
2.56755
2.64339
2.71481
2.78134
2.84254
2.89799
2.9473
2.99011
3.02614
3.05513
3.0769
3.09135
3.09848
3.09838
3.09122
3.07731
3.05703
3.03089
2.99944
2.96332
2.92321
2.8798
2.83378
2.78579
2.73641
2.68614
2.63537
2.58436
2.53327
2.4821
2.43075
2.37904
2.32668
2.27333
2.21858
2.16202
2.10323
2.04177
1.97724
1.90927
1.83753
1.76175
1.68173
1.59736
1.50865
1.41574
1.31895
1.21881
1.11611
1.01194
0.907725
0.80525
0.706623
0.614174
0.530237
0.456827
0.395262
0.34587
0.307937
0.279927
0.259919
0.245973
0.236468
0.230012
0.22593
0.222379
0.102925
0.201553
0.252472
0.292673
0.331233
0.371097
0.413209
0.45766
0.504414
0.553598
0.605591
0.660937
0.720219
0.783938
0.852424
0.925783
1.00389
1.08643
1.1729
1.2627
1.35517
1.44963
1.5454
1.64187
1.73844
1.83459
1.92981
2.02362
2.11557
2.20523
2.29218
2.37601
2.45628
2.53256
2.60442
2.67142
2.73313
2.78914
2.83905
2.88251
2.91919
2.94882
2.97117
2.98611
2.99356
2.99353
2.98614
2.97162
2.9503
2.92264
2.88917
2.85056
2.80754
2.76088
2.71139
2.6599
2.60717
2.55391
2.50073
2.44812
2.39643
2.34584
2.29639
2.24797
2.20032
2.15308
2.10579
2.05793
2.00894
1.95824
1.90526
1.84947
1.79035
1.72747
1.66046
1.58902
1.51298
1.43226
1.34695
1.25731
1.1638
1.06714
0.968353
0.868799
0.770209
0.674672
0.584551
0.502287
0.430074
0.369445
0.320921
0.2839
0.256879
0.237896
0.224999
0.216497
0.211117
0.207853
0.20612
0.205375
0.101772
0.19825
0.25029
0.293843
0.33733
0.383474
0.433073
0.48596
0.54181
0.600424
0.661854
0.726333
0.794173
0.865657
0.940949
1.02005
1.10277
1.18874
1.27747
1.36837
1.4608
1.55408
1.64759
1.74072
1.8329
1.92359
2.01232
2.09867
2.18223
2.26261
2.33944
2.41234
2.48093
2.54485
2.6037
2.6571
2.70468
2.74609
2.78099
2.80908
2.83012
2.84392
2.85033
2.84932
2.84091
2.82526
2.80259
2.77328
2.73779
2.69672
2.65076
2.60071
2.54743
2.49182
2.43479
2.37724
2.31999
2.26377
2.20917
2.15664
2.10646
2.0587
2.01327
1.96992
1.92821
1.88763
1.84752
1.80721
1.76597
1.72308
1.67783
1.62959
1.57777
1.52187
1.46148
1.39633
1.32626
1.25128
1.17155
1.08748
0.999714
0.909186
0.817175
0.725328
0.635663
0.550503
0.472301
0.403326
0.345242
0.298726
0.263311
0.237589
0.219665
0.207626
0.199847
0.195066
0.192394
0.191161
0.190889
0.191867
0.100595
0.196204
0.252567
0.304917
0.362179
0.427056
0.499394
0.577105
0.65771
0.739143
0.820157
0.900292
0.979635
1.05856
1.1375
1.21685
1.29684
1.37751
1.45875
1.54038
1.62208
1.70343
1.784
1.86336
1.94115
2.01697
2.09045
2.16121
2.2289
2.29315
2.35361
2.40994
2.46177
2.50874
2.55052
2.58673
2.61706
2.64117
2.65879
2.66968
2.67363
2.67053
2.66034
2.6431
2.61894
2.58813
2.55101
2.50807
2.45992
2.40727
2.35092
2.29179
2.23082
2.16899
2.10728
2.0466
1.98777
1.9315
1.87832
1.8286
1.7825
1.73999
1.70083
1.66461
1.63077
1.59861
1.56735
1.53615
1.50414
1.47049
1.43438
1.39509
1.35198
1.30449
1.25223
1.19493
1.13249
1.06499
0.992749
0.916307
0.836513
0.754541
0.671927
0.590575
0.512704
0.44069
0.376781
0.322688
0.279201
0.246012
0.221884
0.205078
0.193816
0.18657
0.182168
0.179755
0.178752
0.178734
0.179308
0.181259
0.100159
0.205457
0.283742
0.374796
0.487729
0.617448
0.753068
0.883906
1.00304
1.10787
1.19894
1.27848
1.34917
1.41359
1.47386
1.53165
1.58817
1.64404
1.69966
1.7552
1.81068
1.86606
1.92115
1.97566
2.02927
2.0816
2.13227
2.18087
2.22699
2.27023
2.31018
2.34643
2.37859
2.40627
2.42911
2.44673
2.45882
2.46507
2.46523
2.45908
2.44649
2.4274
2.40183
2.36992
2.3319
2.28812
2.23904
2.18526
2.12748
2.0665
2.00323
1.93861
1.87365
1.80935
1.74667
1.68649
1.62958
1.57654
1.52782
1.48365
1.44409
1.40895
1.37788
1.35034
1.32566
1.30301
1.28152
1.26024
1.23821
1.21451
1.18826
1.15867
1.12506
1.08688
1.04372
0.995361
0.941771
0.883138
0.819906
0.7528
0.682868
0.611506
0.540464
0.471799
0.407737
0.350416
0.301519
0.261911
0.231461
0.209172
0.193552
0.183028
0.176228
0.172075
0.169793
0.168828
0.168812
0.169481
0.170508
0.172945
0.103603
0.291417
0.509772
0.767324
1.0293
1.26138
1.44581
1.58161
1.67541
1.73711
1.77682
1.80272
1.8207
1.83469
1.84726
1.85993
1.87358
1.88887
1.90609
1.92531
1.94642
1.96923
1.99344
2.01868
2.04453
2.07051
2.09613
2.12089
2.14427
2.16577
2.18488
2.20113
2.21403
2.22316
2.22808
2.22843
2.22387
2.21411
2.1989
2.17808
2.15157
2.11935
2.08152
2.03831
1.99002
1.93711
1.88013
1.81975
1.75676
1.692
1.62642
1.56097
1.49664
1.43437
1.37504
1.31942
1.26815
1.22168
1.18032
1.14413
1.11304
1.08676
1.06483
1.04665
1.03148
1.01847
1.00668
0.995158
0.982905
0.968966
0.952437
0.932504
0.908476
0.879805
0.846116
0.807234
0.763206
0.714329
0.661182
0.604655
0.545967
0.486674
0.428619
0.373814
0.324221
0.28143
0.24635
0.219039
0.198786
0.184413
0.174616
0.168213
0.164258
0.162041
0.16106
0.160958
0.161504
0.162537
0.163778
0.166402
0.0658384
0.732617
1.4028
1.86224
2.12329
2.24444
2.28049
2.2699
2.23714
2.19609
2.15374
2.11347
2.07681
2.04442
2.01649
1.99295
1.9736
1.95819
1.94647
1.93819
1.93305
1.93072
1.93084
1.933
1.93673
1.94155
1.94693
1.95232
1.95719
1.96099
1.96319
1.96326
1.9607
1.95506
1.9459
1.93285
1.91558
1.89383
1.86741
1.8362
1.80017
1.75939
1.71404
1.66442
1.61093
1.55409
1.49455
1.43302
1.37032
1.30731
1.2449
1.18399
1.12546
1.0701
1.01864
0.971633
0.929515
0.892544
0.860814
0.834259
0.812663
0.795671
0.782803
0.773459
0.766938
0.762446
0.759117
0.756032
0.752253
0.746854
0.738952
0.72775
0.71257
0.692886
0.668357
0.638857
0.604506
0.565695
0.523114
0.477766
0.430964
0.384292
0.3395
0.298318
0.262204
0.23208
0.208188
0.190126
0.17706
0.167992
0.161967
0.158181
0.156008
0.154988
0.154796
0.155199
0.156051
0.157255
0.158572
0.161208
)
;

boundaryField
{
    outlet
    {
        type            zeroGradient;
    }
    inlet
    {
        type            fixedValue;
        value           uniform 0.2;
    }
    lowerWall
    {
        type            kqRWallFunction;
        value           nonuniform List<scalar> 
148
(
0.196709
0.190616
0.184994
0.179724
0.174798
0.17025
0.166114
0.162407
0.159125
0.156249
0.153751
0.151602
0.149767
0.148216
0.146918
0.145846
0.144975
0.144281
0.143745
0.143347
0.143072
0.142905
0.142832
0.142843
0.142926
0.143073
0.143272
0.143539
0.143755
0.144447
0.143123
0.151412
0.114828
0.04392
0.0639885
0.0674983
0.0845176
0.0945159
0.101322
0.104704
0.105191
0.104573
0.102925
0.101772
0.100595
0.100159
0.103603
0.0658384
0.04392
0.043202
0.0435518
0.0421758
0.0394399
0.035615
0.0338519
0.0481873
0.079578
0.113168
0.145996
0.17772
0.208199
0.237356
0.265167
0.291646
0.316843
0.340848
0.363784
0.3858
0.407058
0.427721
0.447938
0.467837
0.487521
0.507062
0.526503
0.545856
0.565108
0.584226
0.603169
0.621885
0.640328
0.658472
0.676331
0.693957
0.711244
0.727995
0.744175
0.759714
0.774527
0.788527
0.801622
0.813717
0.824721
0.834541
0.84309
0.850286
0.856054
0.860327
0.863048
0.864176
0.863682
0.861554
0.857798
0.852439
0.845521
0.837107
0.827279
0.81614
0.803813
0.790515
0.776922
0.765827
0.757251
0.748564
0.739272
0.729362
0.718906
0.707984
0.696662
0.684999
0.673037
0.660805
0.648317
0.635576
0.622575
0.609294
0.595707
0.581784
0.567493
0.552801
0.537684
0.522129
0.506141
0.48975
0.47302
0.456055
0.438997
0.42203
0.405368
0.389238
0.373865
0.359453
0.346152
0.334088
0.323297
0.313668
0.306025
0.295295
)
;
    }
    upperWall
    {
        type            kqRWallFunction;
        value           nonuniform List<scalar> 
133
(
0.205419
0.216602
0.227661
0.238503
0.249093
0.259416
0.269459
0.279212
0.288667
0.297818
0.30666
0.31519
0.323409
0.331316
0.338915
0.34621
0.353204
0.359904
0.366316
0.372448
0.378306
0.383899
0.389236
0.394324
0.399173
0.403791
0.408186
0.412368
0.416345
0.420125
0.423717
0.427128
0.43037
0.433941
0.437857
0.441649
0.44531
0.448834
0.452217
0.455454
0.458539
0.461467
0.464235
0.466837
0.469269
0.471526
0.473603
0.475496
0.4772
0.478711
0.480024
0.481134
0.482036
0.482724
0.483195
0.483442
0.483461
0.483244
0.482788
0.482085
0.48113
0.479916
0.478437
0.476687
0.474659
0.472347
0.469746
0.466848
0.46365
0.460145
0.45633
0.452201
0.447757
0.442997
0.437921
0.432532
0.426836
0.420839
0.414551
0.407985
0.401159
0.394091
0.386805
0.379331
0.3717
0.36395
0.356124
0.348271
0.340446
0.332713
0.325143
0.317821
0.310841
0.304315
0.298371
0.293152
0.288819
0.285545
0.283497
0.282828
0.283638
0.285949
0.289663
0.294539
0.300192
0.306114
0.311746
0.316546
0.320079
0.322066
0.322407
0.32117
0.31855
0.314816
0.310268
0.305186
0.299806
0.294309
0.288828
0.283476
0.278377
0.273656
0.269305
0.265235
0.261364
0.257669
0.254157
0.250855
0.247733
0.244837
0.241975
0.239714
0.235738
)
;
    }
    frontAndBack
    {
        type            empty;
    }
}


// ************************************************************************* //
