/*--------------------------------*- C++ -*----------------------------------*\
  =========                 |
  \\      /  F ield         | OpenFOAM: The Open Source CFD Toolbox
   \\    /   O peration     | Website:  https://openfoam.org
    \\  /    A nd           | Version:  10
     \\/     M anipulation  |
\*---------------------------------------------------------------------------*/
FoamFile
{
    format      ascii;
    class       volScalarField;
    location    "0.07";
    object      nut;
}
// * * * * * * * * * * * * * * * * * * * * * * * * * * * * * * * * * * * * * //

dimensions      [0 2 -1 0 0 0 0];

internalField   nonuniform List<scalar> 
6820
(
0.000149484
0.000144853
0.000140581
0.000136576
0.000132833
0.000129376
0.000126234
0.000123417
0.000120923
0.000118738
0.000116841
0.000115209
0.000113817
0.000112641
0.000111659
0.000110849
0.000110192
0.000109671
0.000109271
0.000108978
0.00010878
0.000108665
0.000108624
0.000108648
0.000108729
0.000108863
0.000109038
0.00010927
0.000109465
0.000110033
0.000109042
0.000115526
8.7099e-05
0.000729198
0.000532386
0.000448001
0.00039969
0.000368358
0.000346705
0.000331058
0.000319326
0.000310236
0.000302985
0.000297052
0.00029209
0.000287863
0.000284207
0.000281005
0.000278169
0.000275635
0.000273354
0.000271285
0.000269399
0.00026767
0.000266079
0.000264609
0.000263247
0.000261981
0.000260801
0.000259702
0.000258672
0.000257722
0.000256831
0.000256056
0.000255171
0.000256483
0.000976776
0.00087218
0.000781617
0.000711253
0.000657299
0.000615249
0.000581666
0.000554193
0.000531241
0.000511727
0.000494892
0.000480188
0.00046721
0.000455653
0.000445281
0.000435912
0.000427398
0.000419622
0.000412488
0.000405915
0.000399838
0.000394199
0.00038895
0.00038405
0.00037946
0.000375148
0.000371083
0.000367236
0.000363572
0.000360072
0.000356657
0.00035328
0.000349608
0.00101349
0.000988231
0.000949374
0.000906189
0.000864414
0.000826363
0.00079252
0.000762619
0.000736166
0.00071265
0.000691618
0.000672685
0.000655536
0.00063991
0.000625596
0.00061242
0.000600236
0.000588927
0.000578389
0.00056854
0.000559306
0.000550625
0.000542443
0.000534713
0.000527391
0.000520441
0.000513826
0.000507516
0.000501474
0.000495677
0.000490065
0.000484658
0.000479229
0.00101671
0.00101241
0.00100191
0.000985659
0.000965598
0.000943701
0.000921402
0.00089958
0.000878702
0.000858977
0.000840465
0.000823141
0.000806945
0.000791793
0.000777602
0.000764286
0.000751768
0.000739975
0.000728841
0.000718309
0.000708324
0.000698839
0.000689812
0.000681204
0.000672979
0.000665106
0.000657553
0.000650292
0.000643292
0.00063653
0.000629964
0.000623582
0.000617312
0.00101676
0.00101592
0.0010136
0.00100903
0.00100204
0.000992915
0.000982181
0.00097038
0.000957979
0.000945335
0.000932708
0.000920271
0.000908138
0.000896376
0.000885022
0.000874093
0.00086359
0.000853505
0.000843825
0.000834533
0.00082561
0.000817035
0.000808788
0.00080085
0.0007932
0.000785818
0.000778684
0.000771779
0.000765082
0.000758575
0.000752232
0.000746036
0.00073996
0.00101671
0.00101623
0.00101553
0.00101428
0.00101219
0.00100909
0.00100496
0.000999884
0.000994006
0.0009875
0.000980528
0.000973238
0.000965753
0.000958171
0.000950571
0.000943011
0.000935536
0.000928177
0.000920958
0.000913893
0.000906992
0.00090026
0.000893697
0.000887302
0.000881071
0.000875
0.000869081
0.000863305
0.000857665
0.000852149
0.000846745
0.000841442
0.000836229
0.0010167
0.00101622
0.00101574
0.00101518
0.00101442
0.00101335
0.00101188
0.00100995
0.00100755
0.0010047
0.00100143
0.000997804
0.000993878
0.000989708
0.000985348
0.000980846
0.000976244
0.000971578
0.000966878
0.000962169
0.000957471
0.0009528
0.000948168
0.000943585
0.000939056
0.000934588
0.000930182
0.00092584
0.00092156
0.000917341
0.00091318
0.000909073
0.000905017
0.0010167
0.00101621
0.00101575
0.00101528
0.0010148
0.00101425
0.00101359
0.00101278
0.00101179
0.00101059
0.00100917
0.00100752
0.00100567
0.00100363
0.0010014
0.000999022
0.000996508
0.00099388
0.000991157
0.000988359
0.000985502
0.000982599
0.000979665
0.000976709
0.00097374
0.000970768
0.000967797
0.000964832
0.000961879
0.000958938
0.000956013
0.000953104
0.000950214
0.0010167
0.00101621
0.00101574
0.00101529
0.00101484
0.00101439
0.00101393
0.00101344
0.0010129
0.00101229
0.0010116
0.00101081
0.00100993
0.00100894
0.00100785
0.00100666
0.00100537
0.00100399
0.00100253
0.001001
0.000999404
0.000997748
0.000996043
0.000994295
0.00099251
0.000990695
0.000988856
0.000986997
0.000985122
0.000983236
0.000981342
0.000979443
0.000977543
0.0010167
0.00101621
0.00101574
0.00101528
0.00101484
0.0010144
0.00101398
0.00101356
0.00101313
0.00101269
0.00101224
0.00101176
0.00101124
0.00101069
0.00101009
0.00100945
0.00100876
0.00100803
0.00100724
0.00100642
0.00100554
0.00100463
0.00100368
0.00100269
0.00100167
0.00100062
0.00099954
0.00099844
0.000997321
0.000996184
0.000995034
0.000993872
0.000992703
0.0010167
0.00101621
0.00101574
0.00101528
0.00101484
0.0010144
0.00101398
0.00101357
0.00101317
0.00101277
0.00101238
0.00101199
0.00101159
0.00101118
0.00101077
0.00101034
0.0010099
0.00100944
0.00100896
0.00100847
0.00100795
0.00100741
0.00100685
0.00100627
0.00100568
0.00100506
0.00100443
0.00100379
0.00100313
0.00100245
0.00100177
0.00100108
0.00100039
0.0010167
0.00101621
0.00101574
0.00101528
0.00101483
0.0010144
0.00101398
0.00101357
0.00101317
0.00101278
0.0010124
0.00101203
0.00101166
0.0010113
0.00101094
0.00101059
0.00101023
0.00100987
0.00100951
0.00100915
0.00100878
0.00100841
0.00100803
0.00100764
0.00100725
0.00100685
0.00100645
0.00100604
0.00100562
0.0010052
0.00100478
0.00100435
0.00100393
0.0010167
0.00101621
0.00101574
0.00101528
0.00101483
0.0010144
0.00101398
0.00101357
0.00101317
0.00101278
0.0010124
0.00101203
0.00101167
0.00101132
0.00101098
0.00101064
0.00101031
0.00100999
0.00100966
0.00100935
0.00100903
0.00100872
0.00100841
0.00100811
0.0010078
0.00100749
0.00100719
0.00100689
0.00100659
0.00100629
0.00100599
0.0010057
0.00100541
0.0010167
0.00101621
0.00101574
0.00101528
0.00101483
0.0010144
0.00101398
0.00101357
0.00101317
0.00101278
0.0010124
0.00101203
0.00101167
0.00101132
0.00101098
0.00101065
0.00101033
0.00101001
0.0010097
0.0010094
0.0010091
0.00100881
0.00100852
0.00100824
0.00100797
0.0010077
0.00100744
0.00100718
0.00100692
0.00100667
0.00100643
0.00100619
0.00100597
0.0010167
0.00101621
0.00101574
0.00101528
0.00101483
0.0010144
0.00101397
0.00101356
0.00101316
0.00101278
0.0010124
0.00101203
0.00101167
0.00101132
0.00101098
0.00101065
0.00101033
0.00101001
0.0010097
0.00100941
0.00100911
0.00100883
0.00100855
0.00100828
0.00100802
0.00100776
0.00100751
0.00100726
0.00100703
0.0010068
0.00100657
0.00100636
0.00100616
0.0010167
0.00101621
0.00101574
0.00101528
0.00101483
0.0010144
0.00101397
0.00101356
0.00101316
0.00101277
0.00101239
0.00101203
0.00101167
0.00101132
0.00101098
0.00101065
0.00101032
0.00101001
0.0010097
0.00100941
0.00100911
0.00100883
0.00100856
0.00100829
0.00100803
0.00100777
0.00100753
0.00100729
0.00100706
0.00100683
0.00100662
0.00100641
0.00100621
0.0010167
0.00101621
0.00101574
0.00101528
0.00101483
0.0010144
0.00101397
0.00101356
0.00101316
0.00101277
0.00101239
0.00101202
0.00101167
0.00101132
0.00101098
0.00101064
0.00101032
0.00101001
0.0010097
0.0010094
0.00100911
0.00100883
0.00100856
0.00100829
0.00100803
0.00100778
0.00100753
0.00100729
0.00100706
0.00100684
0.00100663
0.00100642
0.00100623
0.0010167
0.00101621
0.00101574
0.00101528
0.00101483
0.00101439
0.00101397
0.00101356
0.00101316
0.00101277
0.00101239
0.00101202
0.00101166
0.00101131
0.00101097
0.00101064
0.00101032
0.00101001
0.0010097
0.0010094
0.00100911
0.00100883
0.00100855
0.00100829
0.00100803
0.00100778
0.00100753
0.00100729
0.00100706
0.00100684
0.00100663
0.00100643
0.00100623
0.0010167
0.00101621
0.00101574
0.00101528
0.00101483
0.00101439
0.00101397
0.00101356
0.00101316
0.00101277
0.00101239
0.00101202
0.00101166
0.00101131
0.00101097
0.00101064
0.00101032
0.00101
0.0010097
0.0010094
0.00100911
0.00100883
0.00100855
0.00100829
0.00100803
0.00100778
0.00100753
0.00100729
0.00100706
0.00100684
0.00100663
0.00100642
0.00100623
0.0010167
0.00101621
0.00101574
0.00101528
0.00101483
0.00101439
0.00101397
0.00101356
0.00101316
0.00101277
0.00101239
0.00101202
0.00101166
0.00101131
0.00101097
0.00101064
0.00101032
0.00101
0.0010097
0.0010094
0.00100911
0.00100883
0.00100855
0.00100829
0.00100803
0.00100777
0.00100753
0.00100729
0.00100706
0.00100684
0.00100663
0.00100642
0.00100622
0.0010167
0.00101621
0.00101574
0.00101528
0.00101483
0.00101439
0.00101397
0.00101356
0.00101316
0.00101277
0.00101239
0.00101202
0.00101166
0.00101131
0.00101097
0.00101064
0.00101032
0.00101
0.0010097
0.0010094
0.00100911
0.00100883
0.00100855
0.00100828
0.00100802
0.00100777
0.00100753
0.00100729
0.00100706
0.00100684
0.00100662
0.00100642
0.00100622
0.0010167
0.00101621
0.00101574
0.00101528
0.00101483
0.00101439
0.00101397
0.00101356
0.00101316
0.00101277
0.00101239
0.00101202
0.00101166
0.00101131
0.00101097
0.00101064
0.00101031
0.00101
0.00100969
0.0010094
0.00100911
0.00100882
0.00100855
0.00100828
0.00100802
0.00100777
0.00100753
0.00100729
0.00100706
0.00100683
0.00100662
0.00100641
0.00100621
0.0010167
0.00101621
0.00101574
0.00101528
0.00101483
0.00101439
0.00101397
0.00101356
0.00101316
0.00101277
0.00101239
0.00101202
0.00101166
0.00101131
0.00101097
0.00101064
0.00101031
0.00101
0.00100969
0.0010094
0.00100911
0.00100882
0.00100855
0.00100828
0.00100802
0.00100777
0.00100752
0.00100729
0.00100705
0.00100683
0.00100661
0.0010064
0.0010062
0.0010167
0.00101621
0.00101574
0.00101528
0.00101483
0.00101439
0.00101397
0.00101356
0.00101316
0.00101277
0.00101239
0.00101202
0.00101166
0.00101131
0.00101097
0.00101064
0.00101031
0.00101
0.00100969
0.00100939
0.0010091
0.00100882
0.00100855
0.00100828
0.00100802
0.00100777
0.00100752
0.00100728
0.00100705
0.00100683
0.00100661
0.0010064
0.00100619
0.0010167
0.00101621
0.00101574
0.00101528
0.00101483
0.00101439
0.00101397
0.00101356
0.00101316
0.00101277
0.00101239
0.00101202
0.00101166
0.00101131
0.00101097
0.00101064
0.00101031
0.00101
0.00100969
0.00100939
0.0010091
0.00100882
0.00100854
0.00100828
0.00100802
0.00100776
0.00100752
0.00100728
0.00100705
0.00100682
0.0010066
0.00100639
0.00100619
0.0010167
0.00101621
0.00101574
0.00101528
0.00101483
0.00101439
0.00101397
0.00101356
0.00101316
0.00101277
0.00101239
0.00101202
0.00101166
0.00101131
0.00101097
0.00101063
0.00101031
0.00101
0.00100969
0.00100939
0.0010091
0.00100882
0.00100854
0.00100828
0.00100801
0.00100776
0.00100751
0.00100727
0.00100704
0.00100681
0.00100659
0.00100638
0.00100618
0.0010167
0.00101621
0.00101574
0.00101528
0.00101483
0.00101439
0.00101397
0.00101356
0.00101316
0.00101277
0.00101239
0.00101202
0.00101166
0.00101131
0.00101097
0.00101063
0.00101031
0.00101
0.00100969
0.00100939
0.0010091
0.00100882
0.00100854
0.00100827
0.00100801
0.00100776
0.00100751
0.00100727
0.00100704
0.00100681
0.00100659
0.00100637
0.00100617
0.0010167
0.00101621
0.00101574
0.00101528
0.00101483
0.00101439
0.00101397
0.00101356
0.00101316
0.00101277
0.00101239
0.00101202
0.00101166
0.00101131
0.00101097
0.00101063
0.00101031
0.00101
0.00100969
0.00100939
0.0010091
0.00100882
0.00100854
0.00100827
0.00100801
0.00100776
0.00100751
0.00100727
0.00100703
0.0010068
0.00100658
0.00100637
0.00100616
0.0010167
0.00101621
0.00101574
0.00101528
0.00101483
0.00101439
0.00101397
0.00101356
0.00101316
0.00101277
0.00101239
0.00101202
0.00101166
0.00101131
0.00101097
0.00101064
0.00101031
0.00101
0.00100969
0.00100939
0.0010091
0.00100882
0.00100854
0.00100827
0.00100801
0.00100775
0.0010075
0.00100726
0.00100703
0.0010068
0.00100658
0.00100636
0.00100615
0.0010167
0.00101621
0.00101574
0.00101528
0.00101483
0.00101439
0.00101397
0.00101356
0.00101316
0.00101277
0.00101239
0.00101202
0.00101166
0.00101131
0.00101097
0.00101064
0.00101031
0.00101
0.00100969
0.00100939
0.0010091
0.00100882
0.00100854
0.00100827
0.00100801
0.00100775
0.0010075
0.00100726
0.00100702
0.00100679
0.00100656
0.00100635
0.00100613
0.0010167
0.00101621
0.00101574
0.00101528
0.00101483
0.0010144
0.00101397
0.00101356
0.00101316
0.00101277
0.0010124
0.00101203
0.00101167
0.00101132
0.00101097
0.00101064
0.00101032
0.00101
0.00100969
0.00100939
0.0010091
0.00100881
0.00100853
0.00100826
0.001008
0.00100773
0.00100748
0.00100723
0.00100699
0.00100675
0.00100652
0.00100629
0.00100607
0.0010167
0.00101621
0.00101574
0.00101528
0.00101483
0.0010144
0.00101398
0.00101357
0.00101317
0.00101278
0.0010124
0.00101203
0.00101167
0.00101132
0.00101097
0.00101064
0.00101031
0.00100999
0.00100967
0.00100936
0.00100906
0.00100876
0.00100846
0.00100818
0.00100789
0.00100761
0.00100733
0.00100706
0.00100679
0.00100653
0.00100626
0.001006
0.00100575
0.0010167
0.00101621
0.00101574
0.00101529
0.00101484
0.00101441
0.001014
0.00101358
0.00101318
0.00101279
0.0010124
0.00101202
0.00101164
0.00101127
0.0010109
0.00101053
0.00101016
0.00100979
0.00100943
0.00100906
0.00100869
0.00100832
0.00100795
0.00100758
0.0010072
0.00100682
0.00100644
0.00100606
0.00100567
0.00100528
0.00100489
0.0010045
0.00100411
0.0010167
0.00101622
0.00101575
0.0010153
0.00101485
0.00101441
0.00101397
0.00101352
0.00101307
0.00101262
0.00101214
0.00101166
0.00101115
0.00101062
0.00101008
0.00100951
0.00100891
0.00100829
0.00100765
0.00100699
0.0010063
0.00100559
0.00100486
0.00100411
0.00100334
0.00100256
0.00100176
0.00100094
0.00100011
0.000999275
0.000998426
0.000997567
0.000996702
0.00101671
0.00101622
0.00101574
0.00101524
0.00101469
0.00101407
0.00101337
0.00101257
0.00101167
0.00101066
0.00100953
0.0010083
0.00100696
0.00100552
0.00100398
0.00100235
0.00100063
0.000998839
0.000996976
0.000995053
0.000993076
0.000991052
0.000988989
0.000986894
0.000984773
0.000982631
0.000980475
0.00097831
0.000976139
0.000973969
0.000971801
0.000969641
0.000967492
0.00101671
0.001016
0.00101487
0.00101325
0.00101112
0.00100846
0.00100531
0.00100167
0.000997601
0.000993145
0.000988356
0.000983289
0.000977994
0.00097252
0.000966911
0.000961205
0.000955439
0.000949642
0.00094384
0.000938057
0.000932311
0.000926621
0.000920998
0.000915455
0.000910002
0.000904646
0.000899394
0.00089425
0.00088922
0.000884305
0.000879508
0.000874831
0.000870274
0.0010153
0.00100705
0.000995493
0.000981382
0.000965344
0.000947991
0.000929882
0.000911466
0.000893077
0.000874953
0.000857261
0.00084011
0.000823565
0.000807664
0.000792422
0.000777837
0.0007639
0.000750591
0.000737889
0.00072577
0.000714206
0.000703172
0.000692641
0.000682587
0.000672985
0.000663812
0.000655045
0.000646661
0.000638641
0.000630964
0.000623613
0.000616569
0.000609816
0.000935927
0.000815562
0.000728206
0.000659329
0.000602504
0.000555308
0.000515842
0.000482521
0.000454095
0.0004296
0.000408293
0.000389604
0.000373086
0.00035839
0.000345237
0.000333402
0.000322704
0.000312991
0.000304139
0.000296044
0.000288618
0.000281784
0.000275479
0.000269647
0.000264239
0.000259214
0.000254536
0.00025017
0.000246089
0.000242268
0.000238684
0.000235317
0.000232147
0.000125477
0.000128847
0.000132095
0.000135204
0.000138173
0.000141007
0.000143711
0.000146289
0.000148745
0.000151085
0.000153311
0.000155429
0.000157443
0.000159357
0.000161174
0.0001629
0.000164538
0.000166092
0.000167566
0.000168964
0.000170288
0.000171543
0.000172732
0.000173859
0.000174925
0.000175935
0.000176891
0.000177795
0.000178651
0.00017946
0.000180226
0.000180949
0.000181634
0.000107326
0.000152818
0.000203946
0.000259336
0.000315712
0.00036937
0.000418349
0.000463465
0.00050778
0.000554692
0.000606191
0.000662408
0.000722338
0.000784829
0.000849118
0.000914795
0.000981561
0.00104887
0.0011161
0.0011823
0.00124622
0.0013063
0.00136072
0.00140737
0.00144401
0.00146834
0.00147805
0.0014709
0.00144478
0.00139778
0.00132833
0.00123548
0.00111958
0.0009838
0.000837033
0.000698826
0.000604485
0.000603783
0.000730116
0.000925149
0.00108999
0.00120913
0.00130152
0.0013774
0.00144006
0.00149093
0.00153129
0.0015626
0.0015864
0.00160418
0.00161729
0.0016269
0.00163399
0.00163935
0.00164365
0.00164741
0.00165109
0.00165503
0.00165954
0.00166485
0.00167114
0.00167852
0.00168707
0.00169677
0.00170758
0.00171939
0.00173207
0.00174547
0.00175937
0.00177354
0.00178764
0.00180122
0.00181366
0.00182418
0.0018318
0.00183543
0.00183391
0.00182609
0.00181097
0.00178774
0.00175594
0.00171547
0.0016667
0.0016105
0.00154825
0.00148187
0.00141366
0.00134619
0.00128196
0.0012231
0.00117108
0.00112657
0.00108962
0.00105985
0.00103663
0.00101911
0.00100631
0.000997112
0.000990799
0.000984612
0.000245965
0.000212677
0.000181419
0.000167941
0.000173733
0.000196581
0.000233518
0.000280764
0.000333795
0.000388424
0.000442031
0.00049398
0.000545047
0.0005964
0.000648805
0.000702369
0.000756711
0.000811261
0.000865403
0.000918469
0.000969633
0.00101775
0.00106129
0.00109841
0.00112703
0.00114493
0.00114988
0.00113966
0.00111225
0.00106602
0.0010001
0.000915173
0.000814769
0.000707701
0.000611419
0.000555045
0.00057661
0.00069657
0.000868999
0.00102275
0.00114123
0.00123554
0.00131372
0.00137907
0.00143313
0.00147706
0.00151205
0.00153936
0.00156027
0.001576
0.00158767
0.00159627
0.00160261
0.00160738
0.00161116
0.00161441
0.00161752
0.00162083
0.00162461
0.0016291
0.00163449
0.00164092
0.00164849
0.00165723
0.00166715
0.0016782
0.00169029
0.00170328
0.001717
0.00173123
0.00174565
0.00175979
0.00177305
0.00178462
0.00179353
0.00179868
0.0017989
0.00179304
0.00178008
0.00175924
0.00173
0.00169224
0.00164627
0.00159289
0.0015334
0.00146963
0.00140382
0.00133847
0.00127607
0.00121875
0.001168
0.00112457
0.00108851
0.00105945
0.00103673
0.00101953
0.00100688
0.000997754
0.000991464
0.000985306
0.000346893
0.00034514
0.000341208
0.000326649
0.000293578
0.000249603
0.000213512
0.000196716
0.000200393
0.00022146
0.000255887
0.000299492
0.000348277
0.000398895
0.000449044
0.000497552
0.00054413
0.000588829
0.000631976
0.000673628
0.000713276
0.000749927
0.000782279
0.000808832
0.000827931
0.000837803
0.000836641
0.000822779
0.00079498
0.00075292
0.000697957
0.000634346
0.000570983
0.000523449
0.00051498
0.000570498
0.000692537
0.000841798
0.00097697
0.00108818
0.00118006
0.00125733
0.00132273
0.00137785
0.00142375
0.00146132
0.00149152
0.00151531
0.00153371
0.00154769
0.00155817
0.00156593
0.00157168
0.00157599
0.00157936
0.0015822
0.00158486
0.00158764
0.00159079
0.00159453
0.00159907
0.00160455
0.0016111
0.00161879
0.00162768
0.00163776
0.00164898
0.00166128
0.00167451
0.00168848
0.00170289
0.00171732
0.00173116
0.00174361
0.0017537
0.00176031
0.00176227
0.00175843
0.00174776
0.00172945
0.00170295
0.00166811
0.00162516
0.00157481
0.00151829
0.00145733
0.00139407
0.00133096
0.00127047
0.00121472
0.00116527
0.00112289
0.00108768
0.00105926
0.00103698
0.00102003
0.0010075
0.000998405
0.00099211
0.000985947
0.000473308
0.000467982
0.000465843
0.000470218
0.000484094
0.000503175
0.000503746
0.000456796
0.000375213
0.000299472
0.000250836
0.000229505
0.000229232
0.000244044
0.000269299
0.000301324
0.000337144
0.000374266
0.000410589
0.000444681
0.000475666
0.000502941
0.000525902
0.00054379
0.000555685
0.000560616
0.000557777
0.000546854
0.000528499
0.00050501
0.000481254
0.000465754
0.00047135
0.000513112
0.000598965
0.000716846
0.000841211
0.000954877
0.00105343
0.00113794
0.00121058
0.00127319
0.00132704
0.00137299
0.0014117
0.00144375
0.00146981
0.0014906
0.00150688
0.0015194
0.00152888
0.00153599
0.00154128
0.00154526
0.00154833
0.00155087
0.00155318
0.00155552
0.00155814
0.00156123
0.00156498
0.00156956
0.00157511
0.00158172
0.00158949
0.00159845
0.00160861
0.00161995
0.00163238
0.00164577
0.00165987
0.00167427
0.00168842
0.00170152
0.00171261
0.00172059
0.00172426
0.00172246
0.00171416
0.00169851
0.00167493
0.0016432
0.00160348
0.00155639
0.00150305
0.00144508
0.00138454
0.00132381
0.0012653
0.00121117
0.00116299
0.00112161
0.00108716
0.00105931
0.0010374
0.00102065
0.00100818
0.000999074
0.000992745
0.000986541
0.000610088
0.00060197
0.000594312
0.000588268
0.000586399
0.000593109
0.000612982
0.000645967
0.000679777
0.000682579
0.000626012
0.000527513
0.000429287
0.000355251
0.000308371
0.000283387
0.00027435
0.00027618
0.000285136
0.000298562
0.000314298
0.000330562
0.000345963
0.000359519
0.000370692
0.000379461
0.000386474
0.000393325
0.00040293
0.000419889
0.00045037
0.000500604
0.000573276
0.000664079
0.000763362
0.000861838
0.000953717
0.00103649
0.00110986
0.00117463
0.0012318
0.00128218
0.00132631
0.00136455
0.00139721
0.00142462
0.00144721
0.00146548
0.00147999
0.0014913
0.00149999
0.00150658
0.00151154
0.00151528
0.00151816
0.00152049
0.00152253
0.00152454
0.00152672
0.00152925
0.00153232
0.00153609
0.00154068
0.00154624
0.00155286
0.00156062
0.00156958
0.00157976
0.00159115
0.00160366
0.00161712
0.00163117
0.00164531
0.0016588
0.00167068
0.00167986
0.00168515
0.00168537
0.00167946
0.00166655
0.00164602
0.00161755
0.00158124
0.0015376
0.00148763
0.00143284
0.00137518
0.00131695
0.00126051
0.00120802
0.00116111
0.00112069
0.00108695
0.00105958
0.00103797
0.00102136
0.00100892
0.000999767
0.000993378
0.0009871
0.000732972
0.000724952
0.000716781
0.000708513
0.000700522
0.000693934
0.000691084
0.000695387
0.000710112
0.000735068
0.00076253
0.000777262
0.000762763
0.000713034
0.000639279
0.000560986
0.000492072
0.000440261
0.0004061
0.000385128
0.000373933
0.000370223
0.00037249
0.000379833
0.000391921
0.000409002
0.000431912
0.000461979
0.000500727
0.000549322
0.000607872
0.000674978
0.000747883
0.000823131
0.000897377
0.000968065
0.00103375
0.00109397
0.00114885
0.00119873
0.00124392
0.00128464
0.00132096
0.00135294
0.00138066
0.00140427
0.00142401
0.0014402
0.00145326
0.0014636
0.00147166
0.00147786
0.00148258
0.00148616
0.00148892
0.00149111
0.00149298
0.00149474
0.00149657
0.00149865
0.00150114
0.00150418
0.00150792
0.00151249
0.001518
0.00152456
0.00153225
0.00154115
0.00155131
0.00156269
0.00157521
0.00158859
0.0016024
0.00161596
0.00162836
0.00163853
0.00164528
0.00164743
0.00164389
0.00163374
0.00161632
0.00159123
0.00155847
0.00151843
0.001472
0.00142055
0.00136592
0.00131031
0.00125603
0.00120524
0.0011596
0.00112009
0.001087
0.00106005
0.00103868
0.00102216
0.0010097
0.00100048
0.000994015
0.000987634
0.000830225
0.000823309
0.000816215
0.000808902
0.00080135
0.000793652
0.00078619
0.000779898
0.0007764
0.00077764
0.000784728
0.000796545
0.000808845
0.000814778
0.000807455
0.000783821
0.000744583
0.000700764
0.000660901
0.000628363
0.000604204
0.000588502
0.000581001
0.000581396
0.000589441
0.000604967
0.00062782
0.000657763
0.000694345
0.000736791
0.000783959
0.00083441
0.000886569
0.000938942
0.000990297
0.00103977
0.00108684
0.0011313
0.00117305
0.00121207
0.00124827
0.00128153
0.00131174
0.00133876
0.00136253
0.00138307
0.00140049
0.00141501
0.0014269
0.00143646
0.00144403
0.00144993
0.00145449
0.00145799
0.00146069
0.00146281
0.00146457
0.00146615
0.00146772
0.00146944
0.00147144
0.00147388
0.00147687
0.00148055
0.00148503
0.00149044
0.00149688
0.00150445
0.00151326
0.00152334
0.00153468
0.0015471
0.00156026
0.00157356
0.00158618
0.00159707
0.00160507
0.00160899
0.00160772
0.00160029
0.00158598
0.00156433
0.00153521
0.00149889
0.00145613
0.00140816
0.00135669
0.00130381
0.00125178
0.00120273
0.00115837
0.00111976
0.00108726
0.00106069
0.00103951
0.00102304
0.00101054
0.00100122
0.000994655
0.000988149
0.000900329
0.000894911
0.000889343
0.000883602
0.000877665
0.000871521
0.000865195
0.000858815
0.000852727
0.000847592
0.000844316
0.000843684
0.000845817
0.000849721
0.000853222
0.000853648
0.000848252
0.000837658
0.00082376
0.000808963
0.000795481
0.000785025
0.000778776
0.000777468
0.000781483
0.000790935
0.00080571
0.000825494
0.000849789
0.000877941
0.000909183
0.00094269
0.000977651
0.00101333
0.00104914
0.00108459
0.00111934
0.00115313
0.00118573
0.00121691
0.00124642
0.00127404
0.00129951
0.00132263
0.00134327
0.00136137
0.00137696
0.00139013
0.00140108
0.00141003
0.00141723
0.00142293
0.00142739
0.00143085
0.00143353
0.00143563
0.00143733
0.0014388
0.00144018
0.00144162
0.00144325
0.00144518
0.00144754
0.00145045
0.00145402
0.00145837
0.00146362
0.0014699
0.00147732
0.00148601
0.001496
0.00150723
0.00151946
0.00153219
0.0015447
0.00155601
0.00156499
0.00157045
0.00157128
0.00156646
0.00155521
0.00153698
0.00151153
0.00147901
0.00144001
0.00139563
0.00134743
0.00129739
0.00124769
0.00120043
0.00115737
0.00111964
0.0010877
0.00106145
0.00104042
0.00102396
0.0010114
0.00100198
0.000995296
0.000988646
0.000946856
0.000942955
0.000938935
0.000934791
0.000930519
0.000926118
0.000921592
0.000916962
0.000912283
0.000907694
0.000903464
0.000899983
0.000897663
0.00089675
0.000897123
0.000898232
0.000899168
0.000899288
0.000898344
0.000896558
0.000894515
0.000892982
0.000892747
0.000894499
0.000898772
0.000905914
0.000916092
0.000929301
0.00094539
0.000964093
0.000985061
0.0010079
0.00103222
0.00105763
0.00108378
0.00111036
0.00113707
0.00116366
0.00118985
0.00121537
0.00123994
0.00126327
0.0012851
0.00130519
0.00132337
0.00133954
0.00135366
0.00136577
0.00137598
0.00138445
0.00139137
0.00139693
0.00140135
0.00140481
0.00140751
0.00140962
0.00141131
0.00141271
0.00141397
0.0014152
0.00141653
0.00141806
0.0014199
0.00142217
0.00142495
0.00142837
0.00143255
0.00143761
0.00144371
0.00145099
0.00145956
0.00146944
0.00148051
0.00149239
0.00150448
0.00151588
0.00152552
0.00153226
0.00153494
0.00153255
0.00152423
0.00150934
0.00148754
0.00145882
0.00142364
0.00138291
0.00133807
0.00129095
0.00124365
0.00119825
0.00115651
0.00111966
0.00108826
0.00106229
0.00104138
0.00102492
0.00101227
0.00100273
0.00099593
0.000989123
0.000975321
0.000972726
0.000970041
0.000967271
0.000964424
0.000961506
0.000958532
0.000955517
0.000952485
0.000949472
0.000946549
0.000943835
0.000941503
0.000939756
0.000938762
0.000938584
0.000939135
0.00094025
0.000941758
0.000943557
0.000945663
0.000948209
0.000951422
0.000955579
0.000960958
0.000967802
0.000976291
0.000986533
0.000998553
0.00101231
0.0010277
0.00104457
0.00106276
0.00108205
0.00110226
0.00112318
0.00114457
0.00116621
0.00118787
0.00120927
0.00123015
0.00125023
0.00126926
0.00128699
0.00130325
0.00131788
0.00133083
0.0013421
0.00135173
0.00135983
0.00136654
0.00137201
0.00137641
0.00137991
0.00138266
0.00138481
0.00138651
0.00138789
0.00138907
0.00139015
0.00139126
0.00139248
0.00139391
0.00139564
0.00139777
0.0014004
0.00140365
0.00140763
0.00141251
0.00141845
0.0014256
0.00143407
0.00144383
0.00145464
0.00146603
0.0014772
0.00148719
0.00149488
0.00149914
0.00149892
0.00149332
0.00148162
0.00146336
0.0014384
0.00140702
0.00136999
0.00132855
0.00128442
0.00123959
0.00119609
0.00115571
0.00111975
0.00108887
0.00106318
0.00104236
0.00102588
0.00101314
0.00100347
0.000996547
0.000989574
0.000991328
0.000989715
0.000988043
0.00098632
0.000984556
0.000982764
0.000980959
0.000979161
0.000977389
0.000975668
0.000974029
0.000972515
0.000971189
0.000970136
0.000969458
0.000969254
0.000969597
0.000970527
0.000972054
0.000974173
0.000976882
0.000980203
0.000984183
0.000988902
0.000994458
0.00100096
0.0010085
0.00101717
0.00102703
0.00103809
0.00105036
0.00106379
0.00107831
0.00109383
0.00111024
0.0011274
0.00114516
0.00116332
0.0011817
0.00120006
0.00121817
0.00123578
0.00125264
0.00126853
0.00128325
0.00129667
0.00130869
0.00131927
0.00132843
0.00133625
0.0013428
0.00134822
0.00135263
0.00135617
0.00135899
0.0013612
0.00136294
0.00136433
0.00136546
0.00136646
0.0013674
0.00136838
0.00136949
0.0013708
0.00137241
0.00137439
0.00137685
0.00137991
0.00138371
0.00138843
0.00139424
0.00140132
0.00140971
0.00141932
0.00142978
0.00144046
0.00145047
0.00145877
0.00146428
0.00146593
0.00146278
0.00145405
0.00143917
0.00141785
0.00139021
0.00135684
0.00131883
0.00127773
0.00123542
0.00119387
0.00115489
0.00111984
0.00108949
0.00106406
0.00104332
0.00102681
0.00101398
0.00100418
0.000997134
0.000989993
0.000999566
0.000998606
0.000997615
0.0009966
0.000995573
0.000994546
0.000993537
0.000992561
0.000991641
0.000990795
0.000990048
0.000989426
0.000988959
0.000988686
0.000988653
0.000988921
0.00098955
0.000990598
0.000992116
0.000994146
0.000996725
0.000999884
0.00100366
0.00100808
0.00101321
0.00101907
0.00102574
0.00103325
0.00104166
0.00105099
0.00106127
0.00107249
0.00108463
0.00109765
0.00111149
0.00112605
0.00114123
0.00115688
0.00117284
0.00118892
0.00120492
0.00122061
0.00123577
0.00125019
0.00126369
0.00127612
0.00128737
0.0012974
0.00130618
0.00131376
0.0013202
0.00132558
0.00133002
0.00133362
0.00133651
0.0013388
0.0013406
0.00134201
0.00134314
0.00134408
0.00134491
0.00134572
0.00134658
0.00134757
0.00134876
0.00135022
0.00135205
0.00135434
0.00135723
0.00136088
0.00136549
0.00137126
0.00137831
0.00138666
0.00139606
0.00140602
0.00141578
0.00142438
0.00143078
0.00143395
0.00143294
0.00142689
0.00141514
0.00139729
0.00137327
0.0013435
0.00130889
0.00127082
0.00123106
0.00119151
0.00115397
0.00111986
0.00109006
0.00106489
0.00104423
0.00102769
0.00101476
0.00100484
0.000997677
0.00099037
0.00100343
0.00100285
0.00100227
0.00100168
0.0010011
0.00100054
0.00100001
0.000999536
0.000999129
0.000998811
0.0009986
0.000998518
0.000998585
0.000998826
0.000999269
0.000999947
0.0010009
0.00100216
0.00100378
0.0010058
0.00100825
0.00101118
0.00101463
0.00101863
0.00102321
0.00102842
0.0010343
0.00104087
0.00104818
0.00105626
0.00106513
0.0010748
0.00108527
0.00109652
0.00110852
0.0011212
0.00113449
0.00114826
0.0011624
0.00117673
0.00119108
0.00120526
0.00121906
0.0012323
0.0012448
0.00125641
0.00126702
0.00127657
0.00128503
0.00129241
0.00129875
0.00130411
0.00130858
0.00131225
0.00131522
0.00131758
0.00131945
0.00132091
0.00132206
0.00132297
0.00132374
0.00132442
0.0013251
0.00132585
0.00132671
0.00132777
0.00132909
0.00133076
0.00133291
0.00133567
0.00133924
0.00134384
0.00134965
0.00135676
0.00136505
0.00137415
0.00138343
0.00139203
0.001399
0.00140334
0.0014041
0.0014004
0.0013915
0.00137686
0.00135628
0.00132999
0.0012987
0.00126365
0.00122646
0.00118894
0.00115289
0.00111976
0.00109053
0.00106564
0.00104506
0.0010285
0.00101548
0.00100544
0.000998162
0.000990693
0.00100507
0.0010047
0.00100433
0.00100396
0.00100362
0.00100331
0.00100304
0.00100283
0.0010027
0.00100265
0.00100272
0.00100291
0.00100325
0.00100375
0.00100444
0.00100534
0.00100646
0.00100785
0.00100953
0.00101153
0.00101389
0.00101664
0.00101982
0.00102345
0.00102759
0.00103225
0.00103748
0.00104331
0.00104977
0.0010569
0.00106472
0.00107325
0.00108248
0.00109243
0.00110305
0.00111432
0.00112617
0.0011385
0.0011512
0.00116415
0.00117719
0.00119014
0.00120283
0.00121508
0.00122673
0.00123764
0.00124771
0.00125685
0.00126502
0.00127222
0.00127846
0.00128381
0.00128831
0.00129204
0.00129509
0.00129754
0.00129948
0.001301
0.00130218
0.00130309
0.00130382
0.00130443
0.00130498
0.00130554
0.00130616
0.00130691
0.00130784
0.00130903
0.00131058
0.00131262
0.00131533
0.00131893
0.00132364
0.00132959
0.00133679
0.00134496
0.00135361
0.001362
0.00136924
0.00137441
0.00137657
0.00137485
0.00136845
0.00135673
0.00133935
0.00131636
0.0012883
0.00125621
0.00122157
0.00118611
0.00115157
0.00111946
0.00109084
0.00106625
0.00104578
0.0010292
0.00101611
0.00100596
0.000998575
0.000990954
0.00100571
0.00100542
0.00100515
0.00100489
0.00100466
0.00100446
0.00100431
0.00100422
0.0010042
0.00100427
0.00100445
0.00100474
0.00100518
0.00100577
0.00100653
0.00100748
0.00100864
0.00101003
0.00101168
0.00101361
0.00101584
0.00101841
0.00102135
0.00102468
0.00102844
0.00103267
0.00103738
0.00104263
0.00104843
0.00105482
0.00106183
0.00106947
0.00107776
0.00108669
0.00109625
0.00110641
0.00111711
0.00112829
0.00113984
0.00115166
0.00116361
0.00117553
0.00118728
0.00119869
0.00120961
0.00121991
0.00122948
0.00123824
0.00124615
0.00125318
0.00125934
0.00126466
0.00126918
0.00127297
0.00127609
0.00127862
0.00128064
0.00128223
0.00128345
0.00128439
0.0012851
0.00128567
0.00128613
0.00128656
0.00128701
0.00128752
0.00128816
0.00128898
0.00129007
0.00129154
0.00129356
0.00129633
0.00130009
0.00130502
0.00131119
0.00131845
0.0013264
0.0013344
0.00134168
0.00134737
0.00135059
0.00135047
0.00134621
0.00133708
0.00132261
0.0013027
0.0012777
0.00124848
0.00121637
0.00118297
0.00114999
0.00111894
0.00109097
0.00106672
0.00104638
0.0010298
0.00101664
0.00100639
0.000998905
0.000991143
0.00100593
0.00100568
0.00100544
0.00100522
0.00100503
0.00100488
0.00100476
0.00100471
0.00100472
0.00100482
0.00100501
0.00100531
0.00100574
0.00100632
0.00100705
0.00100796
0.00100906
0.00101037
0.00101191
0.00101371
0.00101578
0.00101815
0.00102085
0.0010239
0.00102733
0.00103118
0.00103546
0.00104022
0.00104549
0.00105128
0.00105764
0.00106457
0.00107209
0.0010802
0.0010889
0.00109815
0.00110791
0.00111813
0.00112871
0.00113958
0.00115059
0.00116163
0.00117255
0.00118321
0.00119348
0.00120323
0.00121235
0.00122077
0.00122842
0.00123528
0.00124135
0.00124663
0.00125117
0.00125501
0.0012582
0.00126081
0.0012629
0.00126455
0.00126583
0.0012668
0.00126753
0.00126807
0.00126848
0.00126882
0.00126914
0.00126948
0.0012699
0.00127044
0.00127118
0.00127222
0.00127369
0.00127581
0.00127878
0.00128284
0.0012881
0.0012945
0.00130173
0.00130926
0.0013164
0.00132236
0.00132632
0.00132746
0.00132496
0.00131806
0.00130619
0.0012891
0.00126698
0.0012405
0.00121084
0.0011795
0.0011481
0.00111816
0.00109089
0.00106701
0.00104682
0.00103026
0.00101705
0.00100672
0.000999145
0.000991253
0.00100599
0.00100576
0.00100553
0.00100532
0.00100514
0.00100499
0.00100488
0.00100482
0.00100483
0.0010049
0.00100506
0.00100533
0.00100571
0.00100622
0.00100687
0.00100768
0.00100867
0.00100986
0.00101125
0.00101288
0.00101477
0.00101692
0.00101938
0.00102215
0.00102528
0.00102878
0.00103269
0.00103703
0.00104183
0.00104712
0.00105292
0.00105925
0.00106612
0.00107354
0.00108149
0.00108997
0.00109892
0.00110831
0.00111806
0.00112809
0.00113828
0.00114854
0.00115872
0.00116871
0.00117838
0.00118761
0.00119631
0.0012044
0.00121181
0.0012185
0.00122447
0.00122971
0.00123425
0.00123811
0.00124136
0.00124404
0.00124621
0.00124793
0.00124926
0.00125027
0.00125102
0.00125156
0.00125195
0.00125223
0.00125246
0.00125268
0.00125294
0.00125328
0.00125376
0.00125447
0.00125553
0.00125712
0.00125947
0.00126281
0.00126729
0.00127292
0.00127947
0.00128649
0.00129338
0.00129942
0.00130387
0.00130594
0.00130484
0.00129982
0.00129022
0.00127567
0.00125619
0.00123231
0.00120502
0.0011757
0.00114589
0.0011171
0.00109056
0.0010671
0.00104711
0.0010306
0.00101735
0.00100695
0.000999289
0.000991279
0.00100601
0.00100577
0.00100555
0.00100534
0.00100516
0.001005
0.00100487
0.0010048
0.00100477
0.00100481
0.00100493
0.00100514
0.00100545
0.00100587
0.00100643
0.00100713
0.001008
0.00100904
0.00101027
0.00101172
0.00101341
0.00101534
0.00101756
0.00102007
0.00102291
0.00102609
0.00102965
0.00103361
0.00103799
0.00104283
0.00104813
0.00105393
0.00106023
0.00106703
0.00107434
0.00108213
0.00109037
0.00109902
0.00110803
0.0011173
0.00112676
0.0011363
0.00114581
0.00115518
0.00116429
0.00117305
0.00118135
0.00118911
0.00119627
0.00120279
0.00120865
0.00121384
0.00121836
0.00122225
0.00122554
0.00122828
0.00123051
0.0012323
0.00123369
0.00123474
0.00123552
0.00123607
0.00123645
0.0012367
0.00123688
0.00123702
0.00123716
0.00123735
0.00123765
0.00123812
0.00123886
0.00124006
0.00124191
0.00124466
0.00124849
0.00125346
0.00125939
0.00126593
0.00127252
0.00127852
0.00128324
0.00128597
0.00128597
0.00128248
0.00127481
0.0012625
0.00124543
0.00122396
0.00119893
0.00117158
0.00114336
0.00111575
0.00109
0.001067
0.00104722
0.00103079
0.00101753
0.00100706
0.000999335
0.000991218
0.00100601
0.00100577
0.00100554
0.00100533
0.00100514
0.00100497
0.00100483
0.00100473
0.00100467
0.00100468
0.00100475
0.0010049
0.00100513
0.00100548
0.00100594
0.00100653
0.00100726
0.00100816
0.00100924
0.00101051
0.001012
0.00101373
0.00101571
0.00101797
0.00102053
0.00102342
0.00102665
0.00103025
0.00103426
0.00103868
0.00104354
0.00104885
0.00105463
0.00106088
0.0010676
0.00107477
0.00108237
0.00109035
0.00109867
0.00110726
0.00111604
0.00112492
0.00113381
0.0011426
0.0011512
0.0011595
0.00116741
0.00117486
0.00118177
0.00118812
0.00119386
0.00119897
0.00120347
0.00120737
0.00121069
0.00121347
0.00121576
0.0012176
0.00121904
0.00122014
0.00122095
0.00122153
0.00122191
0.00122215
0.00122229
0.00122238
0.00122245
0.00122254
0.0012227
0.00122299
0.00122351
0.00122441
0.00122588
0.00122816
0.00123146
0.00123587
0.00124127
0.00124736
0.00125364
0.00125952
0.00126438
0.00126756
0.00126838
0.00126611
0.00126005
0.00124968
0.00123476
0.00121551
0.00119262
0.00116717
0.00114052
0.0011141
0.00108917
0.00106668
0.00104717
0.00103083
0.00101758
0.00100707
0.000999281
0.000991069
0.00100601
0.00100577
0.00100553
0.00100531
0.00100511
0.00100493
0.00100477
0.00100465
0.00100457
0.00100454
0.00100456
0.00100465
0.00100483
0.00100509
0.00100546
0.00100595
0.00100657
0.00100733
0.00100826
0.00100937
0.00101068
0.00101221
0.00101397
0.001016
0.0010183
0.0010209
0.00102384
0.00102711
0.00103076
0.0010348
0.00103925
0.00104412
0.00104942
0.00105516
0.00106134
0.00106794
0.00107494
0.00108231
0.00109
0.00109796
0.00110611
0.00111439
0.0011227
0.00113095
0.00113905
0.00114692
0.00115446
0.00116159
0.00116827
0.00117443
0.00118003
0.00118507
0.00118953
0.00119342
0.00119675
0.00119957
0.00120189
0.00120378
0.00120527
0.00120641
0.00120725
0.00120785
0.00120824
0.00120848
0.00120861
0.00120867
0.00120869
0.00120872
0.00120879
0.00120896
0.00120932
0.00120999
0.00121117
0.00121308
0.00121595
0.00121989
0.00122484
0.00123053
0.00123651
0.00124224
0.00124714
0.00125062
0.00125204
0.00125073
0.001246
0.00123728
0.00122426
0.00120702
0.00118611
0.00116248
0.00113738
0.00111217
0.0010881
0.00106615
0.00104694
0.00103073
0.0010175
0.00100696
0.000999125
0.000990828
0.001006
0.00100576
0.00100552
0.0010053
0.00100508
0.00100489
0.00100472
0.00100458
0.00100447
0.0010044
0.00100439
0.00100443
0.00100455
0.00100474
0.00100503
0.00100542
0.00100594
0.00100658
0.00100738
0.00100834
0.00100948
0.00101083
0.00101239
0.0010142
0.00101626
0.00101861
0.00102126
0.00102424
0.00102756
0.00103124
0.00103531
0.00103977
0.00104463
0.0010499
0.00105558
0.00106165
0.00106811
0.00107491
0.00108202
0.00108939
0.00109696
0.00110467
0.00111243
0.00112017
0.00112781
0.00113526
0.00114243
0.00114927
0.0011557
0.00116166
0.00116713
0.00117207
0.00117647
0.00118033
0.00118366
0.00118648
0.00118884
0.00119075
0.00119228
0.00119345
0.00119433
0.00119495
0.00119536
0.00119562
0.00119575
0.00119579
0.0011958
0.00119579
0.0011958
0.00119589
0.00119613
0.00119664
0.00119759
0.00119921
0.00120173
0.00120528
0.00120984
0.00121518
0.0012209
0.00122647
0.00123136
0.00123501
0.00123687
0.00123629
0.00123264
0.00122532
0.00121396
0.00119853
0.00117946
0.00115755
0.00113395
0.00110994
0.00108675
0.00106538
0.00104651
0.00103047
0.00101729
0.00100674
0.000998856
0.000990485
0.00100599
0.00100575
0.00100551
0.00100527
0.00100506
0.00100485
0.00100467
0.00100451
0.00100438
0.00100428
0.00100423
0.00100423
0.0010043
0.00100443
0.00100465
0.00100496
0.00100538
0.00100592
0.00100659
0.00100742
0.00100841
0.00100959
0.00101097
0.00101258
0.00101443
0.00101654
0.00101893
0.00102163
0.00102465
0.001028
0.00103172
0.0010358
0.00104025
0.00104509
0.00105031
0.00105589
0.00106184
0.00106811
0.00107468
0.00108151
0.00108854
0.00109571
0.00110297
0.00111023
0.00111742
0.00112446
0.00113129
0.00113782
0.001144
0.00114976
0.00115507
0.0011599
0.00116422
0.00116802
0.00117133
0.00117415
0.0011765
0.00117844
0.00117998
0.00118118
0.00118209
0.00118274
0.00118318
0.00118345
0.0011836
0.00118365
0.00118365
0.00118363
0.00118362
0.00118366
0.00118382
0.00118421
0.00118499
0.00118638
0.0011886
0.00119182
0.00119604
0.00120107
0.00120654
0.00121195
0.00121679
0.00122055
0.00122271
0.0012227
0.00121991
0.00121376
0.00120384
0.00119003
0.00117264
0.00115236
0.00113021
0.0011074
0.00108511
0.00106436
0.00104586
0.00103001
0.00101691
0.00100636
0.000998449
0.000990017
0.00100598
0.00100573
0.00100549
0.00100525
0.00100503
0.00100481
0.00100462
0.00100444
0.00100429
0.00100417
0.00100409
0.00100405
0.00100407
0.00100415
0.00100431
0.00100455
0.00100488
0.00100533
0.00100589
0.0010066
0.00100746
0.00100849
0.00100971
0.00101114
0.00101279
0.00101468
0.00101684
0.00101928
0.00102202
0.00102508
0.00102846
0.00103219
0.00103627
0.00104071
0.0010455
0.00105063
0.0010561
0.00106189
0.00106796
0.00107427
0.0010808
0.00108747
0.00109425
0.00110105
0.00110781
0.00111447
0.00112095
0.00112718
0.0011331
0.00113865
0.00114378
0.00114847
0.00115268
0.00115641
0.00115966
0.00116245
0.00116479
0.00116672
0.00116827
0.00116949
0.00117042
0.00117111
0.00117158
0.00117189
0.00117207
0.00117215
0.00117217
0.00117215
0.00117214
0.00117216
0.00117227
0.00117257
0.00117321
0.00117439
0.00117636
0.00117927
0.00118318
0.00118793
0.00119315
0.00119839
0.00120316
0.00120696
0.00120933
0.00120975
0.00120766
0.00120249
0.00119381
0.00118145
0.0011656
0.00114685
0.0011261
0.00110447
0.0010831
0.001063
0.00104492
0.0010293
0.0010163
0.00100578
0.000997856
0.000989378
0.00100598
0.00100572
0.00100547
0.00100523
0.001005
0.00100478
0.00100457
0.00100438
0.00100421
0.00100407
0.00100396
0.00100389
0.00100387
0.00100391
0.00100401
0.00100418
0.00100444
0.0010048
0.00100528
0.00100588
0.00100662
0.00100751
0.00100859
0.00100985
0.00101132
0.00101302
0.00101496
0.00101717
0.00101965
0.00102243
0.00102552
0.00102893
0.00103266
0.00103672
0.00104112
0.00104584
0.00105087
0.0010562
0.0010618
0.00106765
0.00107369
0.0010799
0.00108622
0.00109258
0.00109893
0.00110521
0.00111134
0.00111726
0.0011229
0.00112821
0.00113314
0.00113766
0.00114173
0.00114535
0.00114852
0.00115124
0.00115355
0.00115546
0.00115702
0.00115826
0.00115922
0.00115994
0.00116047
0.00116083
0.00116106
0.00116119
0.00116124
0.00116126
0.00116126
0.00116127
0.00116134
0.00116157
0.00116208
0.00116308
0.0011648
0.00116742
0.00117102
0.00117546
0.00118042
0.00118547
0.00119011
0.00119391
0.00119641
0.00119715
0.00119562
0.00119128
0.00118369
0.00117263
0.0011582
0.00114089
0.00112149
0.00110103
0.0010806
0.00106119
0.00104357
0.00102823
0.00101537
0.0010049
0.000996982
0.00098848
0.00100597
0.00100571
0.00100546
0.00100521
0.00100497
0.00100474
0.00100452
0.00100432
0.00100414
0.00100398
0.00100385
0.00100375
0.00100369
0.00100369
0.00100374
0.00100386
0.00100405
0.00100434
0.00100473
0.00100523
0.00100587
0.00100665
0.00100759
0.0010087
0.00101001
0.00101153
0.00101328
0.00101528
0.00101753
0.00102005
0.00102287
0.00102598
0.00102939
0.00103311
0.00103714
0.00104148
0.0010461
0.00105101
0.00105617
0.00106157
0.00106717
0.00107293
0.0010788
0.00108474
0.00109068
0.00109657
0.00110234
0.00110792
0.00111326
0.0011183
0.00112299
0.00112729
0.00113119
0.00113466
0.00113771
0.00114035
0.00114261
0.0011445
0.00114607
0.00114734
0.00114836
0.00114915
0.00114975
0.00115019
0.00115049
0.00115068
0.0011508
0.00115085
0.00115086
0.00115087
0.0011509
0.00115105
0.00115142
0.00115223
0.00115368
0.00115598
0.00115922
0.00116331
0.00116796
0.00117275
0.00117722
0.00118094
0.00118349
0.00118447
0.00118339
0.00117976
0.00117314
0.00116325
0.00115015
0.00113421
0.00111613
0.00109684
0.00107738
0.00105871
0.00104161
0.0010266
0.00101392
0.00100354
0.000995662
0.000987167
0.00100595
0.0010057
0.00100544
0.00100519
0.00100494
0.00100471
0.00100448
0.00100427
0.00100407
0.00100389
0.00100374
0.00100362
0.00100353
0.00100349
0.0010035
0.00100357
0.00100371
0.00100393
0.00100425
0.00100467
0.00100521
0.00100588
0.0010067
0.00100768
0.00100885
0.00101021
0.00101178
0.00101358
0.00101562
0.00101792
0.00102048
0.00102332
0.00102644
0.00102984
0.00103353
0.00103751
0.00104175
0.00104626
0.00105101
0.00105598
0.00106115
0.00106646
0.0010719
0.0010774
0.00108292
0.00108839
0.00109377
0.00109897
0.00110396
0.00110868
0.00111307
0.00111712
0.0011208
0.00112409
0.00112702
0.00112958
0.0011318
0.0011337
0.0011353
0.00113665
0.00113776
0.00113865
0.00113936
0.0011399
0.0011403
0.00114057
0.00114073
0.00114081
0.00114082
0.00114079
0.00114075
0.00114077
0.00114096
0.00114151
0.00114264
0.00114456
0.00114737
0.00115103
0.00115527
0.0011597
0.0011639
0.00116744
0.00116996
0.00117108
0.00117037
0.00116736
0.00116161
0.00115283
0.00114098
0.00112637
0.0011096
0.00109152
0.00107308
0.00105522
0.0010387
0.00102409
0.00101167
0.00100143
0.000993626
0.000985181
0.00100594
0.00100568
0.00100542
0.00100517
0.00100492
0.00100467
0.00100444
0.00100421
0.001004
0.00100381
0.00100364
0.0010035
0.00100339
0.00100331
0.00100329
0.00100331
0.0010034
0.00100357
0.00100382
0.00100416
0.00100462
0.0010052
0.00100591
0.00100678
0.00100781
0.00100903
0.00101044
0.00101207
0.00101391
0.001016
0.00101833
0.00102091
0.00102376
0.00102687
0.00103024
0.00103387
0.00103776
0.00104188
0.00104623
0.00105077
0.0010555
0.00106036
0.00106533
0.00107037
0.00107541
0.00108042
0.00108533
0.0010901
0.00109467
0.001099
0.00110305
0.00110681
0.00111025
0.00111338
0.00111621
0.00111873
0.00112097
0.00112294
0.00112466
0.00112614
0.0011274
0.00112844
0.00112929
0.00112994
0.00113043
0.00113075
0.00113092
0.00113097
0.0011309
0.00113075
0.00113054
0.00113033
0.00113025
0.00113044
0.00113114
0.00113255
0.00113481
0.0011379
0.00114159
0.00114553
0.00114932
0.00115257
0.00115495
0.00115613
0.00115571
0.00115325
0.00114832
0.0011406
0.00112999
0.00111671
0.00110128
0.00108445
0.00106711
0.00105015
0.00103433
0.00102021
0.00100813
0.000998109
0.000990436
0.000982104
0.00100593
0.00100567
0.00100541
0.00100515
0.00100489
0.00100464
0.0010044
0.00100417
0.00100395
0.00100374
0.00100355
0.00100339
0.00100325
0.00100315
0.0010031
0.00100309
0.00100313
0.00100325
0.00100344
0.00100372
0.0010041
0.00100459
0.00100521
0.00100597
0.00100689
0.00100797
0.00100924
0.0010107
0.00101237
0.00101426
0.00101637
0.00101872
0.00102131
0.00102413
0.00102719
0.00103049
0.001034
0.00103773
0.00104165
0.00104574
0.00104998
0.00105434
0.00105878
0.00106326
0.00106775
0.0010722
0.00107656
0.00108081
0.0010849
0.00108881
0.00109252
0.00109601
0.00109928
0.00110233
0.00110516
0.00110777
0.00111015
0.00111231
0.00111424
0.00111593
0.00111739
0.00111859
0.00111955
0.00112027
0.00112076
0.00112102
0.00112107
0.00112094
0.00112063
0.00112018
0.00111963
0.00111903
0.00111849
0.00111816
0.00111826
0.001119
0.00112054
0.00112288
0.00112584
0.00112911
0.00113233
0.00113514
0.00113726
0.0011384
0.00113821
0.00113627
0.00113214
0.00112548
0.00111613
0.00110423
0.0010902
0.00107472
0.0010586
0.00104267
0.00102769
0.00101421
0.00100258
0.000992877
0.000985414
0.000977284
0.00100592
0.00100565
0.00100539
0.00100513
0.00100487
0.00100461
0.00100436
0.00100412
0.00100389
0.00100367
0.00100347
0.00100329
0.00100313
0.00100301
0.00100292
0.00100288
0.00100289
0.00100296
0.0010031
0.00100332
0.00100363
0.00100404
0.00100458
0.00100524
0.00100605
0.00100701
0.00100813
0.00100944
0.00101093
0.00101263
0.00101453
0.00101663
0.00101895
0.00102147
0.0010242
0.00102712
0.00103023
0.0010335
0.00103692
0.00104047
0.00104413
0.00104786
0.00105165
0.00105546
0.00105927
0.00106306
0.00106681
0.0010705
0.00107414
0.00107769
0.00108117
0.00108457
0.00108786
0.00109105
0.0010941
0.00109699
0.00109969
0.00110216
0.00110437
0.00110629
0.00110788
0.00110914
0.00111006
0.00111063
0.00111088
0.00111081
0.00111046
0.00110984
0.001109
0.00110797
0.0011068
0.00110553
0.00110428
0.00110319
0.00110247
0.00110233
0.00110295
0.00110434
0.00110638
0.00110879
0.00111126
0.00111348
0.00111523
0.00111625
0.00111625
0.00111483
0.00111154
0.00110599
0.00109797
0.00108754
0.00107504
0.00106105
0.00104632
0.00103161
0.00101763
0.00100496
0.000993936
0.000984687
0.000977536
0.000969726
0.00100591
0.00100564
0.00100537
0.0010051
0.00100484
0.00100458
0.00100432
0.00100407
0.00100383
0.0010036
0.00100339
0.00100319
0.00100301
0.00100286
0.00100275
0.00100267
0.00100264
0.00100267
0.00100275
0.00100291
0.00100316
0.0010035
0.00100394
0.0010045
0.00100519
0.00100602
0.001007
0.00100813
0.00100944
0.00101091
0.00101256
0.00101438
0.00101637
0.00101853
0.00102084
0.00102329
0.00102587
0.00102855
0.00103132
0.00103416
0.00103706
0.00104001
0.00104299
0.00104601
0.00104908
0.00105222
0.00105543
0.00105873
0.00106214
0.00106566
0.00106926
0.00107294
0.00107663
0.0010803
0.00108385
0.00108722
0.00109032
0.00109308
0.00109544
0.00109735
0.00109876
0.00109968
0.0011001
0.00110004
0.00109953
0.00109862
0.00109735
0.00109578
0.00109395
0.00109191
0.00108972
0.00108744
0.00108518
0.00108306
0.00108128
0.00108006
0.00107956
0.00107983
0.00108079
0.00108219
0.00108377
0.0010853
0.0010866
0.00108748
0.00108769
0.00108685
0.00108448
0.00108017
0.00107362
0.00106481
0.001054
0.00104169
0.00102855
0.00101527
0.00100253
0.000990867
0.000980646
0.000972011
0.0009653
0.000957957
0.00100589
0.00100562
0.00100534
0.00100507
0.0010048
0.00100453
0.00100426
0.001004
0.00100374
0.0010035
0.00100326
0.00100304
0.00100284
0.00100266
0.00100251
0.00100239
0.00100231
0.00100227
0.00100229
0.00100238
0.00100253
0.00100277
0.00100309
0.00100352
0.00100406
0.00100471
0.00100548
0.00100638
0.00100741
0.00100858
0.00100987
0.00101128
0.0010128
0.00101443
0.00101613
0.00101791
0.00101974
0.0010216
0.0010235
0.00102544
0.00102742
0.00102949
0.00103166
0.001034
0.00103655
0.00103938
0.00104252
0.001046
0.00104982
0.00105395
0.00105831
0.00106282
0.00106734
0.00107173
0.00107585
0.00107956
0.00108273
0.00108527
0.00108711
0.00108822
0.00108859
0.00108825
0.00108725
0.00108565
0.00108353
0.00108097
0.00107805
0.00107486
0.00107146
0.00106792
0.0010643
0.00106067
0.00105711
0.00105376
0.00105078
0.00104836
0.00104667
0.00104577
0.0010456
0.00104597
0.00104666
0.00104752
0.00104842
0.00104924
0.00104977
0.00104965
0.00104838
0.00104548
0.00104059
0.00103361
0.00102471
0.00101432
0.001003
0.00099141
0.000980149
0.00096973
0.000960519
0.000952682
0.000946557
0.000939851
0.00100582
0.00100553
0.00100524
0.00100495
0.00100466
0.00100436
0.00100407
0.00100378
0.00100349
0.0010032
0.00100292
0.00100265
0.00100239
0.00100214
0.00100191
0.00100171
0.00100153
0.00100139
0.00100128
0.00100122
0.00100121
0.00100126
0.00100138
0.00100157
0.00100182
0.00100216
0.00100258
0.00100307
0.00100365
0.00100428
0.00100498
0.00100573
0.00100651
0.00100732
0.00100814
0.00100897
0.00100981
0.00101069
0.00101163
0.0010127
0.00101396
0.00101549
0.00101741
0.00101979
0.00102274
0.00102629
0.00103046
0.0010352
0.00104043
0.00104598
0.00105165
0.00105721
0.00106242
0.00106704
0.00107087
0.00107376
0.0010756
0.00107635
0.001076
0.00107461
0.00107228
0.0010691
0.00106523
0.00106078
0.00105591
0.00105073
0.00104535
0.00103989
0.00103442
0.00102901
0.00102372
0.00101861
0.00101373
0.00100918
0.00100511
0.00100165
0.000998967
0.000997111
0.000996038
0.000995609
0.000995664
0.000996097
0.000996859
0.000997895
0.00099903
0.000999905
0.00100001
0.000998786
0.000995816
0.000990911
0.000984168
0.000975928
0.000966693
0.000957031
0.000947493
0.000938549
0.000930558
0.000923703
0.000918314
0.000912419
0.00100545
0.00100511
0.00100476
0.0010044
0.00100404
0.00100366
0.00100328
0.00100289
0.00100249
0.00100208
0.00100166
0.00100125
0.00100082
0.0010004
0.000999971
0.000999548
0.00099913
0.000998719
0.000998319
0.000997933
0.000997563
0.000997212
0.000996882
0.000996572
0.000996284
0.000996016
0.000995763
0.000995523
0.00099529
0.000995057
0.000994822
0.000994582
0.000994344
0.000994121
0.000993941
0.000993851
0.000993914
0.00099422
0.000994878
0.000996013
0.000997758
0.00100024
0.00100357
0.0010078
0.00101293
0.00101889
0.00102549
0.0010325
0.00103959
0.00104638
0.00105251
0.0010576
0.00106138
0.00106362
0.00106422
0.00106313
0.00106044
0.00105626
0.00105079
0.00104424
0.00103685
0.00102886
0.00102048
0.00101191
0.00100332
0.000994868
0.000986654
0.000978768
0.000971271
0.000964204
0.000957592
0.000951451
0.000945801
0.000940691
0.00093619
0.000932395
0.000929406
0.000927274
0.000925968
0.000925387
0.00092543
0.000926054
0.000927274
0.00092908
0.000931325
0.000933651
0.000935514
0.000936311
0.000935551
0.000932978
0.000928623
0.000922756
0.000915807
0.000908273
0.000900644
0.000893354
0.000886746
0.000881021
0.00087649
0.000871553
0.00100364
0.0010031
0.00100253
0.00100194
0.00100132
0.00100067
0.000999988
0.000999281
0.000998543
0.000997773
0.000996971
0.000996136
0.000995268
0.000994367
0.000993432
0.000992463
0.000991461
0.000990426
0.000989357
0.000988256
0.000987122
0.000985957
0.00098476
0.000983533
0.000982279
0.000981
0.000979703
0.000978399
0.000977104
0.000975841
0.000974648
0.000973574
0.000972688
0.000972077
0.000971851
0.000972139
0.000973089
0.000974854
0.000977584
0.000981405
0.000986396
0.000992566
0.000999826
0.00100797
0.00101668
0.0010255
0.0010339
0.0010413
0.00104716
0.00105098
0.00105241
0.00105126
0.00104747
0.00104119
0.00103264
0.00102216
0.00101015
0.00099702
0.000983191
0.000969046
0.000954923
0.000941108
0.000927825
0.000915244
0.000903482
0.000892611
0.000882669
0.000873664
0.000865581
0.000858396
0.000852063
0.000846552
0.000841797
0.000837738
0.000834362
0.000831702
0.000829809
0.000828719
0.000828424
0.000828875
0.000830028
0.000831896
0.000834542
0.000837987
0.000842084
0.000846459
0.000850543
0.000853702
0.000855402
0.000855351
0.000853526
0.000850143
0.000845565
0.000840225
0.000834562
0.000828978
0.000823807
0.00081927
0.000815654
0.00081175
0.000995681
0.000994477
0.000993217
0.000991898
0.000990519
0.000989078
0.000987576
0.000986009
0.000984377
0.00098268
0.000980916
0.000979086
0.000977188
0.000975224
0.000973193
0.000971098
0.000968941
0.000966726
0.000964458
0.000962144
0.000959795
0.000957425
0.000955052
0.000952701
0.000950403
0.000948199
0.000946141
0.000944294
0.000942738
0.00094157
0.000940903
0.000940865
0.000941601
0.000943258
0.000945983
0.000949903
0.000955109
0.000961626
0.000969388
0.000978205
0.000987744
0.000997509
0.00100686
0.00101504
0.00102126
0.00102476
0.0010249
0.00102127
0.00101371
0.00100231
0.000987425
0.000969582
0.000949418
0.000927634
0.000904933
0.000881982
0.000859376
0.000837614
0.000817087
0.000798073
0.000780743
0.000765179
0.000751391
0.000739337
0.000728941
0.0007201
0.000712717
0.000706682
0.000701895
0.000698299
0.000695735
0.000694017
0.000693006
0.000692591
0.000692704
0.000693326
0.000694476
0.0006962
0.00069854
0.000701529
0.000705207
0.000709636
0.000714873
0.000720903
0.000727559
0.000734459
0.000741028
0.000746638
0.000750774
0.000753147
0.000753717
0.00075265
0.000750253
0.000746906
0.000743013
0.000738962
0.000735091
0.000731641
0.000728877
0.000725946
0.000964995
0.0009621
0.000959123
0.000956065
0.000952929
0.000949717
0.000946433
0.00094308
0.000939664
0.00093619
0.000932663
0.000929093
0.000925489
0.000921861
0.000918226
0.000914599
0.000911002
0.00090746
0.000904003
0.000900668
0.000897498
0.000894544
0.000891866
0.000889531
0.000887616
0.000886203
0.000885382
0.000885243
0.00088587
0.000887333
0.000889674
0.000892888
0.000896905
0.000901559
0.000906566
0.000911498
0.000915777
0.000918682
0.000919395
0.000917079
0.000910996
0.000900626
0.000885776
0.000866618
0.000843667
0.000817685
0.000789562
0.000760205
0.000730466
0.00070108
0.000672645
0.000645643
0.000620467
0.000597425
0.000576733
0.000558515
0.0005428
0.000529545
0.000518637
0.000509906
0.000503155
0.000498174
0.000494759
0.000492726
0.000491903
0.000492113
0.000493348
0.000495488
0.000498366
0.000501815
0.000505709
0.000509943
0.000514418
0.000519052
0.000523786
0.000528606
0.000533545
0.000538691
0.000544169
0.000550123
0.000556682
0.000563937
0.000571903
0.000580472
0.000589377
0.000598196
0.00060641
0.000613506
0.000619081
0.000622922
0.000624984
0.000625381
0.000624364
0.00062227
0.00061949
0.000616412
0.000613387
0.000610666
0.000608503
0.000606266
0.000865102
0.000859254
0.000853398
0.000847544
0.000841703
0.000835888
0.00083011
0.000824383
0.000818722
0.000813143
0.000807664
0.000802302
0.000797079
0.000792017
0.000787136
0.000782462
0.000778016
0.000773821
0.000769894
0.00076625
0.000762891
0.000759807
0.000756968
0.000754315
0.00075175
0.000749122
0.000746214
0.000742729
0.000738271
0.000732349
0.000724376
0.00071371
0.000699709
0.000681837
0.000659776
0.000633553
0.000603609
0.0005708
0.000536308
0.000501474
0.000467604
0.000435811
0.000406916
0.000381413
0.000359505
0.000341161
0.000326189
0.000314306
0.000305186
0.000298498
0.000293939
0.000291244
0.000290186
0.000290558
0.000292168
0.00029483
0.000298366
0.000302604
0.000307387
0.000312571
0.000318034
0.000323653
0.000329371
0.000335172
0.000340987
0.000346751
0.000352401
0.000357897
0.000363217
0.000368355
0.000373311
0.000378086
0.00038268
0.000387091
0.000391329
0.000395425
0.000399457
0.000403556
0.000407907
0.000412706
0.000418111
0.000424189
0.000430872
0.000437962
0.000445148
0.000452051
0.000458279
0.00046348
0.000467381
0.000469814
0.000470747
0.000470272
0.000468596
0.000466019
0.000462905
0.000459622
0.000456508
0.000453769
0.000451665
0.000449469
0.000602278
0.000593893
0.00058563
0.000577487
0.000569459
0.000561542
0.000553728
0.000546007
0.000538368
0.000530795
0.00052327
0.000515769
0.000508264
0.00050072
0.000493096
0.000485344
0.000477406
0.000469218
0.000460706
0.00045179
0.000442384
0.0004324
0.000421755
0.000410375
0.000398205
0.00038522
0.000371436
0.000356921
0.0003418
0.000326266
0.000310568
0.000295009
0.000279922
0.000265651
0.000252527
0.000240843
0.000230841
0.000222701
0.000216538
0.000212404
0.0002103
0.000210175
0.000211943
0.000215486
0.00022066
0.000227308
0.00023526
0.000244339
0.000254372
0.000265167
0.000276495
0.0002881
0.000299719
0.000311094
0.00032198
0.000332165
0.00034145
0.000349815
0.000357213
0.000363567
0.000368834
0.00037302
0.000376133
0.000378187
0.000379257
0.000379444
0.000378851
0.000377582
0.000375734
0.000373394
0.000370645
0.000367558
0.000364196
0.000360615
0.000356874
0.000353044
0.000349222
0.000345538
0.000342133
0.000339141
0.000336641
0.000334633
0.000333035
0.000331704
0.000330467
0.000329155
0.000327609
0.000325681
0.000323234
0.00032016
0.00031641
0.000312024
0.000307154
0.000302041
0.000296978
0.000292239
0.000288054
0.000284482
0.000281811
0.000278705
0.000228678
0.0002249
0.000221259
0.00021775
0.000214367
0.000211105
0.000207959
0.000204927
0.000202005
0.000199192
0.000196488
0.000193892
0.000191408
0.000189039
0.00018679
0.000184668
0.000182684
0.000180849
0.000179176
0.000177683
0.000176389
0.000175316
0.00017449
0.000173939
0.000173697
0.000173799
0.000174288
0.000175207
0.000176608
0.000178547
0.000181086
0.000184292
0.000188238
0.000193002
0.000198667
0.000205317
0.000213035
0.000221901
0.000231983
0.000243332
0.000255974
0.000269902
0.000285062
0.000301349
0.000318591
0.000336548
0.000354896
0.000373236
0.000391144
0.000407932
0.000422855
0.000435519
0.000445744
0.000453498
0.000458861
0.000461999
0.000463166
0.000462439
0.000460018
0.000456206
0.000451289
0.000445508
0.000439055
0.000432072
0.000424665
0.000416907
0.000408848
0.000400526
0.000391967
0.000383195
0.000374229
0.000365093
0.000355809
0.000346408
0.000336927
0.000327416
0.000317933
0.000308539
0.000299283
0.000290192
0.000281274
0.000272524
0.000263949
0.000255576
0.00024745
0.00023961
0.00023207
0.000224801
0.000217751
0.000210872
0.000204158
0.00019766
0.000191482
0.000185752
0.000180589
0.000176071
0.000172239
0.000169008
0.00016659
0.000163567
0.000182384
0.000183203
0.000183991
0.000184747
0.000185469
0.000186157
0.00018681
0.000187425
0.000188002
0.000188539
0.000189035
0.000189486
0.000189891
0.000190248
0.000190553
0.000190803
0.000190994
0.000191123
0.000191185
0.000191173
0.000191083
0.000190906
0.000190636
0.000190263
0.000189778
0.00018917
0.000188427
0.000187535
0.000186481
0.00018525
0.000183825
0.000182192
0.000180336
0.000178244
0.000175909
0.00017333
0.000170515
0.000167488
0.000164292
0.000160992
0.000157682
0.000154483
0.000151537
0.000148998
0.000147011
0.000145687
0.000145081
0.000145173
0.000145832
0.000147044
0.000148744
0.000150632
0.000152425
0.000153934
0.000155058
0.000155766
0.000156073
0.000156017
0.000155647
0.000155017
0.000154188
0.000153213
0.00015214
0.000151008
0.000149849
0.000148683
0.000147526
0.000146387
0.000145272
0.000144188
0.000143139
0.000142134
0.000141179
0.000140283
0.000139453
0.000138695
0.000138011
0.000137404
0.000136873
0.000136415
0.00013603
0.000135713
0.000135463
0.000135272
0.000135132
0.000135032
0.000134961
0.000134908
0.000134866
0.00013483
0.000134801
0.00013478
0.000134768
0.000134767
0.000134777
0.000134797
0.000134823
0.000134857
0.000134885
0.00013494
5.52068e-05
0.000134688
0.000142202
0.000140344
0.000133291
0.000119635
0.000119571
0.000169668
0.000219443
0.000257878
0.000288721
0.000314211
0.000335652
0.000353834
0.000369249
0.000382222
0.000392998
0.000401792
0.000408815
0.000414279
0.000418394
0.00042136
0.000423364
0.000424577
0.000425153
0.000425228
0.000424927
0.000424366
0.000423662
0.000422891
0.000422012
0.000421088
0.000420153
0.000419227
0.000418314
0.000417405
0.000416472
0.000415459
0.000414283
0.00041282
0.000410905
0.000408333
0.000404891
0.000400429
0.00039502
0.000389216
0.000384187
0.000379024
0.000373043
0.000366238
0.000358788
0.000350923
0.000342877
0.00033486
0.000327042
0.000319541
0.00031243
0.000305744
0.000299491
0.00029366
0.000288229
0.000283171
0.000278458
0.000274062
0.000269957
0.000266119
0.000262524
0.000259151
0.000255978
0.000252977
0.000250122
0.000247379
0.00024471
0.000242073
0.000239418
0.000236694
0.000233844
0.000230813
0.000227545
0.000223997
0.000220142
0.000215982
0.000211551
0.000206919
0.000202269
0.000197903
0.000194155
0.000191265
0.000189296
0.000188128
0.000187538
0.000187293
0.000187215
0.000187205
0.000187218
0.000187241
0.00018727
0.000187305
0.000187337
0.000187391
8.11642e-05
0.000314126
0.000433407
0.000415153
0.000377576
0.000397993
0.000467201
0.000559551
0.000656989
0.000765773
0.000892132
0.00103761
0.00119997
0.00137393
0.0015523
0.00172744
0.00189256
0.0020426
0.00217449
0.00228708
0.00238065
0.00245645
0.00251618
0.00256168
0.00259458
0.0026161
0.00262694
0.00262732
0.00261736
0.00259888
0.00257556
0.0025482
0.00251739
0.00248363
0.0024474
0.00240915
0.00236929
0.00232818
0.00228619
0.0022437
0.00220124
0.00215973
0.00212076
0.00208688
0.00206128
0.00204563
0.00203761
0.00203142
0.00201944
0.00199518
0.00195552
0.00190118
0.00183556
0.00176308
0.00168788
0.0016132
0.00154122
0.00147324
0.00140988
0.00135135
0.00129757
0.00124831
0.00120329
0.00116218
0.00112466
0.00109041
0.00105912
0.00103048
0.00100416
0.000979823
0.000957078
0.000935509
0.000914657
0.000894017
0.000873049
0.000851185
0.00082784
0.000802436
0.000774434
0.00074335
0.000708743
0.000670153
0.000627021
0.000579025
0.000528607
0.000478902
0.00043163
0.000387486
0.000347171
0.000311912
0.000283015
0.000261125
0.000245827
0.000235819
0.000229445
0.000225228
0.000222152
0.000219709
0.000217798
0.000215585
9.81026e-05
0.000525692
0.000653963
0.000654114
0.00066194
0.000729303
0.000845
0.00099533
0.00118259
0.00141036
0.00167367
0.00195963
0.00225203
0.00253595
0.00280041
0.00303877
0.00324799
0.00342747
0.00357816
0.00370182
0.00380058
0.00387667
0.0039322
0.0039691
0.00398907
0.00399359
0.003984
0.00396165
0.00392811
0.00388352
0.00382804
0.00376178
0.00368471
0.00359676
0.00349787
0.00338806
0.00326745
0.00313637
0.00299546
0.00284588
0.00268975
0.00253085
0.00237592
0.00223648
0.00213149
0.00208149
0.00209631
0.0021638
0.00225413
0.00233584
0.00238886
0.00240735
0.00239514
0.00236
0.00230981
0.00225097
0.00218809
0.00212427
0.00206151
0.00200102
0.00194348
0.00188927
0.00183854
0.0017913
0.0017475
0.001707
0.00166963
0.00163518
0.00160338
0.00157388
0.00154627
0.00152005
0.00149463
0.0014693
0.00144332
0.00141582
0.00138594
0.0013528
0.00131557
0.00127353
0.00122612
0.0011729
0.00111362
0.00104848
0.000978658
0.000906152
0.000833184
0.000761934
0.000694453
0.000632399
0.000577424
0.000531076
0.000494267
0.000466763
0.000447179
0.000433522
0.000423799
0.000416358
0.000410749
0.000403647
0.000108087
0.000669502
0.000860826
0.000906755
0.00095291
0.00105517
0.00121666
0.00143198
0.00169617
0.00199718
0.00231717
0.00263828
0.00294707
0.0032354
0.00349917
0.00373662
0.0039472
0.004131
0.00428851
0.00442052
0.0045281
0.00461249
0.00467499
0.00471695
0.00473964
0.00474424
0.00473179
0.00470318
0.00465904
0.00459937
0.0045241
0.00443308
0.00432599
0.00420246
0.00406209
0.00390455
0.00372963
0.0035373
0.00332784
0.00310198
0.00286122
0.0026089
0.00235188
0.00210464
0.00189622
0.00177189
0.00177217
0.00189463
0.00208392
0.00227
0.00240972
0.00249351
0.00253015
0.00253292
0.00251338
0.00247995
0.00243837
0.00239243
0.00234462
0.00229659
0.0022494
0.00220377
0.00216014
0.00211879
0.00207986
0.00204343
0.00200947
0.00197789
0.0019485
0.00192103
0.0018951
0.0018702
0.00184572
0.0018209
0.00179487
0.00176669
0.00173535
0.00169985
0.00165926
0.00161283
0.00156003
0.00150065
0.00143487
0.00136331
0.00128722
0.00120834
0.00112873
0.00105044
0.000975286
0.000904758
0.000840259
0.000783374
0.000735707
0.000698164
0.000670308
0.000650429
0.000636263
0.000625629
0.000617793
0.000607937
0.000112572
0.000756328
0.00102145
0.00112875
0.00122002
0.00135781
0.00155572
0.00180693
0.00209666
0.00240685
0.00272106
0.00302758
0.0033195
0.00359321
0.00384681
0.00407905
0.00428894
0.00447573
0.00463896
0.0047785
0.00489458
0.00498766
0.00505844
0.00510769
0.0051362
0.00514472
0.00513386
0.00510409
0.00505554
0.0049881
0.00490156
0.00479553
0.00466953
0.00452296
0.0043552
0.00416569
0.00395407
0.00372018
0.00346423
0.00318689
0.00288964
0.00257544
0.00225086
0.00193186
0.00165497
0.00148353
0.00148266
0.00165805
0.0019243
0.00217234
0.00234953
0.00245647
0.00251179
0.00253303
0.0025325
0.00251812
0.00249496
0.00246633
0.00243447
0.00240093
0.00236679
0.00233284
0.00229962
0.00226754
0.00223687
0.00220779
0.00218038
0.00215463
0.00213045
0.00210762
0.0020858
0.0020645
0.0020431
0.00202083
0.00199678
0.00196993
0.00193922
0.00190357
0.00186203
0.00181381
0.00175845
0.00169586
0.00162643
0.00155111
0.00147132
0.001389
0.00130631
0.00122538
0.00114795
0.00107528
0.00100831
0.000948203
0.000896496
0.000854564
0.000822674
0.000799629
0.000783303
0.000771344
0.000762743
0.000752257
0.000114233
0.000791061
0.00112556
0.00129757
0.00143806
0.0016073
0.00182244
0.00207739
0.00235754
0.00264813
0.00293804
0.00322025
0.00349077
0.00374724
0.00398798
0.0042115
0.00441641
0.00460143
0.00476557
0.00490812
0.00502869
0.00512717
0.00520369
0.00525847
0.00529181
0.00530399
0.00529521
0.00526548
0.00521468
0.00514247
0.00504843
0.00493198
0.00479246
0.00462914
0.00444131
0.00422839
0.00398999
0.00372604
0.00343688
0.00312339
0.00278721
0.00243161
0.00206476
0.00170906
0.00141586
0.00126688
0.00133279
0.0015895
0.00189748
0.00213886
0.00229277
0.00238244
0.0024318
0.00245629
0.00246488
0.00246284
0.00245347
0.002439
0.00242102
0.00240073
0.00237902
0.00235659
0.00233398
0.00231161
0.00228981
0.00226879
0.00224872
0.00222965
0.00221154
0.00219421
0.00217738
0.00216058
0.00214319
0.00212444
0.0021034
0.00207901
0.00205016
0.00201574
0.00197476
0.00192643
0.00187031
0.00180638
0.00173516
0.00165772
0.00157571
0.00149121
0.00140658
0.00132411
0.00124567
0.00117249
0.00110528
0.00104479
0.000992263
0.000949047
0.000915712
0.000891426
0.000874288
0.000861972
0.0008533
0.000843121
0.000113134
0.000789439
0.0011787
0.00140814
0.00159304
0.00178623
0.00200524
0.00224817
0.00250579
0.00276868
0.00302997
0.00328525
0.00353182
0.00376781
0.00399162
0.00420169
0.00439645
0.00457439
0.00473418
0.0048747
0.0049951
0.00509479
0.00517337
0.00523058
0.00526622
0.00528013
0.00527207
0.00524173
0.00518867
0.00511234
0.00501211
0.00488725
0.00473699
0.00456054
0.00435724
0.00412657
0.00386829
0.00358254
0.00326987
0.00293134
0.00256876
0.00218648
0.00179784
0.00143983
0.00118698
0.00113641
0.00133422
0.00166528
0.00194574
0.0021215
0.00222319
0.00228334
0.00232026
0.00234299
0.00235609
0.00236213
0.0023628
0.00235932
0.00235263
0.00234351
0.00233262
0.00232049
0.00230756
0.00229423
0.0022808
0.00226753
0.0022546
0.00224211
0.00223005
0.0022183
0.0022066
0.00219452
0.00218145
0.00216662
0.00214909
0.00212777
0.00210154
0.00206924
0.00202986
0.0019826
0.00192704
0.00186319
0.00179163
0.00171352
0.00163059
0.00154507
0.00145945
0.0013762
0.00129738
0.00122433
0.00115773
0.00109809
0.00104632
0.00100352
0.000970267
0.000945907
0.000928738
0.000916559
0.00090812
0.000898578
0.000110011
0.000763889
0.00119021
0.00146439
0.00168418
0.00189434
0.00211148
0.00233771
0.00256946
0.00280223
0.00303255
0.00325808
0.00347723
0.00368871
0.00389117
0.00408312
0.00426295
0.00442903
0.00457977
0.00471375
0.00482974
0.0049267
0.00500378
0.00506028
0.00509553
0.00510894
0.00509991
0.00506781
0.00501195
0.00493157
0.00482589
0.00469408
0.00453536
0.00434901
0.00413445
0.00389135
0.00361967
0.00331973
0.00299218
0.00263809
0.00225981
0.00186533
0.00148049
0.00116665
0.00102271
0.00114103
0.00147002
0.00178113
0.0019688
0.00207082
0.00213066
0.00217001
0.00219801
0.00221863
0.00223378
0.00224459
0.00225181
0.00225603
0.00225773
0.00225732
0.00225518
0.00225164
0.00224701
0.00224158
0.0022356
0.00222932
0.00222291
0.00221648
0.00221007
0.00220358
0.00219679
0.00218929
0.00218049
0.00216964
0.00215577
0.00213781
0.00211458
0.00208494
0.00204784
0.00200248
0.00194843
0.00188574
0.00181498
0.00173738
0.0016547
0.00156922
0.00148356
0.00140031
0.00132171
0.00124926
0.00118373
0.00112554
0.00107529
0.0010338
0.00100147
0.000977686
0.000960912
0.000949104
0.000941013
0.000932166
0.000105554
0.000725301
0.00116994
0.00147398
0.00171673
0.00193584
0.00214656
0.00235368
0.00255781
0.00275846
0.00295522
0.00314786
0.00333611
0.00351943
0.00369689
0.00386716
0.00402862
0.0041795
0.00431801
0.00444241
0.00455112
0.00464271
0.00471594
0.00476964
0.00480275
0.00481432
0.00480344
0.00476922
0.00471076
0.00462716
0.00451755
0.00438111
0.00421708
0.00402485
0.003804
0.00355435
0.00327598
0.0029692
0.00263456
0.0022733
0.00189034
0.00150391
0.00116292
0.000957422
0.000997541
0.00129936
0.00163291
0.00183082
0.00193208
0.00199047
0.00202987
0.00205924
0.00208225
0.00210074
0.00211588
0.0021284
0.00213879
0.00214737
0.00215435
0.00215988
0.00216409
0.00216711
0.00216908
0.00217014
0.00217045
0.00217017
0.00216946
0.00216841
0.00216706
0.00216534
0.00216305
0.00215981
0.00215506
0.00214803
0.00213778
0.00212321
0.00210316
0.00207645
0.00204203
0.00199911
0.00194723
0.00188646
0.00181738
0.0017412
0.00165971
0.00157522
0.00149037
0.00140785
0.00133004
0.00125862
0.00119449
0.00113804
0.00108968
0.00104989
0.00101887
0.000995986
0.000979809
0.000968461
0.000960738
0.000952533
0.000100316
0.000666286
0.00112455
0.00144026
0.00168864
0.00190344
0.00209909
0.00228196
0.00245546
0.00262201
0.00278364
0.00294196
0.00309798
0.00325192
0.0034033
0.00355094
0.0036932
0.00382817
0.00395379
0.00406802
0.00416893
0.00425472
0.00432376
0.00437449
0.00440554
0.00441568
0.00440375
0.00436866
0.00430938
0.00422493
0.0041144
0.00397699
0.00381202
0.00361896
0.00339746
0.00314737
0.00286867
0.00256148
0.00222636
0.00186649
0.00149527
0.00115178
0.000914616
0.000893973
0.0011525
0.00149515
0.00170144
0.00180354
0.00186338
0.0019053
0.00193705
0.00196177
0.00198142
0.00199749
0.00201114
0.00202317
0.0020341
0.00204422
0.00205366
0.00206246
0.00207058
0.002078
0.00208468
0.00209063
0.00209589
0.0021005
0.00210454
0.00210808
0.00211112
0.0021136
0.00211533
0.00211594
0.00211489
0.00211142
0.00210461
0.00209335
0.00207646
0.00205279
0.00202126
0.00198108
0.00193181
0.00187348
0.0018067
0.00173263
0.00165306
0.00157028
0.00148693
0.00140578
0.00132928
0.00125926
0.00119675
0.00114219
0.00109581
0.00105784
0.00102826
0.00100639
0.000990871
0.00097999
0.000972612
0.000964955
9.48156e-05
0.000610361
0.00105203
0.00134862
0.00157373
0.00176251
0.00192986
0.00208258
0.00222473
0.00235959
0.00249004
0.00261846
0.00274649
0.0028749
0.00300358
0.00313156
0.00325727
0.00337871
0.00349364
0.00359974
0.00369478
0.00377665
0.0038433
0.00389295
0.00392399
0.00393497
0.00392457
0.00389154
0.00383477
0.00375323
0.00364597
0.00351221
0.00335125
0.00316257
0.00294574
0.00270043
0.00242642
0.0021238
0.00179483
0.00145001
0.00112139
0.000876745
0.000818484
0.00103124
0.00136762
0.00157879
0.00168313
0.00174709
0.00179422
0.00183058
0.00185852
0.00187992
0.00189659
0.00191008
0.00192161
0.00193205
0.00194202
0.00195184
0.0019617
0.00197162
0.00198154
0.00199135
0.00200092
0.00201013
0.00201891
0.0020272
0.00203497
0.00204222
0.00204893
0.00205498
0.00206019
0.0020642
0.00206647
0.00206626
0.00206262
0.00205449
0.00204067
0.00202
0.00199143
0.00195416
0.00190774
0.00185221
0.00178813
0.00171666
0.00163953
0.00155899
0.00147769
0.00139837
0.00132358
0.00125525
0.00119453
0.00114189
0.00109746
0.00106127
0.0010331
0.00101222
0.00099734
0.000986892
0.000979814
0.000972604
8.94937e-05
0.00054851
0.000922968
0.00114651
0.00131083
0.00145405
0.00158769
0.00171452
0.0018354
0.0019514
0.00206409
0.00217523
0.00228639
0.0023986
0.00251218
0.00262663
0.00274075
0.00285279
0.00296058
0.00306172
0.00315382
0.00323447
0.00330146
0.00335285
0.00338683
0.00340179
0.00339625
0.00336887
0.00331841
0.00324376
0.00314392
0.00301801
0.00286525
0.00268495
0.00247648
0.00223933
0.00197337
0.00168043
0.00136945
0.00106773
0.000833957
0.000760211
0.000935224
0.00125216
0.00146305
0.00157065
0.0016404
0.0016942
0.00173652
0.00176899
0.00179338
0.00181165
0.00182556
0.00183664
0.00184603
0.00185462
0.00186304
0.00187169
0.0018808
0.00189046
0.00190064
0.00191126
0.00192214
0.00193314
0.00194408
0.00195483
0.00196528
0.00197535
0.00198493
0.00199391
0.00200204
0.00200896
0.00201414
0.00201683
0.00201609
0.00201085
0.00199993
0.00198218
0.00195654
0.00192223
0.00187879
0.00182625
0.00176514
0.00169657
0.00162223
0.00154431
0.00146542
0.00138828
0.00131548
0.00124903
0.00119016
0.0011394
0.00109681
0.00106227
0.0010354
0.00101543
0.00100114
0.000991064
0.000984235
0.000977377
8.48031e-05
0.000473794
0.000673052
0.000783365
0.000885676
0.000994556
0.00110872
0.00122455
0.00133916
0.00145106
0.00155996
0.0016665
0.00177174
0.00187673
0.00198219
0.00208826
0.00219446
0.00229964
0.00240206
0.00249956
0.00258976
0.00267032
0.00273899
0.00279366
0.00283238
0.00285336
0.00285493
0.00283558
0.00279392
0.0027287
0.00263874
0.00252299
0.00238047
0.00221029
0.00201171
0.00178457
0.00153067
0.00125833
0.000991767
0.000782422
0.000711698
0.000861634
0.00115072
0.00135528
0.00146652
0.0015428
0.00160354
0.00165209
0.00168964
0.00171784
0.00173868
0.00175405
0.00176558
0.00177461
0.00178217
0.00178908
0.00179593
0.00180315
0.00181103
0.00181972
0.00182927
0.00183962
0.00185068
0.00186227
0.00187421
0.00188632
0.00189844
0.00191043
0.00192212
0.00193333
0.0019438
0.00195314
0.0019608
0.00196602
0.00196787
0.00196527
0.00195706
0.00194208
0.0019193
0.00188792
0.00184751
0.00179805
0.00174005
0.00167457
0.00160323
0.00152816
0.00145189
0.00137715
0.0013065
0.00124201
0.001185
0.00113603
0.00109513
0.00106206
0.00103636
0.00101718
0.00100339
0.00099363
0.000987
0.00098041
8.30345e-05
0.000292711
0.000373333
0.000455362
0.000540681
0.000628133
0.000718414
0.000812059
0.000908508
0.00100657
0.00110505
0.00120317
0.00130067
0.0013977
0.00149456
0.0015915
0.00168845
0.00178487
0.00187953
0.0019707
0.00205645
0.00213465
0.00220307
0.0022595
0.0023018
0.00232796
0.00233609
0.00232444
0.00229136
0.00223535
0.00215501
0.00204906
0.00191634
0.001756
0.00156796
0.00135438
0.00112357
0.000897836
0.000722768
0.000669443
0.000806744
0.00106431
0.00125695
0.0013714
0.001454
0.00152103
0.00157529
0.00161781
0.00165013
0.00167417
0.00169181
0.00170474
0.00171435
0.00172176
0.00172788
0.00173342
0.00173892
0.00174481
0.00175139
0.00175887
0.00176735
0.00177687
0.00178736
0.00179871
0.00181077
0.00182335
0.00183628
0.00184936
0.0018624
0.00187519
0.00188743
0.00189868
0.00190838
0.00191576
0.00191989
0.00191967
0.00191395
0.00190158
0.00188153
0.00185303
0.00181562
0.00176926
0.00171443
0.00165212
0.00158388
0.00151176
0.00143824
0.00136598
0.00129754
0.00123503
0.00117982
0.00113251
0.00109312
0.00106135
0.00103664
0.00101815
0.00100477
0.00099526
0.000988779
0.000982384
4.75227e-05
0.00016837
0.000295541
0.000384355
0.000448222
0.00050088
0.000551164
0.000604147
0.000662403
0.000726812
0.000797072
0.000872073
0.000950354
0.00103061
0.00111199
0.0011941
0.00127669
0.00135936
0.00144115
0.00152097
0.00159729
0.0016682
0.00173162
0.00178531
0.00182703
0.00185455
0.00186573
0.00185851
0.00183099
0.00178137
0.00170803
0.0016096
0.00148515
0.00133482
0.00116133
0.000973471
0.000792397
0.000658788
0.000633516
0.000767566
0.00099298
0.00116977
0.00128605
0.00137388
0.00144586
0.00150474
0.00155164
0.001588
0.00161553
0.001636
0.00165103
0.00166202
0.00167015
0.00167635
0.00168138
0.00168587
0.00169031
0.00169508
0.00170049
0.00170678
0.0017141
0.00172254
0.00173209
0.00174271
0.00175428
0.00176668
0.00177971
0.00179321
0.00180696
0.00182072
0.00183415
0.00184683
0.00185814
0.00186732
0.0018734
0.00187529
0.00187184
0.00186191
0.00184447
0.00181875
0.00178427
0.00174099
0.00168932
0.00163019
0.00156507
0.00149593
0.00142517
0.0013554
0.00128916
0.00122857
0.00117505
0.00112924
0.00109119
0.00106053
0.00103665
0.00101872
0.00100567
0.000996351
0.000989976
0.000983713
)
;

boundaryField
{
    outlet
    {
        type            calculated;
        value           nonuniform List<scalar> 
55
(
0.000984612
0.000985306
0.000985947
0.000986541
0.0009871
0.000987634
0.000988149
0.000988646
0.000989123
0.000989574
0.000989993
0.00099037
0.000990693
0.000990954
0.000991143
0.000991253
0.000991279
0.000991218
0.000991069
0.000990828
0.000990485
0.000990017
0.000989378
0.00098848
0.000987167
0.000985181
0.000982104
0.000977284
0.000969726
0.000957957
0.000939851
0.000912419
0.000871553
0.00081175
0.000725946
0.000606266
0.000449469
0.000278705
0.000163567
0.00013494
0.000187391
0.000215585
0.000403647
0.000607937
0.000752257
0.000843121
0.000898578
0.000932166
0.000952533
0.000964955
0.000972604
0.000977377
0.00098041
0.000982384
0.000983713
)
;
    }
    inlet
    {
        type            calculated;
        value           uniform 0.00101695;
    }
    lowerWall
    {
        type            nutkWallFunction;
        Cmu             0.09;
        kappa           0.41;
        E               9.8;
        value           nonuniform List<scalar> 
148
(
0
0
0
0
0
0
0
0
0
0
0
0
0
0
0
0
0
0
0
0
0
0
0
0
0
0
0
0
0
0
0
0
0
1.31663e-06
5.42162e-06
7.99374e-06
9.47945e-06
1.01407e-05
1.0384e-05
1.02212e-05
9.75986e-06
9.09844e-06
8.31678e-06
7.48904e-06
6.6814e-06
5.96451e-06
5.69193e-06
6.68871e-08
1.31663e-06
1.33436e-05
1.44132e-05
1.41466e-05
1.31336e-05
1.11537e-05
1.11952e-05
1.83373e-05
2.51113e-05
3.02057e-05
3.42241e-05
3.75044e-05
4.02377e-05
4.25382e-05
4.44767e-05
4.60999e-05
4.74423e-05
4.85338e-05
4.94025e-05
5.00762e-05
5.05819e-05
5.0945e-05
5.11891e-05
5.13354e-05
5.14032e-05
5.14097e-05
5.13702e-05
5.12994e-05
5.12115e-05
5.1115e-05
5.10059e-05
5.08917e-05
5.07765e-05
5.06628e-05
5.05511e-05
5.04403e-05
5.03264e-05
5.02026e-05
5.00582e-05
4.98774e-05
4.96393e-05
4.93183e-05
4.88872e-05
4.83277e-05
4.7651e-05
4.69306e-05
4.63063e-05
4.56557e-05
4.48997e-05
4.4039e-05
4.30963e-05
4.21001e-05
4.10799e-05
4.00619e-05
3.90672e-05
3.8111e-05
3.72024e-05
3.63462e-05
3.55434e-05
3.47929e-05
3.40922e-05
3.34382e-05
3.28273e-05
3.22563e-05
3.1722e-05
3.12213e-05
3.07516e-05
3.031e-05
2.98935e-05
2.94989e-05
2.91224e-05
2.87597e-05
2.84057e-05
2.80546e-05
2.76999e-05
2.73345e-05
2.6951e-05
2.65416e-05
2.60991e-05
2.56176e-05
2.50937e-05
2.45279e-05
2.3925e-05
2.32955e-05
2.26659e-05
2.20784e-05
2.15784e-05
2.11968e-05
2.094e-05
2.07899e-05
2.07154e-05
2.06852e-05
2.06762e-05
2.06754e-05
2.06775e-05
2.06808e-05
2.0685e-05
2.06899e-05
2.06944e-05
2.07019e-05
)
;
    }
    upperWall
    {
        type            nutkWallFunction;
        Cmu             0.09;
        kappa           0.41;
        E               9.8;
        value           nonuniform List<scalar> 
133
(
1.19999e-05
1.24864e-05
1.29535e-05
1.33991e-05
1.38234e-05
1.42272e-05
1.46114e-05
1.49769e-05
1.53243e-05
1.56544e-05
1.5968e-05
1.62657e-05
1.65482e-05
1.68163e-05
1.70705e-05
1.73115e-05
1.75399e-05
1.77563e-05
1.79614e-05
1.81555e-05
1.83394e-05
1.85134e-05
1.86781e-05
1.8834e-05
1.89815e-05
1.9121e-05
1.9253e-05
1.93777e-05
1.94957e-05
1.96072e-05
1.97127e-05
1.98123e-05
1.99064e-05
2.00096e-05
2.01221e-05
2.02303e-05
2.0334e-05
2.04331e-05
2.05275e-05
2.06169e-05
2.07012e-05
2.07801e-05
2.08536e-05
2.09213e-05
2.0983e-05
2.10383e-05
2.10869e-05
2.11285e-05
2.11625e-05
2.11886e-05
2.1206e-05
2.12141e-05
2.12123e-05
2.11997e-05
2.11752e-05
2.11379e-05
2.10865e-05
2.10197e-05
2.0936e-05
2.08337e-05
2.07109e-05
2.05658e-05
2.03961e-05
2.01996e-05
1.99742e-05
1.97178e-05
1.94286e-05
1.91053e-05
1.87477e-05
1.83568e-05
1.79358e-05
1.74906e-05
1.70302e-05
1.65677e-05
1.61201e-05
1.57077e-05
1.53524e-05
1.50748e-05
1.48907e-05
1.48078e-05
1.48231e-05
1.49177e-05
1.50909e-05
1.53313e-05
1.55961e-05
1.58462e-05
1.60554e-05
1.62103e-05
1.63069e-05
1.63478e-05
1.63381e-05
1.62847e-05
1.61954e-05
1.60783e-05
1.5941e-05
1.57901e-05
1.5631e-05
1.54679e-05
1.53038e-05
1.51408e-05
1.498e-05
1.48226e-05
1.46692e-05
1.45208e-05
1.43784e-05
1.42432e-05
1.41164e-05
1.39989e-05
1.38917e-05
1.37951e-05
1.37093e-05
1.36343e-05
1.35699e-05
1.35157e-05
1.34714e-05
1.34364e-05
1.34099e-05
1.33905e-05
1.33768e-05
1.3367e-05
1.33596e-05
1.33537e-05
1.33489e-05
1.33449e-05
1.33421e-05
1.33407e-05
1.33408e-05
1.33425e-05
1.33455e-05
1.33495e-05
1.33544e-05
1.33585e-05
1.33665e-05
)
;
    }
    frontAndBack
    {
        type            empty;
    }
}


// ************************************************************************* //
