/*--------------------------------*- C++ -*----------------------------------*\
  =========                 |
  \\      /  F ield         | OpenFOAM: The Open Source CFD Toolbox
   \\    /   O peration     | Website:  https://openfoam.org
    \\  /    A nd           | Version:  10
     \\/     M anipulation  |
\*---------------------------------------------------------------------------*/
FoamFile
{
    format      ascii;
    class       volScalarField;
    location    "0.195";
    object      p;
}
// * * * * * * * * * * * * * * * * * * * * * * * * * * * * * * * * * * * * * //

dimensions      [0 2 -2 0 0 0 0];

internalField   nonuniform List<scalar> 
6820
(
-9.69596
-9.99804
-10.0429
-10.057
-10.0868
-10.1086
-10.1227
-10.1336
-10.1415
-10.1463
-10.1482
-10.1472
-10.1431
-10.1358
-10.125
-10.1103
-10.0911
-10.0669
-10.0368
-9.99983
-9.9548
-9.90016
-9.83401
-9.754
-9.65714
-9.53978
-9.39734
-9.22444
-9.01425
-8.76037
-8.45479
-8.09052
-7.69705
-9.89753
-10.0221
-10.0576
-10.0716
-10.0955
-10.1143
-10.1269
-10.1368
-10.1441
-10.1486
-10.1503
-10.1493
-10.1453
-10.1383
-10.1278
-10.1135
-10.095
-10.0715
-10.0424
-10.0068
-9.96354
-9.91122
-9.84816
-9.77224
-9.68091
-9.571
-9.43865
-9.27944
-9.08777
-8.85939
-8.58628
-8.28126
-7.93336
-9.89761
-9.98263
-10.0401
-10.0652
-10.0913
-10.1129
-10.1279
-10.1393
-10.1478
-10.1533
-10.1559
-10.1557
-10.1525
-10.1462
-10.1366
-10.1233
-10.106
-10.084
-10.0569
-10.0238
-9.98385
-9.936
-9.87901
-9.81147
-9.73176
-9.63816
-9.52896
-9.4028
-9.25929
-9.10024
-8.93399
-8.77648
-8.69077
-9.95482
-10.0243
-10.0712
-10.09
-10.1096
-10.1272
-10.1396
-10.149
-10.156
-10.1604
-10.1622
-10.1614
-10.158
-10.1517
-10.1422
-10.1293
-10.1127
-10.0917
-10.066
-10.0348
-9.99753
-9.95324
-9.90106
-9.84005
-9.76926
-9.68795
-9.5958
-9.49344
-9.38349
-9.27174
-9.17223
-9.10563
-9.13285
-9.98525
-10.0237
-10.0618
-10.0834
-10.1043
-10.1232
-10.1373
-10.1482
-10.1564
-10.162
-10.165
-10.1653
-10.1629
-10.1577
-10.1495
-10.1379
-10.1228
-10.1038
-10.0803
-10.0521
-10.0184
-9.97875
-9.93264
-9.8796
-9.81935
-9.75204
-9.67859
-9.60116
-9.52442
-9.45617
-9.41232
-9.41273
-9.50694
-10.0157
-10.0462
-10.0826
-10.1046
-10.123
-10.1394
-10.1519
-10.1613
-10.1684
-10.1731
-10.1755
-10.1754
-10.1729
-10.1678
-10.1599
-10.1491
-10.135
-10.1174
-10.096
-10.0704
-10.0403
-10.0053
-9.96527
-9.92019
-9.87035
-9.81663
-9.76083
-9.70621
-9.65849
-9.62631
-9.62496
-9.67216
-9.80518
-10.0415
-10.0611
-10.0888
-10.1076
-10.124
-10.1394
-10.1519
-10.1618
-10.1695
-10.175
-10.1782
-10.1791
-10.1777
-10.1739
-10.1675
-10.1584
-10.1463
-10.1311
-10.1125
-10.0904
-10.0646
-10.0351
-10.0019
-9.96549
-9.92658
-9.88663
-9.8481
-9.81482
-9.79289
-9.7908
-9.82196
-9.90086
-10.0538
-10.0646
-10.0789
-10.1031
-10.1221
-10.1382
-10.153
-10.165
-10.1745
-10.1819
-10.1871
-10.1902
-10.1913
-10.1902
-10.1868
-10.1812
-10.1731
-10.1625
-10.1492
-10.1331
-10.1142
-10.0925
-10.0682
-10.0416
-10.0135
-9.98482
-9.95755
-9.93443
-9.91949
-9.91863
-9.93953
-9.99323
-10.0908
-10.2502
-10.0857
-10.0959
-10.1152
-10.1315
-10.1455
-10.1585
-10.1697
-10.1788
-10.1862
-10.1917
-10.1953
-10.1971
-10.197
-10.1948
-10.1907
-10.1844
-10.1759
-10.1652
-10.1523
-10.1373
-10.1203
-10.1016
-10.0819
-10.0621
-10.0435
-10.0282
-10.019
-10.0199
-10.0362
-10.0744
-10.1431
-10.2504
-10.4077
-10.1052
-10.1128
-10.1289
-10.1439
-10.1573
-10.1699
-10.181
-10.1902
-10.1977
-10.2034
-10.2074
-10.2097
-10.2103
-10.2091
-10.206
-10.2013
-10.1947
-10.1863
-10.1763
-10.1648
-10.1522
-10.1388
-10.1255
-10.1134
-10.1038
-10.0989
-10.1014
-10.115
-10.1442
-10.1943
-10.2717
-10.3817
-10.5313
-10.1235
-10.1293
-10.1425
-10.1557
-10.1677
-10.179
-10.1892
-10.1979
-10.2052
-10.211
-10.2155
-10.2184
-10.2198
-10.2198
-10.2183
-10.2153
-10.2109
-10.2052
-10.1984
-10.1908
-10.1827
-10.1747
-10.1677
-10.1629
-10.1616
-10.166
-10.1786
-10.2024
-10.2413
-10.2993
-10.3808
-10.4892
-10.6283
-10.1409
-10.1454
-10.1564
-10.1682
-10.1793
-10.1901
-10.2001
-10.2088
-10.2164
-10.2226
-10.2276
-10.2313
-10.2337
-10.2349
-10.2348
-10.2336
-10.2314
-10.2282
-10.2245
-10.2204
-10.2166
-10.2136
-10.2123
-10.2139
-10.2198
-10.2319
-10.2524
-10.2839
-10.3294
-10.3917
-10.4739
-10.5777
-10.7048
-10.1575
-10.1612
-10.1703
-10.1808
-10.191
-10.2009
-10.2103
-10.2188
-10.2262
-10.2327
-10.2381
-10.2424
-10.2458
-10.2481
-10.2495
-10.2502
-10.2501
-10.2496
-10.2489
-10.2484
-10.2487
-10.2505
-10.2545
-10.2619
-10.2742
-10.2928
-10.3196
-10.3568
-10.4065
-10.4709
-10.5515
-10.6493
-10.7644
-10.1736
-10.1766
-10.1844
-10.1937
-10.2031
-10.2125
-10.2217
-10.2301
-10.2378
-10.2447
-10.2508
-10.256
-10.2604
-10.264
-10.267
-10.2695
-10.2717
-10.2737
-10.276
-10.2789
-10.2831
-10.2891
-10.2978
-10.3102
-10.3277
-10.3514
-10.383
-10.424
-10.476
-10.5404
-10.618
-10.7089
-10.8126
-10.1891
-10.1917
-10.1984
-10.2068
-10.2155
-10.2244
-10.2331
-10.2415
-10.2493
-10.2565
-10.263
-10.269
-10.2743
-10.2792
-10.2837
-10.288
-10.2922
-10.2967
-10.3018
-10.3079
-10.3156
-10.3254
-10.3383
-10.3551
-10.3768
-10.4046
-10.4397
-10.4832
-10.5362
-10.5995
-10.6733
-10.7573
-10.8506
-10.2043
-10.2065
-10.2124
-10.2199
-10.2281
-10.2366
-10.2451
-10.2535
-10.2616
-10.2692
-10.2764
-10.2832
-10.2897
-10.2959
-10.302
-10.3081
-10.3144
-10.3213
-10.329
-10.3381
-10.349
-10.3623
-10.3787
-10.3991
-10.4242
-10.4551
-10.4925
-10.5373
-10.5902
-10.6515
-10.7211
-10.7985
-10.8826
-10.2191
-10.221
-10.2263
-10.2332
-10.2409
-10.249
-10.2574
-10.2658
-10.2741
-10.2821
-10.2899
-10.2975
-10.305
-10.3124
-10.3199
-10.3277
-10.336
-10.3451
-10.3552
-10.3669
-10.3807
-10.3969
-10.4164
-10.4396
-10.4675
-10.5005
-10.5394
-10.5847
-10.6368
-10.6957
-10.7612
-10.8326
-10.9087
-10.2335
-10.2353
-10.2401
-10.2465
-10.2538
-10.2617
-10.27
-10.2785
-10.2871
-10.2956
-10.3041
-10.3125
-10.321
-10.3297
-10.3387
-10.3482
-10.3583
-10.3694
-10.3819
-10.396
-10.4122
-10.431
-10.4529
-10.4785
-10.5083
-10.5429
-10.5826
-10.6277
-10.6785
-10.7349
-10.7963
-10.8622
-10.9316
-10.2477
-10.2494
-10.2538
-10.2598
-10.2668
-10.2746
-10.2829
-10.2915
-10.3003
-10.3093
-10.3184
-10.3277
-10.3372
-10.347
-10.3573
-10.3683
-10.3801
-10.3931
-10.4075
-10.4237
-10.4421
-10.463
-10.4869
-10.5143
-10.5455
-10.5809
-10.6208
-10.6654
-10.7147
-10.7684
-10.8262
-10.8873
-10.9509
-10.2617
-10.2632
-10.2673
-10.2731
-10.2799
-10.2875
-10.2959
-10.3046
-10.3138
-10.3232
-10.333
-10.3431
-10.3536
-10.3646
-10.3762
-10.3886
-10.402
-10.4167
-10.4329
-10.4509
-10.471
-10.4937
-10.5192
-10.5479
-10.58
-10.6159
-10.6557
-10.6994
-10.7469
-10.7981
-10.8524
-10.9093
-10.9681
-10.2753
-10.2767
-10.2807
-10.2863
-10.2929
-10.3006
-10.3089
-10.3179
-10.3274
-10.3374
-10.3478
-10.3586
-10.37
-10.382
-10.3948
-10.4086
-10.4234
-10.4395
-10.4572
-10.4768
-10.4984
-10.5224
-10.5491
-10.5787
-10.6113
-10.6473
-10.6866
-10.7292
-10.775
-10.8237
-10.875
-10.9282
-10.983
-10.2886
-10.29
-10.2939
-10.2993
-10.3059
-10.3135
-10.322
-10.3313
-10.3411
-10.3516
-10.3626
-10.3742
-10.3864
-10.3994
-10.4133
-10.4282
-10.4443
-10.4617
-10.4807
-10.5015
-10.5243
-10.5494
-10.5769
-10.607
-10.6399
-10.6757
-10.7143
-10.7556
-10.7997
-10.8461
-10.8945
-10.9446
-10.9959
-10.3016
-10.303
-10.3068
-10.3122
-10.3188
-10.3265
-10.3351
-10.3446
-10.3548
-10.3657
-10.3774
-10.3897
-10.4027
-10.4167
-10.4315
-10.4475
-10.4646
-10.4832
-10.5032
-10.5251
-10.5488
-10.5746
-10.6027
-10.6331
-10.6659
-10.7012
-10.7389
-10.779
-10.8213
-10.8655
-10.9114
-10.9587
-11.0069
-10.3143
-10.3157
-10.3194
-10.3248
-10.3314
-10.3392
-10.348
-10.3578
-10.3684
-10.3798
-10.3919
-10.4049
-10.4187
-10.4334
-10.4491
-10.466
-10.484
-10.5035
-10.5244
-10.547
-10.5714
-10.5977
-10.6261
-10.6565
-10.689
-10.7237
-10.7604
-10.7992
-10.8397
-10.8819
-10.9254
-10.97
-11.0155
-10.3266
-10.3279
-10.3317
-10.3371
-10.3438
-10.3517
-10.3608
-10.3709
-10.3818
-10.3937
-10.4064
-10.42
-10.4345
-10.45
-10.4665
-10.4841
-10.5029
-10.5231
-10.5448
-10.568
-10.5928
-10.6194
-10.6478
-10.6781
-10.7102
-10.7441
-10.7798
-10.8171
-10.856
-10.8962
-10.9375
-10.9798
-11.0227
-10.3384
-10.3397
-10.3435
-10.349
-10.3558
-10.3639
-10.3732
-10.3835
-10.3949
-10.4071
-10.4203
-10.4344
-10.4495
-10.4656
-10.4827
-10.5009
-10.5204
-10.5412
-10.5633
-10.5868
-10.6119
-10.6386
-10.6668
-10.6967
-10.7282
-10.7612
-10.7958
-10.8317
-10.8688
-10.9071
-10.9463
-10.9863
-11.0269
-10.3496
-10.351
-10.3549
-10.3605
-10.3675
-10.3758
-10.3854
-10.396
-10.4078
-10.4205
-10.4342
-10.4488
-10.4645
-10.4811
-10.4988
-10.5176
-10.5376
-10.5588
-10.5813
-10.6051
-10.6303
-10.6569
-10.6849
-10.7143
-10.7451
-10.7772
-10.8105
-10.845
-10.8805
-10.9169
-10.9541
-10.9919
-11.0303
-10.3603
-10.3617
-10.3657
-10.3714
-10.3785
-10.387
-10.3968
-10.4077
-10.4198
-10.4328
-10.4469
-10.4619
-10.478
-10.4951
-10.5132
-10.5324
-10.5527
-10.5741
-10.5968
-10.6206
-10.6457
-10.6721
-10.6996
-10.7284
-10.7584
-10.7894
-10.8215
-10.8545
-10.8884
-10.9229
-10.9581
-10.9938
-11.0299
-10.3703
-10.3718
-10.3758
-10.3818
-10.3891
-10.398
-10.4081
-10.4195
-10.4319
-10.4454
-10.46
-10.4755
-10.492
-10.5095
-10.528
-10.5475
-10.5681
-10.5898
-10.6125
-10.6364
-10.6613
-10.6873
-10.7144
-10.7425
-10.7715
-10.8015
-10.8323
-10.8639
-10.8961
-10.9289
-10.9621
-10.9957
-11.0295
-10.3794
-10.3809
-10.3851
-10.3911
-10.3987
-10.4077
-10.418
-10.4295
-10.4422
-10.456
-10.4708
-10.4866
-10.5034
-10.5212
-10.5399
-10.5596
-10.5803
-10.602
-10.6247
-10.6484
-10.673
-10.6986
-10.725
-10.7523
-10.7804
-10.8093
-10.8387
-10.8688
-10.8994
-10.9303
-10.9616
-10.9931
-11.0247
-10.3877
-10.3893
-10.3938
-10.4002
-10.4082
-10.4177
-10.4285
-10.4405
-10.4537
-10.4679
-10.4831
-10.4993
-10.5164
-10.5344
-10.5534
-10.5733
-10.5941
-10.6158
-10.6383
-10.6617
-10.686
-10.711
-10.7368
-10.7633
-10.7904
-10.8181
-10.8463
-10.875
-10.9039
-10.9331
-10.9625
-10.9919
-11.0214
-10.3947
-10.3963
-10.4008
-10.4073
-10.4153
-10.4249
-10.4359
-10.4481
-10.4615
-10.4759
-10.4913
-10.5077
-10.5251
-10.5433
-10.5624
-10.5824
-10.6032
-10.6247
-10.6471
-10.6702
-10.6941
-10.7185
-10.7436
-10.7692
-10.7954
-10.8219
-10.8487
-10.8759
-10.9032
-10.9306
-10.958
-10.9855
-11.0128
-10.4007
-10.4028
-10.408
-10.4153
-10.4241
-10.4343
-10.4459
-10.4586
-10.4724
-10.4872
-10.503
-10.5196
-10.5371
-10.5554
-10.5746
-10.5945
-10.6152
-10.6366
-10.6587
-10.6814
-10.7047
-10.7286
-10.7529
-10.7777
-10.8028
-10.8282
-10.8539
-10.8796
-10.9054
-10.9312
-10.9569
-10.9824
-11.0077
-10.4045
-10.406
-10.411
-10.4183
-10.4272
-10.4377
-10.4495
-10.4625
-10.4766
-10.4918
-10.5079
-10.5248
-10.5426
-10.5611
-10.5804
-10.6004
-10.6211
-10.6423
-10.6642
-10.6866
-10.7095
-10.7327
-10.7564
-10.7803
-10.8044
-10.8286
-10.8529
-10.8772
-10.9015
-10.9255
-10.9494
-10.973
-10.9962
-10.4083
-10.4116
-10.4183
-10.4265
-10.4362
-10.4474
-10.4598
-10.4732
-10.4876
-10.5028
-10.5189
-10.5357
-10.5534
-10.5719
-10.591
-10.6108
-10.6312
-10.6522
-10.6736
-10.6956
-10.7179
-10.7406
-10.7635
-10.7866
-10.8098
-10.8331
-10.8564
-10.8795
-10.9025
-10.9252
-10.9476
-10.9695
-10.991
-10.4051
-10.4068
-10.4134
-10.4228
-10.4333
-10.4452
-10.4582
-10.4722
-10.4874
-10.5037
-10.5204
-10.5378
-10.5559
-10.5746
-10.594
-10.6139
-10.6343
-10.6552
-10.6765
-10.6981
-10.72
-10.7421
-10.7643
-10.7866
-10.8088
-10.831
-10.853
-10.8748
-10.8962
-10.9173
-10.938
-10.9581
-10.9777
-10.4083
-10.4146
-10.4242
-10.4341
-10.4449
-10.4569
-10.4699
-10.4837
-10.4982
-10.5133
-10.5296
-10.5467
-10.5645
-10.583
-10.6021
-10.6217
-10.6419
-10.6623
-10.6832
-10.7044
-10.7259
-10.7476
-10.7693
-10.7911
-10.8128
-10.8344
-10.8558
-10.8769
-10.8974
-10.9176
-10.9374
-10.9565
-10.9749
-10.3888
-10.3937
-10.4067
-10.4197
-10.4332
-10.4477
-10.4628
-10.4784
-10.4945
-10.5112
-10.5287
-10.5466
-10.565
-10.5839
-10.6033
-10.623
-10.6431
-10.6638
-10.6845
-10.7054
-10.7264
-10.7475
-10.7685
-10.7894
-10.8101
-10.8306
-10.8507
-10.8704
-10.8898
-10.9085
-10.9265
-10.944
-10.9607
-10.4027
-10.4132
-10.425
-10.4352
-10.4469
-10.4597
-10.473
-10.4872
-10.5022
-10.5179
-10.5344
-10.5516
-10.5695
-10.5881
-10.6071
-10.6267
-10.6467
-10.6671
-10.6877
-10.7086
-10.7296
-10.7507
-10.7717
-10.7927
-10.8135
-10.834
-10.8543
-10.8741
-10.8934
-10.9121
-10.9302
-10.9475
-10.964
-10.3048
-10.3722
-10.399
-10.4138
-10.4324
-10.4503
-10.4668
-10.4833
-10.5001
-10.5172
-10.5347
-10.5526
-10.571
-10.5898
-10.609
-10.6285
-10.6483
-10.6683
-10.6886
-10.7088
-10.7292
-10.7494
-10.7695
-10.7894
-10.809
-10.8282
-10.847
-10.8653
-10.8829
-10.8998
-10.916
-10.9314
-10.9458
-7.12707
-8.5026
-10.4012
-13.6101
-18.3191
-23.381
-26.0346
-23.5139
-15.6405
-6.357
0.00613705
2.4578
1.66159
-1.60411
-6.51516
-12.3047
-18.5244
-24.7689
-30.733
-36.2291
-41.08
-45.046
-47.8327
-49.1861
-48.9382
-47.1066
-43.9564
-39.9094
-35.3415
-30.4931
-25.5712
-20.861
-16.6425
-13.0482
-10.0727
-7.64652
-5.6891
-4.12595
-2.89012
-1.9226
-1.1729
-0.598737
-0.165215
0.156252
0.388922
0.551622
0.659551
0.724942
0.757585
0.765305
0.75438
0.729858
0.695818
0.655628
0.611825
0.566221
0.519895
0.472874
0.422195
0.361859
0.279135
0.155921
-0.0176163
-0.240293
-0.530043
-0.947156
-1.63614
-2.79189
-4.87116
-8.63711
-14.3061
-21.9159
-31.6028
-42.5529
-52.9801
-60.713
-64.1028
-62.4052
-55.5968
-45.3047
-34.2352
-24.9939
-18.8774
-16.1258
-16.0588
-17.2368
-18.1463
-17.8636
-16.2425
-13.7523
-11.0288
-8.44688
-5.98287
-3.64373
-1.80651
-0.719962
-0.217384
-0.0237576
0.0770164
0.018185
-7.80702
-8.92994
-10.6179
-13.5787
-17.8632
-22.1962
-24.0121
-21.2667
-14.4214
-6.84999
-1.67798
0.577048
0.0171546
-2.69605
-6.91503
-12.1084
-17.7874
-23.5928
-29.2218
-34.4376
-39.0274
-42.7528
-45.3529
-46.6054
-46.3665
-44.6818
-41.811
-38.1078
-33.8589
-29.28
-24.621
-20.199
-16.2558
-12.8808
-10.058
-7.72981
-5.83183
-4.30179
-3.08106
-2.1166
-1.3622
-0.778617
-0.332998
0.0018367
0.248221
0.424402
0.54521
0.622662
0.666467
0.684439
0.682872
0.666842
0.640479
0.607157
0.569417
0.529087
0.487118
0.443511
0.395467
0.337245
0.256593
0.134913
-0.039851
-0.268563
-0.567679
-0.99357
-1.6855
-2.83506
-4.86487
-8.52289
-14.104
-21.6698
-31.2879
-42.1382
-52.4644
-60.1402
-63.5563
-61.9973
-55.3991
-45.3464
-34.5249
-25.4966
-19.4979
-16.6722
-16.3312
-17.1625
-17.8014
-17.3956
-15.7946
-13.4187
-10.8501
-8.42994
-6.1115
-3.86169
-2.03448
-0.904252
-0.349367
-0.11314
0.0301055
-0.00332652
-8.74812
-9.64097
-11.203
-13.6873
-16.983
-19.965
-20.8309
-18.362
-13.0922
-7.33221
-3.26687
-1.475
-1.75498
-3.9351
-7.54517
-12.1379
-17.2578
-22.5483
-27.7452
-32.6091
-36.903
-40.3806
-42.7942
-43.9453
-43.7346
-42.2305
-39.6588
-36.2828
-32.324
-28.0096
-23.6421
-19.5334
-15.8704
-12.7096
-10.0345
-7.80285
-5.96551
-4.47066
-3.2672
-2.30775
-1.55027
-0.958528
-0.50177
-0.154259
0.105365
0.294715
0.428231
0.51769
0.572663
0.60092
0.608758
0.601267
0.582609
0.556151
0.524437
0.489301
0.451604
0.411289
0.365739
0.30935
0.230293
0.109849
-0.0660434
-0.300401
-0.609113
-1.04483
-1.74042
-2.88352
-4.86336
-8.40185
-13.8603
-21.331
-30.827
-41.5231
-51.6995
-59.2883
-62.7225
-61.3117
-54.9603
-45.2076
-34.6999
-25.9337
-20.0782
-17.1951
-16.6007
-17.1057
-17.4853
-16.9558
-15.3665
-13.0917
-10.6659
-8.39939
-6.22378
-4.06563
-2.25249
-1.0831
-0.477813
-0.201093
-0.0162538
-0.0253662
-9.31206
-10.0928
-11.4234
-13.3165
-15.6118
-17.5794
-18.0908
-16.1891
-12.247
-7.84622
-4.58965
-3.11112
-3.32367
-5.13115
-8.24508
-12.2917
-16.8778
-21.6606
-26.3821
-30.8267
-34.7701
-37.9726
-40.1902
-41.2577
-41.1156
-39.8256
-37.5399
-34.4416
-30.7386
-26.7038
-22.664
-18.8814
-15.4913
-12.5335
-10.0003
-7.8647
-6.08956
-4.63202
-3.44796
-2.49545
-1.73656
-1.13799
-0.67113
-0.311707
-0.0393823
0.162776
0.308771
0.410118
0.476233
0.514801
0.53209
0.533204
0.522311
0.502752
0.477074
0.447103
0.413607
0.376405
0.333069
0.278194
0.200519
0.0815262
-0.094923
-0.334393
-0.65268
-1.0988
-1.79838
-2.93399
-4.86166
-8.26652
-13.5649
-20.8857
-30.2027
-40.6893
-50.6702
-58.1459
-61.5925
-60.3396
-54.2715
-44.8807
-34.7539
-26.2995
-20.6131
-17.6903
-16.8639
-17.0632
-17.1951
-16.543
-14.9574
-12.7712
-10.4755
-8.35327
-6.31677
-4.25293
-2.45868
-1.25569
-0.602571
-0.287267
-0.061793
-0.0474588
-9.75043
-10.4326
-11.5427
-13.0257
-14.7198
-16.0947
-16.3078
-14.7505
-11.7074
-8.29411
-5.68594
-4.46155
-4.66112
-6.20957
-8.90897
-12.4702
-16.5692
-20.8893
-25.167
-29.189
-32.7544
-35.6535
-37.68
-38.7005
-38.6441
-37.5328
-35.4549
-32.5697
-29.1158
-25.3983
-21.7103
-18.25
-15.1183
-12.3522
-9.95612
-7.91587
-6.20404
-4.7856
-3.62292
-2.67926
-1.92061
-1.3166
-0.84072
-0.470208
-0.185783
0.0287692
0.186974
0.300041
0.377213
0.426069
0.45282
0.462554
0.459421
0.446738
0.427046
0.402146
0.372762
0.338569
0.297279
0.243661
0.167083
0.0495686
-0.126855
-0.370699
-0.69806
-1.1546
-1.85792
-2.98417
-4.85696
-8.11518
-13.2165
-20.3312
-29.4096
-39.6318
-49.3735
-56.71
-60.1606
-59.073
-53.3241
-44.3578
-34.6794
-26.5868
-21.0964
-18.1526
-17.1164
-17.0317
-16.9286
-16.1555
-14.5664
-12.4567
-10.2792
-8.29188
-6.39016
-4.42247
-2.65204
-1.42069
-0.722962
-0.371146
-0.106369
-0.0696993
-10.0758
-10.6744
-11.5995
-12.7701
-14.0121
-14.9162
-14.9342
-13.6846
-11.3613
-8.73922
-6.687
-5.69503
-5.88154
-7.20562
-9.52995
-12.6393
-16.2743
-20.1612
-24.0416
-27.6941
-30.9237
-33.5465
-35.4002
-36.3675
-36.3355
-35.3014
-33.3497
-30.662
-27.4971
-24.1341
-20.7997
-17.6434
-14.7509
-12.1653
-9.90212
-7.95647
-6.3088
-4.93106
-3.79165
-2.85869
-2.10196
-1.49391
-1.01014
-0.629427
-0.33356
-0.107087
0.0630057
0.187591
0.275697
0.334777
0.370973
0.389327
0.393953
0.38814
0.374405
0.354514
0.329143
0.297818
0.258346
0.205692
0.129873
0.013701
-0.162201
-0.40952
-0.745209
-1.21191
-1.91859
-3.03364
-4.8499
-7.95255
-12.8236
-19.6754
-28.4518
-38.3523
-47.8102
-54.9796
-58.4244
-57.51
-52.1172
-43.6386
-34.4751
-26.7925
-21.5248
-18.5796
-17.356
-17.0092
-16.6838
-15.7921
-14.193
-12.1482
-10.0766
-8.21453
-6.44239
-4.57221
-2.83115
-1.57726
-0.838642
-0.452359
-0.149785
-0.0918424
-10.3269
-10.8473
-11.605
-12.5152
-13.4202
-14.0251
-13.9532
-12.9514
-11.1664
-9.15375
-7.55805
-6.78396
-6.97259
-8.11934
-10.1198
-12.8127
-15.9939
-19.4415
-22.9294
-26.2408
-29.1778
-31.565
-33.2471
-34.089
-34.0112
-33.0154
-31.2068
-28.7731
-25.9457
-22.9434
-19.9396
-17.0599
-14.3879
-11.9733
-9.83913
-7.98695
-6.40389
-5.0682
-3.9538
-3.03333
-2.28015
-1.66949
-1.17902
-0.789027
-0.482433
-0.244566
-0.0629585
0.0728913
0.171768
0.240974
0.286553
0.313483
0.325832
0.326844
0.319
0.304014
0.282548
0.25399
0.216176
0.164249
0.088869
-0.0261642
-0.201128
-0.450874
-0.793793
-1.26996
-1.97938
-3.08144
-4.8401
-7.78205
-12.3949
-18.9293
-27.3375
-36.8564
-45.9844
-52.9582
-56.3859
-55.6542
-50.6566
-42.7289
-34.1438
-26.9163
-21.8963
-18.9693
-17.5814
-16.9941
-16.4596
-15.4523
-13.8367
-11.8458
-9.86776
-8.12109
-6.47262
-4.70069
-2.99448
-1.72425
-0.948912
-0.530456
-0.191873
-0.113848
-10.5114
-10.9595
-11.5743
-12.2787
-12.9379
-13.3337
-13.2104
-12.4125
-11.0561
-9.5346
-8.3206
-7.74245
-7.94233
-8.94225
-10.671
-12.9974
-15.7571
-18.7672
-21.839
-24.7822
-27.4088
-29.5425
-31.0193
-31.7338
-31.633
-30.733
-29.1348
-26.9995
-24.5098
-21.8368
-19.1271
-16.4967
-14.0292
-11.7774
-9.76796
-8.00769
-6.48937
-5.19685
-4.10903
-3.20275
-2.45475
-1.84292
-1.34694
-0.948656
-0.632101
-0.383419
-0.190722
-0.0439071
0.0655363
0.144731
0.199601
0.235044
0.255065
0.262853
0.260836
0.250669
0.232991
0.207075
0.170754
0.119335
0.0440703
-0.0701165
-0.243846
-0.494895
-0.843569
-1.32796
-2.03916
-3.12629
-4.82646
-7.60585
-11.9393
-18.1082
-26.0821
-35.1566
-43.9072
-50.656
-54.0556
-53.5187
-48.9577
-41.6422
-33.6941
-26.9617
-22.2118
-19.3217
-17.7921
-16.986
-16.2562
-15.1362
-13.4978
-11.5499
-9.65291
-8.01141
-6.47986
-4.80625
-3.14045
-1.86059
-1.0533
-0.605148
-0.232452
-0.13553
-10.6492
-11.0319
-11.5281
-12.0712
-12.5509
-12.8091
-12.6742
-12.0506
-11.0275
-9.88688
-8.97892
-8.5677
-8.78687
-9.66887
-11.1686
-13.182
-15.5711
-18.1806
-20.8482
-23.4093
-25.6994
-27.5586
-28.8467
-29.4745
-29.3963
-28.628
-27.2511
-25.3917
-23.1949
-20.8056
-18.3555
-15.9523
-13.676
-11.5787
-9.68945
-8.01914
-6.56538
-5.31692
-4.2571
-3.36661
-2.62536
-2.01377
-1.51352
-1.10796
-0.782254
-0.523386
-0.320071
-0.162639
-0.0428777
0.0461294
0.110166
0.154026
0.181638
0.196123
0.199844
0.194387
0.180375
0.156993
0.122045
0.0709604
-0.00447971
-0.118169
-0.290512
-0.541746
-0.89441
-1.38527
-2.09688
-3.16709
-4.80804
-7.42618
-11.4676
-17.2319
-24.7121
-33.2769
-41.5999
-48.0945
-51.4583
-51.1291
-47.0466
-40.4003
-33.1398
-26.935
-22.4745
-19.6387
-17.9896
-16.9864
-16.0748
-14.8443
-13.1767
-11.2609
-9.4328
-7.88561
-6.46352
-4.88758
-3.26765
-1.98505
-1.15121
-0.67611
-0.271346
-0.156768
-10.7495
-11.0741
-11.4733
-11.8917
-12.2422
-12.4109
-12.2824
-11.8011
-11.0386
-10.1994
-9.54158
-9.27356
-9.51362
-10.2996
-11.6043
-13.3486
-15.4179
-17.6788
-19.9892
-22.2052
-24.1845
-25.7944
-26.9199
-27.4759
-27.4185
-26.7607
-25.5649
-23.931
-21.9803
-19.8384
-17.6217
-15.4275
-13.3294
-11.3783
-9.60436
-8.02175
-6.63212
-5.42836
-4.39779
-3.52457
-2.79158
-2.18165
-1.67836
-1.26657
-0.932567
-0.664186
-0.450774
-0.283117
-0.153328
-0.0547218
0.0183222
0.0704786
0.10558
0.126671
0.136036
0.135181
0.124705
0.103758
0.0700735
0.0191605
-0.0566995
-0.170257
-0.341214
-0.591595
-0.946268
-1.44134
-2.15153
-3.20275
-4.78393
-7.24475
-10.9903
-16.3231
-23.2632
-31.2548
-39.0969
-45.3063
-48.638
-48.5311
-44.9632
-39.0331
-32.4985
-26.8458
-22.6893
-19.9238
-18.1768
-16.9974
-15.9171
-14.578
-12.8745
-10.9796
-9.20814
-7.744
-6.42326
-4.94364
-3.37494
-2.09677
-1.2421
-0.743
-0.308377
-0.177365
-10.8227
-11.0969
-11.4184
-11.7421
-12.001
-12.1139
-12.0046
-11.643
-11.0859
-10.4825
-10.0234
-9.87218
-10.1304
-10.8368
-11.9757
-13.4869
-15.2775
-17.2347
-19.2355
-21.154
-22.8666
-24.2597
-25.2331
-25.7121
-25.6598
-25.0844
-24.0337
-22.5892
-20.8526
-18.9312
-16.9258
-14.9231
-12.9907
-11.1771
-9.51346
-8.01608
-6.68985
-5.53122
-4.53095
-3.67637
-2.95308
-2.34617
-1.84109
-1.42413
-1.08271
-0.805528
-0.582582
-0.405135
-0.265651
-0.157696
-0.0758364
-0.0155357
0.0269288
0.0545117
0.0694053
0.0730383
0.0659838
0.0473632
0.0148372
-0.0360152
-0.112475
-0.226251
-0.395957
-0.644604
-0.999202
-1.49581
-2.20221
-3.23224
-4.75318
-7.0625
-10.517
-15.4059
-21.7749
-29.144
-36.4517
-42.3394
-45.6363
-45.7727
-42.7535
-37.5766
-31.7919
-26.7058
-22.8627
-20.1821
-18.358
-17.0229
-15.7859
-14.3393
-12.5926
-10.7072
-8.97983
-7.58715
-6.35913
-4.97384
-3.46143
-2.19527
-1.32541
-0.805442
-0.343377
-0.197141
-10.8762
-11.1075
-11.3673
-11.6198
-11.8146
-11.8945
-11.81
-11.5463
-11.1498
-10.7303
-10.4291
-10.3732
-10.6468
-11.2862
-12.2835
-13.5929
-15.1394
-16.8288
-18.5562
-20.2122
-21.6895
-22.8878
-23.7217
-24.1283
-24.0749
-23.5649
-22.6364
-21.3558
-19.8075
-18.0822
-16.2674
-14.4394
-12.6603
-10.9761
-9.41755
-8.0027
-6.73891
-5.62559
-4.65649
-3.82177
-3.10953
-2.50698
-2.00132
-1.58026
-1.23234
-0.947107
-0.715229
-0.528467
-0.379658
-0.262641
-0.172189
-0.103921
-0.0542408
-0.0202952
6.03217e-06
0.00802373
0.00427953
-0.0121512
-0.0436213
-0.0944771
-0.171659
-0.285952
-0.454647
-0.700898
-1.05337
-1.54849
-2.24823
-3.25463
-4.71487
-6.87961
-10.0547
-14.5035
-20.2879
-27.0091
-33.7396
-39.2686
-42.4946
-42.9039
-40.4708
-36.0719
-31.0456
-26.528
-23.0022
-20.4197
-18.5388
-17.0675
-15.6849
-14.1311
-12.3332
-10.4453
-8.74904
-7.41596
-6.27157
-4.978
-3.52658
-2.28003
-1.40068
-0.863097
-0.376213
-0.215878
-10.915
-11.1107
-11.3224
-11.5225
-11.6736
-11.736
-11.6785
-11.4958
-11.2253
-10.9486
-10.7708
-10.7894
-11.0732
-11.6546
-12.5303
-13.6652
-14.9988
-16.4528
-17.9379
-19.3605
-20.6276
-21.6525
-22.3626
-22.7027
-22.6438
-22.187
-21.3624
-20.2234
-18.8401
-17.2889
-15.6451
-13.9765
-12.3392
-10.776
-9.31746
-7.98225
-6.7797
-5.71163
-4.77438
-3.9606
-3.26065
-2.66373
-2.1587
-1.73461
-1.38111
-1.0886
-0.848431
-0.652867
-0.495137
-0.36938
-0.270589
-0.194559
-0.137831
-0.0976708
-0.0720907
-0.0598072
-0.0603635
-0.0747153
-0.105205
-0.156105
-0.234074
-0.349108
-0.517082
-0.760524
-1.10899
-1.59944
-2.28916
-3.2692
-4.6682
-6.69572
-9.60805
-13.6345
-18.8424
-24.9111
-31.0465
-36.1877
-39.339
-40.0238
-38.1891
-34.5642
-30.2852
-26.3245
-23.1156
-20.6436
-18.7259
-17.1372
-15.6191
-13.9572
-12.099
-10.1957
-8.51722
-7.23166
-6.16147
-4.95646
-3.57017
-2.35057
-1.46748
-0.915644
-0.406786
-0.233355
-10.9447
-11.111
-11.2856
-11.4474
-11.5692
-11.6241
-11.5929
-11.4758
-11.3034
-11.1367
-11.0539
-11.1296
-11.4188
-11.949
-12.7197
-13.7037
-14.8522
-16.1001
-17.3724
-18.5888
-19.6699
-20.5412
-21.1399
-21.4184
-21.3514
-20.938
-20.2012
-19.1843
-17.945
-16.548
-15.058
-13.5344
-12.0277
-10.5779
-9.21401
-7.95539
-6.81265
-5.78956
-4.88464
-4.09273
-3.40621
-2.81613
-2.31288
-1.88683
-1.52868
-1.22969
-0.981889
-0.778065
-0.611854
-0.477707
-0.370859
-0.287295
-0.223709
-0.177496
-0.146772
-0.130345
-0.127833
-0.140211
-0.169793
-0.220755
-0.299519
-0.415423
-0.582958
-0.823416
-1.16631
-1.64895
-2.32493
-3.2755
-4.6125
-6.51
-9.17892
-12.8113
-17.4713
-22.9049
-28.452
-33.2022
-36.2795
-37.2305
-35.9743
-33.0945
-29.5315
-26.1061
-23.2112
-20.8619
-18.9274
-17.2394
-15.5946
-13.8224
-11.8936
-9.96092
-8.28615
-7.03549
-6.03018
-4.9101
-3.59241
-2.40658
-1.52547
-0.9628
-0.434982
-0.249344
-10.967
-11.1098
-11.2562
-11.3905
-11.4935
-11.5471
-11.5402
-11.4762
-11.3799
-11.2972
-11.2862
-11.4039
-11.6934
-12.1775
-12.8566
-13.7097
-14.6973
-15.7656
-16.8513
-17.8867
-18.8039
-19.539
-20.0381
-20.2605
-20.1836
-19.805
-19.1423
-18.2306
-17.1174
-15.857
-14.5049
-13.113
-11.7265
-10.3823
-9.10801
-7.9228
-6.83826
-5.85966
-4.98736
-4.21807
-3.54602
-2.96389
-2.46354
-2.03656
-1.67469
-1.37004
-1.11529
-0.903775
-0.729549
-0.58739
-0.472792
-0.381945
-0.311707
-0.259618
-0.223897
-0.203455
-0.197991
-0.20849
-0.237224
-0.288251
-0.367767
-0.484571
-0.651884
-0.889369
-1.22554
-1.69747
-2.35584
-3.27347
-4.54735
-6.32138
-8.76683
-12.0395
-16.1948
-21.0335
-26.02
-30.3922
-33.3903
-34.5886
-33.8756
-31.6934
-28.7995
-25.8822
-23.2973
-21.0836
-19.1526
-17.3827
-15.6185
-13.7322
-11.7209
-9.74366
-8.05782
-6.82873
-5.8796
-4.84036
-3.5939
-2.44799
-1.57439
-1.00431
-0.460677
-0.263624
-10.9856
-11.1095
-11.2347
-11.3496
-11.4408
-11.4966
-11.511
-11.4893
-11.4512
-11.4314
-11.4735
-11.6205
-11.9056
-12.3472
-12.946
-13.6854
-14.5331
-15.4449
-16.3678
-17.2446
-18.0176
-18.6327
-19.0434
-19.2148
-19.1268
-18.7762
-18.1764
-17.3554
-16.3525
-15.213
-13.9845
-12.7121
-11.4361
-10.1902
-9.00026
-7.88518
-6.85704
-5.92227
-5.08268
-4.33663
-3.67993
-3.10678
-2.61037
-2.18348
-1.81881
-1.5093
-1.2483
-1.02969
-0.847935
-0.698166
-0.576146
-0.478284
-0.401618
-0.343838
-0.303275
-0.278952
-0.270648
-0.279355
-0.307296
-0.358381
-0.438572
-0.556211
-0.723407
-0.958028
-1.28676
-1.74558
-2.38257
-3.26353
-4.47273
-6.12881
-8.36962
-11.3187
-15.0203
-19.3194
-23.7891
-27.8054
-30.7223
-32.1428
-31.9243
-30.378
-28.0992
-25.6607
-23.3825
-21.3189
-19.4125
-17.5774
-15.6994
-13.6932
-11.5858
-9.54715
-7.83451
-6.61361
-5.71214
-4.74926
-3.57571
-2.47498
-1.61411
-1.03998
-0.483763
-0.275991
-11.0007
-11.1098
-11.2192
-11.3205
-11.4047
-11.4644
-11.4971
-11.5083
-11.5142
-11.5409
-11.6211
-11.7868
-12.0637
-12.4657
-12.9936
-13.6337
-14.3599
-15.1356
-15.9167
-16.655
-17.3019
-17.8113
-18.1437
-18.269
-18.1696
-17.8416
-17.295
-16.5524
-15.6459
-14.6135
-13.4956
-12.3315
-11.1569
-10.0021
-8.89154
-7.84324
-6.86957
-5.97775
-5.1708
-4.44842
-3.80784
-3.24459
-2.75312
-2.32727
-1.9607
-1.64714
-1.38059
-1.15548
-0.966701
-0.809741
-0.680644
-0.576052
-0.493191
-0.429914
-0.384674
-0.356609
-0.345573
-0.352569
-0.379763
-0.430896
-0.511664
-0.629994
-0.797043
-1.02891
-1.34986
-1.79381
-2.4061
-3.24664
-4.38913
-5.93156
-7.98436
-10.644
-13.9445
-17.7654
-21.7722
-25.4634
-28.2984
-29.9104
-30.1308
-29.1549
-27.4367
-25.4483
-23.4759
-21.5794
-19.7195
-17.8349
-15.8471
-13.7131
-11.4937
-9.37505
-7.61872
-6.39295
-5.53058
-4.63906
-3.53925
-2.48799
-1.64459
-1.06963
-0.504152
-0.286251
-11.0145
-11.112
-11.2095
-11.3014
-11.3814
-11.4455
-11.493
-11.5295
-11.5678
-11.6278
-11.7338
-11.9098
-12.1749
-12.5397
-13.0043
-13.5576
-14.1782
-14.8357
-15.4935
-16.1111
-16.648
-17.0649
-17.3282
-17.4123
-17.3016
-16.9919
-16.4906
-15.8158
-14.9936
-14.056
-13.0372
-11.9711
-10.8892
-9.81885
-8.78261
-7.79771
-6.87642
-6.02653
-5.25195
-4.55352
-3.92969
-3.37716
-2.89152
-2.46762
-2.10001
-1.78319
-1.5118
-1.28079
-1.08551
-0.921787
-0.785972
-0.674944
-0.586132
-0.517557
-0.467807
-0.436137
-0.422477
-0.427839
-0.454328
-0.5055
-0.586749
-0.705577
-0.872317
-1.10143
-1.41453
-1.84257
-2.42758
-3.22425
-4.2977
-5.72947
-7.6081
-10.0086
-12.9565
-16.3594
-19.9593
-23.3598
-26.1141
-27.8874
-28.4915
-28.0232
-26.8144
-25.2512
-23.5878
-21.8787
-20.088
-18.1683
-16.0723
-13.8003
-11.4508
-9.23135
-7.41307
-6.1694
-5.33798
-4.51233
-3.48632
-2.48765
-1.66591
-1.09317
-0.521778
-0.294228
-11.0265
-11.1149
-11.2036
-11.2888
-11.3666
-11.4347
-11.4938
-11.549
-11.6105
-11.6934
-11.8157
-11.9952
-12.2459
-12.5756
-12.9837
-13.4609
-13.9895
-14.5445
-15.0954
-15.6087
-16.0494
-16.3854
-16.588
-16.6354
-16.5139
-16.219
-15.7563
-15.1401
-14.3919
-13.5381
-12.6078
-11.6303
-10.6332
-9.64091
-8.6742
-7.74929
-6.87823
-6.06907
-5.32644
-4.65208
-4.04547
-3.50437
-3.02536
-2.60426
-2.23644
-1.91712
-1.64157
-1.40527
-1.20399
-1.03395
-0.891775
-0.774613
-0.680098
-0.606429
-0.552339
-0.517204
-0.501029
-0.504834
-0.530657
-0.581863
-0.663503
-0.782618
-0.948779
-1.17501
-1.48026
-1.89196
-2.44809
-3.19819
-4.20031
-5.52324
-7.23865
-9.40517
-12.0424
-15.081
-18.3261
-21.4683
-24.1459
-26.0548
-26.9932
-26.9769
-26.2332
-25.076
-23.73
-22.232
-20.5334
-18.5921
-16.3877
-13.9647
-11.4643
-9.12053
-7.22027
-5.94565
-5.13726
-4.37213
-3.41899
-2.47484
-1.67828
-1.11054
-0.536588
-0.299752
-11.0377
-11.1188
-11.2009
-11.2813
-11.3576
-11.4289
-11.4966
-11.565
-11.6422
-11.7397
-11.8708
-12.0483
-12.2826
-12.5788
-12.9361
-13.3463
-13.7948
-14.2608
-14.719
-15.1415
-15.4992
-15.765
-15.9147
-15.9297
-15.798
-15.5154
-15.0858
-14.5205
-13.8371
-13.0576
-12.2065
-11.3089
-10.3891
-9.46887
-8.56699
-7.6987
-6.8756
-6.10587
-5.39461
-4.74428
-4.15522
-3.62612
-3.15447
-2.73693
-2.36967
-2.04858
-1.76954
-1.52852
-1.32176
-1.14582
-0.997657
-0.874661
-0.774691
-0.696128
-0.637862
-0.599396
-0.580812
-0.583139
-0.608343
-0.659593
-0.74157
-0.860785
-1.02605
-1.2491
-1.54645
-1.9418
-2.46843
-3.17042
-4.09946
-5.3146
-6.87499
-8.8275
-11.1884
-13.908
-16.843
-19.7565
-22.3626
-24.3873
-25.6186
-26.0077
-25.694
-24.9307
-23.9165
-22.6555
-21.0728
-19.1224
-16.8073
-14.2181
-11.5427
-9.04771
-7.04317
-5.72438
-4.93141
-4.22207
-3.33953
-2.45058
-1.68202
-1.12176
-0.548562
-0.302685
-11.0476
-11.1229
-11.1998
-11.2765
-11.3517
-11.4252
-11.4986
-11.5757
-11.6628
-11.7685
-11.9025
-12.0741
-12.2905
-12.5552
-12.8666
-13.2178
-13.5964
-13.9852
-14.3633
-14.7073
-14.9931
-15.198
-15.3016
-15.2882
-15.1472
-14.8748
-14.4736
-13.9526
-13.326
-12.6122
-11.8319
-11.0065
-10.1571
-9.3032
-8.46166
-7.64663
-6.86919
-6.13745
-5.45682
-4.83033
-4.25902
-3.74238
-3.2787
-2.86542
-2.49941
-2.17723
-1.89531
-1.65015
-1.43839
-1.25698
-1.10318
-0.974649
-0.869467
-0.78621
-0.723933
-0.682268
-0.661386
-0.662321
-0.686963
-0.738278
-0.82056
-0.939729
-1.10378
-1.32323
-1.61245
-1.99158
-2.48894
-3.1426
-3.99805
-5.1064
-6.51782
-8.27147
-10.3829
-12.8194
-15.4811
-18.1926
-20.7317
-22.8567
-24.3496
-25.1089
-25.1993
-24.8249
-24.1613
-23.1663
-21.7246
-19.7781
-17.3487
-14.5749
-11.6967
-9.01901
-6.88492
-5.50847
-4.72426
-4.0659
-3.25034
-2.41604
-1.67755
-1.12691
-0.5577
-0.302897
-11.0562
-11.1268
-11.1994
-11.273
-11.3469
-11.4214
-11.4981
-11.5801
-11.6723
-11.7811
-11.9136
-12.0762
-12.2738
-12.5086
-12.7785
-13.0775
-13.3951
-13.717
-14.0258
-14.3021
-14.5259
-14.6782
-14.742
-14.7039
-14.5547
-14.2909
-13.9143
-13.432
-12.8555
-12.2
-11.4829
-10.7226
-9.93736
-9.14435
-8.35882
-7.59376
-6.85963
-6.16435
-5.5135
-4.9105
-4.35701
-3.85316
-3.39795
-2.98952
-2.6254
-2.30273
-2.01852
-1.76973
-1.55345
-1.36697
-1.20787
-1.07407
-0.963902
-0.876131
-0.809989
-0.765246
-0.742171
-0.741811
-0.765979
-0.817431
-0.900058
-1.01913
-1.18173
-1.39715
-1.67782
-2.04073
-2.50943
-3.11581
-3.89871
-4.90216
-6.16954
-7.73545
-9.61703
-11.7976
-14.2136
-16.7439
-19.2197
-21.4355
-23.1714
-24.2788
-24.7552
-24.7684
-24.4779
-23.7819
-22.5101
-20.5823
-18.034
-15.0543
-11.9407
-9.04286
-6.74963
-5.30114
-4.51984
-3.90684
-3.15372
-2.37244
-1.66537
-1.12613
-0.56405
-0.300306
-11.0636
-11.1301
-11.199
-11.2697
-11.342
-11.4163
-11.4942
-11.5781
-11.6719
-11.78
-11.9075
-12.059
-12.2377
-12.4442
-12.6766
-12.9294
-13.1937
-13.4576
-13.7065
-13.9245
-14.0949
-14.2019
-14.2313
-14.1718
-14.0155
-13.7591
-13.4039
-12.9553
-12.4228
-11.819
-11.1584
-10.4567
-9.72983
-8.99271
-8.25908
-7.54077
-6.84758
-6.18715
-5.56509
-4.98514
-4.44938
-3.95852
-3.51217
-3.10908
-2.74737
-2.42477
-2.13878
-1.88685
-1.66647
-1.47529
-1.3112
-1.17241
-1.05746
-0.96535
-0.895486
-0.847784
-0.822624
-0.821072
-0.844866
-0.896549
-0.979597
-1.0986
-1.25961
-1.47061
-1.74219
-2.08861
-2.52928
-3.09019
-3.80336
-4.70562
-5.83436
-7.22138
-8.88714
-10.8308
-13.0192
-15.3812
-17.7986
-20.1046
-22.0778
-23.5216
-24.3685
-24.7682
-24.8784
-24.5222
-23.4567
-21.5661
-18.8932
-15.6827
-12.2951
-9.1311
-6.64267
-5.10651
-4.32221
-3.7478
-3.05197
-2.32103
-1.64604
-1.11966
-0.567688
-0.294851
-11.0691
-11.1319
-11.1974
-11.2652
-11.3353
-11.4084
-11.4856
-11.5689
-11.6612
-11.7658
-11.886
-12.0249
-12.1843
-12.3644
-12.5628
-12.7746
-12.9923
-13.2058
-13.4032
-13.571
-13.6957
-13.7639
-13.7639
-13.6861
-13.5238
-13.274
-12.9376
-12.5187
-12.0252
-11.4673
-10.8572
-10.2085
-9.53452
-8.84863
-8.16297
-7.48829
-6.83367
-6.20642
-5.6121
-5.05461
-4.53638
-4.05859
-3.62135
-3.22396
-2.8651
-2.54302
-2.25571
-2.00106
-1.77695
-1.58138
-1.41258
-1.26899
-1.14944
-1.05312
-0.979641
-0.929079
-0.901943
-0.899336
-0.922936
-0.975069
-1.05877
-1.1779
-1.33741
-1.5438
-1.80577
-2.13513
-2.54792
-3.06508
-3.71222
-4.51892
-5.51634
-6.7335
-8.19488
-9.91405
-11.8877
-14.0916
-16.4584
-18.8615
-21.0735
-22.8444
-24.0422
-24.8268
-25.3757
-25.4139
-24.6023
-22.773
-19.9686
-16.4984
-12.7911
-9.30385
-6.57342
-4.92946
-4.13417
-3.59153
-2.94708
-2.26305
-1.62024
-1.10786
-0.568807
-0.286565
-11.0733
-11.1327
-11.1949
-11.2597
-11.3272
-11.398
-11.4731
-11.554
-11.6427
-11.7415
-11.8528
-11.9783
-12.119
-12.2743
-12.4419
-12.6174
-12.7943
-12.9641
-13.1169
-13.2417
-13.3271
-13.3621
-13.3369
-13.2435
-13.0762
-12.8323
-12.5124
-12.1197
-11.6605
-11.1434
-10.5786
-9.97737
-9.3515
-8.71247
-8.07106
-7.43698
-6.81861
-6.22283
-5.65508
-5.11935
-4.61831
-4.15351
-3.7255
-3.33407
-2.9784
-2.6572
-2.36894
-2.11192
-1.8844
-1.68475
-1.51146
-1.36329
-1.23928
-1.13886
-1.06186
-1.00851
-0.979488
-0.975938
-0.999508
-1.05232
-1.13695
-1.25648
-1.41469
-1.61646
-1.86848
-2.18025
-2.565
-3.03977
-3.62474
-4.34275
-5.21843
-6.27733
-7.54684
-9.05401
-10.8259
-12.8818
-15.2058
-17.7119
-20.163
-22.2495
-23.7738
-24.9439
-25.9874
-26.4955
-26.0026
-24.2651
-21.3194
-17.5545
-13.4721
-9.58965
-6.55715
-4.77715
-3.9595
-3.44069
-2.84053
-2.19965
-1.58867
-1.09121
-0.567686
-0.275597
-11.0747
-11.1308
-11.1897
-11.2512
-11.3155
-11.3832
-11.4549
-11.5318
-11.6153
-11.7069
-11.808
-11.9197
-12.0421
-12.1743
-12.3141
-12.4573
-12.5985
-12.7305
-12.8451
-12.933
-12.9849
-12.9917
-12.9452
-12.8387
-12.6675
-12.4292
-12.124
-11.7546
-11.326
-10.8453
-10.3211
-9.76279
-9.18058
-8.5844
-7.98379
-7.38745
-6.80304
-6.23702
-5.69462
-5.17983
-4.69551
-4.24349
-3.8247
-3.43935
-3.08706
-2.767
-2.47804
-2.2189
-1.9882
-1.78464
-1.60702
-1.45436
-1.32597
-1.2215
-1.14101
-1.08495
-1.05416
-1.04989
-1.07378
-1.12775
-1.21393
-1.33453
-1.492
-1.68943
-1.93131
-2.22475
-2.58071
-3.01326
-3.53856
-4.17389
-4.93786
-5.85185
-6.94527
-8.2568
-9.83914
-11.7532
-14.0358
-16.6473
-19.3411
-21.7358
-23.5595
-25.1208
-26.7411
-27.8244
-27.7358
-26.124
-23.0158
-18.9121
-14.393
-10.0277
-6.61474
-4.65863
-3.80246
-3.29684
-2.73337
-2.1319
-1.55226
-1.07052
-0.564905
-0.262376
-11.0752
-11.1281
-11.1836
-11.2417
-11.3024
-11.3662
-11.4337
-11.5056
-11.5828
-11.6662
-11.7566
-11.8545
-11.9594
-12.0703
-12.1848
-12.2995
-12.4094
-12.5086
-12.5901
-12.6464
-12.6697
-12.6524
-12.5878
-12.4704
-12.2961
-12.0628
-11.7708
-11.422
-11.0205
-10.5723
-10.0843
-9.56466
-9.022
-8.46493
-7.90182
-7.34044
-6.78774
-6.24973
-5.73136
-5.2366
-4.7684
-4.32881
-3.9191
-3.53982
-3.19101
-2.87223
-2.58278
-2.32172
-2.08803
-1.88073
-1.6989
-1.54184
-1.4091
-1.30057
-1.21655
-1.15774
-1.12517
-1.12026
-1.1447
-1.20024
-1.28855
-1.41095
-1.56846
-1.76218
-1.9942
-2.26924
-2.5963
-2.98713
-3.45472
-4.01189
-4.67184
-5.4522
-6.38216
-7.5083
-8.90654
-10.6794
-12.9206
-15.6488
-18.606
-21.3114
-23.3985
-25.3598
-27.6745
-29.4708
-29.8895
-28.4312
-25.1171
-20.6173
-15.6025
-10.6604
-6.77172
-4.58535
-3.66677
-3.16111
-2.62635
-2.06068
-1.51197
-1.0468
-0.56126
-0.247723
-11.0722
-11.1218
-11.1737
-11.228
-11.2848
-11.3442
-11.4066
-11.4726
-11.5427
-11.6172
-11.6966
-11.7808
-11.8692
-11.9604
-12.0522
-12.1415
-12.2241
-12.2948
-12.348
-12.3773
-12.3763
-12.3388
-12.2592
-12.1328
-11.9564
-11.7282
-11.4481
-11.1179
-10.7409
-10.3218
-9.86651
-9.3819
-8.87525
-8.35399
-7.82543
-7.29645
-6.77334
-6.2616
-5.76595
-5.29021
-4.8374
-4.40975
-4.00878
-3.63539
-3.28995
-2.97243
-2.68246
-2.41948
-2.18281
-1.97175
-1.78569
-1.62417
-1.48702
-1.37437
-1.28681
-1.2253
-1.19114
-1.18597
-1.21159
-1.26967
-1.36141
-1.48707
-1.64597
-1.83684
-2.05897
-2.31461
-2.61143
-2.95979
-3.37049
-3.85251
-4.41403
-5.06747
-5.84058
-6.78699
-8.00364
-9.63481
-11.8392
-14.7125
-17.9772
-21.0026
-23.2895
-25.6472
-28.8062
-31.4756
-32.5065
-31.2033
-27.6094
-22.656
-17.1057
-11.5089
-7.04725
-4.56559
-3.55405
-3.03355
-2.51979
-1.98686
-1.46905
-1.02154
-0.55816
-0.232994
-11.0691
-11.1154
-11.1638
-11.2143
-11.2667
-11.3214
-11.3785
-11.4382
-11.5008
-11.5664
-11.6346
-11.7057
-11.7785
-11.8517
-11.9231
-11.9899
-12.0486
-12.0947
-12.1235
-12.1297
-12.108
-12.0533
-11.9609
-11.8272
-11.6492
-11.4257
-11.1564
-10.8427
-10.4873
-10.0942
-9.66822
-9.21511
-8.74104
-8.25239
-7.75549
-7.2564
-6.76073
-6.27351
-5.79915
-5.34134
-4.90311
-4.48682
-4.0942
-3.72645
-3.38427
-3.06797
-2.77751
-2.51265
-2.27302
-2.0582
-1.86785
-1.70175
-1.55998
-1.44293
-1.35147
-1.2869
-1.25086
-1.24532
-1.27232
-1.33352
-1.42976
-1.56027
-1.72247
-1.91235
-2.12601
-2.36316
-2.63066
-2.93785
-3.29368
-3.70348
-4.17001
-4.70054
-5.32188
-6.09137
-7.12498
-8.60927
-10.7861
-13.8548
-17.4985
-20.8453
-23.199
-25.9049
-30.0646
-33.7526
-35.483
-34.3193
-30.351
-24.8901
-18.811
-12.54
-7.43817
-4.5996
-3.46209
-2.91231
-2.41326
-1.91093
-1.42441
-0.996215
-0.557251
-0.220162
-11.0617
-11.1046
-11.1493
-11.1957
-11.2436
-11.2932
-11.3444
-11.3974
-11.4521
-11.5083
-11.5663
-11.6247
-11.6829
-11.7395
-11.7926
-11.8395
-11.8772
-11.902
-11.9099
-11.8964
-11.8572
-11.7882
-11.6855
-11.546
-11.3675
-11.1487
-10.8895
-10.5911
-10.2555
-9.88607
-9.48683
-9.06252
-8.61834
-8.15971
-7.69206
-7.22067
-6.75052
-6.28617
-5.83168
-5.3906
-4.96593
-4.56012
-4.17512
-3.81237
-3.4729
-3.15733
-2.86597
-2.5989
-2.35603
-2.13722
-1.94238
-1.77153
-1.62501
-1.50346
-1.40808
-1.34057
-1.30298
-1.29772
-1.32725
-1.39334
-1.49649
-1.63457
-1.8026
-1.99292
-2.19729
-2.41286
-2.64765
-2.91221
-3.21525
-3.5585
-3.93766
-4.35307
-4.82792
-5.42168
-6.26563
-7.59538
-9.76453
-13.1005
-17.2013
-20.8182
-22.9823
-25.92
-31.2109
-36.0274
-38.5473
-37.5459
-33.1249
-27.0912
-20.5229
-13.6426
-7.90166
-4.67227
-3.38337
-2.79406
-2.30621
-1.83351
-1.37929
-0.972623
-0.560718
-0.21142
-11.0556
-11.0953
-11.1364
-11.1787
-11.2222
-11.2667
-11.3122
-11.3586
-11.4056
-11.4531
-11.5006
-11.5472
-11.5921
-11.6338
-11.6706
-11.7
-11.7195
-11.7258
-11.7157
-11.6854
-11.6313
-11.5501
-11.4387
-11.2944
-11.1155
-10.901
-10.6508
-10.3658
-10.0478
-9.69939
-9.32401
-8.92556
-8.50838
-8.07702
-7.63611
-7.19019
-6.74363
-6.3005
-5.86454
-5.4391
-5.02712
-4.63115
-4.25328
-3.89521
-3.55822
-3.24324
-2.95085
-2.6814
-2.43507
-2.21195
-2.01216
-1.83597
-1.68393
-1.55696
-1.4566
-1.38503
-1.34489
-1.33922
-1.37113
-1.44284
-1.55486
-1.70388
-1.88223
-2.07793
-2.27746
-2.47458
-2.67881
-2.90198
-3.15323
-3.43147
-3.72583
-4.02986
-4.36258
-4.77948
-5.42248
-6.59151
-8.77178
-12.4251
-16.9998
-20.7259
-22.3608
-25.3609
-31.9667
-38.08
-41.541
-40.7809
-35.8106
-29.0926
-22.0421
-14.6545
-8.35508
-4.75094
-3.30466
-2.67355
-2.19707
-1.75424
-1.33385
-0.951422
-0.569811
-0.208626
-11.0444
-11.0808
-11.1181
-11.1562
-11.1949
-11.2342
-11.2737
-11.3134
-11.3529
-11.3916
-11.4292
-11.4647
-11.4972
-11.5253
-11.5473
-11.5612
-11.5646
-11.5549
-11.5293
-11.4847
-11.4182
-11.3271
-11.2087
-11.0611
-10.8828
-10.673
-10.4317
-10.1595
-9.85807
-9.52943
-9.17635
-8.80204
-8.41005
-8.00412
-7.58811
-7.16588
-6.74115
-6.31753
-5.89841
-5.48695
-5.08605
-4.69831
-4.32605
-3.97122
-3.63544
-3.31996
-3.02567
-2.75321
-2.50299
-2.2753
-2.07045
-1.88889
-1.7314
-1.59917
-1.49408
-1.41881
-1.37674
-1.37175
-1.4079
-1.48808
-1.61282
-1.77721
-1.97002
-2.17233
-2.36137
-2.53078
-2.69665
-2.87731
-3.0844
-3.31115
-3.53378
-3.73633
-3.93308
-4.16759
-4.59746
-5.59252
-7.76849
-11.7082
-16.6675
-20.247
-21.0897
-24.1778
-32.5302
-40.212
-44.818
-44.3045
-38.5311
-30.9025
-23.2715
-15.4297
-8.69674
-4.79122
-3.21073
-2.54699
-2.08581
-1.67365
-1.28847
-0.932662
-0.584241
-0.212009
-11.0367
-11.07
-11.1039
-11.1382
-11.1726
-11.2069
-11.2409
-11.2743
-11.3067
-11.3375
-11.3662
-11.3918
-11.4133
-11.4294
-11.4386
-11.439
-11.4286
-11.4051
-11.3662
-11.3093
-11.2321
-11.1322
-11.0077
-10.8569
-10.6788
-10.4727
-10.2388
-9.97755
-9.69034
-9.37891
-9.04551
-8.69275
-8.3235
-7.9408
-7.54779
-7.14763
-6.74346
-6.33838
-5.93541
-5.53744
-5.1473
-4.7676
-4.4008
-4.04908
-3.7143
-3.39797
-3.10124
-2.82502
-2.56997
-2.33657
-2.12529
-1.93672
-1.77179
-1.63198
-1.51957
-1.43789
-1.39126
-1.38477
-1.42403
-1.51355
-1.65501
-1.84249
-2.06108
-2.28383
-2.47743
-2.62407
-2.75179
-2.88455
-3.0406
-3.21218
-3.36572
-3.47599
-3.54339
-3.59094
-3.79346
-4.59405
-6.71579
-10.8548
-15.9739
-19.28
-19.2558
-23.149
-33.4924
-42.9257
-48.7376
-48.326
-41.4149
-32.5703
-24.173
-15.8644
-8.83159
-4.74587
-3.08462
-2.40833
-1.96919
-1.58893
-1.23996
-0.912045
-0.598702
-0.217954
-11.0228
-11.0529
-11.0831
-11.1132
-11.1432
-11.1726
-11.201
-11.2281
-11.2534
-11.2764
-11.2963
-11.3123
-11.3234
-11.3284
-11.3258
-11.3141
-11.2915
-11.256
-11.2057
-11.1385
-11.0526
-10.9459
-10.8171
-10.6649
-10.4884
-10.2872
-10.0615
-9.81178
-9.53906
-9.24476
-8.93064
-8.59875
-8.25126
-7.89049
-7.51888
-7.13888
-6.75302
-6.36388
-5.97412
-5.58649
-5.2038
-4.82883
-4.46436
-4.11299
-3.77702
-3.45834
-3.15835
-2.87814
-2.61847
-2.37989
-2.16291
-1.96823
-1.79694
-1.65069
-1.53209
-1.44511
-1.39519
-1.38901
-1.43413
-1.53693
-1.70043
-1.91693
-2.16578
-2.40612
-2.58155
-2.68831
-2.76461
-2.85685
-2.98696
-3.13575
-3.24328
-3.26801
-3.19849
-3.04654
-3.02656
-3.66291
-5.71612
-9.92051
-14.8261
-18.0357
-17.7752
-22.7875
-34.9886
-45.6167
-52.0269
-51.6499
-43.7997
-33.8156
-24.6019
-15.8584
-8.68631
-4.5764
-2.913
-2.25484
-1.84727
-1.49972
-1.18568
-0.88439
-0.603825
-0.221299
-11.0154
-11.0429
-11.0703
-11.0969
-11.1231
-11.1482
-11.172
-11.1939
-11.2135
-11.23
-11.2428
-11.2509
-11.2534
-11.2492
-11.2368
-11.2148
-11.1817
-11.1358
-11.0754
-10.9989
-10.9045
-10.791
-10.6571
-10.502
-10.3252
-10.1264
-9.90604
-9.66471
-9.40339
-9.12335
-8.82603
-8.51302
-8.18594
-7.84645
-7.49621
-7.13694
-6.77042
-6.3986
-6.02363
-5.64788
-5.27399
-4.90475
-4.54311
-4.19197
-3.85396
-3.53127
-3.2257
-2.93887
-2.67183
-2.42521
-2.19945
-1.99512
-1.81316
-1.65529
-1.52478
-1.4265
-1.36707
-1.35523
-1.40206
-1.51857
-1.71254
-1.97694
-2.28725
-2.5856
-2.78264
-2.85255
-2.85855
-2.87703
-2.95248
-3.06285
-3.12786
-3.08294
-2.89126
-2.56354
-2.42147
-3.01887
-5.05765
-9.02304
-13.527
-16.6309
-17.2769
-22.693
-35.9821
-46.6692
-52.9247
-52.6803
-44.6176
-34.114
-24.3262
-15.3202
-8.2225
-4.25768
-2.67627
-2.06948
-1.70583
-1.39546
-1.11744
-0.840256
-0.588649
-0.212822
-10.9998
-11.0244
-11.0483
-11.0716
-11.0936
-11.1141
-11.1327
-11.1489
-11.1621
-11.1718
-11.1771
-11.1772
-11.1712
-11.1579
-11.1363
-11.105
-11.0627
-11.0079
-10.9394
-10.8558
-10.7558
-10.6384
-10.5026
-10.348
-10.1743
-9.9813
-9.76946
-9.53931
-9.29162
-9.02729
-8.74735
-8.45284
-8.14471
-7.8239
-7.49141
-7.14823
-6.79552
-6.43477
-6.06785
-5.6971
-5.32533
-4.9558
-4.59205
-4.23772
-3.89612
-3.56982
-3.26028
-2.96903
-2.69705
-2.44493
-2.21309
-2.00221
-1.81339
-1.64801
-1.50922
-1.40268
-1.33688
-1.32316
-1.37584
-1.50978
-1.73738
-2.05215
-2.42351
-2.75669
-2.91376
-2.90002
-2.8424
-2.8357
-2.93232
-3.07751
-3.09872
-2.91163
-2.5854
-2.25716
-2.23739
-2.96084
-4.98281
-8.40649
-12.4962
-15.6162
-16.7313
-22.1824
-35.3594
-45.5997
-51.5795
-51.3933
-43.6272
-33.2766
-23.2598
-14.2532
-7.46418
-3.79311
-2.36497
-1.8434
-1.54221
-1.27821
-1.03659
-0.779816
-0.549103
-0.19121
-10.9955
-11.0181
-11.0401
-11.0611
-11.0806
-11.0983
-11.1138
-11.1264
-11.1357
-11.1409
-11.1412
-11.1357
-11.1235
-11.1035
-11.0745
-11.0354
-10.9848
-10.9216
-10.8444
-10.7522
-10.6441
-10.5193
-10.3773
-10.2179
-10.0413
-9.84804
-9.63871
-9.41428
-9.17577
-8.92417
-8.66034
-8.38492
-8.09832
-7.80064
-7.49187
-7.17196
-6.84099
-6.49937
-6.14802
-5.78859
-5.42354
-5.05609
-4.6901
-4.3299
-3.9794
-3.64191
-3.32047
-3.01792
-2.73495
-2.47165
-2.2279
-2.00349
-1.79837
-1.61412
-1.45508
-1.32718
-1.23934
-1.20632
-1.25053
-1.40026
-1.68375
-2.10446
-2.63854
-3.14734
-3.35703
-3.21795
-2.96308
-2.78894
-2.7863
-2.88704
-2.92745
-2.86409
-2.66766
-2.39706
-2.57388
-3.53207
-5.39638
-8.34871
-11.6872
-14.7599
-15.8324
-20.6911
-33.0159
-42.9807
-48.8585
-48.5943
-41.4342
-31.4943
-21.5598
-12.8094
-6.51077
-3.21344
-1.96679
-1.54616
-1.32833
-1.13199
-0.94
-0.704276
-0.50058
-0.138394
-10.9792
-10.9991
-11.018
-11.0354
-11.0511
-11.0646
-11.0754
-11.083
-11.0868
-11.0861
-11.0802
-11.0682
-11.0494
-11.0226
-10.987
-10.9414
-10.885
-10.8166
-10.7352
-10.6401
-10.5306
-10.4059
-10.2659
-10.1103
-9.93938
-9.75337
-9.55287
-9.33859
-9.11138
-8.87204
-8.62129
-8.35965
-8.08726
-7.80388
-7.50899
-7.20183
-6.88173
-6.54839
-6.2022
-5.84457
-5.47804
-5.10643
-4.73476
-4.36894
-4.01458
-3.67426
-3.34669
-3.03688
-2.74623
-2.47493
-2.22263
-1.98993
-1.77774
-1.58341
-1.40975
-1.26558
-1.16364
-1.12226
-1.16828
-1.33882
-1.67947
-2.21553
-2.91415
-3.49971
-3.5842
-3.2467
-2.84214
-2.64643
-2.84534
-3.19226
-3.18321
-2.89539
-2.78781
-2.83625
-3.20977
-4.24398
-5.89144
-8.36262
-11.2007
-13.8305
-14.6529
-18.3887
-29.0372
-39.0985
-45.1549
-45.0379
-38.5965
-29.2202
-19.6016
-11.2974
-5.55879
-2.62846
-1.55527
-1.2458
-1.12821
-1.00554
-0.856693
-0.634071
-0.464187
-0.0582786
-10.9822
-11.0019
-11.0206
-11.0377
-11.053
-11.0659
-11.076
-11.0825
-11.0849
-11.0824
-11.0741
-11.0591
-11.0364
-11.0049
-10.9633
-10.9106
-10.8457
-10.7673
-10.6745
-10.5665
-10.4429
-10.3034
-10.1482
-9.97827
-9.79465
-9.59906
-9.39358
-9.18042
-8.96176
-8.7394
-8.5144
-8.2868
-8.05544
-7.81789
-7.57071
-7.30983
-7.03114
-6.73122
-6.40795
-6.06127
-5.69326
-5.30888
-4.91444
-4.51979
-4.13148
-3.75732
-3.40579
-3.07596
-2.76744
-2.47897
-2.20821
-1.9518
-1.70474
-1.47064
-1.25366
-1.05376
-0.878449
-0.751009
-0.722949
-0.886353
-1.35624
-2.23036
-3.54895
-4.7406
-4.76646
-3.7986
-2.87521
-2.39364
-2.44957
-2.88686
-3.24057
-3.19765
-2.99655
-3.01761
-3.54261
-4.62908
-6.15256
-8.38544
-10.6425
-12.836
-13.6142
-16.0713
-24.2519
-34.8932
-41.9354
-42.0684
-36.0377
-27.1633
-17.9244
-10.1037
-4.85294
-2.20153
-1.24441
-1.00684
-0.962591
-0.899325
-0.791304
-0.576632
-0.461863
0.0497892
-10.9617
-10.9784
-10.9933
-11.0063
-11.017
-11.0249
-11.0295
-11.0301
-11.0261
-11.0167
-11.0011
-10.9785
-10.9479
-10.9084
-10.8591
-10.7989
-10.727
-10.6425
-10.5449
-10.4337
-10.3087
-10.1702
-10.0186
-9.8549
-9.68039
-9.49671
-9.30569
-9.10914
-8.90867
-8.70534
-8.49944
-8.29021
-8.07575
-7.85308
-7.61832
-7.36718
-7.09549
-6.79984
-6.4782
-6.13053
-5.75887
-5.36729
-4.96544
-4.56189
-4.16576
-3.78442
-3.42336
-3.08406
-2.76662
-2.46937
-2.18923
-1.92154
-1.6614
-1.39886
-1.13902
-0.902328
-0.70397
-0.574157
-0.569897
-0.773555
-1.26895
-2.11455
-3.27358
-4.29643
-4.43448
-3.761
-3.00188
-2.64352
-2.7269
-2.97861
-3.07041
-2.97496
-2.91542
-3.06177
-3.61603
-4.66568
-6.16809
-8.21927
-10.3383
-12.6008
-13.6208
-16.1026
-22.8591
-31.7219
-38.4352
-39.5408
-34.4944
-26.0306
-17.1004
-9.5943
-4.61521
-2.09157
-1.17531
-0.95775
-0.927097
-0.865472
-0.75933
-0.539176
-0.449324
0.0812699
-13.7061
-13.6176
-13.1659
-13.2728
-13.9089
-14.7445
-15.3694
-15.5995
-15.5664
-15.4619
-15.3728
-15.3787
-15.3101
-15.2082
-15.3697
-15.4723
-15.7285
-16.5232
-18.2069
-20.8278
-24.1173
-27.6002
-30.7309
-33.0595
-34.3024
-34.1817
-32.4151
-29.1034
-24.7085
-19.634
-14.2879
-9.05126
-4.28568
-0.301522
2.70786
4.71796
5.86285
6.35228
6.39868
6.18156
5.82514
5.40914
4.97972
4.56169
4.1679
3.80391
3.47405
3.178
2.92384
2.70803
2.49415
2.26753
2.02047
1.74027
1.4288
1.12924
0.897661
0.749509
0.64284
0.518463
0.337483
0.0940163
-0.203248
-0.539743
-0.918276
-1.36944
-1.98088
-2.79519
-3.88406
-5.5269
-7.88285
-10.8741
-14.2721
-17.7581
-20.971
-23.5477
-25.2507
-26.0695
-26.0222
-25.1903
-23.7882
-22.3488
-21.1687
-20.4894
-22.8771
-28.7468
-34.1521
-34.6315
-27.9716
-15.1277
-1.65282
8.28446
13.0899
13.5517
11.3868
8.41327
5.66684
3.59315
1.88592
0.690182
-14.185
-14.2664
-14.5695
-15.3769
-16.4409
-17.3711
-17.9385
-18.0156
-17.5103
-16.6095
-15.7125
-15.1379
-14.777
-14.7821
-15.1099
-15.5943
-16.2178
-17.7705
-20.6889
-24.8818
-29.7602
-34.5284
-38.3964
-40.7354
-41.1703
-39.6652
-36.6934
-32.6591
-27.7744
-22.379
-16.7868
-11.305
-6.25062
-1.94368
1.37617
3.64895
5.00314
5.65373
5.82996
5.7235
5.46167
5.12515
4.76063
4.39381
4.03833
3.70145
3.38487
3.08996
2.80753
2.53462
2.2927
2.07684
1.86572
1.64978
1.40369
1.16338
0.981841
0.861734
0.742982
0.578329
0.370552
0.127843
-0.151868
-0.473562
-0.859914
-1.33519
-1.94794
-2.73565
-3.78111
-5.35146
-7.62409
-10.7182
-14.3616
-18.1269
-21.5682
-24.2729
-26.0181
-26.7749
-26.5835
-25.5371
-23.8729
-22.1006
-20.5729
-19.7902
-24.1428
-33.7831
-41.5418
-41.4581
-32.6638
-19.1424
-5.00979
5.48825
10.869
11.8533
10.1798
7.59093
5.1064
3.28589
1.6156
0.862643
-14.5766
-15.0163
-16.7152
-18.2449
-19.4813
-20.3258
-20.7178
-20.6614
-20.0135
-18.771
-17.2474
-15.9457
-15.2851
-15.275
-15.8984
-17.7089
-20.6943
-24.7198
-29.3633
-34.1446
-38.6035
-42.3609
-45.0951
-46.5003
-46.3075
-44.5405
-41.3149
-36.899
-31.6677
-26.0053
-20.2147
-14.5171
-9.14916
-4.4287
-0.669288
2.00029
3.67393
4.57526
4.95613
5.01935
4.89988
4.68052
4.40985
4.1165
3.81759
3.52374
3.2417
2.97532
2.72699
2.49672
2.27909
2.06394
1.84347
1.60496
1.37245
1.15464
0.969171
0.823706
0.70485
0.580694
0.418652
0.203484
-0.062662
-0.374391
-0.749682
-1.21297
-1.82782
-2.63084
-3.75568
-5.61346
-8.24318
-11.6236
-15.4273
-19.3903
-23.0851
-26.0122
-27.8066
-28.3515
-27.7408
-26.1567
-23.9388
-21.5259
-19.2744
-20.2831
-28.6265
-39.9727
-46.7878
-45.9545
-37.2938
-23.3973
-8.83581
2.10947
7.99447
9.5913
8.55337
6.48504
4.40861
2.84363
1.53215
0.612239
-16.0475
-17.0653
-18.7878
-20.1013
-21.0133
-21.5443
-21.7139
-21.5457
-20.8626
-19.6786
-18.3286
-17.2273
-16.8249
-17.003
-18.5089
-21.5553
-25.8499
-30.7996
-35.8616
-40.7309
-45.2207
-49.0892
-51.9559
-53.3714
-52.9822
-50.7095
-46.7955
-41.6608
-35.7981
-29.679
-23.6177
-17.7312
-12.1225
-7.05416
-2.88116
0.191143
2.19849
3.36969
3.97378
4.22484
4.26259
4.17184
4.00399
3.79111
3.55406
3.30673
3.05768
2.81237
2.57254
2.33931
2.11667
1.9057
1.70408
1.50697
1.31129
1.113
0.927802
0.780903
0.675559
0.579645
0.449267
0.261403
0.0165978
-0.278296
-0.638774
-1.0856
-1.69606
-2.51453
-3.77697
-5.96795
-8.92944
-12.5652
-16.7171
-21.1678
-25.3834
-28.7001
-30.5761
-30.7842
-29.4343
-26.8921
-23.5647
-20.0161
-17.1797
-19.2578
-29.733
-42.1124
-48.9309
-48.0154
-39.4153
-25.7364
-11.4478
-0.645282
5.3865
7.4379
6.97629
5.42058
3.72165
2.41575
1.31903
0.48014
-17.2413
-18.6596
-19.8222
-20.8814
-21.5656
-21.8877
-21.8423
-21.5151
-20.7741
-19.7074
-18.6336
-17.9544
-17.7754
-18.5445
-20.9797
-24.9834
-29.9865
-35.3155
-40.6254
-45.841
-50.8636
-55.3551
-58.747
-60.4016
-59.8635
-57.0919
-52.4329
-46.4545
-39.789
-33.0387
-26.586
-20.4788
-14.6898
-9.37423
-4.88356
-1.49547
0.786543
2.19168
2.99748
3.42161
3.60522
3.63439
3.56298
3.42666
3.25024
3.05124
2.84178
2.63002
2.421
2.21742
2.01975
1.82602
1.63382
1.44284
1.2573
1.07903
0.910536
0.75999
0.641478
0.55091
0.449476
0.296621
0.0828186
-0.184712
-0.521421
-0.948214
-1.5595
-2.41979
-3.88968
-6.46181
-9.79097
-13.7454
-18.4424
-23.6093
-28.5648
-32.4214
-34.4179
-34.1887
-31.8522
-27.9593
-23.1457
-18.2341
-14.8378
-16.8804
-27.7381
-40.3765
-47.1545
-46.5192
-38.5857
-25.8561
-12.6801
-2.64497
3.2183
5.58303
5.61937
4.52332
3.17433
2.08471
1.17993
0.42012
-17.6692
-19.0051
-19.8316
-20.8124
-21.3864
-21.566
-21.3613
-20.8384
-19.9559
-18.939
-18.0911
-17.6432
-17.7005
-19.0893
-22.285
-26.9984
-32.4858
-38.1423
-43.8328
-49.6378
-55.4512
-60.7664
-64.7978
-66.7332
-66.0444
-62.7529
-57.3941
-50.6538
-43.2383
-35.8494
-28.96
-22.6189
-16.682
-11.2031
-6.51522
-2.93131
-0.466175
1.1112
2.07868
2.64923
2.95971
3.09529
3.11149
3.04683
2.92894
2.77761
2.60658
2.4252
2.23939
2.05304
1.86922
1.68966
1.51506
1.34576
1.18217
1.02361
0.871337
0.732321
0.61812
0.529914
0.438914
0.307393
0.121399
-0.11531
-0.423039
-0.82895
-1.44043
-2.35413
-4.04484
-6.98599
-10.6915
-15.0666
-20.5021
-26.5846
-32.4449
-36.94
-39.0803
-38.3748
-34.9495
-29.5482
-23.1959
-16.859
-12.6438
-14.1731
-24.1393
-36.0391
-42.7338
-42.479
-35.5239
-24.4352
-13.0496
-4.20556
1.32024
3.93777
4.4242
3.74228
2.69987
1.79231
1.02615
0.335778
-17.0822
-18.1224
-19.0611
-20.0647
-20.6573
-20.7947
-20.4707
-19.7584
-18.7253
-17.6476
-16.8061
-16.3057
-16.5344
-18.3904
-22.1835
-27.44
-33.3083
-39.2835
-45.3805
-51.7668
-58.2853
-64.2708
-68.793
-70.9493
-70.1627
-66.5087
-60.6901
-53.462
-45.6158
-37.8107
-30.6173
-24.1102
-18.0739
-12.5099
-7.74494
-4.08599
-1.53256
0.152552
1.23848
1.92505
2.34042
2.5667
2.65991
2.6604
2.5977
2.4933
2.36247
2.21594
2.06099
1.90248
1.74349
1.58545
1.42891
1.27493
1.12587
0.983384
0.84746
0.719762
0.608748
0.518113
0.42785
0.3069
0.140862
-0.0694885
-0.349939
-0.738472
-1.35369
-2.32621
-4.21439
-7.485
-11.5736
-16.4606
-22.7433
-29.8378
-36.6744
-41.8526
-44.1537
-42.9803
-38.5015
-31.6828
-23.7908
-16.4389
-11.2242
-11.8461
-20.1924
-30.6516
-36.9197
-37.0591
-31.4251
-22.3741
-13.0289
-5.4935
-0.366756
2.45758
3.35203
3.04302
2.28117
1.54883
0.904204
0.311575
-15.51
-16.5307
-17.7545
-18.9503
-19.7302
-19.9711
-19.6079
-18.703
-17.3976
-16.0252
-14.8563
-14.0666
-14.3163
-16.512
-20.8022
-26.5303
-32.7714
-39.0571
-45.4881
-52.2714
-59.2178
-65.5844
-70.3772
-72.6502
-71.8425
-68.0479
-62.0528
-54.7176
-46.7449
-38.819
-31.5364
-24.9775
-18.9133
-13.3498
-8.61564
-4.98581
-2.42259
-0.682582
0.48526
1.26097
1.76134
2.06423
2.2251
2.28489
2.27383
2.21404
2.12138
2.00716
1.87933
1.74355
1.60397
1.46355
1.32434
1.18803
1.05638
0.930662
0.810781
0.697314
0.595507
0.507191
0.416499
0.298796
0.143886
-0.0480821
-0.307006
-0.68273
-1.30403
-2.3314
-4.37683
-7.9254
-12.4004
-17.8413
-24.9663
-33.0544
-40.8403
-46.6866
-49.1613
-47.5833
-42.1637
-34.1095
-24.992
-16.7356
-10.8794
-10.6507
-16.9925
-25.6317
-31.2224
-31.7349
-27.4745
-20.3897
-12.8828
-6.50913
-1.78237
1.16646
2.39073
2.40113
1.88524
1.30929
0.776608
0.260734
-13.2671
-14.4878
-16.0771
-17.6388
-18.7674
-19.2417
-18.9007
-17.7488
-15.9809
-14.0101
-12.2155
-10.9939
-11.2171
-13.727
-18.4849
-24.6672
-31.2867
-37.8586
-44.5064
-51.4471
-58.4915
-64.9063
-69.7091
-71.9798
-71.2197
-67.5235
-61.6844
-54.5367
-46.7337
-38.9543
-31.7854
-25.2972
-19.2856
-13.8079
-9.19862
-5.67719
-3.15886
-1.40149
-0.180132
0.662092
1.22983
1.59637
1.81564
1.92813
1.96399
1.94547
1.88891
1.80627
1.70625
1.59522
1.47779
1.35723
1.23582
1.11551
0.998412
0.886752
0.781023
0.680227
0.586485
0.499762
0.406808
0.287646
0.136489
-0.0459514
-0.291487
-0.66016
-1.28972
-2.36223
-4.51813
-8.28377
-13.1227
-19.1133
-26.9888
-35.9707
-44.6078
-51.0517
-53.7214
-51.8219
-45.6422
-36.5657
-26.5289
-17.6248
-11.4438
-10.4826
-15.2412
-22.139
-26.8917
-27.599
-24.4069
-18.8166
-12.6852
-7.2245
-2.88588
0.0888333
1.54776
1.81805
1.51628
1.08849
0.662834
0.236714
-10.8104
-12.2301
-14.174
-16.1468
-17.7605
-18.6827
-18.5107
-17.0758
-14.5555
-11.6113
-8.95013
-7.3044
-7.58889
-10.4533
-15.6665
-22.2761
-29.2404
-36.0551
-42.8158
-49.7171
-56.5935
-62.7857
-67.3954
-69.5848
-68.913
-65.4927
-60.0412
-53.2944
-45.8565
-38.4104
-31.5036
-25.1793
-19.2934
-13.9813
-9.57073
-6.20818
-3.76596
-2.01496
-0.761227
0.129313
0.749768
1.16875
1.43802
1.59676
1.67444
1.69312
1.66924
1.61513
1.53992
1.45048
1.352
1.24841
1.14272
1.03741
0.934558
0.83624
0.743289
0.65471
0.570548
0.488445
0.395286
0.273916
0.121884
-0.0584213
-0.298469
-0.665511
-1.3048
-2.41134
-4.63234
-8.55013
-13.7065
-20.1902
-28.694
-38.4068
-47.7459
-54.6781
-57.5117
-55.4237
-48.6985
-38.8745
-28.1512
-18.8308
-12.499
-11.0684
-14.6189
-20.1457
-24.0983
-24.7759
-22.2179
-17.6105
-12.4441
-7.6946
-3.72566
-0.797
0.817298
1.29372
1.17318
0.875739
0.549407
0.197715
-8.64461
-10.1697
-12.3889
-14.8332
-17.0714
-18.6808
-18.8461
-16.9703
-13.3305
-9.0124
-5.40505
-3.45136
-3.90915
-7.18103
-12.8016
-19.7461
-26.9796
-33.9787
-40.7716
-47.5093
-54.0586
-59.8662
-64.1574
-66.2031
-65.6558
-62.6013
-57.6349
-51.3761
-44.4055
-37.4028
-30.841
-24.7383
-19.0403
-13.9618
-9.79933
-6.6189
-4.26577
-2.53506
-1.26466
-0.340503
0.320584
0.782244
1.09358
1.29211
1.40635
1.45799
1.46355
1.4356
1.38371
1.31512
1.23537
1.14872
1.0584
0.96709
0.876996
0.790221
0.708262
0.629794
0.553282
0.475101
0.382026
0.25832
0.102616
-0.0810128
-0.32225
-0.692302
-1.34192
-2.47236
-4.71952
-8.7256
-14.1368
-21.0268
-30.02
-40.295
-50.1445
-57.4421
-60.4179
-58.2541
-51.1932
-40.8795
-29.7103
-20.1357
-13.7263
-11.9372
-14.5549
-18.9763
-22.2187
-22.7598
-20.5741
-16.6386
-12.1828
-8.00445
-4.37285
-1.52642
0.188899
0.829325
0.862408
0.681468
0.44801
0.167945
-7.242
-8.68841
-10.8072
-13.5555
-16.7144
-19.5764
-20.6086
-18.5348
-13.3892
-7.1905
-2.19802
-0.037559
-0.740937
-4.37352
-10.2533
-17.375
-24.7527
-31.8485
-38.6093
-45.1266
-51.2906
-56.6563
-60.5853
-62.4775
-62.0459
-59.3541
-54.862
-49.0942
-42.6306
-36.1193
-29.9304
-24.0798
-18.6211
-13.8279
-9.93578
-6.93909
-4.67651
-2.97405
-1.69851
-0.75226
-0.0604517
0.435677
0.782117
1.01452
1.16041
1.24101
1.2727
1.26816
1.23713
1.18711
1.12392
1.05214
0.975334
0.896503
0.817959
0.741633
0.669109
0.599541
0.530611
0.45726
0.365815
0.240827
0.0804813
-0.109808
-0.357152
-0.733751
-1.39352
-2.53955
-4.78211
-8.81782
-14.4126
-21.6144
-30.9569
-41.6198
-51.8199
-59.3595
-62.4618
-60.3078
-53.0906
-42.5038
-31.0884
-21.4067
-14.9846
-12.8956
-14.7403
-18.2502
-20.8754
-21.2471
-19.2965
-15.8427
-11.926
-8.20923
-4.877
-2.12916
-0.349663
0.421936
0.584243
0.503428
0.353632
0.132403
-7.16023
-8.28084
-10.0227
-12.9908
-17.2502
-22.007
-24.7257
-22.5772
-15.2272
-6.30239
-0.00796084
2.55618
1.59092
-2.35294
-8.30448
-15.3809
-22.7209
-29.7919
-36.4577
-42.7363
-48.523
-53.4629
-57.0429
-58.7829
-58.4422
-56.0557
-51.9736
-46.6664
-40.7183
-34.7005
-28.8767
-23.2948
-18.1176
-13.638
-10.014
-7.18933
-5.01334
-3.34383
-2.07152
-1.1119
-0.397378
0.126201
0.50168
0.762738
0.935847
1.04173
1.09658
1.11302
1.10094
1.06802
1.02028
0.962469
0.898336
0.831017
0.762889
0.695825
0.631454
0.569065
0.505941
0.436431
0.346846
0.221242
0.0562602
-0.142325
-0.398959
-0.784587
-1.45388
-2.60909
-4.82548
-8.84087
-14.5461
-21.9671
-31.533
-42.4302
-52.8383
-60.5253
-63.7309
-61.6465
-54.4102
-43.7284
-32.2368
-22.5573
-16.1669
-13.8428
-15.0565
-17.807
-19.8928
-20.0835
-18.2796
-15.1789
-11.6783
-8.33728
-5.26948
-2.62719
-0.810055
0.0673387
0.338852
0.344792
0.27057
0.101515
-7.50366
-8.44803
-9.94219
-13.172
-18.3312
-24.3075
-27.7058
-25.191
-16.7195
-5.89195
1.39258
3.94395
2.60158
-1.25814
-7.02043
-13.854
-20.9755
-27.8841
-34.3828
-40.4136
-45.857
-50.4203
-53.6906
-55.2854
-55.0018
-52.8489
-49.1114
-44.2418
-38.8001
-33.2398
-27.7525
-22.4533
-17.5915
-13.4314
-10.0559
-7.38485
-5.28938
-3.65542
-2.3922
-1.42565
-0.694656
-0.149482
0.249825
0.535078
0.731596
0.859521
0.934768
0.969873
0.974716
0.957083
0.923125
0.877742
0.824839
0.767692
0.708767
0.649881
0.592471
0.536307
0.478403
0.412666
0.325528
0.200262
0.0314301
-0.175876
-0.443499
-0.839524
-1.51695
-2.67599
-4.85223
-8.8076
-14.5547
-22.1097
-31.7941
-42.7987
-53.2961
-61.0523
-64.3381
-62.3649
-55.2118
-44.5728
-33.137
-23.5487
-17.2271
-14.7173
-15.4098
-17.5283
-19.1513
-19.1674
-17.4555
-14.6188
-11.4441
-8.41124
-5.57529
-3.03834
-1.20254
-0.239605
0.123788
0.203596
0.196188
0.070316
-7.59651
-8.64446
-10.207
-13.3898
-18.4935
-24.2209
-27.278
-24.8786
-16.496
-6.10082
1.2908
3.99874
2.74764
-1.15275
-6.50238
-12.8343
-19.5573
-26.1746
-32.4283
-38.1927
-43.3216
-47.5587
-50.5625
-52.026
-51.7688
-49.7917
-46.3594
-41.9232
-36.9618
-31.7967
-26.6074
-21.6058
-17.0814
-13.2296
-10.0749
-7.53754
-5.51545
-3.91779
-2.6675
-1.69879
-0.9563
-0.394324
0.0243686
0.329883
0.546444
0.693508
0.78666
0.838303
0.858285
0.854435
0.832994
0.798954
0.756321
0.708429
0.65778
0.606184
0.554867
0.503742
0.449817
0.386981
0.30198
0.177329
0.00550101
-0.210117
-0.489327
-0.896563
-1.58101
-2.7405
-4.8699
-8.73816
-14.4681
-22.0807
-31.7969
-42.8074
-53.2999
-61.0651
-64.4142
-62.5745
-55.574
-45.0785
-33.7978
-24.3663
-18.1412
-15.4901
-15.7555
-17.3482
-18.5758
-18.4308
-16.7763
-14.1402
-11.2241
-8.44625
-5.81421
-3.37967
-1.53766
-0.50461
-0.0636295
0.0793481
0.131121
0.042629
)
;

boundaryField
{
    outlet
    {
        type            fixedValue;
        value           uniform 0;
    }
    inlet
    {
        type            zeroGradient;
    }
    lowerWall
    {
        type            zeroGradient;
    }
    upperWall
    {
        type            zeroGradient;
    }
    frontAndBack
    {
        type            empty;
    }
}


// ************************************************************************* //
