/*--------------------------------*- C++ -*----------------------------------*\
  =========                 |
  \\      /  F ield         | OpenFOAM: The Open Source CFD Toolbox
   \\    /   O peration     | Website:  https://openfoam.org
    \\  /    A nd           | Version:  10
     \\/     M anipulation  |
\*---------------------------------------------------------------------------*/
FoamFile
{
    format      ascii;
    class       volScalarField;
    location    "0.115";
    object      k;
}
// * * * * * * * * * * * * * * * * * * * * * * * * * * * * * * * * * * * * * //

dimensions      [0 2 -2 0 0 0 0];

internalField   nonuniform List<scalar> 
6820
(
0.196709
0.190616
0.184994
0.179725
0.174798
0.17025
0.166115
0.162408
0.159125
0.156248
0.153751
0.1516
0.149765
0.148213
0.146914
0.145841
0.144968
0.144272
0.143734
0.143334
0.143057
0.142887
0.142811
0.142818
0.142898
0.143041
0.143235
0.143497
0.143706
0.14439
0.143057
0.151337
0.114722
0.201954
0.200831
0.197543
0.193922
0.19084
0.188583
0.187152
0.186425
0.186252
0.186503
0.18707
0.187872
0.188851
0.189961
0.191167
0.192445
0.193773
0.195135
0.196519
0.197913
0.19931
0.200703
0.202087
0.203458
0.204814
0.206154
0.207484
0.208811
0.21015
0.211597
0.212959
0.215687
0.216186
0.200488
0.200475
0.199118
0.19707
0.194842
0.192691
0.190724
0.188985
0.187487
0.186229
0.185202
0.184388
0.18377
0.183328
0.183041
0.182892
0.182863
0.18294
0.183108
0.183356
0.183673
0.184048
0.184475
0.184945
0.185453
0.185995
0.186565
0.187165
0.187787
0.188463
0.189118
0.18992
0.190472
0.199661
0.199121
0.198219
0.196983
0.195545
0.194012
0.192458
0.190931
0.189463
0.188074
0.186776
0.185577
0.184479
0.183481
0.182582
0.181777
0.181061
0.180429
0.179875
0.179394
0.17898
0.178628
0.178332
0.178089
0.177894
0.177743
0.177634
0.177565
0.177533
0.177544
0.177589
0.177684
0.177812
0.199429
0.198466
0.197531
0.196513
0.195399
0.194214
0.192987
0.19174
0.190496
0.189268
0.18807
0.18691
0.185794
0.184728
0.183714
0.182754
0.181847
0.180994
0.180192
0.179441
0.178739
0.178084
0.177473
0.176905
0.176377
0.175887
0.175435
0.175017
0.174633
0.174284
0.173966
0.17368
0.17342
0.199398
0.198267
0.197202
0.196166
0.195133
0.194088
0.193029
0.191959
0.190884
0.189813
0.188751
0.187705
0.18668
0.185679
0.184706
0.183763
0.182852
0.181973
0.181129
0.180318
0.17954
0.178795
0.178083
0.177402
0.176752
0.176132
0.175541
0.174979
0.174444
0.173936
0.173454
0.172998
0.172564
0.199395
0.19822
0.197098
0.196021
0.194978
0.193957
0.192953
0.191959
0.190974
0.189998
0.189033
0.18808
0.187142
0.18622
0.185316
0.184432
0.18357
0.182729
0.181912
0.181117
0.180347
0.1796
0.178878
0.178179
0.177503
0.176851
0.176221
0.175614
0.175029
0.174465
0.173923
0.173402
0.1729
0.199395
0.198211
0.197069
0.195969
0.194908
0.193881
0.192884
0.191912
0.190962
0.19003
0.189116
0.188219
0.187338
0.186474
0.185627
0.184797
0.183985
0.18319
0.182415
0.181658
0.180919
0.1802
0.179499
0.178818
0.178155
0.177511
0.176885
0.176278
0.175689
0.175118
0.174565
0.174029
0.17351
0.199395
0.198209
0.197063
0.195955
0.194884
0.19385
0.192848
0.191877
0.190935
0.190017
0.189124
0.188252
0.187401
0.18657
0.185758
0.184964
0.184188
0.183429
0.182689
0.181965
0.181259
0.180569
0.179897
0.179241
0.178602
0.177979
0.177372
0.176781
0.176206
0.175646
0.175102
0.174574
0.17406
0.199395
0.198209
0.197061
0.195951
0.194877
0.193838
0.192833
0.19186
0.190917
0.190002
0.189114
0.188251
0.187412
0.186595
0.1858
0.185025
0.18427
0.183534
0.182816
0.182115
0.181432
0.180766
0.180116
0.179482
0.178864
0.178262
0.177674
0.177102
0.176544
0.176001
0.175472
0.174957
0.174456
0.199395
0.198209
0.197061
0.19595
0.194875
0.193834
0.192827
0.191852
0.190908
0.189992
0.189105
0.188244
0.187408
0.186597
0.185808
0.185042
0.184296
0.183571
0.182865
0.182177
0.181508
0.180856
0.180221
0.179602
0.178999
0.178412
0.177839
0.177281
0.176738
0.176209
0.175693
0.175191
0.174703
0.199395
0.198209
0.19706
0.195949
0.194874
0.193833
0.192825
0.191849
0.190904
0.189987
0.189099
0.188238
0.187403
0.186593
0.185806
0.185042
0.1843
0.18358
0.182879
0.182198
0.181535
0.18089
0.180263
0.179653
0.179059
0.17848
0.177917
0.177369
0.176835
0.176315
0.175809
0.175317
0.174838
0.199395
0.198209
0.19706
0.195949
0.194873
0.193832
0.192824
0.191847
0.190901
0.189985
0.189096
0.188235
0.187399
0.186589
0.185803
0.185039
0.184299
0.183579
0.18288
0.182201
0.181541
0.1809
0.180276
0.17967
0.17908
0.178506
0.177948
0.177405
0.176877
0.176363
0.175862
0.175376
0.174902
0.199395
0.198209
0.19706
0.195949
0.194873
0.193831
0.192823
0.191846
0.1909
0.189983
0.189094
0.188232
0.187397
0.186586
0.1858
0.185036
0.184296
0.183576
0.182878
0.182199
0.18154
0.1809
0.180278
0.179673
0.179085
0.178513
0.177957
0.177417
0.176891
0.17638
0.175882
0.175398
0.174928
0.199395
0.198208
0.19706
0.195948
0.194872
0.193831
0.192822
0.191845
0.190899
0.189982
0.189093
0.188231
0.187395
0.186584
0.185797
0.185034
0.184293
0.183573
0.182875
0.182197
0.181538
0.180898
0.180276
0.179671
0.179084
0.178513
0.177958
0.177418
0.176893
0.176383
0.175887
0.175404
0.174935
0.199395
0.198208
0.19706
0.195948
0.194872
0.19383
0.192822
0.191845
0.190898
0.189981
0.189091
0.188229
0.187393
0.186582
0.185795
0.185032
0.18429
0.183571
0.182872
0.182194
0.181535
0.180895
0.180273
0.179668
0.179081
0.17851
0.177955
0.177416
0.176891
0.176381
0.175885
0.175403
0.174934
0.199395
0.198208
0.19706
0.195948
0.194872
0.19383
0.192821
0.191844
0.190897
0.18998
0.18909
0.188228
0.187392
0.18658
0.185793
0.18503
0.184288
0.183569
0.18287
0.182191
0.181532
0.180892
0.18027
0.179665
0.179078
0.178507
0.177952
0.177412
0.176887
0.176377
0.175881
0.175399
0.17493
0.199395
0.198208
0.19706
0.195948
0.194872
0.19383
0.192821
0.191843
0.190897
0.189979
0.189089
0.188227
0.18739
0.186579
0.185792
0.185028
0.184286
0.183567
0.182868
0.182189
0.18153
0.180889
0.180267
0.179662
0.179075
0.178503
0.177948
0.177408
0.176884
0.176373
0.175877
0.175394
0.174925
0.199395
0.198208
0.197059
0.195948
0.194871
0.193829
0.19282
0.191843
0.190896
0.189978
0.189089
0.188226
0.187389
0.186578
0.18579
0.185026
0.184285
0.183565
0.182866
0.182187
0.181527
0.180887
0.180264
0.17966
0.179072
0.1785
0.177945
0.177405
0.17688
0.176369
0.175873
0.17539
0.17492
0.199395
0.198208
0.197059
0.195948
0.194871
0.193829
0.19282
0.191843
0.190895
0.189978
0.189088
0.188225
0.187388
0.186577
0.185789
0.185025
0.184283
0.183563
0.182864
0.182185
0.181525
0.180884
0.180262
0.179657
0.179069
0.178497
0.177942
0.177401
0.176876
0.176365
0.175868
0.175385
0.174915
0.199395
0.198208
0.197059
0.195947
0.194871
0.193829
0.19282
0.191842
0.190895
0.189977
0.189087
0.188224
0.187387
0.186576
0.185788
0.185024
0.184282
0.183562
0.182862
0.182183
0.181523
0.180882
0.180259
0.179654
0.179066
0.178494
0.177938
0.177398
0.176872
0.176361
0.175864
0.17538
0.17491
0.199395
0.198208
0.197059
0.195947
0.194871
0.193829
0.19282
0.191842
0.190895
0.189976
0.189086
0.188224
0.187387
0.186575
0.185787
0.185022
0.18428
0.18356
0.182861
0.182181
0.181521
0.18088
0.180257
0.179652
0.179063
0.178491
0.177935
0.177395
0.176869
0.176357
0.17586
0.175376
0.174905
0.199395
0.198208
0.197059
0.195947
0.194871
0.193829
0.192819
0.191842
0.190894
0.189976
0.189086
0.188223
0.187386
0.186574
0.185786
0.185021
0.184279
0.183559
0.182859
0.18218
0.18152
0.180878
0.180255
0.17965
0.179061
0.178489
0.177932
0.177391
0.176865
0.176354
0.175856
0.175372
0.174901
0.199395
0.198208
0.197059
0.195947
0.194871
0.193829
0.192819
0.191841
0.190894
0.189976
0.189086
0.188222
0.187385
0.186573
0.185785
0.18502
0.184278
0.183558
0.182858
0.182178
0.181518
0.180876
0.180253
0.179647
0.179059
0.178486
0.17793
0.177388
0.176862
0.17635
0.175852
0.175368
0.174896
0.199395
0.198208
0.197059
0.195947
0.194871
0.193829
0.192819
0.191841
0.190894
0.189975
0.189085
0.188222
0.187385
0.186572
0.185784
0.18502
0.184277
0.183556
0.182856
0.182177
0.181516
0.180875
0.180251
0.179645
0.179056
0.178484
0.177927
0.177386
0.176859
0.176347
0.175848
0.175364
0.174892
0.199395
0.198208
0.197059
0.195947
0.194871
0.193828
0.192819
0.191841
0.190894
0.189975
0.189085
0.188222
0.187384
0.186572
0.185784
0.185019
0.184276
0.183555
0.182855
0.182175
0.181515
0.180873
0.18025
0.179643
0.179054
0.178481
0.177925
0.177383
0.176856
0.176344
0.175845
0.17536
0.174888
0.199395
0.198208
0.197059
0.195947
0.194871
0.193828
0.192819
0.191841
0.190893
0.189975
0.189084
0.188221
0.187384
0.186571
0.185783
0.185018
0.184276
0.183555
0.182854
0.182174
0.181514
0.180872
0.180248
0.179642
0.179052
0.178479
0.177922
0.17738
0.176853
0.176341
0.175842
0.175356
0.174884
0.199395
0.198208
0.197059
0.195947
0.194871
0.193828
0.192819
0.191841
0.190893
0.189975
0.189084
0.188221
0.187384
0.186571
0.185783
0.185018
0.184275
0.183554
0.182854
0.182173
0.181513
0.180871
0.180247
0.17964
0.179051
0.178478
0.17792
0.177378
0.176851
0.176338
0.175839
0.175353
0.174881
0.199395
0.198208
0.197059
0.195947
0.194871
0.193828
0.192819
0.191841
0.190893
0.189975
0.189084
0.188221
0.187383
0.186571
0.185782
0.185017
0.184274
0.183553
0.182853
0.182173
0.181512
0.18087
0.180245
0.179639
0.179049
0.178476
0.177918
0.177376
0.176849
0.176335
0.175836
0.17535
0.174877
0.199395
0.198208
0.197059
0.195947
0.194871
0.193828
0.192819
0.191841
0.190893
0.189975
0.189085
0.188221
0.187384
0.186571
0.185783
0.185017
0.184275
0.183553
0.182853
0.182172
0.181511
0.180869
0.180245
0.179638
0.179048
0.178475
0.177917
0.177375
0.176847
0.176334
0.175834
0.175348
0.174875
0.199395
0.198208
0.197059
0.195947
0.194871
0.193828
0.192819
0.191841
0.190893
0.189975
0.189084
0.188221
0.187383
0.186571
0.185782
0.185017
0.184274
0.183553
0.182852
0.182172
0.181511
0.180869
0.180244
0.179638
0.179048
0.178474
0.177916
0.177374
0.176846
0.176332
0.175833
0.175346
0.174873
0.199395
0.198208
0.197059
0.195948
0.194871
0.193829
0.19282
0.191843
0.190895
0.189977
0.189087
0.188223
0.187386
0.186573
0.185785
0.18502
0.184277
0.183555
0.182855
0.182174
0.181513
0.180871
0.180246
0.179639
0.179049
0.178475
0.177917
0.177374
0.176846
0.176332
0.175832
0.175346
0.174872
0.199395
0.198209
0.19706
0.195949
0.194872
0.19383
0.192821
0.191843
0.190896
0.189977
0.189087
0.188224
0.187387
0.186574
0.185786
0.185021
0.184278
0.183557
0.182856
0.182176
0.181515
0.180872
0.180247
0.17964
0.17905
0.178476
0.177917
0.177374
0.176845
0.176331
0.17583
0.175343
0.174868
0.199395
0.198208
0.19706
0.19595
0.194875
0.193835
0.192827
0.191851
0.190904
0.189987
0.189097
0.188234
0.187397
0.186584
0.185796
0.18503
0.184287
0.183565
0.182864
0.182182
0.18152
0.180876
0.18025
0.179642
0.17905
0.178474
0.177914
0.177368
0.176837
0.176321
0.175818
0.175328
0.17485
0.199396
0.198212
0.197066
0.195957
0.194883
0.193842
0.192834
0.191857
0.190911
0.189993
0.189104
0.188241
0.187403
0.18659
0.185801
0.185034
0.184289
0.183565
0.182861
0.182176
0.18151
0.180863
0.180232
0.179619
0.179021
0.17844
0.177873
0.177321
0.176784
0.17626
0.175749
0.175252
0.174767
0.199396
0.198213
0.197071
0.195969
0.194902
0.193869
0.192866
0.191892
0.190947
0.190029
0.189137
0.188269
0.187426
0.186606
0.185808
0.185031
0.184275
0.183539
0.182822
0.182124
0.181443
0.18078
0.180134
0.179504
0.17889
0.178291
0.177707
0.177137
0.176581
0.176038
0.175509
0.174992
0.174488
0.199402
0.198241
0.197115
0.196019
0.194953
0.193917
0.192909
0.191928
0.190972
0.19004
0.189131
0.188244
0.187379
0.186535
0.18571
0.184906
0.184121
0.183354
0.182606
0.181876
0.181163
0.180466
0.179786
0.179122
0.178474
0.177841
0.177222
0.176618
0.176027
0.17545
0.174887
0.174336
0.173797
0.199421
0.198284
0.197214
0.196182
0.195157
0.194135
0.193117
0.192109
0.191115
0.190139
0.189185
0.188253
0.187344
0.186458
0.185595
0.184755
0.183936
0.183138
0.18236
0.181602
0.180862
0.180141
0.179436
0.178749
0.178078
0.177422
0.176782
0.176156
0.175545
0.174948
0.174365
0.173795
0.173238
0.199655
0.198885
0.198078
0.197303
0.196604
0.195977
0.195406
0.194883
0.1944
0.193955
0.193547
0.193174
0.192836
0.19253
0.192257
0.192015
0.191803
0.191618
0.19146
0.191326
0.191216
0.191128
0.191061
0.191013
0.190983
0.19097
0.190972
0.19099
0.191021
0.191066
0.191122
0.191191
0.191269
0.205419
0.216602
0.227661
0.238503
0.249093
0.259416
0.269459
0.279212
0.288667
0.297817
0.306658
0.315187
0.323405
0.331311
0.338909
0.346201
0.353194
0.359891
0.366301
0.372429
0.378285
0.383874
0.389207
0.394291
0.399135
0.403747
0.408137
0.412314
0.416284
0.420058
0.423643
0.427047
0.430281
0.317813
0.624689
0.942414
1.23661
1.48485
1.67471
1.80562
1.88603
1.9284
1.94528
1.94674
1.93977
1.92865
1.91574
1.90228
1.88898
1.87638
1.86501
1.85534
1.84777
1.84256
1.83982
1.83948
1.84138
1.8452
1.8506
1.85713
1.86433
1.87171
1.8788
1.88509
1.89014
1.89351
1.8948
1.89364
1.88966
1.88251
1.87181
1.85716
1.83812
1.81419
1.78483
1.74944
1.70738
1.65798
1.60056
1.5345
1.45926
1.37448
1.28008
1.17635
1.06417
0.945127
0.821822
0.698013
0.578719
0.46992
0.377577
0.305902
0.25564
0.223877
0.205769
0.196657
0.193068
0.192712
0.194147
0.196477
0.199152
0.201841
0.20436
0.206616
0.208579
0.210258
0.211686
0.212912
0.21399
0.214975
0.215918
0.216865
0.217849
0.218891
0.22
0.221169
0.22238
0.223605
0.22481
0.225963
0.227029
0.227981
0.228796
0.22946
0.229967
0.230315
0.230508
0.230551
0.230445
0.230196
0.22977
0.229297
0.227968
0.227993
0.254966
0.297238
0.356202
0.432687
0.525933
0.632994
0.748993
0.867671
0.982528
1.08782
1.17935
1.25496
1.31451
1.35945
1.39222
1.41551
1.43187
1.44336
1.45153
1.45752
1.46209
1.46582
1.4691
1.47218
1.47522
1.47827
1.48127
1.48409
1.48653
1.48835
1.48927
1.48901
1.48725
1.48372
1.47809
1.47006
1.45929
1.44538
1.42793
1.40647
1.38047
1.34937
1.31259
1.26953
1.21963
1.16242
1.09756
1.02496
0.944901
0.858118
0.76601
0.670771
0.57551
0.484212
0.401391
0.331282
0.276644
0.237769
0.212554
0.19767
0.189882
0.186688
0.186353
0.187714
0.19
0.192702
0.19549
0.198161
0.200597
0.202742
0.204583
0.206136
0.207434
0.208524
0.209455
0.21028
0.211049
0.211808
0.212592
0.213429
0.214331
0.215301
0.216327
0.217391
0.218464
0.219516
0.220515
0.221434
0.222249
0.222943
0.223505
0.223931
0.22422
0.224373
0.224389
0.224268
0.223979
0.223636
0.222525
0.191164
0.193193
0.197566
0.20489
0.215571
0.230138
0.24937
0.274214
0.305715
0.344641
0.391181
0.444803
0.504026
0.566609
0.629878
0.691138
0.748082
0.799074
0.84326
0.880512
0.911254
0.936246
0.956388
0.972572
0.98559
0.9961
1.00461
1.01151
1.01705
1.0214
1.02463
1.02677
1.02777
1.02753
1.02592
1.02277
1.01788
1.01097
1.00176
0.989889
0.974943
0.95648
0.934021
0.90708
0.875195
0.837972
0.795144
0.746644
0.692701
0.633935
0.57147
0.50701
0.442862
0.381812
0.326799
0.280339
0.243879
0.217412
0.199673
0.188785
0.182886
0.180445
0.180315
0.181659
0.183878
0.186545
0.189361
0.192122
0.194697
0.19701
0.199025
0.200738
0.202165
0.20334
0.204303
0.205102
0.205784
0.206396
0.206984
0.207583
0.208224
0.208925
0.209695
0.210531
0.211419
0.212339
0.213266
0.21417
0.215025
0.215808
0.216498
0.217084
0.217557
0.217913
0.218148
0.218259
0.218245
0.218073
0.217841
0.216929
0.177928
0.178103
0.178477
0.179209
0.18045
0.182339
0.185013
0.188641
0.193451
0.199739
0.20785
0.218095
0.230832
0.246366
0.264862
0.286269
0.310282
0.336337
0.363671
0.391408
0.418668
0.444669
0.4688
0.490652
0.510022
0.526886
0.541349
0.553603
0.563885
0.572435
0.579473
0.585184
0.589702
0.593116
0.595459
0.596715
0.596812
0.595624
0.592965
0.588599
0.582237
0.573556
0.562211
0.547864
0.53022
0.509068
0.484335
0.456154
0.42492
0.391347
0.356491
0.32172
0.28859
0.258636
0.233084
0.21261
0.197251
0.186529
0.179683
0.175901
0.174437
0.174659
0.176051
0.178201
0.180787
0.18356
0.186337
0.188987
0.191421
0.193587
0.195461
0.197042
0.198347
0.199405
0.200252
0.200931
0.201485
0.201958
0.202392
0.202823
0.203283
0.203793
0.204368
0.205012
0.205717
0.20647
0.20725
0.208035
0.208798
0.209518
0.210174
0.210751
0.211239
0.211631
0.21192
0.2121
0.212167
0.212089
0.211949
0.211213
0.17312
0.172783
0.172487
0.172268
0.172153
0.172172
0.172352
0.172722
0.173318
0.174185
0.175382
0.176953
0.178965
0.181493
0.184617
0.188413
0.192944
0.198248
0.204327
0.211143
0.218608
0.22659
0.234917
0.243397
0.251831
0.260032
0.267842
0.275141
0.28185
0.287932
0.293382
0.298221
0.302483
0.306204
0.309414
0.312126
0.314331
0.315988
0.317021
0.317315
0.316723
0.315067
0.312153
0.307793
0.301823
0.294139
0.284725
0.273691
0.261295
0.24795
0.234205
0.220698
0.208068
0.196865
0.187476
0.180088
0.174704
0.171188
0.169319
0.168837
0.169469
0.170948
0.173032
0.175501
0.178172
0.180894
0.183546
0.186038
0.188307
0.190315
0.192044
0.193494
0.19468
0.195627
0.196367
0.196938
0.197378
0.197727
0.198024
0.198304
0.198599
0.198932
0.199322
0.199777
0.200297
0.200875
0.201496
0.20214
0.202788
0.203417
0.204009
0.204548
0.205021
0.205418
0.205731
0.205952
0.206074
0.206066
0.205998
0.205409
0.17208
0.171536
0.171003
0.170489
0.17
0.169545
0.169137
0.168787
0.168502
0.168293
0.168167
0.168133
0.168198
0.168376
0.168678
0.16912
0.169713
0.170471
0.171401
0.172507
0.173787
0.175231
0.176823
0.178537
0.180345
0.182212
0.184101
0.185978
0.187812
0.189577
0.191257
0.192839
0.19432
0.195698
0.196976
0.198155
0.199231
0.200194
0.201022
0.201679
0.202115
0.202265
0.202053
0.201398
0.200222
0.198467
0.196101
0.19314
0.189654
0.185768
0.181664
0.177557
0.173677
0.170236
0.167412
0.165327
0.164047
0.163576
0.163871
0.164851
0.166406
0.16841
0.170736
0.173259
0.175863
0.178448
0.18093
0.183244
0.18534
0.187187
0.188771
0.190093
0.191164
0.192006
0.192647
0.193119
0.193457
0.193696
0.193873
0.194019
0.194165
0.194337
0.194555
0.19483
0.195169
0.195569
0.196021
0.196512
0.197025
0.197541
0.198043
0.198515
0.198943
0.199317
0.199626
0.19986
0.20001
0.200046
0.200027
0.199556
0.172338
0.171705
0.171076
0.170455
0.169841
0.169239
0.168652
0.168083
0.167537
0.167017
0.166526
0.166068
0.165645
0.165259
0.164913
0.164609
0.164349
0.164137
0.163974
0.163862
0.163801
0.163791
0.163828
0.16391
0.164032
0.164188
0.164369
0.164569
0.164781
0.164997
0.165212
0.165423
0.165626
0.16582
0.166004
0.166179
0.166343
0.166495
0.166631
0.166743
0.166821
0.166846
0.1668
0.166658
0.166395
0.165988
0.165423
0.164695
0.16382
0.162833
0.161789
0.160766
0.159851
0.159137
0.158709
0.15864
0.158976
0.159737
0.160915
0.162478
0.164369
0.16652
0.168854
0.17129
0.173749
0.176158
0.178453
0.180582
0.182505
0.184195
0.185639
0.186837
0.187799
0.188542
0.18909
0.189472
0.189718
0.18986
0.18993
0.189958
0.189973
0.19
0.19006
0.190168
0.190334
0.190559
0.19084
0.19117
0.191535
0.19192
0.19231
0.19269
0.193047
0.193369
0.193646
0.193865
0.194017
0.194072
0.194079
0.193694
0.172925
0.172266
0.171606
0.170947
0.17029
0.169636
0.168988
0.168347
0.167715
0.167094
0.166486
0.165892
0.165314
0.164754
0.164211
0.163687
0.163183
0.162699
0.162237
0.161796
0.161377
0.16098
0.160606
0.160252
0.15992
0.159606
0.15931
0.15903
0.158764
0.158509
0.158265
0.158029
0.157801
0.15758
0.157364
0.157154
0.156951
0.156753
0.156561
0.156374
0.156192
0.156013
0.155833
0.15565
0.155461
0.155261
0.155052
0.154837
0.154625
0.154434
0.15429
0.154225
0.154281
0.154499
0.154923
0.155587
0.156517
0.157722
0.159198
0.160924
0.162865
0.164976
0.167202
0.169484
0.171764
0.173983
0.176089
0.178037
0.179793
0.181333
0.182644
0.183725
0.184583
0.185232
0.185694
0.185994
0.186157
0.186212
0.186188
0.186113
0.186013
0.185911
0.18583
0.185785
0.185788
0.185846
0.18596
0.186126
0.186335
0.186576
0.186837
0.187106
0.187369
0.187616
0.187834
0.188012
0.188139
0.188187
0.188198
0.187864
0.173479
0.172822
0.172163
0.171502
0.170841
0.170179
0.169519
0.16886
0.168205
0.167555
0.166911
0.166275
0.165647
0.165029
0.164421
0.163825
0.16324
0.162667
0.162106
0.161559
0.161024
0.160502
0.159994
0.1595
0.159019
0.158551
0.158095
0.157652
0.157221
0.156801
0.156392
0.155993
0.155604
0.155223
0.154852
0.15449
0.154138
0.153795
0.153464
0.153145
0.15284
0.152552
0.152283
0.152037
0.151818
0.15163
0.15148
0.151377
0.151332
0.151359
0.151475
0.151701
0.152059
0.152574
0.153266
0.154154
0.15525
0.156556
0.158067
0.159765
0.161623
0.163607
0.165675
0.167779
0.169869
0.171899
0.173822
0.175598
0.177197
0.178595
0.179782
0.180752
0.181513
0.182075
0.182458
0.182681
0.182769
0.182748
0.182641
0.182475
0.182273
0.182059
0.181853
0.18167
0.181526
0.181428
0.181381
0.181386
0.181437
0.181528
0.181649
0.181791
0.181942
0.182091
0.182229
0.182342
0.18242
0.182436
0.182427
0.182111
0.173888
0.173245
0.172599
0.17195
0.171298
0.170645
0.169991
0.169338
0.168685
0.168034
0.167387
0.166745
0.166108
0.165477
0.164852
0.164236
0.163627
0.163027
0.162435
0.161853
0.161279
0.160715
0.160161
0.159616
0.159082
0.158557
0.158043
0.157538
0.157043
0.156558
0.156082
0.155616
0.155159
0.154711
0.154272
0.153844
0.153425
0.153018
0.152623
0.152243
0.151881
0.151539
0.151223
0.150937
0.150687
0.150482
0.15033
0.15024
0.150225
0.150297
0.150471
0.150763
0.151188
0.151762
0.152497
0.153405
0.154491
0.155755
0.157188
0.158777
0.160499
0.162324
0.164218
0.166138
0.168044
0.169893
0.171642
0.173258
0.17471
0.175978
0.177047
0.177916
0.178586
0.179068
0.179376
0.17953
0.179551
0.17946
0.17928
0.179034
0.178745
0.178433
0.178116
0.177812
0.177535
0.177295
0.177099
0.17695
0.176847
0.176787
0.176762
0.176767
0.176792
0.176828
0.176865
0.176892
0.1769
0.176861
0.176812
0.176478
0.174148
0.17352
0.172889
0.172255
0.171618
0.170979
0.170338
0.169697
0.169055
0.168414
0.167775
0.167139
0.166507
0.165879
0.165257
0.16464
0.164029
0.163425
0.162827
0.162236
0.161652
0.161076
0.160508
0.159947
0.159394
0.158849
0.158312
0.157783
0.157262
0.15675
0.156246
0.15575
0.155262
0.154783
0.154313
0.153852
0.153402
0.152963
0.152537
0.152126
0.151733
0.151363
0.151019
0.150708
0.150435
0.15021
0.15004
0.149937
0.14991
0.149972
0.150136
0.150415
0.150821
0.151366
0.15206
0.15291
0.153919
0.155085
0.156401
0.157853
0.159423
0.161083
0.162803
0.164548
0.166279
0.167957
0.169546
0.171013
0.172329
0.173475
0.174437
0.17521
0.175797
0.176204
0.176445
0.176536
0.176495
0.176342
0.176098
0.175783
0.175417
0.175019
0.174608
0.174198
0.173804
0.173437
0.173105
0.172813
0.172563
0.172355
0.172185
0.172049
0.17194
0.171851
0.171773
0.171698
0.171616
0.171501
0.171393
0.171011
0.174294
0.173678
0.173059
0.172437
0.171813
0.171187
0.170559
0.169929
0.1693
0.16867
0.168042
0.167416
0.166793
0.166173
0.165557
0.164946
0.16434
0.163739
0.163144
0.162554
0.161971
0.161393
0.160822
0.160257
0.159699
0.159148
0.158603
0.158066
0.157535
0.157011
0.156494
0.155985
0.155483
0.154989
0.154503
0.154025
0.153558
0.153102
0.152659
0.15223
0.15182
0.151432
0.151071
0.150742
0.150451
0.150207
0.150017
0.149891
0.14984
0.149874
0.150005
0.150244
0.150602
0.151089
0.151713
0.15248
0.15339
0.154443
0.155632
0.156945
0.158364
0.159865
0.161422
0.163001
0.16457
0.166091
0.167531
0.16886
0.170051
0.171084
0.171946
0.172632
0.173141
0.17348
0.173659
0.173692
0.173596
0.173388
0.173087
0.172711
0.172279
0.171808
0.171314
0.170813
0.170317
0.169838
0.169384
0.168963
0.168578
0.16823
0.167919
0.167643
0.167398
0.167178
0.166977
0.166787
0.1666
0.166394
0.16621
0.165749
0.174365
0.173757
0.173146
0.172533
0.171918
0.171301
0.170682
0.170062
0.169442
0.168822
0.168203
0.167585
0.166969
0.166357
0.165748
0.165143
0.164542
0.163945
0.163354
0.162768
0.162187
0.161611
0.161041
0.160476
0.159918
0.159365
0.158818
0.158276
0.157741
0.157213
0.15669
0.156174
0.155665
0.155163
0.154668
0.154182
0.153705
0.153239
0.152785
0.152346
0.151925
0.151525
0.151151
0.150808
0.150502
0.15024
0.150031
0.149882
0.149803
0.149805
0.149897
0.15009
0.150393
0.150815
0.151363
0.152041
0.152852
0.153793
0.154858
0.156037
0.157314
0.158667
0.160072
0.161499
0.162917
0.164293
0.165596
0.166798
0.167872
0.168801
0.169571
0.170175
0.170613
0.170889
0.171011
0.170992
0.170846
0.170589
0.170238
0.16981
0.169321
0.168786
0.168222
0.167642
0.167059
0.166483
0.165923
0.165387
0.16488
0.164404
0.163961
0.163551
0.163172
0.16282
0.162491
0.16218
0.161879
0.161569
0.161296
0.160731
0.174394
0.17379
0.173184
0.172576
0.171966
0.171355
0.170742
0.170128
0.169514
0.1689
0.168286
0.167674
0.167064
0.166456
0.165851
0.16525
0.164652
0.164059
0.16347
0.162885
0.162306
0.161731
0.161162
0.160597
0.160038
0.159484
0.158936
0.158393
0.157856
0.157324
0.156798
0.156278
0.155764
0.155257
0.154758
0.154266
0.153783
0.153311
0.15285
0.152404
0.151975
0.151566
0.151183
0.150828
0.150509
0.150232
0.150004
0.149834
0.149728
0.149698
0.149752
0.149898
0.150147
0.150505
0.150979
0.151573
0.152289
0.153125
0.154075
0.155129
0.156274
0.157491
0.158756
0.160042
0.161322
0.162564
0.163741
0.164824
0.165791
0.166623
0.167307
0.167836
0.168208
0.168425
0.168496
0.16843
0.168239
0.167939
0.167544
0.16707
0.166531
0.165943
0.165319
0.164673
0.164014
0.163355
0.162704
0.162068
0.161453
0.160863
0.1603
0.159765
0.159259
0.15878
0.158325
0.15789
0.157471
0.157049
0.15668
0.155991
0.174402
0.1738
0.173196
0.172591
0.171983
0.171375
0.170765
0.170154
0.169542
0.168931
0.168321
0.167711
0.167103
0.166497
0.165894
0.165294
0.164698
0.164105
0.163516
0.162932
0.162352
0.161776
0.161206
0.16064
0.160079
0.159524
0.158973
0.158428
0.157888
0.157353
0.156824
0.156301
0.155784
0.155273
0.154769
0.154273
0.153786
0.153309
0.152844
0.152392
0.151957
0.151542
0.15115
0.150786
0.150456
0.150166
0.149921
0.14973
0.1496
0.14954
0.149557
0.14966
0.149858
0.150156
0.150562
0.151077
0.151705
0.152443
0.153287
0.154227
0.155251
0.156341
0.157477
0.158634
0.159786
0.160905
0.161964
0.162938
0.163805
0.164547
0.165151
0.16561
0.16592
0.166084
0.166107
0.165997
0.165767
0.165428
0.164995
0.164481
0.163901
0.163267
0.162592
0.161889
0.161168
0.16044
0.159711
0.158989
0.158281
0.157591
0.156921
0.156274
0.155651
0.155053
0.154477
0.153922
0.153386
0.152849
0.15238
0.151553
0.174402
0.1738
0.173197
0.172592
0.171985
0.171377
0.170768
0.170158
0.169548
0.168938
0.168328
0.167719
0.167111
0.166506
0.165902
0.165301
0.164704
0.164109
0.163519
0.162932
0.16235
0.161772
0.161199
0.16063
0.160066
0.159507
0.158953
0.158404
0.15786
0.157322
0.156789
0.156262
0.155741
0.155227
0.154719
0.15422
0.153728
0.153247
0.152778
0.152321
0.151881
0.15146
0.151062
0.15069
0.15035
0.150047
0.149787
0.149577
0.149425
0.149336
0.14932
0.149384
0.149534
0.149777
0.150118
0.150562
0.151108
0.151756
0.152502
0.153337
0.154249
0.155223
0.15624
0.157278
0.158311
0.159316
0.160266
0.161138
0.161911
0.162569
0.163098
0.163491
0.163744
0.163857
0.163836
0.163688
0.163422
0.163049
0.162583
0.162035
0.161418
0.160746
0.160029
0.159279
0.158506
0.157719
0.156926
0.156132
0.155345
0.154569
0.153807
0.153062
0.152336
0.151629
0.150942
0.150274
0.149626
0.148977
0.148408
0.147437
0.174398
0.173796
0.173192
0.172587
0.171981
0.171373
0.170763
0.170153
0.169543
0.168932
0.168322
0.167712
0.167103
0.166496
0.165891
0.165288
0.164687
0.16409
0.163497
0.162907
0.162321
0.161739
0.161161
0.160588
0.16002
0.159456
0.158897
0.158344
0.157796
0.157253
0.156715
0.156184
0.155658
0.15514
0.154628
0.154124
0.153629
0.153144
0.15267
0.152209
0.151764
0.151338
0.150933
0.150553
0.150204
0.14989
0.149616
0.149389
0.149215
0.149101
0.149053
0.14908
0.149186
0.149378
0.14966
0.150036
0.150507
0.151072
0.151727
0.152464
0.153274
0.154141
0.155047
0.155974
0.156898
0.157795
0.158643
0.15942
0.160106
0.160684
0.161143
0.161474
0.161673
0.16174
0.161679
0.161494
0.161196
0.160793
0.160298
0.159721
0.159074
0.15837
0.157618
0.15683
0.156014
0.155179
0.154332
0.15348
0.152627
0.151779
0.150939
0.15011
0.149294
0.148492
0.147707
0.146936
0.146184
0.14543
0.144766
0.143651
0.174393
0.17379
0.173186
0.172581
0.171974
0.171365
0.170755
0.170144
0.169533
0.168921
0.16831
0.167698
0.167088
0.166478
0.16587
0.165265
0.164661
0.16406
0.163463
0.162868
0.162278
0.161691
0.161108
0.16053
0.159956
0.159387
0.158823
0.158264
0.157711
0.157162
0.15662
0.156083
0.155553
0.155029
0.154513
0.154004
0.153504
0.153015
0.152537
0.152071
0.151622
0.15119
0.150778
0.150392
0.150034
0.149708
0.149421
0.149178
0.148984
0.148845
0.148768
0.148759
0.148824
0.148968
0.149196
0.149509
0.14991
0.150398
0.150969
0.151616
0.152329
0.153096
0.1539
0.154724
0.155545
0.156343
0.157095
0.157782
0.158385
0.158889
0.159281
0.159553
0.159701
0.159725
0.159625
0.159408
0.159081
0.158652
0.158132
0.15753
0.156859
0.156129
0.155349
0.15453
0.15368
0.152806
0.151916
0.151016
0.15011
0.149203
0.148298
0.147399
0.146507
0.145624
0.144753
0.143893
0.143048
0.142198
0.141448
0.140195
0.174387
0.173785
0.17318
0.172574
0.171966
0.171356
0.170746
0.170134
0.169521
0.168908
0.168295
0.167682
0.167069
0.166457
0.165847
0.165238
0.164631
0.164026
0.163424
0.162826
0.16223
0.161638
0.16105
0.160466
0.159887
0.159312
0.158742
0.158177
0.157617
0.157063
0.156515
0.155973
0.155437
0.154908
0.154386
0.153873
0.153368
0.152874
0.152391
0.151921
0.151466
0.151028
0.15061
0.150216
0.149849
0.149513
0.149213
0.148954
0.14874
0.148579
0.148474
0.148432
0.148458
0.148557
0.148732
0.148987
0.149323
0.149738
0.15023
0.150793
0.151417
0.152091
0.152799
0.153526
0.154251
0.154955
0.155618
0.15622
0.156744
0.157177
0.157505
0.157722
0.157821
0.157803
0.157668
0.157421
0.157068
0.156616
0.156075
0.155454
0.154764
0.154013
0.153212
0.152369
0.151492
0.150588
0.149665
0.148726
0.147778
0.146823
0.145866
0.144909
0.143955
0.143005
0.142062
0.141126
0.140201
0.139267
0.13844
0.137061
0.174382
0.173779
0.173173
0.172566
0.171958
0.171348
0.170736
0.170123
0.169509
0.168895
0.16828
0.167665
0.16705
0.166436
0.165823
0.165211
0.1646
0.163992
0.163386
0.162782
0.162182
0.161585
0.160991
0.160402
0.159817
0.159236
0.15866
0.158089
0.157523
0.156963
0.156408
0.15586
0.155318
0.154784
0.154257
0.153738
0.153228
0.152729
0.152241
0.151765
0.151305
0.150861
0.150437
0.150035
0.149659
0.149313
0.149
0.148725
0.148493
0.148308
0.148177
0.148103
0.148092
0.148149
0.148275
0.148475
0.148749
0.149097
0.149515
0.149998
0.150538
0.151125
0.151744
0.152379
0.153014
0.153629
0.154206
0.154728
0.155177
0.155541
0.155809
0.155971
0.156025
0.155967
0.155799
0.155524
0.155148
0.154677
0.154119
0.153484
0.152779
0.152014
0.151198
0.150338
0.149441
0.148515
0.147566
0.146598
0.145616
0.144625
0.143626
0.142623
0.141619
0.140614
0.139612
0.138613
0.137621
0.136616
0.135724
0.134233
0.174376
0.173773
0.173167
0.172559
0.17195
0.171339
0.170726
0.170112
0.169498
0.168882
0.168265
0.167648
0.167031
0.166415
0.165799
0.165184
0.16457
0.163958
0.163348
0.16274
0.162135
0.161533
0.160934
0.160339
0.159748
0.159162
0.15858
0.158003
0.157431
0.156865
0.156304
0.15575
0.155202
0.154662
0.154129
0.153605
0.15309
0.152585
0.152092
0.151611
0.151145
0.150695
0.150264
0.149855
0.149469
0.149112
0.148786
0.148496
0.148246
0.14804
0.147882
0.147778
0.147732
0.147747
0.147827
0.147975
0.148191
0.148474
0.148823
0.149231
0.149693
0.150197
0.150731
0.15128
0.151829
0.152359
0.152855
0.153299
0.153676
0.153974
0.154182
0.154293
0.154302
0.154206
0.154007
0.153707
0.153312
0.152826
0.152256
0.151611
0.150898
0.150125
0.1493
0.148429
0.14752
0.146579
0.145612
0.144622
0.143616
0.142595
0.141565
0.140526
0.139481
0.138433
0.137383
0.136332
0.135286
0.134222
0.133277
0.13169
0.174371
0.173767
0.173161
0.172552
0.171942
0.17133
0.170717
0.170102
0.169486
0.168869
0.168251
0.167632
0.167013
0.166394
0.165776
0.165158
0.164541
0.163925
0.163312
0.1627
0.16209
0.161484
0.16088
0.16028
0.159684
0.159091
0.158504
0.157921
0.157343
0.156771
0.156204
0.155644
0.155091
0.154545
0.154007
0.153477
0.152956
0.152446
0.151947
0.151461
0.150988
0.150532
0.150094
0.149677
0.149283
0.148915
0.148576
0.148271
0.148003
0.147775
0.147593
0.147459
0.147379
0.147355
0.147391
0.147488
0.147649
0.147871
0.148154
0.148492
0.148878
0.149304
0.149757
0.150224
0.15069
0.151139
0.151556
0.151924
0.152231
0.152465
0.152615
0.152675
0.152641
0.15251
0.152283
0.151962
0.151551
0.151055
0.150479
0.149831
0.149116
0.148341
0.147514
0.146639
0.145725
0.144775
0.143796
0.142792
0.141767
0.140725
0.139669
0.138602
0.137526
0.136443
0.135355
0.134263
0.133174
0.132062
0.131073
0.129407
0.174366
0.173762
0.173155
0.172546
0.171935
0.171322
0.170708
0.170092
0.169475
0.168856
0.168237
0.167616
0.166996
0.166375
0.165754
0.165133
0.164514
0.163895
0.163277
0.162662
0.162048
0.161437
0.160829
0.160224
0.159623
0.159025
0.158432
0.157844
0.15726
0.156682
0.15611
0.155544
0.154985
0.154434
0.15389
0.153354
0.152828
0.152312
0.151808
0.151316
0.150838
0.150375
0.14993
0.149504
0.149101
0.148722
0.148371
0.148051
0.147765
0.147516
0.14731
0.147148
0.147034
0.146973
0.146966
0.147015
0.147122
0.147287
0.147506
0.147776
0.14809
0.14844
0.148815
0.149203
0.149589
0.149959
0.150298
0.150592
0.15083
0.150999
0.151093
0.151104
0.151029
0.150866
0.150615
0.150278
0.149858
0.149358
0.148784
0.148139
0.14743
0.146661
0.145838
0.144966
0.144052
0.1431
0.142115
0.141101
0.140064
0.139006
0.137931
0.136841
0.13574
0.134629
0.13351
0.132385
0.13126
0.130109
0.129085
0.127354
0.174362
0.173756
0.173149
0.172539
0.171928
0.171314
0.170699
0.170082
0.169464
0.168844
0.168223
0.167601
0.166979
0.166356
0.165733
0.16511
0.164488
0.163866
0.163245
0.162626
0.162009
0.161394
0.160781
0.160172
0.159566
0.158963
0.158365
0.157771
0.157182
0.156599
0.156022
0.15545
0.154886
0.154328
0.153779
0.153238
0.152707
0.152186
0.151675
0.151178
0.150693
0.150224
0.149772
0.149338
0.148925
0.148536
0.148172
0.147837
0.147533
0.147265
0.147033
0.146844
0.146698
0.146599
0.146551
0.146554
0.146609
0.146716
0.146874
0.147078
0.147322
0.147598
0.147897
0.148206
0.148512
0.148803
0.149065
0.149286
0.149454
0.149561
0.1496
0.149565
0.149453
0.149263
0.148994
0.148649
0.148227
0.147733
0.147168
0.146536
0.145841
0.145085
0.144274
0.143411
0.142503
0.141553
0.140566
0.139547
0.138501
0.13743
0.136339
0.135231
0.134109
0.132974
0.131829
0.130676
0.129522
0.128339
0.127286
0.1255
0.174357
0.173751
0.173143
0.172533
0.171921
0.171307
0.170691
0.170073
0.169453
0.168832
0.16821
0.167587
0.166963
0.166338
0.165713
0.165088
0.164463
0.163839
0.163215
0.162593
0.161972
0.161353
0.160737
0.160123
0.159512
0.158905
0.158302
0.157704
0.15711
0.156521
0.155939
0.155362
0.154792
0.15423
0.153675
0.153129
0.152592
0.152065
0.15155
0.151046
0.150556
0.15008
0.14962
0.149179
0.148757
0.148356
0.14798
0.14763
0.147308
0.147019
0.146764
0.146546
0.146368
0.146233
0.146142
0.146099
0.146103
0.146154
0.14625
0.146388
0.146562
0.146765
0.146986
0.147216
0.147443
0.147654
0.147839
0.147985
0.148085
0.148132
0.148118
0.148042
0.1479
0.147691
0.147415
0.147071
0.14666
0.146182
0.145638
0.145028
0.144354
0.143619
0.142826
0.141977
0.141078
0.140133
0.139147
0.138125
0.13707
0.135989
0.134883
0.133758
0.132616
0.13146
0.130292
0.129114
0.127933
0.126722
0.125644
0.123812
0.174352
0.173746
0.173138
0.172527
0.171914
0.171299
0.170682
0.170064
0.169443
0.168821
0.168198
0.167573
0.166948
0.166321
0.165694
0.165067
0.16444
0.163813
0.163187
0.162561
0.161938
0.161315
0.160695
0.160078
0.159463
0.158852
0.158244
0.157641
0.157042
0.156449
0.155861
0.15528
0.154705
0.154137
0.153577
0.153026
0.152484
0.151952
0.151431
0.150921
0.150425
0.149943
0.149476
0.149025
0.148594
0.148182
0.147793
0.147427
0.147088
0.146777
0.146497
0.14625
0.146039
0.145867
0.145734
0.145643
0.145594
0.145587
0.145621
0.145691
0.145793
0.14592
0.146062
0.146211
0.146356
0.146486
0.146592
0.146665
0.146699
0.146689
0.146631
0.146522
0.146361
0.146147
0.145877
0.14555
0.145163
0.144714
0.144201
0.143623
0.142979
0.14227
0.141497
0.140665
0.139776
0.138837
0.13785
0.136823
0.13576
0.134666
0.133545
0.132402
0.13124
0.130062
0.128871
0.12767
0.126464
0.125227
0.124127
0.122253
0.174348
0.173742
0.173133
0.172521
0.171908
0.171292
0.170675
0.170055
0.169434
0.168811
0.168186
0.167561
0.166934
0.166306
0.165677
0.165048
0.164419
0.163789
0.16316
0.162532
0.161906
0.16128
0.160657
0.160035
0.159417
0.158802
0.15819
0.157582
0.156979
0.156381
0.155789
0.155203
0.154623
0.15405
0.153486
0.152929
0.152382
0.151845
0.151318
0.150803
0.1503
0.149811
0.149336
0.148877
0.148435
0.148011
0.147608
0.147226
0.146867
0.146533
0.146227
0.145949
0.145703
0.145489
0.145311
0.145169
0.145064
0.144996
0.144962
0.144961
0.144987
0.145033
0.145093
0.145157
0.145217
0.145265
0.145294
0.145297
0.145272
0.145215
0.145125
0.145
0.144838
0.144637
0.144391
0.144097
0.143749
0.143342
0.142869
0.142329
0.141717
0.141035
0.140283
0.139464
0.138583
0.137645
0.136655
0.135619
0.134544
0.133435
0.132296
0.131133
0.129949
0.128748
0.127534
0.126307
0.125078
0.123815
0.122693
0.120779
0.174344
0.173737
0.173128
0.172516
0.171902
0.171286
0.170668
0.170047
0.169425
0.168801
0.168176
0.167549
0.16692
0.166291
0.165661
0.16503
0.164399
0.163767
0.163136
0.162506
0.161876
0.161248
0.160621
0.159997
0.159375
0.158756
0.15814
0.157528
0.156921
0.156319
0.155722
0.155131
0.154546
0.153969
0.153399
0.152838
0.152285
0.151742
0.151209
0.150688
0.150178
0.149681
0.149197
0.148728
0.148274
0.147837
0.147417
0.147016
0.146635
0.146275
0.145938
0.145626
0.145339
0.14508
0.144851
0.144652
0.144484
0.144348
0.144241
0.144161
0.144104
0.144065
0.144036
0.144013
0.143988
0.143956
0.143913
0.143858
0.143788
0.143703
0.143602
0.143484
0.143344
0.143177
0.142975
0.14273
0.142432
0.142071
0.141642
0.141138
0.140555
0.139894
0.139156
0.138344
0.137463
0.13652
0.13552
0.134471
0.133379
0.13225
0.13109
0.129904
0.128697
0.127472
0.126233
0.124982
0.123727
0.122439
0.121296
0.119343
0.174341
0.173734
0.173124
0.172511
0.171897
0.17128
0.170661
0.17004
0.169417
0.168792
0.168166
0.167538
0.166908
0.166278
0.165646
0.165013
0.16438
0.163747
0.163114
0.162481
0.161849
0.161218
0.160588
0.15996
0.159335
0.158712
0.158093
0.157477
0.156866
0.156259
0.155658
0.155062
0.154472
0.15389
0.153315
0.152747
0.152189
0.151639
0.151099
0.15057
0.150051
0.149545
0.14905
0.148568
0.148099
0.147645
0.147205
0.14678
0.146372
0.14598
0.145606
0.145251
0.144916
0.144603
0.144313
0.144048
0.143808
0.143593
0.143403
0.143236
0.143089
0.142959
0.14284
0.14273
0.142625
0.142525
0.142427
0.142334
0.142244
0.14216
0.142078
0.141993
0.141899
0.141785
0.141639
0.141448
0.141199
0.140882
0.140486
0.140007
0.139441
0.138789
0.138052
0.137237
0.136348
0.135393
0.134378
0.133312
0.1322
0.13105
0.129868
0.128659
0.127428
0.12618
0.124917
0.123642
0.122364
0.121051
0.119888
0.117896
0.174338
0.17373
0.17312
0.172507
0.171892
0.171275
0.170655
0.170034
0.16941
0.168784
0.168157
0.167528
0.166897
0.166265
0.165632
0.164998
0.164363
0.163728
0.163092
0.162457
0.161823
0.161189
0.160556
0.159925
0.159296
0.15867
0.158046
0.157426
0.15681
0.156199
0.155592
0.15499
0.154395
0.153806
0.153224
0.152649
0.152082
0.151524
0.150974
0.150434
0.149904
0.149383
0.148873
0.148373
0.147884
0.147406
0.146939
0.146483
0.146037
0.145604
0.145182
0.144774
0.144379
0.143999
0.143636
0.143291
0.142966
0.142661
0.142378
0.142116
0.141874
0.141652
0.141449
0.141264
0.141098
0.140953
0.14083
0.140732
0.140658
0.140606
0.14057
0.14054
0.140504
0.140447
0.140351
0.140203
0.139986
0.139692
0.13931
0.138838
0.138272
0.137616
0.136872
0.136047
0.135146
0.134177
0.133148
0.132066
0.130938
0.129771
0.128571
0.127343
0.126094
0.124826
0.123543
0.122249
0.12095
0.119616
0.118436
0.116406
0.174336
0.173728
0.173117
0.172504
0.171888
0.17127
0.17065
0.170028
0.169403
0.168777
0.168148
0.167518
0.166886
0.166252
0.165618
0.164982
0.164345
0.163707
0.163069
0.162431
0.161794
0.161156
0.16052
0.159885
0.159252
0.15862
0.157991
0.157366
0.156743
0.156125
0.155511
0.154901
0.154297
0.153698
0.153106
0.15252
0.151941
0.151369
0.150805
0.150248
0.149699
0.149158
0.148624
0.148098
0.147579
0.147066
0.14656
0.14606
0.145565
0.145075
0.144591
0.144113
0.143641
0.143178
0.142725
0.142286
0.141862
0.141458
0.141075
0.140717
0.140387
0.140086
0.139819
0.139587
0.139395
0.139243
0.139134
0.139067
0.139037
0.139037
0.139056
0.139078
0.139086
0.139063
0.138992
0.138858
0.138649
0.138355
0.13797
0.137493
0.136923
0.136263
0.135516
0.134689
0.133788
0.132818
0.131787
0.130702
0.129571
0.1284
0.127195
0.125961
0.124703
0.123426
0.122132
0.120823
0.11951
0.118157
0.116962
0.114895
0.174335
0.173726
0.173115
0.172501
0.171884
0.171265
0.170644
0.17002
0.169395
0.168766
0.168136
0.167504
0.16687
0.166234
0.165597
0.164958
0.164318
0.163677
0.163035
0.162392
0.16175
0.161107
0.160465
0.159823
0.159183
0.158543
0.157906
0.157271
0.156638
0.156009
0.155382
0.15476
0.154141
0.153527
0.152918
0.152314
0.151715
0.151121
0.150532
0.149948
0.14937
0.148796
0.148226
0.147659
0.147095
0.146533
0.145971
0.145409
0.144845
0.14428
0.143713
0.143145
0.142578
0.142013
0.141455
0.140909
0.140379
0.139873
0.139397
0.138958
0.138562
0.138216
0.137922
0.137685
0.137505
0.137381
0.137311
0.137288
0.137302
0.137341
0.13739
0.137433
0.137453
0.137436
0.137367
0.137235
0.13703
0.136745
0.136376
0.135921
0.135379
0.134752
0.134042
0.133252
0.132386
0.131448
0.130446
0.129388
0.12828
0.127128
0.125938
0.124715
0.123463
0.122185
0.120886
0.119566
0.118237
0.116862
0.11565
0.113529
0.17433
0.17372
0.173107
0.172491
0.171873
0.171252
0.170628
0.170002
0.169373
0.168742
0.168108
0.167471
0.166833
0.166192
0.165549
0.164904
0.164257
0.163609
0.162959
0.162308
0.161656
0.161003
0.16035
0.159696
0.159042
0.158389
0.157736
0.157084
0.156433
0.155784
0.155137
0.154492
0.153849
0.153208
0.15257
0.151935
0.151303
0.150672
0.150045
0.149418
0.148794
0.148169
0.147544
0.146918
0.146288
0.145654
0.145014
0.144367
0.143712
0.143049
0.142377
0.141699
0.141017
0.140338
0.139666
0.139012
0.138384
0.137793
0.13725
0.136763
0.13634
0.135985
0.135699
0.13548
0.135326
0.135229
0.135184
0.13518
0.135209
0.13526
0.135323
0.135385
0.135437
0.135467
0.135464
0.135418
0.135318
0.135154
0.134918
0.134603
0.134203
0.133716
0.133138
0.132463
0.131696
0.130846
0.12992
0.128926
0.127869
0.126755
0.125589
0.124377
0.123121
0.121828
0.120501
0.119142
0.117765
0.116327
0.115062
0.112818
0.174308
0.173694
0.173077
0.172456
0.171832
0.171205
0.170575
0.169942
0.169305
0.168665
0.168022
0.167376
0.166727
0.166075
0.16542
0.164761
0.164101
0.163437
0.162771
0.162102
0.161432
0.160759
0.160084
0.159407
0.158729
0.15805
0.157369
0.156688
0.156006
0.155323
0.15464
0.153957
0.153273
0.152589
0.151906
0.151221
0.150536
0.14985
0.149162
0.148472
0.147778
0.14708
0.146376
0.145665
0.144945
0.144213
0.14347
0.142713
0.141942
0.141157
0.140361
0.139557
0.138753
0.137955
0.137176
0.136427
0.135722
0.135073
0.13449
0.133981
0.133549
0.133195
0.132916
0.132709
0.13257
0.1325
0.132498
0.132565
0.132703
0.132913
0.133192
0.133535
0.133931
0.134361
0.134804
0.135233
0.135621
0.135938
0.13616
0.136268
0.136247
0.136085
0.135758
0.135282
0.134669
0.13393
0.133072
0.132103
0.131032
0.129868
0.128617
0.12729
0.125894
0.124438
0.122929
0.121373
0.119789
0.118124
0.116665
0.114058
0.174215
0.17359
0.17296
0.172326
0.171688
0.171046
0.1704
0.169749
0.169095
0.168436
0.167772
0.167105
0.166433
0.165757
0.165077
0.164392
0.163703
0.16301
0.162313
0.161612
0.160907
0.160198
0.159485
0.158768
0.158048
0.157325
0.156598
0.155867
0.155134
0.154397
0.153657
0.152914
0.152168
0.151417
0.150664
0.149906
0.149143
0.148375
0.1476
0.146819
0.146029
0.145229
0.144418
0.143594
0.142756
0.141902
0.141031
0.140143
0.139239
0.138322
0.137397
0.136471
0.135555
0.134659
0.133798
0.132987
0.13224
0.13157
0.130988
0.130504
0.130128
0.129872
0.12975
0.129785
0.130003
0.130439
0.131127
0.132096
0.133362
0.134925
0.136757
0.13881
0.141006
0.143256
0.145459
0.147516
0.149339
0.150858
0.152029
0.152833
0.153256
0.153307
0.153029
0.152445
0.151575
0.150442
0.149075
0.147503
0.145756
0.14386
0.141843
0.139727
0.137533
0.135278
0.132979
0.130645
0.128308
0.125887
0.123794
0.120136
0.173914
0.173262
0.172604
0.171941
0.171273
0.170599
0.16992
0.169236
0.168545
0.167849
0.167147
0.16644
0.165726
0.165007
0.164281
0.16355
0.162812
0.162069
0.161319
0.160564
0.159802
0.159034
0.15826
0.15748
0.156694
0.155902
0.155104
0.1543
0.15349
0.152674
0.151852
0.151023
0.150188
0.149346
0.148497
0.147641
0.146777
0.145904
0.145022
0.14413
0.143228
0.142314
0.141388
0.140449
0.139499
0.138536
0.137564
0.136586
0.135609
0.134639
0.13369
0.132775
0.131915
0.131132
0.130454
0.129914
0.12955
0.129411
0.129556
0.130054
0.130991
0.132466
0.134583
0.137453
0.14117
0.1458
0.151357
0.157782
0.164939
0.172613
0.180525
0.188357
0.195784
0.202507
0.208275
0.212908
0.216309
0.218443
0.219388
0.21926
0.218154
0.21617
0.21342
0.21003
0.206127
0.201835
0.197262
0.192503
0.187637
0.182725
0.177818
0.172953
0.168159
0.163455
0.158859
0.154369
0.150028
0.145685
0.142009
0.13587
0.173184
0.172485
0.17178
0.171068
0.170349
0.169623
0.16889
0.16815
0.167402
0.166647
0.165885
0.165114
0.164336
0.163551
0.162757
0.161956
0.161147
0.16033
0.159505
0.158673
0.157833
0.156985
0.15613
0.155267
0.154397
0.153521
0.152638
0.151749
0.150855
0.149955
0.149051
0.148143
0.147232
0.14632
0.145407
0.144495
0.143585
0.142682
0.141786
0.140904
0.140039
0.1392
0.138395
0.137636
0.13694
0.136327
0.135824
0.135464
0.135293
0.135364
0.135746
0.13652
0.137785
0.139656
0.142264
0.14575
0.150269
0.155984
0.163058
0.171652
0.181914
0.193954
0.207824
0.223471
0.240692
0.259104
0.278157
0.297174
0.315417
0.332162
0.34677
0.358746
0.367773
0.373734
0.37668
0.376784
0.374391
0.369842
0.363396
0.355336
0.346016
0.335785
0.324947
0.313759
0.302425
0.29111
0.279937
0.269002
0.258374
0.248101
0.238215
0.228732
0.219663
0.211001
0.202748
0.194868
0.187415
0.180111
0.174019
0.164103
0.172603
0.171881
0.171152
0.170416
0.169674
0.168926
0.168172
0.167412
0.166646
0.165875
0.165099
0.164319
0.163534
0.162747
0.161958
0.161167
0.160376
0.159586
0.158798
0.158014
0.157236
0.156466
0.155705
0.154957
0.154225
0.153513
0.152823
0.152162
0.151534
0.150945
0.150404
0.149917
0.149497
0.149154
0.148905
0.148765
0.148758
0.148908
0.149248
0.149818
0.150664
0.151846
0.153436
0.155519
0.1582
0.161605
0.165879
0.171195
0.177746
0.185747
0.195431
0.207035
0.220793
0.236911
0.255551
0.276805
0.300673
0.327039
0.355657
0.386134
0.417915
0.450282
0.482353
0.513013
0.541015
0.565162
0.58447
0.598296
0.606402
0.608939
0.606385
0.59942
0.588851
0.575598
0.56038
0.543777
0.526165
0.507925
0.489397
0.470835
0.452424
0.434292
0.416538
0.399233
0.382435
0.366189
0.350528
0.335479
0.321057
0.307273
0.294128
0.281616
0.269727
0.258439
0.247743
0.237576
0.228012
0.218663
0.210929
0.198307
0.191375
0.191515
0.191679
0.191866
0.19208
0.192322
0.192593
0.192895
0.193231
0.193602
0.194012
0.194463
0.194958
0.195501
0.196096
0.196746
0.197457
0.198233
0.19908
0.200003
0.201011
0.202109
0.203307
0.204614
0.206039
0.207596
0.209297
0.211156
0.213192
0.215423
0.217872
0.220565
0.223531
0.226805
0.230428
0.234446
0.238914
0.243897
0.249469
0.255721
0.262754
0.270692
0.279678
0.289879
0.30149
0.314737
0.329876
0.347199
0.367021
0.389679
0.415504
0.444793
0.477755
0.514443
0.554667
0.597901
0.643196
0.68913
0.733824
0.775056
0.810496
0.838029
0.856077
0.863595
0.860864
0.849286
0.830752
0.807227
0.780488
0.751981
0.722798
0.693716
0.665182
0.637338
0.610395
0.584525
0.559817
0.536291
0.513921
0.492656
0.472434
0.453189
0.434858
0.417386
0.400723
0.384833
0.369685
0.355254
0.341522
0.32847
0.316081
0.304334
0.293212
0.282683
0.272738
0.263302
0.254467
0.245819
0.23875
0.22709
0.433843
0.437746
0.441525
0.445172
0.44868
0.452045
0.455262
0.458325
0.46123
0.46397
0.466542
0.468939
0.471158
0.473192
0.475037
0.476686
0.478135
0.479376
0.480405
0.481215
0.481799
0.482149
0.482258
0.482117
0.481718
0.481051
0.480105
0.478868
0.47733
0.475475
0.47329
0.470758
0.467861
0.464579
0.460892
0.456775
0.452202
0.447144
0.441571
0.435449
0.428741
0.42141
0.413418
0.40473
0.395313
0.38515
0.374238
0.362607
0.350331
0.33755
0.324494
0.311508
0.299077
0.287832
0.278535
0.272009
0.269019
0.270079
0.275261
0.284072
0.295464
0.307959
0.320088
0.331073
0.339866
0.345673
0.348353
0.348249
0.345928
0.341993
0.336978
0.331311
0.325286
0.319087
0.312852
0.306695
0.300705
0.294941
0.289439
0.284214
0.279269
0.274598
0.270192
0.266041
0.262134
0.258465
0.255026
0.251814
0.248823
0.246053
0.243498
0.241155
0.239017
0.23708
0.235327
0.233763
0.23235
0.231105
0.230078
0.228609
0.0628111
0.0686799
0.0743756
0.0741146
0.069767
0.0624557
0.0535611
0.0621688
0.117056
0.183205
0.247371
0.308405
0.366093
0.42032
0.471015
0.518135
0.561686
0.601759
0.638543
0.672318
0.703432
0.732267
0.759204
0.78459
0.808726
0.831845
0.854112
0.875622
0.896403
0.916435
0.935683
0.954144
0.971866
0.988763
1.00463
1.01952
1.0334
1.04619
1.05781
1.06816
1.07714
1.08467
1.09065
1.09498
1.09759
1.09841
1.09734
1.09433
1.08931
1.08221
1.07296
1.06152
1.0478
1.03175
1.01333
0.992484
0.969221
0.943633
0.916035
0.887332
0.859746
0.836971
0.815116
0.791249
0.76491
0.736291
0.705866
0.674316
0.642443
0.611059
0.580877
0.552435
0.526063
0.501908
0.479971
0.460154
0.442302
0.426231
0.411745
0.398654
0.386779
0.375954
0.366033
0.356889
0.348411
0.340508
0.333092
0.326065
0.31934
0.312873
0.306667
0.30076
0.295207
0.290053
0.285334
0.281052
0.27722
0.273704
0.270921
0.266682
0.0852373
0.142366
0.160646
0.157904
0.152066
0.163777
0.204414
0.268832
0.346171
0.426706
0.509845
0.59617
0.68561
0.777502
0.870636
0.96344
1.05426
1.14165
1.22458
1.30251
1.37538
1.44349
1.50738
1.56771
1.62513
1.68027
1.73361
1.78551
1.83618
1.88566
1.93383
1.98042
2.02512
2.06787
2.10895
2.14834
2.18593
2.22155
2.25495
2.28588
2.31406
2.33923
2.36111
2.37943
2.39392
2.40435
2.41047
2.41207
2.40894
2.40087
2.38768
2.3692
2.34525
2.31567
2.2803
2.23897
2.19155
2.1379
2.07794
2.01167
1.93924
1.86077
1.77602
1.6851
1.58869
1.48799
1.38477
1.28124
1.17986
1.08298
0.992495
0.909673
0.835072
0.768665
0.710009
0.658423
0.613121
0.57331
0.538241
0.507237
0.479706
0.455139
0.433105
0.413246
0.395265
0.378931
0.36405
0.350452
0.338017
0.326672
0.316343
0.306957
0.298434
0.290682
0.283608
0.277113
0.271143
0.265471
0.260775
0.253299
0.126313
0.227365
0.247347
0.249641
0.259787
0.294742
0.357053
0.436007
0.522713
0.615434
0.714533
0.819296
0.928142
1.0391
1.15011
1.25921
1.36478
1.46564
1.56114
1.65106
1.73562
1.81527
1.89062
1.96234
2.03109
2.09746
2.16193
2.22489
2.28662
2.34728
2.40697
2.46567
2.5231
2.57905
2.63334
2.68577
2.73608
2.78395
2.82904
2.87099
2.90939
2.94385
2.97397
2.99933
3.01954
3.03421
3.04297
3.04543
3.04125
3.03006
3.01154
2.98533
2.9511
2.90853
2.85726
2.79699
2.72739
2.6482
2.55922
2.46037
2.35173
2.23357
2.10647
1.97148
1.8304
1.6858
1.54103
1.39996
1.26652
1.14404
1.03468
0.939221
0.857206
0.787322
0.727871
0.677121
0.633509
0.595713
0.562658
0.533481
0.507495
0.484154
0.463024
0.44376
0.426087
0.409792
0.394702
0.380651
0.367507
0.355185
0.343655
0.332919
0.32298
0.313834
0.30546
0.297815
0.290869
0.284426
0.27909
0.270977
0.153726
0.295433
0.331324
0.345419
0.36604
0.408087
0.472747
0.552822
0.642755
0.740433
0.844374
0.952823
1.06405
1.17653
1.28894
1.4001
1.50894
1.61462
1.71655
1.81438
1.90805
1.99771
2.08368
2.16638
2.24628
2.32385
2.39952
2.47364
2.5465
2.61829
2.68908
2.7588
2.82728
2.89424
2.95939
3.02243
3.08302
3.14076
3.19524
3.24599
3.29253
3.33434
3.37093
3.40176
3.42631
3.44406
3.4545
3.45712
3.4514
3.43683
3.4129
3.3791
3.33491
3.27981
3.21329
3.13485
3.04401
2.94039
2.8237
2.69386
2.5511
2.39604
2.22989
2.05467
1.87343
1.69038
1.51081
1.34068
1.18568
1.05016
0.936114
0.843031
0.76843
0.708872
0.660883
0.621509
0.588483
0.560166
0.535403
0.513377
0.493506
0.475362
0.458631
0.443078
0.428524
0.414838
0.401916
0.389675
0.378045
0.366982
0.356466
0.346499
0.337096
0.328273
0.320042
0.312399
0.305346
0.298735
0.293155
0.284736
0.1694
0.341229
0.393984
0.421915
0.451499
0.496116
0.558821
0.63607
0.723604
0.818374
0.918209
1.02159
1.12752
1.23533
1.3444
1.45402
1.56339
1.67168
1.77814
1.88217
1.98338
2.0816
2.17686
2.26932
2.35926
2.44699
2.53284
2.6171
2.7
2.78169
2.86219
2.94142
3.01918
3.09519
3.1691
3.24057
3.30916
3.37443
3.43588
3.493
3.5452
3.5919
3.63248
3.66634
3.69283
3.71133
3.72119
3.72177
3.71243
3.69251
3.66136
3.61831
3.56268
3.49382
3.41104
3.31374
3.20133
3.07337
2.9296
2.77008
2.59527
2.40628
2.20509
1.9948
1.77991
1.56652
1.3621
1.17475
1.01169
0.877438
0.772646
0.69425
0.636943
0.594989
0.563501
0.538888
0.518748
0.501552
0.486346
0.472525
0.459702
0.447625
0.436122
0.425082
0.414428
0.404113
0.394108
0.384398
0.374974
0.36584
0.357004
0.348486
0.340312
0.332512
0.32511
0.318122
0.311566
0.305329
0.299969
0.291803
0.178102
0.363362
0.430925
0.472519
0.511788
0.560126
0.621461
0.694523
0.776291
0.864052
0.956031
1.05134
1.14967
1.25092
1.3549
1.46121
1.56917
1.678
1.78682
1.89488
2.00154
2.10636
2.20912
2.30971
2.4082
2.5047
2.59939
2.69244
2.78396
2.87402
2.96257
3.04949
3.13456
3.21747
3.29783
3.37524
3.44923
3.51929
3.58488
3.6454
3.70025
3.74877
3.79028
3.82409
3.84949
3.86575
3.87214
3.8679
3.85229
3.82454
3.78386
3.72949
3.66062
3.5765
3.47635
3.35951
3.22538
3.07357
2.90396
2.71685
2.51318
2.29471
2.06441
1.82675
1.58806
1.35666
1.14231
0.954781
0.801395
0.684743
0.601973
0.546345
0.509981
0.486066
0.469699
0.457739
0.448297
0.440261
0.432982
0.426079
0.419328
0.412598
0.405821
0.398965
0.392021
0.385
0.377919
0.370808
0.363698
0.356625
0.349627
0.342745
0.336019
0.329489
0.323189
0.317144
0.311381
0.30581
0.300946
0.293402
0.181799
0.369985
0.447854
0.500967
0.549798
0.603299
0.664923
0.734478
0.810217
0.890412
0.974074
1.06097
1.15131
1.24544
1.34349
1.4453
1.5504
1.65805
1.76739
1.87755
1.98774
2.09731
2.20578
2.31281
2.41821
2.52188
2.62381
2.72398
2.82237
2.91892
3.0135
3.10593
3.19595
3.2832
3.3673
3.44778
3.52415
3.59588
3.66239
3.72307
3.77726
3.82428
3.86342
3.89393
3.91505
3.926
3.92597
3.91414
3.88968
3.85173
3.79944
3.73194
3.64838
3.54793
3.42983
3.29339
3.13812
2.96379
2.77055
2.55916
2.33119
2.08938
1.83804
1.58347
1.33432
1.10138
0.896268
0.728668
0.603065
0.517028
0.462688
0.430383
0.411805
0.401186
0.394989
0.391167
0.388548
0.386445
0.384452
0.382325
0.379924
0.377172
0.374037
0.370515
0.366623
0.362391
0.357857
0.353068
0.348073
0.342925
0.337677
0.332382
0.327091
0.321851
0.316704
0.31168
0.306811
0.302023
0.297782
0.29105
0.180508
0.365676
0.450839
0.513132
0.570544
0.62989
0.693597
0.761697
0.833278
0.907535
0.984255
1.06381
1.1469
1.23423
1.32626
1.42311
1.52449
1.62982
1.73828
1.84897
1.96099
2.07352
2.18587
2.29746
2.40787
2.51677
2.6239
2.72906
2.83206
2.9327
3.03077
3.12602
3.21813
3.30673
3.39141
3.4717
3.54711
3.6171
3.68109
3.73847
3.78859
3.83075
3.86424
3.88829
3.90213
3.90493
3.89584
3.874
3.83853
3.78851
3.72305
3.64125
3.54222
3.42515
3.28931
3.13413
2.95929
2.76486
2.55145
2.32046
2.07444
1.81745
1.55565
1.29774
1.05503
0.840333
0.66506
0.535173
0.448541
0.396284
0.367278
0.352197
0.344877
0.341761
0.340903
0.341225
0.342098
0.343128
0.344059
0.34472
0.345001
0.344833
0.344182
0.343038
0.341409
0.339321
0.336809
0.333916
0.330693
0.327195
0.323477
0.319597
0.315609
0.311564
0.307505
0.303466
0.299479
0.295485
0.291898
0.286039
0.176943
0.357423
0.44655
0.515499
0.580091
0.645426
0.712827
0.781994
0.852273
0.923396
0.995715
1.0701
1.14765
1.22942
1.31621
1.40837
1.50585
1.60824
1.71481
1.82468
1.93689
2.05049
2.16462
2.27851
2.39149
2.50301
2.6126
2.71985
2.82443
2.92602
3.02431
3.11899
3.2097
3.29609
3.37775
3.45422
3.52503
3.58968
3.64762
3.69826
3.74098
3.77511
3.79996
3.81475
3.81872
3.81103
3.79081
3.75719
3.70924
3.64604
3.56666
3.47022
3.35585
3.2228
3.07047
2.89848
2.70683
2.49604
2.26737
2.02319
1.76736
1.50582
1.24713
1.00275
0.786078
0.609566
0.480103
0.395678
0.346611
0.32078
0.308309
0.302959
0.301327
0.301672
0.303093
0.305091
0.307361
0.309692
0.311924
0.313933
0.315623
0.31692
0.317777
0.318163
0.31807
0.317502
0.31648
0.315033
0.313203
0.311034
0.308578
0.305888
0.303016
0.300012
0.296917
0.293766
0.29059
0.28734
0.284378
0.279375
0.171363
0.345693
0.43809
0.512759
0.584195
0.656317
0.729457
0.802713
0.875272
0.946987
1.01847
1.09087
1.16558
1.24393
1.32694
1.41524
1.509
1.60797
1.71157
1.81898
1.92925
2.04137
2.15436
2.2673
2.37934
2.48973
2.59786
2.70318
2.80522
2.90359
2.99792
3.08786
3.17307
3.25319
3.32784
3.39663
3.45913
3.51489
3.56342
3.60417
3.63657
3.66
3.67378
3.67718
3.66942
3.64969
3.61712
3.57082
3.50985
3.43331
3.34028
3.22991
3.10141
2.95417
2.78778
2.6022
2.39788
2.17598
1.93873
1.68979
1.43487
1.1823
0.943354
0.731522
0.559553
0.434648
0.354722
0.309637
0.286897
0.276591
0.272658
0.271903
0.272753
0.274449
0.276616
0.279055
0.28164
0.284272
0.286864
0.289329
0.291589
0.293572
0.295218
0.296483
0.297338
0.297767
0.297771
0.297363
0.296567
0.295417
0.293953
0.29222
0.290263
0.288126
0.28585
0.283464
0.280999
0.27841
0.276015
0.271804
0.166161
0.335271
0.430003
0.510955
0.591031
0.673015
0.756131
0.838521
0.918721
0.996254
1.07163
1.14605
1.22105
1.29813
1.37854
1.46316
1.5524
1.64627
1.74438
1.84607
1.95051
2.05673
2.16373
2.27052
2.3762
2.47996
2.58111
2.67902
2.77318
2.86315
2.94853
3.02897
3.10416
3.17375
3.23744
3.29487
3.34569
3.38948
3.42583
3.45425
3.47421
3.48514
3.48638
3.47724
3.45695
3.42471
3.37965
3.32088
3.2475
3.15861
3.05335
2.93094
2.79076
2.63237
2.45571
2.26119
2.04989
1.82393
1.58681
1.34398
1.10345
0.876127
0.675078
0.512691
0.395852
0.322209
0.281566
0.261713
0.253213
0.250403
0.250326
0.251533
0.253339
0.255435
0.257685
0.260037
0.262461
0.26493
0.267408
0.269846
0.272186
0.274365
0.276324
0.27801
0.279379
0.280403
0.281063
0.281356
0.28129
0.280885
0.280169
0.279175
0.277941
0.276505
0.274899
0.273151
0.271286
0.269265
0.267364
0.263857
0.160035
0.325218
0.427327
0.522017
0.620857
0.724518
0.829645
0.931986
1.02854
1.11814
1.20121
1.27928
1.3543
1.42829
1.50295
1.5796
1.65911
1.74182
1.82775
1.91653
2.00752
2.09993
2.19293
2.28566
2.37729
2.46703
2.55417
2.63809
2.71825
2.79417
2.86545
2.93173
2.9927
3.04805
3.0975
3.14073
3.17743
3.20726
3.22981
3.24465
3.2513
3.24919
3.23772
3.21619
3.18385
3.13991
3.08352
3.0138
2.92987
2.83089
2.71608
2.58482
2.43668
2.27157
2.08986
1.89261
1.6818
1.46081
1.23484
1.01151
0.801136
0.61598
0.467457
0.361574
0.295582
0.259639
0.242428
0.235404
0.233476
0.233958
0.235508
0.237474
0.239564
0.241661
0.243744
0.245824
0.247925
0.25006
0.25223
0.254415
0.25658
0.25868
0.26066
0.262469
0.264057
0.265385
0.266423
0.267156
0.267576
0.267691
0.267516
0.267074
0.266394
0.265504
0.264432
0.2632
0.261829
0.260283
0.258799
0.255903
0.153789
0.328387
0.460046
0.602013
0.758105
0.918145
1.06967
1.20404
1.31788
1.41239
1.49109
1.55822
1.6178
1.67322
1.72713
1.78147
1.83759
1.89611
1.95724
2.02093
2.08691
2.15468
2.22363
2.29302
2.36211
2.43014
2.49638
2.56019
2.62096
2.67816
2.73134
2.7801
2.82409
2.86299
2.8965
2.92432
2.94614
2.96163
2.9704
2.97206
2.9661
2.952
2.92915
2.89687
2.85441
2.80099
2.73576
2.6579
2.56657
2.46102
2.34063
2.20498
2.05396
1.88792
1.70789
1.51578
1.3148
1.10991
0.908256
0.71939
0.554385
0.423178
0.330473
0.273101
0.241988
0.227198
0.221373
0.220111
0.221031
0.222894
0.225072
0.227264
0.229349
0.231301
0.233144
0.23492
0.236675
0.238448
0.24026
0.242115
0.243999
0.245882
0.247723
0.249475
0.251091
0.252528
0.253748
0.254727
0.255447
0.255904
0.256104
0.256059
0.255788
0.255314
0.254657
0.253833
0.252859
0.251701
0.250561
0.248181
0.153011
0.407842
0.695642
1.00023
1.28109
1.51115
1.68204
1.79993
1.87575
1.9219
1.94926
1.96595
1.97755
1.98778
1.99903
2.01276
2.02976
2.0506
2.07546
2.10426
2.13673
2.1724
2.21072
2.25101
2.29254
2.33453
2.37624
2.41694
2.45594
2.49264
2.52648
2.557
2.58377
2.60641
2.62459
2.63796
2.64622
2.64899
2.64591
2.63655
2.62042
2.59699
2.56563
2.52568
2.47639
2.417
2.3467
2.26471
2.17031
2.06288
1.94203
1.80764
1.66007
1.50028
1.33014
1.1527
0.972619
0.796497
0.632885
0.491342
0.379942
0.30186
0.253644
0.22737
0.21482
0.209984
0.209209
0.210443
0.212558
0.21495
0.217309
0.219494
0.221463
0.223229
0.224833
0.22633
0.227774
0.229215
0.230687
0.23221
0.233787
0.235403
0.237029
0.238629
0.24016
0.241579
0.242849
0.243936
0.24482
0.245485
0.24593
0.246158
0.246182
0.246014
0.24567
0.245161
0.2445
0.243652
0.242792
0.24084
0.0655156
0.855012
1.57534
2.03758
2.28218
2.38491
2.4067
2.38657
2.34855
2.30462
2.26058
2.21932
2.18233
2.15038
2.1238
2.10266
2.08687
2.07628
2.07069
2.06987
2.0735
2.08122
2.09254
2.10691
2.12369
2.14221
2.16175
2.18161
2.20112
2.21963
2.23657
2.25141
2.26367
2.27293
2.27881
2.28096
2.279
2.27256
2.26126
2.24464
2.22223
2.19345
2.15771
2.11433
2.0626
2.00178
1.93114
1.84999
1.75777
1.65409
1.53886
1.41242
1.27571
1.13051
0.979708
0.827586
0.680052
0.544452
0.428548
0.338327
0.275456
0.23648
0.214942
0.20449
0.200502
0.20008
0.201512
0.2038
0.206373
0.208912
0.211256
0.21334
0.215159
0.216741
0.218134
0.219393
0.220577
0.221736
0.222913
0.224137
0.225422
0.226766
0.228155
0.229559
0.230944
0.232272
0.233505
0.23461
0.23556
0.236336
0.236928
0.237334
0.237559
0.237611
0.237498
0.237227
0.236806
0.236202
0.235565
0.233966
)
;

boundaryField
{
    outlet
    {
        type            zeroGradient;
    }
    inlet
    {
        type            fixedValue;
        value           uniform 0.2;
    }
    lowerWall
    {
        type            kqRWallFunction;
        value           nonuniform List<scalar> 
148
(
0.196709
0.190616
0.184994
0.179725
0.174798
0.17025
0.166115
0.162408
0.159125
0.156248
0.153751
0.1516
0.149765
0.148213
0.146914
0.145841
0.144968
0.144272
0.143734
0.143334
0.143057
0.142887
0.142811
0.142818
0.142898
0.143041
0.143235
0.143497
0.143706
0.14439
0.143057
0.151337
0.114722
0.0628111
0.0852373
0.126313
0.153726
0.1694
0.178102
0.181799
0.180508
0.176943
0.171363
0.166161
0.160035
0.153789
0.153011
0.0655156
0.0628111
0.0686799
0.0743756
0.0741146
0.069767
0.0624557
0.0535611
0.0621688
0.117056
0.183205
0.247371
0.308405
0.366093
0.42032
0.471015
0.518135
0.561686
0.601759
0.638543
0.672318
0.703432
0.732267
0.759204
0.78459
0.808726
0.831845
0.854112
0.875622
0.896403
0.916435
0.935683
0.954144
0.971866
0.988763
1.00463
1.01952
1.0334
1.04619
1.05781
1.06816
1.07714
1.08467
1.09065
1.09498
1.09759
1.09841
1.09734
1.09433
1.08931
1.08221
1.07296
1.06152
1.0478
1.03175
1.01333
0.992484
0.969221
0.943633
0.916035
0.887332
0.859746
0.836971
0.815116
0.791249
0.76491
0.736291
0.705866
0.674316
0.642443
0.611059
0.580877
0.552435
0.526063
0.501908
0.479971
0.460154
0.442302
0.426231
0.411745
0.398654
0.386779
0.375954
0.366033
0.356889
0.348411
0.340508
0.333092
0.326065
0.31934
0.312873
0.306667
0.30076
0.295207
0.290053
0.285334
0.281052
0.27722
0.273704
0.270921
0.266682
)
;
    }
    upperWall
    {
        type            kqRWallFunction;
        value           nonuniform List<scalar> 
133
(
0.205419
0.216602
0.227661
0.238503
0.249093
0.259416
0.269459
0.279212
0.288667
0.297817
0.306658
0.315187
0.323405
0.331311
0.338909
0.346201
0.353194
0.359891
0.366301
0.372429
0.378285
0.383874
0.389207
0.394291
0.399135
0.403747
0.408137
0.412314
0.416284
0.420058
0.423643
0.427047
0.430281
0.433843
0.437746
0.441525
0.445172
0.44868
0.452045
0.455262
0.458325
0.46123
0.46397
0.466542
0.468939
0.471158
0.473192
0.475037
0.476686
0.478135
0.479376
0.480405
0.481215
0.481799
0.482149
0.482258
0.482117
0.481718
0.481051
0.480105
0.478868
0.47733
0.475475
0.47329
0.470758
0.467861
0.464579
0.460892
0.456775
0.452202
0.447144
0.441571
0.435449
0.428741
0.42141
0.413418
0.40473
0.395313
0.38515
0.374238
0.362607
0.350331
0.33755
0.324494
0.311508
0.299077
0.287832
0.278535
0.272009
0.269019
0.270079
0.275261
0.284072
0.295464
0.307959
0.320088
0.331073
0.339866
0.345673
0.348353
0.348249
0.345928
0.341993
0.336978
0.331311
0.325286
0.319087
0.312852
0.306695
0.300705
0.294941
0.289439
0.284214
0.279269
0.274598
0.270192
0.266041
0.262134
0.258465
0.255026
0.251814
0.248823
0.246053
0.243498
0.241155
0.239017
0.23708
0.235327
0.233763
0.23235
0.231105
0.230078
0.228609
)
;
    }
    frontAndBack
    {
        type            empty;
    }
}


// ************************************************************************* //
