/*--------------------------------*- C++ -*----------------------------------*\
  =========                 |
  \\      /  F ield         | OpenFOAM: The Open Source CFD Toolbox
   \\    /   O peration     | Website:  https://openfoam.org
    \\  /    A nd           | Version:  10
     \\/     M anipulation  |
\*---------------------------------------------------------------------------*/
FoamFile
{
    format      ascii;
    class       volScalarField;
    location    "0.115";
    object      nut;
}
// * * * * * * * * * * * * * * * * * * * * * * * * * * * * * * * * * * * * * //

dimensions      [0 2 -1 0 0 0 0];

internalField   nonuniform List<scalar> 
6820
(
0.000149484
0.000144853
0.000140581
0.000136577
0.000132833
0.000129377
0.000126234
0.000123417
0.000120923
0.000118737
0.000116839
0.000115205
0.00011381
0.00011263
0.000111643
0.000110828
0.000110164
0.000109636
0.000109227
0.000108923
0.000108712
0.000108583
0.000108525
0.000108531
0.000108591
0.0001087
0.000108847
0.000109046
0.000109206
0.000109725
0.000108712
0.000115004
8.71819e-05
0.000729198
0.000532393
0.000448015
0.000399711
0.000368386
0.000346738
0.000331096
0.000319367
0.000310281
0.000303033
0.000297103
0.000292143
0.000287919
0.000284266
0.000281066
0.000278233
0.000275703
0.000273424
0.000271359
0.000269477
0.000267752
0.000266165
0.000264699
0.000263341
0.000262079
0.000260902
0.000259805
0.000258777
0.000257823
0.000256933
0.000256132
0.000255277
0.000256462
0.000976777
0.000872182
0.000781624
0.000711267
0.000657323
0.000615285
0.000581717
0.000554259
0.000531326
0.000511833
0.000495021
0.000480344
0.000467395
0.000455871
0.000445536
0.000436207
0.000427739
0.000420013
0.000412934
0.000406423
0.000400414
0.000394852
0.000389689
0.000384885
0.000380403
0.000376213
0.000372285
0.000368595
0.000365106
0.000361809
0.000358616
0.000355494
0.000352131
0.00101348
0.00098823
0.000949374
0.000906194
0.000864428
0.000826388
0.000792559
0.000762675
0.000736242
0.00071275
0.000691744
0.000672842
0.000655727
0.00064014
0.00062587
0.000612743
0.000600615
0.000589367
0.000578899
0.000569128
0.000559981
0.000551397
0.000543325
0.000535717
0.000528534
0.00052174
0.000515301
0.00050919
0.000503374
0.000497834
0.000492517
0.000487439
0.000482421
0.00101671
0.00101241
0.00100191
0.000985661
0.000965605
0.000943715
0.000921427
0.000899619
0.000878758
0.000859054
0.000840566
0.000823271
0.000807107
0.000791992
0.000777843
0.000764576
0.000752113
0.000740381
0.000729317
0.000718863
0.000708967
0.000699583
0.000690669
0.000682189
0.00067411
0.000666402
0.000659036
0.000651987
0.00064523
0.000638745
0.000632497
0.000626479
0.000620634
0.00101676
0.00101592
0.0010136
0.00100903
0.00100204
0.000992921
0.000982194
0.000970402
0.000958012
0.000945384
0.000932776
0.000920361
0.000908255
0.000896524
0.000885207
0.00087432
0.000863865
0.000853835
0.000844218
0.000834997
0.000826155
0.000817672
0.000809531
0.000801712
0.000794198
0.000786972
0.000780015
0.000773313
0.000766848
0.000760607
0.000754571
0.000748731
0.000743067
0.00101671
0.00101623
0.00101553
0.00101428
0.00101219
0.0010091
0.00100497
0.000999894
0.000994023
0.000987526
0.000980567
0.000973292
0.000965826
0.000958267
0.000950694
0.000943166
0.000935728
0.000928413
0.000921245
0.000914238
0.000907404
0.000900747
0.000894272
0.000887978
0.000881862
0.000875922
0.000870154
0.000864552
0.00085911
0.000853822
0.000848682
0.000843685
0.000838826
0.0010167
0.00101622
0.00101574
0.00101518
0.00101442
0.00101335
0.00101188
0.00100995
0.00100756
0.00100471
0.00100145
0.000997833
0.000993918
0.000989762
0.00098542
0.000980939
0.000976363
0.000971728
0.000967064
0.000962398
0.000957748
0.000953134
0.000948568
0.00094406
0.00093962
0.000935253
0.000930963
0.000926753
0.000922627
0.000918584
0.000914625
0.000910752
0.000906966
0.0010167
0.00101621
0.00101575
0.00101528
0.0010148
0.00101425
0.00101359
0.00101279
0.00101179
0.00101059
0.00100918
0.00100754
0.00100569
0.00100366
0.00100144
0.000999075
0.000996576
0.000993967
0.000991267
0.000988497
0.000985672
0.000982807
0.000979917
0.000977013
0.000974105
0.000971202
0.000968311
0.000965439
0.000962592
0.000959774
0.000956989
0.000954241
0.000951534
0.0010167
0.00101621
0.00101574
0.00101529
0.00101484
0.00101439
0.00101393
0.00101344
0.0010129
0.00101229
0.0010116
0.00101082
0.00100994
0.00100895
0.00100787
0.00100668
0.00100541
0.00100404
0.0010026
0.00100108
0.000999501
0.000997869
0.000996191
0.000994475
0.000992728
0.000990957
0.000989168
0.000987367
0.000985559
0.000983749
0.000981942
0.000980141
0.000978351
0.0010167
0.00101621
0.00101574
0.00101528
0.00101484
0.00101441
0.00101398
0.00101356
0.00101313
0.0010127
0.00101224
0.00101176
0.00101125
0.0010107
0.00101011
0.00100947
0.00100879
0.00100806
0.00100728
0.00100646
0.0010056
0.0010047
0.00100376
0.00100279
0.00100179
0.00100077
0.000999719
0.000998652
0.00099757
0.000996476
0.000995373
0.000994264
0.000993152
0.0010167
0.00101621
0.00101574
0.00101528
0.00101484
0.0010144
0.00101398
0.00101357
0.00101317
0.00101278
0.00101238
0.00101199
0.00101159
0.00101119
0.00101078
0.00101036
0.00100992
0.00100946
0.00100899
0.0010085
0.00100798
0.00100745
0.0010069
0.00100634
0.00100575
0.00100515
0.00100453
0.00100391
0.00100326
0.00100261
0.00100195
0.00100128
0.00100061
0.0010167
0.00101621
0.00101574
0.00101528
0.00101483
0.0010144
0.00101398
0.00101357
0.00101317
0.00101278
0.0010124
0.00101203
0.00101167
0.00101131
0.00101095
0.0010106
0.00101024
0.00100989
0.00100953
0.00100917
0.00100881
0.00100844
0.00100806
0.00100768
0.0010073
0.00100691
0.00100651
0.00100611
0.0010057
0.00100529
0.00100487
0.00100445
0.00100403
0.0010167
0.00101621
0.00101574
0.00101528
0.00101483
0.0010144
0.00101398
0.00101357
0.00101317
0.00101278
0.0010124
0.00101204
0.00101168
0.00101133
0.00101099
0.00101065
0.00101032
0.00101
0.00100968
0.00100937
0.00100906
0.00100875
0.00100844
0.00100814
0.00100784
0.00100753
0.00100723
0.00100693
0.00100664
0.00100634
0.00100604
0.00100574
0.00100545
0.0010167
0.00101621
0.00101574
0.00101528
0.00101483
0.0010144
0.00101398
0.00101357
0.00101317
0.00101278
0.0010124
0.00101203
0.00101168
0.00101133
0.00101099
0.00101066
0.00101034
0.00101002
0.00100971
0.00100941
0.00100912
0.00100883
0.00100855
0.00100827
0.001008
0.00100773
0.00100747
0.00100721
0.00100695
0.0010067
0.00100646
0.00100622
0.00100598
0.0010167
0.00101621
0.00101574
0.00101528
0.00101483
0.0010144
0.00101397
0.00101356
0.00101317
0.00101278
0.0010124
0.00101203
0.00101167
0.00101133
0.00101099
0.00101066
0.00101033
0.00101002
0.00100972
0.00100942
0.00100913
0.00100885
0.00100857
0.0010083
0.00100804
0.00100778
0.00100753
0.00100729
0.00100705
0.00100682
0.00100659
0.00100637
0.00100615
0.0010167
0.00101621
0.00101574
0.00101528
0.00101483
0.0010144
0.00101397
0.00101356
0.00101316
0.00101277
0.0010124
0.00101203
0.00101167
0.00101132
0.00101098
0.00101065
0.00101033
0.00101002
0.00100971
0.00100942
0.00100913
0.00100885
0.00100857
0.0010083
0.00100804
0.00100779
0.00100754
0.0010073
0.00100707
0.00100684
0.00100662
0.0010064
0.00100619
0.0010167
0.00101621
0.00101574
0.00101528
0.00101483
0.0010144
0.00101397
0.00101356
0.00101316
0.00101277
0.00101239
0.00101203
0.00101167
0.00101132
0.00101098
0.00101065
0.00101033
0.00101001
0.00100971
0.00100941
0.00100912
0.00100884
0.00100857
0.0010083
0.00100804
0.00100779
0.00100754
0.0010073
0.00100707
0.00100684
0.00100662
0.00100641
0.0010062
0.0010167
0.00101621
0.00101574
0.00101528
0.00101483
0.00101439
0.00101397
0.00101356
0.00101316
0.00101277
0.00101239
0.00101202
0.00101167
0.00101132
0.00101098
0.00101065
0.00101032
0.00101001
0.00100971
0.00100941
0.00100912
0.00100884
0.00100856
0.0010083
0.00100804
0.00100778
0.00100754
0.0010073
0.00100706
0.00100684
0.00100662
0.0010064
0.00100619
0.0010167
0.00101621
0.00101574
0.00101528
0.00101483
0.00101439
0.00101397
0.00101356
0.00101316
0.00101277
0.00101239
0.00101202
0.00101166
0.00101132
0.00101098
0.00101064
0.00101032
0.00101001
0.0010097
0.0010094
0.00100912
0.00100883
0.00100856
0.00100829
0.00100803
0.00100778
0.00100753
0.00100729
0.00100706
0.00100683
0.00100661
0.00100639
0.00100618
0.0010167
0.00101621
0.00101574
0.00101528
0.00101483
0.00101439
0.00101397
0.00101356
0.00101316
0.00101277
0.00101239
0.00101202
0.00101166
0.00101131
0.00101097
0.00101064
0.00101032
0.00101001
0.0010097
0.0010094
0.00100911
0.00100883
0.00100855
0.00100829
0.00100803
0.00100777
0.00100752
0.00100728
0.00100705
0.00100682
0.0010066
0.00100638
0.00100618
0.0010167
0.00101621
0.00101574
0.00101528
0.00101483
0.00101439
0.00101397
0.00101356
0.00101316
0.00101277
0.00101239
0.00101202
0.00101166
0.00101131
0.00101097
0.00101064
0.00101032
0.00101
0.0010097
0.0010094
0.00100911
0.00100883
0.00100855
0.00100828
0.00100802
0.00100777
0.00100752
0.00100728
0.00100704
0.00100681
0.00100659
0.00100638
0.00100617
0.0010167
0.00101621
0.00101574
0.00101528
0.00101483
0.00101439
0.00101397
0.00101356
0.00101316
0.00101277
0.00101239
0.00101202
0.00101166
0.00101131
0.00101097
0.00101064
0.00101031
0.00101
0.00100969
0.0010094
0.00100911
0.00100882
0.00100855
0.00100828
0.00100802
0.00100776
0.00100751
0.00100727
0.00100704
0.00100681
0.00100658
0.00100637
0.00100616
0.0010167
0.00101621
0.00101574
0.00101528
0.00101483
0.00101439
0.00101397
0.00101356
0.00101316
0.00101277
0.00101239
0.00101202
0.00101166
0.00101131
0.00101097
0.00101064
0.00101031
0.00101
0.00100969
0.00100939
0.0010091
0.00100882
0.00100854
0.00100827
0.00100801
0.00100776
0.00100751
0.00100727
0.00100703
0.0010068
0.00100658
0.00100636
0.00100615
0.0010167
0.00101621
0.00101574
0.00101528
0.00101483
0.00101439
0.00101397
0.00101356
0.00101316
0.00101277
0.00101239
0.00101202
0.00101166
0.00101131
0.00101097
0.00101063
0.00101031
0.00101
0.00100969
0.00100939
0.0010091
0.00100882
0.00100854
0.00100827
0.00100801
0.00100775
0.0010075
0.00100726
0.00100702
0.00100679
0.00100657
0.00100635
0.00100614
0.0010167
0.00101621
0.00101574
0.00101528
0.00101483
0.00101439
0.00101397
0.00101356
0.00101316
0.00101277
0.00101239
0.00101202
0.00101166
0.00101131
0.00101097
0.00101063
0.00101031
0.00100999
0.00100969
0.00100939
0.0010091
0.00100881
0.00100854
0.00100827
0.001008
0.00100775
0.0010075
0.00100726
0.00100702
0.00100679
0.00100656
0.00100634
0.00100613
0.0010167
0.00101621
0.00101574
0.00101528
0.00101483
0.00101439
0.00101397
0.00101356
0.00101316
0.00101277
0.00101239
0.00101202
0.00101166
0.00101131
0.00101096
0.00101063
0.00101031
0.00100999
0.00100969
0.00100939
0.00100909
0.00100881
0.00100853
0.00100826
0.001008
0.00100774
0.00100749
0.00100725
0.00100701
0.00100678
0.00100656
0.00100634
0.00100612
0.0010167
0.00101621
0.00101574
0.00101528
0.00101483
0.00101439
0.00101397
0.00101356
0.00101316
0.00101277
0.00101239
0.00101202
0.00101166
0.00101131
0.00101096
0.00101063
0.00101031
0.00100999
0.00100968
0.00100939
0.00100909
0.00100881
0.00100853
0.00100826
0.001008
0.00100774
0.00100749
0.00100725
0.00100701
0.00100678
0.00100655
0.00100633
0.00100612
0.0010167
0.00101621
0.00101574
0.00101528
0.00101483
0.00101439
0.00101397
0.00101356
0.00101316
0.00101277
0.00101239
0.00101202
0.00101166
0.00101131
0.00101096
0.00101063
0.00101031
0.00100999
0.00100968
0.00100938
0.00100909
0.00100881
0.00100853
0.00100826
0.001008
0.00100774
0.00100749
0.00100724
0.00100701
0.00100677
0.00100655
0.00100633
0.00100611
0.0010167
0.00101621
0.00101574
0.00101528
0.00101483
0.00101439
0.00101397
0.00101356
0.00101316
0.00101277
0.00101239
0.00101202
0.00101166
0.00101131
0.00101096
0.00101063
0.00101031
0.00100999
0.00100968
0.00100938
0.00100909
0.00100881
0.00100853
0.00100826
0.00100799
0.00100774
0.00100749
0.00100724
0.001007
0.00100677
0.00100654
0.00100632
0.00100611
0.0010167
0.00101621
0.00101574
0.00101528
0.00101483
0.00101439
0.00101397
0.00101356
0.00101316
0.00101277
0.00101239
0.00101202
0.00101166
0.00101131
0.00101097
0.00101063
0.00101031
0.00100999
0.00100969
0.00100939
0.00100909
0.00100881
0.00100853
0.00100826
0.00100799
0.00100774
0.00100748
0.00100724
0.001007
0.00100676
0.00100654
0.00100631
0.0010061
0.0010167
0.00101621
0.00101574
0.00101528
0.00101483
0.0010144
0.00101397
0.00101356
0.00101316
0.00101277
0.00101239
0.00101202
0.00101166
0.00101131
0.00101097
0.00101064
0.00101031
0.00101
0.00100969
0.00100939
0.00100909
0.00100881
0.00100852
0.00100825
0.00100798
0.00100772
0.00100746
0.00100721
0.00100697
0.00100673
0.00100649
0.00100626
0.00100604
0.0010167
0.00101621
0.00101574
0.00101528
0.00101483
0.0010144
0.00101398
0.00101357
0.00101317
0.00101278
0.0010124
0.00101203
0.00101167
0.00101132
0.00101097
0.00101064
0.00101031
0.00100998
0.00100967
0.00100936
0.00100905
0.00100875
0.00100846
0.00100817
0.00100788
0.0010076
0.00100732
0.00100705
0.00100677
0.00100651
0.00100624
0.00100598
0.00100572
0.0010167
0.00101621
0.00101574
0.00101529
0.00101484
0.00101441
0.00101399
0.00101358
0.00101318
0.00101279
0.0010124
0.00101202
0.00101164
0.00101127
0.00101089
0.00101053
0.00101016
0.00100979
0.00100942
0.00100906
0.00100869
0.00100832
0.00100794
0.00100757
0.00100719
0.00100681
0.00100643
0.00100605
0.00100566
0.00100527
0.00100488
0.00100448
0.00100409
0.0010167
0.00101622
0.00101575
0.0010153
0.00101485
0.00101441
0.00101397
0.00101352
0.00101308
0.00101262
0.00101215
0.00101166
0.00101115
0.00101063
0.00101008
0.00100951
0.00100892
0.0010083
0.00100766
0.00100699
0.00100631
0.0010056
0.00100487
0.00100412
0.00100335
0.00100256
0.00100176
0.00100094
0.00100012
0.000999274
0.000998423
0.000997563
0.000996696
0.00101671
0.00101622
0.00101574
0.00101524
0.00101469
0.00101407
0.00101337
0.00101257
0.00101167
0.00101067
0.00100955
0.00100832
0.00100698
0.00100555
0.00100401
0.00100238
0.00100067
0.000998877
0.000997018
0.000995097
0.000993123
0.000991101
0.000989039
0.000986945
0.000984824
0.000982681
0.000980524
0.000978356
0.000976182
0.000974007
0.000971835
0.000969668
0.000967511
0.00101671
0.001016
0.00101488
0.00101326
0.00101113
0.00100848
0.00100534
0.00100171
0.00099765
0.000993206
0.00098843
0.000983376
0.000978095
0.000972635
0.000967039
0.000961347
0.000955593
0.000949807
0.000944016
0.000938241
0.000932502
0.000926816
0.000921194
0.00091565
0.000910191
0.000904826
0.00089956
0.000894397
0.000889342
0.000884396
0.000879562
0.00087484
0.000870232
0.0010153
0.00100706
0.00099552
0.000981425
0.000965405
0.000948071
0.00092998
0.000911582
0.000893209
0.000875101
0.000857423
0.000840283
0.000823749
0.000807857
0.000792621
0.000778041
0.000764106
0.000750797
0.000738093
0.000725969
0.000714398
0.000703353
0.000692808
0.000682737
0.000673115
0.000663918
0.000655122
0.000646708
0.000638653
0.000630938
0.000623546
0.000616458
0.000609657
0.000935928
0.000815551
0.000728185
0.000659266
0.000602397
0.00055516
0.000515658
0.000482304
0.000453849
0.000429327
0.000407998
0.000389289
0.000372755
0.000358046
0.000344884
0.000333045
0.000322346
0.000312637
0.000303794
0.000295713
0.000288305
0.000281495
0.000275219
0.000269422
0.000264056
0.000259078
0.000254452
0.000250146
0.00024613
0.000242379
0.000238871
0.000235586
0.000232504
0.000125477
0.000128847
0.000132096
0.000135204
0.000138173
0.000141007
0.000143711
0.000146289
0.000148745
0.000151084
0.00015331
0.000155428
0.000157441
0.000159354
0.000161171
0.000162895
0.000164532
0.000166085
0.000167557
0.000168953
0.000170276
0.000171529
0.000172717
0.000173841
0.000174906
0.000175913
0.000176867
0.00017777
0.000178624
0.000179431
0.000180196
0.000180918
0.000181602
0.000106799
0.000150722
0.000195297
0.000239257
0.00028156
0.000320778
0.000356203
0.000388126
0.000417493
0.000445437
0.000472873
0.000500334
0.000527997
0.000555826
0.000583732
0.000611697
0.000639826
0.000668327
0.000697462
0.000727489
0.000758627
0.000791036
0.000824823
0.000860043
0.00089671
0.000934792
0.000974213
0.00101485
0.00105655
0.0010991
0.00114227
0.00118584
0.00122952
0.00127304
0.00131612
0.00135845
0.00139966
0.00143935
0.00147706
0.00151222
0.00154418
0.0015722
0.00159542
0.00161287
0.00162351
0.00162619
0.00161978
0.00160312
0.00157517
0.00153506
0.00148225
0.00141672
0.00133925
0.00125184
0.00115828
0.00106491
0.000981279
0.000919907
0.000893543
0.000908673
0.000958451
0.00102421
0.00108761
0.00114005
0.00118131
0.00121435
0.00124201
0.00126617
0.00128792
0.00130784
0.00132631
0.00134358
0.00135994
0.00137562
0.00139089
0.00140602
0.00142124
0.00143676
0.00145272
0.00146918
0.00148611
0.00150339
0.00152083
0.00153817
0.00155511
0.00157139
0.00158675
0.001601
0.00161398
0.00162563
0.00163592
0.00164488
0.00165259
0.00165913
0.00166462
0.00166919
0.00167294
0.00167614
0.00167835
0.00168185
0.000245879
0.000213679
0.000184019
0.00016952
0.000169365
0.00018028
0.000199498
0.000224746
0.000254041
0.000285596
0.000317889
0.000349776
0.000380563
0.000410006
0.000438208
0.000465477
0.000492173
0.000518611
0.000545019
0.000571551
0.000598325
0.000625454
0.000653066
0.000681298
0.000710284
0.000740131
0.000770909
0.000802638
0.000835291
0.000868793
0.000903026
0.00093784
0.000973055
0.00100846
0.00104383
0.0010789
0.00111334
0.00114681
0.00117886
0.00120899
0.0012366
0.00126098
0.00128135
0.0012968
0.00130639
0.0013091
0.00130392
0.0012899
0.00126628
0.00123258
0.00118883
0.00113582
0.00107547
0.00101131
0.000949
0.000896582
0.000863838
0.000859624
0.00088693
0.000938812
0.00100092
0.00106003
0.00110982
0.00114995
0.00118266
0.00121033
0.00123465
0.00125662
0.00127679
0.00129546
0.00131286
0.00132917
0.00134459
0.00135934
0.00137366
0.00138779
0.00140195
0.00141636
0.00143118
0.00144651
0.00146238
0.00147873
0.0014954
0.0015122
0.00152887
0.00154514
0.00156075
0.00157548
0.00158916
0.00160167
0.00161295
0.001623
0.00163186
0.00163958
0.00164625
0.00165198
0.00165684
0.00166111
0.00166427
0.00166902
0.000349372
0.000343584
0.000327386
0.000299225
0.000265733
0.00023515
0.000211923
0.000197409
0.000191037
0.00019196
0.000199323
0.000212216
0.000229687
0.000250696
0.000274169
0.000299081
0.000324567
0.000349991
0.000374977
0.000399384
0.000423246
0.000446703
0.00046994
0.000493146
0.000516488
0.000540106
0.000564111
0.000588588
0.000613598
0.000639177
0.000665328
0.000692025
0.000719207
0.000746777
0.000774601
0.000802503
0.000830256
0.000857577
0.000884113
0.000909435
0.000933032
0.000954308
0.000972585
0.000987117
0.000997115
0.00100179
0.00100041
0.00099241
0.000977507
0.00095589
0.000928449
0.000897068
0.000864934
0.000836755
0.000818588
0.00081682
0.000835878
0.000875311
0.000928638
0.000986099
0.00103951
0.00108505
0.00112264
0.00115396
0.00118089
0.00120484
0.00122668
0.00124687
0.00126566
0.00128319
0.00129958
0.00131497
0.00132952
0.0013434
0.00135683
0.00137001
0.00138318
0.00139652
0.00141023
0.00142442
0.00143916
0.00145446
0.00147021
0.00148627
0.00150243
0.00151843
0.00153404
0.00154901
0.00156316
0.00157633
0.00158844
0.00159944
0.00160932
0.00161813
0.00162591
0.00163276
0.00163871
0.00164403
0.00164813
0.00165414
0.000476981
0.000471318
0.000464661
0.000454518
0.000438691
0.000416555
0.00038931
0.000359405
0.000329383
0.000301357
0.000276907
0.000257461
0.000243341
0.000234477
0.000230585
0.000231245
0.000235931
0.000244052
0.000254979
0.000268092
0.000282817
0.000298663
0.000315242
0.000332281
0.000349612
0.000367159
0.000384912
0.000402908
0.000421208
0.000439881
0.000458991
0.000478585
0.000498688
0.000519299
0.000540383
0.000561871
0.000583647
0.000605546
0.000627343
0.00064875
0.000669414
0.00068892
0.000706803
0.000722568
0.000735729
0.000745862
0.000752687
0.000756175
0.000756686
0.00075513
0.000753124
0.000753085
0.00075814
0.000771672
0.000796362
0.000832898
0.000879057
0.000930117
0.000980672
0.00102668
0.00106642
0.00110013
0.001129
0.00115439
0.00117737
0.00119861
0.00121847
0.00123713
0.00125466
0.00127111
0.00128655
0.00130107
0.00131478
0.00132785
0.00134045
0.00135277
0.001365
0.00137735
0.00138998
0.00140305
0.00141665
0.00143083
0.00144554
0.0014607
0.00147613
0.00149163
0.00150698
0.00152194
0.00153631
0.00154992
0.00156264
0.0015744
0.00158517
0.00159495
0.00160375
0.00161163
0.00161862
0.00162495
0.00162997
0.00163724
0.00061401
0.000606733
0.00059965
0.000592351
0.000584043
0.000573772
0.000560697
0.00054433
0.000524591
0.000501727
0.000476354
0.000449898
0.000423586
0.000398479
0.000375428
0.000355054
0.000337754
0.00032372
0.000312982
0.000305435
0.000300883
0.000299068
0.000299703
0.00030249
0.000307143
0.000313402
0.000321041
0.00032988
0.000339779
0.000350641
0.000362401
0.000375021
0.000388478
0.000402759
0.000417849
0.000433728
0.000450357
0.000467678
0.000485604
0.000504024
0.000522793
0.000541749
0.00056072
0.000579544
0.000598107
0.000616385
0.000634503
0.000652796
0.000671865
0.000692593
0.000716092
0.000743518
0.000775754
0.000812995
0.000854427
0.000898209
0.000941909
0.000983221
0.00102061
0.00105358
0.00108247
0.00110806
0.00113123
0.00115267
0.00117283
0.00119197
0.00121018
0.00122748
0.00124384
0.00125927
0.0012738
0.00128748
0.00130041
0.00131271
0.00132454
0.00133605
0.00134743
0.00135885
0.00137048
0.00138248
0.00139496
0.00140799
0.0014216
0.00143573
0.00145027
0.00146505
0.0014799
0.00149459
0.00150892
0.00152272
0.00153583
0.00154815
0.00155962
0.00157021
0.00157989
0.00158871
0.00159666
0.00160394
0.00160984
0.00161835
0.000736659
0.000729486
0.000722425
0.000715447
0.00070842
0.0007011
0.000693144
0.000684163
0.000673776
0.000661662
0.000647657
0.000631794
0.000614305
0.00059558
0.000576109
0.000556427
0.000537061
0.0005185
0.000501162
0.000485386
0.00047142
0.000459432
0.000449511
0.000441687
0.000435935
0.000432194
0.000430378
0.000430383
0.000432103
0.000435432
0.000440268
0.000446522
0.000454111
0.000462965
0.000473024
0.000484235
0.000496554
0.000509947
0.000524385
0.00053985
0.000556335
0.000573845
0.000592403
0.000612053
0.000632865
0.000654945
0.000678436
0.000703514
0.000730367
0.00075915
0.00078991
0.000822501
0.000856507
0.000891218
0.000925705
0.000958986
0.000990243
0.00101899
0.00104516
0.00106898
0.00109092
0.00111143
0.00113091
0.00114961
0.00116767
0.00118511
0.00120189
0.00121794
0.00123322
0.00124769
0.00126134
0.00127423
0.00128641
0.001298
0.0013091
0.00131987
0.00133046
0.00134103
0.00135174
0.00136273
0.00137413
0.00138605
0.00139852
0.00141155
0.00142507
0.00143898
0.00145311
0.0014673
0.00148134
0.00149507
0.00150832
0.00152097
0.00153293
0.00154413
0.00155454
0.00156416
0.00157296
0.00158111
0.00158782
0.00159753
0.000833317
0.000827108
0.000820928
0.000814785
0.000808672
0.00080255
0.000796345
0.00078994
0.00078319
0.00077594
0.000768034
0.000759342
0.000749793
0.000739385
0.000728191
0.000716354
0.000704072
0.000691585
0.000679153
0.000667043
0.000655507
0.00064478
0.000635061
0.000626515
0.000619272
0.000613422
0.000609022
0.0006061
0.000604659
0.000604684
0.00060614
0.000608985
0.000613166
0.000618629
0.000625314
0.000633166
0.000642133
0.000652171
0.000663245
0.000675335
0.000688434
0.000702552
0.000717713
0.000733952
0.000751312
0.000769831
0.000789532
0.000810408
0.000832403
0.000855392
0.000879169
0.000903439
0.000927833
0.000951946
0.000975395
0.000997878
0.00101923
0.00103944
0.00105862
0.00107697
0.00109471
0.00111202
0.00112901
0.00114572
0.0011621
0.0011781
0.00119362
0.00120855
0.00122282
0.00123638
0.00124921
0.00126134
0.00127282
0.00128373
0.00129416
0.00130425
0.00131411
0.0013239
0.00133376
0.00134382
0.00135421
0.00136505
0.0013764
0.00138831
0.00140074
0.00141364
0.0014269
0.00144037
0.00145389
0.0014673
0.00148043
0.00149316
0.00150537
0.00151699
0.00152794
0.00153819
0.00154769
0.00155661
0.00156403
0.00157485
0.000902651
0.000897752
0.00089283
0.000887895
0.000882953
0.000878006
0.000873047
0.000868059
0.000863014
0.000857873
0.000852586
0.000847101
0.000841368
0.000835349
0.000829029
0.000822417
0.000815551
0.000808496
0.000801347
0.000794216
0.000787231
0.000780527
0.000774241
0.000768501
0.000763425
0.000759116
0.000755657
0.000753114
0.000751534
0.000750947
0.000751366
0.000752791
0.000755211
0.000758603
0.00076294
0.000768187
0.000774309
0.000781272
0.000789044
0.0007976
0.00080692
0.000816991
0.000827808
0.000839367
0.000851667
0.000864698
0.000878442
0.000892857
0.00090788
0.000923413
0.000939331
0.000955487
0.000971722
0.000987892
0.00100388
0.00101963
0.00103513
0.00105042
0.00106557
0.00108067
0.00109579
0.00111094
0.00112612
0.00114125
0.00115625
0.00117101
0.00118539
0.0011993
0.00121264
0.00122535
0.00123742
0.00124884
0.00125965
0.00126992
0.00127972
0.00128917
0.00129837
0.00130745
0.00131653
0.00132574
0.00133521
0.00134503
0.00135532
0.00136611
0.00137742
0.00138924
0.0014015
0.00141409
0.00142689
0.00143975
0.00145252
0.00146508
0.0014773
0.00148909
0.00150036
0.00151105
0.00152109
0.00153061
0.00153864
0.00155046
0.000948424
0.000944864
0.000941252
0.000937596
0.000933902
0.000930175
0.000926422
0.000922647
0.000918855
0.000915046
0.000911218
0.000907365
0.000903481
0.000899558
0.00089559
0.000891576
0.000887522
0.000883444
0.000879369
0.000875333
0.000871386
0.000867584
0.00086399
0.000860672
0.000857696
0.000855127
0.000853023
0.000851435
0.000850406
0.00084997
0.000850151
0.000850963
0.000852414
0.000854501
0.000857216
0.000860548
0.000864478
0.000868989
0.000874064
0.000879685
0.000885839
0.000892512
0.000899697
0.000907385
0.000915568
0.000924237
0.000933377
0.000942969
0.000952982
0.000963382
0.000974123
0.000985161
0.000996453
0.00100797
0.00101969
0.00103162
0.00104379
0.00105621
0.00106892
0.00108193
0.00109524
0.0011088
0.00112255
0.00113639
0.0011502
0.00116386
0.00117723
0.00119021
0.00120269
0.00121463
0.00122597
0.00123673
0.00124692
0.00125659
0.00126581
0.00127466
0.00128325
0.00129168
0.00130005
0.00130849
0.0013171
0.001326
0.00133527
0.001345
0.00135521
0.00136593
0.00137712
0.00138871
0.00140062
0.00141274
0.00142493
0.00143707
0.00144906
0.00146077
0.00147213
0.00148304
0.00149341
0.00150338
0.00151186
0.00152451
0.000976276
0.000973875
0.000971413
0.000968894
0.000966323
0.000963704
0.000961045
0.000958353
0.000955636
0.000952902
0.000950159
0.000947417
0.000944684
0.000941968
0.000939276
0.000936615
0.000933995
0.000931424
0.000928914
0.000926482
0.000924146
0.000921929
0.000919857
0.000917959
0.000916267
0.000914811
0.000913624
0.000912733
0.000912165
0.000911943
0.000912084
0.000912602
0.000913508
0.000914805
0.000916495
0.000918576
0.000921042
0.000923889
0.00092711
0.000930698
0.000934651
0.000938965
0.00094364
0.000948676
0.000954076
0.000959842
0.000965979
0.000972488
0.000979373
0.000986634
0.000994274
0.0010023
0.00101071
0.00101952
0.00102875
0.00103841
0.00104853
0.00105912
0.00107018
0.0010817
0.00109365
0.00110594
0.00111851
0.00113125
0.00114402
0.0011567
0.00116916
0.00118129
0.001193
0.00120422
0.0012149
0.00122503
0.00123464
0.00124375
0.00125242
0.00126072
0.00126874
0.00127657
0.0012843
0.00129204
0.00129988
0.00130793
0.00131628
0.001325
0.00133416
0.00134378
0.00135388
0.00136441
0.00137533
0.00138655
0.00139797
0.00140949
0.001421
0.00143241
0.00144361
0.00145451
0.001465
0.0014752
0.00148397
0.00149724
0.000991849
0.000990328
0.000988751
0.000987121
0.000985439
0.00098371
0.000981937
0.000980127
0.000978286
0.000976421
0.00097454
0.000972654
0.000970771
0.000968902
0.000967058
0.000965247
0.000963481
0.000961769
0.000960122
0.00095855
0.000957064
0.000955677
0.000954401
0.000953251
0.000952239
0.000951383
0.000950695
0.000950191
0.000949885
0.000949787
0.00094991
0.000950262
0.00095085
0.00095168
0.000952754
0.000954074
0.000955642
0.000957458
0.000959523
0.000961839
0.000964409
0.000967239
0.000970336
0.000973709
0.000977371
0.000981337
0.000985623
0.000990247
0.000995231
0.0010006
0.00100637
0.00101257
0.00101923
0.00102637
0.00103403
0.00104222
0.00105096
0.00106026
0.00107011
0.00108048
0.00109132
0.00110257
0.00111414
0.00112591
0.00113776
0.00114957
0.00116121
0.00117258
0.00118358
0.00119413
0.0012042
0.00121375
0.00122281
0.0012314
0.00123956
0.00124735
0.00125485
0.00126213
0.00126927
0.00127637
0.00128352
0.0012908
0.0012983
0.00130611
0.00131428
0.00132286
0.00133188
0.00134133
0.0013512
0.00136142
0.00137193
0.00138265
0.0013935
0.00140437
0.00141517
0.00142583
0.00143621
0.00144643
0.00145528
0.00146893
0.000999819
0.000998886
0.000997912
0.000996896
0.00099584
0.000994745
0.000993615
0.000992451
0.000991259
0.000990043
0.00098881
0.000987566
0.000986318
0.000985075
0.000983844
0.000982634
0.000981453
0.000980311
0.000979216
0.000978175
0.000977199
0.000976294
0.00097547
0.000974735
0.000974097
0.000973564
0.000973144
0.000972845
0.000972673
0.000972636
0.00097274
0.00097299
0.00097339
0.000973945
0.000974658
0.000975532
0.000976571
0.000977778
0.000979158
0.000980716
0.000982461
0.000984402
0.000986553
0.000988927
0.000991544
0.000994424
0.000997592
0.00100108
0.0010049
0.00100911
0.00101372
0.00101878
0.00102432
0.00103037
0.00103697
0.00104413
0.00105187
0.0010602
0.0010691
0.00107854
0.00108847
0.00109883
0.00110952
0.00112045
0.00113148
0.00114251
0.00115342
0.00116409
0.00117443
0.00118437
0.00119387
0.00120289
0.00121145
0.00121954
0.00122723
0.00123454
0.00124155
0.00124833
0.00125494
0.00126146
0.00126798
0.00127457
0.00128131
0.00128828
0.00129555
0.00130316
0.00131115
0.00131955
0.00132835
0.00133753
0.00134704
0.00135684
0.00136685
0.001377
0.00138721
0.00139739
0.00140743
0.00141744
0.00142618
0.00143993
0.00100353
0.00100295
0.00100234
0.0010017
0.00100104
0.00100035
0.000999633
0.000998895
0.000998135
0.000997359
0.000996568
0.000995768
0.000994964
0.000994159
0.000993361
0.000992575
0.000991806
0.000991062
0.000990348
0.00098967
0.000989034
0.000988448
0.000987916
0.000987445
0.00098704
0.000986707
0.000986451
0.000986277
0.000986188
0.000986191
0.000986287
0.000986482
0.000986778
0.000987179
0.000987689
0.00098831
0.000989048
0.000989906
0.000990892
0.000992013
0.000993279
0.000994703
0.000996299
0.000998086
0.00100008
0.00100232
0.00100481
0.0010076
0.00101072
0.0010142
0.00101808
0.00102239
0.00102718
0.00103248
0.00103833
0.00104473
0.00105171
0.00105928
0.00106741
0.00107608
0.00108524
0.00109483
0.00110476
0.00111494
0.00112524
0.00113557
0.0011458
0.00115583
0.00116557
0.00117495
0.00118392
0.00119245
0.00120053
0.00120817
0.00121541
0.00122229
0.00122885
0.00123515
0.00124127
0.00124727
0.00125322
0.0012592
0.00126526
0.00127148
0.00127793
0.00128465
0.0012917
0.0012991
0.00130686
0.00131499
0.00132347
0.00133227
0.00134134
0.00135062
0.00136006
0.00136958
0.00137906
0.00138865
0.00139706
0.00141061
0.0010051
0.0010047
0.00100429
0.00100386
0.00100341
0.00100295
0.00100248
0.00100199
0.00100149
0.00100098
0.00100046
0.000999942
0.000999418
0.000998896
0.000998379
0.000997872
0.000997376
0.000996898
0.000996441
0.000996008
0.000995605
0.000995235
0.000994903
0.000994613
0.000994369
0.000994175
0.000994033
0.000993949
0.000993925
0.000993965
0.000994071
0.000994247
0.000994495
0.000994819
0.000995222
0.000995708
0.000996281
0.000996948
0.000997715
0.000998591
0.000999586
0.00100071
0.00100199
0.00100344
0.00100507
0.00100692
0.00100901
0.00101137
0.00101404
0.00101706
0.00102045
0.00102427
0.00102854
0.0010333
0.00103858
0.00104441
0.00105079
0.00105774
0.00106524
0.00107326
0.00108176
0.00109068
0.00109994
0.00110944
0.00111909
0.00112877
0.00113839
0.00114783
0.00115702
0.00116587
0.00117435
0.00118241
0.00119005
0.00119727
0.0012041
0.00121056
0.0012167
0.00122258
0.00122825
0.00123378
0.00123922
0.00124463
0.00125009
0.00125565
0.00126137
0.00126729
0.00127348
0.00127996
0.00128675
0.00129387
0.00130133
0.0013091
0.00131716
0.00132549
0.00133403
0.00134273
0.00135149
0.00136045
0.00136836
0.00138139
0.0010057
0.00100538
0.00100506
0.00100473
0.0010044
0.00100405
0.0010037
0.00100335
0.00100299
0.00100262
0.00100226
0.00100189
0.00100153
0.00100117
0.00100082
0.00100047
0.00100014
0.000999827
0.000999529
0.00099925
0.000998994
0.000998764
0.000998563
0.000998392
0.000998256
0.000998157
0.000998098
0.00099808
0.000998108
0.000998183
0.000998308
0.000998485
0.000998718
0.000999009
0.000999362
0.000999781
0.00100027
0.00100084
0.00100149
0.00100223
0.00100307
0.00100404
0.00100513
0.00100638
0.0010078
0.00100942
0.00101126
0.00101335
0.00101574
0.00101844
0.00102151
0.00102497
0.00102886
0.00103322
0.00103808
0.00104345
0.00104935
0.00105578
0.00106274
0.0010702
0.00107813
0.00108645
0.0010951
0.001104
0.00111305
0.00112215
0.0011312
0.0011401
0.00114877
0.00115714
0.00116515
0.00117278
0.00118
0.00118682
0.00119326
0.00119933
0.00120509
0.00121058
0.00121584
0.00122093
0.00122591
0.00123083
0.00123575
0.00124072
0.00124579
0.00125101
0.00125643
0.00126207
0.00126798
0.00127416
0.00128064
0.00128741
0.00129447
0.0013018
0.00130937
0.00131715
0.00132505
0.00133323
0.00134047
0.0013527
0.0010059
0.00100562
0.00100533
0.00100505
0.00100476
0.00100447
0.00100417
0.00100388
0.00100359
0.00100329
0.001003
0.00100271
0.00100243
0.00100215
0.00100189
0.00100163
0.00100139
0.00100116
0.00100095
0.00100076
0.00100058
0.00100043
0.00100031
0.00100021
0.00100013
0.00100009
0.00100009
0.00100011
0.00100017
0.00100028
0.00100042
0.0010006
0.00100083
0.00100111
0.00100145
0.00100183
0.00100228
0.0010028
0.00100339
0.00100406
0.00100482
0.00100569
0.00100669
0.00100782
0.00100911
0.00101058
0.00101227
0.00101419
0.00101638
0.00101887
0.0010217
0.00102491
0.00102851
0.00103256
0.00103706
0.00104206
0.00104755
0.00105355
0.00106005
0.00106702
0.00107442
0.00108221
0.00109033
0.00109868
0.00110718
0.00111573
0.00112425
0.00113264
0.00114083
0.00114873
0.00115631
0.00116352
0.00117035
0.00117679
0.00118286
0.00118858
0.00119397
0.00119909
0.00120398
0.00120868
0.00121324
0.00121772
0.00122216
0.00122662
0.00123112
0.00123573
0.00124047
0.00124538
0.00125049
0.00125583
0.00126141
0.00126723
0.00127332
0.00127966
0.00128624
0.00129305
0.00130001
0.0013073
0.00131375
0.00132495
0.00100596
0.00100569
0.00100542
0.00100514
0.00100487
0.0010046
0.00100433
0.00100406
0.00100379
0.00100353
0.00100327
0.00100301
0.00100277
0.00100253
0.0010023
0.00100208
0.00100188
0.00100169
0.00100151
0.00100136
0.00100122
0.00100111
0.00100102
0.00100095
0.00100091
0.0010009
0.00100092
0.00100097
0.00100105
0.00100116
0.00100131
0.0010015
0.00100173
0.00100201
0.00100233
0.0010027
0.00100313
0.00100362
0.00100417
0.0010048
0.00100552
0.00100634
0.00100727
0.00100834
0.00100955
0.00101093
0.00101251
0.00101431
0.00101637
0.0010187
0.00102135
0.00102435
0.00102773
0.00103151
0.00103573
0.00104041
0.00104555
0.00105117
0.00105725
0.00106378
0.00107072
0.00107803
0.00108564
0.00109348
0.00110147
0.00110953
0.00111755
0.00112546
0.00113319
0.00114065
0.00114781
0.00115463
0.00116108
0.00116716
0.00117287
0.00117825
0.0011833
0.00118808
0.00119262
0.00119697
0.00120116
0.00120525
0.00120928
0.00121328
0.00121729
0.00122136
0.00122552
0.00122979
0.00123421
0.00123879
0.00124356
0.00124854
0.00125372
0.00125912
0.00126474
0.00127058
0.00127658
0.00128291
0.00128851
0.00129848
0.00100596
0.0010057
0.00100543
0.00100516
0.0010049
0.00100463
0.00100437
0.00100411
0.00100385
0.00100359
0.00100334
0.0010031
0.00100286
0.00100263
0.00100241
0.00100221
0.00100201
0.00100184
0.00100168
0.00100153
0.00100141
0.00100131
0.00100122
0.00100117
0.00100113
0.00100113
0.00100115
0.0010012
0.00100129
0.0010014
0.00100155
0.00100174
0.00100196
0.00100223
0.00100254
0.0010029
0.00100332
0.00100379
0.00100432
0.00100493
0.00100562
0.00100641
0.0010073
0.00100831
0.00100947
0.00101079
0.00101229
0.001014
0.00101595
0.00101816
0.00102067
0.0010235
0.00102668
0.00103024
0.00103421
0.0010386
0.00104343
0.00104871
0.00105442
0.00106054
0.00106706
0.00107392
0.00108107
0.00108844
0.00109596
0.00110354
0.00111109
0.00111855
0.00112583
0.00113287
0.00113962
0.00114605
0.00115213
0.00115786
0.00116324
0.00116828
0.00117302
0.00117749
0.00118172
0.00118574
0.00118961
0.00119335
0.00119701
0.00120063
0.00120422
0.00120784
0.00121149
0.00121522
0.00121904
0.00122297
0.00122703
0.00123125
0.00123562
0.00124016
0.00124489
0.00124979
0.00125484
0.00126021
0.00126494
0.00127358
0.00100596
0.00100569
0.00100542
0.00100516
0.00100489
0.00100463
0.00100436
0.0010041
0.00100384
0.00100359
0.00100334
0.00100309
0.00100286
0.00100263
0.00100241
0.0010022
0.00100201
0.00100183
0.00100167
0.00100152
0.00100139
0.00100129
0.0010012
0.00100114
0.0010011
0.00100109
0.0010011
0.00100114
0.00100122
0.00100133
0.00100147
0.00100164
0.00100186
0.00100211
0.00100241
0.00100276
0.00100316
0.00100361
0.00100413
0.00100472
0.00100539
0.00100615
0.00100701
0.00100799
0.00100911
0.00101037
0.00101181
0.00101345
0.00101531
0.00101742
0.0010198
0.00102248
0.00102549
0.00102885
0.00103259
0.00103673
0.00104128
0.00104623
0.0010516
0.00105736
0.00106348
0.00106992
0.00107664
0.00108357
0.00109063
0.00109775
0.00110486
0.00111187
0.00111871
0.00112534
0.00113169
0.00113774
0.00114346
0.00114884
0.00115389
0.00115863
0.00116307
0.00116724
0.00117119
0.00117493
0.00117851
0.00118196
0.00118531
0.0011886
0.00119184
0.00119507
0.0011983
0.00120157
0.00120488
0.00120826
0.00121172
0.00121527
0.00121893
0.00122271
0.00122662
0.00123067
0.00123484
0.00123928
0.00124316
0.00125043
0.00100595
0.00100568
0.00100541
0.00100514
0.00100488
0.00100461
0.00100435
0.00100408
0.00100382
0.00100356
0.00100331
0.00100307
0.00100282
0.00100259
0.00100237
0.00100216
0.00100195
0.00100177
0.00100159
0.00100144
0.0010013
0.00100118
0.00100108
0.00100101
0.00100096
0.00100093
0.00100093
0.00100096
0.00100102
0.00100111
0.00100124
0.0010014
0.0010016
0.00100184
0.00100212
0.00100245
0.00100284
0.00100327
0.00100378
0.00100435
0.00100499
0.00100573
0.00100657
0.00100752
0.00100859
0.00100981
0.0010112
0.00101277
0.00101455
0.00101656
0.00101883
0.00102137
0.00102423
0.00102741
0.00103094
0.00103484
0.00103912
0.00104379
0.00104883
0.00105424
0.00105999
0.00106604
0.00107234
0.00107884
0.00108547
0.00109215
0.00109881
0.00110538
0.0011118
0.00111801
0.00112396
0.00112962
0.00113498
0.00114002
0.00114475
0.00114919
0.00115335
0.00115727
0.00116096
0.00116447
0.00116781
0.00117101
0.00117411
0.00117713
0.00118008
0.00118299
0.00118588
0.00118876
0.00119165
0.00119456
0.00119751
0.0012005
0.00120354
0.00120665
0.00120985
0.00121313
0.00121649
0.00122007
0.00122315
0.00122908
0.00100594
0.00100567
0.0010054
0.00100513
0.00100486
0.00100459
0.00100433
0.00100406
0.0010038
0.00100354
0.00100328
0.00100303
0.00100278
0.00100254
0.00100231
0.00100209
0.00100188
0.00100169
0.0010015
0.00100133
0.00100118
0.00100105
0.00100094
0.00100085
0.00100078
0.00100074
0.00100072
0.00100073
0.00100077
0.00100085
0.00100095
0.0010011
0.00100128
0.0010015
0.00100177
0.00100208
0.00100245
0.00100287
0.00100335
0.0010039
0.00100453
0.00100524
0.00100605
0.00100697
0.00100801
0.00100919
0.00101052
0.00101203
0.00101374
0.00101566
0.00101781
0.00102023
0.00102294
0.00102595
0.00102929
0.00103296
0.00103699
0.00104138
0.00104612
0.00105119
0.00105658
0.00106225
0.00106816
0.00107424
0.00108043
0.00108668
0.00109289
0.00109902
0.001105
0.00111079
0.00111633
0.0011216
0.00112659
0.0011313
0.00113573
0.00113989
0.0011438
0.00114749
0.00115098
0.00115429
0.00115744
0.00116046
0.00116337
0.00116617
0.0011689
0.00117156
0.00117417
0.00117674
0.00117927
0.00118179
0.0011843
0.00118681
0.00118932
0.00119186
0.00119443
0.00119704
0.00119967
0.00120248
0.00120484
0.00120949
0.00100593
0.00100566
0.00100539
0.00100512
0.00100484
0.00100457
0.0010043
0.00100404
0.00100377
0.00100351
0.00100325
0.00100299
0.00100274
0.00100249
0.00100226
0.00100203
0.00100181
0.0010016
0.00100141
0.00100123
0.00100106
0.00100092
0.00100079
0.00100068
0.0010006
0.00100054
0.0010005
0.0010005
0.00100052
0.00100057
0.00100066
0.00100079
0.00100095
0.00100115
0.0010014
0.0010017
0.00100204
0.00100244
0.00100291
0.00100344
0.00100404
0.00100473
0.00100552
0.0010064
0.00100741
0.00100855
0.00100983
0.00101128
0.00101291
0.00101474
0.0010168
0.00101909
0.00102166
0.0010245
0.00102765
0.00103111
0.0010349
0.00103901
0.00104345
0.00104821
0.00105325
0.00105854
0.00106405
0.00106971
0.00107547
0.00108126
0.00108702
0.00109269
0.00109821
0.00110355
0.00110867
0.00111355
0.00111818
0.00112256
0.00112671
0.00113062
0.00113433
0.00113784
0.00114118
0.00114436
0.00114739
0.00115028
0.00115306
0.00115572
0.00115828
0.00116074
0.00116312
0.00116543
0.00116767
0.00116985
0.00117199
0.00117408
0.00117614
0.00117817
0.00118019
0.0011822
0.0011842
0.00118631
0.00118801
0.00119149
0.00100592
0.00100565
0.00100537
0.0010051
0.00100483
0.00100456
0.00100428
0.00100401
0.00100374
0.00100348
0.00100321
0.00100295
0.0010027
0.00100245
0.0010022
0.00100197
0.00100174
0.00100152
0.00100132
0.00100112
0.00100095
0.00100079
0.00100065
0.00100052
0.00100042
0.00100035
0.0010003
0.00100027
0.00100028
0.00100031
0.00100038
0.00100049
0.00100063
0.00100081
0.00100104
0.00100132
0.00100164
0.00100203
0.00100247
0.00100298
0.00100356
0.00100423
0.00100498
0.00100584
0.00100681
0.0010079
0.00100914
0.00101052
0.00101208
0.00101383
0.00101578
0.00101796
0.00102038
0.00102307
0.00102602
0.00102927
0.00103282
0.00103667
0.00104081
0.00104524
0.00104992
0.00105483
0.00105993
0.00106515
0.00107045
0.00107576
0.00108104
0.00108622
0.00109127
0.00109614
0.00110083
0.00110532
0.0011096
0.00111369
0.00111759
0.00112132
0.00112489
0.0011283
0.00113156
0.00113469
0.00113767
0.00114051
0.00114321
0.00114578
0.00114822
0.00115053
0.00115272
0.00115481
0.00115678
0.00115866
0.00116046
0.00116217
0.00116381
0.00116538
0.0011669
0.00116838
0.0011698
0.00117128
0.0011724
0.0011748
0.00100591
0.00100563
0.00100536
0.00100509
0.00100481
0.00100454
0.00100427
0.00100399
0.00100372
0.00100345
0.00100318
0.00100292
0.00100266
0.0010024
0.00100215
0.00100191
0.00100167
0.00100145
0.00100123
0.00100103
0.00100084
0.00100067
0.00100051
0.00100038
0.00100026
0.00100017
0.0010001
0.00100006
0.00100005
0.00100006
0.00100011
0.0010002
0.00100032
0.00100049
0.0010007
0.00100096
0.00100126
0.00100163
0.00100205
0.00100254
0.0010031
0.00100374
0.00100447
0.00100529
0.00100622
0.00100728
0.00100846
0.00100978
0.00101127
0.00101293
0.00101478
0.00101683
0.00101911
0.00102163
0.0010244
0.00102743
0.00103073
0.0010343
0.00103813
0.00104221
0.00104651
0.00105101
0.00105566
0.00106041
0.0010652
0.00107
0.00107475
0.0010794
0.00108395
0.00108835
0.00109261
0.00109673
0.00110072
0.00110458
0.00110833
0.00111196
0.00111549
0.0011189
0.00112219
0.00112535
0.00112836
0.00113121
0.0011339
0.00113641
0.00113876
0.00114093
0.00114295
0.0011448
0.00114652
0.00114809
0.00114955
0.00115088
0.00115211
0.00115324
0.00115428
0.00115525
0.00115613
0.00115702
0.0011576
0.001159
0.0010059
0.00100562
0.00100535
0.00100507
0.0010048
0.00100452
0.00100425
0.00100397
0.0010037
0.00100342
0.00100315
0.00100288
0.00100262
0.00100236
0.0010021
0.00100185
0.00100161
0.00100138
0.00100115
0.00100094
0.00100074
0.00100056
0.00100039
0.00100024
0.00100011
0.001
0.000999919
0.000999861
0.000999832
0.000999832
0.000999865
0.000999934
0.00100004
0.00100019
0.00100038
0.00100061
0.0010009
0.00100125
0.00100165
0.00100211
0.00100265
0.00100327
0.00100397
0.00100476
0.00100565
0.00100666
0.00100778
0.00100904
0.00101045
0.00101202
0.00101376
0.00101568
0.00101781
0.00102014
0.00102271
0.0010255
0.00102852
0.00103179
0.00103527
0.00103897
0.00104284
0.00104687
0.00105101
0.00105522
0.00105946
0.00106368
0.00106786
0.00107197
0.001076
0.00107996
0.00108385
0.00108768
0.00109148
0.00109524
0.00109897
0.00110266
0.00110629
0.00110984
0.00111326
0.00111654
0.00111964
0.00112255
0.00112523
0.00112769
0.00112992
0.00113193
0.00113372
0.00113531
0.00113671
0.00113793
0.00113899
0.00113991
0.00114069
0.00114135
0.0011419
0.00114235
0.00114269
0.00114301
0.00114306
0.00114351
0.00100589
0.00100561
0.00100534
0.00100506
0.00100479
0.00100451
0.00100423
0.00100395
0.00100367
0.0010034
0.00100312
0.00100285
0.00100258
0.00100232
0.00100206
0.0010018
0.00100155
0.00100131
0.00100108
0.00100086
0.00100065
0.00100046
0.00100028
0.00100011
0.000999972
0.00099985
0.000999752
0.000999679
0.000999633
0.000999618
0.000999634
0.000999685
0.000999773
0.000999902
0.00100007
0.00100029
0.00100056
0.00100088
0.00100126
0.00100171
0.00100222
0.00100281
0.00100347
0.00100423
0.00100508
0.00100603
0.00100709
0.00100828
0.0010096
0.00101106
0.00101267
0.00101444
0.00101638
0.00101851
0.00102083
0.00102334
0.00102604
0.00102893
0.00103201
0.00103524
0.00103861
0.00104209
0.00104564
0.00104923
0.00105284
0.00105644
0.00106003
0.00106361
0.0010672
0.00107081
0.00107447
0.0010782
0.001082
0.00108588
0.0010898
0.00109374
0.00109764
0.00110145
0.00110511
0.00110856
0.00111177
0.0011147
0.00111733
0.00111964
0.00112166
0.00112338
0.00112483
0.00112603
0.001127
0.00112776
0.00112833
0.00112874
0.001129
0.00112912
0.00112912
0.001129
0.00112878
0.0011285
0.00112803
0.00112753
0.00100588
0.0010056
0.00100533
0.00100505
0.00100477
0.00100449
0.00100421
0.00100393
0.00100365
0.00100338
0.0010031
0.00100282
0.00100255
0.00100228
0.00100201
0.00100175
0.0010015
0.00100125
0.00100101
0.00100078
0.00100057
0.00100036
0.00100017
0.000999998
0.000999843
0.000999709
0.000999597
0.000999509
0.000999448
0.000999416
0.000999416
0.00099945
0.00099952
0.00099963
0.000999782
0.00099998
0.00100023
0.00100053
0.00100088
0.0010013
0.00100178
0.00100233
0.00100296
0.00100366
0.00100445
0.00100534
0.00100632
0.00100741
0.00100861
0.00100993
0.00101137
0.00101295
0.00101466
0.00101651
0.00101851
0.00102066
0.00102295
0.00102537
0.00102792
0.00103058
0.00103333
0.00103615
0.00103902
0.00104193
0.00104489
0.00104789
0.00105097
0.00105416
0.00105749
0.00106099
0.00106471
0.00106864
0.00107277
0.00107706
0.00108144
0.00108584
0.00109015
0.0010943
0.00109819
0.00110175
0.00110494
0.00110773
0.00111009
0.00111205
0.00111362
0.00111483
0.00111572
0.00111631
0.00111665
0.00111677
0.0011167
0.00111646
0.00111607
0.00111555
0.00111491
0.00111417
0.00111333
0.00111242
0.0011114
0.00110995
0.00100587
0.0010056
0.00100532
0.00100504
0.00100476
0.00100448
0.0010042
0.00100392
0.00100363
0.00100335
0.00100307
0.00100279
0.00100252
0.00100224
0.00100197
0.00100171
0.00100145
0.00100119
0.00100095
0.00100071
0.00100049
0.00100027
0.00100007
0.000999887
0.00099972
0.000999573
0.000999446
0.000999344
0.000999266
0.000999217
0.000999199
0.000999213
0.000999262
0.00099935
0.000999478
0.000999649
0.000999867
0.00100013
0.00100045
0.00100083
0.00100127
0.00100176
0.00100233
0.00100296
0.00100367
0.00100445
0.00100531
0.00100625
0.00100727
0.00100839
0.00100959
0.00101088
0.00101226
0.00101373
0.00101529
0.00101693
0.00101866
0.00102047
0.00102236
0.0010243
0.00102632
0.0010284
0.00103056
0.00103283
0.00103523
0.00103782
0.00104066
0.0010438
0.00104728
0.00105115
0.00105539
0.00105998
0.00106484
0.00106986
0.00107492
0.00107988
0.00108459
0.00108894
0.00109283
0.00109618
0.00109898
0.00110121
0.0011029
0.00110407
0.0011048
0.00110512
0.00110509
0.00110478
0.00110423
0.00110348
0.00110256
0.00110151
0.00110034
0.00109907
0.00109771
0.00109628
0.00109477
0.00109321
0.00109163
0.00108924
0.00100587
0.00100559
0.00100531
0.00100503
0.00100475
0.00100447
0.00100418
0.0010039
0.00100362
0.00100333
0.00100305
0.00100277
0.00100249
0.00100221
0.00100193
0.00100166
0.0010014
0.00100114
0.00100088
0.00100064
0.0010004
0.00100018
0.000999965
0.000999767
0.000999585
0.000999421
0.000999277
0.000999154
0.000999056
0.000998983
0.000998938
0.000998924
0.000998942
0.000998994
0.000999084
0.000999212
0.000999382
0.000999594
0.000999852
0.00100016
0.00100051
0.00100091
0.00100137
0.00100187
0.00100243
0.00100303
0.00100369
0.00100439
0.00100513
0.00100591
0.00100674
0.00100759
0.00100847
0.00100939
0.00101032
0.00101128
0.00101228
0.00101331
0.00101439
0.00101554
0.0010168
0.00101821
0.00101983
0.00102173
0.00102398
0.00102667
0.00102987
0.00103363
0.00103798
0.00104288
0.00104827
0.001054
0.00105992
0.00106582
0.00107149
0.00107674
0.0010814
0.00108535
0.00108854
0.00109094
0.00109257
0.00109349
0.00109378
0.00109353
0.00109282
0.00109174
0.00109038
0.00108881
0.00108708
0.00108523
0.0010833
0.00108131
0.00107927
0.00107719
0.00107509
0.00107296
0.0010708
0.00106862
0.00106651
0.00106327
0.00100586
0.00100558
0.0010053
0.00100502
0.00100474
0.00100445
0.00100417
0.00100388
0.00100359
0.00100331
0.00100302
0.00100273
0.00100245
0.00100216
0.00100188
0.0010016
0.00100132
0.00100105
0.00100079
0.00100053
0.00100027
0.00100003
0.0009998
0.00099958
0.000999373
0.000999181
0.000999005
0.000998848
0.00099871
0.000998593
0.0009985
0.000998431
0.000998387
0.000998371
0.000998384
0.000998426
0.000998498
0.000998601
0.000998734
0.000998897
0.000999088
0.000999307
0.00099955
0.000999814
0.00100009
0.00100038
0.00100068
0.00100097
0.00100124
0.0010015
0.00100173
0.00100193
0.00100209
0.00100222
0.00100232
0.00100242
0.00100255
0.00100275
0.00100307
0.00100358
0.00100439
0.00100558
0.00100727
0.00100957
0.00101257
0.00101636
0.00102096
0.00102636
0.00103247
0.00103913
0.00104611
0.00105315
0.00105992
0.00106615
0.00107157
0.00107599
0.0010793
0.00108146
0.00108253
0.0010826
0.00108179
0.00108027
0.00107819
0.00107569
0.00107289
0.00106991
0.00106685
0.00106377
0.0010607
0.00105768
0.00105471
0.00105181
0.00104897
0.00104619
0.00104346
0.00104077
0.00103811
0.00103545
0.00103297
0.00102913
0.00100585
0.00100557
0.00100528
0.001005
0.00100471
0.00100442
0.00100413
0.00100383
0.00100354
0.00100324
0.00100294
0.00100264
0.00100234
0.00100204
0.00100174
0.00100144
0.00100114
0.00100084
0.00100055
0.00100026
0.000999967
0.000999683
0.000999404
0.000999132
0.000998867
0.000998611
0.000998363
0.000998126
0.0009979
0.000997685
0.000997481
0.000997291
0.000997112
0.000996946
0.000996792
0.000996648
0.000996513
0.000996385
0.000996262
0.000996139
0.000996012
0.000995874
0.00099572
0.00099554
0.000995326
0.000995068
0.000994754
0.000994374
0.000993919
0.000993382
0.000992761
0.000992062
0.000991299
0.000990503
0.000989717
0.000989008
0.00098846
0.000988182
0.000988298
0.000988951
0.000990288
0.000992454
0.000995577
0.000999752
0.00100502
0.00101135
0.00101864
0.00102666
0.00103509
0.00104356
0.00105162
0.00105882
0.00106478
0.00106919
0.00107189
0.00107286
0.00107218
0.00107005
0.00106673
0.00106251
0.00105765
0.00105242
0.00104701
0.00104161
0.00103633
0.0010313
0.00102656
0.00102212
0.00101797
0.00101409
0.00101046
0.00100704
0.00100381
0.00100073
0.000997784
0.000994933
0.000992163
0.000989424
0.000986919
0.00098301
0.00100578
0.00100549
0.00100519
0.00100489
0.00100458
0.00100427
0.00100395
0.00100363
0.00100331
0.00100298
0.00100264
0.0010023
0.00100196
0.00100161
0.00100125
0.00100089
0.00100052
0.00100015
0.000999769
0.000999385
0.000998995
0.000998601
0.000998201
0.000997795
0.000997384
0.000996967
0.000996544
0.000996115
0.000995679
0.000995235
0.000994782
0.000994318
0.000993842
0.000993351
0.000992842
0.000992313
0.000991758
0.000991172
0.000990551
0.000989886
0.000989171
0.000988396
0.000987553
0.00098663
0.000985619
0.00098451
0.000983296
0.000981976
0.000980553
0.000979041
0.000977467
0.000975874
0.000974329
0.000972923
0.000971772
0.000971022
0.00097084
0.000971411
0.000972926
0.000975567
0.000979487
0.000984792
0.000991512
0.000999581
0.00100881
0.00101889
0.00102935
0.00103961
0.00104902
0.0010569
0.00106265
0.00106583
0.00106619
0.00106377
0.00105881
0.00105172
0.00104303
0.0010333
0.00102306
0.00101276
0.00100274
0.000993261
0.000984487
0.000976522
0.000969455
0.000963261
0.000957848
0.000953119
0.000948973
0.000945318
0.000942065
0.000939138
0.000936468
0.000933997
0.00093168
0.000929468
0.000927343
0.000925235
0.000923326
0.000920284
0.00100542
0.00100507
0.00100472
0.00100435
0.00100397
0.00100358
0.00100318
0.00100277
0.00100234
0.00100189
0.00100144
0.00100096
0.00100047
0.000999964
0.000999437
0.000998891
0.000998324
0.000997737
0.000997127
0.000996495
0.000995838
0.000995156
0.000994448
0.000993712
0.000992947
0.000992151
0.000991322
0.000990459
0.000989559
0.000988619
0.000987638
0.000986611
0.000985536
0.000984408
0.000983222
0.000981975
0.00098066
0.000979272
0.000977805
0.000976254
0.000974612
0.000972875
0.000971039
0.000969105
0.000967077
0.000964964
0.000962788
0.000960581
0.000958391
0.00095629
0.000954372
0.000952762
0.000951613
0.000951111
0.000951462
0.00095289
0.000955621
0.000959857
0.000965759
0.000973414
0.0009828
0.000993758
0.00100596
0.00101887
0.00103177
0.00104376
0.00105381
0.00106089
0.00106407
0.00106273
0.00105662
0.00104598
0.00103145
0.00101401
0.000994754
0.000974787
0.000955071
0.00093636
0.000919183
0.000903853
0.000890494
0.000879106
0.000869616
0.000862019
0.000856087
0.000851519
0.000848056
0.000845471
0.000843571
0.000842191
0.000841196
0.000840473
0.000839934
0.000839503
0.000839131
0.00083876
0.000838385
0.00083793
0.000837495
0.0008366
0.00100362
0.00100307
0.0010025
0.00100189
0.00100127
0.00100061
0.000999917
0.000999195
0.000998439
0.000997647
0.000996819
0.000995952
0.000995045
0.000994097
0.000993106
0.00099207
0.000990987
0.000989856
0.000988676
0.000987444
0.000986159
0.000984818
0.00098342
0.000981963
0.000980445
0.000978863
0.000977216
0.000975502
0.000973717
0.000971861
0.000969931
0.000967924
0.000965839
0.000963675
0.000961431
0.000959106
0.000956701
0.000954219
0.000951665
0.000949046
0.000946373
0.000943666
0.000940947
0.000938252
0.000935629
0.00093314
0.000930867
0.000928917
0.000927423
0.000926546
0.000926475
0.000927429
0.00092964
0.000933347
0.000938776
0.000946104
0.000955434
0.00096675
0.000979867
0.000994387
0.00100965
0.0010247
0.0010383
0.00104893
0.001055
0.00105495
0.00104759
0.00103238
0.00100962
0.000980485
0.000946854
0.000910944
0.00087493
0.000840639
0.00080939
0.000781976
0.000758731
0.000739646
0.000724481
0.000712853
0.00070432
0.000698473
0.000695132
0.000693755
0.000693867
0.000695094
0.00069713
0.000699726
0.000702682
0.000705836
0.00070906
0.000712255
0.000715347
0.000718277
0.000721018
0.000723521
0.000725817
0.000727832
0.00072957
0.000731775
0.000995672
0.000994464
0.0009932
0.000991877
0.000990493
0.000989048
0.00098754
0.000985967
0.000984329
0.000982624
0.000980852
0.000979011
0.000977099
0.000975117
0.000973064
0.000970938
0.000968738
0.000966464
0.000964116
0.000961693
0.000959195
0.000956622
0.000953974
0.000951251
0.000948455
0.000945586
0.000942647
0.00093964
0.000936569
0.000933437
0.00093025
0.000927015
0.000923741
0.000920438
0.00091712
0.000913805
0.000910512
0.000907267
0.000904104
0.000901061
0.000898188
0.000895544
0.000893203
0.000891253
0.000889801
0.000888972
0.00088891
0.000889779
0.000891756
0.000895022
0.00089975
0.000906078
0.000914082
0.000923727
0.000934823
0.000946961
0.000959458
0.000971302
0.000981121
0.000987197
0.000987558
0.000980203
0.00096346
0.000936437
0.000899418
0.000854082
0.00080333
0.000750716
0.0006997
0.000653035
0.000612475
0.000578806
0.00055206
0.000531776
0.000517232
0.000507606
0.000502083
0.000499912
0.000500422
0.000503014
0.0005073
0.000512918
0.000519437
0.000526537
0.000533972
0.00054155
0.000549117
0.000556552
0.000563758
0.000570662
0.000577207
0.000583353
0.000589075
0.000594354
0.000599199
0.000603583
0.000607585
0.000611102
0.000614206
0.000618161
0.000965004
0.000962094
0.000959099
0.000956019
0.000952855
0.00094961
0.000946284
0.00094288
0.0009394
0.000935846
0.00093222
0.000928525
0.000924764
0.00092094
0.000917055
0.000913114
0.00090912
0.000905077
0.00090099
0.000896864
0.000892705
0.000888519
0.000884312
0.000880094
0.000875871
0.000871654
0.000867454
0.000863282
0.000859152
0.000855079
0.00085108
0.000847173
0.000843379
0.000839722
0.000836227
0.000832922
0.000829839
0.00082701
0.00082447
0.000822255
0.000820399
0.000818933
0.000817878
0.00081724
0.000817
0.000817098
0.00081742
0.000817774
0.000817864
0.000817268
0.000815417
0.000811591
0.000804945
0.000794564
0.000779571
0.000759269
0.000733285
0.000701709
0.000665172
0.000624846
0.000582359
0.000539617
0.000498574
0.000460971
0.000428182
0.000401111
0.000380165
0.000365302
0.000356128
0.000352014
0.000352205
0.000355897
0.000362298
0.000370673
0.000380369
0.000390835
0.00040163
0.00041241
0.000422965
0.000433154
0.000442817
0.000451842
0.000460192
0.000467877
0.000474928
0.000481384
0.000487286
0.00049267
0.000497563
0.000501989
0.000505966
0.000509507
0.000512628
0.000515335
0.00051766
0.000519578
0.000521205
0.000522326
0.000523473
0.000524028
0.000864989
0.000859041
0.000853063
0.000847061
0.000841039
0.000835005
0.000828963
0.00082292
0.000816882
0.000810853
0.000804841
0.000798851
0.000792888
0.000786959
0.000781068
0.000775223
0.000769427
0.000763687
0.000758008
0.000752394
0.00074685
0.00074138
0.000735986
0.00073067
0.000725434
0.000720275
0.000715192
0.000710178
0.000705224
0.000700317
0.000695438
0.000690561
0.000685651
0.000680664
0.000675541
0.000670206
0.000664561
0.000658482
0.000651816
0.000644371
0.000635916
0.000626178
0.000614848
0.00060159
0.000586075
0.000568015
0.000547226
0.000523694
0.00049764
0.000469558
0.000440207
0.00041055
0.000381638
0.000354485
0.000329947
0.000308658
0.000291011
0.000277193
0.000267241
0.000261111
0.000258721
0.000259981
0.000264798
0.00027305
0.000284547
0.000298986
0.000315925
0.000334796
0.000354931
0.000375615
0.000396147
0.000415887
0.000434311
0.00045105
0.000465877
0.000478679
0.000489517
0.000498481
0.0005056
0.000510959
0.000514762
0.000517238
0.000518595
0.000519017
0.000518654
0.000517635
0.000516064
0.000514024
0.000511586
0.000508805
0.000505727
0.000502385
0.000498812
0.000495025
0.000491062
0.000486892
0.000482661
0.000477988
0.00047418
0.000466601
0.000602062
0.000593608
0.000585272
0.000577053
0.000568949
0.00056096
0.000553081
0.00054531
0.000537644
0.000530079
0.00052261
0.000515232
0.000507939
0.000500726
0.000493584
0.000486505
0.00047948
0.000472498
0.000465547
0.000458616
0.000451688
0.00044475
0.000437783
0.000430769
0.000423688
0.00041652
0.00040924
0.000401826
0.000394253
0.000386496
0.000378532
0.000370335
0.000361885
0.000353164
0.000344156
0.000334857
0.000325269
0.000315407
0.000305304
0.000295011
0.000284602
0.00027418
0.000263875
0.00025385
0.000244295
0.000235425
0.000227476
0.000220692
0.00021532
0.000211596
0.000209742
0.000209952
0.000212393
0.000217197
0.000224462
0.000234251
0.00024659
0.000261469
0.000278832
0.00029857
0.000320496
0.000344321
0.000369632
0.000395831
0.000422162
0.000447816
0.000472025
0.000494153
0.000513756
0.000530599
0.000544639
0.000555964
0.000564784
0.000571502
0.000576376
0.000579593
0.000581213
0.000581372
0.000580234
0.000577933
0.000574585
0.000570293
0.000565159
0.000559279
0.000552748
0.000545655
0.000538082
0.000530108
0.000521801
0.000513224
0.000504433
0.000495474
0.000486393
0.000477217
0.000467997
0.0004587
0.00044951
0.000439911
0.00043186
0.000417294
0.000229144
0.000225502
0.000222012
0.000218668
0.000215465
0.000212399
0.000209465
0.000206658
0.000203974
0.000201411
0.000198965
0.000196632
0.000194411
0.000192299
0.000190294
0.000188395
0.000186601
0.000184912
0.000183328
0.000181849
0.000180477
0.000179212
0.000178059
0.000177019
0.000176096
0.000175297
0.000174626
0.00017409
0.000173697
0.000173458
0.000173383
0.000173486
0.000173782
0.00017429
0.00017503
0.000176028
0.000177313
0.000178919
0.000180887
0.000183264
0.000186105
0.000189476
0.000193449
0.000198113
0.000203563
0.000209912
0.00021728
0.0002258
0.00023561
0.00024685
0.000259651
0.000274123
0.000290343
0.000308337
0.000328058
0.000349371
0.000372028
0.000395655
0.000419737
0.000443629
0.000466596
0.000487894
0.000506841
0.00052271
0.000535234
0.000544611
0.000551246
0.00055561
0.000558142
0.0005592
0.000559046
0.000557876
0.000555758
0.00055258
0.000548423
0.000543429
0.000537711
0.000531354
0.00052442
0.000516961
0.000509021
0.000500638
0.000491848
0.00048269
0.000473205
0.000463437
0.000453434
0.000443248
0.000432928
0.000422527
0.000412094
0.000401672
0.000391311
0.000381032
0.000370898
0.000360863
0.000351126
0.000341166
0.00033291
0.000318399
0.000182352
0.00018317
0.000183959
0.000184717
0.000185444
0.000186138
0.000186799
0.000187426
0.000188019
0.000188577
0.000189099
0.000189584
0.000190032
0.000190442
0.000190813
0.000191143
0.000191434
0.000191682
0.000191888
0.000192049
0.000192166
0.000192236
0.000192258
0.00019223
0.00019215
0.000192017
0.000191829
0.000191582
0.000191274
0.000190903
0.000190464
0.000189955
0.000189371
0.000188707
0.000187958
0.000187118
0.000186182
0.00018514
0.000183986
0.00018271
0.000181302
0.00017975
0.000178044
0.00017617
0.000174117
0.000171873
0.000169431
0.000166789
0.000163953
0.000160945
0.000157812
0.000154628
0.000151513
0.000148631
0.000146195
0.000144445
0.000143612
0.000143852
0.000145186
0.000147461
0.000150373
0.000153521
0.000156526
0.000159203
0.000161327
0.000162727
0.000163382
0.000163379
0.000162849
0.000161931
0.000160747
0.000159394
0.000157941
0.000156431
0.000154897
0.000153365
0.00015186
0.000150396
0.000148986
0.000147634
0.000146342
0.000145112
0.000143942
0.00014283
0.000141776
0.000140779
0.000139837
0.000138952
0.000138123
0.00013735
0.000136632
0.000135971
0.000135365
0.000134813
0.000134312
0.000133863
0.000133456
0.000133096
0.000132799
0.000132372
0.000191423
0.000100287
0.000104347
0.000104156
0.000101051
9.56095e-05
8.8552e-05
9.54368e-05
0.000130929
0.000163771
0.000190287
0.00021246
0.000231474
0.000248022
0.000262551
0.00027537
0.00028671
0.000296762
0.0003057
0.000313684
0.000320865
0.000327382
0.000333355
0.00033889
0.000344071
0.000348964
0.000353613
0.000358047
0.000362281
0.000366316
0.000370152
0.000373796
0.000377263
0.000380538
0.000383589
0.000386434
0.000389067
0.000391479
0.00039366
0.000395593
0.000397267
0.000398665
0.000399775
0.000400582
0.000401073
0.000401235
0.000401055
0.00040052
0.000399616
0.000398328
0.000396642
0.000394539
0.000392003
0.000389013
0.000385549
0.000381591
0.000377122
0.000372142
0.00036669
0.000360921
0.000355259
0.000350508
0.000345931
0.000340872
0.000335198
0.000328915
0.000322091
0.000314846
0.00030734
0.000299751
0.000292254
0.000285
0.000278097
0.000271616
0.00026559
0.000260026
0.00025491
0.000250216
0.00024591
0.000241954
0.00023831
0.000234941
0.000231813
0.000228892
0.000226152
0.000223568
0.000221117
0.000218771
0.000216502
0.000214297
0.000212159
0.000210102
0.000208147
0.000206315
0.000204621
0.000203071
0.000201674
0.000200383
0.000199356
0.000197782
5.38936e-05
0.00021921
0.000337712
0.000357506
0.000321238
0.000299077
0.000321851
0.000376458
0.000445326
0.000520284
0.000605136
0.000701878
0.000809839
0.000926545
0.00104836
0.00117117
0.00129112
0.00140509
0.00151104
0.001608
0.00169592
0.00177543
0.00184757
0.00191356
0.00197465
0.00203197
0.00208649
0.00213892
0.00218973
0.00223902
0.00228644
0.00233128
0.00237302
0.00241167
0.00244857
0.00248396
0.00251781
0.00255004
0.00258051
0.00260904
0.00263547
0.0026596
0.00268125
0.00270024
0.00271638
0.00272949
0.0027394
0.00274593
0.0027489
0.0027481
0.00274334
0.0027344
0.00272104
0.00270297
0.00267991
0.00265149
0.00261733
0.00257694
0.00252973
0.00247488
0.00241147
0.00233913
0.00225918
0.0021728
0.00208102
0.0019851
0.00188676
0.00178809
0.00169133
0.00159849
0.00151098
0.00142948
0.00135393
0.00128384
0.00121853
0.00115743
0.00110014
0.00104647
0.000996321
0.000949654
0.000906402
0.00086645
0.000829637
0.000795753
0.000764576
0.000735925
0.000709429
0.000683913
0.000659286
0.000636124
0.00061517
0.000596851
0.000581215
0.000568038
0.000556965
0.000547591
0.000539612
0.000532545
0.000527011
0.000518901
6.56101e-05
0.000368454
0.000512189
0.000540393
0.000524871
0.000533558
0.000591134
0.000684311
0.000802066
0.000943359
0.00110748
0.00128975
0.0014825
0.00167737
0.00186715
0.00204673
0.00221322
0.00236551
0.00250378
0.00262896
0.00274242
0.00284568
0.0029403
0.00302771
0.00310923
0.00318598
0.00325887
0.00332861
0.00339568
0.00346043
0.0035232
0.00358425
0.00364272
0.00369845
0.00375156
0.00380201
0.00384965
0.00389424
0.0039355
0.00397312
0.00400675
0.00403605
0.00406064
0.00408015
0.00409421
0.00410244
0.00410447
0.00409992
0.0040884
0.00406954
0.00404296
0.00400827
0.00396507
0.00391298
0.0038516
0.00378057
0.00369955
0.00360826
0.00350649
0.00339416
0.00327141
0.00313889
0.00299785
0.00285012
0.00269818
0.00254534
0.00239573
0.00225404
0.00212479
0.00201148
0.00191563
0.00183644
0.00177111
0.00171576
0.00166649
0.00162029
0.00157527
0.00153063
0.00148624
0.00144237
0.00139941
0.00135769
0.00131747
0.00127893
0.00124214
0.00120714
0.00117385
0.00114194
0.00111134
0.0010826
0.00105569
0.00103064
0.00100756
0.000986593
0.000967793
0.000951152
0.000936605
0.000923949
0.000913654
0.000900701
7.23811e-05
0.000470139
0.000660446
0.000719199
0.000735517
0.000773496
0.0008571
0.00098185
0.00113979
0.00132459
0.00152843
0.00174216
0.00195707
0.00216644
0.00236593
0.00255322
0.00272736
0.00288831
0.00303655
0.00317289
0.00329833
0.00341402
0.00352113
0.00362084
0.00371422
0.00380226
0.0038858
0.00396553
0.00404199
0.00411563
0.00418671
0.0042552
0.00432086
0.00438353
0.00444308
0.00449933
0.00455202
0.00460085
0.00464543
0.00468536
0.00472018
0.0047494
0.00477253
0.00478904
0.00479842
0.00480014
0.00479366
0.00477845
0.00475399
0.00471976
0.00467526
0.00461999
0.00455348
0.00447526
0.00438492
0.00428209
0.00416648
0.00403789
0.0038963
0.0037419
0.00357525
0.00339738
0.00321002
0.00301579
0.00281846
0.00262322
0.00243672
0.00226669
0.00212079
0.00200476
0.00192051
0.00186514
0.00183168
0.00181143
0.00179647
0.00178135
0.00176325
0.00174134
0.00171593
0.00168774
0.00165762
0.0016263
0.00159439
0.00156236
0.00153056
0.00149925
0.00146861
0.0014387
0.00140958
0.00138145
0.0013546
0.00132914
0.00130519
0.00128289
0.00126235
0.0012437
0.00122699
0.00121228
0.00119992
0.00118531
7.59836e-05
0.000536951
0.000777717
0.000879407
0.000933352
0.00099884
0.00110203
0.00124434
0.00141794
0.00161315
0.00182049
0.00203174
0.00224062
0.00244287
0.00263594
0.00281841
0.00298966
0.00314955
0.0032983
0.00343639
0.0035645
0.0036835
0.00379429
0.00389783
0.00399507
0.00408688
0.00417401
0.00425714
0.00433681
0.00441343
0.00448721
0.00455821
0.00462633
0.00469145
0.00475336
0.00481182
0.00486652
0.00491707
0.00496303
0.00500389
0.00503911
0.00506809
0.00509021
0.00510483
0.00511128
0.00510891
0.00509703
0.00507497
0.00504208
0.00499771
0.00494122
0.00487201
0.00478952
0.0046932
0.00458256
0.00445722
0.00431684
0.00416128
0.00399058
0.00380508
0.00360554
0.00339335
0.00317075
0.00294117
0.00270969
0.00248349
0.00227203
0.00208656
0.00193824
0.00183491
0.00177758
0.00175896
0.00176571
0.00178356
0.00180175
0.00181449
0.00181987
0.00181811
0.00181025
0.00179747
0.00178089
0.00176142
0.00173984
0.00171674
0.00169262
0.00166787
0.00164281
0.00161767
0.00159265
0.00156796
0.00154383
0.00152049
0.00149814
0.00147697
0.00145714
0.00143885
0.00142221
0.00140742
0.00139472
0.00138021
7.79148e-05
0.000572066
0.000859302
0.00100511
0.00109729
0.00118898
0.00130566
0.00145207
0.00162259
0.00180876
0.00200265
0.00219799
0.00239028
0.0025765
0.0027548
0.0029241
0.00308386
0.00323394
0.00337447
0.00350581
0.00362848
0.00374316
0.00385058
0.00395153
0.00404679
0.00413711
0.00422316
0.00430551
0.00438466
0.00446095
0.0045346
0.00460569
0.00467419
0.00473994
0.00480274
0.00486227
0.00491818
0.00497002
0.00501727
0.00505935
0.00509561
0.00512538
0.00514791
0.00516244
0.00516818
0.00516432
0.00515006
0.00512459
0.0050871
0.00503683
0.00497301
0.00489493
0.00480191
0.00469333
0.00456864
0.00442738
0.00426923
0.00409405
0.00390197
0.00369347
0.00346956
0.00323205
0.00298381
0.00272936
0.00247548
0.00223193
0.00201176
0.00183021
0.00170131
0.00163232
0.00161874
0.00164431
0.00168815
0.0017336
0.00177191
0.00180049
0.00181968
0.00183079
0.00183519
0.0018341
0.00182853
0.00181932
0.00180717
0.00179269
0.00177638
0.00175865
0.00173986
0.00172032
0.00170029
0.00168001
0.00165974
0.00163972
0.00162019
0.00160137
0.00158349
0.00156675
0.00155131
0.00153747
0.00152535
0.00151175
7.87227e-05
0.000585054
0.000908672
0.00109223
0.00121728
0.00133071
0.00145552
0.0015982
0.00175623
0.001924
0.00209592
0.00226754
0.00243569
0.0025983
0.00275416
0.0029026
0.00304335
0.00317642
0.003302
0.0034204
0.00353204
0.00363744
0.00373715
0.00383178
0.00392192
0.00400813
0.0040909
0.00417069
0.00424786
0.00432273
0.00439545
0.00446608
0.00453458
0.00460076
0.00466437
0.00472508
0.00478245
0.00483598
0.0048851
0.00492914
0.0049674
0.00499908
0.00502335
0.00503935
0.00504615
0.00504285
0.00502848
0.00500212
0.00496285
0.00490975
0.00484195
0.00475863
0.00465901
0.00454239
0.00440817
0.00425587
0.00408517
0.00389599
0.00368858
0.00346363
0.00322255
0.00296772
0.00270302
0.00243461
0.0021719
0.00192851
0.00172215
0.00157169
0.00149053
0.00147809
0.00151621
0.00157753
0.00164003
0.00169345
0.00173586
0.00176847
0.00179294
0.00181062
0.00182254
0.00182951
0.0018322
0.00183119
0.001827
0.00182011
0.00181092
0.00179983
0.00178717
0.00177326
0.00175837
0.00174278
0.00172674
0.0017105
0.00169433
0.00167845
0.00166311
0.00164854
0.00163493
0.0016226
0.00161161
0.0015994
7.84461e-05
0.000582056
0.000930433
0.00114122
0.0012891
0.00141599
0.0015423
0.00167511
0.00181432
0.00195704
0.0021001
0.002241
0.00237809
0.00251046
0.00263772
0.00275978
0.00287676
0.00298882
0.00309617
0.00319905
0.00329771
0.00339245
0.00348357
0.00357142
0.00365633
0.00373855
0.00381838
0.00389611
0.00397199
0.00404618
0.00411878
0.00418977
0.00425905
0.00432641
0.00439156
0.00445411
0.0045136
0.00456949
0.00462114
0.00466784
0.00470883
0.00474324
0.00477017
0.00478866
0.00479769
0.00479624
0.00478327
0.0047577
0.00471852
0.00466469
0.00459524
0.00450926
0.00440588
0.00428435
0.00414403
0.00398444
0.00380533
0.00360671
0.00338905
0.0031534
0.00290174
0.00263741
0.00236595
0.00209625
0.00184192
0.00162199
0.00145876
0.00137068
0.00136083
0.00140908
0.0014815
0.00155173
0.00161
0.00165657
0.00169419
0.00172507
0.00175054
0.00177133
0.00178786
0.00180045
0.00180937
0.0018149
0.00181732
0.00181694
0.00181407
0.001809
0.00180203
0.00179345
0.00178353
0.00177254
0.00176074
0.00174838
0.00173571
0.00172299
0.00171046
0.00169836
0.00168687
0.00167636
0.00166682
0.00165629
7.76716e-05
0.000572301
0.000929454
0.00115117
0.00130595
0.00143221
0.00154852
0.00166213
0.00177459
0.00188535
0.00199359
0.00209881
0.00220099
0.00230043
0.00239755
0.00249277
0.0025864
0.00267861
0.00276947
0.00285895
0.00294703
0.00303365
0.0031188
0.00320249
0.0032846
0.00336517
0.0034443
0.0035221
0.00359862
0.00367392
0.00374796
0.00382067
0.00389189
0.00396138
0.00402882
0.00409382
0.00415589
0.00421449
0.00426895
0.00431855
0.00436249
0.00439988
0.00442975
0.00445108
0.0044628
0.0044638
0.00445295
0.00442908
0.00439107
0.00433782
0.00426825
0.00418137
0.00407626
0.00395214
0.00380837
0.00364452
0.00346042
0.00325631
0.00303299
0.00279208
0.00253652
0.00227132
0.00200482
0.00175038
0.0015276
0.00136092
0.00127242
0.00126788
0.00132505
0.00140407
0.00147587
0.00153259
0.00157717
0.00161389
0.00164558
0.00167369
0.00169883
0.00172116
0.00174066
0.00175725
0.00177091
0.00178163
0.0017895
0.00179465
0.00179726
0.00179753
0.00179571
0.00179203
0.00178674
0.0017801
0.00177235
0.00176376
0.00175456
0.001745
0.00173532
0.00172578
0.00171655
0.00170799
0.00170006
0.00169136
7.64413e-05
0.000552976
0.00090122
0.00111045
0.00124824
0.00135285
0.00144265
0.00152532
0.00160376
0.00167919
0.00175242
0.00182433
0.00189586
0.00196792
0.00204124
0.0021163
0.00219329
0.00227217
0.00235268
0.00243448
0.00251717
0.00260037
0.00268371
0.0027667
0.00284911
0.00293078
0.00301159
0.00309147
0.00317031
0.00324805
0.00332458
0.00339975
0.00347339
0.00354526
0.00361503
0.00368235
0.00374673
0.00380765
0.00386447
0.00391649
0.00396288
0.00400276
0.00403515
0.00405899
0.00407317
0.00407652
0.00406784
0.00404591
0.00400952
0.00395749
0.00388868
0.00380205
0.00369666
0.00357171
0.0034266
0.003261
0.00307496
0.00286905
0.00264462
0.00240428
0.00215262
0.00189755
0.00165202
0.0014357
0.00127402
0.00119106
0.00119393
0.00125825
0.0013402
0.0014103
0.0014632
0.00150384
0.00153736
0.00156693
0.0015942
0.00161989
0.00164421
0.00166708
0.00168826
0.00170749
0.00172453
0.00173919
0.00175137
0.00176104
0.00176827
0.00177315
0.00177585
0.00177655
0.00177547
0.00177283
0.00176886
0.0017638
0.0017579
0.00175139
0.0017445
0.00173747
0.0017305
0.00172393
0.00171766
0.00171088
7.52768e-05
0.00052926
0.000834222
0.000993493
0.00108306
0.00114441
0.00119597
0.00124493
0.00129381
0.0013435
0.00139453
0.00144746
0.00150287
0.00156135
0.00162334
0.00168908
0.00175857
0.00183158
0.00190774
0.00198652
0.00206741
0.00214977
0.00223295
0.00231653
0.00240012
0.0024834
0.00256608
0.00264793
0.00272876
0.0028084
0.00288669
0.00296348
0.00303856
0.00311172
0.00318266
0.00325106
0.00331649
0.00337844
0.00343635
0.00348951
0.00353715
0.00357839
0.00361226
0.00363768
0.00365353
0.0036586
0.00365164
0.00363138
0.00359656
0.00354594
0.00347835
0.00339271
0.00328807
0.00316369
0.00301908
0.0028541
0.00266912
0.00246531
0.002245
0.0020125
0.00177534
0.00154607
0.00134406
0.00119473
0.00112243
0.00113399
0.00120319
0.00128512
0.00135221
0.00140145
0.00143872
0.00146928
0.00149627
0.00152138
0.00154551
0.00156905
0.00159212
0.00161462
0.0016363
0.00165684
0.00167591
0.00169322
0.00170853
0.00172168
0.0017326
0.00174129
0.00174783
0.00175234
0.00175496
0.0017559
0.00175535
0.00175354
0.00175069
0.00174703
0.00174278
0.00173817
0.00173338
0.00172875
0.00172414
0.00171927
7.38809e-05
0.000482303
0.000695543
0.000767089
0.000795274
0.000819019
0.00084906
0.000886142
0.00092862
0.000974864
0.00102383
0.0010751
0.00112866
0.00118479
0.00124381
0.00130599
0.00137143
0.00144012
0.0015119
0.00158643
0.00166328
0.001742
0.00182215
0.00190325
0.00198483
0.00206647
0.0021478
0.00222849
0.00230828
0.00238693
0.00246422
0.00253997
0.00261398
0.00268602
0.00275584
0.00282312
0.0028875
0.0029485
0.00300559
0.00305811
0.00310533
0.00314638
0.0031803
0.00320604
0.00322245
0.0032283
0.00322232
0.0032032
0.00316965
0.0031204
0.00305426
0.00297015
0.00286719
0.00274474
0.00260249
0.00244068
0.00226029
0.00206349
0.00185436
0.00164018
0.00143311
0.0012519
0.00112109
0.00106368
0.0010846
0.00115642
0.00123626
0.00130008
0.00134659
0.00138174
0.00141047
0.00143564
0.00145886
0.00148102
0.0015027
0.0015242
0.00154568
0.0015671
0.0015883
0.00160901
0.00162891
0.00164766
0.00166494
0.0016805
0.00169416
0.00170583
0.00171548
0.00172316
0.00172895
0.001733
0.00173548
0.00173657
0.00173649
0.00173544
0.00173363
0.00173128
0.00172854
0.00172577
0.00172274
0.00171976
7.24308e-05
0.000397513
0.000462877
0.000472977
0.00049381
0.000529989
0.000575513
0.000625032
0.000675686
0.000726306
0.000776609
0.000826796
0.000877303
0.000928664
0.000981421
0.00103603
0.0010928
0.00115199
0.00121378
0.00127817
0.00134507
0.00141422
0.00148528
0.00155787
0.00163157
0.00170595
0.00178061
0.00185516
0.00192928
0.00200265
0.002075
0.0021461
0.00221571
0.00228359
0.00234946
0.00241303
0.00247395
0.00253176
0.00258596
0.00263593
0.00268095
0.00272019
0.0027527
0.00277745
0.00279327
0.00279894
0.00279318
0.00277466
0.00274208
0.00269416
0.00262975
0.00254782
0.00244761
0.00232871
0.0021912
0.00203596
0.00186504
0.00168241
0.00149515
0.00131503
0.00115992
0.0010526
0.00101324
0.00104358
0.00111609
0.00119252
0.00125321
0.00129787
0.00133193
0.0013598
0.00138406
0.00140614
0.00142689
0.00144687
0.00146651
0.00148609
0.00150582
0.00152576
0.00154585
0.00156593
0.00158572
0.0016049
0.00162315
0.00164015
0.00165566
0.00166948
0.0016815
0.0016917
0.00170009
0.00170676
0.00171184
0.00171548
0.00171785
0.00171915
0.00171955
0.00171926
0.00171843
0.00171738
0.00171585
0.00171468
7.23055e-05
0.000237028
0.000267362
0.000318972
0.000379361
0.000438824
0.000493341
0.000542174
0.000586622
0.000628128
0.000667921
0.00070696
0.000745978
0.000785555
0.000826168
0.000868208
0.000912021
0.000957883
0.00100598
0.00105643
0.00110927
0.00116445
0.00122185
0.00128123
0.00134231
0.00140475
0.00146818
0.00153223
0.00159655
0.00166079
0.00172463
0.00178779
0.00184998
0.00191091
0.00197031
0.00202785
0.00208317
0.00213584
0.00218536
0.00223113
0.00227245
0.00230852
0.00233841
0.00236109
0.00237542
0.00238019
0.0023741
0.00235586
0.00232417
0.00227783
0.00221573
0.00213703
0.00204123
0.00192832
0.00179911
0.00165561
0.00150176
0.00134449
0.00119511
0.00107023
0.00099004
0.000970547
0.00100971
0.00108131
0.00115355
0.00121126
0.00125456
0.00128808
0.00131566
0.00133962
0.00136123
0.00138125
0.00140018
0.00141842
0.00143631
0.00145416
0.00147218
0.00149053
0.00150922
0.00152819
0.00154726
0.00156617
0.0015846
0.00160224
0.0016188
0.00163402
0.00164773
0.00165983
0.00167027
0.00167907
0.00168632
0.00169212
0.00169662
0.00169997
0.00170235
0.00170392
0.00170482
0.00170536
0.00170523
0.00170576
4.66216e-05
0.000136386
0.000247737
0.000331162
0.000391356
0.000436543
0.000473069
0.000504966
0.000534622
0.000563251
0.000591551
0.000620009
0.000648986
0.000678742
0.000709456
0.000741265
0.000774294
0.000808698
0.000844655
0.000882349
0.000921935
0.000963515
0.00100712
0.0010527
0.00110012
0.0011492
0.0011997
0.00125134
0.00130384
0.00135688
0.00141017
0.00146341
0.00151628
0.0015685
0.00161976
0.00166973
0.00171803
0.00176425
0.0018079
0.00184839
0.00188504
0.00191708
0.0019436
0.00196359
0.00197596
0.0019795
0.00197298
0.00195515
0.00192479
0.00188081
0.00182233
0.00174879
0.00166019
0.0015573
0.00144218
0.00131876
0.00119383
0.00107805
0.000986317
0.000935305
0.000935923
0.000982542
0.00105185
0.00111936
0.00117401
0.00121601
0.00124913
0.00127663
0.00130058
0.00132212
0.0013419
0.00136036
0.00137783
0.00139464
0.00141106
0.0014274
0.00144388
0.00146069
0.00147793
0.00149561
0.00151364
0.00153182
0.0015499
0.00156757
0.00158455
0.00160055
0.00161535
0.00162879
0.00164076
0.00165123
0.00166023
0.00166783
0.00167413
0.00167926
0.00168336
0.00168657
0.00168903
0.00169101
0.00169214
0.00169427
)
;

boundaryField
{
    outlet
    {
        type            calculated;
        value           nonuniform List<scalar> 
55
(
0.00168185
0.00166902
0.00165414
0.00163724
0.00161835
0.00159753
0.00157485
0.00155046
0.00152451
0.00149724
0.00146893
0.00143993
0.00141061
0.00138139
0.0013527
0.00132495
0.00129848
0.00127358
0.00125043
0.00122908
0.00120949
0.00119149
0.0011748
0.001159
0.00114351
0.00112753
0.00110995
0.00108924
0.00106327
0.00102913
0.00098301
0.000920284
0.0008366
0.000731775
0.000618161
0.000524028
0.000466601
0.000417294
0.000318399
0.000132372
0.000197782
0.000518901
0.000900701
0.00118531
0.00138021
0.00151175
0.0015994
0.00165629
0.00169136
0.00171088
0.00171927
0.00171976
0.00171468
0.00170576
0.00169427
)
;
    }
    inlet
    {
        type            calculated;
        value           uniform 0.00101695;
    }
    lowerWall
    {
        type            nutkWallFunction;
        Cmu             0.09;
        kappa           0.41;
        E               9.8;
        value           nonuniform List<scalar> 
148
(
0
0
0
0
0
0
0
0
0
0
0
0
0
0
0
0
0
0
0
0
0
0
0
0
0
0
0
0
0
0
0
0
0
0
1.10494e-06
2.99264e-06
4.06024e-06
4.62192e-06
4.92096e-06
5.04548e-06
5.00217e-06
4.88163e-06
4.69013e-06
4.5084e-06
4.29009e-06
4.06257e-06
4.03386e-06
6.77447e-09
0
8.31565e-06
8.92245e-06
8.89524e-06
8.43363e-06
7.61871e-06
6.54998e-06
7.58565e-06
1.28021e-05
1.74563e-05
2.11217e-05
2.41347e-05
2.66856e-05
2.88837e-05
3.07981e-05
3.24759e-05
3.39518e-05
3.52539e-05
3.64068e-05
3.74329e-05
3.83529e-05
3.91853e-05
3.99464e-05
4.06499e-05
4.1307e-05
4.19262e-05
4.25135e-05
4.30727e-05
4.36057e-05
4.4113e-05
4.45945e-05
4.50512e-05
4.5485e-05
4.58945e-05
4.62753e-05
4.66299e-05
4.69576e-05
4.72575e-05
4.75281e-05
4.77678e-05
4.79749e-05
4.81476e-05
4.82842e-05
4.8383e-05
4.84425e-05
4.84609e-05
4.84367e-05
4.83682e-05
4.82536e-05
4.80911e-05
4.78787e-05
4.76142e-05
4.72951e-05
4.69189e-05
4.64828e-05
4.59841e-05
4.54206e-05
4.47918e-05
4.41029e-05
4.33739e-05
4.26607e-05
4.20622e-05
4.14791e-05
4.08323e-05
4.01056e-05
3.93e-05
3.84239e-05
3.74927e-05
3.65268e-05
3.5549e-05
3.45817e-05
3.36438e-05
3.27496e-05
3.19082e-05
3.1124e-05
3.03981e-05
2.9729e-05
2.91134e-05
2.85472e-05
2.80259e-05
2.75445e-05
2.70984e-05
2.66831e-05
2.62947e-05
2.59295e-05
2.55846e-05
2.52567e-05
2.49423e-05
2.46377e-05
2.43414e-05
2.40538e-05
2.3777e-05
2.35139e-05
2.32673e-05
2.30392e-05
2.28305e-05
2.26421e-05
2.2468e-05
2.23293e-05
2.21164e-05
)
;
    }
    upperWall
    {
        type            nutkWallFunction;
        Cmu             0.09;
        kappa           0.41;
        E               9.8;
        value           nonuniform List<scalar> 
133
(
1.19999e-05
1.24864e-05
1.29535e-05
1.33991e-05
1.38234e-05
1.42272e-05
1.46114e-05
1.49768e-05
1.53242e-05
1.56543e-05
1.59678e-05
1.62654e-05
1.65479e-05
1.68158e-05
1.70699e-05
1.73108e-05
1.75391e-05
1.77553e-05
1.79601e-05
1.81541e-05
1.83377e-05
1.85115e-05
1.8676e-05
1.88316e-05
1.89788e-05
1.91181e-05
1.92498e-05
1.93743e-05
1.9492e-05
1.96034e-05
1.97086e-05
1.9808e-05
1.99021e-05
2.00052e-05
2.01177e-05
2.02261e-05
2.03302e-05
2.04298e-05
2.0525e-05
2.06156e-05
2.07016e-05
2.07828e-05
2.08591e-05
2.09306e-05
2.09969e-05
2.10582e-05
2.11142e-05
2.11649e-05
2.12101e-05
2.12498e-05
2.12837e-05
2.13118e-05
2.13338e-05
2.13497e-05
2.13593e-05
2.13622e-05
2.13584e-05
2.13475e-05
2.13294e-05
2.13036e-05
2.12698e-05
2.12277e-05
2.11769e-05
2.11169e-05
2.10472e-05
2.09671e-05
2.08761e-05
2.07734e-05
2.06581e-05
2.05294e-05
2.03863e-05
2.02274e-05
2.00516e-05
1.98574e-05
1.96431e-05
1.94071e-05
1.91476e-05
1.88628e-05
1.8551e-05
1.8211e-05
1.78423e-05
1.74459e-05
1.70247e-05
1.6585e-05
1.61376e-05
1.56993e-05
1.52938e-05
1.49517e-05
1.47077e-05
1.45948e-05
1.46349e-05
1.48297e-05
1.51562e-05
1.557e-05
1.60135e-05
1.64344e-05
1.68078e-05
1.71017e-05
1.72934e-05
1.73813e-05
1.73779e-05
1.73018e-05
1.71721e-05
1.70057e-05
1.68158e-05
1.6612e-05
1.64e-05
1.61844e-05
1.59691e-05
1.57573e-05
1.55512e-05
1.53523e-05
1.51614e-05
1.4979e-05
1.48049e-05
1.46392e-05
1.44816e-05
1.43321e-05
1.41904e-05
1.40566e-05
1.39307e-05
1.38127e-05
1.37027e-05
1.36006e-05
1.35064e-05
1.342e-05
1.33413e-05
1.32698e-05
1.32057e-05
1.31477e-05
1.30963e-05
1.30539e-05
1.29929e-05
)
;
    }
    frontAndBack
    {
        type            empty;
    }
}


// ************************************************************************* //
