/*--------------------------------*- C++ -*----------------------------------*\
  =========                 |
  \\      /  F ield         | OpenFOAM: The Open Source CFD Toolbox
   \\    /   O peration     | Website:  https://openfoam.org
    \\  /    A nd           | Version:  10
     \\/     M anipulation  |
\*---------------------------------------------------------------------------*/
FoamFile
{
    format      ascii;
    class       volScalarField;
    location    "0.115";
    object      p;
}
// * * * * * * * * * * * * * * * * * * * * * * * * * * * * * * * * * * * * * //

dimensions      [0 2 -2 0 0 0 0];

internalField   nonuniform List<scalar> 
6820
(
-8.82249
-10.1866
-10.6002
-10.696
-10.7771
-10.8289
-10.8603
-10.8853
-10.9069
-10.9261
-10.944
-10.9612
-10.9777
-10.9939
-11.0098
-11.0256
-11.0411
-11.0566
-11.0719
-11.0872
-11.1025
-11.1176
-11.1326
-11.1473
-11.1617
-11.1754
-11.188
-11.1986
-11.2061
-11.2047
-11.1949
-11.1458
-11.0313
-11.6226
-11.2183
-10.9246
-10.8294
-10.8312
-10.8483
-10.8669
-10.8871
-10.9072
-10.9262
-10.9441
-10.9611
-10.9775
-10.9933
-11.0089
-11.0241
-11.0392
-11.0542
-11.0692
-11.0841
-11.0989
-11.1137
-11.1284
-11.143
-11.1574
-11.1714
-11.1847
-11.1975
-11.2082
-11.2226
-11.227
-11.2826
-11.3151
-10.4796
-10.3514
-10.5765
-10.7145
-10.7764
-10.8212
-10.8537
-10.8797
-10.902
-10.9218
-10.94
-10.9572
-10.9738
-10.99
-11.0058
-11.0214
-11.0369
-11.0523
-11.0676
-11.0828
-11.0981
-11.1132
-11.1283
-11.1433
-11.158
-11.1725
-11.1865
-11.2
-11.2125
-11.2258
-11.2359
-11.2569
-11.2587
-10.8461
-10.8629
-10.8388
-10.8162
-10.8247
-10.8455
-10.8661
-10.8859
-10.9052
-10.9236
-10.9411
-10.958
-10.9744
-10.9903
-11.006
-11.0215
-11.0368
-11.052
-11.0672
-11.0823
-11.0974
-11.1125
-11.1275
-11.1425
-11.1574
-11.1722
-11.1868
-11.2015
-11.216
-11.2326
-11.2493
-11.2787
-11.3094
-10.7362
-10.6822
-10.7263
-10.7713
-10.8067
-10.8372
-10.8623
-10.8843
-10.9044
-10.9231
-10.9407
-10.9575
-10.9738
-10.9897
-11.0053
-11.0208
-11.0361
-11.0513
-11.0665
-11.0816
-11.0968
-11.112
-11.1271
-11.1423
-11.1575
-11.1728
-11.1881
-11.2038
-11.2199
-11.2379
-11.2573
-11.2838
-11.312
-10.7768
-10.7701
-10.7886
-10.8059
-10.8245
-10.8463
-10.8674
-10.8872
-10.9062
-10.9241
-10.9413
-10.9578
-10.974
-10.9897
-11.0052
-11.0206
-11.0358
-11.051
-11.0661
-11.0812
-11.0963
-11.1115
-11.1267
-11.142
-11.1575
-11.1731
-11.1889
-11.2054
-11.2226
-11.2418
-11.2628
-11.289
-11.3184
-10.776
-10.7653
-10.7802
-10.802
-10.8243
-10.8471
-10.8684
-10.8881
-10.9067
-10.9245
-10.9414
-10.9578
-10.9738
-10.9894
-11.0048
-11.0201
-11.0352
-11.0503
-11.0654
-11.0805
-11.0956
-11.1109
-11.1262
-11.1416
-11.1572
-11.1732
-11.1895
-11.2066
-11.2246
-11.2443
-11.266
-11.2912
-11.3192
-10.7855
-10.7825
-10.7958
-10.8139
-10.8325
-10.8522
-10.8716
-10.8901
-10.908
-10.9252
-10.9418
-10.9579
-10.9736
-10.9891
-11.0044
-11.0195
-11.0346
-11.0496
-11.0646
-11.0797
-11.0948
-11.11
-11.1253
-11.1409
-11.1567
-11.1728
-11.1895
-11.2069
-11.2254
-11.2453
-11.2671
-11.2914
-11.318
-10.7939
-10.7928
-10.8034
-10.8195
-10.8368
-10.8554
-10.8739
-10.8917
-10.909
-10.9258
-10.942
-10.9579
-10.9734
-10.9887
-11.0038
-11.0188
-11.0338
-11.0487
-11.0636
-11.0786
-11.0937
-11.1089
-11.1242
-11.1398
-11.1557
-11.172
-11.1889
-11.2065
-11.2251
-11.245
-11.2665
-11.2898
-11.3149
-10.8023
-10.8029
-10.8124
-10.8267
-10.8425
-10.8595
-10.8767
-10.8937
-10.9103
-10.9265
-10.9423
-10.9579
-10.9732
-10.9882
-11.0032
-11.018
-11.0328
-11.0476
-11.0625
-11.0773
-11.0923
-11.1075
-11.1228
-11.1384
-11.1543
-11.1706
-11.1876
-11.2052
-11.2238
-11.2435
-11.2644
-11.2868
-11.3104
-10.8105
-10.8119
-10.8203
-10.8331
-10.8475
-10.8632
-10.8794
-10.8955
-10.9115
-10.9272
-10.9426
-10.9578
-10.9728
-10.9877
-11.0024
-11.0171
-11.0317
-11.0464
-11.0611
-11.0758
-11.0907
-11.1058
-11.121
-11.1365
-11.1524
-11.1687
-11.1856
-11.2031
-11.2214
-11.2407
-11.2611
-11.2825
-11.3048
-10.8182
-10.82
-10.8277
-10.8392
-10.8524
-10.867
-10.8821
-10.8975
-10.9127
-10.9279
-10.9429
-10.9578
-10.9725
-10.9871
-11.0016
-11.016
-11.0305
-11.045
-11.0595
-11.0741
-11.0889
-11.1038
-11.1189
-11.1343
-11.15
-11.1662
-11.1829
-11.2002
-11.2182
-11.2369
-11.2566
-11.277
-11.2982
-10.8255
-10.8275
-10.8345
-10.8449
-10.8571
-10.8705
-10.8848
-10.8993
-10.914
-10.9286
-10.9432
-10.9576
-10.972
-10.9863
-11.0006
-11.0148
-11.0291
-11.0433
-11.0577
-11.0721
-11.0867
-11.1014
-11.1164
-11.1316
-11.1472
-11.1631
-11.1795
-11.1964
-11.214
-11.2322
-11.251
-11.2705
-11.2906
-10.8323
-10.8343
-10.8407
-10.8502
-10.8614
-10.8739
-10.8873
-10.9011
-10.9151
-10.9292
-10.9433
-10.9574
-10.9715
-10.9855
-10.9995
-11.0135
-11.0275
-11.0415
-11.0556
-11.0699
-11.0842
-11.0988
-11.1135
-11.1285
-11.1438
-11.1594
-11.1754
-11.192
-11.209
-11.2265
-11.2446
-11.2631
-11.2821
-10.8386
-10.8405
-10.8464
-10.8551
-10.8655
-10.8771
-10.8897
-10.9028
-10.9162
-10.9298
-10.9434
-10.9571
-10.9708
-10.9845
-10.9982
-11.0119
-11.0257
-11.0395
-11.0534
-11.0673
-11.0814
-11.0957
-11.1102
-11.1249
-11.1398
-11.1551
-11.1707
-11.1867
-11.2032
-11.22
-11.2372
-11.2548
-11.2727
-10.8443
-10.8462
-10.8516
-10.8596
-10.8692
-10.8801
-10.8919
-10.9043
-10.9171
-10.9302
-10.9434
-10.9567
-10.97
-10.9833
-10.9967
-11.0102
-11.0236
-11.0372
-11.0508
-11.0645
-11.0783
-11.0923
-11.1064
-11.1208
-11.1353
-11.1502
-11.1653
-11.1808
-11.1966
-11.2127
-11.2291
-11.2457
-11.2626
-10.8495
-10.8512
-10.8563
-10.8636
-10.8725
-10.8827
-10.8939
-10.9057
-10.9179
-10.9305
-10.9432
-10.9561
-10.969
-10.982
-10.9951
-11.0082
-11.0214
-11.0346
-11.0479
-11.0613
-11.0748
-11.0885
-11.1022
-11.1162
-11.1303
-11.1447
-11.1593
-11.1741
-11.1892
-11.2046
-11.2201
-11.2358
-11.2517
-10.8541
-10.8557
-10.8604
-10.8672
-10.8755
-10.8851
-10.8956
-10.9068
-10.9185
-10.9306
-10.9428
-10.9553
-10.9679
-10.9805
-10.9933
-11.006
-11.0189
-11.0318
-11.0448
-11.0578
-11.071
-11.0842
-11.0976
-11.1111
-11.1248
-11.1386
-11.1526
-11.1668
-11.1812
-11.1957
-11.2104
-11.2252
-11.24
-10.8581
-10.8596
-10.864
-10.8704
-10.8781
-10.8871
-10.897
-10.9077
-10.9189
-10.9304
-10.9423
-10.9543
-10.9665
-10.9788
-10.9912
-11.0036
-11.0161
-11.0287
-11.0413
-11.054
-11.0668
-11.0796
-11.0926
-11.1056
-11.1187
-11.132
-11.1454
-11.1589
-11.1725
-11.1862
-11.2
-11.2138
-11.2276
-10.8616
-10.863
-10.8671
-10.873
-10.8803
-10.8887
-10.8982
-10.9083
-10.919
-10.9301
-10.9415
-10.9531
-10.9649
-10.9769
-10.9889
-11.001
-11.0131
-11.0253
-11.0376
-11.0498
-11.0622
-11.0746
-11.0871
-11.0996
-11.1122
-11.1248
-11.1376
-11.1503
-11.1632
-11.1761
-11.1889
-11.2018
-11.2146
-10.8645
-10.8658
-10.8696
-10.8752
-10.882
-10.89
-10.8989
-10.9086
-10.9188
-10.9295
-10.9405
-10.9517
-10.9631
-10.9747
-10.9863
-10.998
-11.0098
-11.0216
-11.0335
-11.0453
-11.0572
-11.0692
-11.0811
-11.0931
-11.1051
-11.1172
-11.1292
-11.1412
-11.1533
-11.1653
-11.1773
-11.1892
-11.201
-10.8668
-10.868
-10.8716
-10.8768
-10.8832
-10.8908
-10.8993
-10.9085
-10.9183
-10.9285
-10.9391
-10.95
-10.961
-10.9722
-10.9835
-10.9948
-11.0062
-11.0176
-11.029
-11.0405
-11.0519
-11.0634
-11.0748
-11.0862
-11.0976
-11.109
-11.1203
-11.1316
-11.1429
-11.154
-11.1651
-11.176
-11.1868
-10.8684
-10.8696
-10.873
-10.8779
-10.884
-10.8911
-10.8992
-10.9081
-10.9175
-10.9273
-10.9375
-10.948
-10.9587
-10.9695
-10.9804
-10.9913
-11.0023
-11.0133
-11.0243
-11.0353
-11.0463
-11.0572
-11.0681
-11.0789
-11.0897
-11.1004
-11.111
-11.1215
-11.132
-11.1422
-11.1524
-11.1624
-11.1722
-10.8695
-10.8706
-10.8738
-10.8784
-10.8842
-10.891
-10.8987
-10.9072
-10.9162
-10.9257
-10.9355
-10.9457
-10.956
-10.9664
-10.9769
-10.9875
-10.9981
-11.0087
-11.0192
-11.0298
-11.0402
-11.0506
-11.061
-11.0712
-11.0813
-11.0913
-11.1012
-11.111
-11.1206
-11.13
-11.1393
-11.1483
-11.1571
-10.8699
-10.8709
-10.8739
-10.8783
-10.8839
-10.8904
-10.8978
-10.906
-10.9147
-10.9238
-10.9333
-10.9431
-10.9531
-10.9632
-10.9733
-10.9835
-10.9937
-11.0039
-11.014
-11.024
-11.034
-11.0439
-11.0536
-11.0632
-11.0727
-11.082
-11.0912
-11.1002
-11.1089
-11.1175
-11.1259
-11.1339
-11.1418
-10.8696
-10.8706
-10.8735
-10.8776
-10.8829
-10.8891
-10.8962
-10.904
-10.9124
-10.9213
-10.9305
-10.9399
-10.9496
-10.9593
-10.9691
-10.979
-10.9888
-10.9985
-11.0082
-11.0178
-11.0272
-11.0366
-11.0458
-11.0548
-11.0636
-11.0723
-11.0807
-11.0889
-11.0969
-11.1046
-11.1121
-11.1192
-11.1261
-10.8687
-10.8697
-10.8724
-10.8765
-10.8815
-10.8876
-10.8945
-10.9022
-10.9103
-10.9189
-10.9278
-10.937
-10.9463
-10.9557
-10.9652
-10.9746
-10.984
-10.9934
-11.0026
-11.0117
-11.0206
-11.0294
-11.038
-11.0464
-11.0546
-11.0625
-11.0702
-11.0777
-11.0848
-11.0917
-11.0983
-11.1045
-11.1105
-10.8671
-10.8679
-10.8704
-10.874
-10.8788
-10.8845
-10.8912
-10.8985
-10.9065
-10.9148
-10.9235
-10.9325
-10.9416
-10.9507
-10.9599
-10.9691
-10.9782
-10.9871
-10.996
-11.0046
-11.0131
-11.0214
-11.0295
-11.0373
-11.0449
-11.0522
-11.0592
-11.0659
-11.0723
-11.0784
-11.0841
-11.0895
-11.0946
-10.8648
-10.8659
-10.8685
-10.8724
-10.8772
-10.883
-10.8896
-10.8969
-10.9047
-10.9128
-10.9213
-10.9299
-10.9387
-10.9475
-10.9563
-10.965
-10.9736
-10.9821
-10.9905
-10.9986
-11.0066
-11.0143
-11.0217
-11.0289
-11.0358
-11.0424
-11.0487
-11.0546
-11.0603
-11.0655
-11.0704
-11.075
-11.0791
-10.8614
-10.8617
-10.8633
-10.8663
-10.8706
-10.876
-10.8824
-10.8896
-10.8974
-10.9056
-10.9141
-10.9228
-10.9316
-10.9403
-10.9491
-10.9577
-10.9662
-10.9745
-10.9826
-10.9905
-10.9981
-11.0054
-11.0124
-11.0191
-11.0255
-11.0316
-11.0373
-11.0426
-11.0475
-11.0521
-11.0563
-11.06
-11.0634
-10.8588
-10.8607
-10.8638
-10.8677
-10.8724
-10.878
-10.8843
-10.8912
-10.8986
-10.9063
-10.9143
-10.9224
-10.9307
-10.9389
-10.947
-10.9551
-10.963
-10.9707
-10.9781
-10.9854
-10.9923
-10.999
-11.0054
-11.0114
-11.0171
-11.0224
-11.0273
-11.0319
-11.0361
-11.0398
-11.0432
-11.0461
-11.0486
-10.8505
-10.8485
-10.8481
-10.8502
-10.8544
-10.8602
-10.8672
-10.875
-10.8833
-10.892
-10.9009
-10.9099
-10.9188
-10.9276
-10.9362
-10.9447
-10.9528
-10.9607
-10.9683
-10.9755
-10.9824
-10.9889
-10.9951
-11.0008
-11.0062
-11.0111
-11.0157
-11.0197
-11.0234
-11.0266
-11.0294
-11.0317
-11.0335
-10.8553
-10.8607
-10.8649
-10.8678
-10.8713
-10.8759
-10.8813
-10.8874
-10.894
-10.901
-10.9084
-10.9158
-10.9234
-10.9309
-10.9383
-10.9456
-10.9528
-10.9596
-10.9663
-10.9726
-10.9786
-10.9843
-10.9896
-10.9946
-10.9991
-11.0032
-11.007
-11.0103
-11.0131
-11.0155
-11.0175
-11.019
-11.02
-10.826
-10.815
-10.8116
-10.8152
-10.8223
-10.831
-10.8408
-10.8511
-10.8616
-10.8722
-10.8826
-10.8927
-10.9026
-10.912
-10.9211
-10.9298
-10.9381
-10.9459
-10.9532
-10.9602
-10.9666
-10.9726
-10.9781
-10.9832
-10.9877
-10.9918
-10.9954
-10.9984
-11.001
-11.0031
-11.0047
-11.0058
-11.0064
-10.8728
-10.8887
-10.8899
-10.884
-10.8816
-10.8823
-10.8848
-10.8887
-10.8934
-10.899
-10.905
-10.9113
-10.9178
-10.9244
-10.931
-10.9374
-10.9436
-10.9496
-10.9554
-10.9608
-10.9659
-10.9707
-10.975
-10.979
-10.9825
-10.9856
-10.9882
-10.9904
-10.9921
-10.9934
-10.9941
-10.9944
-10.9942
-10.763
-10.725
-10.7194
-10.7428
-10.7625
-10.7803
-10.7978
-10.8145
-10.8302
-10.8448
-10.8585
-10.8712
-10.8831
-10.8941
-10.9044
-10.9139
-10.9228
-10.931
-10.9386
-10.9456
-10.9519
-10.9577
-10.9629
-10.9675
-10.9715
-10.975
-10.9779
-10.9803
-10.9821
-10.9833
-10.984
-10.9841
-10.9837
-10.9748
-10.9991
-10.9697
-10.9328
-10.909
-10.9009
-10.8973
-10.896
-10.8972
-10.9
-10.9038
-10.9084
-10.9135
-10.9188
-10.9242
-10.9296
-10.9349
-10.94
-10.9449
-10.9495
-10.9538
-10.9577
-10.9613
-10.9644
-10.9671
-10.9694
-10.9712
-10.9725
-10.9733
-10.9737
-10.9736
-10.973
-10.9719
-10.5591
-10.4773
-10.5342
-10.6149
-10.6709
-10.7087
-10.7415
-10.7701
-10.7944
-10.8155
-10.834
-10.8505
-10.8652
-10.8784
-10.8903
-10.9011
-10.9109
-10.9197
-10.9277
-10.9349
-10.9414
-10.9471
-10.9522
-10.9565
-10.9602
-10.9633
-10.9657
-10.9676
-10.9688
-10.9694
-10.9694
-10.9689
-10.9677
-11.5353
-11.2572
-11.0513
-10.9597
-10.9224
-10.9013
-10.8881
-10.8819
-10.8805
-10.8818
-10.885
-10.8894
-10.8945
-10.9001
-10.9058
-10.9115
-10.9171
-10.9225
-10.9277
-10.9325
-10.9369
-10.941
-10.9446
-10.9478
-10.9505
-10.9527
-10.9544
-10.9556
-10.9563
-10.9564
-10.9561
-10.9552
-10.9538
-9.57719
-10.1387
-10.4431
-10.5589
-10.6401
-10.703
-10.7476
-10.7809
-10.8076
-10.8293
-10.8473
-10.8626
-10.876
-10.8877
-10.8982
-10.9075
-10.916
-10.9236
-10.9304
-10.9365
-10.9419
-10.9466
-10.9507
-10.9542
-10.9571
-10.9594
-10.961
-10.9621
-10.9626
-10.9625
-10.9618
-10.9606
-10.9588
-10.8655
-11.1539
-11.2898
-11.394
-11.4891
-11.5626
-11.6275
-11.6978
-11.7832
-11.8817
-11.9926
-12.1127
-12.2372
-12.3609
-12.479
-12.5874
-12.683
-12.7636
-12.8277
-12.8746
-12.9041
-12.9163
-12.9115
-12.8902
-12.8528
-12.7997
-12.7312
-12.6479
-12.5501
-12.4382
-12.3127
-12.1742
-12.0231
-11.8602
-11.6862
-11.5019
-11.308
-11.1053
-10.8945
-10.6762
-10.4509
-10.2189
-9.98036
-9.73503
-9.48254
-9.2222
-8.95306
-8.6739
-8.3833
-8.07964
-7.76123
-7.42637
-7.07349
-6.70125
-6.30877
-5.89571
-5.46256
-5.01089
-4.54365
-4.06553
-3.58313
-3.10486
-2.63998
-2.19733
-1.7845
-1.40763
-1.07116
-0.777656
-0.527714
-0.320087
-0.152031
-0.0197354
0.0812148
0.155431
0.207414
0.241332
0.260915
0.269383
0.269461
0.263392
0.252992
0.239693
0.224603
0.208555
0.192157
0.175834
0.159876
0.144449
0.129679
0.115556
0.10218
0.0893453
0.0773738
0.0654945
0.0550601
0.0432231
0.0352802
0.0207664
0.0194428
-0.00655985
-11.6555
-11.7692
-11.6988
-11.6343
-11.6085
-11.6016
-11.6164
-11.6572
-11.7265
-11.819
-11.9295
-12.0517
-12.1786
-12.3038
-12.4221
-12.5294
-12.6228
-12.7008
-12.7623
-12.8069
-12.8346
-12.8455
-12.8398
-12.8179
-12.7801
-12.7268
-12.6584
-12.5753
-12.4779
-12.3667
-12.242
-12.1045
-11.9547
-11.7933
-11.6209
-11.4383
-11.2462
-11.0455
-10.8367
-10.6205
-10.3973
-10.1673
-9.9307
-9.68727
-9.4366
-9.17799
-8.91047
-8.63286
-8.34372
-8.04149
-7.72448
-7.39105
-7.03965
-6.66899
-6.2782
-5.86708
-5.43634
-4.98794
-4.52533
-4.05368
-3.57981
-3.11161
-2.65722
-2.22435
-1.81994
-1.44981
-1.1183
-0.827946
-0.579439
-0.37173
-0.202333
-0.0677308
0.0362046
0.113826
0.16942
0.206986
0.230131
0.24199
0.245234
0.242078
0.234324
0.223408
0.210448
0.196291
0.181566
0.166719
0.152059
0.137773
0.124005
0.110762
0.0981579
0.0860002
0.0746189
0.0632616
0.053269
0.0418523
0.0342097
0.0201247
0.0188622
-0.00636128
-11.2879
-11.3073
-11.3419
-11.4036
-11.4741
-11.5376
-11.5971
-11.6611
-11.7343
-11.8199
-11.9168
-12.0225
-12.1334
-12.2449
-12.353
-12.4537
-12.5437
-12.6203
-12.6817
-12.7269
-12.7552
-12.7667
-12.7614
-12.7398
-12.7023
-12.6493
-12.5813
-12.4988
-12.4021
-12.2917
-12.1681
-12.0319
-11.8835
-11.7237
-11.5531
-11.3723
-11.1823
-10.9835
-10.7768
-10.5626
-10.3413
-10.1133
-9.87845
-9.63669
-9.38756
-9.13035
-8.86412
-8.58766
-8.29957
-7.9983
-7.68221
-7.34967
-6.99922
-6.62967
-6.24039
-5.8315
-5.4041
-4.96052
-4.50455
-4.04141
-3.57751
-3.11989
-2.67579
-2.25231
-1.85601
-1.49245
-1.16581
-0.878594
-0.631561
-0.423839
-0.253185
-0.116358
-0.009508
0.0714663
0.130638
0.17184
0.198553
0.213824
0.220269
0.220068
0.215011
0.206531
0.195755
0.183544
0.170545
0.157224
0.14391
0.130809
0.118082
0.105755
0.0939543
0.0825027
0.0717365
0.0609254
0.0513926
0.0404202
0.0330855
0.019463
0.0182449
-0.00613439
-11.3965
-11.5105
-11.5605
-11.5756
-11.5914
-11.6111
-11.6388
-11.6806
-11.7391
-11.814
-11.9023
-12.0004
-12.1037
-12.2073
-12.307
-12.399
-12.4806
-12.5498
-12.605
-12.6454
-12.6706
-12.6802
-12.6742
-12.6527
-12.6158
-12.5638
-12.4971
-12.4159
-12.3207
-12.2119
-12.09
-11.9555
-11.809
-11.6512
-11.4825
-11.3039
-11.1159
-10.9192
-10.7145
-10.5022
-10.2828
-10.0564
-9.82312
-9.58269
-9.33471
-9.07846
-8.81301
-8.53718
-8.24959
-7.94876
-7.63311
-7.30118
-6.95166
-6.58363
-6.19675
-5.79138
-5.3689
-4.93187
-4.48409
-4.03049
-3.57686
-3.12959
-2.6954
-2.28098
-1.89256
-1.53543
-1.2136
-0.929516
-0.684005
-0.476345
-0.304522
-0.16556
-0.0558734
0.0283928
0.0911019
0.13592
0.166199
0.184898
0.194571
0.197364
0.19505
0.189056
0.180517
0.170306
0.159086
0.14734
0.135419
0.123547
0.111902
0.100528
0.0895632
0.0788476
0.068722
0.058482
0.0494282
0.0389234
0.0319084
0.0187764
0.0175979
-0.0058858
-11.3594
-11.4063
-11.429
-11.4563
-11.4977
-11.5447
-11.5952
-11.6527
-11.7192
-11.7957
-11.8808
-11.9719
-12.0663
-12.1607
-12.2517
-12.3364
-12.4121
-12.4766
-12.5283
-12.566
-12.589
-12.5969
-12.5896
-12.5672
-12.5298
-12.4777
-12.4113
-12.3308
-12.2365
-12.129
-12.0087
-11.8759
-11.7313
-11.5754
-11.4089
-11.2324
-11.0465
-10.8518
-10.649
-10.4385
-10.2207
-9.99571
-9.7636
-9.52415
-9.27692
-9.02124
-8.7562
-8.48068
-8.19341
-7.89299
-7.578
-7.24714
-6.89931
-6.53379
-6.15043
-5.74985
-5.33358
-4.90419
-4.46526
-4.02132
-3.57773
-3.14046
-2.71585
-2.31023
-1.92949
-1.57867
-1.26159
-0.980651
-0.736706
-0.529183
-0.356281
-0.215274
-0.102833
-0.0153409
0.0508597
0.0992678
0.133106
0.155243
0.168167
0.173988
0.174457
0.170997
0.164744
0.156583
0.147193
0.137072
0.12659
0.11599
0.105467
0.0950815
0.0849854
0.0750353
0.0655761
0.0559318
0.0473767
0.0373623
0.0306787
0.0180645
0.016922
-0.00561882
-11.3618
-11.4178
-11.4633
-11.5008
-11.5375
-11.5746
-11.6151
-11.6632
-11.7202
-11.787
-11.8629
-11.9453
-12.0311
-12.1171
-12.2001
-12.2772
-12.3459
-12.4042
-12.4506
-12.4839
-12.5035
-12.509
-12.5002
-12.4769
-12.4393
-12.3874
-12.3216
-12.242
-12.149
-12.0428
-11.9241
-11.7931
-11.6503
-11.4965
-11.332
-11.1575
-10.9737
-10.781
-10.5801
-10.3713
-10.155
-9.93128
-9.70025
-9.46166
-9.2151
-8.95994
-8.69534
-8.42025
-8.13351
-7.83384
-7.51998
-7.19079
-6.84536
-6.48316
-6.10423
-5.70929
-5.29988
-4.87844
-4.44832
-4.01379
-3.5799
-3.1523
-2.737
-2.33995
-1.96673
-1.62211
-1.30975
-1.03194
-0.78961
-0.582298
-0.408409
-0.265451
-0.150341
-0.0596934
0.00994675
0.061913
0.0992988
0.124876
0.141071
0.14995
0.15324
0.152357
0.148438
0.142377
0.134864
0.126417
0.11742
0.108136
0.0987738
0.0894135
0.0802187
0.071064
0.0622973
0.0532736
0.045237
0.035736
0.0293963
0.0173262
0.0162186
-0.00533677
-11.3563
-11.4013
-11.4382
-11.4704
-11.506
-11.5458
-11.5901
-11.6411
-11.6996
-11.765
-11.8368
-11.9134
-11.9922
-12.0707
-12.1463
-12.2163
-12.2787
-12.3314
-12.3731
-12.4027
-12.4192
-12.4223
-12.4117
-12.3871
-12.3487
-12.2965
-12.2307
-12.1515
-12.0593
-11.9542
-11.8368
-11.7074
-11.5664
-11.4144
-11.252
-11.0795
-10.8977
-10.707
-10.508
-10.3009
-10.0862
-9.86387
-9.63403
-9.39645
-9.15074
-8.89631
-8.6324
-8.35804
-8.07219
-7.7737
-7.46148
-7.13452
-6.79208
-6.43378
-6.05974
-5.67071
-5.26821
-4.85457
-4.43303
-4.00763
-3.58316
-3.16499
-2.75875
-2.37008
-2.00423
-1.66572
-1.35801
-1.08334
-0.842662
-0.635636
-0.46085
-0.316036
-0.198347
-0.10462
-0.031597
0.02389
0.0648047
0.0938231
0.113302
0.125263
0.131409
0.133144
0.131604
0.127689
0.122102
0.115375
0.107908
0.0999818
0.0918209
0.0835223
0.0752617
0.0669326
0.0588845
0.0505065
0.0430088
0.0340437
0.0280617
0.0165601
0.0154896
-0.00504354
-11.3515
-11.3923
-11.4304
-11.4663
-11.5038
-11.5438
-11.5867
-11.6338
-11.6875
-11.7473
-11.8126
-11.882
-11.9535
-12.0246
-12.0929
-12.1562
-12.2124
-12.2597
-12.2966
-12.3221
-12.3354
-12.3359
-12.3233
-12.2974
-12.2582
-12.2056
-12.1399
-12.0611
-11.9696
-11.8656
-11.7494
-11.6215
-11.4822
-11.332
-11.1714
-11.001
-10.8211
-10.6323
-10.4351
-10.2298
-10.0166
-9.79571
-9.56713
-9.33066
-9.08593
-8.83242
-8.56941
-8.29605
-8.01138
-7.7144
-7.40413
-7.0797
-6.7405
-6.38625
-6.01715
-5.63399
-5.23829
-4.83231
-4.41914
-4.00265
-3.58739
-3.17841
-2.78104
-2.40057
-2.04194
-1.70942
-1.40632
-1.13479
-0.895807
-0.689138
-0.513546
-0.366975
-0.246799
-0.150072
-0.0737289
-0.0147641
0.0296557
0.0621085
0.0848799
0.0999449
0.108978
0.113368
0.114249
0.112526
0.10891
0.103948
0.0980561
0.0915291
0.0846083
0.0774075
0.0701139
0.0626404
0.0553376
0.0476303
0.0406922
0.0322851
0.0266752
0.0157651
0.0147371
-0.00474353
-11.3456
-11.3828
-11.4189
-11.4536
-11.4896
-11.5281
-11.57
-11.616
-11.6673
-11.7235
-11.7841
-11.8478
-11.9129
-11.9773
-12.039
-12.0959
-12.1462
-12.1882
-12.2206
-12.2423
-12.2524
-12.2504
-12.2359
-12.2086
-12.1685
-12.1155
-12.0498
-11.9714
-11.8805
-11.7774
-11.6624
-11.5359
-11.3982
-11.2498
-11.091
-10.9224
-10.7445
-10.5576
-10.3622
-10.1586
-9.94703
-9.72763
-9.50036
-9.26508
-9.02145
-8.76898
-8.50702
-8.23482
-7.95152
-7.65621
-7.34805
-7.02629
-6.69043
-6.34029
-5.97615
-5.59884
-5.20986
-4.81143
-4.4065
-3.99876
-3.59251
-3.19253
-2.80382
-2.43137
-2.07982
-1.75319
-1.45464
-1.18625
-0.948989
-0.742749
-0.566442
-0.41821
-0.295643
-0.195999
-0.116404
-0.0540098
-0.00611409
0.0297615
0.0558294
0.0740151
0.0859614
0.0930413
0.0963826
0.0968932
0.0952935
0.0921405
0.0878658
0.0827795
0.0771375
0.0710702
0.0647762
0.0581881
0.051657
0.0446453
0.0382874
0.0304603
0.0252376
0.0149401
0.0139634
-0.00444141
-11.339
-11.3734
-11.4079
-11.4422
-11.4778
-11.5155
-11.556
-11.5999
-11.6478
-11.6998
-11.7552
-11.8131
-11.8719
-11.9299
-11.9852
-12.036
-12.0807
-12.1176
-12.1455
-12.1633
-12.1703
-12.1658
-12.1493
-12.1206
-12.0796
-12.0261
-11.9603
-11.8821
-11.7919
-11.6897
-11.5758
-11.4507
-11.3145
-11.1677
-11.0108
-10.844
-10.6679
-10.4829
-10.2893
-10.0874
-9.87742
-9.65949
-9.43359
-9.19957
-8.95712
-8.7058
-8.44503
-8.17414
-7.89234
-7.59886
-7.29296
-6.974
-6.64159
-6.29565
-5.93652
-5.56508
-5.18279
-4.79183
-4.39502
-3.99587
-3.59847
-3.20729
-2.82705
-2.46244
-2.11782
-1.79698
-1.50292
-1.23765
-1.00216
-0.79641
-0.619478
-0.469685
-0.344824
-0.242351
-0.159575
-0.0938049
-0.0424681
-0.00318666
0.0261768
0.0474953
0.0623778
0.0721782
0.0780165
0.0808011
0.0812591
0.0799579
0.0773421
0.0737366
0.069411
0.0645125
0.0592502
0.0535771
0.0478439
0.0415524
0.0357957
0.0285696
0.0237501
0.0140842
0.0131711
-0.00414227
-11.3316
-11.3636
-11.3964
-11.4296
-11.4639
-11.5002
-11.5389
-11.5805
-11.6254
-11.6735
-11.7243
-11.7769
-11.8299
-11.8819
-11.9313
-11.9764
-12.0156
-12.0476
-12.0712
-12.0853
-12.0891
-12.082
-12.0636
-12.0334
-11.9914
-11.9374
-11.8714
-11.7935
-11.7037
-11.6023
-11.4896
-11.3657
-11.231
-11.0858
-10.9305
-10.7656
-10.5913
-10.4081
-10.2162
-10.016
-9.80761
-9.59119
-9.36669
-9.13398
-8.8928
-8.64274
-8.38329
-8.11384
-7.83371
-7.54222
-7.23872
-6.92271
-6.59389
-6.25224
-5.89819
-5.53263
-5.15702
-4.77346
-4.38466
-3.99396
-3.60522
-3.22265
-2.85069
-2.49374
-2.1559
-1.84074
-1.55111
-1.28895
-1.05525
-0.850067
-0.672596
-0.521341
-0.394284
-0.289073
-0.203192
-0.134105
-0.0793669
-0.0367018
-0.00404893
0.0204101
0.0382476
0.050796
0.0591648
0.0642611
0.0668167
0.0674081
0.0664915
0.0644056
0.0614334
0.057738
0.0535391
0.04881
0.0439007
0.0383534
0.0332186
0.0266139
0.022214
0.0131969
0.0123629
-0.0038513
-11.3234
-11.3534
-11.3845
-11.4163
-11.4493
-11.484
-11.5208
-11.56
-11.6018
-11.6461
-11.6924
-11.7399
-11.7874
-11.8338
-11.8775
-11.9171
-11.9512
-11.9785
-11.9978
-12.0083
-12.009
-11.9993
-11.9788
-11.9472
-11.9041
-11.8494
-11.7832
-11.7054
-11.6161
-11.5154
-11.4036
-11.2809
-11.1476
-11.0039
-10.8503
-10.6871
-10.5145
-10.333
-10.1429
-9.94434
-9.73757
-9.52266
-9.29961
-9.06829
-8.82846
-8.57977
-8.32176
-8.0539
-7.77559
-7.48624
-7.18531
-6.87239
-6.54727
-6.21003
-5.86112
-5.50147
-5.13252
-4.75629
-4.3754
-3.993
-3.61273
-3.23858
-2.87471
-2.52524
-2.19402
-1.88443
-1.59917
-1.3401
-1.10823
-0.903664
-0.72574
-0.573121
-0.443968
-0.336111
-0.247204
-0.174863
-0.116769
-0.0707473
-0.034816
-0.00721338
0.013594
0.028914
0.039844
0.0472871
0.051978
0.0545008
0.0553222
0.0547937
0.0532106
0.050752
0.0476472
0.0438907
0.0398306
0.0350512
0.0305586
0.0245949
0.0206314
0.0122777
0.0115416
-0.0035739
-11.3143
-11.3425
-11.372
-11.4023
-11.4337
-11.4666
-11.5013
-11.538
-11.5766
-11.6172
-11.6592
-11.7019
-11.7444
-11.7854
-11.8238
-11.8582
-11.8874
-11.9101
-11.9254
-11.9322
-11.9298
-11.9176
-11.8951
-11.8618
-11.8176
-11.7623
-11.6957
-11.6179
-11.529
-11.4289
-11.318
-11.1964
-11.0644
-10.9222
-10.7701
-10.6085
-10.4376
-10.2578
-10.0694
-9.87247
-9.66729
-9.45393
-9.23236
-9.00249
-8.76411
-8.5169
-8.26046
-7.99433
-7.71799
-7.43094
-7.13274
-6.82305
-6.50176
-6.16902
-5.82531
-5.47159
-5.10927
-4.74031
-4.3672
-3.99295
-3.62099
-3.25506
-2.89907
-2.55689
-2.23215
-1.92802
-1.64705
-1.39106
-1.16103
-0.957143
-0.778851
-0.624965
-0.493816
-0.383408
-0.291559
-0.21603
-0.15463
-0.105284
-0.0660897
-0.035345
-0.0115573
0.00655459
0.020073
0.0298953
0.036757
0.0412483
0.0438448
0.0449099
0.0447506
0.0435613
0.0415807
0.0388243
0.0356382
0.0316494
0.0278191
0.0225148
0.0190046
0.0113268
0.0107103
-0.0033153
-11.3045
-11.331
-11.3587
-11.3874
-11.4171
-11.4482
-11.4807
-11.5147
-11.5503
-11.5873
-11.6252
-11.6633
-11.701
-11.737
-11.7703
-11.7998
-11.8242
-11.8426
-11.8539
-11.8572
-11.8518
-11.837
-11.8124
-11.7775
-11.7321
-11.6759
-11.609
-11.5311
-11.4424
-11.343
-11.2329
-11.1123
-10.9814
-10.8406
-10.69
-10.5299
-10.3607
-10.1825
-9.9957
-9.80043
-9.59685
-9.38504
-9.16501
-8.93665
-8.6998
-8.45417
-8.19943
-7.93517
-7.66095
-7.37636
-7.08103
-6.77472
-6.45737
-6.12921
-5.79076
-5.44298
-5.08727
-4.7255
-4.36006
-3.99379
-3.62994
-3.27204
-2.92374
-2.58867
-2.27025
-1.97145
-1.69471
-1.44176
-1.2136
-1.01045
-0.831871
-0.676813
-0.543769
-0.430906
-0.3362
-0.257556
-0.192902
-0.140269
-0.0978331
-0.0639523
-0.0371778
-0.0162576
-0.000126671
0.0121044
0.02117
0.0276647
0.0320717
0.0347653
0.0360632
0.0361746
0.0353471
0.0336176
0.0313293
0.0281531
0.0250043
0.0203768
0.0173367
0.0103449
0.00987226
-0.00308061
-11.2938
-11.3187
-11.3448
-11.3718
-11.3997
-11.4287
-11.4589
-11.4903
-11.5228
-11.5563
-11.5902
-11.6241
-11.6572
-11.6885
-11.717
-11.7418
-11.7618
-11.7759
-11.7834
-11.7832
-11.7748
-11.7575
-11.7307
-11.6942
-11.6476
-11.5906
-11.5231
-11.4452
-11.3566
-11.2576
-11.1482
-11.0285
-10.8988
-10.7592
-10.61
-10.4514
-10.2837
-10.1071
-9.92194
-9.72828
-9.5263
-9.31607
-9.09761
-8.87083
-8.63559
-8.39166
-8.13873
-7.87648
-7.60453
-7.32253
-7.03022
-6.72741
-6.41412
-6.09062
-5.75748
-5.41565
-5.0665
-4.71183
-4.35393
-3.9955
-3.63958
-3.28949
-2.94868
-2.62054
-2.30827
-2.01469
-1.74211
-1.49218
-1.26589
-1.06353
-0.884741
-0.728606
-0.593767
-0.478547
-0.381072
-0.299386
-0.231538
-0.175659
-0.130006
-0.0929994
-0.063236
-0.0394948
-0.0207306
-0.00606417
0.00523594
0.0137667
0.0200177
0.024373
0.02716
0.0286023
0.0289558
0.0282787
0.0269112
0.0245684
0.0221195
0.0181849
0.0156313
0.00933332
0.00903087
-0.0028744
-11.2824
-11.3057
-11.3301
-11.3553
-11.3814
-11.4083
-11.4362
-11.4649
-11.4944
-11.5244
-11.5546
-11.5844
-11.6131
-11.6399
-11.664
-11.6843
-11.7
-11.7101
-11.7138
-11.7104
-11.699
-11.6791
-11.6503
-11.6121
-11.5641
-11.5062
-11.4382
-11.36
-11.2716
-11.1729
-11.0641
-10.9452
-10.8165
-10.6781
-10.5302
-10.373
-10.2068
-10.0318
-9.84818
-9.65611
-9.45572
-9.24709
-9.03024
-8.8051
-8.57156
-8.32942
-8.07843
-7.81831
-7.54876
-7.26951
-6.98034
-6.68115
-6.37203
-6.05327
-5.72547
-5.38959
-5.04695
-4.6993
-4.34882
-3.99804
-3.64986
-3.30739
-2.97386
-2.65246
-2.34619
-2.05771
-1.7892
-1.54226
-1.31786
-1.11633
-0.937404
-0.780284
-0.643749
-0.52627
-0.426116
-0.341466
-0.270486
-0.211406
-0.162566
-0.122448
-0.0896974
-0.0631265
-0.0417117
-0.0245863
-0.0110238
-0.00042645
0.00770005
0.0137483
0.0180548
0.0208568
0.0224177
0.0228174
0.0223925
0.0209027
0.019171
0.0159441
0.0138928
0.00829409
0.0081896
-0.00270071
-11.2702
-11.292
-11.3147
-11.3381
-11.3622
-11.387
-11.4125
-11.4386
-11.4651
-11.4919
-11.5184
-11.5443
-11.5689
-11.5915
-11.6112
-11.6273
-11.6389
-11.6452
-11.6453
-11.6386
-11.6244
-11.602
-11.5711
-11.5311
-11.4818
-11.423
-11.3543
-11.2758
-11.1874
-11.089
-10.9807
-10.8626
-10.7348
-10.5974
-10.4508
-10.2949
-10.1301
-9.95662
-9.77452
-9.58402
-9.38522
-9.1782
-8.963
-8.73956
-8.50779
-8.26753
-8.01859
-7.76073
-7.49372
-7.21734
-6.93144
-6.63599
-6.33112
-6.01716
-5.69474
-5.36479
-5.02861
-4.68789
-4.34468
-4.0014
-3.66077
-3.32571
-2.99926
-2.6844
-2.38397
-2.10046
-1.83594
-1.59195
-1.36944
-1.16879
-0.989801
-0.831785
-0.693653
-0.574012
-0.471272
-0.383737
-0.309691
-0.24746
-0.195466
-0.152257
-0.116525
-0.087119
-0.0630398
-0.0434349
-0.0275849
-0.014893
-0.00486162
0.00290916
0.0087637
0.0129525
0.015746
0.0172454
0.0177834
0.017165
0.0161665
0.0136607
0.0121262
0.00723019
0.00735215
-0.00256257
-11.2573
-11.2775
-11.2985
-11.3201
-11.3423
-11.365
-11.3881
-11.4115
-11.4352
-11.4587
-11.4818
-11.5039
-11.5246
-11.5432
-11.5589
-11.5709
-11.5787
-11.5812
-11.5779
-11.568
-11.551
-11.5262
-11.4931
-11.4514
-11.4008
-11.3409
-11.2716
-11.1927
-11.1041
-11.0059
-10.898
-10.7806
-10.6536
-10.5173
-10.3717
-10.2172
-10.0538
-9.88166
-9.70106
-9.51209
-9.31488
-9.1095
-8.89597
-8.67428
-8.44436
-8.20608
-7.95929
-7.70381
-7.43945
-7.16607
-6.88356
-6.59195
-6.29141
-5.98231
-5.66529
-5.34126
-5.01149
-4.67758
-4.34151
-4.00555
-3.67227
-3.34441
-3.02483
-2.71634
-2.42157
-2.1429
-1.88229
-1.64121
-1.4206
-1.22086
-1.04187
-0.883049
-0.743416
-0.621713
-0.516479
-0.426142
-0.349098
-0.283769
-0.228659
-0.182381
-0.143678
-0.111436
-0.0846815
-0.0625798
-0.0444201
-0.0296082
-0.017645
-0.00812432
-0.000695006
0.00490589
0.00895538
0.0115758
0.0130956
0.0133655
0.0131147
0.0113418
0.0103372
0.00614542
0.00652205
-0.00246203
-11.2437
-11.2624
-11.2817
-11.3015
-11.3217
-11.3422
-11.363
-11.3838
-11.4046
-11.425
-11.4448
-11.4634
-11.4803
-11.4951
-11.5069
-11.5152
-11.5192
-11.5182
-11.5116
-11.4987
-11.4789
-11.4516
-11.4165
-11.3731
-11.321
-11.2601
-11.19
-11.1107
-11.0219
-10.9238
-10.8163
-10.6994
-10.5731
-10.4377
-10.2933
-10.1399
-9.97777
-9.80705
-9.6279
-9.44045
-9.24482
-9.04107
-8.82925
-8.60936
-8.38135
-8.14513
-7.9006
-7.6476
-7.38602
-7.11574
-6.83674
-6.54907
-6.25293
-5.94874
-5.63712
-5.31899
-4.99555
-4.66836
-4.33928
-4.01047
-3.68434
-3.36348
-3.05056
-2.74823
-2.45897
-2.18501
-1.92821
-1.68999
-1.47128
-1.27249
-1.09357
-0.934015
-0.792977
-0.669309
-0.561674
-0.46862
-0.388648
-0.320278
-0.262093
-0.212773
-0.171112
-0.136036
-0.1066
-0.0819877
-0.0614989
-0.0445443
-0.0306246
-0.019329
-0.0103004
-0.00326394
0.00206311
0.00582419
0.00834287
0.00951624
0.0100257
0.00899605
0.00853246
0.00504481
0.0057029
-0.00239958
-11.2294
-11.2466
-11.2643
-11.2822
-11.3004
-11.3188
-11.3372
-11.3556
-11.3736
-11.391
-11.4075
-11.4227
-11.4362
-11.4473
-11.4555
-11.4601
-11.4606
-11.4562
-11.4464
-11.4306
-11.4081
-11.3785
-11.3413
-11.2961
-11.2427
-11.1806
-11.1097
-11.0299
-10.9409
-10.8428
-10.7355
-10.6191
-10.4935
-10.3589
-10.2155
-10.0632
-9.9023
-9.73291
-9.55517
-9.3692
-9.17513
-8.97303
-8.76294
-8.54489
-8.31886
-8.08478
-7.84258
-7.59217
-7.33347
-7.06641
-6.79101
-6.50736
-6.21571
-5.91646
-5.61025
-5.29798
-4.98081
-4.66022
-4.33798
-4.01614
-3.69696
-3.38288
-3.07642
-2.78005
-2.49612
-2.22674
-1.97366
-1.73826
-1.52143
-1.32362
-1.14482
-0.984623
-0.842271
-0.716735
-0.606794
-0.511107
-0.428281
-0.356929
-0.295715
-0.243382
-0.198781
-0.160877
-0.128756
-0.101622
-0.0787877
-0.0596703
-0.0437724
-0.0306792
-0.0200288
-0.0115357
-0.00491158
7.77496e-06
0.00354039
0.00563062
0.00691084
0.00663325
0.00671911
0.00393444
0.00489793
-0.00237421
-11.2146
-11.2303
-11.2462
-11.2624
-11.2787
-11.2949
-11.311
-11.3269
-11.3422
-11.3567
-11.3702
-11.3821
-11.3922
-11.3999
-11.4046
-11.4058
-11.4029
-11.3954
-11.3825
-11.3638
-11.3387
-11.3068
-11.2676
-11.2207
-11.1658
-11.1026
-11.0309
-10.9504
-10.8612
-10.763
-10.6559
-10.5398
-10.4148
-10.281
-10.1384
-9.98721
-9.82747
-9.65934
-9.48297
-9.29846
-9.10593
-8.90547
-8.69714
-8.48097
-8.25696
-8.0251
-7.78532
-7.5376
-7.28187
-7.01813
-6.74642
-6.46687
-6.17975
-5.88548
-5.58469
-5.27824
-4.96726
-4.65315
-4.3376
-4.02254
-3.7101
-3.40259
-3.10237
-2.81177
-2.533
-2.26805
-2.0186
-1.78595
-1.571
-1.37419
-1.19557
-1.03481
-0.891235
-0.763927
-0.651773
-0.55354
-0.467935
-0.393664
-0.329466
-0.274156
-0.226635
-0.185912
-0.151106
-0.121442
-0.0962492
-0.0749521
-0.0570566
-0.0421457
-0.0298538
-0.0198851
-0.0119469
-0.00585375
-0.00129445
0.00172407
0.00378293
0.0042647
0.00490512
0.00282193
0.00411017
-0.00238277
-11.1992
-11.2134
-11.2277
-11.2421
-11.2564
-11.2706
-11.2845
-11.2978
-11.3105
-11.3223
-11.3328
-11.3417
-11.3486
-11.353
-11.3544
-11.3524
-11.3463
-11.3356
-11.3198
-11.2984
-11.2708
-11.2367
-11.1954
-11.1468
-11.0905
-11.0261
-10.9535
-10.8725
-10.7828
-10.6845
-10.5775
-10.4617
-10.3373
-10.2041
-10.0623
-9.91206
-9.75341
-9.58649
-9.41143
-9.22834
-9.03734
-8.83852
-8.63195
-8.41769
-8.19576
-7.96616
-7.72889
-7.48393
-7.23127
-6.97094
-6.703
-6.42763
-6.1451
-5.85583
-5.56044
-5.25977
-4.95489
-4.64715
-4.33813
-4.02966
-3.72376
-3.4226
-3.1284
-2.84336
-2.56957
-2.30892
-2.06299
-1.83305
-1.61995
-1.42416
-1.24578
-1.08452
-0.939808
-0.810821
-0.696546
-0.595853
-0.507547
-0.430419
-0.363289
-0.305037
-0.25462
-0.211091
-0.173603
-0.141405
-0.113843
-0.0903519
-0.0704425
-0.0536965
-0.0397459
-0.0282854
-0.0190184
-0.0117384
-0.00614223
-0.00218617
0.000656279
0.00190322
0.00309906
0.00171636
0.00334191
-0.00241979
-11.1833
-11.196
-11.2087
-11.2214
-11.2338
-11.2459
-11.2576
-11.2686
-11.2788
-11.2879
-11.2956
-11.3015
-11.3054
-11.3067
-11.305
-11.2999
-11.2907
-11.2771
-11.2585
-11.2345
-11.2045
-11.1681
-11.125
-11.0747
-11.0169
-10.9513
-10.8778
-10.7961
-10.706
-10.6075
-10.5005
-10.385
-10.2609
-10.1283
-9.98727
-9.83789
-9.68025
-9.51447
-9.34067
-9.15896
-8.96946
-8.77227
-8.56747
-8.35514
-8.13532
-7.90805
-7.67335
-7.43123
-7.18172
-6.92488
-6.6608
-6.38966
-6.11176
-5.82751
-5.53752
-5.24258
-4.94372
-4.64221
-4.33956
-4.03749
-3.73791
-3.44287
-3.15447
-2.8748
-2.60581
-2.34931
-2.1068
-1.87949
-1.66822
-1.47348
-1.29537
-1.13369
-0.987925
-0.857351
-0.741048
-0.637981
-0.547049
-0.46713
-0.397121
-0.335966
-0.28268
-0.236361
-0.196196
-0.161462
-0.131524
-0.105829
-0.0838917
-0.0652961
-0.0496725
-0.0367066
-0.026099
-0.0176217
-0.0109813
-0.00608077
-0.00245321
-0.000436629
0.00131016
0.000628807
0.00259469
-0.00247658
-11.1671
-11.1783
-11.1894
-11.2003
-11.2109
-11.2211
-11.2306
-11.2394
-11.2471
-11.2536
-11.2586
-11.2618
-11.2628
-11.2611
-11.2565
-11.2484
-11.2364
-11.22
-11.1987
-11.1721
-11.1398
-11.1013
-11.0562
-11.0043
-10.945
-10.8783
-10.8038
-10.7214
-10.6308
-10.5321
-10.425
-10.3096
-10.1859
-10.0538
-9.9134
-9.76482
-9.60813
-9.44342
-9.27082
-9.09045
-8.90242
-8.70683
-8.50381
-8.29342
-8.07574
-7.85084
-7.61876
-7.37955
-7.13327
-6.87999
-6.61984
-6.353
-6.07977
-5.80055
-5.51593
-5.22667
-4.93374
-4.63833
-4.34188
-4.04602
-3.75255
-3.46341
-3.18059
-2.90606
-2.64169
-2.38918
-2.14998
-1.92524
-1.71578
-1.52209
-1.3443
-1.18225
-1.03552
-0.903451
-0.78521
-0.679856
-0.586377
-0.503733
-0.430898
-0.366882
-0.310756
-0.261665
-0.218833
-0.181565
-0.149247
-0.121338
-0.0973626
-0.0769058
-0.0595978
-0.0451156
-0.0331588
-0.0234765
-0.0157876
-0.00993813
-0.00552791
-0.00273835
-0.000451777
-0.000427446
0.00186853
-0.00254036
-11.1506
-11.1604
-11.1699
-11.1792
-11.1879
-11.1961
-11.2036
-11.2102
-11.2156
-11.2197
-11.2221
-11.2226
-11.2208
-11.2164
-11.209
-11.1981
-11.1833
-11.1643
-11.1404
-11.1115
-11.0769
-11.0363
-10.9894
-10.9358
-10.8751
-10.8072
-10.7317
-10.6485
-10.5575
-10.4584
-10.3512
-10.2359
-10.1123
-9.98066
-9.84086
-9.693
-9.53717
-9.37347
-9.20202
-9.02292
-8.83631
-8.64232
-8.44105
-8.23261
-8.0171
-7.7946
-7.5652
-7.32896
-7.08596
-6.83632
-6.58015
-6.31767
-6.04914
-5.77498
-5.49571
-5.21207
-4.92497
-4.63554
-4.34512
-4.05526
-3.76767
-3.48419
-3.20672
-2.93712
-2.67718
-2.42851
-2.19251
-1.97026
-1.76258
-1.56994
-1.39251
-1.23016
-1.08254
-0.949055
-0.828964
-0.721408
-0.625459
-0.540159
-0.464554
-0.397721
-0.338788
-0.286946
-0.241458
-0.20166
-0.16696
-0.136832
-0.110811
-0.0884843
-0.0694834
-0.0534771
-0.0401653
-0.0292732
-0.020535
-0.0137347
-0.00854872
-0.00498365
-0.00217678
-0.00143653
0.00116111
-0.00259255
-11.1338
-11.1422
-11.1502
-11.1578
-11.1649
-11.1712
-11.1767
-11.1811
-11.1843
-11.1861
-11.1861
-11.184
-11.1797
-11.1726
-11.1626
-11.149
-11.1317
-11.1101
-11.0838
-11.0526
-11.0158
-10.9733
-10.9245
-10.8693
-10.8072
-10.7381
-10.6616
-10.5777
-10.486
-10.3866
-10.2792
-10.1638
-10.0405
-9.90912
-9.76981
-9.62259
-9.46754
-9.30477
-9.13438
-8.95651
-8.77128
-8.57883
-8.37929
-8.17279
-7.95946
-7.73939
-7.5127
-7.27948
-7.03984
-6.79389
-6.54177
-6.28369
-6.01991
-5.7508
-5.47688
-5.19881
-4.91744
-4.63384
-4.34928
-4.06522
-3.78328
-3.50523
-3.23286
-2.96797
-2.71225
-2.46727
-2.23433
-2.01451
-1.80856
-1.61698
-1.43993
-1.27735
-1.12891
-0.994093
-0.872239
-0.762567
-0.664228
-0.576341
-0.498024
-0.42842
-0.366714
-0.312144
-0.264015
-0.221693
-0.184611
-0.152261
-0.124189
-0.0999863
-0.0792869
-0.0617517
-0.0470821
-0.0349786
-0.025194
-0.0174437
-0.011494
-0.00715133
-0.00385414
-0.00237881
0.000466843
-0.00260596
-11.117
-11.124
-11.1306
-11.1366
-11.142
-11.1465
-11.1501
-11.1525
-11.1536
-11.1531
-11.1508
-11.1463
-11.1395
-11.13
-11.1174
-11.1014
-11.0816
-11.0576
-11.029
-10.9955
-10.9567
-10.9123
-10.8618
-10.805
-10.7415
-10.6712
-10.5937
-10.5089
-10.4167
-10.3168
-10.2091
-10.0937
-9.97042
-9.83931
-9.7004
-9.55372
-9.39937
-9.23744
-9.06804
-8.89132
-8.70741
-8.51646
-8.31863
-8.11406
-7.90289
-7.68527
-7.46132
-7.23116
-6.99492
-6.75273
-6.50472
-6.25109
-5.9921
-5.72806
-5.45946
-5.1869
-4.91118
-4.63328
-4.3544
-4.07592
-3.7994
-3.52652
-3.25901
-2.99859
-2.7469
-2.50542
-2.27542
-2.05793
-1.85368
-1.66314
-1.48651
-1.32374
-1.17455
-1.03849
-0.914962
-0.80326
-0.702612
-0.612211
-0.531245
-0.458919
-0.394476
-0.337205
-0.286451
-0.241614
-0.202152
-0.167579
-0.137452
-0.111369
-0.0889675
-0.0699011
-0.053874
-0.04056
-0.0297353
-0.0210382
-0.0143425
-0.00921957
-0.0054749
-0.00323201
-0.000226661
-0.00254188
-11.1001
-11.1058
-11.111
-11.1155
-11.1192
-11.1221
-11.1238
-11.1243
-11.1234
-11.1208
-11.1163
-11.1096
-11.1005
-11.0886
-11.0737
-11.0553
-11.0332
-11.0069
-10.9762
-10.9406
-10.8998
-10.8535
-10.8013
-10.7429
-10.6781
-10.6066
-10.5281
-10.4425
-10.3496
-10.2492
-10.1412
-10.0256
-9.90235
-9.7714
-9.63279
-9.48657
-9.33282
-9.17164
-9.00315
-8.8275
-8.64484
-8.45533
-8.25915
-8.05647
-7.84746
-7.63229
-7.4111
-7.18404
-6.95125
-6.71287
-6.46903
-6.21992
-5.96574
-5.70681
-5.44352
-5.17642
-4.90625
-4.63391
-4.36052
-4.08741
-3.81606
-3.54808
-3.28516
-3.02896
-2.78107
-2.54291
-2.31572
-2.10046
-1.89785
-1.70835
-1.53216
-1.36925
-1.21939
-1.08217
-0.957062
-0.843424
-0.740554
-0.647715
-0.564163
-0.489166
-0.422025
-0.362077
-0.308713
-0.261367
-0.219528
-0.18273
-0.150546
-0.12258
-0.0984752
-0.0778778
-0.0604963
-0.045976
-0.0341219
-0.0244839
-0.0170666
-0.01116
-0.00702715
-0.00396593
-0.000937976
-0.00234202
-11.0835
-11.088
-11.0918
-11.0948
-11.097
-11.0981
-11.0982
-11.0968
-11.094
-11.0894
-11.0828
-11.074
-11.0627
-11.0486
-11.0315
-11.0109
-10.9866
-10.9582
-10.9254
-10.8878
-10.8451
-10.797
-10.7432
-10.6834
-10.6172
-10.5445
-10.465
-10.3785
-10.2849
-10.184
-10.0756
-9.95979
-9.83644
-9.70556
-9.56716
-9.42129
-9.26804
-9.10751
-8.93982
-8.76515
-8.58365
-8.3955
-8.20092
-8.00009
-7.79321
-7.58047
-7.36205
-7.13812
-6.90882
-6.67431
-6.4347
-6.19016
-5.94087
-5.68706
-5.42909
-5.16743
-4.90272
-4.63581
-4.36773
-4.09975
-3.8333
-3.56995
-3.31133
-3.05908
-2.81474
-2.5797
-2.35514
-2.142
-1.94097
-1.7525
-1.57677
-1.41378
-1.26333
-1.12505
-0.998467
-0.882998
-0.778004
-0.682814
-0.596747
-0.519136
-0.449338
-0.386741
-0.330784
-0.280935
-0.236719
-0.197692
-0.163446
-0.133592
-0.107781
-0.0856521
-0.0669201
-0.0511987
-0.038328
-0.0277561
-0.0196475
-0.0129509
-0.0085083
-0.0045517
-0.00170455
-0.00192635
-11.0668
-11.0701
-11.0727
-11.0744
-11.0751
-11.0748
-11.0732
-11.0701
-11.0655
-11.059
-11.0505
-11.0398
-11.0264
-11.0103
-10.9911
-10.9684
-10.9421
-10.9117
-10.8769
-10.8374
-10.793
-10.7432
-10.6878
-10.6265
-10.559
-10.4852
-10.4046
-10.3173
-10.2229
-10.1214
-10.0126
-9.89643
-9.77292
-9.642
-9.50371
-9.35809
-9.20523
-9.04523
-8.87825
-8.70444
-8.524
-8.33714
-8.14407
-7.94502
-7.74022
-7.5299
-7.31425
-7.09347
-6.86771
-6.63712
-6.40182
-6.16193
-5.91758
-5.66895
-5.41631
-5.16004
-4.90071
-4.63907
-4.3761
-4.11299
-3.85113
-3.59207
-3.33742
-3.0888
-2.84773
-2.61558
-2.3935
-2.18238
-1.98289
-1.79545
-1.62024
-1.45726
-1.30633
-1.16712
-1.03918
-0.922002
-0.814989
-0.717535
-0.629021
-0.548841
-0.476413
-0.411176
-0.352627
-0.300268
-0.253664
-0.212399
-0.176082
-0.144334
-0.116815
-0.093157
-0.0730815
-0.0561674
-0.0422981
-0.030803
-0.0220424
-0.0145479
-0.00989972
-0.00493841
-0.00257006
-0.00116998
-11.051
-11.0532
-11.0544
-11.0548
-11.0541
-11.0523
-11.0491
-11.0444
-11.0381
-11.0299
-11.0196
-11.0069
-10.9917
-10.9737
-10.9525
-10.9279
-10.8996
-10.8673
-10.8307
-10.7895
-10.7434
-10.692
-10.6351
-10.5724
-10.5036
-10.4286
-10.347
-10.2588
-10.1636
-10.0615
-9.95217
-9.83566
-9.71189
-9.58085
-9.44256
-9.29707
-9.14447
-8.98488
-8.81846
-8.6454
-8.46589
-8.28019
-8.08853
-7.89118
-7.6884
-7.48044
-7.26754
-7.04992
-6.82774
-6.60115
-6.37025
-6.13512
-5.89582
-5.65245
-5.4052
-5.15434
-4.90033
-4.64384
-4.38576
-4.12725
-3.86966
-3.61452
-3.36346
-3.11811
-2.88
-2.65047
-2.43066
-2.22143
-2.02342
-1.83702
-1.66241
-1.49956
-1.34831
-1.20834
-1.07923
-0.960502
-0.851608
-0.751996
-0.661111
-0.578412
-0.503385
-0.43552
-0.374369
-0.319476
-0.270456
-0.226922
-0.188507
-0.154845
-0.125604
-0.100408
-0.0789891
-0.060886
-0.0460336
-0.0336227
-0.0242532
-0.015945
-0.011221
-0.00509945
-0.00363073
8.52508e-05
-11.0352
-11.0363
-11.0365
-11.0357
-11.0338
-11.0307
-11.0261
-11.02
-11.0121
-11.0023
-10.9904
-10.976
-10.9591
-10.9392
-10.9163
-10.8899
-10.8598
-10.8258
-10.7875
-10.7446
-10.6968
-10.6439
-10.5856
-10.5215
-10.4515
-10.3754
-10.2928
-10.2036
-10.1076
-10.0048
-9.89491
-9.77794
-9.65382
-9.52255
-9.38414
-9.23866
-9.08619
-8.92689
-8.7609
-8.58845
-8.40976
-8.22509
-8.03474
-7.83899
-7.63816
-7.43253
-7.22237
-7.00791
-6.78936
-6.56683
-6.3404
-6.1101
-5.87592
-5.63787
-5.39599
-5.15046
-4.90161
-4.65001
-4.3965
-4.14216
-3.88837
-3.63668
-3.38876
-3.14629
-2.91084
-2.68376
-2.46616
-2.25888
-2.06248
-1.87733
-1.70354
-1.54108
-1.38974
-1.24922
-1.11912
-0.998964
-0.888274
-0.786548
-0.69329
-0.608032
-0.530337
-0.45977
-0.395946
-0.338453
-0.286963
-0.241116
-0.20057
-0.164972
-0.133997
-0.107261
-0.0845056
-0.0652254
-0.0494158
-0.0361053
-0.0261845
-0.0170494
-0.0124188
-0.00493664
-0.00496644
0.0021004
-11.0207
-11.0208
-11.0198
-11.0178
-11.0147
-11.0102
-11.0043
-10.9967
-10.9874
-10.9761
-10.9626
-10.9466
-10.928
-10.9066
-10.882
-10.8539
-10.8222
-10.7866
-10.7467
-10.7022
-10.653
-10.5986
-10.5389
-10.4736
-10.4024
-10.3252
-10.2416
-10.1515
-10.0547
-9.95112
-9.84061
-9.7231
-9.59854
-9.46692
-9.32826
-9.18263
-9.03014
-8.87093
-8.70518
-8.53313
-8.35504
-8.17121
-7.98197
-7.78765
-7.5886
-7.38517
-7.17767
-6.96636
-6.75146
-6.5331
-6.31131
-6.08606
-5.85725
-5.62475
-5.38846
-5.14841
-4.90478
-4.65802
-4.40887
-4.15841
-3.90801
-3.65929
-3.414
-3.17392
-2.9407
-2.71573
-2.50015
-2.29474
-2.10006
-1.91638
-1.74376
-1.58206
-1.43104
-1.29032
-1.15949
-1.0381
-0.925699
-0.821866
-0.726195
-0.638317
-0.557882
-0.484523
-0.417878
-0.357639
-0.303548
-0.25528
-0.212518
-0.174918
-0.142164
-0.113858
-0.0897541
-0.0692921
-0.0525381
-0.0383324
-0.0279123
-0.0179217
-0.0135768
-0.00446641
-0.00680129
0.00515954
-11.0065
-11.0058
-11.004
-11.0011
-10.997
-10.9915
-10.9844
-10.9757
-10.9651
-10.9525
-10.9376
-10.9202
-10.9002
-10.8772
-10.8511
-10.8216
-10.7884
-10.7512
-10.7098
-10.6639
-10.6133
-10.5576
-10.4966
-10.43
-10.3577
-10.2793
-10.1947
-10.1036
-10.006
-9.90167
-9.79048
-9.67236
-9.54728
-9.41522
-9.27621
-9.13033
-8.9777
-8.81847
-8.65285
-8.48109
-8.30349
-8.12039
-7.93216
-7.73917
-7.54184
-7.34055
-7.13566
-6.92746
-6.71618
-6.50193
-6.28471
-6.0644
-5.84079
-5.6136
-5.38258
-5.14757
-4.90861
-4.66604
-4.42055
-4.17325
-3.92558
-3.67932
-3.4364
-3.19878
-2.96822
-2.74613
-2.53353
-2.3311
-2.13916
-1.95781
-1.78693
-1.62629
-1.47559
-1.33448
-1.20258
-1.07953
-0.96498
-0.858598
-0.760064
-0.669109
-0.585494
-0.508977
-0.43939
-0.376262
-0.319473
-0.268726
-0.223715
-0.184103
-0.149578
-0.119723
-0.0943032
-0.0726981
-0.0550528
-0.0399931
-0.0291623
-0.0183159
-0.0145057
-0.0034765
-0.00922432
0.00976291
-10.9935
-10.9918
-10.989
-10.9851
-10.9799
-10.9732
-10.9651
-10.9552
-10.9434
-10.9295
-10.9133
-10.8947
-10.8733
-10.8491
-10.8216
-10.7908
-10.7562
-10.7177
-10.675
-10.6279
-10.576
-10.5191
-10.4569
-10.3893
-10.3158
-10.2364
-10.1509
-10.0589
-9.96044
-9.85527
-9.74331
-9.62448
-9.49872
-9.36603
-9.22644
-9.08003
-8.92692
-8.7673
-8.60139
-8.42947
-8.25188
-8.069
-7.88126
-7.68912
-7.49305
-7.29353
-7.09098
-6.88579
-6.67821
-6.46837
-6.25624
-6.04161
-5.82411
-5.60327
-5.3786
-5.14969
-4.91637
-4.67883
-4.43768
-4.19405
-3.9495
-3.70596
-3.46557
-3.23049
-3.00257
-2.7832
-2.57331
-2.3734
-2.18366
-2.00401
-1.83424
-1.67403
-1.52306
-1.38097
-1.24747
-1.12226
-1.0051
-0.895791
-0.79416
-0.700054
-0.613248
-0.533492
-0.460541
-0.39446
-0.334913
-0.281643
-0.234368
-0.192748
-0.156473
-0.125102
-0.0984074
-0.075701
-0.0572147
-0.0413363
-0.0301697
-0.0184538
-0.0154185
-0.0021317
-0.0126512
0.0162732
-10.9826
-10.9804
-10.9771
-10.9725
-10.9666
-10.9592
-10.9502
-10.9394
-10.9266
-10.9117
-10.8945
-10.8747
-10.8522
-10.8267
-10.7981
-10.766
-10.7302
-10.6905
-10.6466
-10.5982
-10.5451
-10.487
-10.4237
-10.355
-10.2805
-10.2001
-10.1136
-10.0207
-9.92139
-9.81541
-9.70268
-9.58313
-9.45671
-9.3234
-9.18326
-9.03636
-8.88284
-8.72289
-8.55677
-8.3848
-8.20733
-8.02481
-7.8377
-7.64653
-7.45183
-7.25413
-7.05391
-6.85158
-6.64743
-6.44158
-6.23397
-6.02433
-5.81217
-5.59691
-5.37791
-5.15462
-4.92674
-4.69435
-4.45802
-4.21883
-3.97837
-3.73859
-3.50167
-3.2698
-3.04482
-2.82796
-2.62
-2.42131
-2.23205
-2.0522
-1.88163
-1.72013
-1.56749
-1.42345
-1.28773
-1.16007
-1.04028
-0.928118
-0.823392
-0.726046
-0.636018
-0.55326
-0.477678
-0.409057
-0.347138
-0.291699
-0.24248
-0.199141
-0.161374
-0.128717
-0.100955
-0.0773312
-0.0581748
-0.0416191
-0.0302778
-0.017769
-0.0158036
-2.57394e-05
-0.0169303
0.0251906
-10.9702
-10.9672
-10.963
-10.9576
-10.9509
-10.9427
-10.9328
-10.9212
-10.9076
-10.8918
-10.8737
-10.8531
-10.8297
-10.8034
-10.7738
-10.7408
-10.7041
-10.6635
-10.6187
-10.5694
-10.5154
-10.4564
-10.3922
-10.3226
-10.2472
-10.1659
-10.0785
-9.98476
-9.88449
-9.77757
-9.66387
-9.54332
-9.41585
-9.28146
-9.14018
-8.9921
-8.83738
-8.67622
-8.5089
-8.33578
-8.1573
-7.97397
-7.78638
-7.59517
-7.40105
-7.20472
-7.00688
-6.80812
-6.60888
-6.4094
-6.20961
-6.0091
-5.80712
-5.60263
-5.39435
-5.18106
-4.96172
-4.73578
-4.50341
-4.26558
-4.0241
-3.78147
-3.54065
-3.30482
-3.07648
-2.85725
-2.64807
-2.44927
-2.26073
-2.08207
-1.91279
-1.75233
-1.60018
-1.45604
-1.31959
-1.19057
-1.06892
-0.954726
-0.84793
-0.748365
-0.655982
-0.570793
-0.492738
-0.42176
-0.35769
-0.30031
-0.249366
-0.204514
-0.165444
-0.131669
-0.102984
-0.0785613
-0.0588329
-0.0416714
-0.0302232
-0.0169376
-0.0161788
0.00228434
-0.0222224
0.0357914
-10.9657
-10.9625
-10.9581
-10.9523
-10.9452
-10.9364
-10.926
-10.9137
-10.8994
-10.8829
-10.864
-10.8425
-10.8183
-10.791
-10.7606
-10.7266
-10.689
-10.6474
-10.6017
-10.5515
-10.4965
-10.4367
-10.3716
-10.3011
-10.225
-10.1429
-10.0547
-9.96026
-9.85932
-9.75175
-9.63744
-9.51631
-9.38829
-9.25339
-9.11164
-8.96314
-8.80805
-8.64658
-8.47905
-8.30582
-8.12736
-7.94421
-7.757
-7.56639
-7.37313
-7.17796
-6.98156
-6.78456
-6.5874
-6.3903
-6.19315
-5.99552
-5.79659
-5.59521
-5.39002
-5.17965
-4.96298
-4.7394
-4.50907
-4.27308
-4.03339
-3.7927
-3.55421
-3.32135
-3.09673
-2.88143
-2.67573
-2.47946
-2.2923
-2.11383
-1.94371
-1.78162
-1.62742
-1.48101
-1.34217
-1.21088
-1.08705
-0.970544
-0.861379
-0.759607
-0.665245
-0.578299
-0.498695
-0.426328
-0.361016
-0.302531
-0.250613
-0.204917
-0.165133
-0.130756
-0.101601
-0.0767766
-0.0568238
-0.0393621
-0.0280689
-0.0142509
-0.0148691
0.00598927
-0.0261148
0.0466207
-10.9517
-10.9483
-10.9435
-10.9375
-10.93
-10.921
-10.9103
-10.8978
-10.8832
-10.8664
-10.8473
-10.8255
-10.8009
-10.7733
-10.7424
-10.7081
-10.67
-10.6279
-10.5816
-10.5308
-10.4752
-10.4147
-10.3488
-10.2775
-10.2004
-10.1173
-10.028
-9.93228
-9.82995
-9.72084
-9.60482
-9.48178
-9.35164
-9.21439
-9.07004
-8.91867
-8.76046
-8.59562
-8.4245
-8.24754
-8.06532
-7.87853
-7.68802
-7.49476
-7.29986
-7.10447
-6.90975
-6.71676
-6.52629
-6.33874
-6.15392
-5.97096
-5.78824
-5.60351
-5.41408
-5.21731
-5.01101
-4.79398
-4.56633
-4.32959
-4.08655
-3.84072
-3.59639
-3.35793
-3.12798
-2.90785
-2.69808
-2.49852
-2.30879
-2.12841
-1.9569
-1.79384
-1.6388
-1.49152
-1.3519
-1.2198
-1.09509
-0.977742
-0.867758
-0.765123
-0.669841
-0.581926
-0.50134
-0.428017
-0.361819
-0.302534
-0.249915
-0.203613
-0.163323
-0.128525
-0.0990491
-0.0739517
-0.0538615
-0.0361945
-0.0250533
-0.0108322
-0.0125441
0.0101368
-0.0275044
0.0550596
-10.9561
-10.952
-10.9466
-10.9399
-10.9318
-10.922
-10.9105
-10.8971
-10.8816
-10.8639
-10.8438
-10.821
-10.7954
-10.7668
-10.7349
-10.6996
-10.6605
-10.6174
-10.5701
-10.5183
-10.4617
-10.4002
-10.3335
-10.2612
-10.1832
-10.0993
-10.0092
-9.91272
-9.80966
-9.69988
-9.58323
-9.45964
-9.32903
-9.1914
-9.0468
-8.89535
-8.73726
-8.57281
-8.4024
-8.22656
-8.04592
-7.86128
-7.67356
-7.48379
-7.29312
-7.1027
-6.91363
-6.72688
-6.54307
-6.36239
-6.18441
-6.00801
-5.83135
-5.65198
-5.46704
-5.27369
-5.0695
-4.85298
-4.62398
-4.38388
-4.13551
-3.88285
-3.63023
-3.38366
-3.14774
-2.92325
-2.71015
-2.50801
-2.31614
-2.13388
-1.96059
-1.79578
-1.63904
-1.4901
-1.34889
-1.21535
-1.08937
-0.97091
-0.85996
-0.756529
-0.660627
-0.572258
-0.491374
-0.41789
-0.351654
-0.292441
-0.239989
-0.193936
-0.153965
-0.119538
-0.0904842
-0.0658181
-0.0462234
-0.0289702
-0.0184442
-0.0044414
-0.00722944
0.0160191
-0.024295
0.0601197
-12.2681
-12.2617
-12.3243
-12.3233
-12.3246
-12.3066
-12.2889
-12.2761
-12.2836
-12.3122
-12.3682
-12.454
-12.5671
-12.6995
-12.8407
-12.9798
-13.1074
-13.2169
-13.3043
-13.368
-13.4079
-13.4253
-13.4217
-13.3987
-13.3579
-13.3004
-13.2272
-13.1389
-13.0361
-12.9189
-12.7878
-12.6434
-12.4858
-12.3131
-12.125
-11.9227
-11.7063
-11.4763
-11.2326
-10.9753
-10.7045
-10.4202
-10.1223
-9.81039
-9.48424
-9.1433
-8.78688
-8.41412
-8.024
-7.61541
-7.18715
-6.73803
-6.26702
-5.77331
-5.25661
-4.71725
-4.15657
-3.57715
-2.98316
-2.38062
-1.77787
-1.18525
-0.61486
-0.080395
0.403793
0.824361
1.17058
1.43603
1.61971
1.72611
1.76426
1.74606
1.68446
1.592
1.47988
1.35743
1.23189
1.10857
0.991029
0.881422
0.78084
0.689626
0.607641
0.534402
0.46954
0.412125
0.363395
0.320706
0.278203
0.23747
0.199782
0.166073
0.136745
0.110608
0.0890288
0.0674551
0.0533772
0.0298847
0.0293615
-0.0112484
-12.3521
-12.3739
-12.3939
-12.4037
-12.3816
-12.333
-12.2859
-12.2632
-12.2632
-12.2898
-12.3549
-12.4615
-12.6026
-12.7639
-12.9289
-13.0832
-13.2165
-13.3236
-13.4027
-13.4547
-13.482
-13.4873
-13.4733
-13.4422
-13.3957
-13.3349
-13.2606
-13.1732
-13.0725
-12.9583
-12.8305
-12.687
-12.5282
-12.3554
-12.1704
-11.9724
-11.7613
-11.5371
-11.2997
-11.0494
-10.7861
-10.5098
-10.2205
-9.91799
-9.60209
-9.27234
-8.92813
-8.56871
-8.19315
-7.8004
-7.38931
-6.9587
-6.50746
-6.03471
-5.53993
-5.02316
-4.48529
-3.92829
-3.35561
-2.77225
-2.18517
-1.6037
-1.03908
-0.504145
-0.0126446
0.422087
0.788755
1.07985
1.29293
1.43097
1.50161
1.51552
1.4847
1.42096
1.33503
1.23593
1.13084
1.02513
0.922505
0.825385
0.735142
0.65241
0.577294
0.509588
0.448684
0.39413
0.343653
0.297366
0.257073
0.223866
0.192826
0.164271
0.138197
0.113706
0.0925574
0.0708434
0.0562326
0.0320788
0.0330266
-0.0165091
-12.2732
-12.3282
-12.3358
-12.3385
-12.3226
-12.3095
-12.3078
-12.3277
-12.3755
-12.4533
-12.5586
-12.6834
-12.8174
-12.9505
-13.0749
-13.1848
-13.2773
-13.3509
-13.4054
-13.4413
-13.4596
-13.461
-13.4467
-13.4174
-13.3738
-13.3164
-13.2455
-13.1612
-13.0635
-12.9524
-12.8274
-12.6895
-12.5372
-12.3708
-12.1907
-11.9971
-11.7902
-11.5702
-11.3373
-11.0916
-10.8334
-10.5627
-10.2796
-9.98396
-9.67557
-9.35406
-9.01888
-8.6693
-8.30441
-7.92314
-7.52431
-7.10668
-6.66904
-6.21039
-5.73001
-5.22768
-4.70396
-4.16043
-3.60001
-3.02714
-2.44816
-1.87143
-1.30754
-0.769122
-0.270021
0.175951
0.556688
0.863694
1.09363
1.24882
1.33654
1.36724
1.35273
1.30466
1.23355
1.14825
1.0558
0.961455
0.868886
0.780513
0.697776
0.621417
0.551677
0.488488
0.431565
0.380459
0.334912
0.294045
0.257361
0.221428
0.189487
0.160315
0.134166
0.110172
0.0898004
0.0690363
0.0550865
0.0317786
0.0317979
-0.0147908
-12.1675
-12.2368
-12.2574
-12.2688
-12.2675
-12.2727
-12.294
-12.3397
-12.4108
-12.5062
-12.6212
-12.7487
-12.8805
-13.0091
-13.128
-13.2328
-13.3206
-13.39
-13.4407
-13.4734
-13.4888
-13.4882
-13.4723
-13.4422
-13.3983
-13.3411
-13.2708
-13.1872
-13.0904
-12.98
-12.8557
-12.7176
-12.5655
-12.3998
-12.2208
-12.0287
-11.8236
-11.6058
-11.3754
-11.1329
-10.8782
-10.6117
-10.3335
-10.0434
-9.74129
-9.4269
-9.09968
-8.7589
-8.40363
-8.03278
-7.64508
-7.23921
-6.81386
-6.36782
-5.90017
-5.41045
-4.89887
-4.36663
-3.81619
-3.25155
-2.67861
-2.1054
-1.5422
-1.00142
-0.496968
-0.043022
0.347716
0.666099
0.908261
1.07623
1.17709
1.22117
1.22009
1.18529
1.12711
1.05423
0.973507
0.890026
0.807338
0.727786
0.652801
0.583163
0.519178
0.460847
0.407895
0.359969
0.316292
0.276392
0.240727
0.208634
0.180076
0.15377
0.130124
0.108001
0.0888361
0.0689043
0.0552535
0.0324296
0.0317245
-0.0134178
-12.0744
-12.1532
-12.1845
-12.2041
-12.217
-12.2413
-12.284
-12.3504
-12.4394
-12.548
-12.6702
-12.799
-12.9271
-13.0485
-13.1585
-13.2541
-13.3337
-13.3966
-13.4428
-13.4728
-13.4873
-13.4869
-13.4722
-13.4437
-13.4016
-13.3462
-13.2774
-13.1952
-13.0995
-12.9901
-12.8668
-12.7298
-12.5789
-12.4143
-12.2364
-12.0453
-11.8414
-11.6251
-11.3966
-11.1563
-10.9045
-10.6414
-10.3673
-10.0822
-9.78585
-9.47801
-9.15816
-8.82555
-8.47923
-8.11805
-7.74067
-7.34569
-6.93164
-6.4972
-6.04124
-5.56309
-5.06273
-4.54106
-4.00022
-3.44387
-2.87757
-2.30902
-1.74828
-1.20762
-0.700944
-0.242569
0.154634
0.481377
0.733686
0.913395
1.02718
1.08475
1.09714
1.07541
1.02975
0.968743
0.89912
0.825811
0.752264
0.680783
0.612826
0.549244
0.490444
0.436541
0.387409
0.342813
0.30239
0.265681
0.232525
0.202037
0.17418
0.148528
0.125514
0.104062
0.0855642
0.0663897
0.0532098
0.0313222
0.0299446
-0.0122017
-12.0274
-12.1037
-12.1409
-12.1658
-12.1868
-12.219
-12.2693
-12.3418
-12.4355
-12.5466
-12.6693
-12.7968
-12.9229
-13.0422
-13.1506
-13.2454
-13.325
-13.3886
-13.4362
-13.4681
-13.4846
-13.4864
-13.4737
-13.4471
-13.4066
-13.3525
-13.2846
-13.2031
-13.1076
-12.9982
-12.8748
-12.7374
-12.5862
-12.4214
-12.2433
-12.0522
-11.8487
-11.633
-11.4056
-11.1669
-10.9175
-10.6574
-10.387
-10.1064
-9.81536
-9.51365
-9.2007
-8.87577
-8.53783
-8.18566
-7.81786
-7.43291
-7.02923
-6.60536
-6.16004
-5.69241
-5.20227
-4.69034
-4.15854
-3.61035
-3.05114
-2.48849
-1.93235
-1.39493
-0.890017
-0.431741
-0.0326024
0.298623
0.558355
0.748303
0.874299
0.944907
0.970385
0.961575
0.928574
0.879774
0.821613
0.758791
0.694631
0.631414
0.570646
0.513263
0.459775
0.410395
0.365093
0.323715
0.285938
0.251436
0.220181
0.191602
0.16572
0.141946
0.120454
0.100294
0.0827931
0.0644644
0.0517482
0.0306649
0.028798
-0.0110056
-12.0232
-12.0885
-12.1218
-12.1453
-12.1676
-12.201
-12.2516
-12.3232
-12.415
-12.5237
-12.6439
-12.7694
-12.8942
-13.0131
-13.122
-13.2182
-13.3
-13.3663
-13.4169
-13.452
-13.4716
-13.4762
-13.4661
-13.4415
-13.4026
-13.3495
-13.2823
-13.2008
-13.1052
-12.9953
-12.8711
-12.733
-12.5809
-12.4153
-12.2365
-12.0451
-11.8414
-11.6259
-11.3993
-11.1621
-10.9146
-10.6573
-10.3904
-10.1139
-9.82787
-9.53188
-9.22537
-8.90753
-8.57729
-8.23335
-7.87421
-7.49826
-7.10383
-6.68934
-6.25341
-5.79509
-5.31407
-4.81096
-4.28761
-3.74742
-3.19575
-2.64016
-2.09058
-1.55914
-1.05937
-0.604798
-0.207006
0.12625
0.391859
0.59082
0.727497
0.809474
0.846886
0.850549
0.830176
0.793607
0.746838
0.694323
0.639301
0.584077
0.530233
0.478807
0.430423
0.385407
0.343843
0.305679
0.270728
0.238742
0.209609
0.18285
0.158456
0.135908
0.115478
0.0962494
0.079544
0.0619782
0.0497623
0.0295293
0.0274065
-0.010157
-12.0131
-12.0673
-12.0987
-12.1223
-12.1449
-12.1774
-12.2253
-12.2927
-12.3796
-12.4837
-12.6002
-12.7235
-12.8475
-12.9672
-13.0783
-13.1777
-13.2632
-13.3336
-13.3884
-13.4273
-13.4504
-13.4579
-13.4501
-13.4272
-13.3893
-13.3367
-13.2695
-13.1876
-13.0911
-12.9801
-12.8547
-12.7152
-12.5619
-12.3952
-12.2154
-12.0233
-11.8193
-11.604
-11.3781
-11.1421
-10.8965
-10.6418
-10.3782
-10.1058
-9.82448
-9.53385
-9.23333
-8.92203
-8.5988
-8.26228
-7.91088
-7.5429
-7.15659
-6.75028
-6.32255
-5.87238
-5.39942
-4.90428
-4.38882
-3.8565
-3.31276
-2.76524
-2.22388
-1.70061
-1.20841
-0.759775
-0.364936
-0.0307343
0.239223
0.444426
0.588499
0.679431
0.727577
0.743174
0.735033
0.710259
0.674413
0.63175
0.585462
0.537885
0.490681
0.444986
0.401529
0.360735
0.322789
0.287721
0.255428
0.225739
0.198572
0.173578
0.150731
0.1296
0.110395
0.0922165
0.076383
0.0596043
0.0479176
0.0284844
0.0262443
-0.00941174
-12.0568
-12.0895
-12.1038
-12.1144
-12.1283
-12.1532
-12.1935
-12.2531
-12.3327
-12.4305
-12.5426
-12.6635
-12.7872
-12.9084
-13.0224
-13.1256
-13.2155
-13.2904
-13.3493
-13.3919
-13.4182
-13.4282
-13.4221
-13.4004
-13.3631
-13.3105
-13.2428
-13.16
-13.0624
-12.9501
-12.8234
-12.6825
-12.5279
-12.36
-12.1794
-11.9866
-11.7825
-11.5675
-11.3424
-11.1078
-10.8643
-10.6123
-10.3519
-10.0834
-9.80663
-9.52107
-9.22611
-8.9208
-8.60391
-8.27401
-7.92943
-7.56841
-7.18913
-6.78989
-6.36922
-5.92612
-5.46027
-4.97235
-4.46431
-3.93976
-3.40427
-2.86559
-2.33359
-1.81974
-1.3361
-0.893776
-0.501964
-0.16795
0.103196
0.310704
0.459382
0.557902
0.615999
0.642741
0.645935
0.632044
0.606275
0.572722
0.534534
0.494076
0.453078
0.412761
0.373946
0.33715
0.302646
0.270543
0.240821
0.213373
0.188135
0.164832
0.143439
0.12358
0.105474
0.0882461
0.0732198
0.0571824
0.0460288
0.0273612
0.0251236
-0.00883333
-12.0165
-12.0528
-12.0723
-12.0844
-12.0957
-12.1144
-12.1466
-12.1973
-12.2687
-12.3603
-12.4683
-12.5876
-12.7121
-12.8356
-12.9532
-13.0607
-13.155
-13.2341
-13.297
-13.3429
-13.3718
-13.3838
-13.3791
-13.3582
-13.3212
-13.2684
-13.2001
-13.1165
-13.0178
-12.9044
-12.7765
-12.6345
-12.4789
-12.3102
-12.1291
-11.9362
-11.7322
-11.5179
-11.294
-11.0611
-10.8199
-10.5706
-10.3137
-10.049
-9.77656
-9.49579
-9.20597
-8.90611
-8.5949
-8.27084
-7.93222
-7.57719
-7.20394
-6.81073
-6.39613
-5.95917
-5.49963
-5.01831
-4.51733
-4.00048
-3.47349
-2.9441
-2.4219
-1.91759
-1.44202
-1.00543
-0.617571
-0.287088
-0.018801
0.18846
0.340733
0.446222
0.513401
0.550172
0.563525
0.559411
0.542741
0.517464
0.486681
0.452771
0.417513
0.382196
0.347719
0.314674
0.283412
0.25411
0.226814
0.201475
0.178061
0.156359
0.13636
0.117729
0.100695
0.0843941
0.0701578
0.054839
0.0442176
0.0262715
0.0241089
-0.0083455
-12.1324
-12.1206
-12.1044
-12.0864
-12.0755
-12.0743
-12.0887
-12.1248
-12.1855
-12.2704
-12.3756
-12.495
-12.6216
-12.7487
-12.8704
-12.9822
-13.0807
-13.1637
-13.2298
-13.2784
-13.3094
-13.3231
-13.3196
-13.2993
-13.2625
-13.2096
-13.141
-13.0569
-12.9576
-12.8435
-12.7149
-12.5724
-12.4164
-12.2476
-12.0665
-11.874
-11.6709
-11.4577
-11.2354
-11.0046
-10.7658
-10.5196
-10.266
-10.0052
-9.73687
-9.46056
-9.17547
-8.8805
-8.57432
-8.25535
-7.92184
-7.57194
-7.2038
-6.81572
-6.40631
-5.97472
-5.52084
-5.04565
-4.55145
-4.04222
-3.52374
-3.00357
-2.4907
-1.99494
-1.52658
-1.09663
-0.716048
-0.392816
-0.129277
0.077453
0.233224
0.345067
0.420271
0.465837
0.488123
0.492659
0.4841
0.466256
0.442172
0.414225
0.384224
0.353513
0.32305
0.293493
0.265256
0.238578
0.213563
0.190212
0.168522
0.148331
0.129648
0.112168
0.0961368
0.0807072
0.0672181
0.0525798
0.0424757
0.0252079
0.0231672
-0.00793823
-11.9782
-12.0204
-12.0321
-12.0217
-12.0039
-11.9914
-11.9954
-12.0244
-12.0814
-12.1656
-12.2721
-12.3942
-12.5242
-12.6549
-12.7802
-12.8952
-12.9966
-13.082
-13.1503
-13.2008
-13.2333
-13.2481
-13.2453
-13.2255
-13.189
-13.1363
-13.0676
-12.9835
-12.8841
-12.77
-12.6414
-12.499
-12.3433
-12.175
-11.9947
-11.8032
-11.6013
-11.3899
-11.1696
-10.9411
-10.7051
-10.4619
-10.2117
-9.9546
-9.69022
-9.41802
-9.13718
-8.84654
-8.54473
-8.23013
-7.90096
-7.55537
-7.19153
-6.8078
-6.40287
-5.97601
-5.52728
-5.05784
-4.57017
-4.06832
-3.55795
-3.0462
-2.54149
-2.05349
-1.59344
-1.17334
-0.80322
-0.488366
-0.229081
-0.0223552
0.136723
0.254126
0.336262
0.38944
0.419508
0.431642
0.430268
0.41906
0.401002
0.378453
0.353243
0.326749
0.299981
0.273648
0.248219
0.223984
0.201097
0.179602
0.159527
0.140751
0.123303
0.106904
0.0918163
0.0772086
0.0644265
0.0504322
0.0408244
0.0241925
0.0222979
-0.00758723
-12.3113
-12.1989
-12.114
-12.0408
-11.9849
-11.9448
-11.9284
-11.9428
-11.9913
-12.072
-12.1779
-12.3009
-12.4324
-12.5647
-12.6914
-12.8077
-12.91
-12.9963
-13.0652
-13.1161
-13.1489
-13.1639
-13.1613
-13.1417
-13.1054
-13.0529
-12.9845
-12.9006
-12.8016
-12.6879
-12.5599
-12.4182
-12.2634
-12.096
-11.917
-11.727
-11.5269
-11.3175
-11.0995
-10.8737
-10.6405
-10.4004
-10.1535
-9.8999
-9.63914
-9.37066
-9.09356
-8.80668
-8.5086
-8.19768
-7.87213
-7.53013
-7.1699
-6.78986
-6.38882
-5.9662
-5.52222
-5.05817
-4.57663
-4.08154
-3.57831
-3.07384
-2.57681
-2.09791
-1.64912
-1.24142
-0.882183
-0.574556
-0.318436
-0.111433
0.0505406
0.172692
0.260755
0.320489
0.357315
0.376102
0.38107
0.375766
0.363106
0.345426
0.32456
0.301913
0.278529
0.255162
0.232325
0.210353
0.189442
0.169672
0.151103
0.133646
0.117351
0.10196
0.0877539
0.0739156
0.061796
0.0484071
0.0392685
0.023232
0.0214916
-0.00727995
-11.7518
-11.889
-11.897
-11.882
-11.8455
-11.8164
-11.8098
-11.8394
-11.8985
-11.9867
-12.0972
-12.2223
-12.3541
-12.4857
-12.6113
-12.7263
-12.8274
-12.9126
-12.9805
-13.0305
-13.0627
-13.0771
-13.0742
-13.0543
-13.0179
-12.9653
-12.8971
-12.8135
-12.715
-12.6019
-12.4748
-12.3341
-12.1805
-12.0146
-11.8371
-11.649
-11.4509
-11.2438
-11.0283
-10.8051
-10.5747
-10.3376
-10.0939
-9.84344
-9.58592
-9.32068
-9.0468
-8.7631
-8.46812
-8.16023
-7.83766
-7.49862
-7.1414
-6.76451
-6.36689
-5.94808
-5.50842
-5.04925
-4.57307
-4.08374
-3.58673
-3.08953
-2.60174
-2.13455
-1.69895
-1.3035
-0.953568
-0.651676
-0.398016
-0.190732
-0.0263175
0.0998537
0.19298
0.258361
0.301058
0.325672
0.336236
0.336178
0.328345
0.315045
0.298109
0.278958
0.258665
0.238016
0.217564
0.19768
0.178594
0.160424
0.143251
0.127019
0.111796
0.0973423
0.083956
0.0708351
0.0593332
0.0465115
0.0378111
0.0223325
0.0207418
-0.0070052
-12.7727
-12.1673
-12.0868
-11.9504
-11.8385
-11.7758
-11.7555
-11.7718
-11.8305
-11.9186
-12.0293
-12.1544
-12.2857
-12.4161
-12.5399
-12.6528
-12.7517
-12.8347
-12.9007
-12.949
-12.9797
-12.9929
-12.9889
-12.9683
-12.9313
-12.8785
-12.8101
-12.7267
-12.6286
-12.5161
-12.3898
-12.2502
-12.0979
-11.9335
-11.7578
-11.5717
-11.3757
-11.1709
-10.9579
-10.7373
-10.5097
-10.2753
-10.0344
-9.78677
-9.53204
-9.26955
-8.99834
-8.71721
-8.42472
-8.11923
-7.79902
-7.46233
-7.10753
-6.73323
-6.33847
-5.92287
-5.48684
-5.03175
-4.5602
-4.07633
-3.58624
-3.0981
-2.62185
-2.16778
-1.74487
-1.35993
-1.01758
-0.720396
-0.468804
-0.261317
-0.0948677
0.0347071
0.132165
0.202423
0.250231
0.279953
0.295456
0.300056
0.296536
0.28717
0.273782
0.257803
0.240326
0.222163
0.203899
0.185934
0.168533
0.151839
0.135959
0.12086
0.10663
0.0930463
0.0804202
0.0679663
0.0570378
0.0447455
0.0364519
0.0214946
0.0200446
-0.00675704
)
;

boundaryField
{
    outlet
    {
        type            fixedValue;
        value           uniform 0;
    }
    inlet
    {
        type            zeroGradient;
    }
    lowerWall
    {
        type            zeroGradient;
    }
    upperWall
    {
        type            zeroGradient;
    }
    frontAndBack
    {
        type            empty;
    }
}


// ************************************************************************* //
