/*--------------------------------*- C++ -*----------------------------------*\
  =========                 |
  \\      /  F ield         | OpenFOAM: The Open Source CFD Toolbox
   \\    /   O peration     | Website:  https://openfoam.org
    \\  /    A nd           | Version:  10
     \\/     M anipulation  |
\*---------------------------------------------------------------------------*/
FoamFile
{
    format      ascii;
    class       volScalarField;
    location    "900";
    object      epsilon;
}
// * * * * * * * * * * * * * * * * * * * * * * * * * * * * * * * * * * * * * //

dimensions      [0 2 -3 0 0 0 0];

internalField   nonuniform List<scalar> 
6820
(
23.3479
22.8004
22.2986
21.7955
21.2906
20.7982
20.3323
19.9018
19.5115
19.1623
18.8536
18.583
18.348
18.1455
17.9725
17.8261
17.7036
17.6026
17.5206
17.4556
17.4057
17.3693
17.3447
17.3307
17.326
17.3297
17.3403
17.3591
17.3711
17.4763
17.1686
18.0576
16.4668
5.2475
7.40629
8.54765
9.16308
9.54904
9.84
10.0939
10.3363
10.5779
10.8226
11.0716
11.3247
11.5814
11.8408
12.1022
12.365
12.6283
12.8916
13.1542
13.4158
13.6758
13.9338
14.1897
14.4432
14.6943
14.9434
15.1911
15.4386
15.6874
15.9653
16.1605
16.5958
17.0925
3.71892
4.27986
4.80504
5.21571
5.52671
5.76824
5.96424
6.1311
6.27962
6.4169
6.54758
6.67473
6.80032
6.92563
7.05142
7.17813
7.30596
7.43498
7.56514
7.69633
7.82842
7.96125
8.09467
8.22854
8.36275
8.49731
8.63222
8.76799
8.90434
9.04632
9.18372
9.33152
9.52791
3.53759
3.62335
3.77159
3.9376
4.09551
4.23606
4.35823
4.46424
4.5571
4.6397
4.71451
4.78352
4.84831
4.9101
4.96985
5.02825
5.08584
5.143
5.20002
5.25709
5.31435
5.37189
5.42975
5.48799
5.54663
5.6057
5.66527
5.7255
5.78644
5.84887
5.91252
5.97659
6.04717
3.52015
3.50151
3.51115
3.54398
3.59068
3.64316
3.69613
3.74676
3.79383
3.83703
3.87656
3.91282
3.94629
3.97744
4.00672
4.03451
4.06115
4.08692
4.11205
4.13673
4.16112
4.18532
4.20945
4.23359
4.2578
4.28216
4.30672
4.33157
4.35679
4.38256
4.40904
4.43604
4.46411
3.51931
3.48209
3.45345
3.43537
3.42736
3.42745
3.43325
3.44262
3.45395
3.46611
3.47839
3.49037
3.50184
3.51271
3.52298
3.53269
3.5419
3.55069
3.55915
3.56734
3.57534
3.58321
3.59101
3.59879
3.6066
3.61448
3.62247
3.63062
3.63899
3.64764
3.65665
3.66602
3.6758
3.51943
3.47964
3.44271
3.40975
3.38152
3.35816
3.33935
3.32445
3.31274
3.30352
3.29619
3.29026
3.28535
3.2812
3.27759
3.2744
3.27151
3.26887
3.26644
3.26419
3.26211
3.26018
3.25842
3.25683
3.25541
3.25417
3.25313
3.2523
3.2517
3.25135
3.25128
3.25151
3.25205
3.51947
3.47942
3.44105
3.40466
3.37058
3.33905
3.31022
3.28406
3.26044
3.23914
3.21989
3.20245
3.18656
3.172
3.15859
3.14615
3.13455
3.12369
3.11347
3.10382
3.09469
3.08602
3.07778
3.06994
3.06247
3.05535
3.04858
3.04213
3.03601
3.03021
3.02474
3.01959
3.01477
3.51948
3.47941
3.44084
3.40381
3.36835
3.33454
3.30245
3.27211
3.24354
3.2167
3.19152
3.16792
3.14578
3.125
3.10546
3.08706
3.06969
3.05325
3.03768
3.02289
3.00882
2.99542
2.98262
2.9704
2.9587
2.94751
2.93678
2.9265
2.91664
2.9072
2.89815
2.8895
2.88121
3.51948
3.4794
3.44081
3.40368
3.36795
3.33361
3.30064
3.26904
3.23878
3.20986
3.18225
3.15593
3.13083
3.10692
3.08413
3.06241
3.0417
3.02194
3.00307
2.98504
2.96779
2.95128
2.93546
2.92029
2.90573
2.89175
2.87832
2.86541
2.853
2.84106
2.82957
2.81853
2.80791
3.51948
3.4794
3.4408
3.40365
3.36788
3.33343
3.30026
3.26833
3.2376
3.20803
3.17959
3.15225
3.12598
3.10074
3.0765
3.05322
3.03086
3.00939
2.98876
2.96893
2.94988
2.93155
2.91392
2.89696
2.88063
2.8649
2.84975
2.83514
2.82106
2.80749
2.7944
2.78178
2.7696
3.51948
3.4794
3.4408
3.40364
3.36786
3.33339
3.30018
3.26817
3.23732
3.20757
3.17889
3.15123
3.12456
3.09885
3.07405
3.05015
3.02709
3.00486
2.98342
2.96274
2.94279
2.92354
2.90497
2.88704
2.86973
2.85302
2.83688
2.82129
2.80623
2.79167
2.77761
2.76402
2.75088
3.51948
3.4794
3.44079
3.40363
3.36784
3.33337
3.30015
3.26812
3.23724
3.20745
3.1787
3.15096
3.12417
3.09831
3.07333
3.0492
3.0259
3.00338
2.98161
2.96058
2.94025
2.92059
2.90158
2.8832
2.86542
2.84822
2.83158
2.81548
2.7999
2.78482
2.77022
2.75609
2.74242
3.51947
3.47939
3.44079
3.40362
3.36783
3.33335
3.30013
3.2681
3.2372
3.2074
3.17864
3.15087
3.12405
3.09814
3.07311
3.04892
3.02553
3.00291
2.98103
2.95987
2.9394
2.91958
2.9004
2.88183
2.86385
2.84644
2.82957
2.81324
2.79741
2.78208
2.76722
2.75283
2.73888
3.51947
3.47939
3.44079
3.40362
3.36782
3.33334
3.30011
3.26807
3.23718
3.20737
3.1786
3.15082
3.12399
3.09807
3.07302
3.04881
3.02539
3.00275
2.98083
2.95963
2.93911
2.91923
2.89999
2.88135
2.8633
2.8458
2.82885
2.81242
2.79649
2.78105
2.76608
2.75157
2.73749
3.51947
3.47939
3.44078
3.40361
3.36781
3.33333
3.3001
3.26806
3.23715
3.20734
3.17857
3.15078
3.12395
3.09803
3.07297
3.04875
3.02533
3.00267
2.98074
2.95953
2.93899
2.9191
2.89983
2.88117
2.86309
2.84556
2.82858
2.81211
2.79615
2.78066
2.76565
2.75108
2.73695
3.51947
3.47939
3.44078
3.40361
3.36781
3.33332
3.30008
3.26804
3.23713
3.20732
3.17854
3.15075
3.12392
3.09799
3.07293
3.0487
3.02527
3.00261
2.98068
2.95946
2.93891
2.91902
2.89974
2.88107
2.86298
2.84545
2.82845
2.81197
2.79599
2.78049
2.76545
2.75086
2.73671
3.51947
3.47939
3.44078
3.4036
3.3678
3.33331
3.30007
3.26803
3.23712
3.2073
3.17851
3.15072
3.12388
3.09795
3.07289
3.04866
3.02523
3.00256
2.98063
2.9594
2.93885
2.91895
2.89968
2.881
2.86291
2.84537
2.82836
2.81188
2.79589
2.78038
2.76533
2.75073
2.73656
3.51947
3.47939
3.44078
3.4036
3.3678
3.3333
3.30006
3.26801
3.2371
3.20728
3.17849
3.1507
3.12386
3.09792
3.07286
3.04862
3.02519
3.00252
2.98059
2.95936
2.9388
2.9189
2.89962
2.88094
2.86284
2.8453
2.82829
2.8118
2.7958
2.78029
2.76524
2.75063
2.73645
3.51947
3.47939
3.44077
3.4036
3.36779
3.3333
3.30005
3.268
3.23709
3.20726
3.17847
3.15068
3.12383
3.09789
3.07283
3.04859
3.02515
3.00248
2.98054
2.95931
2.93875
2.91885
2.89957
2.88088
2.86278
2.84523
2.82822
2.81173
2.79573
2.78021
2.76515
2.75054
2.73635
3.51947
3.47939
3.44077
3.40359
3.36779
3.33329
3.30005
3.26799
3.23708
3.20725
3.17846
3.15066
3.12381
3.09787
3.0728
3.04856
3.02512
3.00245
2.98051
2.95927
2.93871
2.9188
2.89952
2.88083
2.86272
2.84517
2.82816
2.81166
2.79566
2.78013
2.76507
2.75045
2.73626
3.51947
3.47938
3.44077
3.40359
3.36779
3.33329
3.30004
3.26799
3.23707
3.20724
3.17844
3.15064
3.12379
3.09785
3.07277
3.04853
3.02509
3.00241
2.98047
2.95923
2.93867
2.91876
2.89947
2.88078
2.86267
2.84512
2.8281
2.81159
2.79559
2.78006
2.76499
2.75037
2.73617
3.51947
3.47938
3.44077
3.40359
3.36778
3.33328
3.30004
3.26798
3.23706
3.20723
3.17843
3.15063
3.12377
3.09783
3.07275
3.04851
3.02507
3.00239
2.98044
2.9592
2.93863
2.91872
2.89943
2.88074
2.86262
2.84507
2.82804
2.81153
2.79552
2.77999
2.76492
2.75029
2.73608
3.51947
3.47938
3.44077
3.40359
3.36778
3.33328
3.30003
3.26797
3.23705
3.20722
3.17842
3.15062
3.12376
3.09781
3.07273
3.04849
3.02504
3.00236
2.98041
2.95917
2.9386
2.91868
2.89939
2.88069
2.86258
2.84502
2.82799
2.81148
2.79546
2.77992
2.76485
2.75021
2.736
3.51947
3.47938
3.44077
3.40359
3.36778
3.33328
3.30003
3.26797
3.23705
3.20721
3.17841
3.15061
3.12375
3.0978
3.07272
3.04847
3.02502
3.00234
2.98039
2.95914
2.93857
2.91865
2.89935
2.88066
2.86254
2.84497
2.82794
2.81143
2.79541
2.77986
2.76478
2.75014
2.73593
3.51947
3.47938
3.44077
3.40359
3.36778
3.33328
3.30003
3.26796
3.23704
3.2072
3.1784
3.1506
3.12374
3.09779
3.0727
3.04846
3.025
3.00232
2.98036
2.95912
2.93854
2.91862
2.89932
2.88062
2.8625
2.84493
2.8279
2.81138
2.79535
2.77981
2.76472
2.75008
2.73586
3.51947
3.47938
3.44077
3.40359
3.36778
3.33328
3.30002
3.26796
3.23704
3.2072
3.1784
3.15059
3.12373
3.09778
3.07269
3.04844
3.02499
3.0023
2.98035
2.9591
2.93852
2.9186
2.89929
2.88059
2.86247
2.8449
2.82786
2.81134
2.79531
2.77976
2.76467
2.75002
2.7358
3.51947
3.47938
3.44077
3.40359
3.36778
3.33327
3.30002
3.26796
3.23703
3.20719
3.17839
3.15058
3.12372
3.09777
3.07268
3.04843
3.02498
3.00229
2.98033
2.95908
2.9385
2.91857
2.89927
2.88057
2.86244
2.84486
2.82782
2.8113
2.79527
2.77971
2.76462
2.74997
2.73574
3.51947
3.47938
3.44077
3.40359
3.36778
3.33327
3.30002
3.26796
3.23703
3.20719
3.17839
3.15058
3.12372
3.09776
3.07268
3.04842
3.02497
3.00228
2.98032
2.95906
2.93849
2.91856
2.89925
2.88054
2.86241
2.84484
2.82779
2.81127
2.79523
2.77967
2.76458
2.74992
2.73569
3.51947
3.47938
3.44077
3.40359
3.36778
3.33327
3.30002
3.26796
3.23703
3.20719
3.17839
3.15058
3.12371
3.09776
3.07267
3.04842
3.02496
3.00227
2.98031
2.95906
2.93848
2.91854
2.89924
2.88053
2.8624
2.84482
2.82777
2.81124
2.79521
2.77964
2.76454
2.74989
2.73565
3.51947
3.47938
3.44077
3.40359
3.36778
3.33327
3.30002
3.26796
3.23703
3.20719
3.17839
3.15058
3.12371
3.09776
3.07267
3.04842
3.02496
3.00227
2.98031
2.95905
2.93847
2.91854
2.89923
2.88052
2.86239
2.84481
2.82776
2.81123
2.7952
2.77963
2.76453
2.74988
2.73564
3.51947
3.47938
3.44077
3.40359
3.36778
3.33327
3.30002
3.26796
3.23703
3.20719
3.17839
3.15058
3.12372
3.09777
3.07268
3.04843
3.02497
3.00228
2.98033
2.95907
2.9385
2.91857
2.89927
2.88056
2.86244
2.84487
2.82783
2.81131
2.79528
2.77973
2.76464
2.74999
2.73577
3.51947
3.47938
3.44077
3.40359
3.36778
3.33327
3.30002
3.26796
3.23704
3.2072
3.1784
3.15059
3.12374
3.09779
3.07272
3.04848
3.02504
3.00237
2.98044
2.95921
2.93866
2.91877
2.8995
2.88084
2.86275
2.84523
2.82824
2.81177
2.7958
2.78031
2.76528
2.7507
2.73654
3.51947
3.47938
3.44077
3.40359
3.36778
3.33329
3.30004
3.268
3.2371
3.2073
3.17854
3.15079
3.124
3.09813
3.07314
3.04899
3.02566
3.00312
2.98132
2.96024
2.93985
2.92013
2.90105
2.88258
2.86471
2.8474
2.83065
2.81441
2.79869
2.78346
2.76869
2.75438
2.74051
3.51947
3.47938
3.44078
3.40362
3.36785
3.33342
3.30028
3.26838
3.23767
3.20809
3.17962
3.15221
3.12581
3.10039
3.07591
3.05232
3.02961
3.00772
2.98663
2.9663
2.9467
2.9278
2.90957
2.89199
2.87502
2.85864
2.84282
2.82755
2.81279
2.79853
2.78475
2.77142
2.75852
3.51947
3.47942
3.44096
3.40413
3.36893
3.33532
3.30324
3.27265
3.24349
3.2157
3.18922
3.16401
3.14
3.11713
3.09535
3.0746
3.05483
3.03598
3.01799
3.00083
2.98444
2.96877
2.95379
2.93945
2.92571
2.91254
2.89992
2.88779
2.87615
2.86495
2.85418
2.84381
2.83381
3.5195
3.48076
3.44539
3.41321
3.38396
3.35745
3.33349
3.31191
3.29254
3.27519
3.25966
3.24577
3.23336
3.22225
3.21231
3.20339
3.19537
3.18815
3.18162
3.1757
3.17032
3.16539
3.16087
3.15669
3.15282
3.14922
3.14584
3.14266
3.13964
3.13677
3.13403
3.13139
3.12885
3.52507
3.51486
3.521
3.53643
3.55824
3.58492
3.61543
3.64885
3.68438
3.72134
3.75916
3.79742
3.83574
3.87385
3.91152
3.94858
3.98489
4.02036
4.05491
4.0885
4.12109
4.15265
4.18319
4.2127
4.24118
4.26866
4.29515
4.32067
4.34525
4.3689
4.39166
4.41356
4.43462
3.84201
4.38784
4.8776
5.34307
5.79571
6.23692
6.66468
7.07762
7.47572
7.85959
8.22996
8.58759
8.93324
9.26761
9.59135
9.905
10.209
10.5039
10.79
11.0676
11.337
11.5985
11.8524
12.0989
12.3382
12.5705
12.7961
13.0152
13.228
13.4346
13.6352
13.8301
14.0195
30.2673
32.7691
35.3054
37.8488
40.3863
42.91
45.413
47.8883
50.3292
52.7298
55.0848
57.3896
59.6402
61.8333
63.9661
66.0366
68.0432
69.9847
71.8605
73.6703
75.4141
77.0924
78.7059
80.2554
81.7421
83.1672
84.5321
85.8384
87.0876
88.2816
89.422
90.5104
91.5498
83.3523
173.248
325.363
515.687
675.712
774.09
818.291
823.64
801.865
762.92
715.977
668.034
623.112
582.773
547.12
515.621
487.603
462.47
439.778
419.22
400.578
383.668
368.286
354.181
341.06
328.628
316.646
304.994
293.709
282.995
273.163
264.521
257.222
251.143
245.863
240.756
235.16
228.534
220.556
211.17
200.579
189.236
177.789
166.984
157.497
149.744
143.753
139.162
135.357
131.681
127.597
122.779
117.125
110.718
103.783
96.6369
89.6482
83.2019
77.6618
73.3243
70.3612
68.7686
68.3511
68.7645
69.6026
70.4881
71.1328
71.3585
71.0888
70.3256
69.1238
67.569
65.7605
63.7976
61.7708
59.7541
57.8002
55.939
54.1776
52.5046
50.8958
49.3207
47.7485
46.1523
44.5113
42.8116
41.0453
39.2093
37.3043
35.3334
33.2998
31.2028
29.0359
26.7879
24.4317
21.9078
19.2609
17.0107
15.9088
16.5909
19.9024
23.0501
33.1104
58.8921
100.16
148.822
197.357
241.56
279.362
309.496
331.6
346.196
354.422
357.65
357.154
353.942
348.761
342.176
334.647
326.569
318.261
309.947
301.722
293.552
285.3
276.79
267.892
258.593
249.055
239.616
230.732
222.862
216.302
211.041
206.707
202.646
198.103
192.43
185.225
176.398
166.177
155.065
143.77
133.092
123.764
116.275
110.73
106.82
103.942
101.399
98.5864
95.1119
90.8166
85.7479
80.1065
74.1914
68.3524
62.9514
58.3296
54.7715
52.4595
51.4247
51.5206
52.4479
53.8291
55.2964
56.5571
57.421
57.7972
57.6746
57.098
56.1458
54.9122
53.4941
51.9804
50.4446
48.9404
47.4987
46.1287
44.8217
43.556
42.304
41.0374
39.7316
38.3678
36.9337
35.423
33.8343
32.17
30.4352
28.6358
26.7748
24.8492
22.8498
20.7577
18.5448
16.2993
14.5316
13.8825
14.9935
9.83893
9.97232
10.1871
11.5364
15.0741
21.0235
28.9756
38.2499
48.1561
58.6804
69.9922
82.3121
95.6844
109.84
124.217
138.105
150.819
161.851
170.947
178.099
183.468
187.281
189.729
190.912
190.83
189.432
186.695
182.702
177.702
172.11
166.467
161.334
157.145
154.049
151.821
149.893
147.518
143.996
138.857
131.97
123.546
114.088
104.294
94.9379
86.7335
80.1987
75.5302
72.547
70.7496
69.4848
68.1359
66.2591
63.6363
60.26
56.2841
51.9647
47.6068
43.5233
40.0068
37.3081
35.6104
34.9913
35.3861
36.5842
38.2761
40.1294
41.8576
43.2582
44.2197
44.709
44.7515
44.41
43.7675
42.9129
41.9304
40.8915
39.8497
38.838
37.8687
36.9367
36.0246
35.1085
34.1633
33.1667
32.102
30.9583
29.7307
28.419
27.0268
25.5607
24.0288
22.4376
20.7879
19.0728
17.2809
15.4116
13.5774
12.2392
11.9236
13.3216
6.14637
6.235
6.26896
6.32058
6.56016
7.12796
8.0698
9.37046
10.9442
12.6522
14.5491
16.7746
19.5116
22.9359
27.1604
32.1948
37.9356
44.193
50.741
57.3693
63.9141
70.2531
76.2699
81.8078
86.646
90.5244
93.2139
94.6017
94.7529
93.9229
92.5196
91.026
89.8901
89.3927
89.526
89.9496
90.0744
89.2547
86.9989
83.1134
77.7405
71.3036
64.3957
57.655
51.6589
46.845
43.4478
41.4457
40.5538
40.2997
40.1631
39.7142
38.6958
37.0375
34.8228
32.2368
29.5126
26.8884
24.5828
22.7841
21.6464
21.2746
21.6927
22.8144
24.4468
26.3356
28.2271
29.9169
31.272
32.2302
32.7879
32.9829
32.878
32.5473
32.0649
31.497
30.8952
30.2936
29.7079
29.1371
28.5686
27.9825
27.357
26.6724
25.9135
25.0707
24.1397
23.121
22.019
20.8409
19.5961
18.2939
16.9389
15.5276
14.0527
12.5277
11.0717
10.0911
10.0082
11.5796
4.49977
4.54074
4.57356
4.59795
4.63274
4.70647
4.84115
5.04876
5.32375
5.63663
5.98473
6.38586
6.87289
7.48626
8.26532
9.24057
10.4287
11.8315
13.4389
15.2352
17.2059
19.3402
21.626
24.0348
26.5017
28.915
31.1278
32.9944
34.4185
35.3895
35.9933
36.3994
36.8256
37.481
38.48
39.7535
41.0173
41.846
41.8297
40.7302
38.5591
35.5551
32.0924
28.5729
25.346
22.6733
20.7227
19.5592
19.1222
19.2162
19.5512
19.8258
19.8097
19.3897
18.57
17.4424
16.1449
14.8252
13.6175
12.6362
11.9802
11.7379
11.9774
12.7184
13.9048
15.4052
17.0439
18.6459
20.0716
21.2322
22.0904
22.6504
22.946
23.0281
22.954
22.7789
22.5488
22.2969
22.0411
21.7846
21.5192
21.2293
20.8963
20.5028
20.0345
19.4824
18.8423
18.1145
17.3033
16.4159
15.4619
14.4518
13.3939
12.2887
11.1316
9.93552
8.80615
8.09873
8.15484
9.79879
3.6878
3.70229
3.71642
3.72904
3.74133
3.75733
3.78215
3.82026
3.87293
3.9366
4.01026
4.09675
4.20273
4.3372
4.50938
4.72669
4.99356
5.31117
5.67812
6.09173
6.54955
7.05054
7.59496
8.18244
8.80788
9.45698
10.1044
10.717
11.263
11.7225
12.0951
12.4034
12.6918
13.0215
13.4538
14.0182
14.6723
15.2872
15.6834
15.7053
15.2884
14.4788
13.4034
12.2171
11.0599
10.038
9.22548
8.67331
8.40553
8.40247
8.58853
8.84493
9.04626
9.09979
8.96705
8.66236
8.23559
7.75126
7.2726
6.85483
6.54708
6.39882
6.46329
6.78933
7.40093
8.27691
9.34694
10.5083
11.6526
12.6899
13.5609
14.2391
14.7267
15.0458
15.2305
15.3189
15.3469
15.3428
15.3245
15.2983
15.2605
15.1995
15.1002
14.9468
14.7262
14.4288
14.0497
13.5882
13.0476
12.4339
11.7558
11.0237
10.2474
9.43225
8.57655
7.68575
6.83361
6.31588
6.41889
8.03371
3.25299
3.25448
3.25622
3.25794
3.25952
3.26129
3.26405
3.26879
3.2761
3.2858
3.29797
3.3135
3.33432
3.36315
3.4029
3.45601
3.52397
3.60715
3.70495
3.81616
3.93934
4.07328
4.21706
4.36996
4.53076
4.69697
4.86416
5.02621
5.17655
5.30995
5.42414
5.52078
5.60582
5.68986
5.78719
5.91112
6.06441
6.22976
6.36946
6.43859
6.40461
6.26056
6.02474
5.73027
5.41288
5.10335
4.82613
4.60198
4.44945
4.38063
4.3927
4.46275
4.55262
4.6219
4.64148
4.6004
4.50476
4.37152
4.22176
4.07634
3.95506
3.8788
3.87276
3.96723
4.1921
4.56547
5.08248
5.71193
6.40292
7.09798
7.74608
8.31126
8.77561
9.13783
9.40925
9.60886
9.75835
9.87774
9.9819
10.0784
10.1671
10.2409
10.2885
10.2966
10.2529
10.1474
9.97402
9.73018
9.417
9.03862
8.60161
8.11457
7.58717
7.02742
6.4376
5.81762
5.20333
4.81283
4.88087
6.35852
3.00949
3.00377
2.99823
2.99283
2.98748
2.98213
2.97679
2.9716
2.96664
2.96194
2.95759
2.9539
2.9515
2.95135
2.95453
2.96204
2.97463
2.99261
3.01592
3.04417
3.07678
3.11314
3.15264
3.19476
3.23889
3.28423
3.32963
3.37356
3.41438
3.45064
3.48146
3.5067
3.52706
3.54421
3.56095
3.5807
3.60582
3.63515
3.66263
3.67869
3.67402
3.64323
3.58646
3.50838
3.41603
3.31676
3.21729
3.12414
3.04433
2.98504
2.95119
2.94238
2.95169
2.96772
2.97877
2.9766
2.95811
2.92491
2.88156
2.83396
2.78855
2.75255
2.73522
2.7491
2.8097
2.93237
3.12682
3.39223
3.71568
4.07474
4.44293
4.79564
5.11452
5.38959
5.61911
5.80801
5.96546
6.10223
6.22806
6.34955
6.46878
6.58293
6.68506
6.76559
6.81422
6.82161
6.78063
6.68699
6.53939
6.33933
6.09064
5.79912
5.47225
5.11822
4.74228
4.34375
3.93038
3.63648
3.62194
4.85799
2.87198
2.86172
2.8516
2.84161
2.83172
2.82186
2.81199
2.80206
2.79205
2.78193
2.77173
2.76155
2.75158
2.74216
2.73367
2.72654
2.72113
2.71765
2.71619
2.7167
2.71901
2.7229
2.72813
2.73444
2.74155
2.74913
2.75676
2.76394
2.77012
2.77478
2.77758
2.77833
2.77708
2.7741
2.77001
2.76571
2.76212
2.75958
2.75729
2.75334
2.74526
2.73098
2.7094
2.68056
2.64536
2.60515
2.56149
2.51619
2.47154
2.43043
2.39586
2.3699
2.35269
2.34223
2.33525
2.32835
2.31908
2.30631
2.29012
2.27141
2.25163
2.23274
2.21754
2.21032
2.21718
2.24563
2.30284
2.39329
2.51678
2.66789
2.83718
3.01337
3.18582
3.3464
3.49052
3.61726
3.72877
3.82921
3.92352
4.01601
4.10923
4.20312
4.29477
4.37884
4.44848
4.49646
4.51627
4.50296
4.45357
4.3673
4.24531
4.09045
3.90723
3.70184
3.4802
3.24366
2.98748
2.77998
2.68732
3.60955
2.796
2.78271
2.76954
2.75648
2.74352
2.73064
2.71777
2.70489
2.69195
2.67891
2.66577
2.65256
2.63934
2.62622
2.61334
2.60085
2.58891
2.57764
2.56711
2.55733
2.5483
2.53995
2.53222
2.52502
2.51822
2.5117
2.50528
2.49874
2.49186
2.4844
2.47619
2.46713
2.4572
2.44649
2.4352
2.42368
2.41234
2.4015
2.39123
2.38118
2.37069
2.35896
2.34521
2.32889
2.30967
2.28749
2.26251
2.23512
2.2061
2.17659
2.14806
2.122
2.09945
2.08073
2.06539
2.05248
2.04092
2.02976
2.01834
2.00628
1.99349
1.98015
1.96683
1.95474
1.94591
1.94331
1.95048
1.97072
2.00606
2.05646
2.11972
2.19194
2.2685
2.34499
2.41803
2.48571
2.54766
2.60487
2.65919
2.7128
2.76752
2.8242
2.8823
2.93969
2.99289
3.03759
3.06921
3.08363
3.07766
3.04938
2.99821
2.92481
2.83111
2.72069
2.59822
2.46663
2.31944
2.18774
2.06001
2.6586
2.75592
2.7406
2.72538
2.71026
2.69524
2.68029
2.66539
2.65051
2.6356
2.62066
2.60567
2.59062
2.57555
2.56049
2.5455
2.53063
2.51594
2.50148
2.4873
2.47341
2.45982
2.44654
2.43355
2.42083
2.40834
2.39603
2.38383
2.37161
2.35927
2.34667
2.33372
2.32036
2.30658
2.29247
2.27817
2.26389
2.24992
2.23651
2.2238
2.21179
2.20026
2.1888
2.1769
2.16401
2.14963
2.13339
2.1151
2.09477
2.0727
2.04941
2.02567
2.0024
1.98044
1.9604
1.94257
1.92686
1.91294
1.9003
1.88838
1.87667
1.86474
1.85228
1.83919
1.82566
1.81224
1.79995
1.79023
1.78479
1.78515
1.7923
1.80634
1.82646
1.85113
1.8785
1.90679
1.93462
1.9612
1.98638
2.0106
2.03466
2.05948
2.0858
2.11384
2.14308
2.17218
2.19911
2.22133
2.2362
2.24129
2.23472
2.21532
2.18265
2.1371
2.08022
2.01483
1.944
1.86331
1.78825
1.67049
2.00047
2.73609
2.71949
2.70296
2.68651
2.67014
2.65383
2.63757
2.62134
2.60512
2.5889
2.57265
2.55638
2.5401
2.52383
2.50759
2.49141
2.47531
2.45931
2.44343
2.42769
2.4121
2.39666
2.38138
2.36627
2.35131
2.33648
2.32175
2.30704
2.29229
2.27741
2.26234
2.24705
2.23154
2.2159
2.20025
2.1848
2.16976
2.15535
2.14172
2.12889
2.11676
2.10506
2.0934
2.08132
2.06835
2.0541
2.03832
2.02093
2.00205
1.982
1.96126
1.9404
1.92002
1.90065
1.88262
1.86608
1.85097
1.83705
1.82395
1.81125
1.79854
1.78546
1.77176
1.75734
1.74229
1.72691
1.71173
1.6975
1.68504
1.6751
1.66821
1.66451
1.66376
1.66543
1.66882
1.67322
1.67807
1.68305
1.68809
1.69335
1.69918
1.70596
1.71394
1.72314
1.7332
1.74332
1.75237
1.75895
1.76159
1.75895
1.74997
1.73397
1.71068
1.68053
1.64488
1.60605
1.56164
1.52139
1.43576
1.5848
2.72699
2.70964
2.69234
2.67509
2.65789
2.64074
2.62364
2.60655
2.58949
2.57242
2.55535
2.53828
2.52121
2.50415
2.48711
2.47012
2.45318
2.43631
2.41952
2.40282
2.38621
2.36972
2.35334
2.33708
2.32095
2.30493
2.289
2.27313
2.25725
2.24132
2.22528
2.20912
2.19285
2.17654
2.16031
2.14434
2.12881
2.11392
2.09977
2.08643
2.07379
2.06166
2.04972
2.03759
2.02486
2.0112
1.99636
1.98026
1.96295
1.94464
1.92568
1.90648
1.88746
1.869
1.85141
1.83483
1.81927
1.8046
1.79059
1.77691
1.76325
1.7493
1.73482
1.71966
1.70378
1.68726
1.6703
1.65321
1.63639
1.62026
1.60522
1.59156
1.57941
1.56876
1.55944
1.5512
1.54379
1.53698
1.53063
1.52472
1.51931
1.51453
1.51054
1.50741
1.50511
1.50342
1.50189
1.4999
1.4967
1.49153
1.48366
1.47252
1.45773
1.43926
1.41762
1.39424
1.36787
1.3452
1.29162
1.34061
2.72312
2.70538
2.68766
2.66997
2.65231
2.63468
2.61708
2.5995
2.58192
2.56435
2.54678
2.52921
2.51164
2.49408
2.47655
2.45905
2.4416
2.4242
2.40687
2.38961
2.37243
2.35535
2.33837
2.3215
2.30474
2.28808
2.27153
2.25504
2.23858
2.22212
2.20561
2.18904
2.17243
2.15584
2.13937
2.12317
2.10738
2.09218
2.07767
2.06387
2.05074
2.03809
2.02568
2.01319
2.00028
1.98668
1.97216
1.95665
1.94016
1.92286
1.905
1.88688
1.86883
1.85113
1.83402
1.8176
1.8019
1.78683
1.77222
1.75783
1.74342
1.72873
1.71357
1.69782
1.68142
1.66437
1.64678
1.62878
1.61059
1.59242
1.57452
1.55711
1.54035
1.52435
1.50913
1.49468
1.4809
1.46771
1.45503
1.4428
1.43102
1.4197
1.4089
1.39869
1.38909
1.38006
1.37147
1.3631
1.35462
1.34565
1.33579
1.32469
1.31204
1.29772
1.28183
1.26514
1.24695
1.23141
1.19989
1.20303
2.72158
2.70364
2.68572
2.66781
2.64991
2.63203
2.61416
2.5963
2.57844
2.56059
2.54273
2.52488
2.50702
2.48918
2.47135
2.45355
2.43579
2.41808
2.40042
2.38283
2.36531
2.34788
2.33054
2.3133
2.29616
2.27913
2.2622
2.24535
2.22855
2.21178
2.195
2.17822
2.16145
2.14473
2.12815
2.11182
2.09588
2.08045
2.06561
2.0514
2.03778
2.02459
2.01165
1.9987
1.98546
1.9717
1.95724
1.94199
1.92597
1.90929
1.89213
1.87475
1.85737
1.84022
1.82348
1.80723
1.79149
1.77619
1.76119
1.74631
1.73135
1.71613
1.70047
1.68429
1.66754
1.65021
1.63236
1.61409
1.59551
1.57677
1.55801
1.53936
1.52096
1.50291
1.48527
1.46807
1.45131
1.43498
1.41906
1.4035
1.3883
1.37345
1.35897
1.34488
1.33122
1.31798
1.30517
1.2927
1.28047
1.26833
1.2561
1.24358
1.2306
1.21707
1.20297
1.18864
1.1737
1.16022
1.14055
1.12615
2.72097
2.70295
2.68493
2.66691
2.64889
2.63089
2.61288
2.59488
2.57688
2.55887
2.54087
2.52286
2.50485
2.48685
2.46887
2.4509
2.43297
2.41507
2.39723
2.37944
2.36172
2.34407
2.32651
2.30904
2.29167
2.27439
2.25721
2.24012
2.22309
2.20612
2.18917
2.17226
2.15538
2.13859
2.12194
2.10553
2.08946
2.07382
2.0587
2.04411
2.03002
2.01632
2.00286
1.98943
1.97581
1.9618
1.94727
1.93213
1.91637
1.90009
1.88341
1.86653
1.84963
1.83287
1.8164
1.80029
1.78453
1.76908
1.75381
1.73859
1.72325
1.70764
1.69164
1.67517
1.65819
1.64071
1.62276
1.60443
1.58579
1.56696
1.54802
1.52908
1.51022
1.49151
1.47301
1.45477
1.43679
1.41909
1.40167
1.38452
1.36763
1.35099
1.33463
1.31854
1.30275
1.28728
1.27213
1.2573
1.24276
1.22848
1.21439
1.20041
1.18648
1.17253
1.15854
1.14465
1.13066
1.11723
1.10265
1.08256
2.7207
2.70264
2.68457
2.6665
2.64843
2.63036
2.61228
2.59421
2.57614
2.55806
2.53997
2.52189
2.5038
2.48572
2.46765
2.4496
2.43158
2.41358
2.39563
2.37773
2.35989
2.34211
2.32441
2.30679
2.28926
2.27182
2.25447
2.23721
2.22002
2.2029
2.18583
2.16881
2.15186
2.135
2.1183
2.10181
2.08562
2.0698
2.05441
2.03948
2.02497
2.01081
1.99686
1.98298
1.96898
1.95471
1.94005
1.92491
1.90931
1.89328
1.87693
1.86041
1.84384
1.82737
1.8111
1.79508
1.77931
1.76374
1.74828
1.73281
1.7172
1.70133
1.6851
1.66844
1.65132
1.63376
1.6158
1.59748
1.5789
1.56012
1.54124
1.52231
1.50341
1.48458
1.46588
1.44733
1.42894
1.41075
1.39273
1.37491
1.35728
1.33983
1.32259
1.30554
1.28872
1.27213
1.25579
1.23971
1.2239
1.20835
1.19307
1.17803
1.16322
1.14861
1.13421
1.12005
1.10605
1.09212
1.07919
1.05738
2.72054
2.70246
2.68437
2.66627
2.64816
2.63006
2.61195
2.59384
2.57572
2.5576
2.53948
2.52135
2.50323
2.48511
2.46699
2.4489
2.43082
2.41277
2.39476
2.37679
2.35888
2.34102
2.32323
2.30551
2.28787
2.27032
2.25285
2.23546
2.21815
2.20092
2.18375
2.16665
2.14963
2.13271
2.11595
2.09938
2.08307
2.06709
2.05147
2.03623
2.02135
2.00677
1.9924
1.97811
1.96376
1.94922
1.9344
1.91923
1.90369
1.88783
1.8717
1.85543
1.83911
1.82284
1.80671
1.79075
1.77497
1.75931
1.74371
1.72806
1.71225
1.6962
1.67981
1.66303
1.64585
1.62827
1.61032
1.59207
1.57358
1.55491
1.53614
1.51732
1.49851
1.47975
1.46108
1.44251
1.42406
1.40575
1.38757
1.36953
1.35163
1.33387
1.31627
1.29882
1.28154
1.26445
1.24755
1.23087
1.21442
1.19821
1.18225
1.16656
1.15115
1.136
1.12114
1.10656
1.09226
1.07779
1.0651
1.04263
2.72042
2.70232
2.68421
2.6661
2.64797
2.62984
2.61171
2.59357
2.57543
2.55729
2.53914
2.52099
2.50284
2.48469
2.46656
2.44843
2.43033
2.41225
2.3942
2.37619
2.35822
2.34031
2.32245
2.30467
2.28695
2.26931
2.25175
2.23427
2.21687
2.19954
2.18229
2.16511
2.14803
2.13106
2.11423
2.09758
2.08117
2.06503
2.0492
2.03369
2.01849
2.00356
1.98882
1.97417
1.9595
1.94471
1.92973
1.91448
1.89897
1.88319
1.86722
1.85112
1.83497
1.81885
1.80282
1.78691
1.7711
1.75538
1.73966
1.72388
1.70793
1.69175
1.67525
1.65841
1.6412
1.62363
1.60574
1.58757
1.56918
1.55063
1.53199
1.51331
1.49463
1.47599
1.45742
1.43893
1.42054
1.40226
1.38409
1.36603
1.34808
1.33025
1.31255
1.29497
1.27753
1.26025
1.24313
1.22619
1.20945
1.19293
1.17664
1.1606
1.14482
1.12932
1.11412
1.09917
1.08454
1.06964
1.0568
1.0339
2.72031
2.7022
2.68408
2.66595
2.64781
2.62966
2.61151
2.59335
2.57519
2.55703
2.53886
2.52069
2.50253
2.48436
2.46621
2.44807
2.42994
2.41184
2.39376
2.37572
2.35771
2.33976
2.32186
2.30402
2.28624
2.26853
2.2509
2.23334
2.21586
2.19846
2.18113
2.16389
2.14674
2.12971
2.11281
2.09609
2.07956
2.06328
2.04727
2.03153
2.01606
2.00083
1.98576
1.9708
1.95585
1.94084
1.92569
1.91036
1.89482
1.8791
1.86321
1.84723
1.8312
1.81518
1.79922
1.78333
1.76751
1.75173
1.73593
1.72004
1.70399
1.68772
1.67116
1.65428
1.63707
1.61954
1.60171
1.58364
1.56536
1.54694
1.52844
1.50989
1.49134
1.47283
1.45437
1.436
1.41771
1.39951
1.38141
1.36341
1.3455
1.3277
1.31
1.29242
1.27496
1.25764
1.24046
1.22344
1.2066
1.18995
1.17351
1.15731
1.14134
1.12563
1.1102
1.095
1.08011
1.0649
1.05185
1.02863
2.72021
2.70209
2.68396
2.66581
2.64766
2.6295
2.61133
2.59316
2.57498
2.5568
2.53861
2.52043
2.50225
2.48407
2.4659
2.44774
2.42959
2.41147
2.39337
2.3753
2.35727
2.33928
2.32134
2.30345
2.28562
2.26786
2.25016
2.23254
2.21499
2.19752
2.18013
2.16282
2.14562
2.12852
2.11155
2.09474
2.07812
2.06171
2.04553
2.02959
2.01389
1.99839
1.98305
1.96782
1.95263
1.93741
1.9221
1.90668
1.8911
1.87539
1.85956
1.84364
1.82769
1.81174
1.79582
1.77995
1.76411
1.74828
1.73241
1.71644
1.70032
1.68398
1.66738
1.6505
1.63331
1.61583
1.59808
1.5801
1.56194
1.54365
1.52527
1.50685
1.48844
1.47005
1.45171
1.43344
1.41526
1.39716
1.37914
1.36122
1.34339
1.32565
1.30802
1.29048
1.27306
1.25576
1.2386
1.22158
1.20473
1.18805
1.17156
1.15528
1.13923
1.12341
1.10784
1.09248
1.0774
1.06199
1.04878
1.02531
2.72011
2.70198
2.68384
2.66568
2.64752
2.62934
2.61116
2.59297
2.57478
2.55658
2.53839
2.52019
2.50199
2.4838
2.46561
2.44743
2.42927
2.41113
2.39301
2.37491
2.35685
2.33883
2.32085
2.30292
2.28505
2.26724
2.24949
2.23181
2.2142
2.19666
2.17921
2.16185
2.14457
2.12741
2.11038
2.09349
2.07677
2.06024
2.04391
2.0278
2.01189
1.99616
1.98059
1.96513
1.94972
1.93432
1.91887
1.90334
1.88771
1.87199
1.85618
1.8403
1.8244
1.80848
1.79259
1.77672
1.76086
1.74498
1.72906
1.71303
1.69685
1.68047
1.66386
1.64697
1.62982
1.6124
1.59473
1.57686
1.55881
1.54065
1.5224
1.5041
1.48581
1.46754
1.44932
1.43115
1.41307
1.39506
1.37714
1.3593
1.34155
1.32389
1.30632
1.28886
1.2715
1.25425
1.23713
1.22015
1.20332
1.18666
1.17017
1.15388
1.13779
1.12192
1.10627
1.0908
1.0756
1.06005
1.04673
1.0231
2.72002
2.70188
2.68373
2.66556
2.64738
2.6292
2.611
2.5928
2.57459
2.55638
2.53817
2.51996
2.50174
2.48354
2.46533
2.44714
2.42896
2.4108
2.39266
2.37454
2.35645
2.3384
2.32039
2.30242
2.28451
2.26665
2.24885
2.23112
2.21345
2.19586
2.17835
2.16093
2.1436
2.12637
2.10927
2.0923
2.07549
2.05884
2.04238
2.02611
2.01003
1.99411
1.97834
1.96267
1.94707
1.9315
1.91592
1.90029
1.8846
1.86885
1.85303
1.83717
1.82129
1.80539
1.78951
1.77363
1.75774
1.74183
1.72586
1.70979
1.69357
1.67716
1.66054
1.64367
1.62656
1.60921
1.59163
1.57386
1.55593
1.53788
1.51976
1.50159
1.48341
1.46526
1.44714
1.42908
1.41109
1.39317
1.37534
1.35758
1.33991
1.32233
1.30483
1.28744
1.27015
1.25297
1.2359
1.21897
1.20219
1.18556
1.16909
1.15281
1.13671
1.12081
1.10511
1.08958
1.0743
1.05866
1.04527
1.02154
2.71993
2.70179
2.68362
2.66545
2.64726
2.62906
2.61085
2.59264
2.57442
2.5562
2.53797
2.51974
2.50151
2.48329
2.46507
2.44686
2.42867
2.41049
2.39232
2.37418
2.35607
2.33799
2.31995
2.30195
2.284
2.26609
2.24825
2.23047
2.21275
2.19511
2.17754
2.16006
2.14267
2.12538
2.10821
2.09117
2.07426
2.05752
2.04094
2.02453
2.00829
1.9922
1.97625
1.96041
1.94465
1.92893
1.91322
1.89749
1.88174
1.86594
1.85011
1.83424
1.81836
1.80247
1.78658
1.77068
1.75478
1.73883
1.72282
1.70671
1.69046
1.67404
1.65742
1.64058
1.62352
1.60624
1.58875
1.57108
1.55327
1.53534
1.51734
1.4993
1.48124
1.46319
1.44518
1.42723
1.40933
1.3915
1.37375
1.35607
1.33848
1.32097
1.30355
1.28623
1.269
1.25189
1.23488
1.21801
1.20127
1.18468
1.16824
1.15198
1.13589
1.11998
1.10425
1.08868
1.07334
1.05764
1.04421
1.02041
2.71985
2.7017
2.68353
2.66534
2.64714
2.62893
2.61072
2.59249
2.57426
2.55602
2.53778
2.51954
2.5013
2.48306
2.46483
2.4466
2.42839
2.41019
2.392
2.37384
2.35571
2.3376
2.31953
2.3015
2.28351
2.26557
2.24768
2.22985
2.21209
2.1944
2.17678
2.15924
2.14179
2.12445
2.10721
2.09009
2.0731
2.05626
2.03957
2.02304
2.00666
1.99043
1.97432
1.95833
1.94242
1.92656
1.91074
1.89492
1.87909
1.86325
1.84739
1.83151
1.81561
1.79971
1.78381
1.7679
1.75197
1.736
1.71996
1.70382
1.68755
1.67113
1.65452
1.63772
1.62071
1.6035
1.58611
1.56855
1.55086
1.53305
1.51518
1.49726
1.47932
1.46139
1.44349
1.42563
1.40783
1.39009
1.37242
1.35483
1.33731
1.31988
1.30253
1.28527
1.26812
1.25106
1.23412
1.2173
1.20061
1.18406
1.16765
1.15141
1.13533
1.11942
1.10368
1.08807
1.0727
1.05696
1.0435
1.01966
2.71977
2.70161
2.68344
2.66524
2.64703
2.62882
2.61059
2.59235
2.57411
2.55586
2.5376
2.51935
2.5011
2.48284
2.4646
2.44635
2.42812
2.40991
2.3917
2.37352
2.35536
2.33723
2.31913
2.30107
2.28305
2.26507
2.24715
2.22928
2.21147
2.19373
2.17606
2.15847
2.14097
2.12356
2.10626
2.08908
2.07201
2.05508
2.0383
2.02165
2.00515
1.98879
1.97255
1.95642
1.94038
1.9244
1.90847
1.89257
1.87667
1.86078
1.84488
1.82897
1.81307
1.79715
1.78124
1.76531
1.74936
1.73336
1.7173
1.70115
1.68489
1.66847
1.65189
1.63514
1.6182
1.60107
1.58378
1.56634
1.54877
1.53109
1.51335
1.49556
1.47775
1.45994
1.44215
1.4244
1.4067
1.38906
1.37148
1.35396
1.33653
1.31917
1.30189
1.2847
1.26761
1.25062
1.23373
1.21696
1.20031
1.1838
1.16743
1.15121
1.13514
1.11923
1.10348
1.08786
1.07246
1.0567
1.04322
1.01936
2.71971
2.70154
2.68335
2.66515
2.64693
2.62871
2.61047
2.59222
2.57397
2.55571
2.53744
2.51917
2.50091
2.48264
2.46438
2.44612
2.42788
2.40964
2.39142
2.37322
2.35504
2.33688
2.31876
2.30067
2.28262
2.26461
2.24665
2.22874
2.21089
2.19311
2.17539
2.15776
2.1402
2.12274
2.10538
2.08813
2.071
2.05399
2.03712
2.02037
2.00377
1.98729
1.97094
1.95469
1.93854
1.92246
1.90643
1.89045
1.87449
1.85855
1.84262
1.82669
1.81076
1.79484
1.77892
1.76298
1.74702
1.73102
1.71496
1.69882
1.68257
1.66619
1.64966
1.63297
1.61611
1.59909
1.58192
1.5646
1.54717
1.52964
1.51204
1.49439
1.47672
1.45904
1.44138
1.42375
1.40615
1.38861
1.37112
1.35369
1.33634
1.31905
1.30184
1.28472
1.26769
1.25075
1.23392
1.21719
1.20059
1.18411
1.16776
1.15156
1.13551
1.11961
1.10386
1.08822
1.07282
1.05704
1.04356
1.01972
2.71964
2.70147
2.68328
2.66507
2.64684
2.62861
2.61036
2.59211
2.57384
2.55557
2.53729
2.51902
2.50074
2.48246
2.46418
2.44591
2.42765
2.4094
2.39116
2.37294
2.35474
2.33657
2.31842
2.3003
2.28222
2.26418
2.24619
2.22825
2.21037
2.19254
2.17479
2.15711
2.13951
2.12201
2.10459
2.08729
2.07009
2.05302
2.03607
2.01924
2.00255
1.98598
1.96953
1.95319
1.93694
1.92078
1.90468
1.88863
1.87263
1.85665
1.8407
1.82476
1.80884
1.79292
1.77701
1.76109
1.74515
1.72917
1.71315
1.69704
1.68084
1.66453
1.64808
1.63149
1.61475
1.59786
1.58083
1.56367
1.5464
1.52903
1.51159
1.4941
1.47658
1.45905
1.44152
1.42401
1.40653
1.38909
1.37169
1.35435
1.33708
1.31986
1.30272
1.28566
1.26868
1.25179
1.235
1.21832
1.20175
1.18531
1.16899
1.15281
1.13678
1.12089
1.10516
1.08954
1.07415
1.0584
1.04494
1.02119
2.71959
2.70141
2.68321
2.665
2.64677
2.62852
2.61027
2.592
2.57373
2.55545
2.53717
2.51888
2.50059
2.4823
2.46401
2.44573
2.42745
2.40919
2.39094
2.3727
2.35449
2.33629
2.31813
2.29999
2.28189
2.26383
2.24581
2.22784
2.20993
2.19208
2.1743
2.15659
2.13896
2.12141
2.10396
2.08661
2.06937
2.05225
2.03524
2.01836
2.00161
1.98497
1.96846
1.95206
1.93575
1.91954
1.9034
1.88733
1.87131
1.85534
1.8394
1.82349
1.80761
1.79174
1.77588
1.76002
1.74415
1.72825
1.71231
1.6963
1.6802
1.66401
1.64769
1.63125
1.61467
1.59795
1.5811
1.56412
1.54703
1.52985
1.51259
1.49528
1.47792
1.46054
1.44315
1.42576
1.40839
1.39105
1.37375
1.35649
1.33928
1.32213
1.30505
1.28804
1.27111
1.25427
1.23752
1.22088
1.20436
1.18795
1.17168
1.15555
1.13957
1.12373
1.10805
1.0925
1.07719
1.06154
1.04819
1.02467
2.71955
2.70137
2.68316
2.66494
2.64671
2.62846
2.6102
2.59193
2.57365
2.55536
2.53707
2.51878
2.50048
2.48219
2.46389
2.44561
2.42733
2.40905
2.3908
2.37255
2.35433
2.33613
2.31796
2.29981
2.2817
2.26364
2.24561
2.22764
2.20972
2.19186
2.17406
2.15635
2.13871
2.12115
2.1037
2.08634
2.06909
2.05195
2.03494
2.01805
2.00128
1.98464
1.96812
1.95171
1.93542
1.91922
1.90311
1.88708
1.87113
1.85523
1.83938
1.82357
1.8078
1.79206
1.77634
1.76062
1.7449
1.72916
1.71338
1.69754
1.68163
1.66562
1.6495
1.63325
1.61688
1.60037
1.58373
1.56696
1.55008
1.53309
1.51601
1.49887
1.48166
1.46442
1.44716
1.42989
1.41262
1.39536
1.37814
1.36095
1.3438
1.32671
1.30968
1.29273
1.27586
1.25908
1.2424
1.22584
1.2094
1.19309
1.17693
1.16092
1.14508
1.1294
1.11391
1.09857
1.0835
1.06814
1.05506
1.03214
2.71954
2.70136
2.68316
2.66494
2.6467
2.62846
2.6102
2.59193
2.57366
2.55538
2.53709
2.51881
2.50052
2.48223
2.46395
2.44568
2.42741
2.40915
2.39091
2.37269
2.35449
2.33631
2.31816
2.30005
2.28197
2.26393
2.24594
2.22801
2.21013
2.19231
2.17457
2.1569
2.13932
2.12182
2.10443
2.08714
2.06996
2.0529
2.03597
2.01916
2.00249
1.98594
1.96953
1.95324
1.93707
1.92101
1.90506
1.8892
1.87343
1.85773
1.8421
1.82652
1.81099
1.7955
1.78003
1.76458
1.74911
1.73363
1.71811
1.70252
1.68686
1.6711
1.65522
1.63921
1.62307
1.60678
1.59035
1.57378
1.55708
1.54026
1.52333
1.50632
1.48925
1.47211
1.45495
1.43776
1.42057
1.4034
1.38625
1.36913
1.35207
1.33507
1.31815
1.30131
1.28457
1.26795
1.25145
1.2351
1.2189
1.20286
1.18702
1.17137
1.15593
1.14071
1.12574
1.11098
1.09655
1.08195
1.06956
1.04812
2.71968
2.70152
2.68334
2.66515
2.64694
2.62873
2.6105
2.59227
2.57404
2.5558
2.53757
2.51933
2.5011
2.48288
2.46467
2.44646
2.42828
2.41011
2.39196
2.37383
2.35573
2.33767
2.31963
2.30164
2.2837
2.2658
2.24796
2.23018
2.21247
2.19483
2.17727
2.15979
2.14241
2.12513
2.10796
2.0909
2.07397
2.05716
2.04049
2.02395
2.00756
1.99131
1.9752
1.95923
1.94339
1.92768
1.91208
1.89659
1.88119
1.86587
1.85063
1.83545
1.82031
1.8052
1.7901
1.775
1.75989
1.74473
1.72951
1.71421
1.6988
1.68327
1.66761
1.65179
1.63582
1.61968
1.60339
1.58694
1.57034
1.55362
1.53679
1.51987
1.50288
1.48584
1.46877
1.4517
1.43464
1.41762
1.40064
1.38374
1.36692
1.35021
1.33361
1.31715
1.30085
1.28472
1.26879
1.25307
1.23758
1.22235
1.2074
1.19275
1.17843
1.16445
1.15084
1.13759
1.12482
1.11211
1.10144
1.0836
2.72054
2.70248
2.68441
2.66633
2.64825
2.63017
2.6121
2.59403
2.57596
2.55791
2.53986
2.52183
2.50382
2.48583
2.46786
2.44991
2.43199
2.41411
2.39626
2.37844
2.36067
2.34295
2.32527
2.30765
2.29009
2.27259
2.25516
2.23781
2.22054
2.20336
2.18627
2.16929
2.15241
2.13564
2.119
2.10248
2.0861
2.06985
2.05375
2.0378
2.02199
2.00633
1.99081
1.97543
1.96018
1.94505
1.93004
1.91511
1.90027
1.88549
1.87075
1.85604
1.84135
1.82664
1.8119
1.79712
1.78227
1.76732
1.75228
1.7371
1.72179
1.70631
1.69068
1.67488
1.65891
1.64277
1.62649
1.61007
1.59353
1.5769
1.5602
1.54345
1.52669
1.50995
1.49324
1.4766
1.46006
1.44363
1.42735
1.41123
1.3953
1.37959
1.36412
1.34891
1.33401
1.31943
1.30521
1.29137
1.27797
1.26503
1.2526
1.24072
1.22943
1.21877
1.20878
1.1995
1.19101
1.18316
1.17682
1.16798
2.72483
2.70717
2.68951
2.67188
2.65427
2.63668
2.61912
2.60159
2.5841
2.56663
2.54921
2.53182
2.51447
2.49717
2.47991
2.4627
2.44554
2.42844
2.41139
2.3944
2.37747
2.3606
2.3438
2.32708
2.31043
2.29386
2.27737
2.26097
2.24466
2.22844
2.21233
2.19632
2.18043
2.16464
2.14898
2.13343
2.11801
2.10272
2.08755
2.0725
2.05757
2.04275
2.02804
2.01342
1.99888
1.9844
1.96996
1.95555
1.94114
1.92672
1.91226
1.89775
1.88316
1.86848
1.8537
1.8388
1.82377
1.8086
1.7933
1.77786
1.76229
1.74659
1.73078
1.71487
1.69888
1.68285
1.66679
1.65074
1.63473
1.6188
1.60298
1.5873
1.57179
1.5565
1.54146
1.52669
1.51224
1.49813
1.48442
1.47113
1.4583
1.44599
1.43423
1.42307
1.41258
1.40282
1.39383
1.38571
1.37851
1.37232
1.36722
1.36331
1.36067
1.3594
1.35958
1.36131
1.36457
1.36991
1.37523
1.39022
2.744
2.72767
2.7114
2.69519
2.67905
2.66297
2.64696
2.63101
2.61513
2.59931
2.58356
2.56788
2.55225
2.5367
2.5212
2.50577
2.4904
2.47509
2.45984
2.44465
2.42952
2.41445
2.39944
2.38449
2.36959
2.35475
2.33997
2.32524
2.31056
2.29595
2.28138
2.26687
2.2524
2.23798
2.2236
2.20926
2.19495
2.18067
2.1664
2.15213
2.13786
2.12357
2.10924
2.09485
2.0804
2.06586
2.05122
2.03647
2.0216
2.0066
1.99147
1.97621
1.96084
1.94536
1.9298
1.91419
1.89855
1.88293
1.86737
1.8519
1.83659
1.82148
1.80662
1.79206
1.77785
1.76404
1.75067
1.73779
1.72545
1.71368
1.70252
1.69202
1.68222
1.67317
1.66493
1.65755
1.65111
1.64567
1.64132
1.63815
1.63625
1.63574
1.63672
1.63933
1.64369
1.64994
1.65824
1.66875
1.68163
1.69707
1.71524
1.73632
1.76047
1.78786
1.81859
1.85281
1.89015
1.93271
1.97072
2.04905
2.8226
2.81004
2.79757
2.78519
2.77289
2.76066
2.7485
2.73641
2.72436
2.71236
2.70039
2.68846
2.67654
2.66464
2.65275
2.64085
2.62893
2.617
2.60503
2.59303
2.58098
2.56887
2.55669
2.54444
2.5321
2.51966
2.50712
2.49446
2.48167
2.46875
2.45568
2.44244
2.42904
2.41546
2.40169
2.38772
2.37354
2.35915
2.34455
2.32973
2.3147
2.29948
2.28407
2.26851
2.25282
2.23704
2.22123
2.20544
2.18974
2.17422
2.15895
2.14404
2.12958
2.11568
2.10246
2.09003
2.07849
2.06797
2.05857
2.0504
2.04354
2.03809
2.03413
2.03173
2.03096
2.03187
2.03454
2.03901
2.04537
2.05369
2.06406
2.0766
2.09142
2.10869
2.12857
2.15124
2.1769
2.20577
2.23808
2.27405
2.31391
2.35792
2.4063
2.45929
2.51711
2.57998
2.64811
2.72168
2.80084
2.88572
2.97635
3.07273
3.1747
3.28204
3.39431
3.51118
3.63103
3.75791
3.86844
4.06997
3.12597
3.12271
3.11941
3.11606
3.11263
3.10911
3.10548
3.1017
3.09778
3.09368
3.08938
3.08487
3.08013
3.07513
3.06986
3.06431
3.05844
3.05225
3.04572
3.03884
3.03159
3.02395
3.01592
3.00749
2.99865
2.98941
2.97975
2.9697
2.95926
2.94844
2.93729
2.92583
2.91411
2.90218
2.89013
2.87803
2.86599
2.85414
2.84262
2.83159
2.82124
2.81177
2.80341
2.79641
2.79104
2.78757
2.78628
2.78747
2.79145
2.79849
2.80888
2.82291
2.84081
2.86283
2.88918
2.92005
2.95557
2.99588
3.04106
3.09117
3.14622
3.20625
3.27124
3.3412
3.41615
3.49614
3.58125
3.67162
3.76743
3.8689
3.9763
4.08994
4.21014
4.3372
4.47143
4.61308
4.76234
4.91931
5.08402
5.25639
5.43622
5.62319
5.81689
6.01678
6.22221
6.43244
6.64658
6.86366
7.08258
7.30212
7.52091
7.73748
7.95022
8.1574
8.35725
8.54807
8.72768
8.89783
9.03917
9.24833
4.4582
4.48449
4.51045
4.53603
4.56123
4.58603
4.61042
4.63438
4.65792
4.68104
4.70375
4.72605
4.74796
4.76952
4.79074
4.81169
4.83241
4.85296
4.87342
4.89389
4.91446
4.93527
4.95646
4.97818
5.00064
5.02403
5.04861
5.07464
5.10243
5.13231
5.16466
5.19988
5.23843
5.28081
5.32753
5.37918
5.43637
5.49973
5.56996
5.64775
5.73383
5.82895
5.93384
6.04925
6.1759
6.31449
6.4657
6.63015
6.80842
7.00103
7.20841
7.43093
7.66883
7.92226
8.19122
8.47557
8.775
9.08904
9.41705
9.75823
10.1116
10.4762
10.8507
11.2341
11.625
12.0223
12.4247
12.8311
13.2404
13.6513
14.0628
14.4735
14.8821
15.287
15.6865
16.0785
16.461
16.8317
17.1881
17.5278
17.8482
18.147
18.4218
18.6706
18.8916
19.0831
19.2439
19.3732
19.4704
19.5353
19.5679
19.5688
19.5385
19.4782
19.3893
19.2724
19.1327
18.9597
18.8025
18.4695
14.2339
14.4762
14.7188
14.9619
15.2054
15.4492
15.6935
15.9383
16.1835
16.4294
16.6761
16.9236
17.1722
17.4221
17.6734
17.9264
18.1815
18.439
18.6992
18.9625
19.2294
19.5004
19.7759
20.0565
20.3427
20.6353
20.9348
21.2419
21.5572
21.8815
22.2155
22.56
22.9157
23.2834
23.6638
24.0577
24.4658
24.889
25.328
25.7835
26.2563
26.7473
27.2571
27.7866
28.3367
28.9083
29.5024
30.12
30.7622
31.4299
32.1243
32.846
33.5959
34.3744
35.1813
36.0162
36.8779
37.7643
38.6725
39.5985
40.537
41.4817
42.4248
43.3573
44.2692
45.1493
45.9858
46.7665
47.4791
48.1117
48.6535
49.0948
49.4275
49.6458
49.746
49.7267
49.5891
49.3364
48.974
48.5094
47.9511
47.3091
46.594
45.8169
44.9889
44.1207
43.2227
42.3044
41.3743
40.4399
39.5077
38.5828
37.6694
36.7706
35.8887
35.0236
34.1828
33.3356
32.6144
31.4038
92.7004
93.9693
95.2055
96.4064
97.5698
98.6937
99.776
100.815
101.809
102.755
103.654
104.501
105.297
106.039
106.727
107.358
107.931
108.445
108.9
109.292
109.622
109.888
110.09
110.225
110.293
110.293
110.224
110.085
109.874
109.591
109.234
108.803
108.297
107.714
107.054
106.316
105.5
104.605
103.631
102.578
101.447
100.238
98.9525
97.593
96.1618
94.662
93.0975
91.4731
89.794
88.0667
86.2982
84.4963
82.6698
80.828
78.9811
77.1397
75.315
73.5185
71.7617
70.0564
68.4138
66.8444
65.3583
63.964
62.6687
61.4781
60.3958
59.4236
58.5609
57.8054
57.1526
56.596
56.1278
55.7385
55.4178
55.1545
54.9372
54.7543
54.5946
54.4473
54.3027
54.1518
53.987
53.8017
53.5908
53.3502
53.0772
52.7702
52.4286
52.0529
51.6442
51.2044
50.7362
50.2424
49.7269
49.1909
48.6472
48.0651
47.5801
46.6663
0.368162
0.102576
0.506066
0.546701
0.555278
0.540236
0.518424
0.502483
0.508199
0.554164
0.680064
1.01916
1.77529
3.01918
4.75984
6.97721
9.63357
12.6835
16.0807
19.7809
23.7433
27.9307
32.3099
36.8523
41.5336
46.3339
51.2367
56.2275
61.2924
66.4166
71.5829
76.7714
81.9596
87.122
92.2308
97.2567
102.173
106.965
111.633
116.16
120.445
124.482
128.247
131.721
134.894
137.763
140.336
142.625
144.646
146.41
147.923
149.182
150.169
150.855
151.197
151.146
150.649
149.658
148.135
146.059
143.43
140.278
136.667
132.688
128.463
124.182
120.223
116.941
113.956
111.082
108.345
105.793
103.449
101.315
99.3697
97.5747
95.8827
94.2418
92.6014
90.9178
89.1573
87.2992
85.3363
83.2738
81.1274
78.9204
76.6805
74.437
72.2186
70.0516
67.9596
65.9649
64.0912
62.365
60.8177
59.4785
58.3832
57.6009
56.9613
57.5429
0.857456
0.635318
0.57235
0.575569
0.619854
0.708027
0.85843
1.11149
1.51669
2.10837
2.90085
3.90933
5.15222
6.61853
8.27697
10.0968
12.0567
14.1464
16.3639
18.7105
21.1867
23.7894
26.5114
29.3422
32.2689
35.2777
38.3545
41.4853
44.6561
47.8521
51.0581
54.2585
57.4385
60.5864
63.6945
66.7608
69.7883
72.7863
75.7688
78.7213
81.5915
84.354
86.982
89.4468
91.7227
93.7903
95.639
97.2678
98.6847
99.9034
100.94
101.808
102.515
103.061
103.434
103.611
103.562
103.25
102.638
101.697
100.406
98.7638
96.7863
94.506
91.9911
89.3392
86.6642
84.0598
81.5365
79.0997
76.7738
74.5842
72.5445
70.6542
68.9004
67.261
65.7082
64.2119
62.7431
61.2763
59.7917
58.2771
56.7273
55.1443
53.536
51.9145
50.2944
48.6914
47.1209
45.5967
44.1308
42.7332
41.4134
40.1809
39.0482
38.0227
37.132
36.3466
35.7466
35.0424
1.28001
0.938641
0.893201
0.942178
1.06782
1.28748
1.63505
2.14037
2.81413
3.64589
4.61839
5.72076
6.94917
8.30342
9.78759
11.4125
13.1937
15.1472
17.284
19.6071
22.1102
24.7793
27.5959
30.5395
33.5908
36.7328
39.9513
43.2345
46.572
49.954
53.3714
56.8163
60.2832
63.7703
67.2795
70.815
74.3804
77.9749
81.5865
85.2087
88.8032
92.3207
95.702
98.8841
101.807
104.423
106.702
108.637
110.244
111.555
112.614
113.467
114.152
114.691
115.09
115.333
115.383
115.187
114.689
113.83
112.563
110.872
108.768
106.289
103.506
100.508
97.3932
94.2544
91.1593
88.1551
85.2783
82.5553
79.9997
77.6113
75.3782
73.279
71.2864
69.3707
67.5032
65.6591
63.8191
61.9712
60.1105
58.2389
56.3636
54.4958
52.6487
50.8361
49.0713
47.3655
45.7276
44.1641
42.6807
41.2831
39.9793
38.7754
37.6937
36.7148
35.9237
34.9379
1.62674
1.28398
1.29187
1.40189
1.60576
1.9251
2.37942
2.97341
3.69595
4.53094
5.47009
6.5169
7.68331
8.98595
10.443
12.0725
13.8902
15.9081
18.1328
20.5654
23.2012
26.0313
29.0442
32.2276
35.57
39.061
42.6907
46.4496
50.3263
54.3078
58.379
62.5245
66.7317
70.9932
75.3087
79.6837
84.1269
88.6463
93.2435
97.9078
102.599
107.247
111.756
116.014
119.909
123.344
126.253
128.61
130.434
131.787
132.752
133.422
133.882
134.192
134.39
134.477
134.414
134.135
133.557
132.596
131.184
129.281
126.886
124.036
120.801
117.275
113.565
109.776
106.001
102.312
98.7621
95.3858
92.2018
89.2126
86.4071
83.7634
81.253
78.8445
76.5074
74.2151
71.947
69.6902
67.4391
65.1951
62.965
60.7594
58.5909
56.4724
54.4154
52.4291
50.5198
48.6905
46.9434
45.2805
43.7065
42.2268
40.8667
39.6139
38.5812
37.2571
1.82242
1.61934
1.68377
1.83024
2.07087
2.42398
2.89575
3.48117
4.17159
4.96368
5.86348
6.88419
8.04174
9.35204
10.8303
12.4912
14.3498
16.4208
18.7176
21.2508
24.0273
27.0502
30.3193
33.8319
37.5845
41.5723
45.7892
50.2252
54.8648
59.6854
64.6569
69.7453
74.9173
80.1477
85.4247
90.7525
96.151
101.65
107.275
113.032
118.887
124.754
130.499
135.95
140.923
145.251
148.815
151.557
153.494
154.718
155.366
155.592
155.541
155.329
155.029
154.665
154.212
153.599
152.734
151.512
149.84
147.654
144.931
141.695
138.011
133.974
129.698
125.301
120.889
116.552
112.356
108.347
104.55
100.971
97.6013
94.4201
91.3988
88.5051
85.7071
82.9768
80.2922
77.6386
75.0094
72.4047
69.8301
67.295
64.8106
62.3881
60.037
57.7641
55.5724
53.4611
51.4278
49.4701
47.5888
45.7882
44.101
42.5208
41.2027
39.4374
1.77743
1.93141
2.0171
2.15895
2.39816
2.74556
3.20108
3.76162
4.42757
5.20563
6.10749
7.14649
8.33548
9.68703
11.2151
12.9364
14.8714
17.0428
19.4738
22.1855
25.1955
28.5164
32.1566
36.1216
40.4146
45.0371
49.9875
55.257
60.8255
66.6574
72.7011
78.8921
85.1632
91.457
97.7391
104.007
110.295
116.663
123.174
129.869
136.734
143.678
150.53
157.052
162.978
168.062
172.121
175.068
176.924
177.808
177.905
177.426
176.577
175.531
174.408
173.267
172.109
170.88
169.489
167.822
165.768
163.238
160.184
156.605
152.55
148.105
143.384
138.506
133.586
128.723
123.994
119.451
115.128
111.035
107.17
103.513
100.039
96.716
93.5132
90.4015
87.3577
84.3657
81.4165
78.5084
75.6448
72.8327
70.0809
67.398
64.7911
62.2639
59.8157
57.4418
55.1348
52.8863
50.6924
48.5565
46.5204
44.5824
42.9406
40.6532
1.90853
2.2525
2.27301
2.38125
2.60493
2.94179
3.38988
3.95132
4.63393
5.44986
6.41267
7.53529
8.82999
10.31
11.9918
13.8964
16.0495
18.4802
21.2181
24.2908
27.7216
31.5282
35.7233
40.3169
45.3177
50.7337
56.5695
62.8199
69.4611
76.4424
83.6828
91.076
98.5056
105.868
113.096
120.179
127.163
134.144
141.232
148.513
156.004
163.622
171.173
178.368
184.873
190.369
194.614
197.488
199.005
199.303
198.604
197.171
195.263
193.103
190.861
188.639
186.476
184.351
182.191
179.892
177.336
174.413
171.046
167.203
162.904
158.214
153.228
148.06
142.821
137.612
132.515
127.59
122.875
118.391
114.138
110.106
106.274
102.613
99.0936
95.6886
92.3735
89.1303
85.9477
82.8205
79.7491
76.737
73.7897
70.9126
68.1096
65.3813
62.7238
60.128
57.5815
55.0698
52.5831
50.1239
47.7423
45.4379
43.4393
40.5993
8.5836
3.07746
2.5087
2.53499
2.75124
3.10216
3.58298
4.20286
4.97836
5.92931
7.0757
8.43589
10.0264
11.863
13.9624
16.3432
19.0283
22.0447
25.4196
29.1794
33.3454
37.9327
42.9511
48.4087
54.3162
60.6871
67.5342
74.8592
82.638
90.8055
99.2484
107.81
116.314
124.599
132.556
140.157
147.463
154.607
161.752
169.04
176.53
184.165
191.751
198.977
205.464
210.842
214.821
217.246
218.118
217.581
215.878
213.302
210.15
206.685
203.115
199.588
196.188
192.939
189.812
186.728
183.578
180.243
176.614
172.623
168.245
163.509
158.48
153.249
147.916
142.576
137.311
132.186
127.245
122.518
118.015
113.733
109.66
105.773
102.048
98.4575
94.9772
91.5871
88.2725
85.0245
81.8389
78.7154
75.6553
72.6604
69.7316
66.8666
64.0584
61.2945
58.5579
55.8278
53.0891
50.3423
47.6408
44.9803
42.6005
39.2592
9.08242
3.32392
2.64452
2.66848
2.92909
3.36054
3.96713
4.77496
5.82102
7.14733
8.79533
10.7995
13.1821
15.9482
19.0908
22.5925
26.4428
30.6446
35.2099
40.1529
45.4838
51.2061
57.3194
63.8258
70.7364
78.0736
85.8656
94.1303
102.854
111.966
121.326
130.728
139.931
148.709
156.907
164.48
171.506
178.156
184.642
191.159
197.816
204.596
211.334
217.734
223.417
227.996
231.154
232.708
232.633
231.058
228.22
224.417
219.957
215.12
210.143
205.211
200.458
195.965
191.76
187.813
184.041
180.325
176.529
172.539
168.278
163.721
158.889
153.841
148.653
143.41
138.188
133.057
128.068
123.26
118.656
114.264
110.081
106.094
102.284
98.6248
95.0931
91.6662
88.3256
85.0579
81.8542
78.7093
75.6206
72.5865
69.6047
66.6707
63.7756
60.9044
58.0364
55.1459
52.2127
49.234
46.2559
43.2646
40.5024
36.8218
9.17918
3.40118
2.76774
2.89067
3.31948
4.01204
5.01158
6.3959
8.26311
10.7197
13.8583
17.7252
22.2989
27.4719
33.0804
38.9749
45.0551
51.2773
57.6391
64.1568
70.8478
77.722
84.7853
92.0495
99.5431
107.315
115.425
123.925
132.831
142.081
151.523
160.91
169.949
178.364
185.964
192.689
198.622
203.956
208.936
213.792
218.674
223.613
228.503
233.113
237.119
240.168
241.944
242.239
240.989
238.275
234.294
229.313
223.62
217.492
211.178
204.892
198.815
193.094
187.826
183.044
178.709
174.709
170.889
167.083
163.152
159.006
154.612
149.985
145.173
140.245
135.271
130.324
125.463
120.737
116.183
111.824
107.666
103.708
99.9348
96.3253
92.8548
89.4984
86.2335
83.042
79.91
76.8281
73.7897
70.7903
67.8252
64.8887
61.9708
59.0554
56.1198
53.135
50.0773
46.9364
43.7371
40.4575
37.3622
33.6219
9.08636
3.44053
3.01571
3.47635
4.48843
6.14579
8.65555
12.2621
17.2007
23.6434
31.6292
40.9478
51.1112
61.532
71.6844
81.2258
90.0273
98.1276
105.657
112.769
119.598
126.241
132.771
139.249
145.751
152.371
159.212
166.361
173.859
181.668
189.644
197.539
205.045
211.859
217.759
222.655
226.606
229.789
232.442
234.794
237.017
239.193
241.302
243.229
244.769
245.655
245.608
244.396
241.89
238.088
233.105
227.139
220.432
213.236
205.799
198.358
191.14
184.355
178.176
172.708
167.963
163.849
160.19
156.772
153.385
149.87
146.131
142.135
137.901
133.479
128.934
124.341
119.768
115.277
110.919
106.728
102.726
98.9195
95.3004
91.8506
88.5449
85.3559
82.2571
79.2257
76.2439
73.2981
70.379
67.4796
64.5942
61.7164
58.8367
55.9391
53.0005
49.9915
46.886
43.6601
40.3043
36.8058
33.5079
30.0675
9.04774
3.56351
3.80192
5.65863
9.61864
16.5598
27.0253
40.8192
57.417
76.1415
95.9767
115.646
133.877
149.747
162.8
173.04
180.834
186.723
191.264
194.932
198.085
200.952
203.684
206.393
209.172
212.113
215.317
218.876
222.841
227.192
231.816
236.505
240.975
244.92
248.081
250.306
251.578
252.004
251.757
251.027
249.981
248.75
247.429
246.065
244.628
242.988
240.925
238.181
234.54
229.876
224.185
217.565
210.186
202.265
194.042
185.773
177.728
170.177
163.365
157.469
152.553
148.548
145.264
142.435
139.785
137.083
134.171
130.971
127.47
123.703
119.731
115.632
111.483
107.359
103.323
99.4244
95.6955
92.1514
88.7902
85.596
82.5435
79.6027
76.7439
73.9408
71.172
68.4214
65.6776
62.9326
60.1803
57.4152
54.6289
51.8071
48.9279
45.9644
42.8884
39.6563
36.2195
32.6149
29.3354
26.5499
8.15128
4.20636
8.4552
22.3025
50.2919
88.423
130.383
171.571
209.361
242.435
269.862
291.027
305.817
314.765
318.753
318.785
316.051
311.633
306.386
300.909
295.581
290.633
286.172
282.238
278.84
275.979
273.667
271.918
270.743
270.131
270.029
270.307
270.752
271.077
270.975
270.193
268.583
266.115
262.852
258.909
254.435
249.619
244.692
239.895
235.409
231.269
227.328
223.3
218.854
213.718
207.739
200.895
193.276
185.056
176.469
167.791
159.331
151.412
144.339
138.349
133.555
129.909
127.207
125.14
123.37
121.604
119.628
117.323
114.651
111.635
108.335
104.831
101.21
97.5578
93.9489
90.4443
87.086
83.8962
80.8773
78.0152
75.2842
72.6527
70.0886
67.5631
65.053
62.5408
60.0144
57.466
54.8902
52.2828
49.6378
46.9434
44.1809
41.3275
38.3533
35.1917
31.7678
28.2242
25.239
23.3579
11.1001
26.1094
90.6961
202.919
324.137
423.696
493.008
535.667
558.085
566.059
563.446
553.065
537.217
517.806
496.51
474.777
453.57
433.485
414.858
397.841
382.465
368.678
356.365
345.375
335.539
326.695
318.707
311.484
304.988
299.234
294.255
290.048
286.503
283.374
280.303
276.905
272.853
267.941
262.088
255.326
247.8
239.772
231.624
223.801
216.696
210.509
205.164
200.34
195.586
190.473
184.694
178.104
170.716
162.667
154.186
145.569
137.161
129.324
122.406
116.686
112.312
109.251
107.293
106.096
105.275
104.486
103.475
102.093
100.283
98.0583
95.4789
92.6292
89.6039
86.4965
83.3912
80.3569
77.4423
74.6745
72.0587
69.5818
67.2181
64.935
62.6996
60.4822
58.2591
56.013
53.7325
51.4105
49.0435
46.6294
44.1651
41.6421
39.0459
36.3584
33.5484
30.532
27.2399
23.9655
21.5271
20.6316
0.577435
359.946
702.024
951.103
1079.92
1104.16
1068.16
1007.48
940.035
872.803
808.612
748.82
694.173
644.968
601.113
562.246
527.854
497.39
470.355
446.327
424.955
405.93
388.956
373.729
359.939
347.287
335.53
324.508
314.184
304.64
296.038
288.529
282.134
276.661
271.706
266.744
261.258
254.854
247.314
238.608
228.9
218.55
208.092
198.152
189.298
181.862
175.826
170.834
166.334
161.754
156.654
150.783
144.087
136.675
128.777
120.703
112.821
105.516
99.1555
94.0381
90.3296
88.0115
86.8719
86.5554
86.653
86.7918
86.6926
86.187
85.2068
83.7599
81.9046
79.728
77.3291
74.8068
72.2502
69.7327
67.3065
65.0007
62.8221
60.7583
58.7838
56.8666
54.9741
53.0774
51.1538
49.1875
47.1685
45.0917
42.9556
40.7609
38.5074
36.1909
33.801
31.3238
28.7283
25.9316
22.9107
20.1069
18.3621
18.3719
)
;

boundaryField
{
    outlet
    {
        type            zeroGradient;
    }
    inlet
    {
        type            fixedValue;
        value           uniform 3.54;
    }
    lowerWall
    {
        type            epsilonWallFunction;
        value           nonuniform List<scalar> 
148
(
23.3479
22.8004
22.2986
21.7955
21.2906
20.7982
20.3323
19.9018
19.5115
19.1623
18.8536
18.583
18.348
18.1455
17.9725
17.8261
17.7036
17.6026
17.5206
17.4556
17.4057
17.3693
17.3447
17.3307
17.326
17.3297
17.3403
17.3591
17.3711
17.4763
17.1686
18.0576
16.4668
0.368162
0.857456
1.28001
1.62674
1.82242
1.77743
1.90853
8.5836
9.08242
9.17918
9.08636
9.04774
8.15128
11.1001
0.577435
0.368162
0.102576
0.506066
0.546701
0.555278
0.540236
0.518424
0.502483
0.508199
0.554164
0.680064
1.01916
1.77529
3.01918
4.75984
6.97721
9.63357
12.6835
16.0807
19.7809
23.7433
27.9307
32.3099
36.8523
41.5336
46.3339
51.2367
56.2275
61.2924
66.4166
71.5829
76.7714
81.9596
87.122
92.2308
97.2567
102.173
106.965
111.633
116.16
120.445
124.482
128.247
131.721
134.894
137.763
140.336
142.625
144.646
146.41
147.923
149.182
150.169
150.855
151.197
151.146
150.649
149.658
148.135
146.059
143.43
140.278
136.667
132.688
128.463
124.182
120.223
116.941
113.956
111.082
108.345
105.793
103.449
101.315
99.3697
97.5747
95.8827
94.2418
92.6014
90.9178
89.1573
87.2992
85.3363
83.2738
81.1274
78.9204
76.6805
74.437
72.2186
70.0516
67.9596
65.9649
64.0912
62.365
60.8177
59.4785
58.3832
57.6009
56.9613
57.5429
)
;
    }
    upperWall
    {
        type            epsilonWallFunction;
        value           nonuniform List<scalar> 
133
(
30.2673
32.7691
35.3054
37.8488
40.3863
42.91
45.413
47.8883
50.3292
52.7298
55.0848
57.3896
59.6402
61.8333
63.9661
66.0366
68.0432
69.9847
71.8605
73.6703
75.4141
77.0924
78.7059
80.2554
81.7421
83.1672
84.5321
85.8384
87.0876
88.2816
89.422
90.5104
91.5498
92.7004
93.9693
95.2055
96.4064
97.5698
98.6937
99.776
100.815
101.809
102.755
103.654
104.501
105.297
106.039
106.727
107.358
107.931
108.445
108.9
109.292
109.622
109.888
110.09
110.225
110.293
110.293
110.224
110.085
109.874
109.591
109.234
108.803
108.297
107.714
107.054
106.316
105.5
104.605
103.631
102.578
101.447
100.238
98.9525
97.593
96.1618
94.662
93.0975
91.4731
89.794
88.0667
86.2982
84.4963
82.6698
80.828
78.9811
77.1397
75.315
73.5185
71.7617
70.0564
68.4138
66.8444
65.3583
63.964
62.6687
61.4781
60.3958
59.4236
58.5609
57.8054
57.1526
56.596
56.1278
55.7385
55.4178
55.1545
54.9372
54.7543
54.5946
54.4473
54.3027
54.1518
53.987
53.8017
53.5908
53.3502
53.0772
52.7702
52.4286
52.0529
51.6442
51.2044
50.7362
50.2424
49.7269
49.1909
48.6472
48.0651
47.5801
46.6663
)
;
    }
    frontAndBack
    {
        type            empty;
    }
}


// ************************************************************************* //
