/*--------------------------------*- C++ -*----------------------------------*\
  =========                 |
  \\      /  F ield         | OpenFOAM: The Open Source CFD Toolbox
   \\    /   O peration     | Website:  https://openfoam.org
    \\  /    A nd           | Version:  10
     \\/     M anipulation  |
\*---------------------------------------------------------------------------*/
FoamFile
{
    format      ascii;
    class       volScalarField;
    location    "0.005";
    object      nut;
}
// * * * * * * * * * * * * * * * * * * * * * * * * * * * * * * * * * * * * * //

dimensions      [0 2 -1 0 0 0 0];

internalField   nonuniform List<scalar> 
6820
(
0.000503175
0.00039764
0.000326574
0.000273903
0.000244524
0.000226933
0.000216335
0.000210285
0.000206609
0.000203876
0.000201403
0.00019899
0.000196668
0.000194524
0.000192611
0.000190932
0.000189473
0.000188217
0.000187165
0.00018633
0.00018574
0.00018543
0.000185444
0.000185836
0.000186675
0.000188048
0.000190067
0.000192888
0.0001967
0.000201867
0.000208504
0.000218188
0.000224923
8.16417e-05
0.000143082
0.000195222
0.00020948
0.000205473
0.000197597
0.000188763
0.000180497
0.000173074
0.000166305
0.000160067
0.000154377
0.000149305
0.000144883
0.000141061
0.000137718
0.000134707
0.000131902
0.000129217
0.000126604
0.000124037
0.000121502
0.000118986
0.000116473
0.000113938
0.000111349
0.000108662
0.000105801
0.000102686
9.90321e-05
9.47994e-05
8.85317e-05
8.05791e-05
3.8582e-05
2.75194e-05
4.14899e-05
7.07002e-05
8.91827e-05
9.89146e-05
0.00010202
0.000100798
9.69254e-05
9.15566e-05
8.555e-05
7.95879e-05
7.41591e-05
6.94965e-05
6.56152e-05
6.23802e-05
5.95942e-05
5.70818e-05
5.47226e-05
5.24459e-05
5.0213e-05
4.79995e-05
4.57851e-05
4.35479e-05
4.12619e-05
3.88945e-05
3.64042e-05
3.37348e-05
3.08082e-05
2.75151e-05
2.36537e-05
1.91796e-05
1.33286e-05
1.99075e-05
2.36473e-05
2.26012e-05
1.44127e-05
4.4545e-06
4.70858e-06
1.08503e-05
1.45335e-05
1.64648e-05
1.71789e-05
1.69943e-05
1.61593e-05
1.49624e-05
1.37023e-05
1.25509e-05
1.15434e-05
1.0641e-05
9.79893e-06
8.99802e-06
8.2373e-06
7.52181e-06
6.85801e-06
6.25601e-06
5.73512e-06
5.3309e-06
5.1008e-06
5.12277e-06
5.48017e-06
6.23244e-06
7.43004e-06
9.07095e-06
1.10408e-05
1.36169e-05
1.31535e-05
1.5235e-05
2.00604e-05
2.20797e-05
2.15363e-05
1.9814e-05
1.76359e-05
1.53179e-05
1.29791e-05
1.06596e-05
8.40065e-06
6.26936e-06
4.33962e-06
2.69482e-06
1.44069e-06
7.38696e-07
8.27824e-07
1.21872e-06
1.60355e-06
1.96652e-06
2.32652e-06
2.70152e-06
3.1067e-06
3.55612e-06
4.06433e-06
4.64777e-06
5.32538e-06
6.11994e-06
7.05601e-06
8.15099e-06
9.44281e-06
1.07456e-05
1.25335e-05
1.00761e-05
1.11457e-05
1.20726e-05
1.2795e-05
1.3088e-05
1.28996e-05
1.21744e-05
1.09921e-05
9.54853e-06
8.02562e-06
6.53241e-06
5.1319e-06
3.88131e-06
2.8471e-06
2.07738e-06
1.61807e-06
1.48827e-06
1.60669e-06
1.8499e-06
2.14596e-06
2.4708e-06
2.8223e-06
3.20698e-06
3.63478e-06
4.11738e-06
4.66786e-06
5.30088e-06
6.03118e-06
6.87608e-06
7.83436e-06
8.93696e-06
1.00199e-05
1.13774e-05
7.3952e-06
8.33068e-06
8.90246e-06
9.20939e-06
9.04029e-06
8.5009e-06
7.66837e-06
6.65139e-06
5.62522e-06
4.73831e-06
4.04537e-06
3.50695e-06
3.03886e-06
2.58956e-06
2.18088e-06
1.88364e-06
1.76267e-06
1.82087e-06
2.00603e-06
2.26443e-06
2.56624e-06
2.90149e-06
3.2713e-06
3.68208e-06
4.14272e-06
4.66305e-06
5.25362e-06
5.92314e-06
6.68202e-06
7.52148e-06
8.46047e-06
9.37911e-06
1.04711e-05
5.59078e-06
6.65072e-06
7.17783e-06
7.3424e-06
7.05104e-06
6.48568e-06
5.74996e-06
4.92597e-06
4.15283e-06
3.56808e-06
3.21885e-06
3.02609e-06
2.85418e-06
2.62328e-06
2.34924e-06
2.10987e-06
1.98388e-06
2.00172e-06
2.14193e-06
2.36531e-06
2.64255e-06
2.95967e-06
3.31372e-06
3.70784e-06
4.14803e-06
4.64105e-06
5.19393e-06
5.81104e-06
6.49754e-06
7.24245e-06
8.05456e-06
8.84976e-06
9.74502e-06
4.29809e-06
5.24859e-06
5.67137e-06
5.87107e-06
5.74369e-06
5.34322e-06
4.74076e-06
4.04507e-06
3.42714e-06
3.0367e-06
2.89935e-06
2.895e-06
2.86609e-06
2.73461e-06
2.52424e-06
2.31719e-06
2.19275e-06
2.18873e-06
2.29793e-06
2.4919e-06
2.74443e-06
3.04024e-06
3.37391e-06
3.74603e-06
4.16009e-06
4.62022e-06
5.13047e-06
5.69219e-06
6.30675e-06
6.96313e-06
7.664e-06
8.34995e-06
9.09714e-06
3.35368e-06
4.20617e-06
4.60966e-06
4.81528e-06
4.72836e-06
4.37807e-06
3.85345e-06
3.28351e-06
2.83675e-06
2.64032e-06
2.6802e-06
2.80781e-06
2.86967e-06
2.80326e-06
2.64065e-06
2.46253e-06
2.34592e-06
2.33132e-06
2.41961e-06
2.59022e-06
2.82072e-06
3.0962e-06
3.40992e-06
3.76058e-06
4.14956e-06
4.5788e-06
5.04993e-06
5.56217e-06
6.11435e-06
6.69597e-06
7.30632e-06
7.90126e-06
8.53356e-06
2.65112e-06
3.40063e-06
3.77866e-06
3.97129e-06
3.92626e-06
3.65721e-06
3.24013e-06
2.80178e-06
2.50559e-06
2.45795e-06
2.61324e-06
2.81483e-06
2.92383e-06
2.89128e-06
2.75509e-06
2.59588e-06
2.48721e-06
2.46816e-06
2.54258e-06
2.69459e-06
2.905e-06
3.15995e-06
3.45226e-06
3.77941e-06
4.14122e-06
4.53789e-06
4.96928e-06
5.43311e-06
5.92667e-06
6.44016e-06
6.97146e-06
7.48611e-06
8.0239e-06
2.11521e-06
2.77016e-06
3.13951e-06
3.33748e-06
3.33095e-06
3.12003e-06
2.77741e-06
2.43806e-06
2.26033e-06
2.32269e-06
2.55427e-06
2.80114e-06
2.93947e-06
2.93158e-06
2.81909e-06
2.68003e-06
2.58357e-06
2.56645e-06
2.63368e-06
2.7725e-06
2.9665e-06
3.20321e-06
3.47558e-06
3.78044e-06
4.11648e-06
4.48262e-06
4.87739e-06
5.29751e-06
5.73939e-06
6.19385e-06
6.65833e-06
7.10471e-06
7.56444e-06
1.69697e-06
2.27209e-06
2.63553e-06
2.83684e-06
2.85806e-06
2.70032e-06
2.43552e-06
2.19757e-06
2.12814e-06
2.27598e-06
2.55646e-06
2.82551e-06
2.97416e-06
2.97477e-06
2.87359e-06
2.74748e-06
2.66135e-06
2.64822e-06
2.71208e-06
2.84138e-06
3.02157e-06
3.2415e-06
3.49458e-06
3.77741e-06
4.08797e-06
4.4243e-06
4.78401e-06
5.16323e-06
5.55791e-06
5.95958e-06
6.36566e-06
6.75264e-06
7.14615e-06
1.36336e-06
1.87393e-06
2.23286e-06
2.44162e-06
2.49011e-06
2.38092e-06
2.18324e-06
2.02681e-06
2.03631e-06
2.23882e-06
2.54579e-06
2.82373e-06
2.9753e-06
2.98133e-06
2.89075e-06
2.7783e-06
2.70452e-06
2.69866e-06
2.7631e-06
2.88674e-06
3.05637e-06
3.26206e-06
3.49791e-06
3.76054e-06
4.04755e-06
4.35642e-06
4.68418e-06
5.02663e-06
5.37956e-06
5.73519e-06
6.0911e-06
6.42735e-06
6.76499e-06
1.09183e-06
1.553e-06
1.90772e-06
2.12421e-06
2.1953e-06
2.12744e-06
1.98909e-06
1.9036e-06
1.97773e-06
2.22211e-06
2.54722e-06
2.8275e-06
2.97502e-06
2.97882e-06
2.89203e-06
2.78869e-06
2.72555e-06
2.72772e-06
2.79503e-06
2.91575e-06
3.07736e-06
3.27095e-06
3.49131e-06
3.73533e-06
4.00045e-06
4.28386e-06
4.58226e-06
4.89135e-06
5.20696e-06
5.522e-06
5.83426e-06
6.1268e-06
6.41688e-06
8.66873e-07
1.29258e-06
1.64293e-06
1.86674e-06
1.95779e-06
1.92632e-06
1.83932e-06
1.8113e-06
1.93302e-06
2.20475e-06
2.53796e-06
2.8134e-06
2.95186e-06
2.95028e-06
2.86553e-06
2.77071e-06
2.71875e-06
2.73058e-06
2.80312e-06
2.92361e-06
3.07985e-06
3.26379e-06
3.47095e-06
3.69857e-06
3.94414e-06
4.2047e-06
4.47686e-06
4.75636e-06
5.03918e-06
5.31892e-06
5.5936e-06
5.84885e-06
6.09868e-06
6.77823e-07
1.08073e-06
1.42655e-06
1.65619e-06
1.76374e-06
1.76266e-06
1.71846e-06
1.73665e-06
1.89506e-06
2.18723e-06
2.52467e-06
2.79203e-06
2.91775e-06
2.90675e-06
2.82036e-06
2.73148e-06
2.68971e-06
2.7117e-06
2.79104e-06
2.91341e-06
3.06655e-06
3.24309e-06
3.43923e-06
3.65263e-06
3.88091e-06
4.12117e-06
4.37e-06
4.62333e-06
4.87737e-06
5.12641e-06
5.36867e-06
5.59203e-06
5.80776e-06
5.1776e-07
9.09231e-07
1.25009e-06
1.48333e-06
1.60391e-06
1.62782e-06
1.61876e-06
1.67342e-06
1.85943e-06
2.1656e-06
2.50238e-06
2.75737e-06
2.86657e-06
2.84315e-06
2.75305e-06
2.66907e-06
2.6375e-06
2.67061e-06
2.75838e-06
2.88467e-06
3.03693e-06
3.20834e-06
3.39576e-06
3.59729e-06
3.81076e-06
4.03339e-06
4.26188e-06
4.49242e-06
4.72149e-06
4.94407e-06
5.15856e-06
5.3548e-06
5.54176e-06
3.83412e-07
7.72887e-07
1.1076e-06
1.34173e-06
1.47161e-06
1.51511e-06
1.53392e-06
1.6168e-06
1.8236e-06
2.13931e-06
2.47216e-06
2.71178e-06
2.80153e-06
2.76299e-06
2.66702e-06
2.58664e-06
2.56502e-06
2.60994e-06
2.70753e-06
2.83951e-06
2.99292e-06
3.16135e-06
3.34229e-06
3.53423e-06
3.7353e-06
3.94287e-06
4.15385e-06
4.3647e-06
4.57225e-06
4.7721e-06
4.96284e-06
5.13607e-06
5.29876e-06
2.77137e-07
6.69218e-07
9.9514e-07
1.22691e-06
1.36226e-06
1.42028e-06
1.46054e-06
1.56482e-06
1.78687e-06
2.108e-06
2.43334e-06
2.65421e-06
2.72149e-06
2.66544e-06
2.56203e-06
2.48465e-06
2.4733e-06
2.53106e-06
2.63994e-06
2.77937e-06
2.93588e-06
3.10343e-06
3.28005e-06
3.46467e-06
3.65568e-06
3.85068e-06
4.04682e-06
4.24088e-06
4.43005e-06
4.61052e-06
4.78105e-06
4.9348e-06
5.07709e-06
2.11436e-07
5.9747e-07
9.10069e-07
1.13586e-06
1.27272e-06
1.34041e-06
1.39636e-06
1.51615e-06
1.74865e-06
2.07138e-06
2.38581e-06
2.58484e-06
2.62708e-06
2.55157e-06
2.43957e-06
2.36497e-06
2.36453e-06
2.43636e-06
2.55804e-06
2.70665e-06
2.86812e-06
3.03676e-06
3.21111e-06
3.39052e-06
3.57368e-06
3.75841e-06
3.94215e-06
4.12204e-06
4.29559e-06
4.45959e-06
4.61297e-06
4.75025e-06
4.87538e-06
2.06492e-07
5.57639e-07
8.50689e-07
1.06658e-06
1.20104e-06
1.27391e-06
1.34047e-06
1.4707e-06
1.70918e-06
2.02954e-06
2.3294e-06
2.50344e-06
2.51818e-06
2.42163e-06
2.30045e-06
2.22904e-06
2.24076e-06
2.32828e-06
2.46447e-06
2.62395e-06
2.79214e-06
2.96371e-06
3.1377e-06
3.31385e-06
3.49115e-06
3.66769e-06
3.84122e-06
4.00923e-06
4.1696e-06
4.31966e-06
4.45848e-06
4.58183e-06
4.6925e-06
2.57474e-07
5.49138e-07
8.15781e-07
1.0177e-06
1.14588e-06
1.21968e-06
1.29206e-06
1.42781e-06
1.66762e-06
1.98125e-06
2.26267e-06
2.40871e-06
2.39398e-06
2.27549e-06
2.14534e-06
2.07849e-06
2.10443e-06
2.20978e-06
2.36237e-06
2.53444e-06
2.71103e-06
2.8872e-06
3.06252e-06
3.23711e-06
3.41028e-06
3.58044e-06
3.74562e-06
3.90373e-06
4.05297e-06
4.1912e-06
4.31765e-06
4.42917e-06
4.5276e-06
3.3741e-07
5.68797e-07
8.03991e-07
9.88335e-07
1.1068e-06
1.17792e-06
1.25214e-06
1.389e-06
1.6254e-06
1.92748e-06
2.18621e-06
2.30112e-06
2.25511e-06
2.11423e-06
1.97607e-06
1.91606e-06
1.95915e-06
2.08491e-06
2.25586e-06
2.4421e-06
2.6285e-06
2.81066e-06
2.98868e-06
3.1631e-06
3.33355e-06
3.49877e-06
3.65713e-06
3.80693e-06
3.94671e-06
4.07484e-06
4.19067e-06
4.29208e-06
4.38005e-06
4.30633e-07
6.12321e-07
8.13884e-07
9.77369e-07
1.08237e-06
1.1465e-06
1.21766e-06
1.35013e-06
1.57724e-06
1.86218e-06
2.09388e-06
2.17518e-06
2.09734e-06
1.93527e-06
1.79213e-06
1.74347e-06
1.80834e-06
1.95796e-06
2.14946e-06
2.35131e-06
2.54868e-06
2.73789e-06
2.91962e-06
3.09487e-06
3.26362e-06
3.42496e-06
3.57764e-06
3.72034e-06
3.85196e-06
3.97132e-06
4.07791e-06
4.1705e-06
4.24939e-06
5.32571e-07
6.76002e-07
8.44702e-07
9.85858e-07
1.0758e-06
1.13134e-06
1.19704e-06
1.32089e-06
1.53246e-06
1.79336e-06
1.99227e-06
2.03636e-06
1.92546e-06
1.74346e-06
1.59931e-06
1.568e-06
1.66016e-06
1.83688e-06
2.05031e-06
2.26836e-06
2.47708e-06
2.67369e-06
2.85952e-06
3.03602e-06
3.20357e-06
3.36162e-06
3.50932e-06
3.64571e-06
3.77005e-06
3.88157e-06
3.9799e-06
4.06463e-06
4.13544e-06
6.4322e-07
7.57361e-07
8.94365e-07
1.00995e-06
1.0793e-06
1.11922e-06
1.1715e-06
1.27828e-06
1.46588e-06
1.69577e-06
1.85787e-06
1.86433e-06
1.72357e-06
1.52844e-06
1.39387e-06
1.39213e-06
1.52048e-06
1.72831e-06
1.96477e-06
2.19905e-06
2.4189e-06
2.62268e-06
2.81243e-06
2.99007e-06
3.1564e-06
3.31129e-06
3.45424e-06
3.58471e-06
3.70224e-06
3.80649e-06
3.89717e-06
3.97464e-06
4.03802e-06
7.64946e-07
8.56976e-07
9.66771e-07
1.06083e-06
1.11519e-06
1.14552e-06
1.18725e-06
1.27301e-06
1.42597e-06
1.61178e-06
1.72597e-06
1.68772e-06
1.51503e-06
1.31123e-06
1.1982e-06
1.23953e-06
1.41045e-06
1.64909e-06
1.90589e-06
2.15362e-06
2.3823e-06
2.59147e-06
2.78375e-06
2.96149e-06
3.12584e-06
3.27705e-06
3.41498e-06
3.53942e-06
3.65021e-06
3.74735e-06
3.83062e-06
3.9011e-06
3.95735e-06
9.02198e-07
9.76155e-07
1.05539e-06
1.11565e-06
1.13618e-06
1.13565e-06
1.14798e-06
1.1987e-06
1.30722e-06
1.44383e-06
1.51103e-06
1.4358e-06
1.2467e-06
1.06075e-06
1.00564e-06
1.11755e-06
1.3392e-06
1.60687e-06
1.88011e-06
2.13769e-06
2.37232e-06
2.58452e-06
2.7774e-06
2.95364e-06
3.11473e-06
3.26128e-06
3.39346e-06
3.51139e-06
3.61512e-06
3.70497e-06
3.78076e-06
3.84421e-06
3.89335e-06
1.06112e-06
1.12355e-06
1.18773e-06
1.24295e-06
1.2671e-06
1.26999e-06
1.27017e-06
1.2789e-06
1.31509e-06
1.366e-06
1.35337e-06
1.21819e-06
1.0061e-06
8.59297e-07
8.98662e-07
1.09057e-06
1.35044e-06
1.63163e-06
1.90865e-06
2.16667e-06
2.40028e-06
2.61035e-06
2.7999e-06
2.97166e-06
3.12722e-06
3.2674e-06
3.39258e-06
3.50304e-06
3.59901e-06
3.68103e-06
3.74889e-06
3.80492e-06
3.8466e-06
1.25261e-06
1.30027e-06
1.31597e-06
1.30137e-06
1.25088e-06
1.19011e-06
1.14026e-06
1.09752e-06
1.06697e-06
1.04496e-06
9.74263e-07
8.15723e-07
6.53345e-07
6.7258e-07
8.83134e-07
1.15476e-06
1.43619e-06
1.71713e-06
1.9882e-06
2.23966e-06
2.46693e-06
2.67056e-06
2.85326e-06
3.01758e-06
3.16521e-06
3.29708e-06
3.41368e-06
3.51545e-06
3.60266e-06
3.67604e-06
3.73532e-06
3.78338e-06
3.81702e-06
1.4884e-06
1.54646e-06
1.60438e-06
1.67038e-06
1.69806e-06
1.67349e-06
1.59625e-06
1.46004e-06
1.27852e-06
1.0733e-06
8.31294e-07
5.6657e-07
4.99824e-07
7.60422e-07
1.08812e-06
1.3838e-06
1.65057e-06
1.90474e-06
2.14912e-06
2.37798e-06
2.58678e-06
2.77495e-06
2.9441e-06
3.09609e-06
3.23221e-06
3.35314e-06
3.45926e-06
3.5509e-06
3.62821e-06
3.69194e-06
3.74162e-06
3.78057e-06
3.80513e-06
1.79993e-06
1.81261e-06
1.70495e-06
1.56065e-06
1.42076e-06
1.31552e-06
1.22697e-06
1.09157e-06
8.73756e-07
5.83119e-07
2.28486e-07
1.21418e-07
5.99152e-07
1.04515e-06
1.40759e-06
1.68929e-06
1.9252e-06
2.14564e-06
2.35945e-06
2.56236e-06
2.74921e-06
2.91835e-06
3.07054e-06
3.20712e-06
3.32905e-06
3.43683e-06
3.53063e-06
3.61061e-06
3.67673e-06
3.72968e-06
3.76872e-06
3.79781e-06
3.81207e-06
2.20693e-06
2.38666e-06
2.62674e-06
2.82938e-06
2.86479e-06
2.73392e-06
2.46892e-06
2.07867e-06
1.58193e-06
1.02219e-06
4.92296e-07
5.675e-07
1.08982e-06
1.57148e-06
1.9327e-06
2.18071e-06
2.36185e-06
2.5199e-06
2.67475e-06
2.82761e-06
2.97404e-06
3.11086e-06
3.23689e-06
3.35186e-06
3.45559e-06
3.54772e-06
3.62772e-06
3.69513e-06
3.74934e-06
3.79063e-06
3.81773e-06
3.83469e-06
3.83642e-06
2.81426e-06
2.60209e-06
2.14828e-06
1.88213e-06
1.858e-06
1.94502e-06
1.98151e-06
1.87196e-06
1.63218e-06
1.3839e-06
1.30709e-06
1.50361e-06
1.86427e-06
2.22019e-06
2.48514e-06
2.65876e-06
2.78209e-06
2.89244e-06
3.00497e-06
3.11927e-06
3.23102e-06
3.33735e-06
3.43708e-06
3.5296e-06
3.61424e-06
3.69007e-06
3.75583e-06
3.81037e-06
3.85241e-06
3.88187e-06
3.89668e-06
3.90153e-06
3.88889e-06
3.76195e-06
4.95659e-06
5.5973e-06
5.64993e-06
5.32319e-06
4.83036e-06
4.26758e-06
3.63262e-06
2.96327e-06
2.41737e-06
2.22637e-06
2.44763e-06
2.85717e-06
3.22146e-06
3.43644e-06
3.50906e-06
3.50231e-06
3.47977e-06
3.4761e-06
3.4986e-06
3.54168e-06
3.59747e-06
3.65963e-06
3.72361e-06
3.78619e-06
3.8448e-06
3.89689e-06
3.94001e-06
3.97142e-06
3.98968e-06
3.99099e-06
3.97926e-06
3.94593e-06
5.01027e-06
2.96982e-06
2.4269e-06
4.42473e-06
6.77054e-06
8.5643e-06
9.60045e-06
9.86291e-06
9.48916e-06
8.69897e-06
7.71806e-06
6.73344e-06
5.87248e-06
5.191e-06
4.69628e-06
4.36413e-06
4.15174e-06
4.0174e-06
3.93339e-06
3.88529e-06
3.86537e-06
3.86774e-06
3.8867e-06
3.91714e-06
3.955e-06
3.9961e-06
4.03489e-06
4.06593e-06
4.08507e-06
4.0907e-06
4.07678e-06
4.04805e-06
3.98193e-06
1.10278e-05
1.61335e-05
1.77424e-05
1.90342e-05
1.92997e-05
1.83139e-05
1.62272e-05
1.33442e-05
1.03054e-05
8.14705e-06
7.59811e-06
7.97403e-06
8.21686e-06
7.98516e-06
7.41328e-06
6.75998e-06
6.21013e-06
5.81926e-06
5.55905e-06
5.38199e-06
5.25258e-06
5.15048e-06
5.06519e-06
4.99064e-06
4.92377e-06
4.86474e-06
4.81067e-06
4.75908e-06
4.70453e-06
4.64279e-06
4.55743e-06
4.45763e-06
4.28009e-06
2.39198e-05
2.71544e-05
3.59802e-05
4.79177e-05
5.86603e-05
6.79443e-05
7.5089e-05
7.96396e-05
8.17659e-05
8.1761e-05
8.00291e-05
7.72078e-05
7.38604e-05
7.03965e-05
6.7062e-05
6.39539e-05
6.10915e-05
5.8464e-05
5.60489e-05
5.38179e-05
5.17409e-05
4.9791e-05
4.79476e-05
4.61984e-05
4.45385e-05
4.29555e-05
4.14508e-05
4.00334e-05
3.87085e-05
3.7475e-05
3.63499e-05
3.5328e-05
3.43875e-05
0.000542253
0.000509604
0.000490826
0.000467889
0.000445244
0.000425127
0.000407102
0.000391509
0.000378541
0.000367733
0.000358228
0.000349221
0.000340447
0.000331947
0.000323755
0.000315901
0.00030838
0.000301156
0.000294181
0.000287408
0.000280804
0.000274345
0.000268018
0.000261817
0.000255732
0.000249757
0.000243887
0.00023812
0.000232466
0.000226917
0.00022145
0.000216323
0.000211901
0.000162588
0.000151931
0.000100109
3.48956e-05
2.91525e-05
5.70382e-05
5.44279e-05
4.31822e-05
3.41188e-05
2.7667e-05
2.27945e-05
1.90588e-05
1.61773e-05
1.38996e-05
1.20623e-05
1.05647e-05
9.33262e-06
8.30687e-06
7.44137e-06
6.70175e-06
6.06271e-06
5.50523e-06
5.01469e-06
4.57973e-06
4.19145e-06
3.84285e-06
3.52831e-06
3.2433e-06
2.9841e-06
2.74761e-06
2.53124e-06
2.33278e-06
2.15035e-06
1.98236e-06
1.8274e-06
1.68427e-06
1.55193e-06
1.42945e-06
1.31605e-06
1.21099e-06
1.11364e-06
1.02344e-06
9.39866e-07
8.62457e-07
7.90784e-07
7.24456e-07
6.63112e-07
6.06417e-07
5.5406e-07
5.05753e-07
4.61225e-07
4.20225e-07
3.82516e-07
3.47873e-07
3.16092e-07
2.86976e-07
2.60347e-07
2.36033e-07
2.13878e-07
1.93733e-07
1.75462e-07
1.58936e-07
1.44038e-07
1.30656e-07
1.1869e-07
1.08044e-07
9.86357e-08
9.03783e-08
8.31976e-08
7.7013e-08
7.17518e-08
6.73321e-08
6.36807e-08
6.07138e-08
5.83561e-08
5.65234e-08
5.51439e-08
5.4139e-08
5.34496e-08
5.30142e-08
5.27888e-08
5.27265e-08
5.27983e-08
5.29705e-08
5.32256e-08
5.35407e-08
5.39088e-08
5.43144e-08
5.4756e-08
5.52222e-08
5.57159e-08
5.6231e-08
5.67659e-08
5.73381e-08
5.78863e-08
5.85855e-08
5.90072e-08
5.99395e-08
6.1558e-08
5.79437e-08
7.89134e-05
6.28864e-05
2.42181e-05
2.89934e-05
5.1747e-05
5.33441e-05
4.57711e-05
3.79831e-05
3.14793e-05
2.61624e-05
2.19193e-05
1.85809e-05
1.59325e-05
1.37889e-05
1.20322e-05
1.05836e-05
9.38048e-06
8.37121e-06
7.51468e-06
6.77956e-06
6.14232e-06
5.58496e-06
5.09349e-06
4.6569e-06
4.26646e-06
3.91527e-06
3.59776e-06
3.30945e-06
3.04669e-06
2.80648e-06
2.5863e-06
2.38406e-06
2.19795e-06
2.02645e-06
1.86822e-06
1.7221e-06
1.58705e-06
1.46217e-06
1.34665e-06
1.23976e-06
1.14085e-06
1.04932e-06
9.64631e-07
8.86295e-07
8.13858e-07
7.46907e-07
6.85059e-07
6.27962e-07
5.75286e-07
5.26727e-07
4.82003e-07
4.40848e-07
4.03016e-07
3.68274e-07
3.36408e-07
3.07214e-07
2.80506e-07
2.56105e-07
2.33846e-07
2.13574e-07
1.95142e-07
1.78413e-07
1.63262e-07
1.49569e-07
1.37224e-07
1.26123e-07
1.1617e-07
1.07272e-07
9.93454e-08
9.23063e-08
8.60816e-08
8.05968e-08
7.57875e-08
7.15871e-08
6.79379e-08
6.47798e-08
6.20623e-08
5.97315e-08
5.77441e-08
5.60543e-08
5.46274e-08
5.34251e-08
5.24182e-08
5.15735e-08
5.08662e-08
5.02668e-08
4.9754e-08
4.92981e-08
4.88751e-08
4.84488e-08
4.79859e-08
4.74343e-08
4.67402e-08
4.58232e-08
4.45845e-08
4.29266e-08
4.06351e-08
3.76863e-08
3.48827e-08
2.54735e-08
7.67684e-06
1.54711e-05
2.94815e-05
4.12616e-05
4.52371e-05
4.34603e-05
3.93006e-05
3.41882e-05
2.90939e-05
2.46744e-05
2.10359e-05
1.80732e-05
1.565e-05
1.3646e-05
1.19776e-05
1.05842e-05
9.41498e-06
8.42623e-06
7.58178e-06
6.85328e-06
6.21902e-06
5.66226e-06
5.16985e-06
4.73139e-06
4.33855e-06
3.98467e-06
3.66434e-06
3.37315e-06
3.10749e-06
2.86438e-06
2.6413e-06
2.43617e-06
2.2472e-06
2.07288e-06
1.91187e-06
1.76303e-06
1.62536e-06
1.49795e-06
1.38001e-06
1.27083e-06
1.16974e-06
1.07618e-06
9.89588e-07
9.09482e-07
8.35407e-07
7.66944e-07
7.03704e-07
6.45328e-07
5.91481e-07
5.41853e-07
4.96152e-07
4.54108e-07
4.15467e-07
3.7999e-07
3.47456e-07
3.17657e-07
2.90398e-07
2.65498e-07
2.42786e-07
2.22102e-07
2.03296e-07
1.86227e-07
1.70764e-07
1.56785e-07
1.44176e-07
1.32831e-07
1.22648e-07
1.13533e-07
1.05399e-07
9.81616e-08
9.17434e-08
8.60716e-08
8.10781e-08
7.66986e-08
7.28724e-08
6.95428e-08
6.6657e-08
6.41652e-08
6.20225e-08
6.01867e-08
5.86196e-08
5.72865e-08
5.61545e-08
5.51937e-08
5.43749e-08
5.36698e-08
5.3051e-08
5.24893e-08
5.19524e-08
5.1402e-08
5.07919e-08
5.00638e-08
4.91432e-08
4.79346e-08
4.63073e-08
4.41243e-08
4.11313e-08
3.72315e-08
3.26956e-08
2.21331e-08
1.81945e-05
2.17098e-05
2.82026e-05
3.39359e-05
3.69771e-05
3.71659e-05
3.47628e-05
3.08933e-05
2.68529e-05
2.32363e-05
2.01363e-05
1.75205e-05
1.53218e-05
1.34647e-05
1.18923e-05
1.05609e-05
9.43143e-06
8.46793e-06
7.63924e-06
6.92024e-06
6.29127e-06
5.73691e-06
5.24492e-06
4.80552e-06
4.41083e-06
4.0545e-06
3.73135e-06
3.43713e-06
3.16833e-06
2.92205e-06
2.69584e-06
2.48762e-06
2.29564e-06
2.11839e-06
1.95455e-06
1.80299e-06
1.66269e-06
1.53276e-06
1.41241e-06
1.30093e-06
1.19766e-06
1.10201e-06
1.01346e-06
9.31492e-07
8.55666e-07
7.85558e-07
7.20776e-07
6.60958e-07
6.05767e-07
5.54887e-07
5.08024e-07
4.64902e-07
4.25264e-07
3.88868e-07
3.55487e-07
3.2491e-07
2.96938e-07
2.71386e-07
2.48079e-07
2.26854e-07
2.07556e-07
1.90043e-07
1.74181e-07
1.59845e-07
1.46918e-07
1.3529e-07
1.24859e-07
1.15528e-07
1.07207e-07
9.98098e-08
9.32577e-08
8.74753e-08
8.23919e-08
7.7941e-08
7.40599e-08
7.06896e-08
6.77753e-08
6.52655e-08
6.31128e-08
6.12742e-08
5.97089e-08
5.83809e-08
5.72564e-08
5.63039e-08
5.54933e-08
5.47953e-08
5.41818e-08
5.3622e-08
5.30828e-08
5.2524e-08
5.18977e-08
5.11433e-08
5.01829e-08
4.89184e-08
4.72118e-08
4.49296e-08
4.17983e-08
3.77451e-08
3.29774e-08
2.22273e-08
1.74251e-05
1.99642e-05
2.44096e-05
2.89048e-05
3.19483e-05
3.25527e-05
3.08381e-05
2.79281e-05
2.47992e-05
2.18602e-05
1.9229e-05
1.69352e-05
1.49556e-05
1.32473e-05
1.17755e-05
1.05116e-05
9.42709e-06
8.49313e-06
7.68361e-06
6.97678e-06
6.35524e-06
5.80504e-06
5.31494e-06
4.87584e-06
4.48034e-06
4.12243e-06
3.79717e-06
3.50048e-06
3.22899e-06
2.97988e-06
2.75076e-06
2.53962e-06
2.34474e-06
2.16462e-06
1.99799e-06
1.84371e-06
1.70079e-06
1.56834e-06
1.44557e-06
1.33177e-06
1.22629e-06
1.12855e-06
1.038e-06
9.54149e-07
8.76546e-07
8.04763e-07
7.38407e-07
6.77114e-07
6.20541e-07
5.68372e-07
5.20306e-07
4.76067e-07
4.35391e-07
3.98034e-07
3.63766e-07
3.3237e-07
3.03646e-07
2.77404e-07
2.53466e-07
2.31665e-07
2.11844e-07
1.93858e-07
1.7757e-07
1.62852e-07
1.49585e-07
1.37656e-07
1.2696e-07
1.17399e-07
1.0888e-07
1.01316e-07
9.46235e-08
8.87267e-08
8.35518e-08
7.90303e-08
7.50966e-08
7.16897e-08
6.87519e-08
6.62303e-08
6.40744e-08
6.22397e-08
6.06833e-08
5.93677e-08
5.82573e-08
5.73202e-08
5.65243e-08
5.58405e-08
5.52382e-08
5.46867e-08
5.41503e-08
5.3589e-08
5.29513e-08
5.21764e-08
5.11815e-08
4.98687e-08
4.80912e-08
4.57221e-08
4.24678e-08
3.82806e-08
3.33287e-08
2.23846e-08
1.62176e-05
1.83207e-05
2.17842e-05
2.54907e-05
2.79934e-05
2.85704e-05
2.74434e-05
2.53497e-05
2.29402e-05
2.05518e-05
1.83289e-05
1.63306e-05
1.45605e-05
1.29996e-05
1.16311e-05
1.04389e-05
9.40356e-06
8.50301e-06
7.71592e-06
7.02392e-06
6.41191e-06
5.86754e-06
5.38064e-06
4.94287e-06
4.54739e-06
4.18855e-06
3.86169e-06
3.56296e-06
3.28912e-06
3.03744e-06
2.80564e-06
2.59175e-06
2.39409e-06
2.21122e-06
2.04186e-06
1.88491e-06
1.73939e-06
1.60442e-06
1.47923e-06
1.3631e-06
1.25539e-06
1.15553e-06
1.06296e-06
9.77197e-07
8.97783e-07
8.24293e-07
7.56332e-07
6.93532e-07
6.35549e-07
5.82061e-07
5.32767e-07
4.87385e-07
4.45648e-07
4.07309e-07
3.72134e-07
3.39903e-07
3.1041e-07
2.83463e-07
2.5888e-07
2.36491e-07
2.16137e-07
1.97669e-07
1.80946e-07
1.6584e-07
1.52226e-07
1.39991e-07
1.29026e-07
1.19233e-07
1.10514e-07
1.02781e-07
9.59494e-08
8.99396e-08
8.46756e-08
8.00866e-08
7.61042e-08
7.26654e-08
6.97096e-08
6.71815e-08
6.50284e-08
6.32033e-08
6.16616e-08
6.0364e-08
5.92729e-08
5.83558e-08
5.75795e-08
5.69135e-08
5.63261e-08
5.57854e-08
5.52547e-08
5.46926e-08
5.40459e-08
5.32516e-08
5.22233e-08
5.08617e-08
4.90128e-08
4.65539e-08
4.31737e-08
3.88452e-08
3.36996e-08
2.25571e-08
1.51967e-05
1.71787e-05
1.98876e-05
2.26505e-05
2.46162e-05
2.52705e-05
2.4616e-05
2.31073e-05
2.12438e-05
1.93115e-05
1.74462e-05
1.57164e-05
1.41435e-05
1.27265e-05
1.1462e-05
1.03441e-05
9.36128e-06
8.49741e-06
7.7357e-06
7.06102e-06
6.46062e-06
5.92376e-06
5.44146e-06
5.00615e-06
4.61159e-06
4.25255e-06
3.92469e-06
3.62437e-06
3.34853e-06
3.09458e-06
2.86031e-06
2.64384e-06
2.44355e-06
2.25802e-06
2.08601e-06
1.92646e-06
1.77838e-06
1.64093e-06
1.51333e-06
1.39488e-06
1.28495e-06
1.18295e-06
1.08836e-06
1.00067e-06
9.19429e-07
8.44214e-07
7.74627e-07
7.10298e-07
6.50881e-07
5.96051e-07
5.45505e-07
4.98956e-07
4.56136e-07
4.16791e-07
3.80686e-07
3.47596e-07
3.17314e-07
2.89642e-07
2.64395e-07
2.41402e-07
2.20498e-07
2.01532e-07
1.84362e-07
1.68853e-07
1.54882e-07
1.42331e-07
1.31091e-07
1.21059e-07
1.12136e-07
1.04232e-07
9.72588e-08
9.1136e-08
8.57843e-08
8.11303e-08
7.71026e-08
7.36357e-08
7.06659e-08
6.81357e-08
6.59898e-08
6.41794e-08
6.26572e-08
6.13827e-08
6.0316e-08
5.94232e-08
5.86701e-08
5.80254e-08
5.74562e-08
5.69296e-08
5.64072e-08
5.58465e-08
5.51919e-08
5.4379e-08
5.33175e-08
5.19068e-08
4.99853e-08
4.7434e-08
4.39257e-08
3.94489e-08
3.40996e-08
2.27455e-08
1.41602e-05
1.58954e-05
1.80502e-05
2.02548e-05
2.19079e-05
2.25644e-05
2.21952e-05
2.11208e-05
1.96986e-05
1.81477e-05
1.65907e-05
1.51011e-05
1.37116e-05
1.24331e-05
1.12717e-05
1.02295e-05
9.30154e-06
8.47704e-06
7.74329e-06
7.08823e-06
6.50138e-06
5.97368e-06
5.49732e-06
5.06559e-06
4.67286e-06
4.31436e-06
3.9861e-06
3.68468e-06
3.40724e-06
3.15132e-06
2.91484e-06
2.69598e-06
2.49319e-06
2.30511e-06
2.13053e-06
1.96842e-06
1.81782e-06
1.6779e-06
1.5479e-06
1.42713e-06
1.31496e-06
1.21082e-06
1.11417e-06
1.02453e-06
9.41437e-07
8.64468e-07
7.93226e-07
7.2734e-07
6.66461e-07
6.10262e-07
5.58437e-07
5.10696e-07
4.66767e-07
4.26396e-07
3.8934e-07
3.55373e-07
3.24283e-07
2.9587e-07
2.69944e-07
2.46332e-07
2.24866e-07
2.05392e-07
1.87765e-07
1.71847e-07
1.57512e-07
1.4464e-07
1.33119e-07
1.22844e-07
1.13715e-07
1.05638e-07
9.85245e-08
9.22895e-08
8.6852e-08
8.21357e-08
7.80667e-08
7.45765e-08
7.15986e-08
6.90725e-08
6.69404e-08
6.51507e-08
6.36542e-08
6.2408e-08
6.13712e-08
6.0508e-08
5.97833e-08
5.91645e-08
5.86175e-08
5.81082e-08
5.75972e-08
5.70405e-08
5.63809e-08
5.55517e-08
5.44589e-08
5.30001e-08
5.10069e-08
4.8363e-08
4.47256e-08
4.00974e-08
3.45409e-08
2.2972e-08
1.31893e-05
1.4754e-05
1.65492e-05
1.83096e-05
1.9652e-05
2.02738e-05
2.01204e-05
1.93798e-05
1.83011e-05
1.70602e-05
1.57669e-05
1.44914e-05
1.32712e-05
1.21242e-05
1.10635e-05
1.00972e-05
9.22564e-06
8.44259e-06
7.73896e-06
7.10556e-06
6.53407e-06
6.01709e-06
5.54799e-06
5.12095e-06
4.73096e-06
4.37376e-06
4.04571e-06
3.74369e-06
3.46504e-06
3.20749e-06
2.96904e-06
2.748e-06
2.54288e-06
2.35237e-06
2.17532e-06
2.01072e-06
1.85765e-06
1.7153e-06
1.58292e-06
1.45983e-06
1.34543e-06
1.23913e-06
1.14043e-06
1.04882e-06
9.63852e-07
8.85108e-07
8.12187e-07
7.44719e-07
6.82352e-07
6.24758e-07
5.71628e-07
5.2267e-07
4.77609e-07
4.36185e-07
3.98155e-07
3.63288e-07
3.31368e-07
3.02193e-07
2.75571e-07
2.51322e-07
2.29278e-07
2.09281e-07
1.91181e-07
1.74841e-07
1.60131e-07
1.46928e-07
1.35119e-07
1.24596e-07
1.15256e-07
1.07004e-07
9.9749e-08
9.34028e-08
8.78822e-08
8.31075e-08
7.9002e-08
7.54937e-08
7.25133e-08
6.9997e-08
6.78846e-08
6.61215e-08
6.46568e-08
6.3445e-08
6.24438e-08
6.16154e-08
6.09236e-08
6.03345e-08
5.98135e-08
5.93252e-08
5.88289e-08
5.8279e-08
5.76165e-08
5.67724e-08
5.56499e-08
5.41443e-08
5.20804e-08
4.93439e-08
4.55784e-08
4.07961e-08
3.50319e-08
2.32397e-08
1.2307e-05
1.36891e-05
1.51943e-05
1.66336e-05
1.77613e-05
1.83523e-05
1.83398e-05
1.78405e-05
1.70311e-05
1.60468e-05
1.49796e-05
1.38937e-05
1.28278e-05
1.18044e-05
1.08409e-05
9.94963e-06
9.13513e-06
8.39497e-06
7.72323e-06
7.11326e-06
6.5588e-06
6.05399e-06
5.59341e-06
5.17213e-06
4.7858e-06
4.43066e-06
4.10344e-06
3.80133e-06
3.52191e-06
3.26304e-06
3.02291e-06
2.7999e-06
2.59261e-06
2.3998e-06
2.22038e-06
2.05336e-06
1.89787e-06
1.75311e-06
1.61837e-06
1.49297e-06
1.37633e-06
1.26787e-06
1.16709e-06
1.07349e-06
9.86632e-07
9.06087e-07
8.31463e-07
7.62385e-07
6.98504e-07
6.39488e-07
5.85027e-07
5.34826e-07
4.88607e-07
4.46108e-07
4.07081e-07
3.71293e-07
3.38525e-07
3.0857e-07
2.81233e-07
2.56332e-07
2.33695e-07
2.13162e-07
1.9458e-07
1.77809e-07
1.62715e-07
1.49174e-07
1.37071e-07
1.26295e-07
1.16742e-07
1.08314e-07
1.00916e-07
9.44601e-08
8.88583e-08
8.40285e-08
7.9891e-08
7.63704e-08
7.3394e-08
7.0895e-08
6.88096e-08
6.70807e-08
6.56545e-08
6.44837e-08
6.3524e-08
6.27365e-08
6.20835e-08
6.153e-08
6.10397e-08
6.05765e-08
6.00986e-08
5.95591e-08
5.88973e-08
5.80419e-08
5.68928e-08
5.5343e-08
5.32112e-08
5.03847e-08
4.6493e-08
4.15582e-08
3.55915e-08
2.3574e-08
1.15023e-05
1.2725e-05
1.40154e-05
1.52162e-05
1.61674e-05
1.67144e-05
1.6797e-05
1.64803e-05
1.5883e-05
1.51078e-05
1.42318e-05
1.33122e-05
1.23861e-05
1.14778e-05
1.06071e-05
9.78914e-06
9.03166e-06
8.33527e-06
7.69673e-06
7.11167e-06
6.57568e-06
6.08439e-06
5.63353e-06
5.21904e-06
4.83725e-06
4.48491e-06
4.15915e-06
3.85748e-06
3.5777e-06
3.31788e-06
3.07634e-06
2.85159e-06
2.64231e-06
2.44735e-06
2.26566e-06
2.09631e-06
1.93845e-06
1.79133e-06
1.65425e-06
1.52656e-06
1.40768e-06
1.29706e-06
1.19419e-06
1.09859e-06
1.00981e-06
9.27444e-07
8.51089e-07
7.80376e-07
7.14953e-07
6.54489e-07
5.9867e-07
5.47199e-07
4.99796e-07
4.56196e-07
4.16148e-07
3.79416e-07
3.45777e-07
3.15021e-07
2.8695e-07
2.6138e-07
2.38133e-07
2.17048e-07
1.97969e-07
1.80753e-07
1.65264e-07
1.51376e-07
1.38971e-07
1.27936e-07
1.18166e-07
1.09559e-07
1.02019e-07
9.54545e-08
8.9775e-08
8.48952e-08
8.07316e-08
7.72054e-08
7.42402e-08
7.17656e-08
6.97148e-08
6.80273e-08
6.66471e-08
6.55244e-08
6.4613e-08
6.38723e-08
6.32632e-08
6.27499e-08
6.2295e-08
6.18614e-08
6.1406e-08
6.08806e-08
6.02227e-08
5.93592e-08
5.81868e-08
5.65967e-08
5.44009e-08
5.14879e-08
4.74753e-08
4.23917e-08
3.62346e-08
2.39912e-08
1.07769e-05
1.18552e-05
1.29695e-05
1.39871e-05
1.48043e-05
1.53133e-05
1.54592e-05
1.52757e-05
1.48431e-05
1.42387e-05
1.35248e-05
1.27506e-05
1.19502e-05
1.11482e-05
1.03652e-05
9.61817e-06
8.91698e-06
8.26466e-06
7.66023e-06
7.10126e-06
6.58499e-06
6.10841e-06
5.66837e-06
5.26165e-06
4.88526e-06
4.53645e-06
4.21279e-06
3.91208e-06
3.63237e-06
3.37196e-06
3.1293e-06
2.90304e-06
2.69196e-06
2.49499e-06
2.31114e-06
2.13954e-06
1.97938e-06
1.82994e-06
1.69055e-06
1.56058e-06
1.43947e-06
1.32667e-06
1.2217e-06
1.12407e-06
1.03336e-06
9.49151e-07
8.71042e-07
7.98667e-07
7.31675e-07
6.69735e-07
6.1253e-07
5.59762e-07
5.11149e-07
4.66424e-07
4.25331e-07
3.87632e-07
3.53101e-07
3.21524e-07
2.927e-07
2.66442e-07
2.4257e-07
2.20918e-07
2.01329e-07
1.83656e-07
1.67763e-07
1.5352e-07
1.40806e-07
1.29507e-07
1.19515e-07
1.10728e-07
1.03046e-07
9.63737e-08
9.06196e-08
8.5694e-08
8.15103e-08
7.79854e-08
7.50396e-08
7.2598e-08
7.05906e-08
6.89533e-08
6.76275e-08
6.65606e-08
6.5705e-08
6.5018e-08
6.44596e-08
6.39927e-08
6.35791e-08
6.31803e-08
6.27524e-08
6.22457e-08
6.15965e-08
6.07295e-08
5.95386e-08
5.79128e-08
5.56584e-08
5.2665e-08
4.85378e-08
4.33127e-08
3.69829e-08
2.45148e-08
1.01206e-05
1.10733e-05
1.20459e-05
1.29226e-05
1.36339e-05
1.41053e-05
1.42911e-05
1.42061e-05
1.39027e-05
1.34373e-05
1.28598e-05
1.22117e-05
1.15237e-05
1.08189e-05
1.01182e-05
9.43907e-06
8.79287e-06
8.18446e-06
7.61463e-06
7.08261e-06
6.58707e-06
6.12626e-06
5.69802e-06
5.29999e-06
4.9298e-06
4.58525e-06
4.26428e-06
3.96504e-06
3.68585e-06
3.4252e-06
3.18173e-06
2.9542e-06
2.74152e-06
2.54269e-06
2.3568e-06
2.18304e-06
2.02065e-06
1.86894e-06
1.72726e-06
1.59503e-06
1.47169e-06
1.35672e-06
1.24964e-06
1.14998e-06
1.05731e-06
9.71227e-07
8.91339e-07
8.17275e-07
7.48687e-07
6.85242e-07
6.26623e-07
5.72532e-07
5.22682e-07
4.76804e-07
4.34641e-07
3.9595e-07
3.60503e-07
3.28084e-07
2.98487e-07
2.71522e-07
2.47006e-07
2.24771e-07
2.04657e-07
1.86515e-07
1.70205e-07
1.55596e-07
1.42565e-07
1.30996e-07
1.20779e-07
1.11808e-07
1.03984e-07
9.72068e-08
9.13821e-08
8.64167e-08
8.22201e-08
7.87048e-08
7.57871e-08
7.33877e-08
7.14329e-08
6.9855e-08
6.85924e-08
6.75899e-08
6.67978e-08
6.61717e-08
6.56705e-08
6.52557e-08
6.48886e-08
6.45298e-08
6.41345e-08
6.36515e-08
6.3016e-08
6.21507e-08
6.09472e-08
5.92923e-08
5.69866e-08
5.39212e-08
4.96899e-08
4.43349e-08
3.786e-08
2.51747e-08
9.52803e-06
1.03722e-05
1.12271e-05
1.19916e-05
1.2619e-05
1.30572e-05
1.32681e-05
1.32553e-05
1.30521e-05
1.26994e-05
1.22364e-05
1.16975e-05
1.11092e-05
1.0493e-05
9.86881e-06
9.25414e-06
8.66117e-06
8.09602e-06
7.5609e-06
7.05639e-06
6.58237e-06
6.1382e-06
5.72265e-06
5.33414e-06
4.97092e-06
4.63129e-06
4.31361e-06
4.01635e-06
3.73811e-06
3.47758e-06
3.23359e-06
3.00504e-06
2.79095e-06
2.59042e-06
2.40263e-06
2.2268e-06
2.06224e-06
1.90831e-06
1.76438e-06
1.62991e-06
1.50434e-06
1.3872e-06
1.27799e-06
1.17628e-06
1.08164e-06
9.93665e-07
9.11971e-07
8.36192e-07
7.65979e-07
7.01001e-07
6.4094e-07
5.85496e-07
5.34382e-07
4.87325e-07
4.44066e-07
4.0436e-07
3.67974e-07
3.34689e-07
3.04299e-07
2.76607e-07
2.5143e-07
2.28595e-07
2.07941e-07
1.89316e-07
1.72577e-07
1.57592e-07
1.44236e-07
1.3239e-07
1.21943e-07
1.12788e-07
1.04821e-07
9.7941e-08
9.20497e-08
8.70504e-08
8.28484e-08
7.93518e-08
7.6472e-08
7.41255e-08
7.22339e-08
7.07259e-08
6.95365e-08
6.86078e-08
6.78881e-08
6.73312e-08
6.68949e-08
6.65395e-08
6.62258e-08
6.59133e-08
6.55565e-08
6.51032e-08
6.44875e-08
6.36304e-08
6.2421e-08
6.07447e-08
5.83967e-08
5.527e-08
5.09466e-08
4.54767e-08
3.88908e-08
2.59946e-08
8.99218e-06
9.74339e-06
1.05005e-05
1.1175e-05
1.17347e-05
1.21429e-05
1.23682e-05
1.2408e-05
1.22829e-05
1.20216e-05
1.16544e-05
1.12094e-05
1.07092e-05
1.01731e-05
9.6195e-06
9.06556e-06
8.52365e-06
8.00075e-06
7.50012e-06
7.02337e-06
6.57144e-06
6.14461e-06
5.7425e-06
5.36424e-06
5.00869e-06
4.67461e-06
4.36078e-06
4.066e-06
3.78912e-06
3.52908e-06
3.28486e-06
3.05554e-06
2.84025e-06
2.63818e-06
2.4486e-06
2.27081e-06
2.10416e-06
1.94805e-06
1.80191e-06
1.66521e-06
1.53744e-06
1.41811e-06
1.30678e-06
1.203e-06
1.10636e-06
1.01647e-06
9.32948e-07
8.55426e-07
7.8356e-07
7.17019e-07
6.55488e-07
5.98662e-07
5.46255e-07
4.97991e-07
4.53609e-07
4.12861e-07
3.75511e-07
3.41338e-07
3.10132e-07
2.81693e-07
2.55835e-07
2.32383e-07
2.11173e-07
1.9205e-07
1.7487e-07
1.59498e-07
1.45807e-07
1.33678e-07
1.22996e-07
1.13653e-07
1.05544e-07
9.8563e-08
9.261e-08
8.75838e-08
8.33852e-08
7.99173e-08
7.70866e-08
7.48042e-08
7.29873e-08
7.15603e-08
7.04549e-08
6.96101e-08
6.89721e-08
6.8493e-08
6.81293e-08
6.78405e-08
6.75867e-08
6.73268e-08
6.70149e-08
6.65977e-08
6.60085e-08
6.51671e-08
6.39606e-08
6.2273e-08
5.98946e-08
5.67207e-08
5.23225e-08
4.67588e-08
4.0108e-08
2.70151e-08
8.50744e-06
9.17938e-06
9.85433e-06
1.04551e-05
1.09596e-05
1.13411e-05
1.15738e-05
1.16519e-05
1.15873e-05
1.13998e-05
1.11126e-05
1.07482e-05
1.03254e-05
9.86123e-06
9.37252e-06
8.87538e-06
8.3821e-06
7.9001e-06
7.43339e-06
6.9844e-06
6.55488e-06
6.14592e-06
5.75788e-06
5.39051e-06
5.04324e-06
4.7153e-06
4.40584e-06
4.114e-06
3.8389e-06
3.57969e-06
3.33555e-06
3.10569e-06
2.8894e-06
2.68596e-06
2.49472e-06
2.31506e-06
2.14639e-06
1.98816e-06
1.83985e-06
1.70094e-06
1.57097e-06
1.44946e-06
1.33599e-06
1.23013e-06
1.13148e-06
1.03965e-06
9.54271e-07
8.74977e-07
8.01429e-07
7.33296e-07
6.70263e-07
6.12026e-07
5.58296e-07
5.08797e-07
4.63265e-07
4.21448e-07
3.8311e-07
3.48025e-07
3.15979e-07
2.86772e-07
2.60213e-07
2.36125e-07
2.14342e-07
1.94705e-07
1.7707e-07
1.61299e-07
1.47264e-07
1.34843e-07
1.23922e-07
1.14389e-07
1.06136e-07
9.9058e-08
9.30485e-08
8.80031e-08
8.38177e-08
8.03898e-08
7.76203e-08
7.5415e-08
7.36858e-08
7.23525e-08
7.1343e-08
7.05935e-08
7.00477e-08
6.96561e-08
6.93739e-08
6.91601e-08
6.89741e-08
6.87745e-08
6.85148e-08
6.81414e-08
6.75866e-08
6.67696e-08
6.55758e-08
6.38883e-08
6.14931e-08
5.82888e-08
5.38353e-08
4.82028e-08
4.154e-08
2.82596e-08
8.0686e-06
8.67304e-06
9.27883e-06
9.81873e-06
1.02773e-05
1.0635e-05
1.08703e-05
1.0976e-05
1.09582e-05
1.08304e-05
1.06098e-05
1.03142e-05
9.95928e-06
9.55944e-06
9.12987e-06
8.68551e-06
8.2382e-06
7.7955e-06
7.36189e-06
6.94039e-06
6.5334e-06
6.14266e-06
5.76915e-06
5.41321e-06
5.07476e-06
4.75348e-06
4.44888e-06
4.16042e-06
3.88748e-06
3.62943e-06
3.38565e-06
3.15551e-06
2.93841e-06
2.73375e-06
2.54098e-06
2.35956e-06
2.18895e-06
2.02866e-06
1.8782e-06
1.73712e-06
1.60495e-06
1.48126e-06
1.36565e-06
1.25769e-06
1.15701e-06
1.06321e-06
9.75947e-07
8.94853e-07
8.19592e-07
7.49837e-07
6.85271e-07
6.25592e-07
5.70509e-07
5.19745e-07
4.73033e-07
4.3012e-07
3.90767e-07
3.54744e-07
3.21835e-07
2.91837e-07
2.64557e-07
2.39814e-07
2.17439e-07
1.97273e-07
1.79167e-07
1.62985e-07
1.48594e-07
1.35874e-07
1.24707e-07
1.1498e-07
1.06585e-07
9.94112e-08
9.33511e-08
8.82948e-08
8.41332e-08
8.07578e-08
7.80633e-08
7.59491e-08
7.43217e-08
7.30958e-08
7.21952e-08
7.15529e-08
7.11104e-08
7.08163e-08
7.06251e-08
7.04948e-08
7.03847e-08
7.0253e-08
7.00532e-08
6.97317e-08
6.92202e-08
6.84378e-08
6.72685e-08
6.55954e-08
6.32004e-08
5.99868e-08
5.55033e-08
4.98335e-08
4.32236e-08
2.97707e-08
7.67119e-06
8.2182e-06
8.76546e-06
9.25442e-06
9.67454e-06
1.0011e-05
1.02457e-05
1.03711e-05
1.03895e-05
1.03097e-05
1.01444e-05
9.90757e-06
9.61176e-06
9.26922e-06
8.89334e-06
8.49774e-06
8.09358e-06
7.68837e-06
7.2868e-06
6.89231e-06
6.50776e-06
6.13541e-06
5.77676e-06
5.43267e-06
5.1035e-06
4.78933e-06
4.49003e-06
4.20535e-06
3.93493e-06
3.67837e-06
3.43522e-06
3.20502e-06
2.9873e-06
2.78159e-06
2.58742e-06
2.40432e-06
2.23185e-06
2.06955e-06
1.91699e-06
1.77374e-06
1.63939e-06
1.51352e-06
1.39575e-06
1.28569e-06
1.18295e-06
1.08716e-06
9.97985e-07
9.15061e-07
8.38056e-07
7.66645e-07
7.00514e-07
6.39361e-07
5.82894e-07
5.30834e-07
4.82913e-07
4.38876e-07
3.9848e-07
3.61493e-07
3.27696e-07
2.96883e-07
2.68858e-07
2.43439e-07
2.20453e-07
1.99739e-07
1.81148e-07
1.6454e-07
1.49782e-07
1.36752e-07
1.25333e-07
1.15409e-07
1.0687e-07
9.96049e-08
9.35005e-08
8.84431e-08
8.43175e-08
8.10088e-08
7.84046e-08
7.63975e-08
7.48877e-08
7.37844e-08
7.30072e-08
7.24856e-08
7.21587e-08
7.19735e-08
7.18835e-08
7.18463e-08
7.18211e-08
7.17663e-08
7.16354e-08
7.1375e-08
7.09169e-08
7.01804e-08
6.90488e-08
6.74058e-08
6.50304e-08
6.18314e-08
5.73466e-08
5.16755e-08
4.5191e-08
3.15736e-08
7.31135e-06
7.80943e-06
8.30699e-06
8.75301e-06
9.14045e-06
9.45783e-06
9.68984e-06
9.82902e-06
9.87545e-06
9.83437e-06
9.71501e-06
9.52805e-06
9.28361e-06
8.99187e-06
8.66447e-06
8.31366e-06
7.9498e-06
7.5801e-06
7.20932e-06
6.84115e-06
6.47876e-06
6.12481e-06
5.78123e-06
5.44929e-06
5.12977e-06
4.8231e-06
4.52947e-06
4.24892e-06
3.98135e-06
3.72657e-06
3.48431e-06
3.25427e-06
3.03612e-06
2.82951e-06
2.63406e-06
2.44938e-06
2.27511e-06
2.11086e-06
1.95623e-06
1.81084e-06
1.67431e-06
1.54626e-06
1.42633e-06
1.31413e-06
1.20931e-06
1.11151e-06
1.02039e-06
9.35609e-07
8.56827e-07
7.83728e-07
7.16e-07
6.53339e-07
5.95455e-07
5.42067e-07
4.92905e-07
4.47713e-07
4.06245e-07
3.68267e-07
3.33556e-07
3.01904e-07
2.73112e-07
2.46994e-07
2.23376e-07
2.02096e-07
1.83002e-07
1.65952e-07
1.50815e-07
1.37465e-07
1.25785e-07
1.1566e-07
1.06977e-07
9.96226e-08
9.34808e-08
8.84325e-08
8.43562e-08
8.11296e-08
7.86326e-08
7.67501e-08
7.53753e-08
7.44114e-08
7.37731e-08
7.33865e-08
7.31882e-08
7.31238e-08
7.31459e-08
7.32119e-08
7.32812e-08
7.33125e-08
7.32599e-08
7.30705e-08
7.26772e-08
7.19995e-08
7.09214e-08
6.93275e-08
6.6995e-08
6.38396e-08
5.93885e-08
5.37592e-08
4.74845e-08
3.37116e-08
6.98576e-06
7.44209e-06
7.89726e-06
8.30681e-06
8.66626e-06
8.96651e-06
9.19449e-06
9.34312e-06
9.41105e-06
9.40113e-06
9.3198e-06
9.1752e-06
8.97528e-06
8.72841e-06
8.44461e-06
8.13476e-06
7.8083e-06
7.47204e-06
7.13067e-06
6.78795e-06
6.44728e-06
6.11159e-06
5.78313e-06
5.46353e-06
5.15392e-06
4.85506e-06
4.56742e-06
4.29132e-06
4.02689e-06
3.77415e-06
3.53301e-06
3.30334e-06
3.08493e-06
2.87755e-06
2.68093e-06
2.49478e-06
2.31878e-06
2.15261e-06
1.99594e-06
1.84843e-06
1.70973e-06
1.5795e-06
1.45738e-06
1.34304e-06
1.23612e-06
1.13628e-06
1.04319e-06
9.56509e-07
8.75917e-07
8.01095e-07
7.31733e-07
6.6753e-07
6.08195e-07
5.53446e-07
5.03012e-07
4.56635e-07
4.14065e-07
3.75066e-07
3.39413e-07
3.06895e-07
2.7731e-07
2.5047e-07
2.26199e-07
2.04332e-07
1.84715e-07
1.67207e-07
1.51674e-07
1.37993e-07
1.26043e-07
1.15712e-07
1.06884e-07
9.94434e-08
9.32719e-08
8.82445e-08
8.42327e-08
8.11061e-08
7.87355e-08
7.69973e-08
7.57768e-08
7.49707e-08
7.44885e-08
7.42527e-08
7.41974e-08
7.42668e-08
7.44129e-08
7.45931e-08
7.47672e-08
7.48948e-08
7.4931e-08
7.4824e-08
7.45078e-08
7.39034e-08
7.2896e-08
7.13722e-08
6.9109e-08
6.60297e-08
6.16524e-08
5.6113e-08
5.014e-08
3.62125e-08
6.69163e-06
7.11227e-06
7.53113e-06
7.90949e-06
8.24475e-06
8.52956e-06
8.75266e-06
8.90751e-06
8.99191e-06
9.00702e-06
8.9572e-06
8.84848e-06
8.68704e-06
8.47968e-06
8.23493e-06
7.96235e-06
7.67045e-06
7.3655e-06
7.05203e-06
6.73378e-06
6.41423e-06
6.0965e-06
5.78309e-06
5.47592e-06
5.17639e-06
4.88555e-06
4.60417e-06
4.33277e-06
4.07173e-06
3.82125e-06
3.58144e-06
3.35232e-06
3.13381e-06
2.92579e-06
2.72811e-06
2.54055e-06
2.36289e-06
2.19485e-06
2.03617e-06
1.88655e-06
1.74569e-06
1.61326e-06
1.48895e-06
1.37244e-06
1.26339e-06
1.16148e-06
1.06638e-06
9.77777e-07
8.95339e-07
8.18758e-07
7.47727e-07
6.81945e-07
6.21123e-07
5.64978e-07
5.13237e-07
4.65641e-07
4.21937e-07
3.81888e-07
3.45265e-07
3.11853e-07
2.81449e-07
2.53862e-07
2.28914e-07
2.06437e-07
1.86278e-07
1.68293e-07
1.52349e-07
1.38321e-07
1.26093e-07
1.15548e-07
1.06572e-07
9.90495e-08
9.2856e-08
8.78621e-08
8.39314e-08
8.09241e-08
7.87012e-08
7.71291e-08
7.60842e-08
7.54561e-08
7.51487e-08
7.50807e-08
7.51836e-08
7.54005e-08
7.56831e-08
7.5989e-08
7.6279e-08
7.65138e-08
7.66498e-08
7.66372e-08
7.64119e-08
7.58971e-08
7.49805e-08
7.35512e-08
7.13882e-08
6.8423e-08
6.41669e-08
5.87727e-08
5.32052e-08
3.91209e-08
6.42664e-06
6.81665e-06
7.20427e-06
7.55577e-06
7.86996e-06
8.1408e-06
8.35854e-06
8.51719e-06
8.61414e-06
8.64935e-06
8.62557e-06
8.54721e-06
8.41897e-06
8.24631e-06
8.03644e-06
7.79766e-06
7.53752e-06
7.26175e-06
6.97459e-06
6.67969e-06
6.38055e-06
6.08035e-06
5.7818e-06
5.48701e-06
5.19765e-06
4.91498e-06
4.64002e-06
4.37354e-06
4.11608e-06
3.86807e-06
3.62977e-06
3.40134e-06
3.18286e-06
2.97433e-06
2.77568e-06
2.58679e-06
2.40751e-06
2.23764e-06
2.07697e-06
1.92525e-06
1.78222e-06
1.64758e-06
1.52107e-06
1.40236e-06
1.29115e-06
1.18714e-06
1.09e-06
9.9943e-07
9.15108e-07
8.36729e-07
7.6399e-07
6.96592e-07
6.34245e-07
5.76668e-07
5.23586e-07
4.74737e-07
4.29867e-07
3.88734e-07
3.5111e-07
3.16775e-07
2.85524e-07
2.57163e-07
2.31512e-07
2.08402e-07
1.87677e-07
1.69194e-07
1.5282e-07
1.38431e-07
1.2591e-07
1.15143e-07
1.06018e-07
9.8415e-08
9.22084e-08
8.72621e-08
8.34314e-08
8.05658e-08
7.85146e-08
7.7133e-08
7.62875e-08
7.58597e-08
7.57475e-08
7.58656e-08
7.61432e-08
7.65224e-08
7.69548e-08
7.73989e-08
7.78164e-08
7.81698e-08
7.84178e-08
7.85127e-08
7.83933e-08
7.79858e-08
7.71819e-08
7.5874e-08
7.3846e-08
7.10371e-08
6.69565e-08
6.1768e-08
5.67193e-08
4.24687e-08
6.18889e-06
6.5525e-06
6.91307e-06
7.24128e-06
7.53699e-06
7.79514e-06
8.00725e-06
8.16792e-06
8.27433e-06
8.32564e-06
8.32341e-06
8.27071e-06
8.17106e-06
8.02882e-06
7.85e-06
7.64175e-06
7.41071e-06
7.16199e-06
6.89952e-06
6.62678e-06
6.34721e-06
6.06402e-06
5.78001e-06
5.49747e-06
5.21824e-06
4.94381e-06
4.67539e-06
4.41394e-06
4.16023e-06
3.91483e-06
3.67818e-06
3.45058e-06
3.23224e-06
3.02328e-06
2.82373e-06
2.63357e-06
2.45271e-06
2.28105e-06
2.1184e-06
1.96458e-06
1.81937e-06
1.68252e-06
1.55376e-06
1.43284e-06
1.31944e-06
1.21329e-06
1.11407e-06
1.0215e-06
9.35249e-07
8.55033e-07
7.80545e-07
7.11491e-07
6.47581e-07
5.88532e-07
5.34071e-07
4.83932e-07
4.37861e-07
3.95613e-07
3.56955e-07
3.21667e-07
2.89539e-07
2.60375e-07
2.33993e-07
2.10223e-07
1.88908e-07
1.69904e-07
1.53079e-07
1.3831e-07
1.25483e-07
1.14485e-07
1.05205e-07
9.75246e-08
9.13137e-08
8.64306e-08
8.27207e-08
8.00215e-08
7.81688e-08
7.70049e-08
7.63851e-08
7.6182e-08
7.62872e-08
7.66112e-08
7.7081e-08
7.76382e-08
7.82344e-08
7.88295e-08
7.93869e-08
7.98712e-08
8.02439e-08
8.04604e-08
8.04634e-08
8.01829e-08
7.95164e-08
7.83605e-08
7.65073e-08
7.39027e-08
7.00612e-08
6.51455e-08
6.07431e-08
4.63101e-08
5.97688e-06
6.31759e-06
6.65459e-06
6.96242e-06
7.24177e-06
7.48833e-06
7.69469e-06
7.85604e-06
7.9695e-06
8.0337e-06
8.04927e-06
8.01826e-06
7.94322e-06
7.82759e-06
7.67636e-06
7.49563e-06
7.29114e-06
7.0674e-06
6.82798e-06
6.57615e-06
6.31523e-06
6.04841e-06
5.77853e-06
5.50798e-06
5.23877e-06
4.97254e-06
4.71069e-06
4.45436e-06
4.20448e-06
3.96179e-06
3.72689e-06
3.50022e-06
3.2821e-06
3.07278e-06
2.87239e-06
2.681e-06
2.4986e-06
2.32514e-06
2.16052e-06
2.0046e-06
1.85719e-06
1.7181e-06
1.58709e-06
1.4639e-06
1.34828e-06
1.23995e-06
1.13862e-06
1.04399e-06
9.55776e-07
8.73678e-07
7.97399e-07
7.26646e-07
6.61131e-07
6.00572e-07
5.44693e-07
4.93228e-07
4.45919e-07
4.02519e-07
3.62794e-07
3.26518e-07
2.93482e-07
2.63485e-07
2.36343e-07
2.11885e-07
1.89952e-07
1.70401e-07
1.53101e-07
1.3793e-07
1.24778e-07
1.13536e-07
1.04095e-07
9.63374e-08
9.01312e-08
8.53281e-08
8.17624e-08
7.92575e-08
7.76335e-08
7.67177e-08
7.63525e-08
7.64007e-08
7.67471e-08
7.7298e-08
7.79787e-08
7.87301e-08
7.95049e-08
8.02643e-08
8.09743e-08
8.16022e-08
8.2113e-08
8.24659e-08
8.26087e-08
8.24763e-08
8.1974e-08
8.10033e-08
7.93696e-08
7.7022e-08
7.34929e-08
6.8922e-08
6.53103e-08
5.06761e-08
5.78944e-06
6.1101e-06
6.42635e-06
6.7162e-06
6.98092e-06
7.21682e-06
7.41741e-06
7.57842e-06
7.69704e-06
7.77152e-06
7.80182e-06
7.78915e-06
7.7353e-06
7.64294e-06
7.51619e-06
7.3602e-06
7.17987e-06
6.97911e-06
6.7611e-06
6.5289e-06
6.28564e-06
6.03447e-06
5.77821e-06
5.51932e-06
5.2599e-06
5.00177e-06
4.74644e-06
4.49523e-06
4.24922e-06
4.0093e-06
3.7762e-06
3.55051e-06
3.33267e-06
3.12303e-06
2.92184e-06
2.72923e-06
2.5453e-06
2.37006e-06
2.20346e-06
2.04542e-06
1.89579e-06
1.75443e-06
1.62112e-06
1.49564e-06
1.37775e-06
1.26719e-06
1.1637e-06
1.06698e-06
9.76748e-07
8.92722e-07
8.14606e-07
7.4211e-07
6.74946e-07
6.12833e-07
5.55494e-07
5.02662e-07
4.54077e-07
4.09489e-07
3.68661e-07
3.31364e-07
2.97385e-07
2.66522e-07
2.38589e-07
2.13411e-07
1.90831e-07
1.70704e-07
1.52901e-07
1.37305e-07
1.23808e-07
1.12307e-07
1.02697e-07
9.48635e-08
8.86725e-08
8.39689e-08
8.05748e-08
7.82966e-08
7.69361e-08
7.63031e-08
7.62252e-08
7.65544e-08
7.71681e-08
7.79689e-08
7.88803e-08
7.98433e-08
8.0812e-08
8.17501e-08
8.26261e-08
8.34112e-08
8.40743e-08
8.45796e-08
8.48811e-08
8.49198e-08
8.46115e-08
8.3863e-08
8.24994e-08
8.04676e-08
7.73368e-08
7.31883e-08
7.05318e-08
5.56606e-08
5.62576e-06
5.92865e-06
6.22642e-06
6.50017e-06
6.75165e-06
6.97766e-06
7.17251e-06
7.33241e-06
7.45469e-06
7.53737e-06
7.57986e-06
7.58273e-06
7.54714e-06
7.47514e-06
7.37011e-06
7.23633e-06
7.07793e-06
6.89823e-06
6.70005e-06
6.48615e-06
6.25953e-06
6.0232e-06
5.77995e-06
5.53228e-06
5.28237e-06
5.03212e-06
4.78319e-06
4.53703e-06
4.29484e-06
4.05768e-06
3.82639e-06
3.60169e-06
3.38414e-06
3.1742e-06
2.9722e-06
2.77838e-06
2.59291e-06
2.41586e-06
2.24726e-06
2.08706e-06
1.93519e-06
1.79151e-06
1.65586e-06
1.52804e-06
1.40784e-06
1.29501e-06
1.18929e-06
1.09043e-06
9.9814e-07
9.12137e-07
8.32135e-07
7.57848e-07
6.8899e-07
6.25279e-07
5.66439e-07
5.12199e-07
4.62298e-07
4.16483e-07
3.74513e-07
3.36159e-07
3.01202e-07
2.69438e-07
2.40678e-07
2.14747e-07
1.91485e-07
1.70749e-07
1.52411e-07
1.36358e-07
1.22489e-07
1.10706e-07
1.00912e-07
9.29973e-08
8.6828e-08
8.22419e-08
7.90469e-08
7.70295e-08
7.59695e-08
7.5656e-08
7.58997e-08
7.65406e-08
7.74486e-08
7.85222e-08
7.9684e-08
8.08758e-08
8.20536e-08
8.31838e-08
8.42388e-08
8.51939e-08
8.60232e-08
8.66966e-08
8.71759e-08
8.74093e-08
8.73263e-08
8.68391e-08
8.58015e-08
8.41484e-08
8.15169e-08
7.78703e-08
7.63759e-08
6.12487e-08
5.48512e-06
5.77203e-06
6.05307e-06
6.31221e-06
6.55157e-06
6.76831e-06
6.95745e-06
7.11568e-06
7.24045e-06
7.32965e-06
7.38229e-06
7.39837e-06
7.37857e-06
7.32442e-06
7.23868e-06
7.12485e-06
6.98633e-06
6.8259e-06
6.64598e-06
6.44909e-06
6.23803e-06
6.01567e-06
5.78475e-06
5.54779e-06
5.30698e-06
5.06434e-06
4.82161e-06
4.58035e-06
4.34191e-06
4.10744e-06
3.87792e-06
3.65418e-06
3.4369e-06
3.22663e-06
3.0238e-06
2.82875e-06
2.6417e-06
2.46282e-06
2.29217e-06
2.12979e-06
1.97562e-06
1.82957e-06
1.69153e-06
1.56132e-06
1.43874e-06
1.32358e-06
1.2156e-06
1.11453e-06
1.02012e-06
9.32085e-07
8.50145e-07
7.74015e-07
7.03412e-07
6.38055e-07
5.77665e-07
5.21971e-07
4.70711e-07
4.23628e-07
3.80478e-07
3.41027e-07
3.05055e-07
2.72354e-07
2.42732e-07
2.16011e-07
1.92033e-07
1.70654e-07
1.51749e-07
1.3521e-07
1.20942e-07
1.08858e-07
9.88703e-08
9.08759e-08
8.47439e-08
8.03047e-08
7.73491e-08
7.56396e-08
7.4929e-08
7.49819e-08
7.55899e-08
7.65796e-08
7.78137e-08
7.91872e-08
8.06223e-08
8.20625e-08
8.34666e-08
8.48047e-08
8.60538e-08
8.71939e-08
8.82055e-08
8.90652e-08
8.97442e-08
9.01992e-08
9.03771e-08
9.01954e-08
8.95476e-08
8.83438e-08
8.63302e-08
8.32693e-08
8.31655e-08
6.76915e-08
5.36737e-06
5.63956e-06
5.90518e-06
6.15078e-06
6.3788e-06
6.58672e-06
6.77018e-06
6.92629e-06
7.05264e-06
7.14704e-06
7.20815e-06
7.23554e-06
7.22946e-06
7.19105e-06
7.12247e-06
7.02657e-06
6.90607e-06
6.76322e-06
6.60006e-06
6.41888e-06
6.22225e-06
6.01294e-06
5.79361e-06
5.56672e-06
5.33454e-06
5.09912e-06
4.86229e-06
4.6257e-06
4.39081e-06
4.15889e-06
3.93103e-06
3.70816e-06
3.49106e-06
3.28039e-06
3.07668e-06
2.88032e-06
2.69164e-06
2.51086e-06
2.33811e-06
2.17346e-06
2.01693e-06
1.86846e-06
1.72796e-06
1.59529e-06
1.47028e-06
1.35273e-06
1.24241e-06
1.13909e-06
1.0425e-06
9.52381e-07
8.68449e-07
7.90426e-07
7.18029e-07
6.50977e-07
5.88993e-07
5.31803e-07
4.79141e-07
4.30747e-07
3.86375e-07
3.45787e-07
3.08759e-07
2.75079e-07
2.44554e-07
2.17002e-07
1.92263e-07
1.70194e-07
1.50674e-07
1.33598e-07
1.18883e-07
1.06452e-07
9.62322e-08
8.81332e-08
8.20297e-08
7.77461e-08
7.50543e-08
7.36873e-08
7.33655e-08
7.3824e-08
7.48319e-08
7.62015e-08
7.77876e-08
7.94823e-08
8.12083e-08
8.29113e-08
8.45539e-08
8.61106e-08
8.75636e-08
8.88988e-08
9.01039e-08
9.11632e-08
9.2059e-08
9.27584e-08
9.32297e-08
9.33951e-08
9.32041e-08
9.25194e-08
9.12684e-08
8.88678e-08
9.0512e-08
7.47121e-08
5.27186e-06
5.53014e-06
5.7812e-06
6.01403e-06
6.23131e-06
6.43077e-06
6.6086e-06
6.76229e-06
6.88959e-06
6.98821e-06
7.05653e-06
7.09373e-06
7.09973e-06
7.07529e-06
7.02211e-06
6.9424e-06
6.83825e-06
6.71143e-06
6.56362e-06
6.39687e-06
6.21357e-06
6.01634e-06
5.80777e-06
5.5903e-06
5.36619e-06
5.13754e-06
4.90624e-06
4.67404e-06
4.44248e-06
4.21292e-06
3.98656e-06
3.76443e-06
3.54741e-06
3.33625e-06
3.13155e-06
2.93381e-06
2.74341e-06
2.56065e-06
2.38571e-06
2.21873e-06
2.05976e-06
1.90878e-06
1.76574e-06
1.63053e-06
1.50301e-06
1.38299e-06
1.27027e-06
1.16461e-06
1.06577e-06
9.73494e-07
8.87503e-07
8.07522e-07
7.33271e-07
6.64468e-07
6.00834e-07
5.42095e-07
4.87981e-07
4.38232e-07
3.92595e-07
3.50828e-07
3.12705e-07
2.7801e-07
2.46545e-07
2.18127e-07
1.92594e-07
1.69805e-07
1.49639e-07
1.32002e-07
1.16817e-07
1.04028e-07
9.35788e-08
8.53963e-08
7.93643e-08
7.53005e-08
7.29517e-08
7.20129e-08
7.21631e-08
7.31023e-08
7.45746e-08
7.63777e-08
7.83599e-08
8.04124e-08
8.24599e-08
8.4452e-08
8.63564e-08
8.81533e-08
8.98308e-08
9.13819e-08
9.28024e-08
9.40858e-08
9.52273e-08
9.62059e-08
9.70159e-08
9.75842e-08
9.79323e-08
9.78527e-08
9.75326e-08
9.58723e-08
9.95931e-08
8.31675e-08
5.19915e-06
5.44397e-06
5.68087e-06
5.90123e-06
6.10803e-06
6.29918e-06
6.47137e-06
6.62241e-06
6.75015e-06
6.85223e-06
6.92678e-06
6.97264e-06
6.9894e-06
6.97752e-06
6.93826e-06
6.87324e-06
6.78396e-06
6.6717e-06
6.53786e-06
6.38423e-06
6.21307e-06
6.02687e-06
5.82814e-06
5.61927e-06
5.40254e-06
5.18007e-06
4.95382e-06
4.72559e-06
4.497e-06
4.2695e-06
4.04438e-06
3.82277e-06
3.60563e-06
3.3938e-06
3.18796e-06
2.9887e-06
2.79646e-06
2.61159e-06
2.43436e-06
2.26494e-06
2.10343e-06
1.94986e-06
1.8042e-06
1.66637e-06
1.53626e-06
1.4137e-06
1.2985e-06
1.19045e-06
1.0893e-06
9.94806e-07
9.06701e-07
8.2471e-07
7.48553e-07
6.77949e-07
6.12619e-07
5.52285e-07
4.96674e-07
4.45522e-07
3.98573e-07
3.55582e-07
3.16314e-07
2.80552e-07
2.48092e-07
2.18748e-07
1.92354e-07
1.68768e-07
1.47872e-07
1.29576e-07
1.13818e-07
1.00559e-07
8.97684e-08
8.14017e-08
7.53625e-08
7.14688e-08
6.94422e-08
6.89325e-08
6.9568e-08
7.10049e-08
7.29578e-08
7.52071e-08
7.75942e-08
8.00094e-08
8.238e-08
8.46603e-08
8.68235e-08
8.8856e-08
9.0753e-08
9.25151e-08
9.4147e-08
9.56529e-08
9.70427e-08
9.83091e-08
9.94784e-08
1.00481e-07
1.01437e-07
1.02026e-07
1.02852e-07
1.01967e-07
1.08516e-07
9.16954e-08
5.14819e-06
5.37918e-06
5.60186e-06
5.80987e-06
6.00635e-06
6.1894e-06
6.35609e-06
6.50451e-06
6.63254e-06
6.73773e-06
6.81794e-06
6.87171e-06
6.89836e-06
6.89807e-06
6.87167e-06
6.82021e-06
6.74461e-06
6.6457e-06
6.52458e-06
6.38289e-06
6.22273e-06
6.04652e-06
5.85669e-06
5.65561e-06
5.44556e-06
5.22866e-06
5.00694e-06
4.78223e-06
4.55623e-06
4.33046e-06
4.1063e-06
3.88496e-06
3.66748e-06
3.45477e-06
3.24762e-06
3.04665e-06
2.85241e-06
2.66529e-06
2.48562e-06
2.31362e-06
2.14943e-06
1.99313e-06
1.84473e-06
1.70416e-06
1.57134e-06
1.44613e-06
1.32835e-06
1.2178e-06
1.11425e-06
1.01745e-06
9.27145e-07
8.43064e-07
7.64928e-07
6.92455e-07
6.25365e-07
5.63377e-07
5.06217e-07
4.53616e-07
4.05313e-07
3.61059e-07
3.20616e-07
2.83759e-07
2.50282e-07
2.19995e-07
1.92731e-07
1.68345e-07
1.46725e-07
1.27789e-07
1.1149e-07
9.78155e-08
8.67696e-08
7.83439e-08
7.24656e-08
6.89456e-08
6.74611e-08
6.75936e-08
6.89031e-08
7.09955e-08
7.35561e-08
7.63538e-08
7.92287e-08
8.20755e-08
8.48285e-08
8.74499e-08
8.99208e-08
9.22356e-08
9.43979e-08
9.64169e-08
9.8308e-08
1.00087e-07
1.0178e-07
1.03397e-07
1.04999e-07
1.06522e-07
1.08203e-07
1.09582e-07
1.11795e-07
1.11745e-07
1.21561e-07
1.03276e-07
5.12006e-06
5.33696e-06
5.5448e-06
5.73995e-06
5.92585e-06
6.10069e-06
6.26191e-06
6.40776e-06
6.5361e-06
6.64432e-06
6.73e-06
6.79137e-06
6.82748e-06
6.83816e-06
6.82381e-06
6.78488e-06
6.72174e-06
6.63483e-06
6.52503e-06
6.39385e-06
6.24334e-06
6.07585e-06
5.89377e-06
5.69945e-06
5.49514e-06
5.283e-06
5.06507e-06
4.84325e-06
4.61929e-06
4.39477e-06
4.17115e-06
3.9497e-06
3.73155e-06
3.51769e-06
3.30896e-06
3.10607e-06
2.90962e-06
2.72007e-06
2.5378e-06
2.36308e-06
2.1961e-06
2.03695e-06
1.88569e-06
1.74229e-06
1.60668e-06
1.47874e-06
1.3583e-06
1.24518e-06
1.13915e-06
1.03999e-06
9.47427e-07
8.61199e-07
7.81028e-07
7.06632e-07
6.37729e-07
5.74034e-07
5.1527e-07
4.61163e-07
4.11447e-07
3.65867e-07
3.24178e-07
2.8615e-07
2.51569e-07
2.20237e-07
1.91981e-07
1.66652e-07
1.44132e-07
1.24341e-07
1.07243e-07
9.28459e-08
8.11956e-08
7.23405e-08
6.62657e-08
6.28106e-08
6.16269e-08
6.22245e-08
6.40792e-08
6.6729e-08
6.98177e-08
7.30944e-08
7.63932e-08
7.96107e-08
8.26863e-08
8.5589e-08
8.83075e-08
9.08438e-08
9.32099e-08
9.54243e-08
9.75134e-08
9.95057e-08
1.01447e-07
1.03363e-07
1.05361e-07
1.0738e-07
1.09817e-07
1.12001e-07
1.15917e-07
1.16624e-07
1.31489e-07
1.1283e-07
5.11378e-06
5.31398e-06
5.50562e-06
5.68738e-06
5.86269e-06
6.02967e-06
6.18598e-06
6.3298e-06
6.45873e-06
6.56994e-06
6.66084e-06
6.72953e-06
6.77494e-06
6.79662e-06
6.79437e-06
6.76791e-06
6.71689e-06
6.64132e-06
6.5419e-06
6.42015e-06
6.27815e-06
6.11825e-06
5.94285e-06
5.7543e-06
5.55486e-06
5.34669e-06
5.13185e-06
4.91229e-06
4.68979e-06
4.46601e-06
4.24246e-06
4.02048e-06
3.80128e-06
3.58591e-06
3.37527e-06
3.17016e-06
2.97122e-06
2.77899e-06
2.59387e-06
2.4162e-06
2.2462e-06
2.08401e-06
1.92971e-06
1.7833e-06
1.64473e-06
1.51389e-06
1.39066e-06
1.27484e-06
1.16622e-06
1.06458e-06
9.69657e-07
8.81191e-07
7.98904e-07
7.22512e-07
6.51732e-07
5.86277e-07
5.25865e-07
4.70218e-07
4.19064e-07
3.72144e-07
3.29208e-07
2.90019e-07
2.54358e-07
2.22025e-07
1.92841e-07
1.66659e-07
1.43364e-07
1.22889e-07
1.0522e-07
9.041e-08
7.857e-08
6.98262e-08
6.42181e-08
6.15653e-08
6.14096e-08
6.31128e-08
6.60322e-08
6.96438e-08
7.3574e-08
7.75781e-08
8.15056e-08
8.52702e-08
8.88271e-08
9.21593e-08
9.52674e-08
9.81646e-08
1.00873e-07
1.03423e-07
1.05852e-07
1.08204e-07
1.10543e-07
1.12919e-07
1.15479e-07
1.18183e-07
1.2158e-07
1.24797e-07
1.30755e-07
1.32231e-07
1.52627e-07
1.29858e-07
5.12929e-06
5.31139e-06
5.48449e-06
5.65124e-06
5.81505e-06
5.97388e-06
6.12577e-06
6.26886e-06
6.40027e-06
6.51654e-06
6.61449e-06
6.69181e-06
6.74714e-06
6.77969e-06
6.78867e-06
6.7731e-06
6.73215e-06
6.66561e-06
6.57429e-06
6.45985e-06
6.32448e-06
6.17056e-06
6.00047e-06
5.8165e-06
5.62091e-06
5.41583e-06
5.20334e-06
4.98539e-06
4.76381e-06
4.5403e-06
4.31641e-06
4.09355e-06
3.87298e-06
3.65582e-06
3.44304e-06
3.23549e-06
3.03386e-06
2.83876e-06
2.65063e-06
2.46986e-06
2.29671e-06
2.13135e-06
1.97389e-06
1.82436e-06
1.68273e-06
1.54892e-06
1.4228e-06
1.30419e-06
1.19291e-06
1.08871e-06
9.91356e-07
9.00579e-07
8.16104e-07
7.37646e-07
6.64917e-07
5.97627e-07
5.35488e-07
4.78216e-07
4.25534e-07
3.77173e-07
3.32876e-07
2.92396e-07
2.55503e-07
2.21984e-07
1.91648e-07
1.64329e-07
1.39896e-07
1.18264e-07
9.94041e-08
8.33693e-08
7.03031e-08
6.0424e-08
5.39261e-08
5.07786e-08
5.05575e-08
5.25185e-08
5.58634e-08
5.9947e-08
6.43274e-08
6.87307e-08
7.29981e-08
7.70449e-08
8.08324e-08
8.43509e-08
8.76092e-08
9.06289e-08
9.34411e-08
9.60857e-08
9.8613e-08
1.01081e-07
1.03577e-07
1.06174e-07
1.0907e-07
1.12249e-07
1.16462e-07
1.20575e-07
1.2896e-07
1.30938e-07
1.6113e-07
1.38587e-07
5.17381e-06
5.32978e-06
5.48133e-06
5.63373e-06
5.78839e-06
5.94229e-06
6.0928e-06
6.23645e-06
6.36868e-06
6.48537e-06
6.58417e-06
6.66478e-06
6.72763e-06
6.77204e-06
6.79539e-06
6.79412e-06
6.76543e-06
6.70851e-06
6.62452e-06
6.51585e-06
6.38528e-06
6.23552e-06
6.06905e-06
5.88819e-06
5.69518e-06
5.49215e-06
5.28114e-06
5.0641e-06
4.84288e-06
4.61919e-06
4.39461e-06
4.17059e-06
3.94844e-06
3.72933e-06
3.51428e-06
3.30417e-06
3.09977e-06
2.90171e-06
2.71051e-06
2.52657e-06
2.35019e-06
2.1816e-06
2.02091e-06
1.8682e-06
1.72345e-06
1.5866e-06
1.45753e-06
1.33608e-06
1.22207e-06
1.11527e-06
1.01544e-06
9.22318e-07
8.35625e-07
7.55078e-07
6.80386e-07
6.11256e-07
5.47397e-07
4.88521e-07
4.34344e-07
3.84594e-07
3.39006e-07
2.9733e-07
2.59331e-07
2.24791e-07
1.93518e-07
1.65348e-07
1.4016e-07
1.17888e-07
9.85533e-08
8.22953e-08
6.94106e-08
6.03232e-08
5.53681e-08
5.43833e-08
5.65361e-08
6.06953e-08
6.58966e-08
7.14965e-08
7.71163e-08
8.25497e-08
8.76927e-08
9.25014e-08
9.69668e-08
1.01102e-07
1.04932e-07
1.08493e-07
1.11829e-07
1.14991e-07
1.18044e-07
1.21062e-07
1.24151e-07
1.27418e-07
1.31095e-07
1.35229e-07
1.40693e-07
1.46246e-07
1.57483e-07
1.59943e-07
2.00444e-07
1.65317e-07
5.21729e-06
5.34028e-06
5.46548e-06
5.60083e-06
5.74382e-06
5.89289e-06
6.04684e-06
6.20007e-06
6.34447e-06
6.4732e-06
6.58366e-06
6.67752e-06
6.75685e-06
6.81992e-06
6.86097e-06
6.87366e-06
6.85447e-06
6.80364e-06
6.72393e-06
6.61881e-06
6.49146e-06
6.34449e-06
6.18022e-06
6.00085e-06
5.80856e-06
5.60549e-06
5.39374e-06
5.17532e-06
4.95214e-06
4.726e-06
4.49853e-06
4.27127e-06
4.04557e-06
3.82267e-06
3.60365e-06
3.38945e-06
3.18086e-06
2.97856e-06
2.78311e-06
2.59495e-06
2.4144e-06
2.2417e-06
2.07701e-06
1.9204e-06
1.77188e-06
1.6314e-06
1.49885e-06
1.37407e-06
1.25689e-06
1.14708e-06
1.0444e-06
9.48593e-07
8.5937e-07
7.76447e-07
6.9953e-07
6.2832e-07
5.6252e-07
5.01835e-07
4.45975e-07
3.9466e-07
3.47616e-07
3.04583e-07
2.65316e-07
2.29586e-07
1.97184e-07
1.67925e-07
1.41661e-07
1.18286e-07
9.77538e-08
8.0111e-08
6.55218e-08
5.4284e-08
4.67504e-08
4.30677e-08
4.28544e-08
4.52175e-08
4.915e-08
5.38575e-08
5.88245e-08
6.37503e-08
6.84723e-08
7.29112e-08
7.70376e-08
8.08526e-08
8.43768e-08
8.76447e-08
9.07031e-08
9.36108e-08
9.64427e-08
9.92922e-08
1.02291e-07
1.05589e-07
1.09481e-07
1.14098e-07
1.20555e-07
1.27453e-07
1.42605e-07
1.4573e-07
2.08128e-07
1.77369e-07
5.18701e-06
5.23747e-06
5.33446e-06
5.47505e-06
5.64031e-06
5.82641e-06
6.02755e-06
6.22916e-06
6.41652e-06
6.58252e-06
6.73032e-06
6.86841e-06
7.00039e-06
7.11904e-06
7.20985e-06
7.26003e-06
7.26495e-06
7.22795e-06
7.15589e-06
7.05505e-06
6.92969e-06
6.78255e-06
6.61575e-06
6.43142e-06
6.23179e-06
6.01923e-06
5.79607e-06
5.56464e-06
5.32715e-06
5.0857e-06
4.84225e-06
4.59858e-06
4.35631e-06
4.11686e-06
3.88149e-06
3.65129e-06
3.42717e-06
3.20988e-06
3.00003e-06
2.79812e-06
2.6045e-06
2.41941e-06
2.24302e-06
2.07539e-06
1.91651e-06
1.76633e-06
1.6247e-06
1.49145e-06
1.36638e-06
1.24924e-06
1.13976e-06
1.03766e-06
9.4262e-07
8.54343e-07
7.72506e-07
6.9679e-07
6.26876e-07
5.6245e-07
5.03206e-07
4.48849e-07
3.99093e-07
3.53669e-07
3.12324e-07
2.74824e-07
2.40961e-07
2.10556e-07
1.83463e-07
1.59583e-07
1.38866e-07
1.21325e-07
1.07026e-07
9.60611e-08
8.84731e-08
8.41434e-08
8.27125e-08
8.36113e-08
8.6196e-08
8.98865e-08
9.4236e-08
9.89362e-08
1.03793e-07
1.08694e-07
1.13588e-07
1.18463e-07
1.23335e-07
1.28239e-07
1.33228e-07
1.38365e-07
1.43721e-07
1.49384e-07
1.55435e-07
1.62001e-07
1.69107e-07
1.77065e-07
1.85449e-07
1.95414e-07
2.05078e-07
2.13885e-07
2.46427e-07
1.44882e-07
5.33039e-06
5.09497e-06
4.97745e-06
4.93753e-06
4.9556e-06
5.05493e-06
5.23999e-06
5.5049e-06
5.84138e-06
6.22608e-06
6.61407e-06
6.94946e-06
7.18874e-06
7.32017e-06
7.36351e-06
7.35183e-06
7.31165e-06
7.25477e-06
7.1816e-06
7.08861e-06
6.97325e-06
6.83532e-06
6.67627e-06
6.49836e-06
6.30415e-06
6.09637e-06
5.87786e-06
5.65153e-06
5.42032e-06
5.18716e-06
4.95494e-06
4.72648e-06
4.50451e-06
4.29169e-06
4.09053e-06
3.90346e-06
3.73269e-06
3.58025e-06
3.44792e-06
3.33709e-06
3.24879e-06
3.18354e-06
3.14132e-06
3.12164e-06
3.1235e-06
3.14552e-06
3.18607e-06
3.24336e-06
3.31559e-06
3.401e-06
3.498e-06
3.60516e-06
3.72124e-06
3.84519e-06
3.97617e-06
4.1135e-06
4.25663e-06
4.40518e-06
4.55885e-06
4.71744e-06
4.88084e-06
5.04899e-06
5.22189e-06
5.39959e-06
5.58216e-06
5.76971e-06
5.96236e-06
6.16026e-06
6.36357e-06
6.57247e-06
6.78712e-06
7.00771e-06
7.23445e-06
7.46752e-06
7.70712e-06
7.95347e-06
8.20676e-06
8.46721e-06
8.73503e-06
9.01043e-06
9.29364e-06
9.58487e-06
9.88434e-06
1.01923e-05
1.05089e-05
1.08345e-05
1.11692e-05
1.15133e-05
1.1867e-05
1.22305e-05
1.2604e-05
1.29876e-05
1.33814e-05
1.37855e-05
1.41988e-05
1.46235e-05
1.50469e-05
1.55053e-05
1.58496e-05
1.6389e-05
4.50014e-05
4.53045e-05
4.60156e-05
4.69066e-05
4.78543e-05
4.88629e-05
4.98916e-05
5.0879e-05
5.17785e-05
5.2556e-05
5.31883e-05
5.36685e-05
5.40082e-05
5.42344e-05
5.43796e-05
5.44724e-05
5.45325e-05
5.45707e-05
5.45913e-05
5.4596e-05
5.45871e-05
5.45681e-05
5.45436e-05
5.45192e-05
5.45002e-05
5.44918e-05
5.44989e-05
5.45262e-05
5.45776e-05
5.46569e-05
5.47675e-05
5.4912e-05
5.50929e-05
5.53122e-05
5.55714e-05
5.5872e-05
5.62147e-05
5.66004e-05
5.70293e-05
5.75017e-05
5.80176e-05
5.85769e-05
5.91794e-05
5.98246e-05
6.05122e-05
6.12417e-05
6.20125e-05
6.28241e-05
6.36759e-05
6.45673e-05
6.54976e-05
6.64664e-05
6.74731e-05
6.8517e-05
6.95977e-05
7.07146e-05
7.18674e-05
7.30554e-05
7.42784e-05
7.55359e-05
7.68276e-05
7.81531e-05
7.95122e-05
8.09046e-05
8.23301e-05
8.37885e-05
8.52797e-05
8.68035e-05
8.83598e-05
8.99486e-05
9.15698e-05
9.32234e-05
9.49096e-05
9.66282e-05
9.83794e-05
0.000100163
0.00010198
0.00010383
0.000105713
0.000107629
0.000109579
0.000111562
0.00011358
0.000115632
0.000117718
0.000119839
0.000121996
0.000124188
0.000126416
0.00012868
0.000130981
0.000133318
0.000135692
0.000138104
0.000140552
0.000143038
0.000145552
0.000148124
0.000150594
0.000153374
0.000275536
0.000276078
0.000277231
0.000278182
0.000278934
0.000279556
0.000280049
0.000280461
0.000280887
0.000281405
0.000282033
0.000282723
0.000283402
0.000284027
0.000284601
0.000285156
0.000285724
0.000286321
0.000286952
0.000287618
0.00028832
0.000289061
0.000289847
0.000290682
0.00029157
0.000292515
0.000293521
0.000294591
0.000295729
0.000296937
0.000298217
0.000299571
0.000301001
0.000302509
0.000304094
0.000305757
0.000307499
0.00030932
0.000311219
0.000313195
0.000315248
0.000317376
0.000319579
0.000321855
0.000324203
0.000326622
0.000329108
0.000331662
0.000334281
0.000336963
0.000339707
0.000342511
0.000345373
0.000348292
0.000351267
0.000354294
0.000357374
0.000360504
0.000363683
0.000366909
0.000370183
0.000373501
0.000376864
0.00038027
0.000383718
0.000387207
0.000390737
0.000394306
0.000397915
0.000401561
0.000405245
0.000408966
0.000412724
0.000416518
0.000420348
0.000424214
0.000428114
0.00043205
0.000436021
0.000440025
0.000444065
0.000448139
0.000452247
0.000456389
0.000460565
0.000464776
0.000469021
0.000473301
0.000477615
0.000481964
0.000486349
0.00049077
0.000495229
0.000499724
0.000504263
0.00050884
0.00051348
0.000518141
0.000522967
0.000527474
6.16621e-06
1.14781e-05
1.33893e-05
1.64332e-05
2.17855e-05
2.91488e-05
3.78226e-05
4.73778e-05
5.75691e-05
6.82494e-05
7.92881e-05
9.05588e-05
0.000101936
0.000113301
0.000124549
0.000135591
0.000146358
0.000156801
0.000166884
0.000176588
0.000185905
0.000194837
0.000203391
0.000211581
0.000219423
0.000226936
0.00023414
0.000241057
0.000247706
0.000254108
0.000260282
0.000266247
0.000272021
0.000277621
0.000283061
0.000288356
0.00029352
0.000298565
0.000303502
0.000308344
0.000313098
0.000317775
0.000322383
0.00032693
0.000331423
0.000335869
0.000340276
0.000344649
0.000348994
0.000353313
0.000357611
0.000361893
0.000366163
0.000370427
0.000374686
0.000378946
0.000383208
0.000387475
0.000391751
0.000396038
0.000400338
0.000404654
0.000408987
0.00041334
0.000417715
0.000422113
0.000426535
0.000430984
0.000435461
0.000439968
0.000444505
0.000449073
0.000453675
0.000458311
0.000462981
0.000467688
0.000472431
0.000477212
0.000482031
0.00048689
0.000491789
0.000496728
0.000501709
0.000506732
0.000511797
0.000516906
0.000522059
0.000527257
0.0005325
0.000537789
0.000543125
0.000548509
0.000553943
0.000559427
0.000564968
0.000570558
0.000576227
0.000581931
0.000587771
0.000593405
1.03141e-05
1.63703e-05
1.27374e-05
1.75071e-05
2.37904e-05
2.96645e-05
3.44348e-05
3.80653e-05
4.05085e-05
4.18783e-05
4.23522e-05
4.21137e-05
4.13234e-05
4.01182e-05
3.86169e-05
3.69244e-05
3.51316e-05
3.33148e-05
3.15356e-05
2.9842e-05
2.82708e-05
2.68487e-05
2.55943e-05
2.45196e-05
2.36303e-05
2.29268e-05
2.24048e-05
2.2056e-05
2.18688e-05
2.18293e-05
2.19222e-05
2.21316e-05
2.24424e-05
2.28399e-05
2.3311e-05
2.38442e-05
2.44295e-05
2.50582e-05
2.57232e-05
2.64187e-05
2.71398e-05
2.78826e-05
2.86442e-05
2.9422e-05
3.02143e-05
3.10197e-05
3.1838e-05
3.26672e-05
3.35067e-05
3.4359e-05
3.52245e-05
3.61027e-05
3.69935e-05
3.78965e-05
3.88116e-05
3.9739e-05
4.06789e-05
4.16313e-05
4.25959e-05
4.35733e-05
4.45638e-05
4.55676e-05
4.65852e-05
4.76169e-05
4.86633e-05
4.97247e-05
5.08017e-05
5.18949e-05
5.30047e-05
5.41317e-05
5.52766e-05
5.64397e-05
5.76218e-05
5.88234e-05
6.00451e-05
6.12875e-05
6.2551e-05
6.38363e-05
6.5144e-05
6.64746e-05
6.78286e-05
6.92066e-05
7.06091e-05
7.20367e-05
7.349e-05
7.49693e-05
7.64753e-05
7.80084e-05
7.95691e-05
8.11579e-05
8.27752e-05
8.44212e-05
8.60962e-05
8.78001e-05
8.95319e-05
9.1293e-05
9.30682e-05
9.49019e-05
9.65822e-05
9.86037e-05
1.70098e-05
2.49052e-05
1.71622e-05
2.35224e-05
3.11698e-05
3.69716e-05
4.07213e-05
4.29784e-05
4.39706e-05
4.39326e-05
4.31448e-05
4.18432e-05
4.01909e-05
3.82926e-05
3.62249e-05
3.40555e-05
3.1847e-05
2.96528e-05
2.75145e-05
2.54611e-05
2.35112e-05
2.16755e-05
1.99586e-05
1.83611e-05
1.68804e-05
1.55122e-05
1.42509e-05
1.30901e-05
1.20234e-05
1.10442e-05
1.01459e-05
9.32238e-06
8.56782e-06
7.87673e-06
7.24403e-06
6.66505e-06
6.1355e-06
5.65148e-06
5.20944e-06
4.80615e-06
4.43872e-06
4.10455e-06
3.80131e-06
3.52694e-06
3.27959e-06
3.05763e-06
2.85955e-06
2.68427e-06
2.52957e-06
2.39269e-06
2.27171e-06
2.16525e-06
2.07241e-06
1.99251e-06
1.92495e-06
1.86918e-06
1.82472e-06
1.79127e-06
1.76792e-06
1.75401e-06
1.74898e-06
1.7522e-06
1.76308e-06
1.78109e-06
1.80574e-06
1.83655e-06
1.87309e-06
1.915e-06
1.96195e-06
2.01367e-06
2.06991e-06
2.13048e-06
2.19521e-06
2.26397e-06
2.33665e-06
2.41318e-06
2.49347e-06
2.57751e-06
2.66525e-06
2.75669e-06
2.85183e-06
2.95068e-06
3.05327e-06
3.15963e-06
3.26978e-06
3.38379e-06
3.50169e-06
3.62353e-06
3.74933e-06
3.87912e-06
4.0129e-06
4.15066e-06
4.2921e-06
4.43747e-06
4.58463e-06
4.73749e-06
4.87932e-06
5.05107e-06
5.11227e-06
5.31967e-06
3.02845e-05
3.88673e-05
3.36826e-05
4.04746e-05
4.81316e-05
5.21785e-05
5.2705e-05
5.14352e-05
4.9571e-05
4.74009e-05
4.50766e-05
4.26599e-05
4.01878e-05
3.76861e-05
3.51794e-05
3.27001e-05
3.0285e-05
2.79679e-05
2.57727e-05
2.3713e-05
2.17936e-05
2.00137e-05
1.8369e-05
1.6853e-05
1.54583e-05
1.41769e-05
1.30006e-05
1.19215e-05
1.09319e-05
1.00246e-05
9.19282e-06
8.43022e-06
7.73099e-06
7.08977e-06
6.50165e-06
5.96213e-06
5.4671e-06
5.01281e-06
4.59586e-06
4.21311e-06
3.86175e-06
3.53918e-06
3.24306e-06
2.97124e-06
2.72176e-06
2.4928e-06
2.28261e-06
2.08934e-06
1.91134e-06
1.74757e-06
1.59739e-06
1.45995e-06
1.33435e-06
1.21973e-06
1.11524e-06
1.02012e-06
9.33662e-07
8.5506e-07
7.83485e-07
7.18302e-07
6.59018e-07
6.05203e-07
5.56417e-07
5.12262e-07
4.72393e-07
4.36473e-07
4.04188e-07
3.7524e-07
3.49361e-07
3.26293e-07
3.05794e-07
2.87638e-07
2.71616e-07
2.57528e-07
2.4519e-07
2.34428e-07
2.25083e-07
2.17009e-07
2.10072e-07
2.0415e-07
1.99135e-07
1.9493e-07
1.91451e-07
1.8863e-07
1.86412e-07
1.84759e-07
1.83647e-07
1.83072e-07
1.83064e-07
1.83681e-07
1.8504e-07
1.87277e-07
1.90747e-07
1.95524e-07
2.03145e-07
2.11413e-07
2.30914e-07
2.34513e-07
3.10672e-07
2.56922e-07
5.56005e-05
6.37259e-05
6.48611e-05
7.29569e-05
7.97792e-05
8.1512e-05
7.65593e-05
6.74753e-05
5.8731e-05
5.18777e-05
4.69053e-05
4.3154e-05
3.99738e-05
3.69969e-05
3.41114e-05
3.13337e-05
2.87091e-05
2.62684e-05
2.40219e-05
2.19658e-05
2.00885e-05
1.83764e-05
1.68154e-05
1.5392e-05
1.40936e-05
1.29089e-05
1.18273e-05
1.08391e-05
9.93581e-06
9.1096e-06
8.35344e-06
7.66099e-06
7.02655e-06
6.44497e-06
5.91162e-06
5.42229e-06
4.9732e-06
4.56091e-06
4.18231e-06
3.83459e-06
3.51519e-06
3.22178e-06
2.95225e-06
2.70467e-06
2.47728e-06
2.26847e-06
2.07677e-06
1.9008e-06
1.73946e-06
1.59172e-06
1.45652e-06
1.33279e-06
1.21953e-06
1.11586e-06
1.02098e-06
9.34164e-07
8.54696e-07
7.81968e-07
7.15603e-07
6.55147e-07
6.00161e-07
5.50233e-07
5.04954e-07
4.63947e-07
4.26852e-07
3.93358e-07
3.63172e-07
3.36007e-07
3.11614e-07
2.89754e-07
2.70208e-07
2.52766e-07
2.37241e-07
2.23454e-07
2.11245e-07
2.00464e-07
1.90971e-07
1.82642e-07
1.75359e-07
1.69019e-07
1.63527e-07
1.58799e-07
1.5476e-07
1.51346e-07
1.48504e-07
1.46192e-07
1.44383e-07
1.43061e-07
1.42232e-07
1.41921e-07
1.42192e-07
1.43121e-07
1.44929e-07
1.4762e-07
1.52203e-07
1.57144e-07
1.69005e-07
1.719e-07
2.17766e-07
1.89004e-07
0.000100154
0.000102711
0.000108597
0.000116429
0.000121316
0.000123511
0.000114901
9.6568e-05
7.67233e-05
6.08801e-05
5.02844e-05
4.38087e-05
3.9578e-05
3.61963e-05
3.30475e-05
3.00301e-05
2.72154e-05
2.46619e-05
2.23771e-05
2.03381e-05
1.85138e-05
1.68758e-05
1.54004e-05
1.4068e-05
1.2862e-05
1.17681e-05
1.07741e-05
9.86926e-06
9.04443e-06
8.29154e-06
7.6035e-06
6.97409e-06
6.3978e-06
5.86973e-06
5.38552e-06
4.94127e-06
4.53349e-06
4.15903e-06
3.81506e-06
3.49902e-06
3.2086e-06
2.9417e-06
2.6964e-06
2.47098e-06
2.26384e-06
2.07353e-06
1.8987e-06
1.73811e-06
1.5906e-06
1.45515e-06
1.33086e-06
1.21687e-06
1.11242e-06
1.01682e-06
9.294e-07
8.49555e-07
7.76715e-07
7.10387e-07
6.50093e-07
5.95328e-07
5.4563e-07
5.00576e-07
4.59791e-07
4.22927e-07
3.89651e-07
3.59668e-07
3.32703e-07
3.08505e-07
2.86829e-07
2.67461e-07
2.5019e-07
2.34833e-07
2.21214e-07
2.09171e-07
1.98555e-07
1.89228e-07
1.81061e-07
1.73939e-07
1.67756e-07
1.62416e-07
1.5783e-07
1.53921e-07
1.50621e-07
1.47869e-07
1.45618e-07
1.43826e-07
1.42463e-07
1.4151e-07
1.40964e-07
1.40838e-07
1.41171e-07
1.42004e-07
1.43499e-07
1.45615e-07
1.49095e-07
1.5279e-07
1.60932e-07
1.63692e-07
1.91863e-07
1.65934e-07
0.000166734
0.000142361
0.000142987
0.000143486
0.000147152
0.000153436
0.000148572
0.000128019
0.000100109
7.49342e-05
5.69014e-05
4.58843e-05
3.94991e-05
3.52917e-05
3.18223e-05
2.86147e-05
2.56603e-05
2.30304e-05
2.07369e-05
1.87403e-05
1.69885e-05
1.54379e-05
1.4056e-05
1.28182e-05
1.17051e-05
1.07007e-05
9.79163e-06
8.96661e-06
8.2162e-06
7.53235e-06
6.9081e-06
6.33745e-06
5.81516e-06
5.33664e-06
4.89783e-06
4.49514e-06
4.12538e-06
3.78568e-06
3.47348e-06
3.18647e-06
2.92257e-06
2.67989e-06
2.45672e-06
2.25151e-06
2.06283e-06
1.88937e-06
1.72996e-06
1.58348e-06
1.44897e-06
1.32552e-06
1.21232e-06
1.1086e-06
1.01363e-06
9.26714e-07
8.4723e-07
7.74586e-07
7.08243e-07
6.47702e-07
5.9252e-07
5.4228e-07
4.96598e-07
4.55123e-07
4.17528e-07
3.83505e-07
3.5277e-07
3.25055e-07
3.00109e-07
2.77709e-07
2.57632e-07
2.39684e-07
2.2367e-07
2.0943e-07
1.96799e-07
1.85629e-07
1.75782e-07
1.67129e-07
1.59552e-07
1.52943e-07
1.472e-07
1.42232e-07
1.37958e-07
1.34303e-07
1.31202e-07
1.28596e-07
1.26437e-07
1.24684e-07
1.23303e-07
1.22274e-07
1.21582e-07
1.21226e-07
1.21227e-07
1.21597e-07
1.22445e-07
1.23699e-07
1.25874e-07
1.2812e-07
1.33139e-07
1.34778e-07
1.53651e-07
1.33766e-07
0.000231938
0.000150396
0.000138802
0.000128124
0.000129219
0.00014236
0.000152469
0.000142766
0.000116086
8.66376e-05
6.36641e-05
4.87347e-05
3.98662e-05
3.43871e-05
3.03928e-05
2.70034e-05
2.39958e-05
2.13713e-05
1.91248e-05
1.72053e-05
1.55468e-05
1.40951e-05
1.28115e-05
1.1669e-05
1.06468e-05
9.72804e-06
8.89901e-06
8.14836e-06
7.46671e-06
6.8462e-06
6.28017e-06
5.76295e-06
5.28962e-06
4.85594e-06
4.45817e-06
4.09303e-06
3.75761e-06
3.44932e-06
3.16585e-06
2.90512e-06
2.66525e-06
2.44455e-06
2.24149e-06
2.05466e-06
1.88279e-06
1.72472e-06
1.57938e-06
1.44577e-06
1.32302e-06
1.21028e-06
1.10682e-06
1.01191e-06
9.24921e-07
8.45245e-07
7.72335e-07
7.05683e-07
6.44818e-07
5.8931e-07
5.38764e-07
4.92803e-07
4.51068e-07
4.13229e-07
3.78976e-07
3.48022e-07
3.20103e-07
2.94969e-07
2.72391e-07
2.52153e-07
2.34057e-07
2.17916e-07
2.03566e-07
1.90844e-07
1.79598e-07
1.69693e-07
1.60998e-07
1.53395e-07
1.46772e-07
1.41028e-07
1.36069e-07
1.3181e-07
1.28172e-07
1.25087e-07
1.22493e-07
1.20335e-07
1.18567e-07
1.1715e-07
1.1605e-07
1.15244e-07
1.14714e-07
1.14452e-07
1.14464e-07
1.14749e-07
1.15373e-07
1.16271e-07
1.17769e-07
1.19321e-07
1.22456e-07
1.23673e-07
1.3573e-07
1.17597e-07
0.000267733
0.000113208
9.14702e-05
7.35691e-05
7.52297e-05
9.61226e-05
0.000128594
0.000138773
0.000119498
9.0386e-05
6.59291e-05
4.95658e-05
3.94669e-05
3.30845e-05
2.8622e-05
2.511e-05
2.21583e-05
1.96485e-05
1.75254e-05
1.57257e-05
1.41819e-05
1.28385e-05
1.16563e-05
1.06081e-05
9.67333e-06
8.83559e-06
8.08143e-06
7.39982e-06
6.78166e-06
6.21943e-06
5.70681e-06
5.23847e-06
4.80986e-06
4.41705e-06
4.05664e-06
3.72564e-06
3.42142e-06
3.14165e-06
2.88425e-06
2.64735e-06
2.42927e-06
2.22849e-06
2.04365e-06
1.87348e-06
1.71685e-06
1.57272e-06
1.44013e-06
1.31819e-06
1.20611e-06
1.10315e-06
1.00863e-06
9.21936e-07
8.42472e-07
7.697e-07
7.03115e-07
6.4225e-07
5.8667e-07
5.35973e-07
4.89788e-07
4.47768e-07
4.09588e-07
3.74952e-07
3.43583e-07
3.15225e-07
2.89638e-07
2.66601e-07
2.45905e-07
2.2736e-07
2.10787e-07
1.96016e-07
1.82896e-07
1.71273e-07
1.61014e-07
1.51991e-07
1.44087e-07
1.3719e-07
1.31197e-07
1.26013e-07
1.21549e-07
1.17725e-07
1.14467e-07
1.11711e-07
1.09396e-07
1.07472e-07
1.05893e-07
1.04622e-07
1.03624e-07
1.02875e-07
1.02353e-07
1.02043e-07
1.01942e-07
1.02036e-07
1.02361e-07
1.02851e-07
1.03705e-07
1.0456e-07
1.06267e-07
1.06789e-07
1.15075e-07
9.97933e-08
0.000273032
6.08631e-05
2.09039e-05
2.60791e-05
3.59611e-05
5.24185e-05
0.000101836
0.000126028
0.000113734
8.70192e-05
6.32583e-05
4.73465e-05
3.74321e-05
3.09807e-05
2.64411e-05
2.29839e-05
2.01975e-05
1.78877e-05
1.59496e-05
1.43074e-05
1.28985e-05
1.16734e-05
1.05962e-05
9.64161e-06
8.79068e-06
8.02854e-06
7.34298e-06
6.72392e-06
6.16296e-06
5.6531e-06
5.18847e-06
4.76409e-06
4.37572e-06
4.01974e-06
3.69303e-06
3.39285e-06
3.11682e-06
2.86283e-06
2.629e-06
2.41368e-06
2.21534e-06
2.03263e-06
1.86432e-06
1.70929e-06
1.56653e-06
1.43509e-06
1.31411e-06
1.20281e-06
1.10047e-06
1.00643e-06
9.20056e-07
8.40794e-07
7.68112e-07
7.0152e-07
6.40564e-07
5.84825e-07
5.33912e-07
4.87467e-07
4.45154e-07
4.06664e-07
3.71705e-07
3.40008e-07
3.11321e-07
2.85411e-07
2.62059e-07
2.41061e-07
2.22225e-07
2.05376e-07
1.90349e-07
1.76992e-07
1.65155e-07
1.54706e-07
1.45517e-07
1.37469e-07
1.30451e-07
1.24359e-07
1.19095e-07
1.14571e-07
1.10702e-07
1.07414e-07
1.04634e-07
1.02304e-07
1.00366e-07
9.87722e-08
9.74785e-08
9.64504e-08
9.56544e-08
9.50657e-08
9.46607e-08
9.44231e-08
9.43409e-08
9.43971e-08
9.46037e-08
9.49072e-08
9.54056e-08
9.58998e-08
9.6741e-08
9.69523e-08
1.02457e-07
8.87537e-08
0.000253933
6.31846e-05
3.96463e-05
4.2211e-05
2.7461e-05
3.00743e-05
8.64466e-05
0.000113157
0.000102975
7.86904e-05
5.73112e-05
4.31489e-05
3.4233e-05
2.82796e-05
2.40163e-05
2.07862e-05
1.82305e-05
1.6144e-05
1.44045e-05
1.29327e-05
1.16704e-05
1.05732e-05
9.60801e-06
8.75107e-06
7.98514e-06
7.29721e-06
6.67692e-06
6.1158e-06
5.60677e-06
5.14382e-06
4.72182e-06
4.33636e-06
3.98364e-06
3.66035e-06
3.36362e-06
3.09097e-06
2.84018e-06
2.60935e-06
2.39675e-06
2.20088e-06
2.02036e-06
1.85398e-06
1.70063e-06
1.5593e-06
1.42907e-06
1.30912e-06
1.19866e-06
1.097e-06
1.00348e-06
9.17499e-07
8.38516e-07
7.66013e-07
6.99514e-07
6.38578e-07
5.82795e-07
5.31784e-07
4.85191e-07
4.42687e-07
4.03967e-07
3.68747e-07
3.3676e-07
3.07761e-07
2.81521e-07
2.57826e-07
2.36479e-07
2.17295e-07
2.001e-07
1.84737e-07
1.71053e-07
1.58909e-07
1.48173e-07
1.38723e-07
1.30439e-07
1.23211e-07
1.16932e-07
1.11508e-07
1.06847e-07
1.02865e-07
9.94821e-08
9.66273e-08
9.42336e-08
9.22434e-08
9.06027e-08
8.92667e-08
8.81935e-08
8.73501e-08
8.67044e-08
8.62321e-08
8.59092e-08
8.57177e-08
8.56417e-08
8.56619e-08
8.57759e-08
8.59397e-08
8.61878e-08
8.64256e-08
8.67136e-08
8.66846e-08
9.05817e-08
7.87948e-08
0.000216622
0.000117618
9.13668e-05
6.72641e-05
3.43524e-05
1.75929e-05
7.83263e-05
0.000102193
9.02329e-05
6.78552e-05
4.98478e-05
3.8191e-05
3.06659e-05
2.54596e-05
2.16367e-05
1.87104e-05
1.63934e-05
1.45067e-05
1.29394e-05
1.1619e-05
1.04925e-05
9.51821e-06
8.664e-06
7.90631e-06
7.22811e-06
6.61703e-06
6.06376e-06
5.56104e-06
5.10307e-06
4.68503e-06
4.30283e-06
3.95294e-06
3.63223e-06
3.33797e-06
3.06771e-06
2.81928e-06
2.59073e-06
2.38033e-06
2.18654e-06
2.00798e-06
1.84339e-06
1.69166e-06
1.55178e-06
1.42283e-06
1.30397e-06
1.19445e-06
1.09357e-06
1.00068e-06
9.15202e-07
8.36593e-07
7.64353e-07
6.98017e-07
6.37157e-07
5.81371e-07
5.30291e-07
4.83569e-07
4.40887e-07
4.01945e-07
3.66469e-07
3.342e-07
3.049e-07
2.78345e-07
2.54329e-07
2.32659e-07
2.13154e-07
1.95646e-07
1.79979e-07
1.66007e-07
1.53593e-07
1.42608e-07
1.32933e-07
1.2445e-07
1.17052e-07
1.10633e-07
1.05096e-07
1.00347e-07
9.63004e-08
9.28751e-08
8.99974e-08
8.75963e-08
8.56116e-08
8.39846e-08
8.2668e-08
8.16155e-08
8.07921e-08
8.01624e-08
7.9701e-08
7.93803e-08
7.91818e-08
7.90834e-08
7.90725e-08
7.91258e-08
7.92364e-08
7.93679e-08
7.95152e-08
7.96641e-08
7.96766e-08
7.96201e-08
8.24263e-08
7.21871e-08
0.000150788
0.000154733
0.000122713
8.83409e-05
5.03955e-05
1.80165e-05
7.52457e-05
9.13619e-05
7.6184e-05
5.6517e-05
4.2411e-05
3.33059e-05
2.71734e-05
2.27574e-05
1.94235e-05
1.68249e-05
1.4744e-05
1.30401e-05
1.16224e-05
1.04288e-05
9.41307e-06
8.5384e-06
7.77588e-06
7.10327e-06
6.50382e-06
5.96496e-06
5.47719e-06
5.03327e-06
4.62762e-06
4.25585e-06
3.91445e-06
3.60049e-06
3.31153e-06
3.04539e-06
2.8002e-06
2.57423e-06
2.36594e-06
2.17391e-06
1.99686e-06
1.8336e-06
1.68306e-06
1.54424e-06
1.41625e-06
1.29826e-06
1.18951e-06
1.0893e-06
9.96994e-07
9.12006e-07
8.33796e-07
7.61866e-07
6.9576e-07
6.35052e-07
5.79349e-07
5.28284e-07
4.81523e-07
4.3875e-07
3.99673e-07
3.64023e-07
3.31548e-07
3.02014e-07
2.75204e-07
2.50914e-07
2.28956e-07
2.09156e-07
1.91351e-07
1.75389e-07
1.6113e-07
1.4844e-07
1.37197e-07
1.27281e-07
1.18583e-07
1.10996e-07
1.04421e-07
9.87568e-08
9.3914e-08
8.97998e-08
8.6334e-08
8.34369e-08
8.10395e-08
7.9072e-08
7.74778e-08
7.61996e-08
7.5194e-08
7.4416e-08
7.3834e-08
7.34144e-08
7.31354e-08
7.297e-08
7.29031e-08
7.29126e-08
7.29884e-08
7.3108e-08
7.32625e-08
7.3427e-08
7.35699e-08
7.37409e-08
7.36745e-08
7.37254e-08
7.59404e-08
6.73354e-08
0.000118082
0.000166825
0.000149896
0.000114763
5.60877e-05
2.77496e-05
7.63248e-05
7.91222e-05
6.17644e-05
4.61943e-05
3.58573e-05
2.88942e-05
2.39352e-05
2.02292e-05
1.73627e-05
1.50895e-05
1.32492e-05
1.17331e-05
1.04653e-05
9.39228e-06
8.47438e-06
7.6815e-06
6.99012e-06
6.38176e-06
5.84189e-06
5.35902e-06
4.92407e-06
4.5298e-06
4.17049e-06
3.84158e-06
3.53944e-06
3.26116e-06
3.00437e-06
2.7671e-06
2.54769e-06
2.34471e-06
2.15691e-06
1.98316e-06
1.82244e-06
1.67383e-06
1.53647e-06
1.40955e-06
1.29235e-06
1.18417e-06
1.08436e-06
9.92344e-07
9.07551e-07
8.29466e-07
7.57608e-07
6.91528e-07
6.30813e-07
5.75072e-07
5.23946e-07
4.77101e-07
4.34223e-07
3.95025e-07
3.59235e-07
3.26606e-07
2.96907e-07
2.69923e-07
2.45453e-07
2.23313e-07
2.0333e-07
1.85346e-07
1.69214e-07
1.54799e-07
1.41971e-07
1.30611e-07
1.20606e-07
1.1185e-07
1.04239e-07
9.76743e-08
9.2059e-08
8.73e-08
8.33056e-08
7.99877e-08
7.72618e-08
7.50511e-08
7.32845e-08
7.18973e-08
7.08308e-08
7.0034e-08
6.94624e-08
6.90784e-08
6.88502e-08
6.87516e-08
6.87606e-08
6.88594e-08
6.90329e-08
6.92691e-08
6.95581e-08
6.98914e-08
7.02575e-08
7.06602e-08
7.10441e-08
7.15471e-08
7.17729e-08
7.23858e-08
7.45889e-08
6.79697e-08
0.000161096
0.000181881
0.000153312
0.00010457
2.44122e-05
5.06137e-05
7.42722e-05
6.40812e-05
4.87385e-05
3.78708e-05
3.04498e-05
2.50623e-05
2.10331e-05
1.7929e-05
1.54743e-05
1.34989e-05
1.1887e-05
1.0553e-05
9.43276e-06
8.47914e-06
7.65813e-06
6.94446e-06
6.31881e-06
5.76619e-06
5.27476e-06
4.83511e-06
4.4396e-06
4.08201e-06
3.75721e-06
3.46098e-06
3.1898e-06
2.94077e-06
2.71147e-06
2.49987e-06
2.30427e-06
2.12323e-06
1.95552e-06
1.80007e-06
1.65595e-06
1.52233e-06
1.39846e-06
1.28367e-06
1.17735e-06
1.07892e-06
9.8785e-07
9.03658e-07
8.25882e-07
7.54093e-07
6.87888e-07
6.26893e-07
5.70754e-07
5.1914e-07
4.7174e-07
4.28265e-07
3.88444e-07
3.52023e-07
3.18766e-07
2.88457e-07
2.60891e-07
2.35881e-07
2.13251e-07
1.92842e-07
1.74505e-07
1.58108e-07
1.43524e-07
1.30641e-07
1.19351e-07
1.09552e-07
1.01145e-07
9.40312e-08
8.81091e-08
8.32725e-08
7.94102e-08
7.64084e-08
7.41525e-08
7.25306e-08
7.14355e-08
7.07706e-08
7.04543e-08
7.04152e-08
7.05935e-08
7.09401e-08
7.14164e-08
7.1992e-08
7.26451e-08
7.33603e-08
7.41281e-08
7.49429e-08
7.5803e-08
7.6712e-08
7.76772e-08
7.87153e-08
7.98308e-08
8.10829e-08
8.23925e-08
8.40606e-08
8.54607e-08
8.77858e-08
9.10357e-08
8.77854e-08
)
;

boundaryField
{
    outlet
    {
        type            zeroGradient;
    }
    inlet
    {
        type            zeroGradient;
    }
    lowerWall
    {
        type            zeroGradient;
    }
    upperWall
    {
        type            zeroGradient;
    }
    frontAndBack
    {
        type            empty;
    }
}


// ************************************************************************* //
