/*--------------------------------*- C++ -*----------------------------------*\
  =========                 |
  \\      /  F ield         | OpenFOAM: The Open Source CFD Toolbox
   \\    /   O peration     | Website:  https://openfoam.org
    \\  /    A nd           | Version:  10
     \\/     M anipulation  |
\*---------------------------------------------------------------------------*/
FoamFile
{
    format      ascii;
    class       volScalarField;
    location    "1600";
    object      epsilon;
}
// * * * * * * * * * * * * * * * * * * * * * * * * * * * * * * * * * * * * * //

dimensions      [0 2 -3 0 0 0 0];

internalField   nonuniform List<scalar> 
6820
(
23.348
22.8004
22.2986
21.7956
21.2906
20.7982
20.3323
19.9019
19.5116
19.1626
18.8541
18.584
18.3494
18.1475
17.9753
17.8298
17.7085
17.6087
17.5282
17.4649
17.417
17.3829
17.361
17.35
17.3488
17.3567
17.372
17.3932
17.4494
17.4069
17.5773
20.1051
13.9348
5.24751
7.40641
8.54796
9.16365
9.54997
9.84145
10.0961
10.3395
10.5824
10.8288
11.0799
11.3356
11.5953
11.8584
12.1242
12.392
12.6613
12.9316
13.2024
13.4736
13.7449
14.0164
14.2883
14.5614
14.8364
15.1152
15.4003
15.6917
16.027
16.2738
16.409
20.1346
14.207
3.71892
4.27984
4.80504
5.21576
5.52687
5.76857
5.96481
6.13199
6.28094
6.41875
6.5501
6.67807
6.80467
6.9312
7.05845
7.18689
7.31678
7.44823
7.58125
7.71583
7.85193
7.98953
8.12865
8.2694
8.41199
8.55683
8.70454
8.85569
9.01396
9.17556
9.29247
9.96643
10.51
3.53759
3.62334
3.7716
3.93763
4.09558
4.23619
4.35846
4.46459
4.55761
4.64041
4.71547
4.7848
4.84997
4.91224
4.97254
5.03161
5.09
5.14811
5.20625
5.26467
5.32353
5.38299
5.44319
5.50427
5.5664
5.62984
5.69495
5.76228
5.83247
5.90991
5.98345
6.11301
6.41984
3.52015
3.50151
3.51115
3.54398
3.59069
3.6432
3.69622
3.7469
3.79404
3.83734
3.877
3.91341
3.94707
3.97844
4.00799
4.03611
4.06313
4.08936
4.11503
4.14036
4.16552
4.19067
4.21594
4.24147
4.26742
4.29395
4.3213
4.3498
4.37982
4.41297
4.44874
4.49045
4.56817
3.51931
3.48209
3.45346
3.43537
3.42736
3.42746
3.43327
3.44267
3.45403
3.46624
3.47858
3.49065
3.50221
3.5132
3.52361
3.53349
3.54291
3.55195
3.5607
3.56924
3.57767
3.58605
3.59447
3.60302
3.61177
3.62084
3.63037
3.64053
3.65155
3.66399
3.67828
3.69441
3.71628
3.51943
3.47964
3.44271
3.40975
3.38151
3.35815
3.33934
3.32445
3.31275
3.30355
3.29624
3.29035
3.28549
3.2814
3.27787
3.27476
3.27199
3.26949
3.26722
3.26516
3.26331
3.26168
3.26027
3.25911
3.25823
3.25767
3.2575
3.25781
3.25872
3.26044
3.26323
3.26716
3.27254
3.51947
3.47942
3.44105
3.40466
3.37057
3.33904
3.31021
3.28404
3.26042
3.23912
3.21988
3.20245
3.18657
3.17204
3.15865
3.14625
3.13471
3.12391
3.11378
3.10423
3.09523
3.08671
3.07867
3.07106
3.0639
3.05717
3.05089
3.0451
3.03985
3.03522
3.03134
3.02829
3.02604
3.51948
3.47941
3.44084
3.40381
3.36835
3.33453
3.30243
3.27209
3.24351
3.21666
3.19148
3.16787
3.14573
3.12495
3.10542
3.08702
3.06966
3.05325
3.03771
3.02297
3.00895
2.99562
2.98292
2.97082
2.95929
2.9483
2.93786
2.92795
2.9186
2.90983
2.9017
2.89426
2.88748
3.51948
3.4794
3.44081
3.40368
3.36795
3.3336
3.30063
3.26901
3.23875
3.20982
3.1822
3.15586
3.13075
3.10683
3.08403
3.06231
3.04159
3.02183
3.00296
2.98493
2.9677
2.95121
2.93543
2.92031
2.90583
2.89196
2.87868
2.86598
2.85386
2.84232
2.83138
2.82107
2.81135
3.51948
3.4794
3.44081
3.40365
3.36787
3.33342
3.30025
3.26831
3.23757
3.20798
3.17953
3.15218
3.12589
3.10064
3.07638
3.05309
3.03071
3.00922
2.98858
2.96874
2.94968
2.93135
2.91373
2.89678
2.88048
2.8648
2.84973
2.83524
2.82134
2.80801
2.79526
2.7831
2.77149
3.51948
3.4794
3.4408
3.40364
3.36785
3.33338
3.30017
3.26815
3.23729
3.20753
3.17884
3.15117
3.12448
3.09875
3.07394
3.05001
3.02694
3.00469
2.98323
2.96253
2.94256
2.9233
2.90471
2.88678
2.86948
2.85279
2.8367
2.82118
2.80622
2.79183
2.77799
2.7647
2.75194
3.51948
3.4794
3.44079
3.40363
3.36784
3.33336
3.30014
3.26811
3.23722
3.20741
3.17866
3.1509
3.1241
3.09822
3.07322
3.04908
3.02575
3.00321
2.98143
2.96037
2.94002
2.92034
2.90132
2.88293
2.86515
2.84796
2.83135
2.8153
2.79979
2.78483
2.77039
2.75648
2.74306
3.51948
3.47939
3.44079
3.40362
3.36783
3.33335
3.30012
3.26808
3.23718
3.20737
3.1786
3.15082
3.12398
3.09806
3.07302
3.0488
3.0254
3.00276
2.98086
2.95968
2.93919
2.91936
2.90016
2.88158
2.8636
2.8462
2.82936
2.81306
2.79729
2.78205
2.76732
2.75308
2.73933
3.51947
3.47939
3.44079
3.40362
3.36782
3.33334
3.3001
3.26806
3.23716
3.20734
3.17856
3.15077
3.12394
3.098
3.07294
3.04871
3.02528
3.00262
2.98069
2.95947
2.93893
2.91904
2.89979
2.88114
2.86309
2.8456
2.82867
2.81227
2.7964
2.78103
2.76616
2.75177
2.73785
3.51947
3.47939
3.44078
3.40361
3.36781
3.33333
3.30009
3.26805
3.23714
3.20732
3.17854
3.15074
3.1239
3.09797
3.0729
3.04866
3.02523
3.00256
2.98062
2.95939
2.93883
2.91893
2.89966
2.881
2.86292
2.84541
2.82844
2.81201
2.79609
2.78067
2.76574
2.75128
2.73727
3.51947
3.47939
3.44078
3.40361
3.36781
3.33332
3.30008
3.26803
3.23712
3.2073
3.17851
3.15072
3.12387
3.09794
3.07287
3.04863
3.02519
3.00252
2.98058
2.95934
2.93879
2.91889
2.89961
2.88094
2.86286
2.84533
2.82836
2.81191
2.79597
2.78053
2.76556
2.75106
2.73701
3.51947
3.47939
3.44078
3.4036
3.3678
3.33331
3.30007
3.26802
3.23711
3.20728
3.17849
3.1507
3.12385
3.09791
3.07284
3.0486
3.02516
3.00249
2.98055
2.95931
2.93876
2.91885
2.89958
2.88091
2.86282
2.84529
2.82831
2.81186
2.79591
2.78045
2.76547
2.75094
2.73686
3.51947
3.47939
3.44078
3.4036
3.3678
3.3333
3.30006
3.26801
3.23709
3.20727
3.17848
3.15068
3.12383
3.09789
3.07282
3.04858
3.02514
3.00246
2.98052
2.95929
2.93873
2.91883
2.89955
2.88088
2.86279
2.84526
2.82828
2.81182
2.79586
2.78039
2.76539
2.75085
2.73675
3.51947
3.47939
3.44078
3.4036
3.36779
3.3333
3.30005
3.268
3.23708
3.20725
3.17846
3.15066
3.12381
3.09787
3.0728
3.04856
3.02512
3.00244
2.9805
2.95927
2.93871
2.91881
2.89953
2.88086
2.86277
2.84524
2.82825
2.81178
2.79582
2.78034
2.76533
2.75077
2.73665
3.51947
3.47939
3.44077
3.4036
3.36779
3.33329
3.30005
3.26799
3.23707
3.20724
3.17845
3.15065
3.1238
3.09785
3.07278
3.04854
3.0251
3.00242
2.98048
2.95925
2.93869
2.91878
2.89951
2.88083
2.86274
2.84521
2.82821
2.81174
2.79577
2.78029
2.76527
2.7507
2.73656
3.51947
3.47939
3.44077
3.40359
3.36779
3.33329
3.30004
3.26798
3.23707
3.20723
3.17844
3.15064
3.12378
3.09784
3.07277
3.04852
3.02508
3.0024
2.98046
2.95923
2.93867
2.91876
2.89949
2.88081
2.86272
2.84518
2.82818
2.81171
2.79573
2.78023
2.7652
2.75062
2.73647
3.51947
3.47938
3.44077
3.40359
3.36778
3.33329
3.30004
3.26798
3.23706
3.20723
3.17843
3.15063
3.12377
3.09783
3.07275
3.04851
3.02507
3.00239
2.98045
2.95921
2.93865
2.91875
2.89947
2.88079
2.86269
2.84515
2.82815
2.81167
2.79569
2.78018
2.76515
2.75056
2.73639
3.51947
3.47938
3.44077
3.40359
3.36778
3.33328
3.30003
3.26797
3.23705
3.20722
3.17842
3.15062
3.12376
3.09782
3.07274
3.0485
3.02506
3.00238
2.98043
2.9592
2.93864
2.91873
2.89945
2.88077
2.86267
2.84513
2.82812
2.81163
2.79564
2.78013
2.76509
2.75049
2.73632
3.51947
3.47938
3.44077
3.40359
3.36778
3.33328
3.30003
3.26797
3.23705
3.20721
3.17842
3.15061
3.12376
3.09781
3.07273
3.04849
3.02505
3.00237
2.98042
2.95919
2.93862
2.91872
2.89943
2.88075
2.86265
2.8451
2.82809
2.8116
2.7956
2.78009
2.76503
2.75043
2.73624
3.51947
3.47938
3.44077
3.40359
3.36778
3.33328
3.30003
3.26797
3.23704
3.20721
3.17841
3.15061
3.12375
3.0978
3.07273
3.04848
3.02504
3.00236
2.98041
2.95917
2.93861
2.9187
2.89942
2.88073
2.86263
2.84508
2.82806
2.81157
2.79557
2.78004
2.76498
2.75037
2.73618
3.51947
3.47938
3.44077
3.40359
3.36778
3.33328
3.30003
3.26796
3.23704
3.20721
3.17841
3.1506
3.12375
3.0978
3.07272
3.04848
3.02503
3.00235
2.98041
2.95917
2.9386
2.91869
2.8994
2.88072
2.86261
2.84506
2.82804
2.81154
2.79553
2.78
2.76494
2.75031
2.73611
3.51947
3.47938
3.44077
3.40359
3.36778
3.33328
3.30002
3.26796
3.23704
3.2072
3.17841
3.1506
3.12374
3.0978
3.07272
3.04847
3.02503
3.00235
2.9804
2.95916
2.9386
2.91868
2.89939
2.8807
2.86259
2.84504
2.82802
2.81151
2.7955
2.77997
2.76489
2.75026
2.73606
3.51947
3.47938
3.44077
3.40359
3.36778
3.33328
3.30002
3.26796
3.23704
3.2072
3.1784
3.1506
3.12374
3.09779
3.07272
3.04847
3.02502
3.00234
2.9804
2.95916
2.93859
2.91868
2.89938
2.88069
2.86258
2.84502
2.828
2.81149
2.79547
2.77993
2.76485
2.75022
2.73601
3.51947
3.47938
3.44077
3.40359
3.36778
3.33328
3.30002
3.26796
3.23704
3.2072
3.1784
3.1506
3.12374
3.09779
3.07272
3.04847
3.02503
3.00234
2.9804
2.95916
2.93859
2.91867
2.89938
2.88069
2.86257
2.84501
2.82798
2.81147
2.79545
2.77991
2.76483
2.75019
2.73597
3.51947
3.47938
3.44077
3.40359
3.36778
3.33328
3.30002
3.26796
3.23704
3.2072
3.17841
3.1506
3.12374
3.0978
3.07272
3.04847
3.02503
3.00235
2.9804
2.95916
2.93859
2.91867
2.89938
2.88069
2.86257
2.84501
2.82798
2.81147
2.79545
2.7799
2.76482
2.75018
2.73596
3.51947
3.47938
3.44077
3.40359
3.36778
3.33328
3.30002
3.26796
3.23704
3.20721
3.17841
3.15061
3.12375
3.09781
3.07273
3.04849
3.02505
3.00237
2.98043
2.95919
2.93863
2.91872
2.89943
2.88074
2.86263
2.84508
2.82806
2.81155
2.79554
2.78
2.76493
2.7503
2.73609
3.51947
3.47938
3.44077
3.40359
3.36778
3.33328
3.30003
3.26797
3.23705
3.20721
3.17842
3.15062
3.12377
3.09784
3.07277
3.04855
3.02512
3.00246
2.98054
2.95933
2.9388
2.91892
2.89967
2.88102
2.86295
2.84544
2.82847
2.81202
2.79606
2.78058
2.76557
2.751
2.73686
3.51947
3.47938
3.44077
3.40359
3.36778
3.33329
3.30005
3.26801
3.23712
3.20732
3.17857
3.15083
3.12404
3.09818
3.0732
3.04907
3.02576
3.00322
2.98144
2.96038
2.94001
2.9203
2.90124
2.88279
2.86493
2.84764
2.8309
2.81469
2.79898
2.78376
2.76901
2.75471
2.74084
3.51947
3.47938
3.44078
3.40361
3.36785
3.33342
3.30029
3.26839
3.23768
3.20811
3.17965
3.15224
3.12585
3.10045
3.07598
3.05241
3.02971
3.00784
2.98677
2.96646
2.94688
2.928
2.9098
2.89223
2.87528
2.85892
2.84313
2.82787
2.81313
2.79889
2.78511
2.7718
2.75891
3.51947
3.47942
3.44096
3.40413
3.36894
3.33533
3.30327
3.27269
3.24354
3.21577
3.18932
3.16413
3.14014
3.1173
3.09556
3.07484
3.0551
3.03629
3.01834
3.00121
2.98486
2.96923
2.95428
2.93998
2.92628
2.91314
2.90054
2.88845
2.87683
2.86565
2.8549
2.84454
2.83456
3.5195
3.48076
3.44538
3.41321
3.38397
3.35748
3.33355
3.31202
3.2927
3.2754
3.25994
3.24613
3.2338
3.22278
3.21293
3.20411
3.1962
3.18909
3.18267
3.17686
3.17158
3.16676
3.16235
3.15828
3.15451
3.151
3.14771
3.14461
3.14168
3.13887
3.13619
3.1336
3.1311
3.52507
3.51485
3.52105
3.53657
3.5585
3.58531
3.61595
3.64951
3.68518
3.72227
3.76024
3.79863
3.8371
3.87535
3.91315
3.95035
3.98679
4.02239
4.05707
4.09078
4.12348
4.15515
4.18578
4.21538
4.24394
4.27149
4.29803
4.32359
4.34819
4.37185
4.3946
4.41647
4.43748
3.84201
4.38781
4.87747
5.34253
5.79452
6.23493
6.66171
7.0735
7.47028
7.85265
8.22134
8.57711
8.92074
9.25293
9.57435
9.88556
10.1871
10.4793
10.7627
11.0377
11.3044
11.5634
11.8148
12.0589
12.2959
12.5262
12.7499
12.9673
13.1786
13.384
13.5837
13.7778
13.9667
30.2673
32.7691
35.3054
37.8487
40.3863
42.91
45.4131
47.8886
50.3298
52.7308
55.0863
57.3918
59.6433
61.8376
63.9719
66.0441
68.0527
69.9965
71.8749
73.6877
75.4349
77.1169
78.7343
80.2881
81.7793
83.2092
84.5792
85.8907
87.1454
88.3449
89.491
90.5851
91.6301
211.112
860.463
1123.09
1017.57
836.863
721.286
687.97
701.392
720.775
725.537
712.084
683.62
645.067
601.351
556.633
513.921
475.037
440.802
411.294
386.113
364.612
346.097
329.973
315.833
303.491
292.928
284.189
277.224
271.766
267.29
263.087
258.409
252.616
245.27
236.179
225.406
213.278
200.37
187.462
175.429
165.1
157.095
151.697
148.791
147.922
148.428
149.613
150.883
151.804
152.108
151.651
150.367
148.228
145.222
141.353
136.641
131.132
124.906
118.078
110.799
103.243
95.605
88.0818
80.8585
74.0934
67.9036
62.3556
57.4618
53.1857
49.4538
46.1726
43.2459
40.5894
38.1392
35.8551
33.7201
31.7367
29.9236
28.3123
26.9445
25.8689
25.134
24.773
24.7861
25.127
25.7074
26.4181
27.1548
27.837
28.4141
28.8627
29.179
29.3704
29.4483
29.4248
29.3077
29.1072
28.8135
28.4981
27.8004
1.17195
128.584
333.7
430.981
425.035
387.412
365.88
378.126
417.344
461.358
491.124
500.02
490.874
469.996
443.252
414.927
387.727
363.089
341.537
322.988
307.024
293.112
280.775
269.707
259.825
251.236
244.125
238.595
234.506
231.393
228.52
225.035
220.176
213.416
204.554
193.722
181.368
168.197
155.079
142.936
132.603
124.703
119.535
117.022
116.738
118.023
120.147
122.451
124.432
125.758
126.242
125.797
124.391
122.027
118.727
114.538
109.528
103.801
97.4892
90.7573
83.7907
76.7864
69.9397
63.4293
57.4037
51.9689
47.181
43.0441
39.5156
36.5184
33.9566
31.7325
29.76
27.9732
26.3297
24.8094
23.4114
22.1504
21.0541
20.1608
19.5171
19.1712
19.1592
19.4864
20.1136
20.9604
21.9239
22.905
23.8259
24.6371
25.315
25.8545
26.2612
26.5448
26.7152
26.7794
26.7462
26.6066
26.4249
25.9
5.41597
7.47619
46.0806
97.0934
129.525
141.466
142.494
143.575
153.207
174.132
201.685
228.23
247.83
258.16
260.248
256.613
249.788
241.672
233.422
225.59
218.31
211.493
204.997
198.757
192.864
187.558
183.169
179.966
177.992
176.941
176.156
174.771
171.941
167.056
159.87
150.537
139.561
127.706
115.86
104.91
95.6232
88.5687
84.0513
82.0705
82.3165
84.2332
87.1415
90.3774
93.3932
95.8
97.3591
97.9481
97.5218
96.0832
93.6676
90.3367
86.1797
81.3145
75.888
70.0708
64.0506
58.02
52.1645
46.6485
41.6039
37.1207
33.2418
29.9639
27.2425
25.0035
23.1567
21.6105
20.2836
19.1127
18.0554
17.0897
16.2109
15.4287
14.7647
14.2517
13.9319
13.8532
14.0574
14.5616
15.343
16.3366
17.4517
18.5956
19.6923
20.6908
21.564
22.303
22.9091
23.3884
23.7479
23.9919
24.1277
24.1468
24.1036
23.7653
5.93613
4.16063
6.01844
14.3239
24.9705
33.8728
39.6101
42.4154
43.9329
46.554
51.9893
60.454
71.0891
82.4724
93.0785
101.907
108.624
113.373
116.504
118.372
119.237
119.256
118.538
117.208
115.47
113.624
112.043
111.094
110.999
111.7
112.774
113.507
113.087
110.855
106.494
100.095
92.121
83.2752
74.3488
66.0791
59.062
53.7221
50.3123
48.9084
49.3876
51.421
54.5187
58.1237
61.7144
64.8746
67.3174
68.8733
69.4635
69.0724
67.7291
65.4972
62.4708
58.7729
54.5521
49.9768
45.2265
40.4802
35.9036
31.6374
27.788
24.4217
21.564
19.2029
17.2957
15.7784
14.5762
13.6137
12.8236
12.1525
11.5629
11.0336
10.5575
10.1389
9.79286
9.54375
9.42647
9.48498
9.76516
10.299
11.0863
12.0864
13.2274
14.4266
15.6104
16.7247
17.7371
18.6318
19.4044
20.0551
20.5864
20.9994
21.298
21.474
21.5695
21.4266
4.61669
4.32633
4.08403
4.72985
6.36113
8.48672
10.5765
12.1701
13.0459
13.4396
13.9177
14.9838
16.8182
19.4628
22.8739
26.8546
31.1193
35.3759
39.3808
42.9545
45.9739
48.3629
50.0923
51.19
51.7511
51.9401
51.9815
52.135
52.6434
53.6398
55.0393
56.4876
57.4345
57.3225
55.7938
52.8115
48.6525
43.7988
38.7914
34.1081
30.1034
27.0093
24.9715
24.0809
24.37
25.7765
28.11
31.0609
34.2569
37.3347
39.9954
42.0277
43.305
43.7718
43.4269
42.3128
40.5075
38.1195
35.2821
32.145
28.8646
25.5916
22.4594
19.5741
17.0088
14.8021
12.9612
11.4683
10.2877
9.3729
8.67256
8.13608
7.71785
7.38051
7.09668
6.84926
6.63063
6.44147
6.28985
6.19134
6.17027
6.26113
6.50659
6.94779
7.60735
8.47472
9.50524
10.6338
11.7932
12.928
13.9995
14.9844
15.8701
16.6503
17.3212
17.8793
18.3239
18.6464
18.8735
18.9274
3.74806
3.7441
3.69415
3.71098
3.89388
4.25062
4.72692
5.21479
5.58305
5.77006
5.84797
5.96335
6.21033
6.64374
7.30388
8.2035
9.32639
10.6297
12.0492
13.507
14.9202
16.2104
17.3142
18.1934
18.8417
19.2865
19.5853
19.8197
20.086
20.4743
21.0286
21.6968
22.3102
22.627
22.4314
21.6291
20.2813
18.5689
16.7184
14.9345
13.3662
12.107
11.2165
10.7467
10.755
11.2926
12.3724
13.9354
15.8415
17.8919
19.8713
21.5868
22.8918
23.694
23.952
23.6692
22.8867
21.6768
20.135
18.3714
16.4997
14.6263
12.841
11.2103
9.77483
8.55184
7.53953
6.72312
6.08021
5.5848
5.20992
4.92933
4.71894
4.55807
4.43046
4.32487
4.23514
4.1599
4.10236
4.07047
4.07816
4.14735
4.30947
4.60259
5.06116
5.70103
6.50963
7.44866
8.46663
9.51272
10.5454
11.5349
12.4609
13.3097
14.0707
14.7346
15.2952
15.7422
16.0849
16.3257
3.28166
3.29179
3.29394
3.29359
3.30882
3.35705
3.44584
3.56291
3.67427
3.74522
3.77119
3.78117
3.8087
3.88127
4.01777
4.22803
4.51337
4.86748
5.27722
5.72359
6.18321
6.63064
7.0417
7.39714
7.68565
7.90542
8.06371
8.17544
8.26162
8.34669
8.45165
8.58169
8.71435
8.7999
8.77979
8.61392
8.29899
7.86756
7.37235
6.86781
6.39819
5.99463
5.67924
5.47281
5.40185
5.50018
5.80135
6.32345
7.05348
7.94013
8.89967
9.83229
10.6411
11.2475
11.5995
11.6742
11.4768
11.0366
10.4013
9.62991
8.78477
7.92383
7.09481
6.33189
5.65533
5.0734
4.58544
4.18521
3.86353
3.61005
3.41419
3.26548
3.15391
3.07029
3.00668
2.95695
2.91709
2.88538
2.86245
2.85152
2.85916
2.89676
2.98264
3.14306
3.40906
3.80761
4.35064
5.0291
5.81598
6.67513
7.57036
8.47064
9.35131
10.1927
10.9783
11.693
12.3249
12.861
13.2921
13.6957
3.02465
3.025
3.02544
3.0238
3.02082
3.02092
3.02974
3.04906
3.07289
3.09031
3.09453
3.08856
3.08175
3.08505
3.1076
3.1553
3.23048
3.33229
3.45716
3.59928
3.75116
3.90435
4.05037
4.18184
4.2934
4.38234
4.44855
4.49418
4.5232
4.54099
4.55337
4.56437
4.57321
4.57298
4.55276
4.50268
4.41865
4.30404
4.168
4.02218
3.87777
3.74409
3.62866
3.53872
3.4833
3.47461
3.52721
3.65421
3.8616
4.14322
4.47883
4.83645
5.17801
5.46625
5.67082
5.77223
5.76347
5.64966
5.4459
5.17406
4.85896
4.52472
4.19196
3.87618
3.58748
3.33114
3.10877
2.91953
2.76119
2.63087
2.52539
2.44144
2.37564
2.32457
2.285
2.25409
2.22971
2.21057
2.19645
2.18836
2.1889
2.20311
2.23987
2.31356
2.44446
2.65587
2.96774
3.38975
3.91796
4.53676
5.22389
5.95543
6.70876
7.46312
8.19927
8.89858
9.54409
10.1208
10.6015
11.1274
2.8804
2.87356
2.86747
2.86089
2.85293
2.84413
2.83634
2.83123
2.82853
2.82567
2.8198
2.81006
2.79809
2.78725
2.78125
2.78327
2.79531
2.81805
2.85088
2.89209
2.93913
2.98889
3.03808
3.08365
3.12314
3.15493
3.17828
3.19325
3.20053
3.20134
3.19727
3.18986
3.17991
3.16694
3.14928
3.12488
3.09236
3.05168
3.00418
2.95209
2.89801
2.84445
2.79376
2.7484
2.71143
2.68702
2.68054
2.69761
2.74236
2.81552
2.91307
3.02622
3.14272
3.24899
3.3325
3.38365
3.39698
3.37152
3.31036
3.2197
3.10754
2.98237
2.85203
2.72296
2.59989
2.48588
2.38254
2.29045
2.2095
2.13921
2.0789
2.02777
1.9849
1.94928
1.91981
1.89542
1.87517
1.85837
1.84471
1.8344
1.82831
1.8284
1.83844
1.86511
1.91912
2.01512
2.16953
2.39652
2.70409
3.09236
3.55439
4.07854
4.65056
5.25479
5.87455
6.49194
7.08844
7.64886
8.13146
8.72264
2.80074
2.78942
2.77863
2.76781
2.75636
2.74419
2.73179
2.71989
2.70885
2.69829
2.68738
2.6754
2.66231
2.64875
2.63584
2.62487
2.61695
2.61282
2.61275
2.61649
2.62335
2.6323
2.64209
2.65144
2.65924
2.66461
2.66701
2.66625
2.66236
2.65564
2.64657
2.63573
2.62361
2.61046
2.59616
2.58035
2.56258
2.54254
2.52015
2.49556
2.46912
2.44132
2.41278
2.38433
2.35709
2.33266
2.31314
2.30092
2.29816
2.30607
2.3243
2.35065
2.38135
2.41172
2.43693
2.45284
2.45659
2.44681
2.42367
2.38863
2.34402
2.2926
2.23716
2.1802
2.12372
2.06916
2.01747
1.96917
1.92448
1.88348
1.84612
1.81232
1.78195
1.75483
1.73072
1.70931
1.6903
1.67342
1.65849
1.64551
1.63475
1.62685
1.62327
1.62675
1.64215
1.67708
1.74161
1.84685
2.00261
2.21539
2.48748
2.81725
3.19991
3.62802
4.09162
4.57816
5.07214
5.56149
5.99699
6.58623
2.75862
2.7445
2.73071
2.717
2.70304
2.68871
2.67414
2.65962
2.6454
2.63152
2.61779
2.60392
2.5897
2.5751
2.56032
2.54571
2.53171
2.51871
2.50702
2.49677
2.48789
2.48014
2.47314
2.46644
2.45957
2.45212
2.44382
2.43451
2.42417
2.41291
2.40092
2.38846
2.3758
2.36313
2.35052
2.33786
2.32492
2.31138
2.29687
2.28108
2.26377
2.24482
2.22431
2.20246
2.17975
2.15689
2.13485
2.11479
2.09786
2.08497
2.0765
2.07216
2.07093
2.07125
2.07135
2.06947
2.06421
2.05467
2.04051
2.02188
1.99936
1.97376
1.94599
1.91692
1.8873
1.85771
1.82855
1.80009
1.77249
1.74585
1.72026
1.69578
1.67249
1.65043
1.62964
1.61012
1.59184
1.57473
1.55875
1.54389
1.5302
1.5179
1.50746
1.4999
1.4972
1.50278
1.52179
1.56094
1.62757
1.7284
1.86854
2.05097
2.27661
2.54437
2.85098
3.19068
3.55401
3.93478
4.2851
4.80777
2.73768
2.72184
2.70622
2.69069
2.67507
2.65927
2.64335
2.62742
2.61161
2.59601
2.5806
2.56526
2.54988
2.53434
2.5186
2.5027
2.48675
2.47089
2.45528
2.44005
2.42528
2.41097
2.39705
2.3834
2.36988
2.35633
2.34266
2.3288
2.31479
2.3007
2.28668
2.2729
2.25952
2.24665
2.23433
2.22246
2.21082
2.19909
2.18687
2.17376
2.15938
2.14347
2.12591
2.10672
2.08612
2.06451
2.04242
2.02051
1.99949
1.98
1.96249
1.94717
1.93389
1.92225
1.91163
1.90134
1.89073
1.87926
1.86661
1.85263
1.83734
1.82088
1.80346
1.78531
1.76663
1.74758
1.72829
1.70883
1.68926
1.66965
1.65005
1.63055
1.61124
1.59222
1.57359
1.55542
1.53777
1.52069
1.50418
1.48826
1.47293
1.45824
1.44435
1.43158
1.42067
1.41299
1.41085
1.41762
1.43766
1.47575
1.53647
1.62371
1.74032
1.88806
2.06742
2.27742
2.51407
2.77687
3.02631
3.43776
2.728
2.71117
2.69448
2.67785
2.66121
2.64448
2.6277
2.61091
2.59419
2.5776
2.56114
2.54478
2.52845
2.51208
2.4956
2.47897
2.46219
2.4453
2.42835
2.4114
2.39454
2.37779
2.3612
2.34474
2.32839
2.31213
2.29594
2.27983
2.26386
2.24814
2.23279
2.21796
2.20377
2.19031
2.17755
2.16541
2.15367
2.14201
2.13007
2.11745
2.10378
2.08878
2.07226
2.05419
2.03468
2.01395
1.99238
1.9704
1.94851
1.92718
1.90681
1.8877
1.86999
1.85364
1.83851
1.82436
1.81088
1.79781
1.78489
1.77193
1.75882
1.74546
1.73181
1.71784
1.70353
1.68887
1.67381
1.65836
1.6425
1.62624
1.60963
1.59273
1.57561
1.55836
1.54109
1.52386
1.50677
1.48988
1.47321
1.45678
1.44062
1.42471
1.4091
1.39387
1.37928
1.36584
1.35446
1.34665
1.34457
1.35097
1.36892
1.40154
1.45168
1.52171
1.6134
1.72784
1.86416
2.02501
2.18188
2.46895
2.72384
2.70646
2.68918
2.67194
2.6547
2.63743
2.62013
2.60283
2.58557
2.56839
2.55129
2.53428
2.5173
2.50032
2.48328
2.46614
2.44888
2.43149
2.414
2.39643
2.37883
2.36122
2.34364
2.32611
2.30865
2.29128
2.274
2.25687
2.23996
2.22337
2.20722
2.19164
2.17674
2.16258
2.14915
2.13635
2.12398
2.11176
2.09937
2.08646
2.0727
2.05781
2.04162
2.02406
2.00517
1.98513
1.96419
1.94268
1.92097
1.89944
1.87843
1.85823
1.83904
1.82095
1.804
1.78811
1.77318
1.75905
1.74556
1.73254
1.71985
1.70734
1.69488
1.68235
1.66964
1.65665
1.64331
1.62954
1.61531
1.60061
1.58544
1.56984
1.55389
1.53764
1.52117
1.50458
1.48791
1.47123
1.45458
1.43798
1.42144
1.40494
1.3885
1.37212
1.35589
1.33998
1.32475
1.3108
1.29908
1.29092
1.28803
1.29236
1.30599
1.33093
1.36899
1.42176
1.48965
1.57604
1.66252
1.83982
2.72214
2.70448
2.68688
2.66932
2.65175
2.63418
2.61658
2.59899
2.58142
2.5639
2.54643
2.52901
2.51162
2.49424
2.47681
2.45933
2.44176
2.4241
2.40635
2.38851
2.37063
2.35271
2.33478
2.31687
2.299
2.2812
2.2635
2.24594
2.22861
2.21158
2.19497
2.17888
2.16342
2.14863
2.13451
2.12096
2.10783
2.09488
2.08183
2.06838
2.05425
2.0392
2.02306
2.00576
1.9873
1.96782
1.9475
1.92659
1.9054
1.88423
1.86337
1.84307
1.82355
1.80493
1.7873
1.77067
1.75501
1.74022
1.72621
1.71284
1.69998
1.68748
1.6752
1.66298
1.6507
1.63822
1.62545
1.6123
1.59872
1.58466
1.57015
1.55518
1.53982
1.52411
1.50812
1.49191
1.47554
1.45905
1.44248
1.42585
1.40916
1.39241
1.37559
1.35869
1.34174
1.3248
1.308
1.29159
1.27595
1.26166
1.24954
1.24062
1.2361
1.23734
1.2457
1.26255
1.28865
1.32688
1.36671
1.46182
2.72145
2.70364
2.68588
2.66813
2.65039
2.63264
2.61489
2.59713
2.57939
2.56167
2.54399
2.52633
2.50869
2.49106
2.4734
2.45569
2.43793
2.42011
2.40221
2.38426
2.36625
2.34822
2.33017
2.31214
2.29413
2.27619
2.25833
2.24061
2.22309
2.20584
2.18896
2.17253
2.15664
2.14133
2.12659
2.11235
2.09849
2.08481
2.07109
2.05706
2.04251
2.02721
2.01102
1.99386
1.97573
1.95671
1.93695
1.91665
1.89605
1.87539
1.85494
1.83491
1.81548
1.79681
1.77899
1.76205
1.74601
1.73081
1.71638
1.70262
1.68943
1.67665
1.66416
1.65181
1.63946
1.62699
1.61429
1.60127
1.58787
1.57404
1.55978
1.5451
1.53002
1.5146
1.49887
1.4829
1.46671
1.45037
1.43388
1.41728
1.40055
1.38371
1.36673
1.34961
1.33236
1.315
1.2976
1.28025
1.26311
1.24643
1.23057
1.21599
1.20333
1.1933
1.18675
1.18462
1.18757
1.19754
1.20959
1.25002
2.72113
2.70324
2.68538
2.66753
2.64969
2.63184
2.61399
2.59614
2.57829
2.56046
2.54265
2.52485
2.50706
2.48927
2.47147
2.45363
2.43576
2.41783
2.39986
2.38185
2.3638
2.34573
2.32765
2.30958
2.29154
2.27356
2.25566
2.23788
2.22028
2.20291
2.18586
2.16919
2.15297
2.13723
2.12197
2.10714
2.09264
2.07831
2.06397
2.04941
2.03444
2.01888
2.0026
1.98553
1.96765
1.94902
1.92975
1.91
1.88996
1.86984
1.84985
1.83018
1.81101
1.79247
1.77464
1.7576
1.74134
1.72586
1.71111
1.69699
1.68343
1.6703
1.65747
1.64482
1.63222
1.61956
1.60671
1.59361
1.58017
1.56637
1.55218
1.5376
1.52265
1.50736
1.49178
1.47594
1.45988
1.44364
1.42722
1.41066
1.39394
1.37708
1.36005
1.34286
1.3255
1.308
1.29038
1.2727
1.25504
1.2375
1.22024
1.20347
1.18747
1.1726
1.15929
1.14808
1.13942
1.13433
1.13142
1.13888
2.72094
2.70301
2.68508
2.66716
2.64925
2.63134
2.61343
2.59551
2.5776
2.55969
2.5418
2.52391
2.50603
2.48814
2.47024
2.45232
2.43438
2.4164
2.39839
2.38034
2.36228
2.3442
2.32612
2.30806
2.29002
2.27203
2.25413
2.23633
2.21869
2.20126
2.18409
2.16723
2.15075
2.13467
2.11899
2.10366
2.08861
2.07373
2.05885
2.04383
2.02849
2.01268
1.99631
1.97928
1.9616
1.94328
1.92443
1.90516
1.88562
1.86599
1.84645
1.82717
1.80828
1.78992
1.77217
1.7551
1.73873
1.72304
1.70802
1.69359
1.67968
1.66619
1.653
1.64002
1.62711
1.61417
1.6011
1.58782
1.57426
1.56038
1.54616
1.53159
1.51669
1.50147
1.48596
1.4702
1.45422
1.43804
1.42168
1.40516
1.38847
1.37161
1.35458
1.33738
1.32001
1.30248
1.28482
1.26706
1.24925
1.23145
1.21373
1.19619
1.17896
1.1622
1.14612
1.13097
1.11706
1.10469
1.09455
1.08398
2.7208
2.70283
2.68486
2.66689
2.64893
2.63097
2.61301
2.59504
2.57708
2.55912
2.54116
2.52321
2.50526
2.48731
2.46935
2.45137
2.43338
2.41536
2.39733
2.37927
2.3612
2.34313
2.32506
2.307
2.28898
2.27101
2.2531
2.2353
2.21764
2.20016
2.18289
2.1659
2.14921
2.13285
2.11681
2.10108
2.08559
2.07024
2.05491
2.03949
2.02382
2.0078
1.99132
1.97433
1.95679
1.93874
1.92023
1.90136
1.88226
1.86307
1.84393
1.825
1.80639
1.78823
1.77058
1.75352
1.73707
1.72124
1.70599
1.69129
1.67707
1.66324
1.64971
1.63638
1.62315
1.60992
1.5966
1.58311
1.56939
1.5554
1.54111
1.5265
1.51159
1.4964
1.48093
1.46522
1.44928
1.43315
1.41683
1.40034
1.38368
1.36685
1.34984
1.33267
1.31532
1.29782
1.28018
1.26244
1.24463
1.22679
1.20896
1.19121
1.17359
1.15618
1.13908
1.1224
1.10634
1.09079
1.07751
1.05801
2.72068
2.70268
2.68467
2.66667
2.64867
2.63066
2.61266
2.59465
2.57665
2.55864
2.54064
2.52263
2.50463
2.48663
2.46862
2.4506
2.43257
2.41453
2.39648
2.37841
2.36034
2.34227
2.3242
2.30616
2.28815
2.27019
2.25229
2.23449
2.21681
2.19928
2.18194
2.16482
2.14796
2.13138
2.11506
2.09899
2.08313
2.0674
2.0517
2.03594
2.02
2.00378
1.98721
1.97022
1.9528
1.93495
1.91673
1.8982
1.87947
1.86065
1.84188
1.82326
1.80491
1.78693
1.7694
1.75236
1.73587
1.71991
1.70448
1.68954
1.67504
1.66091
1.64706
1.63342
1.61988
1.60637
1.5928
1.57909
1.5652
1.55107
1.53668
1.52202
1.50708
1.49188
1.47642
1.46073
1.44483
1.42873
1.41245
1.39599
1.37936
1.36255
1.34558
1.32844
1.31113
1.29368
1.27609
1.25841
1.24065
1.22286
1.20506
1.1873
1.16961
1.15203
1.13462
1.11742
1.10059
1.08377
1.06929
1.04579
2.72057
2.70254
2.68451
2.66647
2.64844
2.6304
2.61236
2.59431
2.57627
2.55822
2.54018
2.52213
2.50409
2.48604
2.46799
2.44994
2.43188
2.41381
2.39574
2.37766
2.35959
2.34152
2.32346
2.30542
2.28742
2.26946
2.25157
2.23376
2.21606
2.19849
2.18108
2.16386
2.14686
2.13008
2.11353
2.09719
2.08102
2.06497
2.04897
2.03292
2.01675
2.00037
1.98371
1.96672
1.94939
1.9317
1.91371
1.89546
1.87705
1.85855
1.84008
1.82174
1.80362
1.78581
1.76839
1.75139
1.73486
1.71881
1.70323
1.68809
1.67334
1.65894
1.64481
1.63087
1.61705
1.60327
1.58945
1.57554
1.56147
1.5472
1.5327
1.51797
1.50299
1.48776
1.47231
1.45663
1.44075
1.42467
1.40841
1.39198
1.37538
1.35861
1.34167
1.32456
1.30731
1.28991
1.2724
1.25478
1.2371
1.21939
1.20166
1.18396
1.16631
1.14874
1.13129
1.11396
1.09691
1.07966
1.06479
1.03968
2.72047
2.70242
2.68436
2.66629
2.64823
2.63016
2.61209
2.59401
2.57593
2.55785
2.53977
2.52169
2.5036
2.48552
2.46744
2.44935
2.43127
2.41318
2.39508
2.37699
2.35891
2.34083
2.32278
2.30474
2.28674
2.26878
2.25088
2.23306
2.21533
2.19773
2.18026
2.16295
2.14582
2.12889
2.11214
2.09557
2.07916
2.06285
2.04658
2.0303
2.01393
1.99741
1.98067
1.96368
1.9464
1.92885
1.91105
1.89303
1.87488
1.85665
1.83845
1.82035
1.80243
1.78478
1.76746
1.7505
1.73396
1.71783
1.70212
1.6868
1.67184
1.6572
1.64281
1.62861
1.61453
1.6005
1.58646
1.57234
1.5581
1.54369
1.52909
1.51427
1.49924
1.48399
1.46852
1.45284
1.43697
1.42091
1.40468
1.38827
1.37169
1.35495
1.33805
1.321
1.30379
1.28646
1.26901
1.25148
1.23388
1.21625
1.19861
1.18099
1.16342
1.14592
1.12852
1.11122
1.09414
1.07679
1.06184
1.03616
2.72038
2.7023
2.68422
2.66613
2.64804
2.62994
2.61184
2.59373
2.57562
2.55751
2.5394
2.52128
2.50317
2.48505
2.46694
2.44883
2.43071
2.4126
2.39449
2.37638
2.35829
2.3402
2.32214
2.3041
2.28609
2.26812
2.25022
2.23238
2.21463
2.19698
2.17945
2.16206
2.14483
2.12776
2.11085
2.0941
2.07747
2.06094
2.04447
2.02799
2.01146
1.99481
1.978
1.96099
1.94376
1.92631
1.90866
1.89084
1.8729
1.85491
1.83693
1.81903
1.8013
1.78379
1.76656
1.74965
1.73309
1.7169
1.70108
1.68562
1.67048
1.65563
1.64101
1.62658
1.61226
1.59801
1.58375
1.56945
1.55504
1.5405
1.52579
1.51089
1.4958
1.48051
1.46502
1.44934
1.43348
1.41743
1.40122
1.38484
1.36829
1.35159
1.33473
1.31772
1.30057
1.2833
1.26593
1.24847
1.23096
1.21342
1.19587
1.17834
1.16086
1.14344
1.12611
1.10888
1.09186
1.07453
1.05959
1.03378
2.72029
2.7022
2.6841
2.66599
2.64787
2.62975
2.61162
2.59349
2.57535
2.55721
2.53907
2.52092
2.50278
2.48463
2.46649
2.44835
2.43021
2.41207
2.39394
2.37582
2.35771
2.33961
2.32154
2.30348
2.28547
2.26749
2.24957
2.23171
2.21393
2.19624
2.17866
2.1612
2.14388
2.12669
2.10964
2.09273
2.07593
2.05923
2.04257
2.02593
2.00925
1.9925
1.97562
1.9586
1.94141
1.92404
1.90651
1.88885
1.87109
1.85329
1.8355
1.81779
1.80021
1.78282
1.76568
1.74881
1.73225
1.71602
1.70011
1.68452
1.66922
1.65419
1.63937
1.62473
1.6102
1.59575
1.5813
1.56682
1.55227
1.5376
1.52278
1.50781
1.49266
1.47734
1.46183
1.44615
1.43029
1.41426
1.39806
1.38171
1.3652
1.34853
1.33172
1.31476
1.29767
1.28047
1.26317
1.24579
1.22836
1.2109
1.19344
1.176
1.15861
1.14128
1.12403
1.10687
1.08992
1.07265
1.05777
1.03198
2.7202
2.7021
2.68398
2.66585
2.64772
2.62957
2.61142
2.59326
2.5751
2.55693
2.53877
2.52059
2.50242
2.48425
2.46608
2.44791
2.42975
2.41159
2.39344
2.3753
2.35717
2.33906
2.32097
2.30291
2.28488
2.26688
2.24894
2.23106
2.21325
2.19553
2.17789
2.16037
2.14296
2.12567
2.10851
2.09146
2.07452
2.05766
2.04086
2.02408
2.00728
1.99044
1.97351
1.95646
1.93929
1.92199
1.90456
1.88703
1.86942
1.85178
1.83416
1.8166
1.79916
1.78188
1.76481
1.74799
1.73144
1.71517
1.69919
1.6835
1.66807
1.65288
1.63789
1.62307
1.60836
1.59373
1.57911
1.56448
1.54979
1.53501
1.5201
1.50506
1.48987
1.47451
1.45899
1.44331
1.42746
1.41145
1.39528
1.37896
1.36248
1.34586
1.3291
1.3122
1.29517
1.27804
1.26081
1.24351
1.22616
1.20878
1.1914
1.17405
1.15673
1.13948
1.12231
1.10523
1.08835
1.07114
1.05632
1.03059
2.72012
2.70201
2.68387
2.66573
2.64758
2.62941
2.61124
2.59306
2.57488
2.55669
2.53849
2.5203
2.5021
2.48391
2.46571
2.44752
2.42934
2.41116
2.39298
2.37482
2.35668
2.33855
2.32044
2.30236
2.28431
2.26631
2.24834
2.23044
2.2126
2.19483
2.17715
2.15957
2.14209
2.12472
2.10745
2.09029
2.07323
2.05625
2.03932
2.02242
2.00552
1.9886
1.97162
1.95455
1.9374
1.92015
1.9028
1.88538
1.86789
1.85039
1.83291
1.81549
1.79817
1.78099
1.764
1.74722
1.73068
1.71439
1.69836
1.68259
1.66705
1.65174
1.63661
1.62163
1.60678
1.59199
1.57724
1.56248
1.54768
1.5328
1.51782
1.50273
1.4875
1.47213
1.45661
1.44093
1.4251
1.40912
1.39299
1.37671
1.36028
1.34371
1.327
1.31015
1.29319
1.27613
1.25897
1.24174
1.22447
1.20716
1.18986
1.17258
1.15534
1.13815
1.12106
1.10403
1.08722
1.07007
1.0553
1.02964
2.72005
2.70192
2.68378
2.66562
2.64745
2.62927
2.61108
2.59288
2.57467
2.55646
2.53825
2.52003
2.50181
2.4836
2.46538
2.44717
2.42896
2.41076
2.39257
2.37439
2.35622
2.33808
2.31995
2.30185
2.28379
2.26576
2.24778
2.22985
2.21198
2.19418
2.17645
2.15882
2.14127
2.12382
2.10648
2.08922
2.07206
2.05497
2.03793
2.02094
2.00396
1.98697
1.96994
1.95287
1.93573
1.91852
1.90124
1.8839
1.86653
1.84915
1.83179
1.81449
1.79729
1.78021
1.76329
1.74657
1.73005
1.71376
1.6977
1.68187
1.66626
1.65085
1.63562
1.62054
1.60556
1.59066
1.57581
1.56096
1.54607
1.53114
1.51612
1.501
1.48576
1.47039
1.45488
1.43923
1.42344
1.4075
1.39141
1.37518
1.3588
1.34228
1.32563
1.30885
1.29195
1.27494
1.25785
1.24069
1.22348
1.20624
1.189
1.17178
1.1546
1.13748
1.12044
1.10347
1.08671
1.06962
1.05491
1.02934
2.71999
2.70185
2.68369
2.66552
2.64733
2.62914
2.61093
2.59272
2.57449
2.55626
2.53803
2.51979
2.50156
2.48332
2.46508
2.44685
2.42862
2.4104
2.39219
2.37399
2.35581
2.33765
2.3195
2.30139
2.28331
2.26526
2.24725
2.2293
2.2114
2.19357
2.17581
2.15812
2.14053
2.12302
2.1056
2.08827
2.07102
2.05384
2.03673
2.01966
2.00261
1.98557
1.96851
1.95143
1.93431
1.91714
1.89993
1.88268
1.86542
1.84815
1.83092
1.81374
1.79665
1.77967
1.76285
1.74619
1.72972
1.71346
1.69741
1.68157
1.66592
1.65047
1.63518
1.62003
1.60499
1.59003
1.57512
1.56022
1.5453
1.53034
1.51532
1.5002
1.48498
1.46964
1.45417
1.43857
1.42282
1.40693
1.3909
1.37472
1.35839
1.34193
1.32532
1.30859
1.29174
1.27479
1.25775
1.24064
1.22348
1.20629
1.18911
1.17194
1.15481
1.13775
1.12077
1.10386
1.08717
1.07015
1.05551
1.03006
2.71993
2.70178
2.68361
2.66543
2.64723
2.62902
2.6108
2.59257
2.57434
2.55609
2.53784
2.51959
2.50133
2.48308
2.46482
2.44657
2.42833
2.41009
2.39187
2.37365
2.35545
2.33728
2.31912
2.30099
2.28289
2.26483
2.24681
2.22883
2.21091
2.19306
2.17527
2.15755
2.13991
2.12236
2.10489
2.0875
2.0702
2.05296
2.03579
2.01867
2.00158
1.98452
1.96746
1.95039
1.9333
1.9162
1.89907
1.88192
1.86478
1.84764
1.83055
1.81351
1.79656
1.77972
1.76301
1.74647
1.7301
1.71391
1.69792
1.68211
1.6665
1.65106
1.63578
1.62063
1.60559
1.59064
1.57573
1.56084
1.54595
1.53102
1.51602
1.50095
1.48578
1.47049
1.45508
1.43952
1.42383
1.40799
1.392
1.37586
1.35958
1.34314
1.32657
1.30987
1.29305
1.27613
1.25912
1.24205
1.22494
1.2078
1.19067
1.17356
1.15651
1.13952
1.12263
1.10583
1.08925
1.07235
1.05785
1.03265
2.71989
2.70173
2.68355
2.66536
2.64716
2.62894
2.61071
2.59247
2.57422
2.55596
2.5377
2.51943
2.50117
2.4829
2.46463
2.44637
2.42812
2.40987
2.39164
2.37342
2.35521
2.33703
2.31887
2.30073
2.28263
2.26456
2.24654
2.22857
2.21064
2.19278
2.17498
2.15726
2.13961
2.12204
2.10456
2.08715
2.06983
2.05258
2.0354
2.01828
2.00121
1.98417
1.96715
1.95015
1.93315
1.91615
1.89915
1.88216
1.86518
1.84823
1.83133
1.81449
1.79774
1.78109
1.76458
1.74821
1.73201
1.71597
1.70012
1.68445
1.66894
1.65361
1.63841
1.62335
1.60839
1.5935
1.57867
1.56385
1.54902
1.53416
1.51923
1.50422
1.4891
1.47387
1.45849
1.44298
1.42731
1.41149
1.39552
1.37938
1.3631
1.34667
1.3301
1.31341
1.2966
1.27971
1.26274
1.24572
1.22868
1.21163
1.19461
1.17764
1.16074
1.14394
1.12726
1.1107
1.0944
1.07782
1.06361
1.03902
2.71988
2.70172
2.68354
2.66534
2.64713
2.62891
2.61068
2.59244
2.57419
2.55593
2.53767
2.51941
2.50115
2.48289
2.46463
2.44638
2.42813
2.4099
2.39168
2.37348
2.35529
2.33713
2.319
2.30089
2.28282
2.26479
2.24681
2.22888
2.211
2.19319
2.17544
2.15777
2.14017
2.12266
2.10523
2.08789
2.07064
2.05347
2.03637
2.01935
2.00239
1.98548
1.96861
1.95177
1.93497
1.91818
1.90142
1.88469
1.86798
1.85132
1.83471
1.81818
1.80173
1.78539
1.76917
1.75309
1.73715
1.72138
1.70577
1.69032
1.67502
1.65987
1.64485
1.62994
1.61512
1.60036
1.58563
1.5709
1.55615
1.54135
1.52646
1.51148
1.49637
1.48113
1.46575
1.4502
1.4345
1.41863
1.40261
1.38644
1.37012
1.35368
1.33712
1.32046
1.30372
1.28693
1.2701
1.25328
1.23647
1.21971
1.20304
1.18646
1.17002
1.15373
1.13762
1.12169
1.10607
1.09027
1.07678
1.05362
2.72002
2.70188
2.68372
2.66555
2.64736
2.62917
2.61096
2.59276
2.57454
2.55633
2.53811
2.5199
2.50169
2.48348
2.46529
2.44711
2.42894
2.41079
2.39265
2.37455
2.35647
2.33842
2.3204
2.30242
2.28449
2.2666
2.24877
2.231
2.21329
2.19566
2.1781
2.16062
2.14323
2.12593
2.10872
2.09161
2.0746
2.05769
2.04086
2.02412
2.00746
1.99086
1.97433
1.95786
1.94143
1.92504
1.90869
1.89238
1.87612
1.8599
1.84375
1.82766
1.81166
1.79575
1.77994
1.76426
1.7487
1.73327
1.71798
1.70282
1.68778
1.67286
1.65803
1.64327
1.62857
1.61389
1.59921
1.5845
1.56972
1.55487
1.53991
1.52483
1.50961
1.49424
1.47873
1.46306
1.44725
1.43131
1.41524
1.39907
1.38282
1.3665
1.35015
1.33378
1.31743
1.30113
1.28491
1.26879
1.2528
1.23697
1.22134
1.20593
1.19075
1.17584
1.16123
1.14691
1.133
1.11908
1.10729
1.08745
2.72087
2.70283
2.68478
2.66672
2.64866
2.6306
2.61254
2.59449
2.57644
2.5584
2.54037
2.52236
2.50436
2.48638
2.46843
2.4505
2.4326
2.41473
2.39689
2.3791
2.36134
2.34363
2.32598
2.30837
2.29083
2.27334
2.25593
2.23859
2.22133
2.20416
2.18708
2.17009
2.1532
2.13642
2.11974
2.10318
2.08672
2.07036
2.05411
2.03795
2.02189
2.0059
1.98998
1.97413
1.95832
1.94256
1.92684
1.91115
1.8955
1.87988
1.86431
1.84878
1.8333
1.81788
1.80253
1.78726
1.77207
1.75696
1.74193
1.72697
1.71208
1.69724
1.68243
1.66764
1.65285
1.63802
1.62315
1.60821
1.59318
1.57805
1.56281
1.54746
1.53201
1.51646
1.50083
1.48514
1.46941
1.45369
1.43799
1.42236
1.40684
1.39145
1.37625
1.36125
1.34651
1.33205
1.3179
1.30409
1.29065
1.27759
1.26495
1.25274
1.24098
1.22969
1.21888
1.20858
1.19884
1.18946
1.18167
1.16958
2.72518
2.70753
2.68989
2.67228
2.65468
2.63711
2.61956
2.60204
2.58456
2.5671
2.54969
2.53231
2.51498
2.49768
2.48044
2.46324
2.4461
2.42901
2.41197
2.395
2.37809
2.36124
2.34446
2.32776
2.31113
2.29458
2.27811
2.26172
2.24543
2.22923
2.21313
2.19712
2.18122
2.16542
2.14973
2.13413
2.11864
2.10324
2.08792
2.07268
2.0575
2.04238
2.0273
2.01225
1.99721
1.98218
1.96714
1.95209
1.93702
1.92193
1.90682
1.8917
1.87656
1.86142
1.84627
1.83111
1.81596
1.80081
1.78567
1.77051
1.75535
1.74016
1.72495
1.70971
1.69443
1.67911
1.66375
1.64836
1.63296
1.61758
1.60223
1.58696
1.57182
1.55686
1.54213
1.52769
1.51361
1.49995
1.48677
1.47413
1.4621
1.45072
1.44003
1.43009
1.42092
1.41254
1.40497
1.39823
1.39231
1.38721
1.38294
1.3795
1.37688
1.37509
1.37415
1.37408
1.37488
1.37682
1.37892
1.38586
2.7444
2.72809
2.71183
2.69563
2.6795
2.66343
2.64743
2.63149
2.61561
2.5998
2.58406
2.56838
2.55276
2.53721
2.52173
2.5063
2.49095
2.47565
2.46041
2.44524
2.43013
2.41508
2.40008
2.38515
2.37027
2.35545
2.34068
2.32597
2.31131
2.29671
2.28215
2.26764
2.25317
2.23874
2.22433
2.20996
2.1956
2.18124
2.16688
2.1525
2.13808
2.12362
2.1091
2.0945
2.07983
2.06506
2.0502
2.03523
2.02017
2.00501
1.98975
1.97441
1.95898
1.94348
1.92793
1.91232
1.89667
1.881
1.86531
1.84963
1.83397
1.81838
1.80287
1.78751
1.77233
1.75742
1.74284
1.72869
1.71506
1.70206
1.68981
1.67843
1.66805
1.65879
1.65078
1.64415
1.63901
1.63548
1.63365
1.63361
1.63543
1.63917
1.64484
1.65247
1.66203
1.67349
1.6868
1.7019
1.71871
1.73717
1.75722
1.77878
1.80182
1.82631
1.85223
1.87968
1.90839
1.9399
1.96763
2.02274
2.82336
2.81082
2.79837
2.786
2.77371
2.76149
2.74934
2.73724
2.72519
2.71318
2.70121
2.68926
2.67734
2.66542
2.65351
2.64159
2.62965
2.61769
2.6057
2.59367
2.58159
2.56945
2.55724
2.54496
2.53259
2.52012
2.50755
2.49487
2.48206
2.46912
2.45605
2.44282
2.42944
2.4159
2.4022
2.38832
2.37428
2.36007
2.34569
2.33116
2.31648
2.30166
2.28674
2.27172
2.25663
2.2415
2.22635
2.21122
2.19615
2.18115
2.16628
2.15158
2.13707
2.12283
2.10889
2.09533
2.08222
2.06965
2.05773
2.04659
2.03636
2.02722
2.01934
2.01294
2.00824
2.00549
2.00493
2.00683
2.01148
2.01914
2.03011
2.04466
2.06305
2.08555
2.11239
2.14377
2.17989
2.22085
2.26675
2.31759
2.37332
2.43381
2.49886
2.56819
2.64149
2.71835
2.79838
2.88115
2.96623
3.0532
3.14168
3.2313
3.32174
3.41273
3.50399
3.59553
3.68649
3.78027
3.86077
4.0044
3.12827
3.12505
3.1218
3.11847
3.11505
3.11152
3.10786
3.10404
3.10004
3.09585
3.09144
3.08679
3.08189
3.07672
3.07125
3.06548
3.05939
3.05295
3.04617
3.03903
3.03152
3.02362
3.01534
3.00668
2.99763
2.98819
2.97838
2.96822
2.95771
2.9469
2.93581
2.92449
2.913
2.9014
2.88978
2.87823
2.86685
2.85576
2.84509
2.83496
2.82554
2.81695
2.80936
2.80293
2.79779
2.79412
2.79206
2.79178
2.79344
2.79723
2.80335
2.812
2.82345
2.83798
2.85591
2.8776
2.90346
2.93393
2.9695
3.01068
3.05801
3.11206
3.17337
3.2425
3.31999
3.40637
3.50209
3.60761
3.72332
3.84954
3.98653
4.13447
4.29345
4.46343
4.64421
4.83546
5.03661
5.24691
5.46535
5.6907
5.92151
6.15613
6.39275
6.62945
6.8643
7.09535
7.32075
7.53882
7.74801
7.9469
8.13424
8.30901
8.47039
8.61786
8.75112
8.87017
8.97498
9.06705
9.13957
9.23364
4.46099
4.48719
4.51302
4.53844
4.56343
4.58797
4.61205
4.63567
4.65883
4.68154
4.70381
4.72565
4.74709
4.76818
4.78894
4.80944
4.82973
4.8499
4.87002
4.8902
4.91055
4.93119
4.95229
4.97399
4.99649
5.01999
5.04472
5.07093
5.09889
5.12891
5.1613
5.19643
5.23466
5.27638
5.322
5.37193
5.42661
5.48645
5.55189
5.62336
5.70129
5.78609
5.87822
5.97811
6.08624
6.20314
6.32936
6.46557
6.61247
6.77091
6.9418
7.12619
7.32521
7.54009
7.77212
8.02264
8.29299
8.58446
8.89826
9.23546
9.59691
9.98323
10.3947
10.8312
11.2924
11.7771
12.2841
12.8114
13.3566
13.9166
14.4881
15.067
15.6489
16.2288
16.8017
17.3617
17.9032
18.4203
18.9071
19.358
19.7679
20.132
20.4464
20.7082
20.9153
21.0666
21.1622
21.2033
21.1917
21.1297
21.0202
20.867
20.6747
20.4479
20.192
19.911
19.6131
19.2881
19.0019
18.4763
14.1803
14.4217
14.6638
14.9067
15.1505
15.3951
15.6407
15.8874
16.1351
16.384
16.6341
16.8857
17.1388
17.3936
17.6503
17.9091
18.1701
18.4336
18.6999
18.9693
19.2421
19.5185
19.799
20.084
20.3738
20.6688
20.9696
21.2764
21.5899
21.9103
22.2381
22.5737
22.9174
23.2695
23.6304
24.0003
24.3794
24.7681
25.1667
25.5755
25.995
26.4259
26.869
27.3253
27.7961
28.283
28.7877
29.3124
29.8593
30.4309
31.0299
31.6591
32.3212
33.0188
33.7547
34.5308
35.3493
36.2112
37.1173
38.0672
39.0596
40.092
41.1603
42.2585
43.3791
44.5121
45.6455
46.765
47.8544
48.8954
49.8684
50.7531
51.5291
52.1769
52.6788
53.02
53.1893
53.1796
52.9888
52.6193
52.0785
51.3776
50.5317
49.5585
48.4776
47.3096
46.075
44.794
43.4858
42.1692
40.8602
39.5722
38.3153
37.0973
35.9241
34.7973
33.7271
32.6791
31.8029
30.4024
92.7878
94.0651
95.3102
96.5204
97.6934
98.8274
99.9201
100.97
101.974
102.932
103.841
104.7
105.507
106.26
106.958
107.599
108.181
108.704
109.167
109.567
109.903
110.175
110.381
110.52
110.591
110.593
110.525
110.386
110.176
109.893
109.536
109.106
108.602
108.023
107.369
106.639
105.836
104.958
104.007
102.984
101.891
100.729
99.5008
98.2094
96.8576
95.449
93.9871
92.476
90.9198
89.3229
87.6899
86.0255
84.3347
82.6227
80.8949
79.1573
77.4162
75.6782
73.9509
72.2423
70.5609
68.9161
67.3175
65.7754
64.2999
62.9011
61.5885
60.371
59.2558
58.2487
57.3531
56.5704
55.8988
55.3342
54.8696
54.4956
54.2006
53.9713
53.7935
53.6524
53.5338
53.424
53.3112
53.1848
53.0369
52.8612
52.654
52.4123
52.1357
51.8274
51.4882
51.1202
50.7263
50.3101
49.8759
49.4248
48.9688
48.4792
48.0768
47.3082
0.366249
0.103995
0.472976
0.479243
0.466396
0.462469
0.528662
0.500315
0.511787
0.67494
1.1715
2.07638
3.39867
5.1274
7.23691
9.69328
12.4612
15.5076
18.8024
22.3188
26.0326
29.9222
33.9683
38.1539
42.4635
46.8824
51.3953
55.9857
60.6345
65.3194
70.0147
74.6917
79.3214
83.8789
88.3492
92.7172
96.8907
100.815
104.452
107.764
110.724
113.317
115.545
117.428
119.003
120.319
121.434
122.408
123.3
124.163
125.04
125.961
126.942
127.986
129.079
130.197
131.303
132.351
133.287
134.054
134.594
134.846
134.756
134.278
133.381
132.052
130.287
128.098
125.521
122.633
119.588
116.841
114.825
112.968
111.053
109.085
107.105
105.147
103.229
101.355
99.516
97.6923
95.8569
93.9798
92.0328
89.9931
87.8469
85.5917
83.2368
80.8019
78.3146
75.8077
73.3153
70.8704
68.5026
66.2365
64.0952
62.0795
60.3379
58.0334
0.81336
0.617417
0.596391
0.648563
0.762727
0.958552
1.28097
1.76161
2.40299
3.22251
4.22931
5.41348
6.7498
8.21534
9.79558
11.4851
13.2856
15.2017
17.238
19.3955
21.6704
24.0541
26.5338
29.094
31.7178
34.3878
37.0878
39.8035
42.5234
45.2399
47.9501
50.656
53.3646
56.0881
58.8425
61.6401
64.4308
67.1659
69.8093
72.3222
74.6679
76.8159
78.746
80.4511
81.9377
83.2244
84.34
85.3191
86.1979
87.0108
87.7877
88.5519
89.3194
90.0988
90.8914
91.6914
92.4858
93.2555
93.9764
94.6206
95.1574
95.5552
95.7796
95.7951
95.5712
95.086
94.3312
93.2999
91.994
90.441
88.6977
86.8552
84.9885
83.0757
81.1077
79.1009
77.0793
75.0641
73.0696
71.1021
69.1606
67.2382
65.3242
63.4061
61.4721
59.5135
57.5259
55.511
53.4761
51.4337
49.3999
47.3923
45.4292
43.5266
41.6989
39.9544
38.3052
36.7251
35.3319
33.3024
1.26751
1.02434
1.05991
1.21219
1.48021
1.88615
2.43743
3.12392
3.92338
4.82041
5.80502
6.87591
8.03984
9.31166
10.7113
12.2592
13.9712
15.8556
17.9112
20.1275
22.4869
24.9677
27.5462
30.2001
32.9099
35.6605
38.4423
41.2523
44.0945
46.9802
49.9274
52.9575
56.0917
59.345
62.7194
66.1947
69.7504
73.3329
76.8732
80.2932
83.515
86.4701
89.1077
91.4001
93.3437
94.9579
96.2811
97.3648
98.2651
99.036
99.7257
100.374
101.011
101.657
102.326
103.021
103.737
104.457
105.161
105.818
106.393
106.853
107.152
107.237
107.059
106.58
105.776
104.634
103.157
101.366
99.3005
97.0179
94.5835
92.0406
89.4204
86.7534
84.0697
81.3954
78.7494
76.1432
73.5806
71.0595
68.5727
66.1113
63.666
61.2302
58.8016
56.383
53.9824
51.6123
49.2877
47.0247
44.8385
42.7422
40.7459
38.8547
37.0735
35.3845
33.8629
31.8028
1.66091
1.5448
1.6175
1.82919
2.17281
2.6453
3.22811
3.89813
4.64245
5.45916
6.3584
7.35899
8.48385
9.75596
11.1955
12.8177
14.632
16.6415
18.8435
21.2295
23.7869
26.4996
29.35
32.3197
35.391
38.5487
41.7813
45.0833
48.4571
51.915
55.4789
59.1783
63.0463
67.1122
71.3932
75.8873
80.5636
85.3519
90.1479
94.8234
99.2437
103.286
106.856
109.9
112.404
114.397
115.935
117.102
117.985
118.669
119.226
119.714
120.179
120.65
121.151
121.693
122.272
122.875
123.478
124.048
124.54
124.906
125.087
125.023
124.655
123.935
122.828
121.319
119.409
117.121
114.494
111.582
108.451
105.163
101.771
98.3219
94.8582
91.4147
88.0183
84.687
81.4305
78.2508
75.144
72.1023
69.1172
66.1815
63.2921
60.4507
57.6645
54.9447
52.3048
49.7589
47.3198
44.9978
42.7997
40.728
38.7834
36.9499
35.2892
33.1156
8.21874
2.69179
2.17927
2.31532
2.64084
3.08399
3.61609
4.22188
4.90191
5.6689
6.54271
7.54555
8.69876
10.0215
11.5307
13.2412
15.1655
17.3134
19.6911
22.3001
25.1375
28.1951
31.4608
34.9181
38.5473
42.3264
46.2335
50.251
54.3695
58.5924
62.939
67.4442
72.1554
77.1245
82.3969
87.9954
93.8934
100.006
106.188
112.25
117.981
123.189
127.725
131.505
134.514
136.796
138.437
139.569
140.325
140.824
141.164
141.42
141.644
141.872
142.124
142.409
142.722
143.051
143.37
143.646
143.831
143.869
143.698
143.251
142.467
141.293
139.688
137.636
135.139
132.22
128.921
125.301
121.428
117.37
113.196
108.962
104.722
100.519
96.3901
92.3594
88.4437
84.6503
80.9787
77.4225
73.9725
70.6196
67.3577
64.1852
61.1057
58.1266
55.2581
52.5104
49.8932
47.4132
45.0742
42.8757
40.8158
38.8777
37.1222
34.847
1.9242
2.3543
2.41894
2.58693
2.87626
3.27132
3.75567
4.3237
4.98346
5.75198
6.65027
7.70032
8.92403
10.3433
11.9798
13.8548
15.9872
18.3927
21.082
24.0606
27.3298
30.8863
34.7219
38.8226
43.1671
47.726
52.4634
57.3432
62.3368
67.4324
72.6409
77.9995
83.5688
89.4264
95.6545
102.308
109.371
116.747
124.251
131.62
138.558
144.791
150.117
154.429
157.724
160.084
161.649
162.595
163.093
163.295
163.32
163.252
163.143
163.024
162.908
162.796
162.68
162.545
162.369
162.116
161.743
161.197
160.418
159.345
157.917
156.084
153.809
151.075
147.886
144.266
140.259
135.926
131.335
126.559
121.67
116.733
111.806
106.94
102.179
97.5541
93.0901
88.7998
84.687
80.747
76.9695
73.3423
69.8541
66.4974
63.2691
60.1704
57.2054
54.3794
51.6972
49.162
46.7746
44.5322
42.4313
40.4537
38.6643
36.3379
1.81782
2.64127
2.60021
2.71256
2.96089
3.32878
3.80353
4.38326
5.07861
5.90936
6.90141
8.08479
9.49217
11.1571
13.1115
15.3817
17.985
20.929
24.2104
27.8213
31.7562
36.0123
40.5871
45.4742
50.6599
56.1113
61.7777
67.6
73.525
79.5207
85.5874
91.7633
98.1222
104.768
111.822
119.362
127.379
135.752
144.25
152.548
160.291
167.152
172.896
177.405
180.692
182.875
184.14
184.704
184.779
184.543
184.128
183.622
183.069
182.488
181.876
181.225
180.516
179.733
178.851
177.843
176.671
175.294
173.665
171.734
169.454
166.785
163.7
160.185
156.249
151.915
147.227
142.242
137.026
131.648
126.18
120.687
115.23
109.863
104.634
99.581
94.7355
90.1168
85.7335
81.5831
77.6543
73.9304
70.393
67.0259
63.8165
60.7569
57.8433
55.0744
52.4503
49.9708
47.6344
45.4368
43.3741
41.427
39.6669
37.3532
1.78913
2.81735
2.69349
2.76103
3.00267
3.39883
3.93691
4.6166
5.45244
6.47429
7.72656
9.2646
11.1484
13.4345
16.1657
19.3578
22.9938
27.032
31.4033
36.0511
40.9484
46.0996
51.53
57.2672
63.3204
69.664
76.2356
82.95
89.7231
96.4976
103.261
110.052
116.957
124.108
131.648
139.666
148.147
156.95
165.811
174.379
182.276
189.163
194.797
199.065
201.991
203.715
204.454
204.457
203.962
203.166
202.207
201.166
200.075
198.932
197.717
196.403
194.963
193.373
191.611
189.656
187.485
185.073
182.395
179.422
176.132
172.503
168.522
164.186
159.506
154.506
149.223
143.706
138.013
132.205
126.345
120.494
114.711
109.049
103.558
98.2813
93.2561
88.5081
84.0513
79.8858
75.9993
72.3694
68.9689
65.7697
62.7472
59.8822
57.1618
54.5781
52.1268
49.8052
47.6108
45.5391
43.5873
41.7353
40.0612
37.8237
1.85173
2.94261
2.75974
2.83848
3.16528
3.7292
4.52538
5.55388
6.83169
8.41153
10.388
12.8832
16.0172
19.8723
24.473
29.7397
35.4999
41.5431
47.6697
53.7503
59.7519
65.7316
71.8016
78.0801
84.6455
91.5073
98.6024
105.818
113.03
120.149
127.145
134.055
140.979
148.067
155.466
163.26
171.417
179.779
188.076
195.977
203.14
209.269
214.151
217.687
219.904
220.937
221.002
220.349
219.223
217.82
216.275
214.656
212.977
211.215
209.326
207.268
205
202.495
199.732
196.701
193.397
189.819
185.968
181.85
177.469
172.832
167.946
162.82
157.468
151.91
146.174
140.295
134.317
128.286
122.254
116.272
110.392
104.664
99.1379
93.8598
88.8708
84.2033
79.8766
75.894
72.2417
68.891
65.803
62.9357
60.2504
57.7155
55.309
53.0173
50.833
48.7526
46.7743
44.8946
43.1126
41.4087
39.8666
37.7603
1.93004
3.08576
2.91765
3.15776
3.84512
5.08157
6.91785
9.28971
12.1268
15.5037
19.6505
24.8574
31.3169
38.993
47.6307
56.7939
65.9658
74.6793
82.6173
89.6746
95.944
101.674
107.184
112.777
118.659
124.909
131.473
138.205
144.929
151.505
157.873
164.054
170.151
176.309
182.659
189.255
196.035
202.834
209.415
215.526
220.934
225.446
228.921
231.285
232.538
232.773
232.155
230.895
229.205
227.263
225.187
223.027
220.777
218.395
215.818
212.988
209.856
206.39
202.578
198.421
193.937
189.154
184.107
178.837
173.385
167.786
162.073
156.266
150.381
144.432
138.433
132.4
126.356
120.331
114.36
108.481
102.737
97.1732
91.837
86.7752
82.0327
77.6468
73.6425
70.026
66.7818
63.8727
61.2468
58.846
56.6165
54.5151
52.5118
50.5894
48.7397
46.96
45.2507
43.6104
42.0409
40.5237
39.1463
37.2134
8.56355
3.52649
3.51632
4.45424
6.78534
11.4545
18.48
26.6778
35.0544
43.749
53.5984
65.0583
78.0502
91.9842
105.974
119.088
130.57
139.965
147.159
152.389
156.095
158.859
161.286
163.878
166.978
170.723
175.057
179.784
184.656
189.459
194.066
198.46
202.708
206.917
211.166
215.459
219.703
223.744
227.426
230.641
233.333
235.472
237.019
237.916
238.117
237.617
236.476
234.813
232.773
230.485
228.038
225.462
222.735
219.8
216.585
213.019
209.052
204.656
199.826
194.583
188.97
183.047
176.887
170.568
164.168
157.754
151.379
145.076
138.861
132.735
126.695
120.734
114.855
109.065
103.38
97.8254
92.4345
87.2459
82.3031
77.6533
73.3432
69.4148
65.898
62.8013
60.1059
57.765
55.7113
53.8707
52.1749
50.571
49.0244
47.5162
46.0399
44.5955
43.1862
41.8136
40.4825
39.1758
37.9829
36.2517
9.38803
4.38003
6.6486
12.2091
26.2266
50.5407
78.6712
102.744
121.759
138.195
154.427
171.273
188.233
204.156
217.835
228.392
235.441
239.135
239.854
238.302
235.362
231.883
228.57
225.946
224.338
223.857
224.413
225.757
227.569
229.538
231.444
233.18
234.732
236.127
237.369
238.4
239.112
239.403
239.252
238.75
238.069
237.371
236.732
236.104
235.36
234.356
232.999
231.269
229.203
226.862
224.293
221.504
218.463
215.109
211.367
207.169
202.467
197.244
191.512
185.314
178.72
171.826
164.741
157.58
150.454
143.46
136.667
130.115
123.815
117.755
111.909
106.251
100.755
95.4083
90.21
85.1718
80.3167
75.6772
71.2939
67.2126
63.4819
60.1473
57.2422
54.7763
52.7257
51.032
49.6127
48.3781
47.2489
46.166
45.0931
44.013
42.9222
41.8244
40.7263
39.6324
38.5502
37.4642
36.4637
34.9488
12.1177
11.2593
43.2388
89.6895
154.783
223.871
278.295
312.394
331.325
342.761
351.622
359.45
365.752
369.435
369.688
366.332
359.483
349.865
338.588
326.645
314.832
303.748
293.826
285.354
278.495
273.269
269.547
267.06
265.433
264.268
263.223
262.054
260.621
258.838
256.623
253.879
250.523
246.563
242.163
237.652
233.439
229.88
227.151
225.203
223.805
222.653
221.469
220.065
218.349
216.294
213.897
211.146
208.005
204.416
200.315
195.646
190.376
184.503
178.062
171.122
163.787
156.181
148.45
140.74
133.191
125.917
119.001
112.483
106.364
100.618
95.1955
90.046
85.123
80.3934
75.8405
71.4644
67.2802
63.3152
59.6069
56.2006
53.1456
50.4901
48.2696
46.4926
45.1286
44.1069
43.3308
42.699
42.1254
41.5489
40.9349
40.2697
39.5539
38.795
38.0027
37.1841
36.3484
35.4821
34.6722
33.3768
1.24869
183.533
386.197
498.757
567.926
613.338
634.906
636.929
627.19
612.191
595.209
577.094
557.574
536.234
512.82
487.774
462.195
437.157
413.505
391.763
372.171
354.782
339.56
326.447
315.387
306.312
299.088
293.465
289.063
285.409
282.02
278.485
274.496
269.834
264.35
257.949
250.642
242.606
234.227
226.071
218.758
212.798
208.438
205.61
203.979
203.081
202.456
201.746
200.725
199.272
197.333
194.876
191.866
188.259
184.007
179.077
173.458
167.174
160.285
152.89
145.121
137.136
129.105
121.199
113.576
106.36
99.637
93.4407
87.7614
82.553
77.7482
73.2743
69.0662
65.075
61.2722
57.6489
54.2142
50.9918
48.017
45.3342
42.9936
41.0442
39.5222
38.433
37.7383
37.3565
37.1809
37.1036
37.0367
36.9211
36.726
36.4422
36.0739
35.6317
35.1275
34.5696
33.9685
33.3123
32.6841
31.6029
91.7131
1080.26
1296.24
1178.14
1024.12
925.038
876.391
848.493
822.75
792.633
757.269
717.632
675.058
630.991
587.154
545.151
506.265
471.266
440.414
413.559
390.305
370.165
352.686
337.533
324.511
313.532
304.521
297.311
291.557
286.739
282.24
277.463
271.917
265.26
257.303
248.014
237.558
226.323
214.919
204.107
194.653
187.155
181.891
178.764
177.355
177.071
177.304
177.553
177.472
176.857
175.605
173.665
171.006
167.6
163.427
158.478
152.773
146.362
139.337
131.825
123.983
115.992
108.043
100.319
92.9827
86.1603
79.9291
74.3139
69.2901
64.7956
60.7464
57.0544
53.6414
50.4482
47.4382
44.5973
41.9306
39.459
37.216
35.2453
33.5967
32.3194
31.4481
30.9845
30.884
31.0584
31.3962
31.7894
32.1526
32.431
32.5982
32.6488
32.5896
32.4326
32.1902
31.8714
31.4867
31.0255
30.5655
29.6877
)
;

boundaryField
{
    outlet
    {
        type            zeroGradient;
    }
    inlet
    {
        type            fixedValue;
        value           uniform 3.54;
    }
    lowerWall
    {
        type            epsilonWallFunction;
        value           nonuniform List<scalar> 
148
(
23.348
22.8004
22.2986
21.7956
21.2906
20.7982
20.3323
19.9019
19.5116
19.1626
18.8541
18.584
18.3494
18.1475
17.9753
17.8298
17.7085
17.6087
17.5282
17.4649
17.417
17.3829
17.361
17.35
17.3488
17.3567
17.372
17.3932
17.4494
17.4069
17.5773
20.1051
13.9348
0.366249
0.81336
1.26751
1.66091
8.21874
1.9242
1.81782
1.78913
1.85173
1.93004
8.56355
9.38803
12.1177
1.24869
91.7131
0.366249
0.103995
0.472976
0.479243
0.466396
0.462469
0.528662
0.500315
0.511787
0.67494
1.1715
2.07638
3.39867
5.1274
7.23691
9.69328
12.4612
15.5076
18.8024
22.3188
26.0326
29.9222
33.9683
38.1539
42.4635
46.8824
51.3953
55.9857
60.6345
65.3194
70.0147
74.6917
79.3214
83.8789
88.3492
92.7172
96.8907
100.815
104.452
107.764
110.724
113.317
115.545
117.428
119.003
120.319
121.434
122.408
123.3
124.163
125.04
125.961
126.942
127.986
129.079
130.197
131.303
132.351
133.287
134.054
134.594
134.846
134.756
134.278
133.381
132.052
130.287
128.098
125.521
122.633
119.588
116.841
114.825
112.968
111.053
109.085
107.105
105.147
103.229
101.355
99.516
97.6923
95.8569
93.9798
92.0328
89.9931
87.8469
85.5917
83.2368
80.8019
78.3146
75.8077
73.3153
70.8704
68.5026
66.2365
64.0952
62.0795
60.3379
58.0334
)
;
    }
    upperWall
    {
        type            epsilonWallFunction;
        value           nonuniform List<scalar> 
133
(
30.2673
32.7691
35.3054
37.8487
40.3863
42.91
45.4131
47.8886
50.3298
52.7308
55.0863
57.3918
59.6433
61.8376
63.9719
66.0441
68.0527
69.9965
71.8749
73.6877
75.4349
77.1169
78.7343
80.2881
81.7793
83.2092
84.5792
85.8907
87.1454
88.3449
89.491
90.5851
91.6301
92.7878
94.0651
95.3102
96.5204
97.6934
98.8274
99.9201
100.97
101.974
102.932
103.841
104.7
105.507
106.26
106.958
107.599
108.181
108.704
109.167
109.567
109.903
110.175
110.381
110.52
110.591
110.593
110.525
110.386
110.176
109.893
109.536
109.106
108.602
108.023
107.369
106.639
105.836
104.958
104.007
102.984
101.891
100.729
99.5008
98.2094
96.8576
95.449
93.9871
92.476
90.9198
89.3229
87.6899
86.0255
84.3347
82.6227
80.8949
79.1573
77.4162
75.6782
73.9509
72.2423
70.5609
68.9161
67.3175
65.7754
64.2999
62.9011
61.5885
60.371
59.2558
58.2487
57.3531
56.5704
55.8988
55.3342
54.8696
54.4956
54.2006
53.9713
53.7935
53.6524
53.5338
53.424
53.3112
53.1848
53.0369
52.8612
52.654
52.4123
52.1357
51.8274
51.4882
51.1202
50.7263
50.3101
49.8759
49.4248
48.9688
48.4792
48.0768
47.3082
)
;
    }
    frontAndBack
    {
        type            empty;
    }
}


// ************************************************************************* //
