/*--------------------------------*- C++ -*----------------------------------*\
  =========                 |
  \\      /  F ield         | OpenFOAM: The Open Source CFD Toolbox
   \\    /   O peration     | Website:  https://openfoam.org
    \\  /    A nd           | Version:  10
     \\/     M anipulation  |
\*---------------------------------------------------------------------------*/
FoamFile
{
    format      ascii;
    class       volScalarField;
    location    "2000";
    object      omega;
}
// * * * * * * * * * * * * * * * * * * * * * * * * * * * * * * * * * * * * * //

dimensions      [0 0 -1 0 0 0 0];

internalField   nonuniform List<scalar> 
6820
(
6119.65
8495.53
9975.17
10745.8
11095.1
11205.2
11181.5
11085.3
10953.1
10806.8
10658.4
10514.8
10379.1
10252.8
10136.1
10028.7
9930.07
9839.5
9756.25
9679.62
9608.96
9543.67
9483.22
9427.14
9374.98
9326.37
9280.95
9238.43
9198.38
9161.23
9123.02
9101.27
9010.21
563.863
1593.66
2118.99
2485.29
2810.04
3047.21
3202.64
3297.98
3354.17
3382.65
3395.35
3394.49
3390.56
3382.3
3371.9
3361.05
3350.53
3340.71
3331.86
3324.04
3317.31
3311.6
3306.9
3303.08
3300.12
3297.91
3296.47
3295.62
3295.77
3296.52
3298.23
3301.27
3308.99
97.8512
383.671
612.514
783.211
925.913
1044.15
1139.72
1215.41
1275.18
1321.46
1357.37
1384.53
1405.16
1420.61
1432.05
1440.37
1446.35
1450.52
1453.37
1455.22
1456.38
1457.03
1457.37
1457.5
1457.54
1457.57
1457.64
1457.8
1458.14
1458.58
1459.49
1460.47
1462.53
35.0872
109.689
194.406
270.89
340.029
401.75
456.059
503.312
544.328
579.675
610.092
636.128
658.405
677.424
693.681
707.537
719.395
729.497
738.174
745.562
751.953
757.386
762.145
766.171
769.779
772.796
775.61
777.913
780.208
782.025
784.045
785.576
787.539
22.8645
46.9745
78.9735
111.645
143.697
174.308
202.955
229.405
253.675
275.804
295.908
314.101
330.538
345.356
358.716
370.737
381.575
391.321
400.123
408.038
415.209
421.659
427.53
432.809
437.648
441.996
446.02
449.632
453.018
456.058
458.959
461.572
464.126
19.4482
28.8211
42.7198
57.8276
73.3611
88.8415
103.932
118.422
132.214
145.247
157.503
168.976
179.69
189.667
198.948
207.564
215.565
222.981
229.864
236.24
242.162
247.646
252.747
257.473
261.88
265.965
269.785
273.332
276.662
279.761
282.687
285.42
288.021
18.2937
22.3026
29.0894
36.8342
45.0409
53.4276
61.8037
70.042
78.0648
85.8188
93.2711
100.401
107.199
113.664
119.8
125.611
131.111
136.309
141.22
145.855
150.231
154.358
158.255
161.93
165.402
168.677
171.775
174.7
177.471
180.091
182.579
184.938
187.185
17.8628
19.6407
23.1435
27.4253
32.1054
36.9869
41.946
46.901
51.7981
56.5996
61.2795
65.8192
70.2077
74.4371
78.5045
82.4079
86.1493
89.73
93.1546
96.4263
99.5513
102.533
105.38
108.095
110.685
113.156
115.514
117.764
119.913
121.964
123.926
125.8
127.595
17.6921
18.5022
20.2904
22.7591
25.5623
28.5575
31.6531
34.789
37.925
41.0328
44.0924
47.0892
50.0133
52.8576
55.6174
58.2898
60.8733
63.3674
65.7727
68.0899
70.3209
72.4674
74.5317
76.5161
78.4234
80.256
82.0169
83.7088
85.3347
86.8971
88.3991
89.8432
91.2321
17.6213
17.9912
18.8824
20.3079
22.0195
23.9107
25.9093
27.9667
30.05
32.1359
34.2079
36.254
38.2654
40.2358
42.1608
44.037
45.8624
47.6356
49.3561
51.0236
52.6384
54.2009
55.712
57.1727
58.5841
59.9473
61.2639
62.5352
63.7626
64.9476
66.0918
67.1963
68.2628
17.591
17.7573
18.1874
18.9891
20.029
21.2312
22.54
23.916
25.3312
26.7655
28.2045
29.6375
31.0565
32.4559
33.8312
35.1793
36.498
37.7854
39.0407
40.263
41.452
42.6077
43.7302
44.8197
45.8768
46.902
47.8958
48.8591
49.7925
50.6968
51.5728
52.4213
53.243
17.5777
17.6499
17.8528
18.2782
18.8974
19.6531
20.5077
21.4311
22.4002
23.3977
24.4109
25.43
26.4478
27.4588
28.4588
29.4446
30.4138
31.3647
32.296
33.2067
34.0961
34.9639
35.8098
36.6339
37.436
38.2165
38.9756
39.7135
40.4307
41.1274
41.8042
42.4615
43.0996
17.5717
17.6008
17.6934
17.9051
18.2597
18.7223
19.2706
19.8837
20.5439
21.2371
21.9523
22.6808
23.416
24.1527
24.8868
25.6153
26.3357
27.0462
27.7452
28.4318
29.105
29.7643
30.4092
31.0395
31.6551
32.2558
32.8416
33.4127
33.9692
34.5112
35.0389
35.5526
36.0524
17.5685
17.5785
17.6181
17.7167
17.9085
18.1807
18.5221
18.92
19.3623
19.8384
20.3392
20.8575
21.3874
21.9242
22.4641
23.0041
23.5418
24.0753
24.6031
25.124
25.6371
26.1416
26.6369
27.1227
27.5987
28.0645
28.5202
28.9656
29.4007
29.8255
30.24
30.6445
31.0388
17.5667
17.5684
17.5829
17.6262
17.7205
17.8733
18.0775
18.3273
18.6156
18.9354
19.2799
19.6435
20.0213
20.4092
20.8038
21.2024
21.6026
22.0027
22.4011
22.7965
23.1881
23.5749
23.9563
24.3318
24.7011
25.0637
25.4195
25.7683
26.11
26.4445
26.7717
27.0916
27.4042
17.5661
17.5629
17.5666
17.5833
17.6249
17.7047
17.8205
17.9706
18.1518
18.3599
18.5907
18.8401
19.1043
19.38
19.6645
19.9553
20.2503
20.5479
20.8466
21.1452
21.4427
21.7382
22.0312
22.321
22.6071
22.8892
23.167
23.4402
23.7087
23.9723
24.2309
24.4843
24.7326
17.5661
17.5601
17.5585
17.5631
17.5791
17.6155
17.6769
17.7623
17.8709
18.001
18.1502
18.3159
18.4957
18.6871
18.8878
19.096
19.31
19.5281
19.7492
19.9721
20.1959
20.4197
20.643
20.865
21.0854
21.3038
21.5197
21.7329
21.9431
22.1503
22.3541
22.5546
22.7515
17.5661
17.5591
17.5541
17.5533
17.5575
17.5711
17.5997
17.6448
17.7061
17.7833
17.8755
17.9813
18.0994
18.228
18.3657
18.511
18.6625
18.8191
18.9796
19.1431
19.3088
19.476
19.6439
19.8121
19.98
20.1473
20.3136
20.4787
20.6422
20.8039
20.9636
21.1213
21.2767
17.5662
17.5588
17.5523
17.5479
17.5469
17.5501
17.5603
17.5811
17.6128
17.6556
17.7093
17.7736
17.8477
17.9307
18.0218
18.1198
18.224
18.3333
18.4469
18.5641
18.6842
18.8066
18.9306
19.0559
19.1819
19.3083
19.4348
19.561
19.6867
19.8117
19.9358
20.0587
20.1804
17.5662
17.5587
17.5517
17.5456
17.5413
17.5397
17.5415
17.5482
17.5621
17.5834
17.6122
17.6487
17.6926
17.7435
17.801
17.8645
17.9334
18.0072
18.0851
18.1667
18.2515
18.3389
18.4285
18.5198
18.6126
18.7064
18.801
18.8961
18.9915
19.0869
19.1821
19.277
19.3714
17.5662
17.5587
17.5515
17.5447
17.5388
17.5344
17.5319
17.5324
17.5359
17.5442
17.5577
17.5764
17.6003
17.6295
17.6637
17.7028
17.7463
17.794
17.8455
17.9005
17.9585
18.0192
18.0822
18.1473
18.2142
18.2825
18.3521
18.4226
18.4938
18.5657
18.6379
18.7104
18.7829
17.5662
17.5587
17.5514
17.5444
17.5378
17.532
17.5272
17.5241
17.5231
17.5243
17.5283
17.5362
17.5475
17.5627
17.5815
17.604
17.63
17.6595
17.6921
17.7278
17.7663
17.8073
17.8507
17.8961
17.9434
17.9923
18.0428
18.0944
18.1472
18.2009
18.2553
18.3103
18.3659
17.5662
17.5587
17.5514
17.5442
17.5374
17.531
17.5251
17.5202
17.5164
17.5141
17.5138
17.5151
17.5189
17.5255
17.5347
17.5466
17.5613
17.5787
17.5987
17.6213
17.6464
17.6737
17.7032
17.7347
17.7681
17.8031
17.8398
17.8778
17.917
17.9574
17.9988
18.0411
18.084
17.5662
17.5587
17.5514
17.5442
17.5372
17.5306
17.5243
17.5185
17.5135
17.5094
17.5065
17.505
17.5052
17.5068
17.5105
17.5164
17.5245
17.5348
17.5473
17.5619
17.5787
17.5975
17.6184
17.6411
17.6656
17.6917
17.7195
17.7486
17.7791
17.8108
17.8436
17.8775
17.9121
17.5662
17.5587
17.5513
17.5442
17.5372
17.5304
17.524
17.518
17.5126
17.5078
17.5041
17.5014
17.5002
17.5004
17.5018
17.5051
17.5104
17.5177
17.5269
17.5381
17.5511
17.5661
17.583
17.6016
17.622
17.644
17.6675
17.6924
17.7187
17.7462
17.7749
17.8046
17.8352
17.5662
17.5587
17.5513
17.5442
17.5372
17.5305
17.5242
17.5183
17.5132
17.5088
17.5055
17.5034
17.5028
17.5035
17.5056
17.5097
17.5158
17.5238
17.5337
17.5456
17.5594
17.575
17.5925
17.6117
17.6326
17.6551
17.6791
17.7045
17.7311
17.759
17.788
17.8181
17.849
17.5662
17.5587
17.5513
17.5442
17.5374
17.5309
17.5251
17.52
17.5159
17.5131
17.5117
17.5122
17.5141
17.5183
17.5246
17.5331
17.5437
17.5566
17.5716
17.5888
17.608
17.6292
17.6522
17.677
17.7035
17.7316
17.7611
17.7919
17.824
17.8571
17.8913
17.9264
17.9624
17.5662
17.5587
17.5514
17.5444
17.5379
17.5322
17.5276
17.5243
17.523
17.5238
17.5267
17.5327
17.5416
17.5534
17.5681
17.5857
17.6061
17.6292
17.6549
17.6831
17.7135
17.7461
17.7806
17.817
17.855
17.8944
17.9353
17.9773
18.0204
18.0644
18.1093
18.1548
18.201
17.5662
17.5587
17.5516
17.5451
17.5396
17.5357
17.5342
17.5354
17.5395
17.5482
17.5612
17.5785
17.6003
17.6263
17.6565
17.6905
17.7282
17.7692
17.8134
17.8603
17.9097
17.9613
18.015
18.0703
18.1272
18.1853
18.2446
18.3048
18.3657
18.4273
18.4893
18.5516
18.6142
17.5662
17.5589
17.5522
17.5473
17.5446
17.5455
17.5504
17.5615
17.5798
17.605
17.6371
17.6761
17.7215
17.7729
17.8299
17.8918
17.9581
18.0284
18.102
18.1786
18.2577
18.3389
18.4217
18.506
18.5914
18.6776
18.7644
18.8516
18.939
19.0264
19.1138
19.2008
19.2875
17.5662
17.5594
17.5546
17.5542
17.558
17.5696
17.5932
17.6282
17.6749
17.7329
17.8016
17.8801
17.9674
18.0624
18.164
18.2714
18.3835
18.4996
18.6189
18.7408
18.8645
18.9897
19.1159
19.2426
19.3696
19.4965
19.6231
19.7491
19.8743
19.9987
20.122
20.2442
20.3651
17.5663
17.5617
17.563
17.5718
17.595
17.6401
17.7055
17.7911
17.8954
18.0165
18.1523
18.3006
18.4593
18.6266
18.8007
18.9802
19.1638
19.3502
19.5387
19.7283
19.9185
20.1085
20.2979
20.4864
20.6735
20.859
21.0426
21.2241
21.4034
21.5803
21.7548
21.9267
22.0961
17.5672
17.57
17.5859
17.6276
17.7109
17.8336
17.9919
18.1815
18.3976
18.6351
18.8897
19.1574
19.435
19.7198
20.0094
20.302
20.596
20.8902
21.1836
21.4753
21.7646
22.0511
22.3342
22.6137
22.8892
23.1606
23.4276
23.6903
23.9484
24.2019
24.4508
24.6951
24.9348
17.5716
17.5953
17.6662
17.8177
18.053
18.3543
18.7087
19.1036
19.5285
19.9745
20.4349
20.9044
21.3787
21.8548
22.3301
22.8027
23.2712
23.7345
24.1917
24.6422
25.0854
25.521
25.9488
26.3685
26.7801
27.1836
27.5788
27.9659
28.3448
28.7157
29.0786
29.4337
29.7811
17.5854
17.6974
17.9699
18.4419
19.0444
19.7381
20.4917
21.2821
22.0933
22.9141
23.7366
24.5557
25.3673
26.1688
26.9583
27.7344
28.4962
29.243
29.9745
30.6904
31.3907
32.0753
32.7443
33.3978
34.0361
34.6594
35.2678
35.8617
36.4414
37.0072
37.5593
38.0981
38.6238
17.6522
18.1438
19.1451
20.4574
21.9286
23.4776
25.0548
26.6331
28.1966
29.7371
31.25
32.7322
34.182
35.5983
36.9807
38.3291
39.6436
40.9246
42.1725
43.3878
44.5711
45.723
46.8442
47.9354
48.9973
50.0307
51.0362
52.0146
52.9666
53.893
54.7944
55.6717
56.5255
18.0423
20.3419
23.6954
27.3243
30.9671
34.5343
37.9952
41.351
44.6032
47.7618
50.8283
53.8045
56.6925
59.4942
62.2115
64.8462
67.4002
69.8754
72.2738
74.5972
76.8478
79.0276
81.1386
83.183
85.1627
87.0798
88.9365
90.7347
92.4763
94.1634
95.7979
97.3817
98.9165
21.0783
32.2377
43.8848
55.0827
65.2654
74.7229
83.6608
92.2515
100.529
108.499
116.169
123.546
130.634
137.44
143.973
150.24
156.249
162.01
167.532
172.822
177.893
182.751
187.407
191.869
196.147
200.248
204.182
207.956
211.577
215.054
218.393
221.602
224.685
63.2893
131.146
179.994
220.948
253.72
286.904
320.749
353.551
384.645
413.765
440.836
465.898
489.06
510.454
530.221
548.492
565.403
581.067
595.602
609.099
621.66
633.357
644.277
654.474
664.025
672.967
681.373
689.262
696.705
703.707
710.338
716.588
722.534
1672.14
1819.15
1960.96
2086.92
2197.23
2294.25
2379.79
2455.18
2521.53
2579.87
2631.09
2676.01
2715.34
2749.72
2779.71
2805.83
2828.53
2848.19
2865.19
2879.82
2892.37
2903.08
2912.17
2919.82
2926.22
2931.5
2935.79
2939.23
2941.9
2943.89
2945.3
2946.18
2946.62
8849.74
8484.55
7910.82
7366.97
6856.11
6382.17
5948.04
5554.22
5196.94
4870.68
4575.08
4307.33
4064.26
3843.53
3642.57
3459.23
3291.12
3136.79
2994.37
2862.9
2741.3
2628.72
2524.12
2426.72
2335.65
2250.08
2169.4
2093
2020.36
1950.97
1884.42
1820.34
1757.99
1697.33
1638.19
1580.34
1523.59
1467.76
1412.76
1358.38
1304.54
1251.21
1198.38
1146.1
1094.4
1043.35
993.027
943.547
895.046
847.669
801.57
756.906
713.83
672.491
633.021
595.534
560.12
526.845
495.745
466.831
440.084
415.462
392.901
372.318
353.614
336.684
321.409
307.673
295.352
284.332
274.492
265.727
257.925
250.995
244.829
239.358
234.48
230.136
226.253
222.763
219.612
216.751
214.135
211.714
209.458
207.332
205.31
203.363
201.476
199.621
197.8
195.968
194.164
192.301
190.511
188.53
186.808
184.547
183.12
180.092
3308.93
3340.43
3414.05
3490.29
3569.99
3649.62
3715.43
3767.87
3789.74
3780.98
3753.08
3694.77
3609.23
3504.59
3386.96
3262.13
3134.09
3007.05
2881.93
2762.02
2647.54
2538.75
2435.13
2336.89
2243.54
2154.64
2070.04
1989.33
1912.16
1838.16
1766.97
1698.37
1631.98
1567.56
1504.92
1443.86
1384.27
1325.98
1268.91
1212.98
1158.13
1104.31
1051.54
999.842
949.269
899.889
851.786
805.057
759.809
716.153
674.201
634.058
595.819
559.567
525.366
493.258
463.264
435.385
409.595
385.852
364.091
344.234
326.19
309.859
295.133
281.902
270.053
259.479
250.068
241.721
234.335
227.822
222.088
217.061
212.648
208.798
205.418
202.471
199.891
197.619
195.615
193.835
192.243
190.79
189.455
188.207
187.021
185.872
184.746
183.619
182.493
181.326
180.153
178.906
177.68
176.277
175.036
173.357
172.273
169.943
1464.56
1469.57
1481.32
1495.86
1510.8
1528.59
1551.45
1582.86
1624.18
1673.67
1730.55
1790.71
1850.75
1907.66
1957.61
1997.24
2024.61
2037.57
2034.56
2023.39
1998.85
1963.39
1919.23
1870.41
1816.99
1761.11
1704.34
1646.88
1589.22
1531.66
1474.59
1418.16
1362.51
1307.69
1253.75
1200.71
1148.58
1097.38
1047.13
997.858
949.6
902.399
856.31
811.397
767.733
725.399
684.48
645.06
607.223
571.049
536.607
503.956
473.142
444.194
417.125
391.929
368.585
347.054
327.283
309.205
292.745
277.818
264.334
252.201
241.324
231.611
222.968
215.311
208.55
202.612
197.414
192.892
188.973
185.605
182.71
180.261
178.169
176.426
174.965
173.74
172.725
171.883
171.181
170.572
170.048
169.576
169.135
168.703
168.266
167.804
167.315
166.764
166.18
165.512
164.818
163.966
163.185
162.067
161.32
159.667
789.406
792.04
795.814
799.626
802.437
804.778
807.089
810.433
815.253
822.613
832.768
846.73
864.292
886.344
911.867
941.288
972.206
1004.78
1034.99
1063.74
1087.92
1108.92
1122.21
1132.22
1132.12
1129.01
1120.93
1106.23
1086.69
1063.29
1037.07
1008.34
977.704
945.577
912.325
878.267
843.682
808.812
773.87
739.047
704.513
670.424
636.921
604.135
572.188
541.191
511.246
482.445
454.868
428.581
403.64
380.083
357.936
337.211
317.903
299.996
283.461
268.258
254.339
241.649
230.126
219.705
210.32
201.903
194.388
187.708
181.8
176.606
172.062
168.123
164.726
161.834
159.392
157.366
155.696
154.372
153.312
152.539
151.973
151.589
151.376
151.298
151.322
151.408
151.56
151.74
151.931
152.113
152.273
152.391
152.466
152.464
152.412
152.272
152.066
151.725
151.37
150.785
150.358
149.349
466.863
469.949
473.169
476.243
478.734
480.757
482.332
483.781
485.089
486.607
488.258
490.504
493.244
497.056
501.735
507.924
515.198
524.188
534.126
545.447
557.065
569.435
581.014
592.303
601.65
609.405
614.559
618.658
618.904
617.695
614.434
608.153
599.617
588.827
576.065
561.612
545.74
528.709
510.763
492.129
473.02
453.627
434.13
414.689
395.45
376.544
358.086
340.178
322.906
306.342
290.544
275.558
261.413
248.13
235.716
224.17
213.48
203.629
194.59
186.334
178.828
172.036
165.92
160.443
155.564
151.248
147.456
144.155
141.306
138.885
136.85
135.184
133.846
132.819
132.055
131.562
131.26
131.208
131.298
131.537
131.924
132.414
132.989
133.615
134.286
134.977
135.671
136.349
136.997
137.599
138.148
138.62
139.023
139.341
139.571
139.689
139.719
139.623
139.496
139.079
290.874
294.012
297.097
300.053
302.703
305.065
307.123
308.979
310.604
312.107
313.433
314.721
315.905
317.157
318.393
319.805
321.283
323.025
324.904
327.164
329.604
332.436
335.387
338.602
341.728
344.849
347.498
349.872
351.462
352.323
352.151
351.338
349.503
346.614
342.765
337.96
332.233
325.646
318.28
310.231
301.603
292.503
283.041
273.325
263.459
253.54
243.659
233.898
224.33
215.021
206.024
197.386
189.143
181.324
173.947
167.028
160.572
154.58
149.05
143.972
139.337
135.131
131.34
127.946
124.934
122.285
119.981
118.007
116.341
114.975
113.88
113.056
112.471
112.117
111.962
112.022
112.221
112.632
113.173
113.834
114.613
115.484
116.431
117.429
118.466
119.523
120.584
121.631
122.651
123.628
124.551
125.407
126.185
126.885
127.483
127.996
128.375
128.69
128.853
128.952
189.675
192.419
195.1
197.691
200.123
202.39
204.48
206.423
208.208
209.865
211.373
212.771
214.03
215.195
216.231
217.185
218.013
218.767
219.4
219.975
220.449
220.884
221.243
221.563
221.814
222.022
222.124
222.1
221.988
221.721
221.182
220.386
219.287
217.835
216.043
213.891
211.366
208.464
205.191
201.564
197.608
193.357
188.847
184.124
179.233
174.222
169.139
164.03
158.939
153.907
148.973
144.17
139.526
135.068
130.816
126.785
122.99
119.439
116.137
113.089
110.295
107.754
105.463
103.418
101.613
100.044
98.7018
97.5827
96.676
95.9825
95.4812
95.1851
95.0607
95.1121
95.302
95.692
96.2044
96.8683
97.6562
98.5521
99.5506
100.636
101.795
103.01
104.267
105.551
106.846
108.138
109.411
110.653
111.848
112.989
114.054
115.056
115.948
116.784
117.452
118.121
118.519
119.087
129.598
131.817
133.993
136.115
138.154
140.101
141.949
143.705
145.363
146.932
148.403
149.785
151.067
152.257
153.34
154.323
155.186
155.938
156.556
157.056
157.414
157.657
157.754
157.724
157.61
157.367
157.011
156.54
155.964
155.288
154.499
153.591
152.561
151.397
150.094
148.648
147.055
145.31
143.414
141.366
139.173
136.842
134.384
131.814
129.149
126.408
123.61
120.779
117.935
115.1
112.296
109.541
106.854
104.252
101.751
99.3617
97.0969
94.9654
92.9746
91.1305
89.4372
87.8982
86.5149
85.2885
84.2189
83.3057
82.5474
81.9437
81.4916
81.1949
81.0379
81.042
81.1488
81.4125
81.8078
82.3437
82.9941
83.7665
84.6509
85.6363
86.7165
87.8813
89.121
90.4223
91.773
93.1609
94.5716
95.9927
97.4087
98.8093
100.176
101.506
102.769
103.988
105.097
106.18
107.072
108.031
108.612
109.585
92.7901
94.5252
96.2362
97.9165
99.5536
101.141
102.673
104.15
105.57
106.933
108.236
109.478
110.654
111.765
112.801
113.762
114.636
115.422
116.106
116.69
117.159
117.523
117.764
117.898
117.885
117.805
117.613
117.297
116.882
116.369
115.764
115.067
114.284
113.415
112.463
111.429
110.316
109.126
107.859
106.52
105.111
103.636
102.101
100.511
98.8749
97.2006
95.4977
93.7764
92.0477
90.3225
88.6123
86.9281
85.2805
83.68
82.1359
80.6573
79.2518
77.9267
76.6882
75.5414
74.4908
73.5404
72.6927
71.9506
71.3156
70.7893
70.3728
70.0676
69.8755
69.7989
69.8258
69.9488
70.1984
70.5566
71.0205
71.5969
72.2755
73.0572
73.9388
74.914
75.9783
77.1251
78.3477
79.6368
80.9829
82.376
83.8042
85.2571
86.72
88.1847
89.6313
91.0608
92.4374
93.7906
95.0413
96.2958
97.3463
98.5257
99.2405
100.539
69.4636
70.8072
72.1385
73.4536
74.7465
76.0127
77.2488
78.4535
79.6245
80.7608
81.8599
82.9208
83.9399
84.9153
85.8422
86.7173
87.5339
88.2885
88.973
89.5852
90.1161
90.5667
90.9265
91.2032
91.3788
91.47
91.4551
91.3825
91.2138
90.9501
90.6113
90.1916
89.7002
89.1385
88.5105
87.8203
87.0715
86.2678
85.4128
84.5105
83.5645
82.5788
81.5578
80.5059
79.4283
78.3302
77.2174
76.0959
74.9721
73.8526
72.7441
71.6533
70.5868
69.5511
68.5525
67.5967
66.6893
65.8353
65.0393
64.3054
63.6374
63.0387
62.5114
62.0591
61.6832
61.3858
61.1693
61.0363
60.9911
61.0216
61.1275
61.3316
61.6234
62.0034
62.4703
63.0281
63.674
64.4082
65.2301
66.1369
67.1262
68.1942
69.3367
70.548
71.821
73.1485
74.5211
75.9307
77.3641
78.8156
80.265
81.7163
83.1308
84.5437
85.8651
87.2195
88.3652
89.6948
90.4978
92.0394
54.171
55.2132
56.2501
57.2794
58.2976
59.302
60.2903
61.2608
62.212
63.1425
64.0506
64.9348
65.7929
66.6228
67.4214
68.1859
68.9119
69.5962
70.2335
70.8211
71.353
71.828
72.2394
72.5892
72.8684
73.0837
73.2216
73.3008
73.2935
73.2441
73.1243
72.929
72.6796
72.3685
72.0025
71.5852
71.1187
70.6071
70.0543
69.4637
68.8388
68.1836
67.502
66.7979
66.0754
65.3386
64.5918
63.8395
63.0862
62.3364
61.5948
60.866
60.1545
59.4648
58.8013
58.168
57.5688
57.0076
56.4875
56.0118
55.5837
55.2056
54.8792
54.6083
54.3932
54.2369
54.1422
54.1129
54.1397
54.2252
54.3845
54.6118
54.9084
55.276
55.7147
56.2273
56.8139
57.4754
58.2123
59.0243
59.9105
60.8694
61.8989
62.9958
64.1556
65.3737
66.643
67.9581
69.3077
70.6885
72.0812
73.4926
74.8831
76.2917
77.6225
79.0121
80.1967
81.6083
82.4605
84.1593
43.8221
44.6361
45.4486
46.2583
47.0632
47.8613
48.6513
49.4316
50.2011
50.9586
51.7028
52.4324
53.1458
53.8414
54.517
55.1703
55.7987
56.3994
56.969
57.5049
58.0034
58.4626
58.878
59.2495
59.5718
59.8473
60.0683
60.243
60.3577
60.4316
60.4385
60.4115
60.3394
60.2058
60.0322
59.8157
59.5572
59.2615
58.9312
58.5685
58.1767
57.7594
57.3196
56.8608
56.3862
55.8993
55.4035
54.9025
54.3998
53.8989
53.4033
52.9165
52.442
51.9831
51.5431
51.1251
50.7318
50.3664
50.0311
49.7286
49.4616
49.2313
49.0395
48.89
48.7817
48.7188
48.705
48.7312
48.8044
48.9317
49.1105
49.3425
49.6292
49.9725
50.3732
50.8337
51.3552
51.939
52.5865
53.2984
54.0753
54.917
55.823
56.792
57.8216
58.9095
60.0507
61.2421
62.4747
63.7475
65.0429
66.3699
67.6896
69.0442
70.3351
71.7058
72.8814
74.3141
75.1835
76.9567
36.6195
37.2603
37.9019
38.5433
39.1832
39.8206
40.4543
41.0832
41.7064
42.3229
42.9319
43.5322
44.1226
44.7021
45.2689
45.8215
46.3579
46.8762
47.374
47.8494
48.2997
48.723
49.1167
49.4796
49.8086
50.1038
50.3612
50.5835
50.7645
50.9109
51.0141
51.082
51.1121
51.1022
51.0661
50.9888
50.8761
50.7356
50.5657
50.3677
50.1453
49.9014
49.6381
49.3578
49.0636
48.758
48.4439
48.1243
47.802
47.4799
47.1607
46.8473
46.5422
46.2484
45.9681
45.7039
45.4579
45.2327
45.0298
44.8518
44.7006
44.5762
44.4816
44.4198
44.3878
44.3936
44.427
44.5005
44.6109
44.7603
44.9497
45.1806
45.4544
45.7729
46.1372
46.5494
47.011
47.5236
48.0887
48.7079
49.3822
50.1126
50.8995
51.7429
52.6421
53.5962
54.6021
55.6589
56.7595
57.9049
59.0797
60.2949
61.5132
62.7786
63.9937
65.3036
66.4331
67.8359
68.6956
70.4717
31.4872
31.9951
32.5051
33.0165
33.5284
34.0401
34.5507
35.0595
35.5657
36.0687
36.5676
37.0618
37.5503
38.0321
38.5062
38.9715
39.4265
39.8697
40.2997
40.7149
41.1134
41.4937
41.854
42.193
42.5088
42.8008
43.0665
43.3066
43.5181
43.7028
43.858
43.9848
44.084
44.1529
44.1983
44.2119
44.2022
44.1722
44.1142
44.0324
43.9324
43.8149
43.6804
43.5312
43.3699
43.1984
43.0191
42.8345
42.6467
42.4579
42.2704
42.0865
41.9083
41.7383
41.5779
41.4293
41.2943
41.1751
41.0723
40.9893
40.9262
40.8822
40.8629
40.8688
40.8937
40.9488
41.0293
41.1378
41.2749
41.4419
41.6398
41.8699
42.1334
42.4318
42.7665
43.1389
43.5506
44.0034
44.4988
45.0384
45.6237
46.2562
46.9366
47.6662
48.4448
49.2731
50.1491
51.0735
52.041
53.0542
54.0999
55.1903
56.291
57.4464
58.5627
59.783
60.8398
62.1743
63.0011
64.7253
27.7604
28.1651
28.5725
28.9822
29.3936
29.8061
30.2192
30.6323
31.0448
31.4562
31.866
32.2734
32.6779
33.0787
33.4751
33.8663
34.2511
34.6287
34.9978
35.3573
35.7059
36.0426
36.3659
36.6748
36.968
37.2446
37.5032
37.7436
37.9642
38.1652
38.3455
38.5048
38.6438
38.7609
38.8587
38.9352
38.9918
39.0309
39.0522
39.0514
39.0407
39.0145
38.9729
38.9198
38.8569
38.7852
38.707
38.6243
38.5383
38.4509
38.3641
38.2795
38.1991
38.1247
38.0572
37.9985
37.9504
37.9143
37.8906
37.8834
37.8899
37.9099
37.9506
38.0102
38.0863
38.1832
38.3006
38.4392
38.5999
38.7835
38.9908
39.2229
39.4808
39.7657
40.0787
40.4212
40.7947
41.2004
41.6401
42.1153
42.6275
43.1782
43.7688
44.4006
45.0742
45.7909
46.5499
47.3527
48.1954
49.0819
50.0007
50.9652
51.9438
52.9806
53.9868
55.1009
56.0689
57.3093
58.0858
59.718
25.0162
25.3393
25.6656
25.9946
26.3261
26.6596
26.9947
27.3309
27.6678
28.005
28.3421
28.6786
29.0139
29.3477
29.6793
30.0081
30.3333
30.6543
30.9702
31.2802
31.5834
31.8789
32.1658
32.4432
32.7101
32.9659
33.2097
33.4408
33.6584
33.8622
34.0517
34.2263
34.3862
34.5308
34.6608
34.7757
34.876
34.9625
35.0361
35.0951
35.1433
35.1808
35.2076
35.2252
35.2352
35.2378
35.236
35.2309
35.2225
35.2131
35.2042
35.1971
35.1933
35.1946
35.2002
35.2132
35.2349
35.2659
35.3066
35.3593
35.4239
35.4997
35.5897
35.6947
35.8134
35.9475
36.0975
36.2638
36.4469
36.6475
36.8662
37.1038
37.3611
37.6391
37.9386
38.2607
38.6068
38.9779
39.3754
39.8009
40.2557
40.7413
41.2591
41.8105
42.3966
43.0189
43.6772
44.3737
45.1054
45.877
46.6787
47.5244
48.3852
49.3042
50.1988
51.2004
52.0724
53.2045
53.9196
55.4337
22.977
23.2348
23.496
23.7603
24.0275
24.2972
24.5692
24.843
25.1184
25.3951
25.6726
25.9508
26.2291
26.5073
26.7848
27.0613
27.3362
27.609
27.879
28.1458
28.4087
28.6669
28.9199
29.167
29.4075
29.6408
29.8664
30.0835
30.2918
30.4908
30.6802
30.8594
31.0286
31.1872
31.3356
31.4736
31.6014
31.7192
31.8278
31.9268
32.0174
32.1003
32.176
32.2451
32.3089
32.3679
32.4234
32.4767
32.5284
32.5797
32.6318
32.6857
32.7426
32.8037
32.8693
32.9407
33.019
33.1051
33.1992
33.3025
33.4156
33.5383
33.6716
33.8163
33.9723
34.1401
34.3201
34.5126
34.7179
34.9365
35.1687
35.4153
35.6768
35.9537
36.2469
36.5572
36.8856
37.233
37.6006
37.9897
38.4014
38.8373
39.2984
39.7864
40.3022
40.8475
41.4226
42.0297
42.6668
43.3388
44.0373
44.7762
45.5292
46.3381
47.1262
48.0173
48.7934
49.8127
50.4614
51.8438
21.4552
21.6602
21.8687
22.0805
22.2954
22.5132
22.7336
22.9565
23.1815
23.4084
23.637
23.867
24.0981
24.3301
24.5625
24.7952
25.0277
25.2596
25.4905
25.7201
25.9478
26.1731
26.3957
26.6149
26.8304
27.0417
27.2483
27.4499
27.6459
27.8362
28.0204
28.1982
28.3694
28.534
28.6918
28.843
28.9875
29.1255
29.2574
29.3833
29.5037
29.6191
29.73
29.837
29.9407
30.0418
30.1412
30.2396
30.3378
30.4366
30.5368
30.6394
30.7451
30.8549
30.9691
31.0887
31.2142
31.3465
31.4856
31.6324
31.7872
31.9502
32.1217
32.3023
32.4919
32.6908
32.8992
33.1171
33.3447
33.5823
33.8303
34.0889
34.3586
34.6397
34.9328
35.2386
35.5576
35.8908
36.239
36.6032
36.9845
37.3841
37.803
38.2428
38.7042
39.1891
39.6976
40.2324
40.7916
41.3804
41.9913
42.6381
43.2967
44.0071
44.6987
45.4869
46.1725
47.0821
47.664
48.9116
20.3208
20.4827
20.6482
20.8172
20.9894
21.1647
21.3429
21.5239
21.7075
21.8934
22.0816
22.2717
22.4637
22.6572
22.8521
23.0481
23.245
23.4425
23.6403
23.8381
24.0356
24.2324
24.4283
24.6228
24.8157
25.0066
25.1951
25.3811
25.5642
25.7442
25.9209
26.094
26.2635
26.4292
26.5911
26.7493
26.9037
27.0545
27.2019
27.3461
27.4875
27.6263
27.763
27.898
28.0318
28.165
28.2981
28.4317
28.5665
28.7031
28.842
28.984
29.1296
29.2795
29.4342
29.594
29.7595
29.9312
30.1091
30.2937
30.4853
30.684
30.8899
31.1033
31.324
31.5522
31.7879
32.0307
32.281
32.5388
32.8045
33.0779
33.3594
33.6491
33.9474
34.2547
34.5715
34.8984
35.236
35.5853
35.9469
36.3219
36.7112
37.1161
37.5374
37.9766
38.434
38.9121
39.4094
39.9311
40.4702
41.0404
41.6192
42.2449
42.8524
43.549
44.1529
44.9611
45.4797
46.5975
19.4808
19.6077
19.7382
19.8722
20.0095
20.1501
20.2938
20.4405
20.59
20.7423
20.8971
21.0545
21.2141
21.3759
21.5397
21.7053
21.8726
22.0413
22.2114
22.3825
22.5544
22.727
22.9
23.0731
23.2462
23.4191
23.5914
23.763
23.9338
24.1036
24.2721
24.4394
24.6053
24.7698
24.9328
25.0944
25.2547
25.4138
25.5717
25.7288
25.8853
26.0413
26.1974
26.3538
26.5109
26.6691
26.8288
26.9906
27.1548
27.322
27.4928
27.6674
27.8464
28.0302
28.2191
28.4135
28.6136
28.8197
29.0316
29.2499
29.4746
29.7058
29.9434
30.1874
30.4376
30.6939
30.9563
31.2239
31.4974
31.7768
32.062
32.3528
32.6492
32.9514
33.2594
33.5735
33.894
34.2214
34.556
34.8986
35.2497
35.6101
35.9805
36.3621
36.7554
37.1619
37.5818
38.0175
38.4675
38.937
39.4193
39.928
40.4417
40.9973
41.5339
42.1521
42.6852
43.4037
43.8649
44.8638
18.8675
18.9664
19.0687
19.1745
19.2837
19.3961
19.5119
19.6307
19.7526
19.8775
20.0053
20.1359
20.2692
20.4051
20.5435
20.6843
20.8274
20.9726
21.1198
21.2689
21.4198
21.5723
21.7263
21.8816
22.0381
22.1956
22.354
22.5133
22.6733
22.8338
22.9949
23.1565
23.3186
23.481
23.644
23.8075
23.9716
24.1364
24.3021
24.4688
24.6369
24.8064
24.9777
25.1511
25.327
25.5056
25.6871
25.8721
26.0609
26.254
26.4517
26.6543
26.862
27.0753
27.2943
27.5192
27.7501
27.987
28.2296
28.4788
28.7342
28.9959
29.2634
29.5367
29.8154
30.0994
30.3883
30.6824
30.9816
31.2855
31.5933
31.9049
32.2202
32.5391
32.8616
33.1878
33.5178
33.8518
34.1902
34.5334
34.8818
35.2361
35.5967
35.9646
36.3402
36.7249
37.1187
37.5239
37.9389
38.3691
38.8075
39.268
39.7297
40.2285
40.7067
41.2592
41.7321
42.3734
42.7841
43.6782
18.4311
18.5079
18.5882
18.6719
18.7589
18.8493
18.9429
19.0398
19.1399
19.2432
19.3496
19.459
19.5714
19.6868
19.8051
19.9262
20.05
20.1766
20.3057
20.4374
20.5716
20.7081
20.847
20.9881
21.1313
21.2767
21.4241
21.5734
21.7248
21.878
22.0332
22.1902
22.3492
22.5102
22.6732
22.8383
23.0056
23.1753
23.3475
23.5225
23.7003
23.8813
24.0657
24.2537
24.4457
24.6418
24.8421
25.0474
25.2579
25.4738
25.6954
25.923
26.1567
26.3966
26.643
26.8958
27.1552
27.4213
27.6945
27.9747
28.2613
28.5538
28.852
29.1556
29.4641
29.7774
30.0948
30.4165
30.7411
31.068
31.3975
31.7296
32.064
32.4006
32.7393
33.08
33.4227
33.7674
34.1144
34.4638
34.8159
35.1712
35.53
35.8931
36.2607
36.6341
37.0129
37.3997
37.7924
38.1965
38.605
39.0317
39.4559
39.9131
40.3475
40.8502
41.2765
41.8558
42.2242
43.0294
18.1349
18.1955
18.2594
18.3265
18.3971
18.4709
18.548
18.6285
18.7123
18.7993
18.8897
18.9833
19.0801
19.1801
19.2833
19.3897
19.4992
19.6119
19.7276
19.8464
19.9681
20.0929
20.2207
20.3514
20.4851
20.6217
20.7613
20.9037
21.0492
21.1976
21.349
21.5035
21.6611
21.8219
21.9861
22.1538
22.325
22.4999
22.6788
22.8618
23.0492
23.2411
23.4378
23.6395
23.8466
24.0594
24.2781
24.5035
24.7354
24.9739
25.2193
25.4717
25.7312
25.998
26.272
26.5532
26.8416
27.1372
27.4398
27.7476
28.0615
28.3812
28.7066
29.0372
29.3727
29.7126
30.0565
30.4039
30.7546
31.1079
31.4632
31.8202
32.1785
32.5377
32.8977
33.2582
33.6191
33.9803
34.3417
34.7036
35.0659
35.4291
35.7933
36.1591
36.5264
36.8967
37.2692
37.6466
38.0263
38.4143
38.8028
39.2064
39.6036
40.0304
40.4315
40.896
41.2852
41.8172
42.1531
42.89
17.9535
18.0033
18.0563
18.1125
18.172
18.2348
18.3009
18.3704
18.4433
18.5195
18.5991
18.6821
18.7686
18.8585
18.9517
19.0485
19.1486
19.2522
19.3593
19.4698
19.5838
19.7013
19.8224
19.947
20.0751
20.2069
20.3424
20.4816
20.6246
20.7715
20.9223
21.0773
21.2364
21.3998
21.5677
21.7402
21.9175
22.0999
22.2874
22.4804
22.679
22.8835
23.0941
23.3111
23.5348
23.7653
24.0032
24.2477
24.4994
24.7586
25.0254
25.3002
25.5828
25.8735
26.1721
26.4787
26.793
27.115
27.4446
27.7815
28.1252
28.4752
28.8311
29.1924
29.5586
29.9292
30.3036
30.6813
31.0617
31.4443
31.8284
32.2135
32.5992
32.9848
33.3701
33.7548
34.1384
34.521
34.9021
35.282
35.6604
36.0377
36.4137
36.7891
37.1635
37.5384
37.9126
38.2892
38.6648
39.0461
39.4242
39.8149
40.1952
40.6029
40.9812
41.4196
41.7818
42.2787
42.5892
43.273
17.872
17.9164
17.964
18.0149
18.0689
18.1263
18.187
18.2511
18.3186
18.3895
18.464
18.542
18.6235
18.7086
18.7974
18.8897
18.9858
19.0856
19.1891
19.2965
19.4077
19.5228
19.6418
19.7649
19.8921
20.0234
20.1591
20.2991
20.4435
20.5926
20.7464
20.905
21.0686
21.2375
21.4117
21.5914
21.7769
21.9684
22.166
22.3701
22.5809
22.7986
23.0235
23.2558
23.4958
23.7437
23.9998
24.2645
24.5376
24.8195
25.1102
25.4099
25.7184
26.036
26.3624
26.6977
27.0415
27.3938
27.7542
28.1224
28.498
28.8805
29.2694
29.664
30.0637
30.468
30.8761
31.2874
31.7012
32.1168
32.5336
32.951
33.3681
33.7847
34.1999
34.6135
35.025
35.4341
35.8404
36.2439
36.6442
37.0416
37.4358
37.8274
38.2157
38.6024
38.9858
39.3693
39.7487
40.1319
40.5082
40.8953
41.2679
41.6666
42.0313
42.4549
42.7993
43.2738
43.5666
44.214
17.8861
17.9309
17.9788
18.03
18.0844
18.1421
18.2031
18.2676
18.3356
18.407
18.482
18.5607
18.6429
18.7289
18.8186
18.9121
19.0095
19.1108
19.2161
19.3254
19.4389
19.5565
19.6785
19.8049
19.9358
20.0713
20.2116
20.3567
20.5069
20.6624
20.8232
20.9895
21.1616
21.3397
21.524
21.7147
21.912
22.1163
22.3277
22.5465
22.7731
23.0076
23.2504
23.5017
23.7618
24.0309
24.3094
24.5973
24.8949
25.2024
25.5199
25.8473
26.1847
26.5322
26.8895
27.2566
27.6332
28.0191
28.4139
28.8172
29.2286
29.6474
30.0732
30.5052
30.9427
31.3851
31.8314
32.281
32.7331
33.1868
33.6415
34.0962
34.5503
35.0031
35.4539
35.9022
36.3472
36.7888
37.2262
37.6594
38.0878
38.5119
38.9306
39.3451
39.754
40.1596
40.5591
40.9571
41.3477
41.7408
42.1229
42.5153
42.8882
43.2873
43.6468
44.066
44.4006
44.8647
45.1469
45.7743
18.0051
18.0564
18.1108
18.1685
18.2295
18.2939
18.3616
18.4328
18.5075
18.5858
18.6676
18.7532
18.8425
18.9355
19.0324
19.1333
19.2381
19.347
19.4601
19.5774
19.699
19.8251
19.9559
20.0913
20.2316
20.3769
20.5274
20.6832
20.8446
21.0118
21.1849
21.3642
21.5499
21.7423
21.9416
22.1482
22.3622
22.5841
22.814
23.0523
23.2993
23.5553
23.8206
24.0955
24.3803
24.6752
24.9806
25.2965
25.6233
25.9611
26.31
26.67
27.0412
27.4234
27.8167
28.2207
28.6353
29.0601
29.4948
29.9388
30.3917
30.8528
31.3214
31.7969
32.2784
32.7651
33.2561
33.7506
34.2476
34.7461
35.2454
35.7445
36.2424
36.7385
37.2318
37.7217
38.2073
38.6883
39.1639
39.6339
40.0974
40.5551
41.0054
41.45
41.8865
42.3182
42.7408
43.1608
43.5697
43.9805
44.3758
44.7817
45.1621
45.5708
45.9325
46.3572
46.6894
47.1544
47.4329
48.0558
18.2554
18.3199
18.3878
18.459
18.5335
18.6115
18.693
18.7779
18.8665
18.9586
19.0544
19.1539
19.2573
19.3645
19.4756
19.5908
19.71
19.8335
19.9612
20.0934
20.2301
20.3715
20.5178
20.669
20.8255
20.9873
21.1547
21.3278
21.507
21.6924
21.8844
22.0831
22.289
22.5022
22.723
22.9519
23.1891
23.4349
23.6898
23.954
24.2279
24.5118
24.8061
25.1111
25.4272
25.7545
26.0935
26.4442
26.8071
27.1821
27.5694
27.9692
28.3813
28.8057
29.2424
29.691
30.1513
30.623
31.1055
31.5984
32.1011
32.6129
33.1331
33.6607
34.195
34.735
35.2796
35.828
36.3789
36.9315
37.4845
38.037
38.5879
39.1363
39.6811
40.2217
40.7567
41.286
41.8082
42.3237
42.8306
43.3303
43.8202
44.303
44.7747
45.2406
45.6937
46.1437
46.5781
47.0147
47.43
47.858
48.2528
48.6801
49.0506
49.4909
49.8274
50.3044
50.5857
51.2198
18.6874
18.7732
18.8625
18.9553
19.0515
19.1512
19.2546
19.3615
19.472
19.5862
19.7042
19.8259
19.9515
20.0811
20.2147
20.3524
20.4943
20.6405
20.7912
20.9465
21.1065
21.2715
21.4415
21.6169
21.7977
21.9843
22.1768
22.3756
22.5808
22.7929
23.012
23.2386
23.4729
23.7153
23.9662
24.2259
24.4948
24.7732
25.0617
25.3606
25.6702
25.991
26.3234
26.6677
27.0242
27.3934
27.7755
28.1707
28.5794
29.0016
29.4376
29.8874
30.3509
30.8282
31.3191
31.8234
32.3406
32.8705
33.4126
33.9662
34.5306
35.1052
35.689
36.2812
36.8806
37.4864
38.0972
38.7121
39.3296
39.9487
40.568
41.1864
41.8025
42.4155
43.0237
43.6267
44.2226
44.8117
45.3915
45.9632
46.5238
47.0758
47.6148
48.1457
48.6616
49.1711
49.663
50.1521
50.6195
51.0911
51.5334
51.9927
52.4085
52.8643
53.2499
53.7164
54.0634
54.5642
54.855
55.5171
19.3881
19.5051
19.6257
19.7499
19.8777
20.0092
20.1443
20.2831
20.4257
20.572
20.7222
20.8762
21.0342
21.1963
21.3625
21.5329
21.7077
21.887
22.071
22.2597
22.4535
22.6524
22.8567
23.0666
23.2824
23.5044
23.7328
23.9679
24.2101
24.4597
24.7171
24.9826
25.2566
25.5396
25.8319
26.134
26.4463
26.7693
27.1034
27.4491
27.8068
28.1771
28.5602
28.9566
29.3669
29.7912
30.23
30.6836
31.1522
31.636
32.1353
32.65
33.1802
33.7258
34.2866
34.8624
35.4529
36.0575
36.6758
37.307
37.9503
38.605
39.27
39.9444
40.6267
41.3161
42.0109
42.71
43.4118
44.1151
44.818
45.5197
46.218
46.9123
47.6002
48.2818
48.9539
49.6179
50.2697
50.9121
51.5396
52.1574
52.7577
53.3492
53.9201
54.485
55.0252
55.5648
56.0737
56.5914
57.0683
57.5701
58.0137
58.5096
58.9169
59.422
59.7864
60.3246
60.6326
61.3429
20.5045
20.6655
20.8303
20.9989
21.1712
21.3474
21.5273
21.7111
21.8987
22.0903
22.2859
22.4854
22.6891
22.897
23.1093
23.3259
23.5472
23.7732
24.0041
24.2401
24.4814
24.7283
24.981
25.2398
25.5049
25.7768
26.0557
26.3419
26.636
26.9382
27.2491
27.5689
27.8983
28.2377
28.5875
28.9483
29.3206
29.705
30.1018
30.5117
30.9352
31.3728
31.8251
32.2924
32.7753
33.2742
33.7896
34.3217
34.8708
35.4372
36.0212
36.6226
37.2417
37.8782
38.5321
39.203
39.8904
40.594
41.3129
42.0466
42.794
43.5542
44.3259
45.1081
45.8991
46.6979
47.5024
48.3116
49.123
49.9359
50.7474
51.557
52.3614
53.1609
53.9512
54.734
55.5038
56.264
57.0075
57.7404
58.4527
59.1547
59.8321
60.5013
61.1412
61.7775
62.3782
62.9836
63.5444
64.1231
64.6436
65.2032
65.6827
66.2345
66.6714
67.2322
67.6227
68.2172
68.5531
69.3399
22.2905
22.5137
22.7408
22.972
23.2072
23.4463
23.6895
23.9367
24.1879
24.4433
24.7029
24.9668
25.2351
25.5078
25.7851
26.0672
26.3543
26.6464
26.9439
27.2469
27.5558
27.8708
28.1921
28.5202
28.8553
29.198
29.5485
29.9073
30.2748
30.6516
31.0382
31.435
31.8426
32.2616
32.6926
33.1361
33.5928
34.0633
34.5482
35.0481
35.5636
36.0954
36.6441
37.2102
37.7943
38.3969
39.0184
39.6593
40.3199
41.0005
41.7012
42.4224
43.1638
43.9254
44.707
45.5082
46.3286
47.1675
48.0242
48.8977
49.7869
50.6907
51.6075
52.5361
53.4744
54.4213
55.374
56.3316
57.2906
58.2507
59.2075
60.1617
61.1075
62.0471
62.9733
63.8904
64.7888
65.6764
66.5398
67.3922
68.2146
69.0278
69.8048
70.5769
71.3052
72.0368
72.7149
73.4089
74.0363
74.6991
75.2762
75.9172
76.4449
77.078
77.5571
78.2014
78.6323
79.3142
79.696
80.6073
25.209
25.5225
25.8402
26.1621
26.4883
26.8188
27.1536
27.4928
27.8363
28.1843
28.5368
28.894
29.256
29.6228
29.9947
30.3719
30.7545
31.1428
31.5371
31.9375
32.3446
32.7585
33.1797
33.6086
34.0456
34.4911
34.9458
35.41
35.8844
36.3695
36.866
37.3744
37.8956
38.4301
38.9786
39.5419
40.1207
40.7158
41.3279
41.9577
42.6061
43.2737
43.9613
44.6695
45.3991
46.1506
46.9245
47.7214
48.5418
49.3858
50.2538
51.1459
52.0621
53.0023
53.966
54.9531
55.9626
56.9941
58.0463
59.1183
60.2085
61.3157
62.4376
63.5732
64.7191
65.8747
67.0355
68.2016
69.3671
70.5334
71.6927
72.8485
73.9903
75.1248
76.2382
77.3416
78.4162
79.48
80.507
81.5246
82.4967
83.464
84.3759
85.2917
86.1401
87.0064
87.7901
88.6124
89.3322
90.1197
90.7778
91.5438
92.1439
92.9061
93.4531
94.2345
94.7351
95.5657
96.0284
97.1571
30.1775
30.6289
31.085
31.5457
32.011
32.481
32.9556
33.4351
33.9193
34.4084
34.9026
35.4019
35.9065
36.4166
36.9323
37.454
37.9819
38.5163
39.0574
39.6058
40.1618
40.7257
41.2982
41.8797
42.4708
43.072
43.684
44.3075
44.9432
45.5918
46.2541
46.9309
47.6231
48.3314
49.0569
49.8004
50.5629
51.3452
52.1484
52.9733
53.821
54.6923
55.5882
56.5095
57.457
58.4315
59.4337
60.4642
61.5236
62.6122
63.7303
64.8781
66.0555
67.2625
68.4983
69.7629
71.0548
72.3737
73.7175
75.0857
76.4751
77.8855
79.3124
80.7558
82.2099
83.6755
85.1446
86.6198
88.0905
89.5617
91.0194
92.4728
93.9027
95.3246
96.7125
98.0906
99.4236
100.748
102.015
103.278
104.471
105.669
106.782
107.917
108.948
110.025
110.974
112.003
112.873
113.868
114.666
115.646
116.379
117.37
118.048
119.079
119.717
120.824
121.441
122.974
39.2223
39.9019
40.5864
41.2759
41.9703
42.6697
43.374
44.0835
44.7981
45.5179
46.2432
46.974
47.7106
48.4532
49.2021
49.9577
50.7201
51.49
52.2677
53.0537
53.8485
54.6529
55.4673
56.2926
57.1294
57.9786
58.841
59.7177
60.6094
61.5172
62.4423
63.3856
64.3483
65.3317
66.3368
67.365
68.4175
69.4956
70.6005
71.7336
72.8961
74.0892
75.3142
76.5722
77.8644
79.1919
80.5554
81.956
83.3942
84.8707
86.3858
87.9398
89.5324
91.1639
92.833
94.5397
96.2818
98.0594
99.8687
101.71
103.578
105.473
107.387
109.324
111.271
113.233
115.195
117.166
119.126
121.086
123.023
124.954
126.848
128.733
130.565
132.389
134.144
135.894
137.559
139.23
140.796
142.386
143.85
145.365
146.726
148.176
149.44
150.842
152.014
153.392
154.482
155.864
156.882
158.301
159.26
160.756
161.672
163.292
164.187
166.433
57.4948
58.5917
59.6929
60.7982
61.9076
63.0211
64.1387
65.2605
66.3865
67.5169
68.6519
69.7917
70.9366
72.087
73.2432
74.4058
75.5753
76.7523
77.9375
79.1318
80.3358
81.5507
82.7773
84.0168
85.2703
86.5392
87.8247
89.1283
90.4514
91.7957
93.1627
94.5542
95.9719
97.4176
98.8932
100.401
101.942
103.519
105.133
106.787
108.483
110.223
112.008
113.84
115.721
117.653
119.637
121.674
123.766
125.914
128.117
130.377
132.694
135.067
137.495
139.977
142.512
145.097
147.729
150.406
153.122
155.877
158.659
161.471
164.298
167.145
169.991
172.847
175.686
178.524
181.326
184.12
186.86
189.585
192.238
194.875
197.422
199.958
202.385
204.814
207.112
209.434
211.603
213.826
215.866
218.004
219.92
221.991
223.787
225.816
227.496
229.511
231.074
233.11
234.554
236.653
237.972
240.193
241.38
244.318
100.652
102.605
104.555
106.501
108.444
110.384
112.32
114.253
116.182
118.109
120.033
121.955
123.876
125.797
127.718
129.64
131.565
133.494
135.429
137.371
139.321
141.282
143.256
145.245
147.251
149.278
151.327
153.401
155.503
157.637
159.805
162.01
164.257
166.548
168.887
171.277
173.723
176.228
178.795
181.428
184.131
186.906
189.759
192.691
195.707
198.808
201.998
205.278
208.651
212.117
215.679
219.336
223.088
226.934
230.872
234.9
239.014
243.21
247.482
251.826
256.232
260.694
265.201
269.748
274.317
278.906
283.494
288.081
292.64
297.177
301.659
306.099
310.46
314.76
318.958
323.078
327.077
330.985
334.753
338.421
341.934
345.341
348.578
351.703
354.65
357.476
360.112
362.628
364.95
367.155
369.138
371.034
372.667
374.272
375.549
376.902
377.816
378.992
379.511
380.741
228.144
231.997
235.806
239.57
243.29
246.968
250.605
254.202
257.761
261.284
264.775
268.235
271.667
275.075
278.462
281.833
285.191
288.541
291.888
295.237
298.592
301.96
305.347
308.758
312.199
315.679
319.202
322.776
326.408
330.105
333.875
337.724
341.661
345.691
349.824
354.065
358.423
362.902
367.513
372.259
377.148
382.184
387.375
392.721
398.231
403.904
409.747
415.755
421.934
428.278
434.791
441.462
448.293
455.267
462.387
469.63
476.996
484.455
492.006
499.613
507.274
514.943
522.618
530.248
537.829
545.303
552.668
559.86
566.878
573.657
580.185
586.426
592.353
597.922
603.122
607.907
612.277
616.184
619.644
622.605
625.1
627.074
628.579
629.556
630.075
629.976
629.593
628.65
627.548
625.519
623.724
620.849
618.52
614.881
612.21
607.893
605.103
600.203
597.413
591.096
729.079
736.253
743.232
750.029
756.656
763.129
769.459
775.661
781.75
787.74
793.645
799.481
805.263
811.007
816.727
822.439
828.16
833.905
839.689
845.529
851.441
857.439
863.539
869.756
876.105
882.598
889.25
896.074
903.081
910.282
917.689
925.307
933.148
941.215
949.515
958.05
966.823
975.832
985.077
994.551
1004.25
1014.17
1024.29
1034.59
1045.08
1055.71
1066.48
1077.35
1088.29
1099.27
1110.26
1121.2
1132.07
1142.8
1153.36
1163.66
1173.67
1183.31
1192.54
1201.24
1209.41
1216.91
1223.74
1229.74
1234.95
1239.19
1242.53
1244.75
1246.01
1245.79
1244.87
1242.81
1239.41
1234.82
1229.11
1222.25
1214.34
1205.37
1195.5
1184.68
1173.16
1160.83
1148.05
1134.61
1121
1106.84
1092.84
1078.35
1064.42
1049.93
1036.49
1022.26
1009.71
995.893
984.64
971.249
961.78
948.612
941.301
926.559
2946.59
2945.98
2944.78
2943.03
2940.74
2937.95
2934.68
2930.97
2926.84
2922.3
2917.38
2912.11
2906.49
2900.55
2894.3
2887.75
2880.91
2873.79
2866.4
2858.75
2850.83
2842.65
2834.22
2825.52
2816.55
2807.32
2797.81
2788.02
2777.94
2767.56
2756.86
2745.84
2734.48
2722.78
2710.7
2698.25
2685.4
2672.15
2658.47
2644.36
2629.8
2614.78
2599.29
2583.33
2566.88
2549.94
2532.52
2514.61
2496.22
2477.36
2458.05
2438.29
2418.13
2397.57
2376.67
2355.46
2333.98
2312.28
2290.44
2268.5
2246.54
2224.64
2202.87
2181.31
2160.05
2139.18
2118.79
2098.95
2079.75
2061.26
2043.57
2026.72
2010.77
1995.76
1981.73
1968.68
1956.62
1945.54
1935.43
1926.23
1917.91
1910.41
1903.66
1897.61
1892.17
1887.26
1882.82
1878.76
1875.01
1871.51
1868.17
1864.94
1861.75
1858.57
1855.31
1851.93
1848.45
1844.48
1841.28
1834.19
1180.71
275.013
275.013
275.013
275.013
275.013
275.013
275.013
275.013
275.013
275.013
275.013
322.35
387.376
518.463
617.8
701.994
775.704
841.48
900.761
954.421
1003.06
1047.19
1087.3
1123.9
1157.49
1188.56
1217.55
1244.84
1270.76
1295.55
1319.41
1342.49
1364.92
1386.78
1408.21
1429.33
1450.33
1471.35
1491.95
1512.29
1532.37
1552.18
1571.69
1590.84
1609.61
1627.94
1645.79
1663.08
1679.78
1695.82
1711.13
1725.66
1739.33
1752.09
1763.87
1774.6
1784.23
1792.69
1799.95
1805.97
1810.7
1814.13
1816.25
1817.03
1816.48
1814.58
1811.32
1806.68
1800.51
1793.92
1787.3
1779.36
1770.08
1759.73
1748.52
1736.62
1724.12
1711.14
1697.76
1684.06
1670.12
1656.03
1641.86
1627.67
1613.52
1599.46
1585.55
1571.82
1558.32
1545.07
1532.14
1519.53
1507.35
1495.53
1484.33
1473.63
1463.94
1455.48
1448.61
1180.71
629.024
367.253
265.117
217.374
190.825
193.638
222.621
291.517
349.983
420.811
460.274
495.98
541.563
580.468
610.492
627.244
632.768
633.984
634.338
633.916
633.693
633.672
634.561
636.101
638.405
641.316
644.744
648.545
652.602
656.811
661.098
665.421
669.781
674.228
678.877
683.927
689.743
696.839
703.427
710.021
716.463
722.787
728.968
734.995
740.851
746.522
751.987
757.229
762.226
766.957
771.405
775.561
779.375
782.822
785.878
788.519
790.723
792.471
793.752
794.491
794.751
794.564
793.815
792.541
790.745
788.432
785.612
782.316
778.634
774.664
770.387
765.732
760.7
755.329
749.666
743.736
737.661
731.433
725.077
718.615
712.061
705.433
698.752
692.041
685.32
678.608
671.916
665.269
658.657
652.136
645.62
639.294
632.816
626.816
620.169
614.767
607.381
602.784
591.224
1180.71
419.256
238.832
185.346
175.391
200.302
235.726
310.918
388.809
430.788
453.801
471.086
492.126
510.375
514.4
504.817
492.464
489.835
488.681
488.361
489.147
491.119
493.878
497.349
501.317
505.678
510.322
515.175
520.183
525.311
530.538
535.861
541.294
546.865
552.611
558.579
564.827
571.383
578.102
584.744
591.371
597.941
604.44
610.845
617.134
623.282
629.265
635.053
640.617
645.924
650.936
655.609
659.871
663.737
667.182
670.17
672.672
674.656
676.102
676.962
677.241
676.868
675.77
673.984
671.549
668.48
664.793
660.51
655.665
650.297
644.449
638.192
631.593
624.687
617.507
610.087
602.463
594.794
587.035
579.259
571.466
563.656
555.856
548.094
540.393
532.77
525.243
517.821
510.522
503.334
496.305
489.35
482.619
475.819
469.5
462.657
456.994
449.539
444.889
434.171
1180.71
333.292
224.084
207.454
221.035
265.901
323.043
372.227
403.699
425.108
439.669
447.041
449.221
438.817
433.555
427.665
424.869
424.285
425.177
427.656
431.473
436.428
442.231
448.661
455.501
462.605
469.868
477.221
484.63
492.089
499.586
507.126
514.732
522.43
530.251
538.223
546.322
554.486
562.649
570.754
578.8
586.764
594.625
602.356
609.93
617.312
624.471
631.369
637.969
644.227
650.099
655.543
660.521
664.98
668.868
672.131
674.733
676.623
677.775
678.156
677.782
676.595
674.53
671.659
667.986
663.537
658.342
652.433
645.857
638.667
630.901
622.641
613.997
605.025
595.78
586.296
576.639
566.585
556.476
546.467
536.512
526.626
516.858
507.242
497.8
488.549
479.505
470.672
462.066
453.672
445.526
437.561
429.917
422.32
415.236
407.766
401.465
393.521
388.585
377.875
1180.71
342.809
263.314
256.525
279.726
314.375
346.527
372.29
392.23
400.182
402.098
400.848
398.567
393.308
390.649
388.861
388.534
390.224
393.777
399.07
405.864
413.882
422.834
432.469
442.481
452.702
463.014
473.334
483.61
493.799
503.958
514.136
524.346
534.604
544.904
555.204
565.501
575.765
585.96
596.061
606.051
615.91
625.61
635.121
644.403
653.413
662.102
670.425
678.328
685.75
692.631
698.916
704.532
709.422
713.53
716.762
719.107
720.468
720.845
720.269
718.635
715.835
711.985
707.091
701.182
694.321
686.56
677.953
668.579
658.527
647.833
636.63
625.094
613.264
601.216
588.977
576.591
564.275
552.01
539.804
527.768
515.966
504.409
493.117
482.108
471.395
460.99
450.896
441.122
431.651
422.512
413.635
405.137
396.77
388.965
380.871
373.988
365.53
360.316
349.35
1180.71
363.894
291.496
285.865
302.579
322.588
343.62
358.945
364.569
367.38
369.854
370.607
370.221
368.679
368.224
368.805
371.276
375.731
382.126
390.345
400.161
411.267
423.282
435.82
448.885
462.3
475.901
489.559
503.189
516.766
530.25
543.617
556.853
569.95
582.907
595.738
608.439
620.992
633.372
645.555
657.521
669.242
680.684
691.809
702.57
712.911
722.765
732.075
740.777
748.787
756.03
762.453
767.931
772.426
775.888
778.135
779.276
779.086
777.852
775.135
771.086
765.765
759.157
751.306
742.286
732.218
721.169
709.213
696.481
683.094
669.05
654.507
639.621
624.579
609.481
594.514
579.839
565.406
551.175
537.124
523.343
509.896
496.817
484.127
471.84
459.964
448.502
437.449
426.809
416.556
406.712
397.201
388.131
379.254
370.987
362.491
355.253
346.477
341.107
329.989
1180.71
377.271
303.837
295.129
302.1
317.146
327.59
334.604
344.496
351.815
357.515
360.85
362.636
363.716
365.473
368.364
372.649
378.966
387.496
398.157
410.729
424.911
440.386
456.894
474.037
491.524
509.145
526.713
544.088
561.203
578.017
594.514
610.704
626.59
642.173
657.455
672.43
687.084
701.392
715.329
728.865
741.966
754.588
766.688
778.207
789.083
799.216
808.556
817.035
824.528
830.957
836.309
840.347
843.122
844.612
844.419
843.111
840.122
835.525
829.378
821.756
812.724
802.23
790.406
777.396
762.918
747.376
731.096
714.256
696.968
679.657
662.391
645.088
627.813
610.658
593.686
576.962
560.601
544.652
529.131
514.07
499.496
485.43
471.879
458.845
446.324
434.31
422.785
411.745
401.154
391.029
381.284
372.022
362.989
354.598
346.011
338.703
329.894
324.537
313.533
1180.71
384.238
305.445
293.625
294.834
306.933
321.2
334.86
347.032
356.46
363.653
368.47
371.902
374.985
378.915
384.324
391.814
401.662
413.921
428.477
445.093
463.446
483.156
503.899
525.253
546.816
568.291
589.497
610.328
630.708
650.586
669.935
688.745
707.014
724.74
741.92
758.542
774.592
790.049
804.875
819.039
832.494
845.18
857.066
868.07
878.142
887.11
894.988
901.702
907.048
910.99
913.622
914.42
913.784
911.714
907.498
901.702
894.228
884.935
873.95
861.125
846.275
830.08
812.778
794.48
775.926
756.963
737.556
717.811
697.87
677.809
657.794
637.988
618.502
599.425
580.825
562.749
545.252
528.369
512.113
496.492
481.505
467.15
453.414
440.284
427.739
415.761
404.32
393.403
382.966
373.018
363.468
354.413
345.596
337.423
329.068
321.973
313.43
308.259
297.674
1180.71
386.622
302.89
289.637
295.47
313.795
334.606
354.38
371.904
385.699
396.361
404.596
411.599
418.527
426.408
435.94
447.682
461.852
478.408
497.18
517.955
540.404
564.019
588.347
612.993
637.677
662.129
686.137
709.554
732.277
754.236
775.391
795.718
815.201
833.835
851.612
868.509
884.518
899.622
913.759
926.909
939.001
949.96
959.806
968.398
975.734
981.478
985.898
988.818
989.881
989.283
987.219
982.921
976.859
968.879
958.892
946.655
931.926
915.462
897.475
878.375
858.772
838.315
817.037
795.096
772.511
749.561
726.486
703.47
680.678
658.232
636.251
614.843
594.093
574.063
554.794
536.307
518.612
501.712
485.595
470.242
455.628
441.726
428.505
415.933
403.976
392.603
381.776
371.473
361.644
352.293
343.324
334.832
326.564
318.907
311.071
304.429
296.416
291.58
281.686
1180.71
385.832
303.396
296.304
319.606
357.289
394.664
427.323
454.085
474.746
490.668
503.53
514.876
526.01
537.947
551.391
566.851
584.695
604.631
626.414
649.699
674.115
699.395
725.183
751.113
776.877
802.2
826.861
850.687
873.557
895.382
916.107
935.698
954.116
971.359
987.408
1002.22
1015.82
1028.18
1039.19
1048.88
1057.11
1063.83
1069.19
1072.87
1074.98
1074.88
1073.56
1070.28
1064.94
1057.51
1048.11
1036.36
1021.59
1004.78
986.127
966.147
945.47
923.635
900.645
876.56
851.429
825.628
799.412
773.025
746.644
720.468
694.692
669.484
644.983
621.294
598.498
576.652
555.792
535.932
517.071
499.191
482.263
466.253
451.119
436.815
423.294
410.508
398.411
386.957
376.1
365.803
356.019
346.723
337.86
329.433
321.348
313.692
306.224
299.311
292.212
286.201
278.917
274.526
265.531
1180.71
386.718
318.33
347.307
415.923
490.5
555.706
607.708
647.081
675.78
696.735
713.234
727.34
740.573
754.079
768.595
784.506
801.775
820.566
840.78
862.185
884.469
907.342
930.48
953.561
976.291
998.407
1019.69
1039.97
1059.1
1076.98
1093.54
1108.74
1122.49
1134.81
1145.66
1154.94
1162.83
1169.19
1173.8
1176.87
1178.06
1177.51
1175.56
1171.4
1165.46
1157.35
1147.23
1134.9
1119.27
1101.39
1081.54
1060.11
1037.99
1014.56
989.747
963.515
935.873
907.214
877.814
847.924
817.747
787.548
757.578
728.075
699.236
671.231
644.206
618.274
593.517
569.988
547.711
526.685
506.893
488.296
470.848
454.492
439.163
424.796
411.324
398.68
386.799
375.621
365.087
355.146
345.744
336.84
328.387
320.357
312.695
305.404
298.395
291.748
285.242
279.213
272.989
267.719
261.293
257.413
249.447
1180.71
409.956
404.308
529.392
675.308
803.369
902.68
974.414
1024.36
1057.01
1077.64
1091.23
1100.48
1107.85
1114.83
1122.23
1130.48
1139.68
1149.91
1161.18
1173.35
1186.23
1199.59
1213.14
1226.63
1239.81
1252.44
1264.3
1275.21
1285.03
1293.6
1300.89
1306.75
1311.04
1313.92
1315.15
1314.73
1313.09
1309.57
1304.01
1297
1288.09
1277.19
1264.49
1249.04
1230.75
1210.33
1187.94
1164.05
1139.58
1113.78
1086.51
1057.74
1027.31
995.611
962.917
929.458
895.426
861.097
826.754
792.675
759.106
726.285
694.422
663.701
634.271
606.241
579.687
554.652
531.148
509.159
488.649
469.562
451.828
435.369
420.1
405.933
392.779
380.553
369.171
358.556
348.633
339.336
330.603
322.378
314.61
307.255
300.269
293.624
287.271
281.211
275.364
269.803
264.331
259.247
253.959
249.478
243.965
240.625
233.744
1419.18
562.026
752.246
1043.97
1287.59
1461.76
1574.43
1642.22
1677.7
1691.5
1691.15
1686.37
1675.71
1662.96
1649.63
1636.4
1623.72
1611.91
1601.19
1591.67
1583.38
1576.2
1569.97
1564.42
1559.39
1554.64
1549.91
1544.95
1539.54
1533.49
1526.57
1518.81
1509.72
1499.37
1488.08
1475.49
1461.35
1445.82
1428.78
1409.22
1387.2
1363.34
1337.85
1310.54
1282.78
1254.32
1224.63
1193.59
1161.13
1127.04
1091.66
1055.22
1017.93
979.905
941.398
902.677
864.016
825.678
787.924
751.009
715.168
680.61
647.508
616.002
586.195
558.153
531.904
507.446
484.748
463.755
444.392
426.574
410.2
395.171
381.375
368.712
357.074
346.363
336.485
327.353
318.885
311.007
303.654
296.764
290.285
284.167
278.372
272.856
267.597
262.55
257.717
253.028
248.547
244.106
239.962
235.61
231.912
227.312
224.509
218.707
1467.23
1401.94
1895.38
2358.19
2613.59
2728.57
2751.35
2737.43
2702.14
2650.17
2592.89
2534.42
2475.15
2416.12
2358.09
2301.71
2247.51
2195.95
2147.32
2101.73
2059.14
2019.37
1982.12
1947.1
1914.35
1883.32
1853.58
1824.76
1796.57
1768.68
1740.87
1713.06
1684.1
1654.22
1623.15
1591.23
1558.41
1524.88
1490.06
1455.91
1421.49
1386.35
1350.29
1313.32
1275.1
1235.7
1195.35
1154.17
1112.3
1069.8
1026.86
983.689
940.517
897.573
855.099
813.343
772.55
732.954
694.765
658.17
623.324
590.348
559.327
530.308
503.304
478.297
455.238
434.061
414.674
396.977
380.857
366.2
352.884
340.797
329.817
319.84
310.757
302.47
294.891
287.934
281.524
275.59
270.075
264.921
260.08
255.508
251.171
247.032
243.069
239.245
235.563
231.961
228.496
225.027
221.77
218.306
215.349
211.619
209.326
204.551
1788.98
4246.3
5096.72
5130.38
5024.98
4799.13
4554.85
4328.04
4121.83
3931.68
3755.04
3590.05
3435.19
3289.82
3153.61
3026.44
2908.01
2798.06
2696.03
2601.41
2513.55
2431.83
2355.6
2284.2
2216.7
2152.7
2091.79
2033.51
1977.52
1923.35
1870.89
1819.29
1770.05
1722.39
1675.55
1629.2
1583.12
1537.16
1491.27
1444.91
1398.21
1351.26
1304.07
1256.68
1209.07
1161.26
1113.36
1065.48
1017.8
970.463
923.648
877.551
832.38
788.345
745.648
704.48
665.018
627.411
591.784
558.228
526.802
497.532
470.411
445.406
422.456
401.481
382.381
365.049
349.364
335.208
322.452
310.98
300.667
291.407
283.082
275.6
268.856
262.767
257.254
252.237
247.653
243.439
239.548
235.923
232.527
229.32
226.273
223.353
220.543
217.809
215.155
212.529
209.978
207.39
204.937
202.282
200
197.068
195.245
191.417
)
;

boundaryField
{
    outlet
    {
        type            zeroGradient;
    }
    inlet
    {
        type            fixedValue;
        value           uniform 17.57;
    }
    lowerWall
    {
        beta1           0.075;
        blended         0;
        type            omegaWallFunction;
        value           nonuniform List<scalar> 
148
(
6119.65
8495.53
9975.17
10745.8
11095.1
11205.2
11181.5
11085.3
10953.1
10806.8
10658.4
10514.8
10379.1
10252.8
10136.1
10028.7
9930.07
9839.5
9756.25
9679.62
9608.96
9543.67
9483.22
9427.14
9374.98
9326.37
9280.95
9238.43
9198.38
9161.23
9123.02
9101.27
9010.21
1180.71
1180.71
1180.71
1180.71
1180.71
1180.71
1180.71
1180.71
1180.71
1180.71
1180.71
1180.71
1419.18
1467.23
1788.98
1180.71
275.013
275.013
275.013
275.013
275.013
275.013
275.013
275.013
275.013
275.013
275.013
322.35
387.376
518.463
617.8
701.994
775.704
841.48
900.761
954.421
1003.06
1047.19
1087.3
1123.9
1157.49
1188.56
1217.55
1244.84
1270.76
1295.55
1319.41
1342.49
1364.92
1386.78
1408.21
1429.33
1450.33
1471.35
1491.95
1512.29
1532.37
1552.18
1571.69
1590.84
1609.61
1627.94
1645.79
1663.08
1679.78
1695.82
1711.13
1725.66
1739.33
1752.09
1763.87
1774.6
1784.23
1792.69
1799.95
1805.97
1810.7
1814.13
1816.25
1817.03
1816.48
1814.58
1811.32
1806.68
1800.51
1793.92
1787.3
1779.36
1770.08
1759.73
1748.52
1736.62
1724.12
1711.14
1697.76
1684.06
1670.12
1656.03
1641.86
1627.67
1613.52
1599.46
1585.55
1571.82
1558.32
1545.07
1532.14
1519.53
1507.35
1495.53
1484.33
1473.63
1463.94
1455.48
1448.61
)
;
    }
    upperWall
    {
        beta1           0.075;
        blended         0;
        type            omegaWallFunction;
        value           nonuniform List<scalar> 
133
(
1672.14
1819.15
1960.96
2086.92
2197.23
2294.25
2379.79
2455.18
2521.53
2579.87
2631.09
2676.01
2715.34
2749.72
2779.71
2805.83
2828.53
2848.19
2865.19
2879.82
2892.37
2903.08
2912.17
2919.82
2926.22
2931.5
2935.79
2939.23
2941.9
2943.89
2945.3
2946.18
2946.62
2946.59
2945.98
2944.78
2943.03
2940.74
2937.95
2934.68
2930.97
2926.84
2922.3
2917.38
2912.11
2906.49
2900.55
2894.3
2887.75
2880.91
2873.79
2866.4
2858.75
2850.83
2842.65
2834.22
2825.52
2816.55
2807.32
2797.81
2788.02
2777.94
2767.56
2756.86
2745.84
2734.48
2722.78
2710.7
2698.25
2685.4
2672.15
2658.47
2644.36
2629.8
2614.78
2599.29
2583.33
2566.88
2549.94
2532.52
2514.61
2496.22
2477.36
2458.05
2438.29
2418.13
2397.57
2376.67
2355.46
2333.98
2312.28
2290.44
2268.5
2246.54
2224.64
2202.87
2181.31
2160.05
2139.18
2118.79
2098.95
2079.75
2061.26
2043.57
2026.72
2010.77
1995.76
1981.73
1968.68
1956.62
1945.54
1935.43
1926.23
1917.91
1910.41
1903.66
1897.61
1892.17
1887.26
1882.82
1878.76
1875.01
1871.51
1868.17
1864.94
1861.75
1858.57
1855.31
1851.93
1848.45
1844.48
1841.28
1834.19
)
;
    }
    frontAndBack
    {
        type            empty;
    }
}


// ************************************************************************* //
