/*--------------------------------*- C++ -*----------------------------------*\
  =========                 |
  \\      /  F ield         | OpenFOAM: The Open Source CFD Toolbox
   \\    /   O peration     | Website:  https://openfoam.org
    \\  /    A nd           | Version:  10
     \\/     M anipulation  |
\*---------------------------------------------------------------------------*/
FoamFile
{
    format      ascii;
    class       volScalarField;
    location    "0.1";
    object      p;
}
// * * * * * * * * * * * * * * * * * * * * * * * * * * * * * * * * * * * * * //

dimensions      [0 2 -2 0 0 0 0];

internalField   nonuniform List<scalar> 
6820
(
-8.82888
-10.193
-10.6066
-10.7022
-10.7832
-10.8348
-10.866
-10.8907
-10.9121
-10.931
-10.9486
-10.9653
-10.9814
-10.9971
-11.0125
-11.0276
-11.0424
-11.0571
-11.0716
-11.086
-11.1001
-11.1141
-11.1278
-11.1411
-11.1539
-11.166
-11.1767
-11.1853
-11.1909
-11.1875
-11.1768
-11.1242
-11.022
-11.629
-11.2247
-10.9309
-10.8356
-10.8372
-10.8542
-10.8726
-10.8926
-10.9124
-10.9311
-10.9486
-10.9652
-10.9812
-10.9965
-11.0115
-11.0261
-11.0406
-11.0548
-11.0689
-11.0828
-11.0966
-11.1102
-11.1237
-11.1368
-11.1496
-11.1619
-11.1733
-11.184
-11.1924
-11.204
-11.2056
-11.2547
-11.2877
-10.486
-10.3578
-10.5828
-10.7207
-10.7825
-10.8271
-10.8594
-10.8851
-10.9072
-10.9267
-10.9445
-10.9614
-10.9775
-10.9932
-11.0085
-11.0235
-11.0383
-11.0529
-11.0673
-11.0816
-11.0958
-11.1098
-11.1236
-11.1372
-11.1504
-11.1631
-11.1752
-11.1866
-11.1967
-11.2072
-11.2143
-11.2308
-11.2305
-10.8526
-10.8693
-10.8451
-10.8224
-10.8308
-10.8514
-10.8718
-10.8914
-10.9104
-10.9285
-10.9457
-10.9622
-10.9781
-10.9936
-11.0087
-11.0236
-11.0382
-11.0527
-11.067
-11.0812
-11.0953
-11.1092
-11.123
-11.1365
-11.1499
-11.163
-11.1757
-11.1882
-11.2003
-11.214
-11.2273
-11.2524
-11.279
-10.7426
-10.6886
-10.7326
-10.7775
-10.8129
-10.8431
-10.8681
-10.8898
-10.9097
-10.9281
-10.9453
-10.9618
-10.9776
-10.993
-11.0081
-11.0229
-11.0376
-11.052
-11.0664
-11.0806
-11.0948
-11.1088
-11.1228
-11.1366
-11.1503
-11.1639
-11.1773
-11.1909
-11.2045
-11.2197
-11.2358
-11.2585
-11.2823
-10.7833
-10.7765
-10.7949
-10.8121
-10.8306
-10.8522
-10.8732
-10.8928
-10.9115
-10.9291
-10.9459
-10.9621
-10.9778
-10.9931
-11.0081
-11.0228
-11.0374
-11.0518
-11.0661
-11.0804
-11.0945
-11.1086
-11.1227
-11.1366
-11.1506
-11.1646
-11.1786
-11.193
-11.2079
-11.2243
-11.2423
-11.2647
-11.2898
-10.7825
-10.7717
-10.7866
-10.8083
-10.8304
-10.8531
-10.8742
-10.8937
-10.9121
-10.9295
-10.9462
-10.9622
-10.9777
-10.9929
-11.0078
-11.0225
-11.037
-11.0514
-11.0657
-11.0799
-11.0941
-11.1083
-11.1224
-11.1366
-11.1508
-11.1652
-11.1798
-11.1949
-11.2107
-11.2279
-11.2467
-11.2686
-11.2928
-10.792
-10.789
-10.8022
-10.8203
-10.8387
-10.8582
-10.8774
-10.8958
-10.9134
-10.9303
-10.9466
-10.9623
-10.9777
-10.9927
-11.0075
-11.0221
-11.0365
-11.0509
-11.0651
-11.0794
-11.0936
-11.1078
-11.122
-11.1363
-11.1508
-11.1655
-11.1805
-11.1961
-11.2125
-11.2302
-11.2494
-11.2709
-11.2941
-10.8005
-10.7994
-10.8099
-10.8259
-10.8431
-10.8615
-10.8798
-10.8975
-10.9145
-10.931
-10.9469
-10.9624
-10.9776
-10.9924
-11.0071
-11.0216
-11.0359
-11.0502
-11.0644
-11.0786
-11.0928
-11.1071
-11.1214
-11.1359
-11.1505
-11.1654
-11.1808
-11.1968
-11.2136
-11.2315
-11.2507
-11.2716
-11.2941
-10.8089
-10.8095
-10.8189
-10.8332
-10.8489
-10.8657
-10.8827
-10.8995
-10.9158
-10.9318
-10.9474
-10.9626
-10.9775
-10.9921
-11.0066
-11.021
-11.0352
-11.0494
-11.0636
-11.0777
-11.0919
-11.1062
-11.1205
-11.1351
-11.1499
-11.165
-11.1805
-11.1967
-11.2137
-11.2317
-11.2508
-11.2712
-11.2928
-10.8171
-10.8185
-10.8269
-10.8396
-10.8539
-10.8694
-10.8855
-10.9014
-10.9172
-10.9326
-10.9478
-10.9627
-10.9773
-10.9918
-11.0061
-11.0203
-11.0344
-11.0485
-11.0625
-11.0766
-11.0908
-11.105
-11.1194
-11.134
-11.1488
-11.164
-11.1797
-11.196
-11.213
-11.2309
-11.2497
-11.2696
-11.2904
-10.8249
-10.8267
-10.8343
-10.8457
-10.8589
-10.8733
-10.8883
-10.9035
-10.9185
-10.9335
-10.9482
-10.9627
-10.9771
-10.9913
-11.0054
-11.0195
-11.0334
-11.0474
-11.0614
-11.0754
-11.0894
-11.1036
-11.118
-11.1325
-11.1474
-11.1626
-11.1783
-11.1945
-11.2114
-11.2291
-11.2476
-11.2669
-11.2871
-10.8323
-10.8343
-10.8412
-10.8515
-10.8636
-10.8769
-10.891
-10.9054
-10.9199
-10.9343
-10.9486
-10.9628
-10.9769
-10.9908
-11.0047
-11.0186
-11.0324
-11.0462
-11.06
-11.0739
-11.0878
-11.1019
-11.1162
-11.1307
-11.1455
-11.1607
-11.1763
-11.1924
-11.2091
-11.2264
-11.2445
-11.2633
-11.2827
-10.8392
-10.8412
-10.8475
-10.8569
-10.868
-10.8805
-10.8937
-10.9073
-10.9212
-10.9351
-10.9489
-10.9628
-10.9765
-10.9902
-11.0039
-11.0175
-11.0311
-11.0447
-11.0584
-11.0722
-11.086
-11.1
-11.1141
-11.1285
-11.1432
-11.1582
-11.1736
-11.1895
-11.2059
-11.2229
-11.2405
-11.2587
-11.2774
-10.8455
-10.8475
-10.8533
-10.8619
-10.8722
-10.8838
-10.8962
-10.9092
-10.9224
-10.9358
-10.9492
-10.9627
-10.9761
-10.9895
-11.0029
-11.0163
-11.0297
-11.0431
-11.0566
-11.0702
-11.0839
-11.0977
-11.1117
-11.1259
-11.1404
-11.1552
-11.1703
-11.1859
-11.202
-11.2185
-11.2356
-11.2531
-11.2712
-10.8514
-10.8532
-10.8586
-10.8665
-10.876
-10.8868
-10.8985
-10.9108
-10.9235
-10.9364
-10.9494
-10.9624
-10.9755
-10.9887
-11.0018
-11.0149
-11.0281
-11.0413
-11.0546
-11.068
-11.0814
-11.095
-11.1088
-11.1228
-11.137
-11.1516
-11.1664
-11.1816
-11.1972
-11.2133
-11.2297
-11.2466
-11.2639
-10.8566
-10.8583
-10.8634
-10.8707
-10.8795
-10.8896
-10.9007
-10.9124
-10.9245
-10.9368
-10.9494
-10.9621
-10.9748
-10.9876
-11.0005
-11.0134
-11.0263
-11.0393
-11.0523
-11.0654
-11.0787
-11.092
-11.1055
-11.1193
-11.1332
-11.1474
-11.1619
-11.1766
-11.1918
-11.2072
-11.2231
-11.2392
-11.2557
-10.8614
-10.863
-10.8676
-10.8744
-10.8826
-10.8921
-10.9025
-10.9136
-10.9252
-10.9371
-10.9493
-10.9616
-10.974
-10.9865
-10.999
-11.0116
-11.0243
-11.037
-11.0497
-11.0626
-11.0756
-11.0886
-11.1019
-11.1152
-11.1288
-11.1426
-11.1567
-11.171
-11.1855
-11.2004
-11.2155
-11.2309
-11.2466
-10.8655
-10.867
-10.8714
-10.8776
-10.8853
-10.8943
-10.9041
-10.9147
-10.9258
-10.9372
-10.949
-10.9609
-10.9729
-10.9851
-10.9973
-11.0096
-11.022
-11.0344
-11.0469
-11.0595
-11.0721
-11.0849
-11.0977
-11.1107
-11.1239
-11.1373
-11.1508
-11.1646
-11.1786
-11.1927
-11.2071
-11.2218
-11.2366
-10.8691
-10.8705
-10.8745
-10.8804
-10.8877
-10.8961
-10.9054
-10.9155
-10.9261
-10.9371
-10.9484
-10.96
-10.9717
-10.9835
-10.9954
-11.0074
-11.0194
-11.0316
-11.0437
-11.056
-11.0683
-11.0807
-11.0932
-11.1058
-11.1185
-11.1314
-11.1444
-11.1575
-11.1709
-11.1844
-11.198
-11.2118
-11.2257
-10.8721
-10.8734
-10.8772
-10.8827
-10.8895
-10.8975
-10.9064
-10.916
-10.9261
-10.9367
-10.9477
-10.9588
-10.9702
-10.9817
-10.9933
-11.0049
-11.0166
-11.0284
-11.0403
-11.0521
-11.0641
-11.0761
-11.0882
-11.1003
-11.1126
-11.1249
-11.1373
-11.1499
-11.1625
-11.1752
-11.1881
-11.201
-11.214
-10.8745
-10.8757
-10.8793
-10.8845
-10.8909
-10.8984
-10.9069
-10.9161
-10.9259
-10.9361
-10.9466
-10.9574
-10.9684
-10.9796
-10.9908
-11.0022
-11.0135
-11.025
-11.0365
-11.048
-11.0595
-11.0711
-11.0827
-11.0944
-11.1061
-11.1179
-11.1297
-11.1416
-11.1535
-11.1655
-11.1774
-11.1895
-11.2015
-10.8763
-10.8775
-10.8808
-10.8857
-10.8918
-10.899
-10.9071
-10.9159
-10.9253
-10.9351
-10.9453
-10.9558
-10.9664
-10.9772
-10.9882
-10.9991
-11.0102
-11.0213
-11.0324
-11.0435
-11.0546
-11.0657
-11.0769
-11.088
-11.0992
-11.1104
-11.1216
-11.1327
-11.1439
-11.1551
-11.1662
-11.1773
-11.1883
-10.8775
-10.8786
-10.8818
-10.8864
-10.8922
-10.899
-10.9068
-10.9152
-10.9242
-10.9337
-10.9436
-10.9537
-10.9641
-10.9745
-10.9851
-10.9958
-11.0065
-11.0172
-11.0279
-11.0386
-11.0493
-11.06
-11.0706
-11.0812
-11.0918
-11.1023
-11.1129
-11.1233
-11.1337
-11.144
-11.1543
-11.1645
-11.1745
-10.8781
-10.8791
-10.8821
-10.8866
-10.8921
-10.8986
-10.9061
-10.9142
-10.9229
-10.9321
-10.9417
-10.9515
-10.9615
-10.9717
-10.9819
-10.9922
-11.0026
-11.0129
-11.0232
-11.0335
-11.0437
-11.0539
-11.064
-11.0741
-11.0841
-11.094
-11.1038
-11.1135
-11.1231
-11.1326
-11.142
-11.1512
-11.1602
-10.878
-10.879
-10.8818
-10.886
-10.8912
-10.8975
-10.9046
-10.9125
-10.9209
-10.9298
-10.9391
-10.9486
-10.9583
-10.9682
-10.9781
-10.9881
-10.9981
-11.0081
-11.018
-11.0278
-11.0376
-11.0473
-11.0569
-11.0664
-11.0758
-11.085
-11.0942
-11.1031
-11.112
-11.1206
-11.1291
-11.1374
-11.1454
-10.8772
-10.8782
-10.881
-10.885
-10.8901
-10.8962
-10.9032
-10.9109
-10.9191
-10.9278
-10.9368
-10.946
-10.9555
-10.965
-10.9746
-10.9843
-10.9939
-11.0034
-11.0129
-11.0223
-11.0316
-11.0408
-11.0498
-11.0587
-11.0675
-11.076
-11.0844
-11.0927
-11.1007
-11.1085
-11.116
-11.1234
-11.1305
-10.8758
-10.8766
-10.8791
-10.8828
-10.8875
-10.8933
-10.9
-10.9074
-10.9155
-10.9239
-10.9327
-10.9418
-10.951
-10.9604
-10.9697
-10.9791
-10.9884
-10.9977
-11.0068
-11.0158
-11.0247
-11.0334
-11.0419
-11.0503
-11.0584
-11.0664
-11.0741
-11.0816
-11.0888
-11.0958
-11.1025
-11.1089
-11.115
-10.8737
-10.8747
-10.8774
-10.8813
-10.8862
-10.8921
-10.8987
-10.9061
-10.9139
-10.9222
-10.9307
-10.9395
-10.9485
-10.9574
-10.9664
-10.9754
-10.9843
-10.9931
-11.0018
-11.0103
-11.0186
-11.0268
-11.0347
-11.0424
-11.0499
-11.0572
-11.0641
-11.0708
-11.0773
-11.0834
-11.0892
-11.0947
-11.0999
-10.8704
-10.8707
-10.8723
-10.8754
-10.8797
-10.8852
-10.8917
-10.899
-10.9068
-10.9152
-10.9238
-10.9327
-10.9417
-10.9507
-10.9596
-10.9685
-10.9773
-10.9859
-10.9944
-11.0026
-11.0106
-11.0184
-11.0259
-11.0332
-11.0401
-11.0468
-11.0532
-11.0592
-11.0649
-11.0703
-11.0753
-11.08
-11.0843
-10.8679
-10.8699
-10.873
-10.877
-10.8818
-10.8874
-10.8938
-10.9008
-10.9083
-10.9162
-10.9243
-10.9327
-10.9411
-10.9495
-10.9579
-10.9662
-10.9744
-10.9825
-10.9903
-10.9979
-11.0053
-11.0124
-11.0193
-11.0259
-11.0321
-11.038
-11.0436
-11.0489
-11.0538
-11.0583
-11.0624
-11.0662
-11.0696
-10.8598
-10.8577
-10.8574
-10.8595
-10.8638
-10.8698
-10.8768
-10.8848
-10.8933
-10.9021
-10.9112
-10.9203
-10.9295
-10.9385
-10.9474
-10.9561
-10.9646
-10.9728
-10.9808
-10.9884
-10.9957
-11.0027
-11.0094
-11.0157
-11.0216
-11.0271
-11.0322
-11.037
-11.0413
-11.0452
-11.0487
-11.0518
-11.0544
-10.8649
-10.8703
-10.8745
-10.8775
-10.8811
-10.8857
-10.8912
-10.8974
-10.9042
-10.9114
-10.9189
-10.9266
-10.9343
-10.9421
-10.9498
-10.9574
-10.9649
-10.9721
-10.9791
-10.9858
-10.9923
-10.9984
-11.0042
-11.0097
-11.0147
-11.0194
-11.0237
-11.0276
-11.0311
-11.0342
-11.0368
-11.039
-11.0407
-10.8355
-10.8245
-10.8211
-10.8248
-10.832
-10.8409
-10.8508
-10.8612
-10.8719
-10.8827
-10.8933
-10.9037
-10.9137
-10.9235
-10.9329
-10.9418
-10.9504
-10.9586
-10.9664
-10.9737
-10.9806
-10.987
-10.993
-10.9985
-11.0036
-11.0082
-11.0123
-11.0159
-11.0191
-11.0218
-11.024
-11.0256
-11.0268
-10.8826
-10.8986
-10.8999
-10.894
-10.8916
-10.8924
-10.8951
-10.899
-10.904
-10.9097
-10.9159
-10.9225
-10.9292
-10.9361
-10.9429
-10.9496
-10.9562
-10.9626
-10.9687
-10.9746
-10.9801
-10.9853
-10.9901
-10.9945
-10.9985
-11.0021
-11.0052
-11.0079
-11.0102
-11.012
-11.0133
-11.0141
-11.0144
-10.7728
-10.7347
-10.729
-10.7527
-10.7725
-10.7904
-10.8081
-10.825
-10.8408
-10.8557
-10.8696
-10.8825
-10.8946
-10.906
-10.9165
-10.9264
-10.9356
-10.9442
-10.9522
-10.9595
-10.9663
-10.9725
-10.9781
-10.9832
-10.9877
-10.9916
-10.995
-10.9978
-11.0001
-11.0018
-11.0029
-11.0035
-11.0035
-10.9847
-11.0092
-10.9798
-10.9429
-10.9193
-10.9112
-10.9077
-10.9066
-10.9079
-10.9109
-10.915
-10.9199
-10.9252
-10.9307
-10.9365
-10.9422
-10.9478
-10.9533
-10.9586
-10.9636
-10.9683
-10.9726
-10.9766
-10.9801
-10.9833
-10.986
-10.9882
-10.99
-10.9913
-10.9921
-10.9924
-10.9922
-10.9915
-10.5691
-10.4873
-10.5442
-10.6249
-10.6811
-10.7191
-10.7521
-10.7808
-10.8053
-10.8266
-10.8454
-10.8621
-10.8771
-10.8906
-10.9028
-10.9139
-10.9241
-10.9333
-10.9416
-10.9492
-10.956
-10.9622
-10.9676
-10.9724
-10.9765
-10.98
-10.9828
-10.985
-10.9866
-10.9876
-10.988
-10.9877
-10.9869
-11.5454
-11.2672
-11.0614
-10.9699
-10.9327
-10.9117
-10.8986
-10.8926
-10.8914
-10.8929
-10.8964
-10.901
-10.9064
-10.9122
-10.9182
-10.9243
-10.9302
-10.936
-10.9415
-10.9467
-10.9516
-10.956
-10.96
-10.9636
-10.9667
-10.9693
-10.9714
-10.973
-10.974
-10.9745
-10.9745
-10.974
-10.9729
-9.58727
-10.1488
-10.4533
-10.5692
-10.6504
-10.7135
-10.7582
-10.7918
-10.8187
-10.8406
-10.8588
-10.8744
-10.888
-10.9001
-10.9109
-10.9206
-10.9293
-10.9373
-10.9444
-10.9509
-10.9567
-10.9618
-10.9663
-10.9702
-10.9734
-10.976
-10.978
-10.9794
-10.9802
-10.9804
-10.98
-10.979
-10.9774
-10.8558
-11.0382
-11.1784
-11.2825
-11.3682
-11.4382
-11.5097
-11.5978
-11.7112
-11.8477
-12.0034
-12.1718
-12.3462
-12.5191
-12.6843
-12.8365
-12.9718
-13.0877
-13.1827
-13.2566
-13.3098
-13.3434
-13.3587
-13.357
-13.3398
-13.3083
-13.2638
-13.2073
-13.1397
-13.0617
-12.9737
-12.876
-12.7684
-12.6507
-12.5221
-12.3817
-12.228
-12.0593
-11.8733
-11.6673
-11.4384
-11.1832
-10.8981
-10.5793
-10.2231
-9.82591
-9.3846
-8.89686
-8.3615
-7.77897
-7.15201
-6.48638
-5.79177
-5.0827
-4.37709
-3.69242
-3.04352
-2.44284
-1.90024
-1.42217
-1.01134
-0.666878
-0.385024
-0.160024
0.0149804
0.147196
0.243637
0.310784
0.354407
0.379503
0.390301
0.390315
0.382414
0.368902
0.351599
0.331919
0.310935
0.289446
0.268024
0.24707
0.226848
0.207515
0.189162
0.171816
0.155472
0.140093
0.125633
0.112035
0.0992493
0.0872042
0.0758925
0.0651824
0.0552647
0.045639
0.0374056
0.0281361
0.0232187
0.0108955
0.0167053
-0.0147591
-11.6103
-11.6955
-11.6141
-11.5379
-11.4939
-11.482
-11.5037
-11.5622
-11.6572
-11.7854
-11.9392
-12.1089
-12.2849
-12.4583
-12.6222
-12.7714
-12.9027
-13.0144
-13.1057
-13.1767
-13.2279
-13.2602
-13.2747
-13.2724
-13.2549
-13.2232
-13.1785
-13.122
-13.0544
-12.9765
-12.8886
-12.791
-12.6836
-12.566
-12.4375
-12.297
-12.1431
-11.974
-11.7875
-11.5809
-11.3512
-11.0951
-10.8091
-10.4895
-10.1327
-9.73524
-9.29416
-8.80726
-8.27364
-7.69435
-7.07313
-6.41703
-5.73708
-5.0476
-4.36378
-3.69999
-3.06965
-2.48469
-1.95457
-1.48557
-1.08044
-0.738637
-0.456893
-0.230012
-0.0516909
0.0847852
0.186027
0.258203
0.306858
0.336828
0.35224
0.356545
0.352582
0.342645
0.328563
0.311764
0.293344
0.274126
0.254714
0.235531
0.216868
0.198907
0.181758
0.165469
0.150049
0.135478
0.121724
0.108738
0.0964825
0.0848914
0.073974
0.0635868
0.053965
0.0445359
0.0365617
0.0273044
0.0227853
0.0100223
0.0169664
-0.0163768
-11.2494
-11.2408
-11.2658
-11.3207
-11.3816
-11.4406
-11.5037
-11.5809
-11.6782
-11.7953
-11.93
-12.0777
-12.2328
-12.389
-12.5413
-12.6837
-12.8121
-12.9232
-13.0152
-13.0871
-13.139
-13.1716
-13.1861
-13.1837
-13.1659
-13.1339
-13.0891
-13.0323
-12.9646
-12.8864
-12.7984
-12.7005
-12.5928
-12.4748
-12.3458
-12.2047
-12.0501
-11.8801
-11.6925
-11.4847
-11.2537
-10.9963
-10.7089
-10.3881
-10.0301
-9.63177
-9.19033
-8.70412
-8.17315
-7.59947
-6.98773
-6.34574
-5.68429
-5.01574
-4.35296
-3.709
-3.09655
-2.5269
-2.00904
-1.54902
-1.14962
-0.810601
-0.52913
-0.300547
-0.119076
0.0215216
0.127461
0.204601
0.258254
0.293096
0.313141
0.321776
0.321802
0.315503
0.304708
0.290859
0.275072
0.258196
0.240858
0.223508
0.206462
0.189926
0.17403
0.15884
0.144385
0.130658
0.11764
0.105295
0.0935958
0.0824818
0.0719792
0.0619337
0.0526235
0.0434071
0.0357012
0.0264753
0.0223463
0.00918865
0.0171964
-0.0178792
-11.3567
-11.4466
-11.4839
-11.4932
-11.5031
-11.5227
-11.5583
-11.6157
-11.697
-11.8009
-11.924
-12.0608
-12.2049
-12.3501
-12.4898
-12.6199
-12.737
-12.8385
-12.9231
-12.9901
-13.0393
-13.0709
-13.0856
-13.0841
-13.0674
-13.0366
-12.9926
-12.9365
-12.869
-12.7909
-12.7026
-12.6043
-12.4959
-12.3771
-12.2471
-12.1048
-11.9489
-11.7774
-11.5881
-11.3784
-11.1454
-10.8859
-10.5963
-10.2734
-9.91373
-9.51449
-9.07368
-8.5904
-8.06524
-7.50078
-6.90213
-6.27699
-5.63492
-4.98667
-4.344
-3.71916
-3.12407
-2.56936
-2.06354
-1.6124
-1.21878
-0.882652
-0.601625
-0.371526
-0.187083
-0.0425142
0.0680066
0.150031
0.208639
0.248336
0.273026
0.286021
0.290083
0.287477
0.280031
0.269199
0.256113
0.241645
0.226445
0.210991
0.195619
0.180561
0.165966
0.151921
0.138471
0.125624
0.113377
0.101701
0.0905858
0.0799731
0.0699071
0.0602232
0.0512416
0.0422552
0.0348281
0.0256531
0.0219082
0.00839841
0.0174053
-0.0192601
-11.3224
-11.3549
-11.3698
-11.3934
-11.431
-11.4774
-11.5336
-11.6038
-11.6904
-11.793
-11.9094
-12.0359
-12.1679
-12.3006
-12.4294
-12.5508
-12.6608
-12.7569
-12.8373
-12.9009
-12.9473
-12.9766
-12.9894
-12.9865
-12.9688
-12.9373
-12.893
-12.8366
-12.7688
-12.6904
-12.6015
-12.5024
-12.393
-12.2728
-12.1412
-11.997
-11.8389
-11.665
-11.4731
-11.2607
-11.025
-10.7627
-10.4709
-10.1463
-9.78618
-9.38811
-8.95048
-8.47276
-7.95601
-7.40326
-6.81959
-6.2119
-5.58871
-4.95996
-4.33667
-3.73034
-3.15212
-2.61199
-2.11798
-1.67564
-1.28781
-0.954691
-0.674271
-0.442843
-0.255608
-0.107227
0.00775071
0.0945703
0.158077
0.202606
0.231942
0.249319
0.257454
0.25859
0.25455
0.246796
0.236475
0.224479
0.21148
0.19798
0.18434
0.170812
0.157567
0.144711
0.132306
0.120377
0.108932
0.0979567
0.0874509
0.0773636
0.0677554
0.0584526
0.0498158
0.0410762
0.0339373
0.0248333
0.0214643
0.007648
0.0175811
-0.0205171
-11.3268
-11.3714
-11.4081
-11.4409
-11.4751
-11.514
-11.5622
-11.6238
-11.7009
-11.7931
-11.8984
-12.0133
-12.1337
-12.2553
-12.3736
-12.4848
-12.5857
-12.6739
-12.7478
-12.8064
-12.8492
-12.8763
-12.8878
-12.8843
-12.8665
-12.8351
-12.7908
-12.7343
-12.6663
-12.5873
-12.4976
-12.3973
-12.2864
-12.1643
-12.0304
-11.8837
-11.7227
-11.5458
-11.3509
-11.1355
-10.8971
-10.6326
-10.3393
-10.0144
-9.65514
-9.25962
-8.82662
-8.35609
-7.84941
-7.30953
-6.74105
-6.15033
-5.54532
-4.93539
-4.33085
-3.74246
-3.18064
-2.65473
-2.1723
-1.73866
-1.35663
-1.02662
-0.746976
-0.514406
-0.324565
-0.172535
-0.0532354
0.0382798
0.106621
0.155948
0.189922
0.211696
0.223935
0.228856
0.228275
0.223656
0.216161
0.206697
0.195961
0.184474
0.17262
0.160675
0.148829
0.137207
0.125888
0.114912
0.104304
0.0940582
0.0841891
0.0746515
0.0655226
0.0566208
0.0483451
0.0398698
0.0330281
0.0240161
0.0210131
0.00693911
0.0177189
-0.0216427
-11.3246
-11.3618
-11.393
-11.423
-11.4584
-11.5013
-11.5532
-11.6164
-11.6921
-11.78
-11.8784
-11.9848
-12.0955
-12.2069
-12.3153
-12.4173
-12.5102
-12.5915
-12.6598
-12.7138
-12.753
-12.7772
-12.7865
-12.7814
-12.7623
-12.73
-12.685
-12.6279
-12.5593
-12.4796
-12.3891
-12.2876
-12.1752
-12.0514
-11.9155
-11.7664
-11.6029
-11.4233
-11.2256
-11.0076
-10.7668
-10.5007
-10.2065
-9.88182
-9.52437
-9.13252
-8.70539
-8.24311
-7.74702
-7.21993
-6.66622
-6.0919
-5.5045
-4.91278
-4.32641
-3.75542
-3.20954
-2.69749
-2.22641
-1.80136
-1.42515
-1.09836
-0.819646
-0.58612
-0.393862
-0.238355
-0.114875
-0.0187727
0.0543275
0.10841
0.147006
0.173182
0.189549
0.198293
0.201218
0.199788
0.195176
0.188304
0.179888
0.170471
0.160459
0.150148
0.139749
0.129405
0.119212
0.109228
0.099489
0.0900039
0.0807988
0.0718356
0.0632077
0.054727
0.0468288
0.0386354
0.0320999
0.0232016
0.0205536
0.00627299
0.0178147
-0.0226307
-11.3234
-11.3587
-11.3923
-11.4263
-11.4641
-11.5074
-11.5579
-11.6177
-11.6882
-11.7692
-11.8593
-11.9562
-12.0571
-12.1586
-12.2575
-12.3507
-12.4356
-12.5101
-12.5724
-12.6215
-12.6568
-12.6779
-12.685
-12.6781
-12.6578
-12.6245
-12.5788
-12.521
-12.4516
-12.371
-12.2794
-12.1766
-12.0626
-11.937
-11.7989
-11.6475
-11.4815
-11.2994
-11.0992
-10.879
-10.6365
-10.3693
-10.075
-9.75137
-9.39653
-9.00904
-8.58819
-8.13425
-7.64861
-7.13402
-6.5947
-6.03635
-5.46603
-4.89199
-4.32325
-3.76915
-3.23875
-2.74022
-2.28025
-1.86368
-1.49329
-1.16982
-0.892188
-0.657893
-0.463407
-0.304599
-0.177088
-0.076516
0.00125962
0.0600436
0.103237
0.133814
0.154326
0.166924
0.173397
0.175205
0.173529
0.169305
0.163266
0.155975
0.147858
0.139232
0.130327
0.121305
0.112279
0.103323
0.0944872
0.0857928
0.0772791
0.0689149
0.0608099
0.0527705
0.0452663
0.0373727
0.0311519
0.0223898
0.0200847
0.00565037
0.0178649
-0.0234756
-11.3216
-11.3547
-11.3879
-11.422
-11.4596
-11.5025
-11.5521
-11.6099
-11.6768
-11.7523
-11.8355
-11.9244
-12.0165
-12.109
-12.1991
-12.2839
-12.3613
-12.429
-12.4856
-12.53
-12.5614
-12.5795
-12.5841
-12.5754
-12.5536
-12.5191
-12.4723
-12.4136
-12.3434
-12.2618
-12.169
-12.065
-11.9494
-11.822
-11.682
-11.5285
-11.3603
-11.1759
-10.9737
-10.7517
-10.5079
-10.2401
-9.94607
-9.62396
-9.27203
-8.88909
-8.47464
-8.02904
-7.55376
-7.05148
-6.52625
-5.98346
-5.42978
-4.87292
-4.32127
-3.78356
-3.26821
-2.78283
-2.33374
-1.92555
-1.56098
-1.2409
-0.964511
-0.72963
-0.533107
-0.371178
-0.239792
-0.134875
-0.0525174
0.0109066
0.0586635
0.0936316
0.118298
0.134776
0.144832
0.149923
0.151233
0.14971
0.146101
0.140989
0.134819
0.127927
0.120563
0.112907
0.105088
0.0971966
0.0892978
0.0814244
0.0736294
0.065889
0.0583288
0.050751
0.0436571
0.0360813
0.0301837
0.0215806
0.0196053
0.00507161
0.0178667
-0.0241731
-11.319
-11.3506
-11.3835
-11.4179
-11.4557
-11.4982
-11.5464
-11.6016
-11.6643
-11.7342
-11.8106
-11.8916
-11.9753
-12.0592
-12.1408
-12.2177
-12.2877
-12.3489
-12.3998
-12.4394
-12.4668
-12.4817
-12.4837
-12.4729
-12.4495
-12.4137
-12.3659
-12.3062
-12.2349
-12.1523
-12.0584
-11.953
-11.836
-11.707
-11.5652
-11.4097
-11.2395
-11.0532
-10.8492
-10.6257
-10.3809
-10.1128
-9.81952
-9.49922
-9.15049
-8.77234
-8.36442
-7.92722
-7.46224
-6.97211
-6.4607
-5.93313
-5.39564
-4.85546
-4.32041
-3.79859
-3.29784
-2.82529
-2.38684
-1.98689
-1.62814
-1.31154
-1.03653
-0.80124
-0.602871
-0.438001
-0.302902
-0.193773
-0.106934
-0.0389409
0.0133369
0.0526779
0.0815011
0.101876
0.115548
0.123962
0.128304
0.12953
0.128403
0.125521
0.121348
0.116239
0.110461
0.104213
0.0976416
0.0908506
0.0839216
0.0768993
0.0698501
0.0627582
0.0557644
0.0486685
0.0420011
0.0347613
0.029195
0.0207739
0.0191147
0.00453686
0.0178179
-0.0247203
-11.3156
-11.346
-11.3781
-11.4122
-11.4494
-11.4907
-11.5372
-11.5896
-11.6482
-11.713
-11.783
-11.8569
-11.9328
-12.0088
-12.0824
-12.1517
-12.2147
-12.2696
-12.315
-12.3498
-12.3732
-12.3847
-12.384
-12.3711
-12.3459
-12.3086
-12.2595
-12.1987
-12.1263
-12.0426
-11.9475
-11.8409
-11.7224
-11.5918
-11.4483
-11.2911
-11.1191
-10.9311
-10.7256
-10.501
-10.2556
-9.98754
-9.69523
-9.37706
-9.0318
-8.65864
-8.2574
-7.82865
-7.37392
-6.89579
-6.39795
-5.88524
-5.36353
-4.83954
-4.32058
-3.81417
-3.32761
-2.86752
-2.43948
-2.04766
-1.6947
-1.38165
-1.10815
-0.872633
-0.672605
-0.50498
-0.366331
-0.25313
-0.161919
-0.0894348
-0.032687
0.0110008
0.0439759
0.0682609
0.0855719
0.0973435
0.104759
0.108782
0.110185
0.109582
0.107454
0.104173
0.100026
0.095228
0.089942
0.0842875
0.0783609
0.0722193
0.0659427
0.0595235
0.0531175
0.0465234
0.0402986
0.0334127
0.0281855
0.0199695
0.0186122
0.00404588
0.017717
-0.0251157
-11.3113
-11.3405
-11.3718
-11.4052
-11.4415
-11.4815
-11.526
-11.5754
-11.6302
-11.6899
-11.7539
-11.821
-11.8896
-11.958
-12.0242
-12.0863
-12.1425
-12.1912
-12.2311
-12.2612
-12.2805
-12.2886
-12.2851
-12.2698
-12.2427
-12.2038
-12.1533
-12.0912
-12.0177
-11.9328
-11.8365
-11.7286
-11.6087
-11.4766
-11.3315
-11.1727
-10.9991
-10.8097
-10.6029
-10.3775
-10.1318
-9.86416
-9.57316
-9.25743
-8.9159
-8.54794
-8.15351
-7.73326
-7.28875
-6.82246
-6.33793
-5.83973
-5.33336
-4.8251
-4.32173
-3.83025
-3.35745
-2.90949
-2.49162
-2.10779
-1.7606
-1.45116
-1.17931
-0.94372
-0.742219
-0.572021
-0.429992
-0.312862
-0.217395
-0.140507
-0.0793483
-0.0313476
0.00576666
0.0339664
0.0549364
0.0700954
0.0806218
0.0874825
0.0914605
0.0931829
0.0931463
0.0917397
0.0892662
0.0859579
0.081995
0.0775117
0.0726192
0.0673873
0.0619094
0.0561868
0.0503896
0.0443169
0.0385504
0.032036
0.0271554
0.0191674
0.0180974
0.0035982
0.0175639
-0.0253594
-11.306
-11.3342
-11.3644
-11.3968
-11.4319
-11.4703
-11.5125
-11.559
-11.6098
-11.6646
-11.723
-11.7837
-11.8455
-11.9068
-11.966
-12.0212
-12.0709
-12.1137
-12.1483
-12.1736
-12.1889
-12.1935
-12.1871
-12.1693
-12.1401
-12.0995
-12.0475
-11.984
-11.9092
-11.8231
-11.7255
-11.6163
-11.4951
-11.3615
-11.215
-11.0547
-10.8798
-10.6891
-10.4814
-10.2554
-10.0096
-9.74274
-9.45337
-9.14035
-8.8028
-8.44023
-8.05273
-7.64102
-7.20665
-6.75205
-6.28058
-5.79654
-5.30509
-4.81208
-4.32382
-3.84679
-3.38732
-2.95116
-2.5432
-2.16724
-1.82577
-1.52
-1.24991
-1.01442
-0.811623
-0.639034
-0.493794
-0.372884
-0.273283
-0.192086
-0.126583
-0.0743114
-0.0330779
-0.000965061
0.023677
0.0422476
0.0559176
0.0656549
0.0722498
0.0763409
0.0784392
0.0789493
0.0781905
0.0764113
0.0738078
0.0705294
0.0667018
0.0624078
0.057754
0.052751
0.047583
0.0420509
0.0367576
0.030632
0.0261051
0.0183677
0.0175701
0.00319285
0.0173585
-0.0254534
-11.2998
-11.3269
-11.356
-11.3871
-11.4208
-11.4573
-11.4971
-11.5405
-11.5874
-11.6377
-11.6906
-11.7454
-11.8008
-11.8554
-11.9079
-11.9566
-12.0002
-12.0372
-12.0665
-12.0872
-12.0984
-12.0995
-12.09
-12.0696
-12.0383
-11.9958
-11.9421
-11.8772
-11.801
-11.7135
-11.6146
-11.5041
-11.3816
-11.2467
-11.0988
-10.9372
-10.7611
-10.5694
-10.361
-10.1347
-9.88923
-9.62337
-9.33591
-9.02587
-8.69252
-8.33552
-7.95505
-7.5519
-7.12761
-6.68452
-6.22583
-5.7556
-5.27865
-4.80042
-4.32678
-3.86375
-3.41719
-2.99247
-2.5942
-2.22595
-1.89017
-1.5881
-1.31988
-1.08463
-0.880725
-0.705927
-0.557648
-0.43311
-0.329503
-0.244097
-0.174324
-0.11783
-0.0725049
-0.0364875
-0.00816659
0.0138344
0.0306759
0.043324
0.0525742
0.0590746
0.0633489
0.0658164
0.0668116
0.0665988
0.0653898
0.0633487
0.0606159
0.0572869
0.0534817
0.0492206
0.0447012
0.0397279
0.0349222
0.0292021
0.0250353
0.0175704
0.0170304
0.00282875
0.0171022
-0.0254016
-11.2927
-11.3185
-11.3463
-11.3761
-11.4081
-11.4426
-11.48
-11.5202
-11.5634
-11.6091
-11.6569
-11.706
-11.7554
-11.8038
-11.8499
-11.8925
-11.9301
-11.9616
-11.9858
-12.0019
-12.009
-12.0065
-11.9939
-11.9709
-11.9372
-11.8927
-11.8372
-11.7708
-11.6932
-11.6043
-11.5041
-11.3923
-11.2685
-11.1323
-10.9832
-10.8204
-10.6433
-10.4508
-10.2419
-10.0156
-9.7707
-9.50612
-9.22085
-8.91403
-8.58509
-8.23381
-7.86046
-7.46587
-7.05157
-6.61981
-6.17364
-5.71687
-5.25398
-4.79007
-4.33058
-3.88108
-3.44703
-3.03342
-2.64457
-2.28389
-1.95374
-1.65541
-1.38915
-1.1543
-0.949439
-0.772608
-0.62146
-0.49345
-0.385969
-0.296461
-0.222499
-0.16184
-0.112457
-0.0725505
-0.0405502
-0.0151055
0.00493026
0.020519
0.032459
0.041406
0.0478948
0.052358
0.0551445
0.0565338
0.0567527
0.05598
0.0543702
0.0520322
0.0490989
0.0456009
0.0417486
0.0373516
0.0330471
0.0277482
0.0239473
0.016776
0.0164786
0.00250443
0.0167965
-0.0252097
-11.2845
-11.3091
-11.3356
-11.3638
-11.394
-11.4264
-11.4612
-11.4983
-11.5377
-11.5791
-11.6221
-11.6658
-11.7095
-11.752
-11.7921
-11.8288
-11.8607
-11.8869
-11.9062
-11.9177
-11.9208
-11.9147
-11.8989
-11.8732
-11.8371
-11.7905
-11.7332
-11.665
-11.5859
-11.4956
-11.3941
-11.2809
-11.1559
-11.0185
-10.8682
-10.7044
-10.5264
-10.3334
-10.1243
-9.89819
-9.65412
-9.39111
-9.10827
-8.80491
-8.48056
-8.13513
-7.76896
-7.38293
-6.97851
-6.5579
-6.12397
-5.68028
-5.23106
-4.78101
-4.33518
-3.89876
-3.4768
-3.07396
-2.69429
-2.34101
-2.01643
-1.72185
-1.45765
-1.22332
-1.01768
-0.838986
-0.685139
-0.553812
-0.442593
-0.349096
-0.271032
-0.206272
-0.152873
-0.109099
-0.0734251
-0.0445294
-0.0212817
-0.00272701
0.0119333
0.0233607
0.0320994
0.038594
0.0432069
0.0462319
0.0479103
0.0484354
0.0479758
0.0466532
0.044614
0.0418991
0.0387313
0.0349268
0.031136
0.0262731
0.0228432
0.0159853
0.0159159
0.00221841
0.0164446
-0.0248852
-11.2753
-11.2987
-11.3237
-11.3503
-11.3786
-11.4088
-11.4408
-11.4748
-11.5106
-11.5479
-11.5862
-11.6249
-11.6631
-11.7
-11.7345
-11.7656
-11.7921
-11.8131
-11.8276
-11.8347
-11.8337
-11.8241
-11.8051
-11.7766
-11.738
-11.6892
-11.6299
-11.56
-11.4793
-11.3876
-11.2847
-11.1702
-11.0439
-10.9054
-10.7541
-10.5895
-10.4108
-10.2173
-10.0082
-9.78262
-9.53963
-9.27842
-8.99824
-8.69854
-8.37896
-8.0395
-7.68056
-7.30304
-6.90841
-6.49874
-6.07676
-5.64581
-5.20983
-4.77318
-4.34056
-3.91677
-3.5065
-3.11408
-2.74333
-2.3973
-2.07821
-1.78739
-1.5253
-1.29162
-1.08535
-0.904968
-0.748591
-0.614104
-0.499286
-0.401916
-0.319845
-0.251052
-0.193685
-0.146073
-0.106738
-0.07439
-0.047918
-0.0263768
-0.00896994
0.00496798
0.0159888
0.0245477
0.0310195
0.0357115
0.0388792
0.0407295
0.0414454
0.0411615
0.0400369
0.0381237
0.0356565
0.0324596
0.0291937
0.0247804
0.0217256
0.0151996
0.0153433
0.00196898
0.01605
-0.0244376
-11.2651
-11.2872
-11.3107
-11.3356
-11.3619
-11.3898
-11.4192
-11.4501
-11.4823
-11.5155
-11.5494
-11.5833
-11.6164
-11.648
-11.6772
-11.7029
-11.7242
-11.7403
-11.7501
-11.7529
-11.748
-11.7347
-11.7126
-11.6811
-11.64
-11.589
-11.5277
-11.456
-11.3736
-11.2804
-11.1761
-11.0604
-10.9329
-10.7933
-10.6411
-10.4757
-10.2965
-10.1028
-9.89392
-9.669
-9.42731
-9.16813
-8.89084
-8.59498
-8.28031
-7.94692
-7.59524
-7.22621
-6.84123
-6.44229
-6.03198
-5.61341
-5.19026
-4.76657
-4.3467
-3.93509
-3.53609
-3.15377
-2.79167
-2.4527
-2.13902
-1.85196
-1.59206
-1.35914
-1.15238
-0.970464
-0.811721
-0.67423
-0.555955
-0.454834
-0.368853
-0.296105
-0.234824
-0.183409
-0.140431
-0.104635
-0.0749319
-0.0503888
-0.0302134
-0.0137389
-0.000407341
0.0102455
0.018606
0.024994
0.0296783
0.0328795
0.0347944
0.0355703
0.0353793
0.0342849
0.0325329
0.0299572
0.0272262
0.0232747
0.020598
0.0144209
0.014763
0.00175472
0.0156174
-0.023878
-11.254
-11.2747
-11.2966
-11.3197
-11.344
-11.3696
-11.3963
-11.4241
-11.4529
-11.4822
-11.5118
-11.5411
-11.5694
-11.596
-11.6201
-11.6408
-11.6572
-11.6684
-11.6737
-11.6723
-11.6635
-11.6467
-11.6213
-11.587
-11.5433
-11.49
-11.4266
-11.353
-11.269
-11.1742
-11.0685
-10.9515
-10.8229
-10.6823
-10.5293
-10.3632
-10.1837
-9.99
-9.78148
-9.55747
-9.3173
-9.06036
-8.78614
-8.49429
-8.18466
-7.85741
-7.51302
-7.1524
-6.77694
-6.38854
-5.9896
-5.58306
-5.17232
-4.76114
-4.35356
-3.95369
-3.56558
-3.193
-2.83929
-2.50721
-2.19884
-1.91551
-1.65784
-1.42578
-1.21867
-1.03538
-0.874435
-0.734096
-0.612506
-0.507756
-0.417969
-0.341347
-0.276214
-0.221037
-0.174441
-0.135207
-0.102272
-0.0747165
-0.0517555
-0.0327225
-0.0170554
-0.00428212
0.00599364
0.0141036
0.0203294
0.0249049
0.0280399
0.0298951
0.030655
0.0303948
0.0293709
0.0274285
0.0252409
0.0217619
0.0194649
0.0136517
0.0141777
0.0015743
0.0151519
-0.0232188
-11.242
-11.2613
-11.2816
-11.3029
-11.3251
-11.3482
-11.3723
-11.3971
-11.4225
-11.4481
-11.4737
-11.4986
-11.5223
-11.5442
-11.5634
-11.5793
-11.5909
-11.5976
-11.5985
-11.593
-11.5804
-11.5601
-11.5315
-11.4943
-11.448
-11.3923
-11.3268
-11.2513
-11.1656
-11.0693
-10.9621
-10.8439
-10.7142
-10.5726
-10.4188
-10.2523
-10.0726
-9.879
-9.67105
-9.44813
-9.20968
-8.95517
-8.6842
-8.39651
-8.09204
-7.77098
-7.43387
-7.08161
-6.71553
-6.33743
-5.94958
-5.55471
-5.15598
-4.75688
-4.36115
-3.97258
-3.59495
-3.23178
-2.88619
-2.5608
-2.25763
-1.978
-1.72261
-1.49149
-1.28415
-1.09964
-0.936637
-0.793604
-0.66884
-0.560589
-0.467102
-0.386693
-0.317774
-0.258884
-0.2087
-0.166045
-0.129882
-0.0993086
-0.0735497
-0.0519408
-0.0339174
-0.0190012
-0.00678686
0.00306814
0.0108576
0.0168279
0.0212021
0.0241537
0.0258796
0.026467
0.0261824
0.0248837
0.0232463
0.0202489
0.018332
0.0128959
0.0135908
0.00142705
0.0146598
-0.0224733
-11.2291
-11.247
-11.2656
-11.285
-11.3052
-11.326
-11.3474
-11.3692
-11.3913
-11.4134
-11.435
-11.4558
-11.4752
-11.4925
-11.5072
-11.5184
-11.5256
-11.5279
-11.5246
-11.5151
-11.4987
-11.475
-11.4432
-11.4031
-11.3542
-11.2961
-11.2284
-11.151
-11.0635
-10.9656
-10.8571
-10.7376
-10.6069
-10.4645
-10.31
-10.1431
-9.96326
-9.76998
-9.56277
-9.34112
-9.10456
-8.85265
-8.58509
-8.30169
-8.00246
-7.68765
-7.35781
-7.01383
-6.65698
-6.28896
-5.91191
-5.52836
-5.14124
-4.75378
-4.36945
-3.99176
-3.62421
-3.27009
-2.93234
-2.61345
-2.31536
-2.0394
-1.78629
-1.55619
-1.34874
-1.16314
-0.998234
-0.852655
-0.724859
-0.613235
-0.516159
-0.432053
-0.359419
-0.296869
-0.243135
-0.19708
-0.157699
-0.124109
-0.0955448
-0.0713472
-0.0509511
-0.0338733
-0.0197009
-0.00808119
0.00129083
0.00867387
0.0143035
0.0183662
0.021071
0.0225174
0.0229814
0.0223348
0.0212527
0.018744
0.0172062
0.0121582
0.0130067
0.00131279
0.0141476
-0.0216554
-11.2155
-11.2318
-11.2488
-11.2663
-11.2844
-11.3028
-11.3216
-11.3406
-11.3595
-11.3781
-11.3961
-11.4129
-11.4281
-11.4412
-11.4515
-11.4584
-11.4612
-11.4593
-11.452
-11.4386
-11.4186
-11.3914
-11.3566
-11.3136
-11.262
-11.2015
-11.1317
-11.0523
-10.963
-10.8636
-10.7537
-10.633
-10.5012
-10.358
-10.2029
-10.0357
-9.85593
-9.66309
-9.45677
-9.23655
-9.00203
-8.75288
-8.48887
-8.20987
-7.91596
-7.60742
-7.28482
-6.94903
-6.60126
-6.2431
-5.87655
-5.50397
-5.12807
-4.75184
-4.37846
-4.01122
-3.65337
-3.30796
-2.97777
-2.66516
-2.37201
-2.09965
-1.84884
-1.61983
-1.41236
-1.22579
-1.05913
-0.911151
-0.780463
-0.665593
-0.565041
-0.477333
-0.401061
-0.334909
-0.277666
-0.228241
-0.185657
-0.149056
-0.117684
-0.0908903
-0.0681096
-0.0488559
-0.0327096
-0.0193093
-0.00833925
0.00047114
0.00736959
0.0125554
0.0162493
0.0185638
0.0197833
0.0197954
0.0192718
0.0172572
0.0160956
0.0114445
0.0124309
0.00123247
0.0136227
-0.0207788
-11.2011
-11.216
-11.2313
-11.2469
-11.2629
-11.279
-11.2952
-11.3114
-11.3273
-11.3425
-11.3569
-11.37
-11.3813
-11.3903
-11.3964
-11.3992
-11.3979
-11.3919
-11.3807
-11.3636
-11.3401
-11.3096
-11.2717
-11.2258
-11.1716
-11.1087
-11.0367
-10.9554
-10.8643
-10.7633
-10.652
-10.5301
-10.3973
-10.2533
-10.0978
-9.93041
-9.75075
-9.55846
-9.35317
-9.13452
-8.90219
-8.65594
-8.39558
-8.12108
-7.83254
-7.5303
-7.21491
-6.88721
-6.54835
-6.19983
-5.8435
-5.48155
-5.11648
-4.75104
-4.3882
-4.03099
-3.68242
-3.34537
-3.02246
-2.71592
-2.42757
-2.15873
-1.91021
-1.68232
-1.47493
-1.28752
-1.11923
-0.968992
-0.83555
-0.717562
-0.613647
-0.522435
-0.442606
-0.372915
-0.312211
-0.259448
-0.213684
-0.174082
-0.139907
-0.110513
-0.0853411
-0.0639016
-0.0457703
-0.0305775
-0.0179975
-0.00774867
0.000428682
0.00674654
0.0114373
0.0146262
0.016606
0.0172808
0.017317
0.0157997
0.0150098
0.0107622
0.0118699
0.0011881
0.0130927
-0.0198563
-11.1861
-11.1995
-11.2131
-11.2268
-11.2407
-11.2546
-11.2683
-11.2818
-11.2947
-11.3068
-11.3177
-11.3272
-11.3348
-11.3399
-11.3422
-11.341
-11.3358
-11.3259
-11.311
-11.2903
-11.2633
-11.2296
-11.1886
-11.1399
-11.0831
-11.0178
-10.9437
-10.8603
-10.7675
-10.6649
-10.5522
-10.4291
-10.2954
-10.1507
-9.99481
-9.82729
-9.64787
-9.45624
-9.25209
-9.03513
-8.80512
-8.56187
-8.30527
-8.03534
-7.75223
-7.45629
-7.14805
-6.82834
-6.49824
-6.15914
-5.81275
-5.46109
-5.10647
-4.75142
-4.39869
-4.05108
-3.71141
-3.38237
-3.06642
-2.76572
-2.48202
-2.21661
-1.97036
-1.74363
-1.53639
-1.34823
-1.17845
-1.02608
-0.890015
-0.769036
-0.661873
-0.567256
-0.483954
-0.410793
-0.346681
-0.290619
-0.241701
-0.199116
-0.162145
-0.130155
-0.102589
-0.0789589
-0.0588355
-0.0418425
-0.0276451
-0.0159503
-0.00648747
0.000968133
0.00666015
0.0107272
0.0134693
0.0148088
0.0154035
0.0143848
0.0139599
0.0101203
0.0113312
0.00118339
0.0125654
-0.0188987
-11.1706
-11.1825
-11.1944
-11.2063
-11.2182
-11.2298
-11.2411
-11.2519
-11.2619
-11.271
-11.2787
-11.2848
-11.2888
-11.2903
-11.2888
-11.2839
-11.2749
-11.2614
-11.2428
-11.2187
-11.1884
-11.1515
-11.1076
-11.0561
-10.9967
-10.929
-10.8527
-10.7674
-10.6728
-10.5687
-10.4546
-10.3304
-10.1957
-10.0504
-9.89409
-9.72652
-9.54743
-9.35656
-9.15365
-8.93849
-8.7109
-8.47074
-8.21799
-7.95269
-7.67504
-7.38538
-7.08425
-6.77243
-6.45093
-6.12103
-5.7843
-5.4426
-5.09805
-4.753
-4.40995
-4.07153
-3.74036
-3.41897
-3.10969
-2.81458
-2.53534
-2.27327
-2.02924
-1.80368
-1.59665
-1.40785
-1.23668
-1.08231
-0.943753
-0.819906
-0.70961
-0.611692
-0.525003
-0.448444
-0.380983
-0.321667
-0.269627
-0.224081
-0.184329
-0.14975
-0.119793
-0.0939718
-0.0718544
-0.0530579
-0.0372395
-0.0240956
-0.0133445
-0.00474895
0.00194564
0.00689146
0.0103951
0.0123986
0.0135484
0.0130272
0.0129584
0.00952913
0.0108232
0.00122377
0.0120484
-0.0179143
-11.1546
-11.165
-11.1753
-11.1854
-11.1952
-11.2047
-11.2137
-11.2219
-11.2292
-11.2354
-11.24
-11.2428
-11.2435
-11.2415
-11.2365
-11.228
-11.2155
-11.1985
-11.1764
-11.1489
-11.1155
-11.0755
-11.0287
-10.9745
-10.9126
-10.8426
-10.7641
-10.6768
-10.5805
-10.4747
-10.3593
-10.234
-10.0984
-9.95248
-9.79583
-9.62827
-9.44957
-9.25953
-9.05795
-8.84467
-8.61958
-8.3826
-8.13375
-7.87313
-7.60095
-7.31756
-7.02349
-6.71946
-6.4064
-6.08549
-5.75816
-5.42611
-5.09127
-4.75581
-4.42204
-4.0924
-3.76933
-3.45522
-3.15229
-2.86251
-2.58755
-2.32869
-2.08682
-1.86243
-1.65565
-1.46628
-1.29383
-1.13758
-0.996653
-0.870062
-0.756747
-0.655632
-0.565648
-0.485769
-0.415021
-0.3525
-0.297376
-0.248897
-0.206383
-0.169227
-0.136888
-0.10888
-0.0847708
-0.0641723
-0.0467336
-0.0321417
-0.0201034
-0.0103697
-0.00267484
0.00314706
0.00740863
0.0100725
0.0117712
0.0117441
0.01202
0.0090015
0.0103553
0.00131727
0.0115482
-0.0169064
-11.1384
-11.1473
-11.1559
-11.1643
-11.1722
-11.1796
-11.1863
-11.1921
-11.1968
-11.2001
-11.2018
-11.2016
-11.199
-11.1938
-11.1854
-11.1735
-11.1576
-11.1373
-11.112
-11.0812
-11.0447
-11.0018
-10.9521
-10.8953
-10.8309
-10.7586
-10.678
-10.5888
-10.4907
-10.3834
-10.2666
-10.1401
-10.0037
-9.85715
-9.70021
-9.5327
-9.35444
-9.16528
-8.96508
-8.75375
-8.53121
-8.29747
-8.05258
-7.79667
-7.52997
-7.25283
-6.96576
-6.66942
-6.36465
-6.05253
-5.73435
-5.41165
-5.08618
-4.75993
-4.43503
-4.11375
-3.79837
-3.49117
-3.19426
-2.90954
-2.63865
-2.38285
-2.14306
-1.91982
-1.71332
-1.52344
-1.3498
-1.19178
-1.0486
-0.919386
-0.80317
-0.698964
-0.605781
-0.522662
-0.448695
-0.383025
-0.324861
-0.273481
-0.22823
-0.188516
-0.153807
-0.123622
-0.0975289
-0.0751344
-0.0560808
-0.0400459
-0.0267258
-0.0158592
-0.00716981
-0.000477706
0.00453506
0.00785315
0.0100921
0.0105534
0.0111599
0.00855117
0.00993721
0.00147434
0.0110688
-0.0158716
-11.1219
-11.1293
-11.1364
-11.143
-11.1491
-11.1545
-11.159
-11.1624
-11.1646
-11.1653
-11.1643
-11.1611
-11.1556
-11.1472
-11.1357
-11.1206
-11.1015
-11.078
-11.0495
-11.0158
-10.9762
-10.9305
-10.8781
-10.8187
-10.7519
-10.6773
-10.5946
-10.5034
-10.4036
-10.2947
-10.1766
-10.049
-9.91177
-9.76461
-9.60739
-9.43995
-9.26216
-9.07391
-8.87514
-8.66579
-8.44586
-8.21539
-7.97448
-7.72329
-7.46208
-7.19118
-6.91105
-6.62231
-6.32571
-6.0222
-5.71294
-5.39929
-5.08286
-4.76545
-4.44901
-4.13567
-3.82758
-3.52689
-3.23565
-2.95569
-2.68862
-2.43572
-2.1979
-1.97576
-1.76955
-1.57922
-1.40447
-1.24478
-1.09948
-0.967763
-0.848766
-0.741581
-0.6453
-0.55903
-0.481917
-0.413157
-0.352
-0.297756
-0.249794
-0.207543
-0.170479
-0.13813
-0.110064
-0.0858828
-0.0652239
-0.0477554
-0.0331629
-0.0211731
-0.0114992
-0.00394669
0.00180691
0.00576962
0.00853677
0.00947815
0.0103973
0.00819584
0.00957998
0.00170948
0.0106104
-0.0147965
-11.1055
-11.1116
-11.1171
-11.122
-11.1263
-11.1297
-11.1321
-11.1333
-11.1332
-11.1314
-11.1276
-11.1217
-11.1133
-11.1021
-11.0876
-11.0694
-11.0473
-11.0208
-10.9894
-10.9527
-10.9103
-10.8618
-10.8068
-10.7448
-10.6756
-10.5988
-10.5141
-10.421
-10.3194
-10.2091
-10.0896
-9.96092
-9.82278
-9.67503
-9.51752
-9.35015
-9.17284
-8.98552
-8.78818
-8.58083
-8.36352
-8.13633
-7.89942
-7.65297
-7.39724
-7.13255
-6.85933
-6.57812
-6.28957
-5.99452
-5.69397
-5.38913
-5.08143
-4.77249
-4.46412
-4.1583
-3.85707
-3.56248
-3.27651
-3.00099
-2.73748
-2.48726
-2.25128
-2.03017
-1.82424
-1.6335
-1.45772
-1.29648
-1.14916
-1.01508
-0.893423
-0.783379
-0.684106
-0.594778
-0.514598
-0.442813
-0.378716
-0.32165
-0.271012
-0.226248
-0.186851
-0.152355
-0.122329
-0.0963751
-0.0741235
-0.0552338
-0.0393814
-0.0262809
-0.0156348
-0.00723407
-0.000752212
0.00384356
0.00712495
0.00853655
0.00974797
0.00795143
0.00929205
0.00204004
0.0101659
-0.0136511
-11.0889
-11.0936
-11.0977
-11.1011
-11.1037
-11.1053
-11.1057
-11.1049
-11.1025
-11.0983
-11.0921
-11.0837
-11.0726
-11.0586
-11.0413
-11.0203
-10.9953
-10.9659
-10.9317
-10.8922
-10.8471
-10.796
-10.7384
-10.6741
-10.6026
-10.5236
-10.4368
-10.3418
-10.2385
-10.1266
-10.0058
-9.876
-9.73698
-9.58861
-9.43081
-9.26349
-9.08663
-8.90023
-8.70431
-8.49895
-8.28425
-8.06036
-7.82745
-7.58573
-7.33548
-7.077
-6.81066
-6.53692
-6.25634
-5.96962
-5.6776
-5.38132
-5.08204
-4.78121
-4.4805
-4.18175
-3.8869
-3.59794
-3.31682
-3.04533
-2.78506
-2.5373
-2.30301
-2.08287
-1.87721
-1.68612
-1.50942
-1.34674
-1.19757
-1.06126
-0.937096
-0.824325
-0.722176
-0.629886
-0.546717
-0.471966
-0.40497
-0.345111
-0.291817
-0.244558
-0.20284
-0.16621
-0.134239
-0.106527
-0.0826983
-0.0624041
-0.0453094
-0.031116
-0.019516
-0.0102848
-0.00309275
0.00211928
0.00589575
0.00776321
0.00924027
0.00784427
0.00908656
0.00249032
0.00971718
-0.0123858
-11.073
-11.0764
-11.0791
-11.0809
-11.0818
-11.0816
-11.0802
-11.0773
-11.0728
-11.0664
-11.0579
-11.047
-11.0334
-11.0168
-10.9969
-10.9733
-10.9456
-10.9135
-10.8766
-10.8345
-10.7868
-10.7332
-10.6732
-10.6065
-10.5327
-10.4516
-10.3628
-10.266
-10.161
-10.0476
-9.92542
-9.79445
-9.6545
-9.50548
-9.34733
-9.18002
-9.00356
-8.81801
-8.62346
-8.42005
-8.20792
-7.98728
-7.75835
-7.52136
-7.27658
-7.02431
-6.76485
-6.49858
-6.22594
-5.94747
-5.66386
-5.37596
-5.08484
-4.79179
-4.49833
-4.20618
-3.91722
-3.63339
-3.35664
-3.08878
-2.8314
-2.58582
-2.35305
-2.13378
-1.92839
-1.737
-1.55948
-1.39551
-1.24463
-1.10626
-0.979744
-0.864386
-0.759479
-0.664324
-0.578245
-0.500593
-0.430753
-0.368144
-0.312225
-0.262493
-0.218471
-0.179719
-0.145814
-0.116354
-0.0909613
-0.0692764
-0.0509541
-0.0356835
-0.0231455
-0.0130999
-0.0052138
0.000599567
0.00485364
0.00716484
0.00888118
0.00788624
0.0089654
0.00308603
0.00923026
-0.0109121
-11.057
-11.0593
-11.0607
-11.0611
-11.0605
-11.0588
-11.0556
-11.0509
-11.0445
-11.036
-11.0254
-11.0123
-10.9964
-10.9774
-10.955
-10.9289
-10.8987
-10.8641
-10.8247
-10.7801
-10.7299
-10.6739
-10.6115
-10.5426
-10.4667
-10.3835
-10.2927
-10.1941
-10.0874
-9.97233
-9.84881
-9.71666
-9.57575
-9.42603
-9.26748
-9.10011
-8.924
-8.73925
-8.54602
-8.3445
-8.13491
-7.9175
-7.69254
-7.46027
-7.22098
-6.97492
-6.72235
-6.46353
-6.19878
-5.92846
-5.65308
-5.37329
-5.08996
-4.80422
-4.51745
-4.23129
-3.94756
-3.66823
-3.39527
-3.13056
-2.87573
-2.63215
-2.40085
-2.18251
-1.97755
-1.78608
-1.60799
-1.443
-1.29066
-1.15044
-1.02174
-0.903926
-0.796354
-0.698391
-0.609422
-0.528859
-0.45614
-0.390741
-0.332163
-0.279931
-0.233592
-0.192708
-0.156869
-0.125674
-0.0987342
-0.0756811
-0.0561574
-0.0398376
-0.026391
-0.0155601
-0.00700945
-0.000622595
0.00407893
0.00680987
0.00872545
0.0081238
0.00894905
0.00386476
0.00864495
-0.00911029
-11.0422
-11.0432
-11.0433
-11.0424
-11.0403
-11.037
-11.0322
-11.0257
-11.0174
-11.0071
-10.9944
-10.9792
-10.9611
-10.9399
-10.9153
-10.8869
-10.8544
-10.8174
-10.7757
-10.7287
-10.6763
-10.618
-10.5534
-10.4823
-10.4043
-10.3191
-10.2264
-10.126
-10.0175
-9.90094
-9.77599
-9.64258
-9.50061
-9.35007
-9.19098
-9.02339
-8.84745
-8.66332
-8.47122
-8.27141
-8.0642
-7.84988
-7.62877
-7.40118
-7.16737
-6.92758
-6.68199
-6.43075
-6.17402
-5.91197
-5.64487
-5.37317
-5.0975
-4.81883
-4.53839
-4.25775
-3.97874
-3.70335
-3.43367
-3.17165
-2.91902
-2.67719
-2.44721
-2.22979
-2.02532
-1.83391
-1.65543
-1.48961
-1.33599
-1.1941
-1.06334
-0.943153
-0.832962
-0.732212
-0.640367
-0.556915
-0.481347
-0.413164
-0.351915
-0.297159
-0.248473
-0.205441
-0.167654
-0.134712
-0.10622
-0.0817998
-0.0610801
-0.0437203
-0.0293763
-0.0177726
-0.00857043
-0.00162221
0.0035121
0.00665414
0.0087424
0.00854419
0.00902183
0.00485901
0.00787471
-0.00677035
-11.0277
-11.0278
-11.0269
-11.0248
-11.0215
-11.0169
-11.0107
-11.0027
-10.9928
-10.9807
-10.9662
-10.9491
-10.9291
-10.9059
-10.8792
-10.8486
-10.814
-10.7748
-10.7309
-10.6817
-10.6271
-10.5666
-10.4999
-10.4267
-10.3467
-10.2595
-10.1649
-10.0627
-9.95255
-9.83437
-9.70798
-9.57329
-9.43025
-9.27886
-9.1192
-8.95137
-8.77557
-8.59203
-8.40105
-8.20294
-7.99809
-7.78685
-7.56959
-7.34663
-7.11825
-6.88463
-6.64587
-6.40199
-6.15297
-5.89877
-5.63942
-5.37514
-5.10635
-4.83385
-4.55879
-4.28274
-4.00759
-3.73551
-3.46873
-3.20938
-2.95927
-2.71978
-2.49192
-2.27628
-2.07314
-1.88249
-1.70416
-1.53783
-1.38309
-1.23949
-1.10654
-0.983767
-0.870697
-0.766868
-0.671823
-0.585121
-0.506356
-0.435132
-0.37102
-0.313602
-0.262491
-0.217272
-0.177532
-0.142862
-0.112853
-0.0871116
-0.0652492
-0.0469063
-0.031723
-0.0194041
-0.00960694
-0.0021513
0.00336131
0.00686707
0.00906389
0.00924493
0.00923164
0.00611513
0.00677771
-0.00367158
-11.0143
-11.0133
-11.0112
-11.0079
-11.0034
-10.9974
-10.9898
-10.9803
-10.9689
-10.9552
-10.9391
-10.9203
-10.8986
-10.8735
-10.845
-10.8126
-10.776
-10.7349
-10.689
-10.6379
-10.5813
-10.5189
-10.4502
-10.3751
-10.2932
-10.2041
-10.1077
-10.0036
-9.89175
-9.77187
-9.64386
-9.50766
-9.36323
-9.21062
-9.04993
-8.88135
-8.70512
-8.52155
-8.33103
-8.13399
-7.93089
-7.72222
-7.50841
-7.28988
-7.06692
-6.83972
-6.60828
-6.3725
-6.1321
-5.8868
-5.63631
-5.38054
-5.11968
-4.85431
-4.58548
-4.31475
-4.04406
-3.7757
-3.5121
-3.2555
-3.00777
-2.77027
-2.54393
-2.32931
-2.12661
-1.93581
-1.75671
-1.58904
-1.43241
-1.28646
-1.15076
-1.02492
-0.908594
-0.801428
-0.703067
-0.61318
-0.531303
-0.456992
-0.389963
-0.329873
-0.276319
-0.228892
-0.187183
-0.150774
-0.119245
-0.0921856
-0.0691878
-0.0498714
-0.0338593
-0.0208346
-0.0104499
-0.00249127
0.00339622
0.00726855
0.00956248
0.0101488
0.00954125
0.00766988
0.00521603
0.000596819
-11.0029
-11.0013
-10.9985
-10.9945
-10.989
-10.982
-10.9733
-10.9627
-10.95
-10.9349
-10.9174
-10.897
-10.8736
-10.8469
-10.8167
-10.7825
-10.7441
-10.7011
-10.6533
-10.6004
-10.5419
-10.4775
-10.407
-10.33
-10.2462
-10.1553
-10.0571
-9.95137
-9.83785
-9.7164
-9.58694
-9.4494
-9.3038
-9.15022
-8.9888
-8.81978
-8.64347
-8.46026
-8.27059
-8.07497
-7.87395
-7.66806
-7.45781
-7.24364
-7.02586
-6.80461
-6.57986
-6.35138
-6.11877
-5.88154
-5.63921
-5.39147
-5.13827
-4.88001
-4.61759
-4.35246
-4.08656
-3.82222
-3.562
-3.30827
-3.06289
-2.82716
-2.60191
-2.38761
-2.18446
-1.99248
-1.81156
-1.64151
-1.48206
-1.33296
-1.19392
-1.06456
-0.9446
-0.833753
-0.731675
-0.638047
-0.552658
-0.475268
-0.405477
-0.342887
-0.287099
-0.237702
-0.194269
-0.156367
-0.123556
-0.0954031
-0.0714784
-0.0513805
-0.0347145
-0.0211435
-0.010316
-0.00198694
0.00415383
0.00828176
0.0105604
0.0114699
0.0100832
0.00954608
0.00300577
0.00620216
-10.9902
-10.9876
-10.9839
-10.9789
-10.9725
-10.9645
-10.9548
-10.9431
-10.9294
-10.9132
-10.8945
-10.873
-10.8484
-10.8205
-10.7889
-10.7534
-10.7136
-10.6693
-10.6201
-10.5657
-10.5057
-10.4398
-10.3676
-10.289
-10.2035
-10.1108
-10.0108
-9.90313
-9.78762
-9.66413
-9.53256
-9.39286
-9.24506
-9.08929
-8.92575
-8.75474
-8.57666
-8.39204
-8.20149
-8.00572
-7.80547
-7.60156
-7.39473
-7.18566
-6.97484
-6.76251
-6.54857
-6.33257
-6.11371
-5.89087
-5.66282
-5.42836
-5.18662
-4.9373
-4.68083
-4.41859
-4.15275
-3.88627
-3.62261
-3.36495
-3.11567
-2.87645
-2.64831
-2.43172
-2.22679
-2.03335
-1.85107
-1.67962
-1.51861
-1.36772
-1.22655
-1.09482
-0.972425
-0.859157
-0.754691
-0.65876
-0.571098
-0.491407
-0.419375
-0.354681
-0.296965
-0.245831
-0.200855
-0.161601
-0.127617
-0.0984538
-0.0736653
-0.0528302
-0.0355376
-0.0214319
-0.0101584
-0.00144341
0.00497902
0.00939784
0.011705
0.0129902
0.0108194
0.0117832
0.000283325
0.0134102
-10.9852
-10.9824
-10.9782
-10.9727
-10.9657
-10.957
-10.9464
-10.9339
-10.9191
-10.9019
-10.8821
-10.8594
-10.8335
-10.8043
-10.7713
-10.7344
-10.6932
-10.6474
-10.5967
-10.5407
-10.4792
-10.4117
-10.3381
-10.2579
-10.1709
-10.0769
-9.97543
-9.86641
-9.74964
-9.62497
-9.49232
-9.35168
-9.2031
-9.04675
-8.88285
-8.71176
-8.53392
-8.3499
-8.16036
-7.96604
-7.76773
-7.56625
-7.36235
-7.15668
-6.94971
-6.74162
-6.53228
-6.32114
-6.1073
-5.88951
-5.66638
-5.4365
-5.19883
-4.95289
-4.69906
-4.4387
-4.17415
-3.90859
-3.6461
-3.39037
-3.14358
-2.90693
-2.68101
-2.46598
-2.26176
-2.06816
-1.88497
-1.71199
-1.54896
-1.39565
-1.25205
-1.11789
-0.992872
-0.876828
-0.769671
-0.671212
-0.581239
-0.499508
-0.425711
-0.359495
-0.300468
-0.248215
-0.202293
-0.162245
-0.1276
-0.097893
-0.0726607
-0.0514674
-0.0338905
-0.0195616
-0.00812557
0.000713252
0.00718034
0.0116646
0.01381
0.0152642
0.0121827
0.0144101
-0.00224305
0.0207962
-10.9711
-10.968
-10.9634
-10.9576
-10.9502
-10.9412
-10.9303
-10.9174
-10.9023
-10.8848
-10.8645
-10.8413
-10.815
-10.7852
-10.7516
-10.714
-10.672
-10.6253
-10.5736
-10.5165
-10.4538
-10.385
-10.3098
-10.2279
-10.139
-10.0427
-9.93885
-9.82707
-9.70719
-9.57906
-9.44256
-9.29768
-9.14446
-8.98309
-8.81387
-8.63726
-8.45387
-8.26451
-8.07019
-7.87207
-7.67147
-7.4698
-7.26842
-7.06855
-6.87103
-6.67618
-6.48359
-6.29201
-6.09938
-5.90296
-5.69969
-5.48663
-5.26154
-5.02333
-4.77238
-4.51071
-4.24158
-3.96958
-3.70019
-3.43755
-3.18424
-2.94183
-2.71089
-2.49153
-2.28361
-2.0869
-1.90107
-1.72583
-1.56095
-1.40614
-1.26111
-1.12572
-0.999689
-0.882785
-0.774823
-0.675582
-0.584832
-0.502314
-0.42773
-0.360754
-0.301019
-0.248122
-0.201628
-0.161083
-0.126015
-0.0959519
-0.0704237
-0.0489861
-0.0312091
-0.016716
-0.00515252
0.0037919
0.0103098
0.0148648
0.0169077
0.0185159
0.0147613
0.0179345
-0.0023352
0.0269268
-10.9749
-10.971
-10.9657
-10.959
-10.9507
-10.9407
-10.9288
-10.9147
-10.8984
-10.8796
-10.858
-10.8334
-10.8056
-10.7743
-10.7393
-10.7001
-10.6565
-10.6082
-10.5549
-10.4962
-10.4318
-10.3614
-10.2846
-10.2011
-10.1106
-10.0128
-9.9075
-9.7944
-9.67334
-9.5442
-9.40692
-9.26153
-9.10816
-8.94708
-8.77868
-8.60351
-8.42229
-8.23594
-8.04552
-7.85227
-7.6575
-7.46255
-7.26869
-7.0769
-6.8878
-6.70139
-6.51696
-6.33299
-6.1472
-5.95666
-5.75819
-5.5487
-5.32573
-5.08789
-4.8353
-4.56967
-4.29439
-4.01345
-3.73397
-3.46307
-3.20322
-2.9555
-2.72042
-2.49786
-2.28747
-2.08876
-1.90122
-1.72446
-1.55817
-1.40205
-1.25589
-1.11942
-0.992426
-0.874684
-0.766017
-0.666219
-0.575062
-0.492287
-0.417588
-0.350622
-0.291003
-0.238308
-0.192086
-0.151866
-0.117162
-0.0874905
-0.062372
-0.0413558
-0.0240081
-0.00994931
0.0011737
0.00967921
0.015743
0.0198728
0.021415
0.0226843
0.0182165
0.0213966
1.23753e-05
0.0289654
-12.3688
-12.3694
-12.4514
-12.4629
-12.463
-12.4415
-12.4161
-12.3984
-12.4077
-12.4475
-12.5259
-12.6478
-12.8095
-13
-13.2042
-13.4063
-13.5931
-13.7548
-13.8862
-13.9854
-14.0531
-14.0916
-14.1037
-14.0925
-14.0609
-14.0112
-13.9451
-13.8639
-13.7683
-13.6587
-13.535
-13.3969
-13.2439
-13.0758
-12.8922
-12.6907
-12.4663
-12.2186
-11.9452
-11.6437
-11.3109
-10.9435
-10.5377
-10.0898
-9.5958
-9.05208
-8.4553
-7.80291
-7.09356
-6.3277
-5.50824
-4.64143
-3.73762
-2.81218
-1.88565
-0.984006
-0.136805
0.626257
1.27789
1.79807
2.1783
2.42246
2.54473
2.56558
2.50774
2.3933
2.24193
2.06997
1.89005
1.71125
1.53962
1.37878
1.23056
1.09558
0.973699
0.864267
0.766434
0.679186
0.601695
0.532862
0.47285
0.420257
0.370678
0.323868
0.281096
0.242781
0.208845
0.179083
0.153005
0.130209
0.109983
0.0923626
0.0763466
0.0637096
0.0497409
0.0427416
0.0267207
0.0328025
-0.00133807
0.0420065
-12.4948
-12.5324
-12.5625
-12.5826
-12.5547
-12.4898
-12.4224
-12.3888
-12.3871
-12.4232
-12.5143
-12.666
-12.8683
-13.1007
-13.3391
-13.5623
-13.7558
-13.912
-14.0288
-14.1084
-14.1547
-14.1724
-14.1662
-14.1398
-14.0966
-14.0388
-13.9679
-13.885
-13.7904
-13.6842
-13.566
-13.4348
-13.2898
-13.1286
-12.9489
-12.7497
-12.5338
-12.2979
-12.0393
-11.7552
-11.4425
-11.0977
-10.7172
-10.2975
-9.83456
-9.32475
-8.76464
-8.1514
-7.48319
-6.75971
-5.98276
-5.15707
-4.29098
-3.39746
-2.49468
-1.60577
-0.758114
0.0185081
0.695617
1.25111
1.67359
1.96422
2.13493
2.20434
2.19363
2.1236
2.01301
1.87762
1.72979
1.57864
1.43042
1.28914
1.15711
1.03543
0.924417
0.823849
0.7332
0.65178
0.578704
0.513167
0.45345
0.398926
0.351421
0.310084
0.272774
0.238999
0.208262
0.180355
0.155058
0.132326
0.111734
0.0935844
0.0764243
0.0620535
0.0470319
0.0392247
0.0225341
0.0289275
-0.00817687
0.0474821
-12.3866
-12.465
-12.4763
-12.4835
-12.4639
-12.4479
-12.4458
-12.4736
-12.5406
-12.6512
-12.8019
-12.9813
-13.1744
-13.3667
-13.5462
-13.7051
-13.8391
-13.9466
-14.0279
-14.0843
-14.1176
-14.13
-14.1236
-14.1002
-14.0615
-14.0087
-13.9429
-13.8648
-13.7746
-13.6725
-13.5582
-13.4314
-13.2914
-13.1378
-12.969
-12.7832
-12.5795
-12.3559
-12.1104
-11.8405
-11.5432
-11.2154
-10.8537
-10.4543
-10.0134
-9.52722
-8.99208
-8.40487
-7.76328
-7.06635
-6.31504
-5.513
-4.66724
-3.789
-2.89467
-2.00608
-1.15003
-0.35697
0.342529
0.923385
1.37168
1.68735
1.88227
1.97541
1.98806
1.94092
1.85249
1.7382
1.61004
1.4768
1.34453
1.21716
1.09705
0.985479
0.882944
0.78946
0.704722
0.62823
0.559407
0.497565
0.442157
0.39248
0.347468
0.306198
0.268722
0.234745
0.204051
0.17651
0.151806
0.129732
0.109761
0.0920604
0.075593
0.0618834
0.0474485
0.0393033
0.0231786
0.0275644
-0.00625217
0.0414505
-12.2319
-12.3259
-12.355
-12.3719
-12.3723
-12.3822
-12.4143
-12.4806
-12.5833
-12.7211
-12.887
-13.0707
-13.2603
-13.4446
-13.6148
-13.7645
-13.89
-13.9898
-14.0642
-14.1145
-14.1426
-14.1509
-14.1414
-14.1162
-14.0767
-14.0242
-13.9597
-13.8836
-13.7963
-13.6976
-13.5874
-13.4651
-13.3299
-13.1811
-13.0178
-12.8389
-12.6435
-12.4297
-12.1954
-11.9381
-11.655
-11.3427
-10.998
-10.617
-10.1958
-9.73043
-9.21713
-8.65242
-8.03353
-7.35889
-6.62866
-5.84549
-5.01526
-4.14796
-3.25875
-2.36859
-1.50426
-0.697068
0.0206904
0.621789
1.09057
1.42622
1.64069
1.75309
1.78476
1.75645
1.68672
1.59085
1.48051
1.36404
1.24714
1.13354
1.02556
0.924501
0.83101
0.745252
0.667076
0.596135
0.531923
0.473892
0.421294
0.373553
0.330563
0.292159
0.257647
0.22645
0.198176
0.172541
0.149219
0.128065
0.108682
0.0912567
0.0748379
0.0608749
0.0464693
0.0378287
0.0222816
0.0251273
-0.00526977
0.035386
-12.0955
-12.2005
-12.2418
-12.2677
-12.2865
-12.3218
-12.3839
-12.4797
-12.6084
-12.7654
-12.942
-13.1278
-13.3122
-13.4863
-13.6436
-13.78
-13.8935
-13.9837
-14.0512
-14.0973
-14.1238
-14.1323
-14.1245
-14.1019
-14.0655
-14.0165
-13.9555
-13.883
-13.7993
-13.7044
-13.5981
-13.4801
-13.35
-13.2072
-13.0507
-12.8796
-12.6926
-12.4881
-12.264
-12.0179
-11.747
-11.4482
-11.118
-10.7527
-10.3483
-9.9007
-9.40594
-8.86035
-8.26085
-7.60545
-6.89376
-6.12774
-5.31245
-4.45705
-3.57591
-2.68938
-1.82405
-1.01149
-0.28449
0.329303
0.814083
1.16874
1.40408
1.53752
1.58935
1.58045
1.52975
1.45247
1.35985
1.25978
1.15766
1.05709
0.960423
0.869108
0.78394
0.705262
0.6331
0.567269
0.507437
0.453192
0.404072
0.359607
0.319383
0.282881
0.249725
0.219515
0.192155
0.167355
0.144842
0.124462
0.105831
0.0890817
0.0734222
0.0600518
0.0463723
0.0375844
0.0231729
0.023966
-0.00177037
0.0286288
-12.0248
-12.1242
-12.1718
-12.2033
-12.2316
-12.277
-12.3492
-12.4538
-12.5894
-12.7503
-12.9276
-13.1116
-13.2926
-13.463
-13.6172
-13.7514
-13.8638
-13.9541
-14.0227
-14.0708
-14.0997
-14.1111
-14.1064
-14.0869
-14.0538
-14.0079
-13.95
-13.8806
-13.8
-13.7082
-13.6053
-13.4911
-13.3652
-13.227
-13.0759
-12.9109
-12.7309
-12.5341
-12.3186
-12.082
-11.8216
-11.5343
-11.2165
-10.8645
-10.4742
-10.0414
-9.56209
-9.03234
-8.44886
-7.80937
-7.11315
-6.36175
-5.55985
-4.71625
-3.84505
-2.9665
-2.10723
-1.29868
-0.572827
0.0443706
0.538895
0.909485
1.16397
1.31675
1.38761
1.39815
1.36732
1.3096
1.23543
1.15218
1.06503
0.97761
0.892354
0.810869
0.73413
0.662658
0.596646
0.536057
0.480688
0.430239
0.384328
0.342561
0.304663
0.270317
0.239203
0.210919
0.185212
0.161825
0.140489
0.121061
0.103215
0.0870628
0.0719402
0.0588549
0.0456841
0.0366808
0.0233654
0.0222818
0.0010063
0.0219913
-12.0091
-12.0918
-12.1335
-12.1628
-12.1923
-12.2387
-12.3107
-12.4137
-12.5465
-12.7039
-12.8776
-13.0582
-13.237
-13.4063
-13.5605
-13.696
-13.8107
-13.9041
-13.9765
-14.0287
-14.0619
-14.0776
-14.0769
-14.0613
-14.0316
-13.9889
-13.934
-13.8672
-13.7892
-13.7001
-13.6
-13.4888
-13.3663
-13.2321
-13.0855
-12.9256
-12.7513
-12.561
-12.3526
-12.1239
-11.8722
-11.5942
-11.2864
-10.9451
-10.566
-10.145
-9.67782
-9.16048
-8.58956
-7.96265
-7.2789
-6.53975
-5.74982
-4.918
-4.05855
-3.19196
-2.34485
-1.54783
-0.830647
-0.215847
0.284537
0.666787
0.934656
1.10195
1.18989
1.2199
1.2094
1.17141
1.11548
1.04863
0.975975
0.901187
0.826871
0.754804
0.686145
0.621589
0.56149
0.50596
0.454928
0.408211
0.36555
0.326641
0.291225
0.258983
0.229623
0.202834
0.178413
0.156147
0.1358
0.117236
0.100175
0.0846902
0.0702377
0.057607
0.0450952
0.0359979
0.0238469
0.0209659
0.00393011
0.0159779
-11.9952
-12.0603
-12.0967
-12.124
-12.1523
-12.196
-12.2634
-12.3598
-12.4855
-12.6361
-12.8044
-12.9814
-13.1586
-13.3282
-13.4846
-13.6237
-13.743
-13.8415
-13.9193
-13.9768
-14.015
-14.0353
-14.0387
-14.0266
-14
-13.96
-13.9073
-13.8426
-13.7665
-13.6793
-13.5813
-13.4724
-13.3525
-13.2213
-13.0783
-12.9225
-12.7528
-12.5676
-12.365
-12.1427
-11.8978
-11.6272
-11.3273
-10.9942
-10.6238
-10.2117
-9.75368
-9.24569
-8.68427
-8.06702
-7.39315
-6.66423
-5.88514
-5.06517
-4.21904
-3.36759
-2.53703
-1.75614
-1.05099
-0.440737
0.0610636
0.446397
0.719404
0.897093
1.00086
1.04971
1.05865
1.03929
1.00049
0.949032
0.889983
0.827111
0.763154
0.700046
0.639108
0.581192
0.526798
0.476166
0.429343
0.386249
0.346713
0.310508
0.27743
0.247228
0.219665
0.194474
0.171451
0.150398
0.131101
0.113435
0.097159
0.0823193
0.0684827
0.056245
0.0443276
0.035137
0.0240814
0.0195677
0.00639316
0.010498
-12.0348
-12.0724
-12.088
-12.1003
-12.1179
-12.152
-12.2093
-12.2956
-12.4115
-12.5538
-12.7159
-12.8894
-13.0655
-13.2366
-13.3962
-13.5399
-13.6646
-13.7688
-13.8523
-13.9151
-13.9582
-13.9827
-13.9897
-13.9806
-13.9565
-13.9185
-13.8674
-13.8042
-13.7294
-13.6436
-13.547
-13.4399
-13.322
-13.1933
-13.0531
-12.9006
-12.7346
-12.5536
-12.3556
-12.1383
-11.8987
-11.6338
-11.3398
-11.0129
-10.6488
-10.2432
-9.79179
-9.29052
-8.73604
-8.12606
-7.46001
-6.73983
-5.9709
-5.16312
-4.33179
-3.49778
-2.68617
-1.9226
-1.22944
-0.626766
-0.132545
0.246624
0.520518
0.707522
0.826151
0.892212
0.918705
0.916142
0.892875
0.855442
0.808878
0.757003
0.702656
0.647902
0.594199
0.542533
0.493531
0.447548
0.404737
0.36511
0.32858
0.294992
0.264189
0.235962
0.21011
0.186411
0.164684
0.144757
0.126445
0.10963
0.094112
0.0799061
0.0666826
0.0548514
0.043528
0.0342848
0.0242693
0.0182885
0.00859137
0.0056823
-11.992
-12.0291
-12.0463
-12.0572
-12.0691
-12.094
-12.1403
-12.215
-12.3205
-12.4546
-12.6113
-12.7824
-12.9589
-13.1324
-13.2962
-13.445
-13.5754
-13.6854
-13.7742
-13.842
-13.8894
-13.9175
-13.9277
-13.921
-13.8988
-13.8623
-13.8125
-13.7504
-13.6766
-13.5919
-13.4965
-13.3908
-13.2747
-13.148
-13.0102
-12.8605
-12.6976
-12.5199
-12.3256
-12.1121
-11.8767
-11.616
-11.3264
-11.0038
-10.6441
-10.243
-9.79603
-9.29939
-8.74983
-8.14533
-7.48569
-6.77338
-6.01444
-5.21945
-4.40408
-3.58864
-2.79594
-2.04841
-1.36919
-0.782828
-0.305312
0.0645513
0.339629
0.535623
0.667448
0.748478
0.790269
0.80249
0.793028
0.76819
0.732934
0.691094
0.645575
0.598543
0.551562
0.505732
0.461787
0.420182
0.381162
0.344821
0.311144
0.280039
0.251394
0.225047
0.200836
0.178574
0.158102
0.139268
0.121911
0.10592
0.0911312
0.0775323
0.0648894
0.0534418
0.0426744
0.0333947
0.0243409
0.0170547
0.0104654
0.00144381
-12.1035
-12.0891
-12.0664
-12.0439
-12.0298
-12.0312
-12.0568
-12.1147
-12.2079
-12.3345
-12.4878
-12.6588
-12.8376
-13.0152
-13.1841
-13.3384
-13.4744
-13.5897
-13.6834
-13.7555
-13.8067
-13.838
-13.8507
-13.8461
-13.8256
-13.7904
-13.7418
-13.6807
-13.608
-13.5243
-13.4303
-13.326
-13.2116
-13.0868
-12.9512
-12.8038
-12.6435
-12.4687
-12.2773
-12.0668
-11.8344
-11.5767
-11.29
-10.9704
-10.6135
-10.2152
-9.77104
-9.27743
-8.73135
-8.13113
-7.4771
-6.77235
-6.02364
-5.24204
-4.44309
-3.64563
-2.87016
-2.1401
-1.483
-0.921351
-0.462113
-0.0993278
0.177918
0.38183
0.524789
0.618502
0.67342
0.698495
0.701181
0.687547
0.662444
0.629684
0.592212
0.552259
0.511475
0.47105
0.431809
0.394292
0.358825
0.325572
0.294582
0.265821
0.239218
0.214652
0.191994
0.171091
0.151805
0.134003
0.117548
0.102338
0.0882401
0.0752176
0.0631247
0.0520433
0.041799
0.0325009
0.0243315
0.0158928
0.0120704
-0.00225299
-11.9445
-11.9851
-11.9865
-11.9664
-11.9393
-11.9242
-11.9352
-11.9832
-12.0711
-12.1964
-12.3511
-12.5254
-12.7086
-12.891
-13.0648
-13.224
-13.3645
-13.484
-13.5814
-13.6569
-13.711
-13.7449
-13.7596
-13.7568
-13.7378
-13.704
-13.6566
-13.5967
-13.5252
-13.4429
-13.3503
-13.2476
-13.1349
-13.012
-12.8784
-12.7332
-12.5751
-12.4026
-12.2135
-12.0052
-11.7749
-11.5193
-11.2345
-10.9165
-10.5612
-10.1643
-9.72179
-9.23008
-8.68654
-8.08997
-7.44129
-6.74424
-6.00611
-5.23806
-4.45476
-3.67376
-2.917
-2.21197
-1.58442
-1.04766
-0.602733
-0.244629
0.0346405
0.244995
0.397137
0.501501
0.567619
0.603814
0.617136
0.613412
0.597372
0.572785
0.542606
0.509108
0.474006
0.438561
0.403671
0.36995
0.337792
0.307423
0.278949
0.252384
0.227699
0.204808
0.183612
0.163989
0.14582
0.128993
0.113389
0.0989147
0.0854671
0.0729865
0.0614083
0.0506706
0.0409113
0.0316066
0.0242429
0.0147916
0.013426
-0.00547811
-12.2793
-12.162
-12.0565
-11.9663
-11.8939
-11.8455
-11.833
-11.8657
-11.9457
-12.0685
-12.2239
-12.4006
-12.5868
-12.7723
-12.9488
-13.1104
-13.2532
-13.3747
-13.4742
-13.5515
-13.6071
-13.6423
-13.6584
-13.6569
-13.6391
-13.6066
-13.5605
-13.5019
-13.4319
-13.351
-13.26
-13.1589
-13.048
-12.9269
-12.7952
-12.6519
-12.4957
-12.3249
-12.1375
-11.9308
-11.7018
-11.4473
-11.1634
-10.8461
-10.4914
-10.0951
-9.65336
-9.1629
-8.6215
-8.02846
-7.38526
-6.69613
-5.96849
-5.21315
-4.44447
-3.68181
-2.95062
-2.27695
-1.67809
-1.16108
-0.726896
-0.372601
-0.091958
0.123493
0.283171
0.396472
0.472139
0.51794
0.540551
0.545568
0.537589
0.520327
0.496728
0.46909
0.439173
0.408294
0.37741
0.347196
0.318105
0.290416
0.264285
0.239769
0.216874
0.195549
0.175722
0.157296
0.140175
0.124259
0.109452
0.0956668
0.0828269
0.070852
0.0597518
0.0493344
0.0400215
0.0307197
0.0240848
0.0137485
0.0145577
-0.00829146
-11.709
-11.8384
-11.8228
-11.7858
-11.7306
-11.6936
-11.6928
-11.7401
-11.8312
-11.9621
-12.1215
-12.2997
-12.4856
-12.6702
-12.8457
-13.0063
-13.1484
-13.2695
-13.3686
-13.4457
-13.5014
-13.5369
-13.5534
-13.5524
-13.5355
-13.5038
-13.4588
-13.4014
-13.3326
-13.2532
-13.1636
-13.0641
-12.9547
-12.8353
-12.7051
-12.5633
-12.4085
-12.239
-12.0526
-11.8467
-11.6184
-11.3642
-11.0805
-10.7632
-10.4084
-10.0121
-9.57063
-9.08118
-8.54189
-7.95252
-7.31491
-6.63344
-5.91559
-5.17263
-4.42098
-3.68281
-2.98236
-2.33858
-1.76282
-1.26126
-0.836045
-0.485309
-0.203878
0.0155873
0.181468
0.302289
0.386116
0.440225
0.47095
0.483669
0.482848
0.472136
0.454459
0.432125
0.406925
0.380216
0.353007
0.326022
0.299762
0.274554
0.250595
0.227982
0.206753
0.186886
0.168335
0.151025
0.134879
0.119813
0.105749
0.0926041
0.0803287
0.0688227
0.0581635
0.0480423
0.0391366
0.0298452
0.0238639
0.0127594
0.0154848
-0.0107487
-12.7039
-12.1209
-12.0044
-11.8488
-11.7202
-11.6485
-11.6313
-11.6662
-11.7538
-11.8815
-12.0404
-12.2174
-12.402
-12.5843
-12.7571
-12.915
-13.0544
-13.173
-13.2701
-13.3456
-13.4001
-13.4347
-13.4507
-13.4495
-13.4326
-13.4012
-13.3567
-13.3
-13.2321
-13.1536
-13.0651
-12.9668
-12.8586
-12.7403
-12.6112
-12.4703
-12.3164
-12.1475
-11.9616
-11.7559
-11.5275
-11.273
-10.9887
-10.6708
-10.3153
-9.91848
-9.47699
-8.98827
-8.45089
-7.865
-7.23275
-6.55894
-5.85187
-5.12457
-4.3955
-3.68593
-3.01457
-2.39524
-1.83802
-1.34945
-0.932112
-0.584727
-0.302937
-0.0802987
0.0907116
0.217884
0.308702
0.370005
0.407822
0.427325
0.432855
0.427991
0.415631
0.398085
0.377163
0.354255
0.330407
0.306385
0.28273
0.259811
0.23786
0.217009
0.197324
0.178811
0.161444
0.145172
0.129932
0.115656
0.102281
0.0897298
0.0779765
0.0669035
0.0566493
0.0468011
0.0382651
0.0289897
0.0235914
0.0118229
0.0162324
-0.0128968
)
;

boundaryField
{
    outlet
    {
        type            fixedValue;
        value           uniform 0;
    }
    inlet
    {
        type            zeroGradient;
    }
    lowerWall
    {
        type            zeroGradient;
    }
    upperWall
    {
        type            zeroGradient;
    }
    frontAndBack
    {
        type            empty;
    }
}


// ************************************************************************* //
