/*--------------------------------*- C++ -*----------------------------------*\
  =========                 |
  \\      /  F ield         | OpenFOAM: The Open Source CFD Toolbox
   \\    /   O peration     | Website:  https://openfoam.org
    \\  /    A nd           | Version:  10
     \\/     M anipulation  |
\*---------------------------------------------------------------------------*/
FoamFile
{
    format      ascii;
    class       volScalarField;
    location    "0.075";
    object      k;
}
// * * * * * * * * * * * * * * * * * * * * * * * * * * * * * * * * * * * * * //

dimensions      [0 2 -2 0 0 0 0];

internalField   nonuniform List<scalar> 
6820
(
0.198344
0.19481
0.191217
0.187601
0.184012
0.180476
0.177004
0.173601
0.170266
0.167001
0.163802
0.160668
0.157595
0.154578
0.151613
0.148693
0.14581
0.142957
0.140122
0.137292
0.134451
0.131578
0.128647
0.125627
0.122475
0.119137
0.115545
0.111606
0.107211
0.102193
0.0963754
0.089597
0.0806976
0.200925
0.200905
0.20048
0.200025
0.199566
0.199095
0.198605
0.198094
0.197562
0.197009
0.196438
0.195851
0.195252
0.194644
0.194029
0.193411
0.192793
0.192178
0.19157
0.190971
0.190384
0.189812
0.189255
0.188713
0.188184
0.187661
0.187129
0.186562
0.185915
0.185107
0.184033
0.182433
0.180275
0.236735
0.0166079
0.00858671
0.0103306
0.0071342
0.00778333
0.00951229
0.0114612
0.0135727
0.0157693
0.0180176
0.0203015
0.0226102
0.0249377
0.0272818
0.0296432
0.0320258
0.034437
0.0368876
0.0393928
0.0419725
0.0446527
0.0474666
0.0504564
0.053675
0.0571883
0.0610768
0.0654382
0.0703836
0.0760439
0.0825383
0.090002
0.0984865
0.210789
0.147894
0.104798
0.0794248
0.0637733
0.0531892
0.0453941
0.0392839
0.0342854
0.0300763
0.0264617
0.0233164
0.0205562
0.0181226
0.0159744
0.014082
0.0124241
0.0109852
0.00975331
0.00871839
0.00787149
0.00720421
0.00670933
0.00638233
0.00622401
0.00624376
0.00646386
0.00692605
0.0076984
0.00889126
0.0106638
0.0132688
0.016907
0.223442
0.082724
0.0210683
0.0041261
0.000682078
0.000430719
0.000742304
0.00105549
0.00131002
0.001524
0.00171123
0.00187638
0.00201983
0.0021407
0.00223818
0.00231189
0.00236188
0.00238855
0.00239243
0.00237408
0.00233384
0.00227168
0.00218702
0.00207854
0.00194414
0.00178069
0.00158414
0.00135347
0.00107489
0.000806432
0.0003574
2.44881e-05
0.000377864
0.217167
0.114452
0.0537648
0.030152
0.0210639
0.0167079
0.013636
0.0108098
0.00804706
0.00551045
0.00344018
0.00196281
0.00103673
0.000518928
0.000255341
0.0001298
7.15017e-05
4.58741e-05
3.63467e-05
3.49208e-05
3.78103e-05
4.30919e-05
4.94731e-05
5.57517e-05
2.77862e-05
0.000960117
0.000719458
0.000701632
0.000605513
0.000493828
0.000351603
0.000149721
0.00043396
0.213536
0.132837
0.0667912
0.0352243
0.0220296
0.016351
0.0135801
0.0120317
0.0110571
0.0103788
0.00986686
0.00945605
0.00910959
0.00880189
0.0085086
0.00820801
0.00794503
0.00766166
0.00731833
0.00693231
0.00654589
0.00619013
0.00587474
0.00559576
0.00534485
0.00511602
0.00490199
0.00469428
0.00448514
0.00427224
0.00405381
0.00382491
0.00357428
0.204288
0.179073
0.12887
0.0756767
0.0426381
0.0262358
0.018434
0.014545
0.0124373
0.0111885
0.0103854
0.00982589
0.00939657
0.00901942
0.0086312
0.00825719
0.00811418
0.0081191
0.00815826
0.00819042
0.00820944
0.00821743
0.00821573
0.00820301
0.00817708
0.00813511
0.0080749
0.0079951
0.0078948
0.00777213
0.00762712
0.00745862
0.00726643
0.202936
0.185709
0.160456
0.124291
0.0871231
0.0593409
0.0416048
0.0309278
0.0244914
0.0204571
0.017777
0.0158728
0.0144177
0.013229
0.0122492
0.0115611
0.0113519
0.0114019
0.0115391
0.011698
0.0118571
0.0120077
0.0121422
0.012254
0.0123368
0.0123859
0.012398
0.012371
0.0123041
0.0121974
0.0120527
0.0118719
0.01166
0.202271
0.189056
0.173398
0.155099
0.130323
0.102511
0.0775333
0.0584621
0.0451979
0.0362891
0.0302836
0.0261392
0.0232056
0.021129
0.019776
0.0191391
0.0190691
0.0192956
0.0196397
0.0200114
0.0203671
0.0206888
0.0209649
0.0211857
0.021343
0.0214304
0.0214433
0.0213798
0.0212401
0.0210266
0.0207444
0.0204
0.0200034
0.201809
0.191387
0.179025
0.167018
0.153776
0.138463
0.121341
0.103756
0.0874805
0.0736459
0.0625529
0.0540131
0.047687
0.0432799
0.0405652
0.0392407
0.0388693
0.039035
0.0394685
0.0399814
0.040493
0.0409681
0.0413807
0.0417081
0.041932
0.0420384
0.0420184
0.0418676
0.0415866
0.041179
0.0406546
0.0400247
0.0393061
0.201486
0.193013
0.18296
0.173823
0.165172
0.156449
0.147062
0.136571
0.125203
0.1137
0.102912
0.0935302
0.0859897
0.0804677
0.076899
0.0749118
0.0740005
0.0735854
0.0733958
0.0732863
0.0732134
0.0731505
0.0730738
0.0729612
0.0727937
0.0725552
0.072233
0.071817
0.0713015
0.0706826
0.0699638
0.0691494
0.0682471
0.201249
0.194197
0.185708
0.178101
0.171431
0.165712
0.160728
0.155914
0.150753
0.145023
0.138836
0.132568
0.126718
0.121725
0.117815
0.114652
0.111942
0.10948
0.107262
0.105322
0.103672
0.102292
0.101141
0.100172
0.0993405
0.0986078
0.0979411
0.0973131
0.0967032
0.0960934
0.0954744
0.0948379
0.0941734
0.201083
0.19503
0.18765
0.181132
0.175654
0.171215
0.167599
0.16436
0.161106
0.157638
0.153931
0.150046
0.146096
0.142207
0.138519
0.134989
0.131615
0.128454
0.125565
0.12299
0.120741
0.118803
0.117145
0.115731
0.114523
0.113486
0.112588
0.111803
0.11111
0.110489
0.109929
0.109419
0.10894
0.200967
0.19561
0.189011
0.183188
0.178297
0.174213
0.17077
0.167769
0.165002
0.162295
0.159519
0.156578
0.153432
0.150097
0.146644
0.143175
0.139806
0.136638
0.13374
0.131152
0.128879
0.126908
0.125213
0.12376
0.122518
0.121454
0.120539
0.119748
0.119063
0.118465
0.117944
0.117491
0.117084
0.200888
0.196006
0.189918
0.184401
0.179632
0.175517
0.17197
0.168883
0.166113
0.163517
0.160974
0.158387
0.155697
0.152882
0.149963
0.146998
0.144063
0.141235
0.138578
0.136137
0.133932
0.131969
0.130239
0.128725
0.127408
0.126265
0.125275
0.124416
0.123672
0.123027
0.122473
0.121997
0.121578
0.20084
0.196254
0.190418
0.184938
0.180075
0.175808
0.172094
0.168835
0.165902
0.163167
0.160519
0.157873
0.155177
0.152415
0.149608
0.146804
0.144065
0.141449
0.139004
0.136761
0.134738
0.132936
0.131348
0.129959
0.128752
0.127707
0.126803
0.126024
0.125354
0.124779
0.124289
0.123873
0.123513
0.200819
0.196376
0.190577
0.184986
0.179927
0.175416
0.171424
0.167863
0.164625
0.161609
0.158734
0.155943
0.153201
0.150497
0.147835
0.145239
0.142737
0.140361
0.138139
0.136089
0.134224
0.132547
0.131055
0.129739
0.128587
0.127583
0.126714
0.125963
0.125319
0.124764
0.124278
0.123863
0.123522
0.200823
0.196383
0.190453
0.184619
0.179242
0.174366
0.169978
0.166009
0.162365
0.15897
0.155763
0.152706
0.149777
0.146969
0.144287
0.141741
0.139348
0.137122
0.135074
0.133211
0.131535
0.130043
0.128728
0.127579
0.126583
0.125725
0.12499
0.124366
0.12383
0.123341
0.122883
0.12249
0.12221
0.200852
0.196275
0.190054
0.183832
0.178011
0.172662
0.167789
0.16334
0.159241
0.155432
0.151872
0.148539
0.14542
0.142514
0.139818
0.137332
0.135052
0.132974
0.131091
0.129398
0.127886
0.12655
0.125378
0.124361
0.123485
0.122738
0.122105
0.121561
0.121063
0.120587
0.120138
0.119755
0.119513
0.200908
0.196045
0.189356
0.18259
0.176195
0.170271
0.164838
0.159852
0.155253
0.150995
0.147049
0.143406
0.140065
0.137023
0.134275
0.131809
0.129606
0.127648
0.125913
0.124386
0.123049
0.12189
0.120895
0.12005
0.119342
0.118752
0.118241
0.117775
0.117332
0.116912
0.116527
0.11621
0.116032
0.200996
0.195677
0.188312
0.180828
0.173729
0.167138
0.161079
0.155515
0.150389
0.145667
0.141334
0.13739
0.133838
0.130673
0.12788
0.125433
0.123299
0.121446
0.119843
0.118462
0.11728
0.116277
0.115438
0.114748
0.114182
0.113694
0.11325
0.112834
0.112445
0.112089
0.111777
0.111538
0.111428
0.201122
0.195137
0.186848
0.178449
0.170512
0.163169
0.156438
0.150271
0.144617
0.139447
0.134755
0.130539
0.1268
0.123525
0.120689
0.118256
0.116185
0.114431
0.112955
0.111721
0.1107
0.109868
0.109202
0.108676
0.108236
0.107849
0.1075
0.107186
0.106909
0.106674
0.106491
0.106384
0.106396
0.2013
0.194375
0.184851
0.175305
0.166381
0.158198
0.150748
0.143964
0.137788
0.132189
0.127152
0.122673
0.118744
0.115348
0.112452
0.110015
0.107986
0.106312
0.104945
0.103843
0.102969
0.102292
0.101762
0.101337
0.100982
0.100684
0.100434
0.100231
0.100075
0.0999698
0.0999242
0.099958
0.100099
0.20155
0.19331
0.182147
0.171181
0.161126
0.152055
0.143901
0.136556
0.129931
0.123971
0.11865
0.113956
0.109876
0.106388
0.103457
0.101034
0.0990612
0.0974793
0.0962332
0.0952716
0.0945473
0.0940099
0.093607
0.0933041
0.0930827
0.0929304
0.092839
0.0928041
0.0928252
0.0929044
0.0930467
0.0932678
0.0935852
0.201912
0.19178
0.178414
0.165695
0.154368
0.14438
0.135543
0.127665
0.120608
0.114295
0.108688
0.103769
0.099524
0.0959287
0.0929444
0.0905173
0.088584
0.0870785
0.0859379
0.0850882
0.084462
0.0840106
0.0836985
0.0835014
0.0834018
0.0833859
0.0834429
0.0835664
0.0837553
0.0840098
0.0843323
0.0847334
0.0852209
0.202446
0.189509
0.173242
0.158504
0.145906
0.13511
0.125725
0.117445
0.110078
0.103518
0.097718
0.0926545
0.0883122
0.0846667
0.081677
0.0792853
0.0774188
0.076005
0.074971
0.0742352
0.0737327
0.0734176
0.0732576
0.0732279
0.0733086
0.0734859
0.0737474
0.074082
0.0744843
0.0749538
0.075492
0.0761059
0.0767965
0.203243
0.186102
0.166001
0.148912
0.134988
0.123415
0.113526
0.104884
0.0972405
0.090469
0.0845116
0.0793423
0.0749424
0.0712832
0.0683187
0.0659778
0.0641706
0.0628138
0.0618331
0.0611583
0.0607298
0.0605005
0.0604387
0.0605195
0.0607206
0.0610282
0.0614331
0.0619232
0.0624876
0.0631203
0.0638195
0.0645884
0.0654226
0.204439
0.180965
0.156093
0.136683
0.121754
0.109731
0.0996137
0.0908505
0.0831557
0.0763896
0.0704771
0.0653819
0.0610777
0.0575297
0.0546847
0.0524635
0.0507778
0.0495437
0.0486855
0.0481355
0.0478325
0.0477281
0.047794
0.048011
0.0483555
0.0488064
0.0493519
0.049984
0.0506942
0.0514747
0.0523208
0.053231
0.0541992
0.206276
0.172932
0.142058
0.120261
0.104521
0.0922926
0.0822352
0.0736811
0.0662908
0.0598796
0.0543419
0.0496224
0.0456812
0.0424691
0.0399193
0.0379475
0.0364637
0.0353834
0.0346358
0.0341619
0.0339066
0.033825
0.0338911
0.0340944
0.0344233
0.0348597
0.0353865
0.0359914
0.036665
0.0374
0.0381915
0.039038
0.0399348
0.209136
0.160024
0.122946
0.0998673
0.0842477
0.0724929
0.0631046
0.0554372
0.0491082
0.0438292
0.0394109
0.0357377
0.0327314
0.0303211
0.0284293
0.0269719
0.025866
0.0250399
0.0244391
0.0240218
0.0237524
0.0236012
0.0235481
0.0235869
0.0237194
0.0239448
0.0242568
0.0246474
0.0251086
0.0256334
0.0262171
0.0268564
0.0275436
0.213118
0.140987
0.0981489
0.0753564
0.0613874
0.0514725
0.0439846
0.03834
0.0340941
0.0308004
0.0281346
0.0259349
0.0241336
0.0226803
0.0215122
0.02056
0.0197621
0.019074
0.0184708
0.0179414
0.017485
0.0171024
0.0167892
0.016539
0.0163513
0.0162292
0.0161748
0.0161882
0.0162686
0.0164153
0.0166277
0.0169031
0.0172361
0.218576
0.112578
0.0661301
0.0462827
0.0363397
0.0306165
0.0269157
0.0242023
0.0220343
0.0202941
0.0189534
0.0179444
0.0171549
0.016477
0.0158413
0.0152173
0.0145976
0.0139842
0.0133808
0.0127935
0.0122359
0.0117225
0.0112599
0.0108479
0.0104862
0.0101776
0.00992634
0.00973614
0.00960898
0.00954398
0.00953649
0.00958094
0.00967098
0.224279
0.0805137
0.0339058
0.0195755
0.0144189
0.0122571
0.0112355
0.010583
0.0100198
0.00953492
0.0091691
0.00890743
0.00869196
0.00847129
0.00822436
0.00795386
0.00766968
0.00737937
0.00708704
0.00679485
0.00650494
0.00622042
0.00594474
0.00568141
0.00543429
0.00520793
0.00500714
0.00483593
0.00469641
0.00458779
0.00450674
0.0044497
0.00441219
0.226443
0.0682081
0.0226731
0.01056
0.00701459
0.00576351
0.00523449
0.00498091
0.00485959
0.00481323
0.00480117
0.00478934
0.00475718
0.00469863
0.00461627
0.00451507
0.00439879
0.0042696
0.00412957
0.00398081
0.00382475
0.00366281
0.00349722
0.00333112
0.00316811
0.00301183
0.00286523
0.00273019
0.00260731
0.00249581
0.00239368
0.00229896
0.0022096
0.223912
0.0789057
0.0326186
0.0188548
0.0140683
0.0117768
0.0102321
0.00895372
0.00780811
0.00675509
0.00578286
0.00489227
0.00408972
0.00338096
0.00276777
0.00224738
0.00181285
0.00145455
0.00116275
0.000928306
0.000742344
0.000596667
0.000484022
0.000398152
0.000333776
0.000286514
0.000252813
0.000229796
0.000215151
0.000207033
0.00020403
0.000204986
0.000209367
0.213101
0.135224
0.0894996
0.0655329
0.0523107
0.0442842
0.0389326
0.035094
0.0321904
0.029902
0.0280395
0.0264833
0.0251528
0.0239947
0.0229724
0.0220583
0.0212315
0.0204762
0.0197803
0.0191344
0.018531
0.0179638
0.017428
0.0169196
0.0164353
0.0159723
0.0155285
0.015102
0.014691
0.0142944
0.0139102
0.0135405
0.0131692
0.240246
0.000481967
0.0366517
0.000173805
5.46499e-06
0.00101857
0.000827932
0.000399962
0.000161505
0.000182559
0.000583566
0.00107369
0.00118974
0.000895549
0.000651972
0.000655848
0.000744139
0.000813321
0.000878482
0.000957082
0.00104412
0.00113424
0.0012276
0.00132507
0.00142638
0.00153101
0.0016387
0.00174928
0.0018625
0.00197806
0.0020956
0.00221495
0.00233506
0.200085
0.199948
0.199764
0.199588
0.199425
0.199273
0.199128
0.198989
0.198854
0.198722
0.198593
0.198467
0.198342
0.198218
0.198095
0.197973
0.197853
0.197733
0.197614
0.197495
0.197377
0.19726
0.197143
0.197026
0.196909
0.196793
0.196677
0.19656
0.196443
0.196326
0.196207
0.196092
0.195961
0.199875
0.199564
0.199227
0.198876
0.198519
0.19816
0.197804
0.197451
0.197103
0.19676
0.196423
0.196092
0.195767
0.195448
0.195136
0.19483
0.194531
0.194238
0.193952
0.193672
0.193398
0.193131
0.19287
0.192615
0.192367
0.192125
0.191889
0.19166
0.191436
0.191219
0.191008
0.190803
0.190604
0.0734649
0.0665233
0.0797933
0.101255
0.114934
0.119636
0.119969
0.119611
0.118064
0.1183
0.125287
0.125309
0.103297
0.0662915
0.0320563
0.0110701
0.00283389
0.00177961
0.00169877
0.00136744
0.0125128
0.0457059
0.0812035
0.107695
0.127496
0.145768
0.164755
0.184228
0.203544
0.222124
0.239332
0.254003
0.264333
0.268928
0.268664
0.262526
0.24454
0.212845
0.178894
0.147373
0.109083
0.0654636
0.0331603
0.0267169
0.0453717
0.0762976
0.105603
0.125597
0.135222
0.136922
0.133682
0.127662
0.120053
0.111401
0.101938
0.0917911
0.081105
0.0701358
0.0593276
0.0493464
0.0410324
0.0352588
0.0327273
0.03377
0.0382362
0.0455156
0.0546902
0.0647539
0.0748149
0.0842188
0.0925698
0.0996812
0.105516
0.110144
0.113524
0.114757
0.111261
0.10018
0.0832149
0.0690757
0.0666535
0.0717485
0.0756012
0.0707791
0.059615
0.0604254
0.0839885
0.114067
0.132957
0.136018
0.129561
0.121274
0.115427
0.113032
0.113449
0.115588
0.117895
0.11847
0.115781
0.107928
0.175139
0.163962
0.147266
0.131169
0.121804
0.118189
0.117033
0.115771
0.11771
0.125635
0.12807
0.109481
0.0739147
0.0382055
0.0142281
0.0038518
0.00194435
0.00301028
0.00410821
0.00147397
0.00451551
0.0290303
0.0653114
0.0968721
0.120035
0.138926
0.157361
0.175934
0.194234
0.211673
0.227576
0.240948
0.250591
0.255251
0.255091
0.247744
0.227425
0.196173
0.165632
0.134716
0.0952337
0.0534309
0.0270367
0.0274478
0.0505446
0.0825375
0.11059
0.12859
0.136556
0.137292
0.133681
0.127625
0.120084
0.111458
0.101913
0.0915658
0.0805883
0.0692905
0.0581863
0.0480148
0.0396773
0.0340798
0.0319182
0.033478
0.0385325
0.0463848
0.0560412
0.066446
0.0766908
0.086133
0.0944074
0.101362
0.106986
0.111375
0.114547
0.115682
0.112137
0.100769
0.0832617
0.0687962
0.0662883
0.0718628
0.0769104
0.0733475
0.0612065
0.0575454
0.077791
0.10846
0.12989
0.134932
0.129275
0.121203
0.115613
0.113741
0.114865
0.117646
0.12028
0.120733
0.117537
0.108649
0.109728
0.12397
0.136122
0.142223
0.142494
0.13994
0.137137
0.136386
0.135487
0.128168
0.10566
0.0712834
0.0375116
0.0141766
0.00368527
0.00195216
0.0033957
0.00473878
0.0058121
0.00426442
0.00196092
0.0148865
0.0463533
0.0812319
0.109144
0.130303
0.148873
0.166924
0.184429
0.200924
0.215774
0.228111
0.237002
0.241378
0.240451
0.230732
0.208246
0.178939
0.151455
0.119863
0.0795549
0.0412933
0.0222483
0.029839
0.0568827
0.0892433
0.115534
0.131316
0.137601
0.137434
0.133516
0.12746
0.119997
0.111395
0.101765
0.0912196
0.0799596
0.068348
0.0569691
0.0466367
0.0383135
0.032936
0.0311877
0.0332995
0.0389607
0.0473836
0.0574995
0.0682092
0.0785961
0.0880387
0.0962097
0.102997
0.108422
0.112604
0.115616
0.116754
0.11346
0.102456
0.0851629
0.0706843
0.0678085
0.0733772
0.0792712
0.0771422
0.0650428
0.0574269
0.0733776
0.103194
0.126345
0.133265
0.12855
0.120789
0.115491
0.114191
0.116121
0.119665
0.122774
0.123259
0.119799
0.110111
0.0232144
0.0344478
0.0507814
0.0698372
0.087147
0.0994748
0.105951
0.106388
0.0972423
0.0771783
0.0511319
0.0265292
0.00949201
0.00207136
0.00162183
0.00368775
0.00546701
0.00615581
0.00648485
0.00620082
0.00306058
0.00623948
0.0277032
0.0611982
0.0933065
0.118443
0.13842
0.156471
0.173509
0.189303
0.203306
0.214751
0.222646
0.226145
0.223433
0.210754
0.187443
0.161597
0.13571
0.10249
0.0626643
0.0300913
0.0195843
0.0342025
0.0643488
0.0962374
0.120266
0.133674
0.138322
0.137354
0.133206
0.127183
0.1198
0.111212
0.101491
0.0907495
0.0792182
0.0673116
0.0556844
0.0452254
0.0369584
0.0318468
0.0305547
0.0332495
0.039529
0.0485116
0.0590563
0.0700276
0.0805106
0.0899138
0.0979541
0.104564
0.109796
0.113789
0.116658
0.117815
0.114838
0.104367
0.087461
0.0729763
0.0694942
0.074776
0.0813827
0.080985
0.0700329
0.0592821
0.0701516
0.0979203
0.122147
0.130875
0.127199
0.119778
0.114762
0.114062
0.116891
0.121328
0.125072
0.125759
0.122247
0.112003
0.00104707
0.00185578
0.00442744
0.0104933
0.0195108
0.0286466
0.0343536
0.0336338
0.0271056
0.0177477
0.00858932
0.00247738
0.000586598
0.00182444
0.00407282
0.00589328
0.00683662
0.00693814
0.00659521
0.00662869
0.00492919
0.00328444
0.0134043
0.0395909
0.0722733
0.101553
0.12467
0.143567
0.160474
0.175784
0.189073
0.199531
0.206211
0.208151
0.202925
0.187955
0.166142
0.143658
0.117397
0.0826882
0.0456754
0.0209723
0.0196213
0.0405807
0.0727311
0.103284
0.124632
0.135603
0.138717
0.137068
0.132764
0.126797
0.119486
0.110898
0.101077
0.0901423
0.0783517
0.066172
0.0543275
0.0437818
0.0356181
0.030822
0.0300299
0.0333358
0.0402393
0.0497632
0.0606983
0.0718816
0.0824101
0.0917315
0.0996122
0.10603
0.111068
0.114881
0.117614
0.118792
0.116156
0.106279
0.0897655
0.0751394
0.0708529
0.0756533
0.0828071
0.0842123
0.0751973
0.0626346
0.0681656
0.0928679
0.117513
0.127911
0.12534
0.118294
0.113554
0.113472
0.117269
0.122686
0.127149
0.128118
0.124654
0.11406
0.000389989
0.000868033
0.000840212
0.000405121
0.00068538
0.00119868
0.00172995
0.00106907
0.000444103
0.000534724
0.000895447
0.00184464
0.003436
0.00510436
0.00650354
0.00753627
0.00805766
0.00794363
0.00721043
0.00671098
0.00607541
0.00374057
0.00564528
0.0209414
0.048444
0.0790055
0.105714
0.127072
0.14451
0.159362
0.171756
0.180937
0.186217
0.18641
0.179026
0.163775
0.145054
0.123837
0.0958625
0.0614666
0.0302295
0.0150737
0.0227121
0.0488284
0.0817251
0.110123
0.128486
0.137057
0.138795
0.136601
0.132206
0.126303
0.119047
0.110442
0.100513
0.0893887
0.0773543
0.0649265
0.0528992
0.0423113
0.0343029
0.0298748
0.0296257
0.0335668
0.0410926
0.0511304
0.0624093
0.0737499
0.0842722
0.0934713
0.101167
0.107384
0.112233
0.11588
0.11849
0.119686
0.117388
0.108143
0.0920568
0.0772236
0.0720997
0.0762902
0.0836683
0.0865519
0.0797733
0.0670162
0.0674988
0.0882294
0.112556
0.124398
0.122963
0.116329
0.111871
0.112436
0.117273
0.123753
0.128996
0.13028
0.126899
0.116139
0.00327479
0.00290689
0.00252967
0.00208815
0.00148145
0.000859825
0.000595177
0.00078131
0.00127916
0.00209129
0.00322416
0.00456166
0.005981
0.00742842
0.00882468
0.00996972
0.0105468
0.0103188
0.0092335
0.00784968
0.00694795
0.00524834
0.00354843
0.00893982
0.026642
0.0531206
0.0809002
0.105055
0.124421
0.139659
0.151419
0.159593
0.163584
0.161843
0.15333
0.139719
0.122761
0.10056
0.0717199
0.0409245
0.0181837
0.0132263
0.0288606
0.0585935
0.0909515
0.116496
0.131713
0.138017
0.138579
0.135978
0.131542
0.125695
0.118469
0.109826
0.0997854
0.0884798
0.0762204
0.0635732
0.0514025
0.0408219
0.0330246
0.0290186
0.0293542
0.0339484
0.0420853
0.0525984
0.064165
0.0756024
0.0860662
0.0951053
0.102595
0.108603
0.113267
0.116762
0.119263
0.12048
0.118516
0.109946
0.094368
0.0793075
0.0733744
0.076849
0.0840811
0.0878559
0.0830521
0.0714138
0.067869
0.0840702
0.107378
0.120361
0.120014
0.113794
0.109622
0.110877
0.116852
0.124497
0.13059
0.132216
0.128919
0.118165
0.00701097
0.00668231
0.00630698
0.00590556
0.00552055
0.00521362
0.00512147
0.00525905
0.0056292
0.00622599
0.00703973
0.00810256
0.00948818
0.0112177
0.0131103
0.014731
0.0155361
0.0151636
0.0135827
0.0112
0.00902778
0.00716345
0.00466782
0.00416102
0.0115695
0.0291348
0.0529747
0.0773364
0.0984703
0.115111
0.127221
0.134842
0.137547
0.134777
0.126738
0.114285
0.0969714
0.0739526
0.0474993
0.0238092
0.0110555
0.0157069
0.0377114
0.0693757
0.100006
0.122172
0.134233
0.138497
0.138108
0.135222
0.130774
0.124962
0.117736
0.109036
0.0988801
0.0874048
0.0749434
0.0621102
0.0498405
0.0393222
0.0317965
0.0282691
0.0292285
0.0344861
0.0432102
0.054145
0.0659283
0.0773915
0.0877414
0.0965873
0.103857
0.109658
0.114149
0.117506
0.119914
0.121158
0.11952
0.111627
0.0965957
0.0812904
0.0745243
0.0772072
0.0840942
0.0882747
0.0847591
0.0744273
0.0683368
0.080099
0.101947
0.11578
0.116408
0.110556
0.106661
0.108664
0.115901
0.124848
0.131893
0.133902
0.130667
0.120058
0.0113786
0.0110172
0.0106246
0.0102295
0.00987668
0.00962433
0.00951542
0.00957206
0.00986718
0.0105061
0.0116271
0.0133635
0.0157441
0.0185754
0.0213967
0.0235723
0.0244931
0.0237993
0.0215041
0.0180107
0.0141402
0.010781
0.00762637
0.00464174
0.00489053
0.0124315
0.0278388
0.047739
0.0677762
0.0849046
0.0976712
0.10552
0.107943
0.105224
0.0976466
0.085223
0.0678595
0.0471824
0.027033
0.0124988
0.00949186
0.0221715
0.0486395
0.0806063
0.108501
0.126965
0.136015
0.138533
0.137422
0.134352
0.129896
0.124086
0.116827
0.108056
0.0977841
0.0861528
0.0735148
0.0605334
0.0482155
0.037821
0.0306327
0.0276421
0.0292621
0.0351872
0.0444648
0.0557538
0.0676659
0.0790643
0.0892243
0.0978313
0.104873
0.110485
0.114827
0.118068
0.120399
0.121675
0.120347
0.113105
0.0986188
0.0830594
0.0754073
0.0772581
0.0837989
0.0882535
0.0854666
0.0757244
0.0679735
0.0758847
0.0961716
0.110625
0.112069
0.106493
0.102845
0.105655
0.114297
0.124718
0.132852
0.135316
0.132122
0.121735
0.019491
0.0188524
0.0181834
0.0175359
0.0169801
0.0165922
0.0164648
0.0167432
0.0175829
0.0191253
0.0214678
0.0245923
0.0282889
0.0321263
0.0355045
0.0377834
0.0384374
0.0371797
0.0340262
0.0293697
0.0238291
0.0182986
0.013363
0.00880664
0.00525499
0.00526504
0.0112438
0.0229878
0.0378328
0.0524831
0.0644109
0.0720624
0.0746237
0.0724166
0.0655334
0.0541959
0.0398541
0.0253786
0.0136598
0.00799946
0.0130905
0.0318238
0.0609059
0.0917223
0.116095
0.130749
0.137073
0.138188
0.136565
0.133375
0.128891
0.123044
0.115724
0.106868
0.0964846
0.0847127
0.0719261
0.0588388
0.0465298
0.0363279
0.0295482
0.0271538
0.0294678
0.0360577
0.0458502
0.0574269
0.0693845
0.0806253
0.0904988
0.0987815
0.105543
0.110961
0.115189
0.118359
0.120646
0.121959
0.120904
0.114256
0.100306
0.0845517
0.0760685
0.0771234
0.0833623
0.0881368
0.0859692
0.0763328
0.0669292
0.0714183
0.0900167
0.104791
0.106857
0.101455
0.0980148
0.101689
0.111897
0.123994
0.133391
0.136416
0.133264
0.123089
0.0383931
0.0372662
0.0360961
0.0349769
0.0340329
0.033401
0.0332882
0.0338659
0.035272
0.0375699
0.0407068
0.0444723
0.0484886
0.0522503
0.0552058
0.0568524
0.0568114
0.0548722
0.0510013
0.0454509
0.0386706
0.0312718
0.0240225
0.0173363
0.0113089
0.00678588
0.00551716
0.00872472
0.015892
0.024998
0.0336184
0.0397038
0.0421026
0.0406359
0.035415
0.0275546
0.0193525
0.0126819
0.00852285
0.00960535
0.020716
0.0437294
0.0737948
0.102203
0.122506
0.133465
0.13747
0.137534
0.135569
0.132282
0.127734
0.12181
0.114405
0.105458
0.0949677
0.0830721
0.070168
0.0570227
0.0447877
0.0348549
0.0285598
0.0268211
0.0298566
0.0370999
0.0473599
0.0591549
0.0710836
0.082102
0.0916347
0.0995299
0.105918
0.11104
0.1151
0.118217
0.120507
0.121876
0.121052
0.114938
0.101559
0.0857813
0.0766523
0.0770225
0.0829817
0.0880552
0.0865133
0.0770103
0.066085
0.067238
0.0836077
0.0982114
0.100661
0.095331
0.0920568
0.0966454
0.108579
0.122569
0.133434
0.137153
0.134095
0.124045
0.0671447
0.065797
0.0643937
0.0630386
0.0618693
0.0610757
0.0608344
0.0613017
0.0625628
0.0645932
0.0672353
0.0702065
0.0731364
0.0756218
0.0772812
0.0777934
0.0769108
0.0744681
0.0703616
0.06461
0.057445
0.0492237
0.0404568
0.0317344
0.023454
0.0159789
0.0101049
0.0068852
0.00681793
0.00932055
0.0129582
0.016095
0.0175677
0.0169353
0.0146234
0.0121061
0.0106066
0.00981274
0.0100825
0.0154712
0.0311379
0.0570909
0.0866541
0.11157
0.127531
0.135137
0.137312
0.136645
0.134446
0.131048
0.126392
0.120357
0.112851
0.103808
0.0932177
0.0812169
0.0682304
0.0550826
0.0429961
0.0334173
0.0276871
0.0266617
0.0304384
0.0383116
0.0489803
0.0609167
0.0727428
0.0834844
0.092648
0.100145
0.10614
0.110891
0.114641
0.117578
0.119826
0.121248
0.120624
0.115004
0.102273
0.0866996
0.0771573
0.0769878
0.0827042
0.0880289
0.0870826
0.0778385
0.0656751
0.0634949
0.0769893
0.0908211
0.0933762
0.0880364
0.0849162
0.0904792
0.104291
0.120374
0.132905
0.137454
0.134577
0.124518
0.093443
0.0925932
0.0917349
0.0909273
0.0902708
0.0898632
0.0897714
0.090041
0.0906822
0.0916666
0.0928977
0.0942111
0.0953966
0.096228
0.0964897
0.0959896
0.0945567
0.0920479
0.0883194
0.0832192
0.0767482
0.0690492
0.0603688
0.0510705
0.0415876
0.0323378
0.0238173
0.0167002
0.0116139
0.0087458
0.00764643
0.00753883
0.00774538
0.0080764
0.009007
0.010928
0.0128406
0.0135056
0.0151686
0.0238621
0.0435959
0.071286
0.0988295
0.119389
0.131072
0.135875
0.136723
0.135575
0.133183
0.129636
0.124828
0.118658
0.111041
0.101901
0.0912166
0.079131
0.0661034
0.0530183
0.0411656
0.0320346
0.0269527
0.0266935
0.0312202
0.0396865
0.0506935
0.0626881
0.0743366
0.0847497
0.0935212
0.100624
0.106249
0.110645
0.114039
0.116643
0.118663
0.120013
0.119511
0.114345
0.102357
0.0872405
0.0775398
0.0770046
0.0825599
0.0881194
0.0877225
0.078808
0.0656748
0.0602842
0.0702867
0.0826423
0.0849589
0.079542
0.0765923
0.0831876
0.0990025
0.117362
0.131754
0.137266
0.134692
0.124491
0.108523
0.108119
0.107775
0.107509
0.107347
0.107321
0.107465
0.107736
0.108104
0.108542
0.108996
0.109386
0.109611
0.109561
0.109128
0.10821
0.106701
0.104502
0.101491
0.0974993
0.0924168
0.0862286
0.0790093
0.070901
0.0621242
0.0529844
0.0438769
0.0353128
0.0278684
0.0220202
0.0179306
0.0155766
0.0148158
0.0156263
0.0177207
0.0197357
0.0197737
0.0185428
0.0213431
0.034269
0.0578159
0.0856261
0.109597
0.125329
0.133183
0.13586
0.135824
0.13434
0.131744
0.127999
0.123008
0.116688
0.108952
0.0997135
0.0889422
0.0767967
0.0637779
0.0508327
0.0393117
0.030731
0.0263818
0.0269338
0.0322049
0.0412115
0.0524743
0.0644389
0.0758375
0.0858773
0.0942405
0.100956
0.106231
0.110306
0.113379
0.115635
0.117299
0.11837
0.117805
0.112973
0.101778
0.0873573
0.0777622
0.0770575
0.0825669
0.0883817
0.088489
0.0799164
0.0660249
0.0576252
0.0635767
0.0736573
0.0753306
0.0698022
0.0670961
0.0747948
0.0927073
0.113483
0.129909
0.136513
0.134361
0.123943
0.116783
0.116547
0.116398
0.116343
0.116386
0.116541
0.116794
0.117058
0.117289
0.117458
0.117533
0.117473
0.11723
0.116755
0.116002
0.114923
0.113466
0.111574
0.109163
0.106102
0.102295
0.0976873
0.0922769
0.0861102
0.0792665
0.0718711
0.0641322
0.0563765
0.0490534
0.0426531
0.037611
0.0341786
0.0323132
0.0316304
0.0308848
0.0283355
0.0240173
0.0220554
0.0288427
0.0472791
0.07336
0.0990959
0.118255
0.129282
0.13408
0.135301
0.13469
0.132917
0.130075
0.126093
0.120899
0.11442
0.106559
0.097218
0.0863687
0.0741948
0.0612466
0.0485334
0.037456
0.0295355
0.0260014
0.0273974
0.0333884
0.0428637
0.0542873
0.0661304
0.0772114
0.0868425
0.0947913
0.101132
0.10608
0.10986
0.112646
0.114597
0.115918
0.11664
0.11584
0.111162
0.100727
0.0872084
0.077957
0.0772314
0.0827732
0.0888726
0.0894581
0.0811846
0.0666099
0.0553735
0.0568261
0.0638281
0.0644498
0.0588211
0.0564568
0.0652903
0.0853271
0.108632
0.127281
0.13516
0.133584
0.122972
0.121287
0.121078
0.120967
0.120955
0.121041
0.121232
0.121473
0.12167
0.121778
0.121767
0.121611
0.121283
0.120759
0.120018
0.119047
0.117835
0.116367
0.114618
0.112529
0.109997
0.10696
0.103382
0.0992503
0.0945918
0.0894608
0.0839246
0.078069
0.0720323
0.0660365
0.0603657
0.0553468
0.0509722
0.0469398
0.0424748
0.0365166
0.0292252
0.0238505
0.026088
0.0398109
0.0630712
0.0889663
0.110477
0.124384
0.131437
0.134075
0.134364
0.133329
0.13125
0.128117
0.123876
0.118469
0.111822
0.103827
0.09438
0.0834666
0.0713065
0.0585058
0.0461337
0.0356253
0.0284807
0.0258374
0.0280928
0.0347561
0.0446076
0.056084
0.0677119
0.0784144
0.0876126
0.0951516
0.101139
0.105787
0.109298
0.111822
0.113497
0.114517
0.114925
0.113887
0.109287
0.0995178
0.086973
0.078188
0.0775119
0.0831172
0.0895314
0.0906307
0.0826585
0.0673619
0.0532292
0.0496464
0.0528751
0.0522778
0.046775
0.0449399
0.0548779
0.0769192
0.102739
0.123751
0.133115
0.132306
0.121652
0.123293
0.123166
0.123136
0.123202
0.123362
0.123607
0.123842
0.123979
0.123977
0.123806
0.123443
0.122869
0.122077
0.121067
0.11985
0.118442
0.116849
0.11507
0.113051
0.110691
0.10795
0.104809
0.101265
0.0973249
0.0930226
0.0884062
0.083524
0.0784183
0.0731214
0.0676698
0.0620278
0.05593
0.0489222
0.0406378
0.0316575
0.0247237
0.0245363
0.0349068
0.0552427
0.0801303
0.102758
0.11888
0.128066
0.132211
0.133457
0.133119
0.131694
0.129269
0.125819
0.121306
0.11568
0.108853
0.100712
0.0911585
0.080204
0.0681147
0.0555571
0.043653
0.0338513
0.027599
0.0259102
0.0290172
0.0362785
0.0463908
0.0578
0.069119
0.0793911
0.0881449
0.0952911
0.100956
0.105336
0.108608
0.110897
0.112325
0.11308
0.113226
0.11202
0.107545
0.0984199
0.0868612
0.0786059
0.0779992
0.0836351
0.0903261
0.0919633
0.0843836
0.0684173
0.0512897
0.0421256
0.0409293
0.039186
0.0342303
0.0331246
0.0439603
0.0676452
0.0958121
0.119286
0.130407
0.130622
0.120149
0.123336
0.123254
0.123271
0.123382
0.123587
0.123854
0.12407
0.124162
0.124085
0.123803
0.123292
0.122534
0.12153
0.120293
0.11885
0.117234
0.11547
0.113568
0.111467
0.109071
0.106339
0.103255
0.0998035
0.0959737
0.0917565
0.0871494
0.0821498
0.0767371
0.0708514
0.0644004
0.0571901
0.0490285
0.039963
0.0308782
0.024132
0.0234292
0.0319902
0.0498918
0.0731408
0.0957795
0.113251
0.124196
0.129804
0.132044
0.132391
0.131545
0.129711
0.126911
0.12313
0.11834
0.11248
0.105457
0.0971593
0.0875063
0.076548
0.0646063
0.0524087
0.0411169
0.0321666
0.0269167
0.0262261
0.0301487
0.0379046
0.048141
0.0593537
0.0702726
0.080073
0.0883847
0.0951669
0.100547
0.104696
0.107758
0.109837
0.111042
0.111557
0.111475
0.110154
0.105863
0.0973857
0.0867818
0.0790875
0.0785729
0.0842282
0.0911544
0.0933027
0.0861988
0.0698307
0.0501347
0.0357162
0.0297449
0.0264817
0.0222389
0.0219587
0.0333105
0.0579828
0.0880264
0.113872
0.126963
0.128481
0.118478
0.122111
0.122129
0.122244
0.122449
0.122738
0.123045
0.123263
0.123325
0.123182
0.122797
0.12214
0.121197
0.119973
0.118492
0.116801
0.114948
0.112975
0.110903
0.108648
0.106103
0.10322
0.0999605
0.0962867
0.0921532
0.0875105
0.0823063
0.0764886
0.0700034
0.0628035
0.0548539
0.0461943
0.0371771
0.0288046
0.0230958
0.0228956
0.0306831
0.0467202
0.0681065
0.0899517
0.10792
0.120098
0.126984
0.130198
0.131222
0.130904
0.12957
0.127303
0.124115
0.119997
0.114916
0.108803
0.101565
0.0931043
0.0833721
0.0724682
0.0607757
0.0490774
0.0385552
0.0305994
0.0264443
0.0267663
0.0314358
0.0395556
0.0497637
0.0606477
0.0710832
0.0803847
0.0882718
0.0947328
0.0998783
0.103841
0.106732
0.108634
0.109646
0.109955
0.109687
0.108309
0.104273
0.0964906
0.0868611
0.0797929
0.0793842
0.0850132
0.0920991
0.0946835
0.0880496
0.0714959
0.0499226
0.0315398
0.0214747
0.0162695
0.0123544
0.0126066
0.0237719
0.0484656
0.0796681
0.107652
0.122903
0.126025
0.116767
0.119484
0.119586
0.119786
0.120075
0.120436
0.120777
0.121009
0.121071
0.120908
0.120472
0.119726
0.118649
0.11725
0.115564
0.11365
0.111575
0.109394
0.107128
0.104658
0.101881
0.0987363
0.0951642
0.0910923
0.0864363
0.0811074
0.0750257
0.0681395
0.0604521
0.0520726
0.0432539
0.0345537
0.0270486
0.0224722
0.0230212
0.0305113
0.0451365
0.0647157
0.0853319
0.103139
0.116009
0.123893
0.127994
0.129672
0.129845
0.128942
0.127113
0.1244
0.120816
0.116347
0.110951
0.10456
0.0970904
0.0884732
0.0787044
0.0679417
0.0566289
0.0455897
0.0359987
0.0291647
0.0261644
0.0274737
0.0327866
0.0411189
0.0511418
0.0615741
0.071459
0.0802514
0.0877461
0.0939395
0.0989071
0.102734
0.105491
0.107242
0.108083
0.108203
0.107766
0.106358
0.10261
0.0955347
0.0868602
0.0804556
0.0801988
0.0858253
0.0930745
0.0960906
0.0899452
0.0733458
0.0504068
0.0292544
0.0162689
0.00949443
0.00565058
0.0060089
0.0162025
0.0397837
0.0711086
0.100685
0.118111
0.123112
0.114956
0.116111
0.116347
0.116679
0.117095
0.117553
0.117958
0.118236
0.118324
0.118157
0.117679
0.116847
0.115639
0.114066
0.112172
0.110028
0.107715
0.105302
0.102802
0.100064
0.0969809
0.0934734
0.0894528
0.0848135
0.0794417
0.0732358
0.0661422
0.0582021
0.0496135
0.0407965
0.0324569
0.0257187
0.0221195
0.0233767
0.0307886
0.0443846
0.0624049
0.0816889
0.0989417
0.112062
0.120642
0.125495
0.127784
0.128417
0.127895
0.126426
0.124091
0.120921
0.116923
0.112074
0.106332
0.0996371
0.0919323
0.0831888
0.0734583
0.0629595
0.0521873
0.0419819
0.0334745
0.0278554
0.0260192
0.0282407
0.0340602
0.0424452
0.0521408
0.0620258
0.0713228
0.0796215
0.0867758
0.0927718
0.0976345
0.101392
0.104074
0.105726
0.10644
0.106413
0.105851
0.104462
0.101066
0.0947729
0.0871233
0.0814723
0.0813997
0.0869821
0.0943342
0.0977561
0.0921377
0.0756279
0.0516852
0.0285683
0.0135502
0.00579086
0.00207559
0.00224941
0.0108962
0.0324238
0.0628547
0.0933456
0.112829
0.119912
0.11316
0.111611
0.111975
0.112439
0.11298
0.113534
0.114021
0.114376
0.11453
0.114414
0.113962
0.113118
0.111852
0.110164
0.108097
0.10573
0.103163
0.100486
0.0976955
0.0946274
0.0911748
0.0872386
0.0826992
0.0774213
0.0712785
0.0641996
0.0562352
0.0476331
0.0389149
0.0309002
0.0247442
0.0218617
0.0236555
0.0310405
0.0438733
0.0606204
0.0786575
0.0951871
0.108263
0.117283
0.122742
0.125583
0.126648
0.126466
0.125298
0.12326
0.120405
0.116754
0.112306
0.107038
0.100914
0.0939015
0.0859822
0.0771801
0.0676065
0.0575357
0.0474925
0.0382985
0.0309989
0.0266326
0.0259025
0.0289035
0.0350649
0.0433518
0.0526154
0.0619068
0.0706229
0.0784746
0.0853588
0.0912378
0.0960771
0.0998413
0.102515
0.104122
0.104752
0.104611
0.103946
0.102595
0.0995733
0.0940673
0.0874212
0.0825416
0.0827095
0.0883067
0.0958236
0.0997397
0.0947849
0.0785534
0.0538925
0.0292511
0.0125653
0.00404635
0.000493088
0.000523606
0.00762047
0.0266427
0.0552773
0.085804
0.106956
0.116198
0.111246
0.10671
0.107233
0.107857
0.108539
0.109213
0.109814
0.110278
0.110532
0.110502
0.110107
0.109278
0.107966
0.106158
0.103889
0.10125
0.0983679
0.095364
0.0922173
0.0887643
0.0848871
0.0804567
0.0753186
0.069317
0.0623519
0.054461
0.045913
0.0372865
0.0294887
0.0237158
0.0213125
0.0234743
0.03084
0.0431039
0.0588487
0.075819
0.0916222
0.104509
0.113796
0.11974
0.123075
0.124543
0.12467
0.123754
0.121945
0.119318
0.115911
0.111735
0.106785
0.10105
0.0945209
0.0872062
0.0791389
0.0703997
0.0611546
0.0517159
0.0426068
0.0345866
0.0285709
0.0254214
0.0256607
0.0292499
0.0355704
0.0436356
0.0524227
0.0611449
0.0693485
0.0768418
0.0835522
0.0894147
0.0943361
0.0982183
0.100999
0.102677
0.10334
0.103201
0.102548
0.101345
0.0988151
0.0942345
0.0887179
0.0846916
0.0850782
0.0905595
0.098093
0.10244
0.0982287
0.0824744
0.0573717
0.0314067
0.013005
0.00352104
0.000329142
0.000229132
0.00588589
0.022408
0.0488678
0.0787712
0.101094
0.112333
0.109329
0.100542
0.101225
0.102008
0.102839
0.103666
0.104433
0.105074
0.105509
0.105652
0.105407
0.104683
0.103407
0.101538
0.099096
0.096176
0.0929384
0.0895515
0.0859796
0.0820788
0.0777303
0.0727793
0.0670438
0.0603798
0.0527793
0.0444828
0.0360728
0.0284942
0.0229676
0.0208019
0.0230736
0.0302603
0.0419557
0.0568219
0.0728649
0.087999
0.100653
0.110111
0.116458
0.120238
0.122083
0.122494
0.12179
0.120151
0.117677
0.114419
0.1104
0.10563
0.100116
0.0938807
0.0869608
0.0794169
0.0713361
0.0628486
0.0541576
0.0455843
0.037611
0.0308889
0.0261657
0.0241147
0.0251088
0.0290446
0.0353344
0.0430928
0.0514282
0.0596813
0.0675
0.0747555
0.0813947
0.0873328
0.0924302
0.0965346
0.0995373
0.101411
0.102232
0.102221
0.101699
0.100757
0.0988181
0.0952258
0.0908198
0.087575
0.0881028
0.0933845
0.100861
0.10561
0.102196
0.0870776
0.0617814
0.0346066
0.0144217
0.00374762
0.000169804
6.20561e-05
0.00493551
0.0194469
0.0436507
0.0723637
0.0952498
0.108182
0.107279
0.0941976
0.095065
0.096033
0.0970509
0.0980728
0.0990429
0.099892
0.100536
0.100879
0.100811
0.100221
0.0990013
0.0970744
0.0944255
0.0911402
0.0874255
0.0835169
0.0793891
0.0749453
0.0700596
0.0645313
0.0581572
0.0508585
0.0428186
0.0345949
0.0271418
0.0217066
0.0195922
0.0218102
0.0287422
0.0399267
0.0540836
0.0694031
0.0840193
0.0964972
0.10611
0.112817
0.117008
0.119211
0.119888
0.119365
0.117847
0.115455
0.112256
0.108284
0.103563
0.0981193
0.0920029
0.0852869
0.0780672
0.0704564
0.0625837
0.0546065
0.0467352
0.0392641
0.0325952
0.0272336
0.0237343
0.0225879
0.0240635
0.0280742
0.0341481
0.0415511
0.0495168
0.0574601
0.0650644
0.0722189
0.0788807
0.0849631
0.0903076
0.0947281
0.0980791
0.100305
0.101472
0.1018
0.101636
0.10118
0.10006
0.0977167
0.0946778
0.0923576
0.092934
0.0976667
0.104609
0.109277
0.106248
0.0915357
0.0661656
0.0380956
0.0163981
0.0044048
0.000315218
3.87869e-05
0.0043777
0.0174709
0.0398787
0.0673689
0.0903833
0.104489
0.105338
0.0860003
0.0870474
0.088202
0.0894217
0.0906641
0.0918756
0.0929877
0.0939143
0.0945513
0.0947768
0.0944522
0.0934289
0.0915685
0.0887859
0.0851236
0.0808344
0.0762586
0.0714601
0.066448
0.0610935
0.055153
0.0484381
0.0410037
0.0332933
0.0261852
0.0208902
0.0186953
0.0206069
0.0270125
0.0374925
0.0508662
0.0654773
0.0796161
0.0919309
0.101674
0.108698
0.113267
0.115813
0.116749
0.116389
0.114952
0.112575
0.109341
0.105301
0.100495
0.0949742
0.0888196
0.0821427
0.0750791
0.0677745
0.0603735
0.0530178
0.0458588
0.0390785
0.0329103
0.0276461
0.0236259
0.0212089
0.0207237
0.0223873
0.0262025
0.0318865
0.0388981
0.0465835
0.0543726
0.061909
0.0690456
0.0757347
0.0819066
0.0874166
0.0920738
0.095713
0.0982593
0.0997705
0.100469
0.10073
0.100855
0.100687
0.0997668
0.0982904
0.0970579
0.0977404
0.10176
0.107665
0.111224
0.107029
0.0912719
0.0656202
0.0379815
0.0166855
0.00471646
0.000491161
5.29606e-05
0.0039487
0.0158615
0.0367079
0.0630323
0.0859967
0.101006
0.103457
0.0777757
0.0790356
0.0804056
0.08185
0.0833302
0.0847962
0.0861818
0.0873994
0.0883389
0.0888658
0.088819
0.0880099
0.0862282
0.0832766
0.0790813
0.0739033
0.0682676
0.0625147
0.0568502
0.0510949
0.0448948
0.0380763
0.0308898
0.0240915
0.0188456
0.0164472
0.0179402
0.0237665
0.033581
0.0463025
0.0603878
0.0742261
0.0865071
0.0964491
0.103818
0.108778
0.11168
0.112888
0.112694
0.11131
0.10888
0.105507
0.101266
0.0962277
0.0904802
0.0841453
0.0773781
0.0703543
0.0632507
0.0562275
0.0494204
0.0429447
0.0369105
0.0314428
0.026693
0.022834
0.0200469
0.0185169
0.0184439
0.0200331
0.0234222
0.0285589
0.0351167
0.0425422
0.0502306
0.0577171
0.0647582
0.0712711
0.0772043
0.0824467
0.0868266
0.0901814
0.0924406
0.093686
0.0941848
0.0943756
0.0947016
0.0952912
0.0959769
0.0968104
0.0978367
0.0995453
0.102817
0.106266
0.105824
0.0968354
0.0779016
0.0531432
0.0297684
0.0130462
0.0038803
0.000447636
3.9425e-05
0.00335817
0.0139208
0.0332486
0.0586703
0.0818747
0.0978897
0.101776
0.0665355
0.0679353
0.0694513
0.0710571
0.0727209
0.0744007
0.076038
0.0775513
0.0788378
0.0797692
0.0801811
0.0798565
0.0785084
0.0757706
0.0712945
0.0651499
0.058157
0.0513904
0.0454473
0.0399587
0.0343261
0.0283608
0.0224858
0.0176645
0.0151314
0.015998
0.0208651
0.0295908
0.0412963
0.0545992
0.0679797
0.08014
0.0902347
0.0979247
0.103267
0.106529
0.108021
0.107998
0.106641
0.104085
0.100447
0.0958475
0.0904126
0.0842913
0.0776621
0.0707297
0.0637071
0.0567918
0.0501466
0.0438914
0.0381071
0.0328495
0.0281677
0.0241195
0.0207754
0.0182051
0.0164627
0.0156022
0.0157324
0.0170658
0.0198745
0.0243273
0.0303025
0.0373324
0.0447454
0.0519146
0.0584327
0.0641138
0.0688666
0.0725682
0.0750393
0.0761202
0.0757852
0.0742223
0.0718505
0.0692729
0.0671411
0.0659363
0.0659755
0.0678565
0.0720657
0.0773994
0.0820201
0.0831486
0.0776895
0.0648651
0.0473385
0.029774
0.0159382
0.00703771
0.00230125
0.000313865
0.000177408
0.00215959
0.0101333
0.0264546
0.0501747
0.0740622
0.0923668
0.0994734
0.055435
0.0569581
0.0585895
0.0603104
0.0620969
0.0639165
0.0657247
0.0674592
0.069036
0.0703419
0.0712192
0.0714385
0.0706601
0.0683489
0.0636802
0.0559841
0.04649
0.0382824
0.0325504
0.0280624
0.0236303
0.0190027
0.0147956
0.0121552
0.012301
0.0160671
0.0235895
0.0342413
0.0468127
0.0598512
0.0720284
0.0824018
0.0905075
0.0962898
0.0999363
0.101707
0.101825
0.10044
0.0976615
0.093619
0.0884945
0.0825126
0.0759166
0.0689581
0.0618895
0.0549476
0.048331
0.0421839
0.0365913
0.0315873
0.0271734
0.0233387
0.0200765
0.0173917
0.0152959
0.0137898
0.0128499
0.0124516
0.0126479
0.0136534
0.0158287
0.0195039
0.0247201
0.03108
0.0378421
0.0441991
0.0495324
0.0534824
0.0558454
0.056452
0.0551621
0.0519829
0.0471981
0.0413848
0.0352969
0.0296705
0.0250564
0.0217349
0.0197852
0.0194639
0.0214707
0.0259072
0.0312712
0.0346727
0.0339049
0.0291427
0.0221223
0.0149505
0.0090938
0.00503632
0.00251456
0.000949976
9.33137e-05
0.00076241
0.00521757
0.0163586
0.0357904
0.0592221
0.0807734
0.0944595
0.0410633
0.0424538
0.0439612
0.0455862
0.0473238
0.0491595
0.0510668
0.0530031
0.0549052
0.0566813
0.0581971
0.0592491
0.05951
0.0584119
0.0547714
0.0460513
0.0325342
0.0228036
0.0186461
0.0165251
0.0144569
0.0121272
0.0102475
0.00998656
0.0124283
0.0181385
0.0269561
0.0380466
0.0501628
0.0619958
0.0724811
0.0809627
0.0871948
0.091222
0.093221
0.0933774
0.091834
0.0887073
0.0841504
0.0784172
0.0718582
0.0648447
0.0577066
0.0507209
0.0441132
0.0380509
0.0326347
0.0278992
0.0238244
0.020357
0.0174338
0.0150009
0.0130227
0.0114799
0.0103567
0.00962401
0.00922852
0.00911726
0.00931481
0.0100174
0.0116041
0.0144807
0.0188045
0.0242735
0.0301578
0.0355647
0.0397419
0.0422185
0.0427592
0.041282
0.0378776
0.0329059
0.0270162
0.0210016
0.0155621
0.0111244
0.00780878
0.00550894
0.00401586
0.00315861
0.00298891
0.00392359
0.00644236
0.0102424
0.0140055
0.0162689
0.0163402
0.0145192
0.0116893
0.00873318
0.0061412
0.0039702
0.00218196
0.00120807
0.0023673
0.00770852
0.0197545
0.0382475
0.0600914
0.0829124
0.02841
0.0294972
0.0307118
0.0320681
0.0335743
0.0352301
0.0370247
0.0389342
0.0409182
0.0429124
0.0448183
0.0464852
0.047642
0.047837
0.0462178
0.0385495
0.0217269
0.0110711
0.0078429
0.00705968
0.00657283
0.00596341
0.0058253
0.0072063
0.0110521
0.0177752
0.0270738
0.0380261
0.0493854
0.0599359
0.068767
0.0753818
0.079647
0.0816549
0.0815889
0.079647
0.0760319
0.0709846
0.0648309
0.0580015
0.0509625
0.0441032
0.0376802
0.0318519
0.0267157
0.0223097
0.0186219
0.015594
0.0131318
0.0111357
0.00952335
0.00823658
0.00723982
0.0065131
0.00603848
0.00578502
0.00570283
0.00574311
0.00591842
0.00638388
0.00746601
0.00955908
0.0128978
0.0173443
0.0223609
0.0272097
0.0312365
0.0340407
0.0354563
0.0354449
0.0340435
0.0314043
0.0278405
0.0237881
0.0196943
0.0159058
0.0126262
0.00992768
0.00779716
0.00621636
0.00529037
0.00540131
0.00719631
0.0110514
0.0161974
0.0207811
0.0230488
0.022431
0.0196315
0.0158797
0.0121141
0.00869438
0.00569393
0.00339209
0.00252723
0.00423416
0.0101146
0.0211635
0.0366576
0.0628237
0.017707
0.0183588
0.0191485
0.0200882
0.0211858
0.0224448
0.0238646
0.0254393
0.0271556
0.028987
0.0308859
0.0327776
0.0344988
0.03577
0.0362426
0.0329087
0.0223134
0.0124978
0.00706497
0.00429535
0.00300569
0.00266691
0.00332611
0.00547642
0.009708
0.0162844
0.0248802
0.0346073
0.044286
0.0527959
0.0593401
0.0635338
0.0653407
0.0649437
0.0626344
0.0587534
0.0536738
0.0478037
0.0415525
0.0353296
0.0294889
0.024255
0.0196971
0.0158189
0.0126209
0.0100567
0.00804144
0.00649619
0.00532012
0.00441851
0.00372661
0.00320575
0.00283197
0.00259087
0.00247269
0.00246163
0.00252726
0.00263396
0.00278023
0.00305729
0.00368249
0.0049475
0.00706711
0.0100098
0.0134451
0.0168705
0.019833
0.0220816
0.0235688
0.0243503
0.0244957
0.0240652
0.0231348
0.0218154
0.0202438
0.0185528
0.0168513
0.0152161
0.0137023
0.012382
0.0114217
0.0111696
0.0121133
0.0144688
0.0175527
0.019896
0.0202566
0.0184345
0.015205
0.0116493
0.00851665
0.00603069
0.00410593
0.00267563
0.00189058
0.00218422
0.0043629
0.00960566
0.017202
0.0381993
0.00983579
0.0100964
0.0104412
0.0108805
0.0114257
0.012088
0.0128761
0.013796
0.014851
0.0160408
0.0173596
0.0187932
0.0202949
0.0217856
0.0230795
0.0232708
0.0210899
0.0171011
0.0127725
0.00881592
0.00559388
0.00345862
0.00282595
0.00413609
0.0076796
0.0133578
0.0205528
0.0282341
0.0352632
0.0407241
0.0441143
0.0453493
0.044637
0.0423383
0.0388632
0.0346183
0.0299855
0.0252934
0.0207266
0.0164826
0.0127801
0.00962252
0.00703168
0.00508359
0.00360984
0.00251078
0.0017288
0.00110856
0.000648206
0.000376058
0.000239712
0.000167516
0.000124022
0.000102832
0.000115412
0.000182176
0.000308705
0.000467483
0.00061688
0.000754644
0.000965426
0.00141298
0.00225762
0.00354106
0.00512696
0.00675251
0.00815309
0.00916431
0.00974028
0.0099069
0.0097111
0.00920351
0.00844931
0.00753347
0.00655324
0.00560054
0.00474005
0.00400335
0.00339323
0.00289829
0.00252055
0.00230508
0.00235505
0.00278471
0.00356659
0.00440781
0.00491463
0.00489451
0.00448167
0.00398267
0.00363735
0.00349803
0.00345863
0.00335413
0.00306315
0.00259027
0.00212644
0.00246564
0.00295432
0.0126434
0.00439344
0.00439768
0.00443379
0.00451419
0.00465604
0.00487802
0.00519662
0.00562372
0.0061663
0.00682727
0.00760665
0.00850168
0.00950161
0.0105884
0.0117264
0.0127343
0.0131924
0.0127536
0.0114186
0.00941474
0.00711815
0.00507048
0.00391849
0.00423536
0.00628568
0.00986245
0.0143106
0.0187476
0.0223654
0.0246563
0.025479
0.0249739
0.0234206
0.0211556
0.0184706
0.0156041
0.0127357
0.00983768
0.00719702
0.00495734
0.00317843
0.0013446
5.20593e-05
0.000704628
0.00122814
0.000465764
0.000555556
0.000630545
0.00048939
0.000509953
0.00071466
0.000860889
0.000858497
0.000747785
0.000607811
0.000528523
0.000576718
0.000736216
0.000898813
0.000939322
0.000810787
0.000585158
0.000422545
0.000472023
0.000791906
0.00134149
0.00203315
0.00279524
0.00360114
0.00445306
0.00534149
0.00622101
0.00701815
0.00766714
0.00813985
0.0084536
0.00865384
0.00878515
0.00887021
0.00891178
0.00891795
0.00893328
0.00905435
0.00941254
0.0101208
0.0112121
0.0126156
0.0141879
0.0157484
0.0171128
0.0181075
0.0185733
0.0183661
0.0173712
0.015548
0.0129901
0.00993748
0.00685099
0.00401906
0.00174263
0.00211293
0.00200684
0.00190616
0.0018172
0.00174988
0.00171687
0.00173225
0.00180972
0.00196084
0.00219341
0.00251036
0.00290865
0.00337775
0.00390164
0.00446726
0.00506558
0.00566904
0.00620421
0.00655202
0.00659255
0.00629651
0.00581519
0.00547493
0.0056324
0.00646753
0.00786093
0.0094444
0.0107829
0.0115589
0.011665
0.0111643
0.0101973
0.00897776
0.00758286
0.00604956
0.00443968
0.00281245
0.000756538
0.00167636
0.0014521
0.0021704
0.00157827
0.00194674
0.00371901
0.00613375
0.00867414
0.0109006
0.0124788
0.0132879
0.0134223
0.0130342
0.0123092
0.0113881
0.0103954
0.00943573
0.00858019
0.00785473
0.00724162
0.0066985
0.00618782
0.00570259
0.00526862
0.00491122
0.00463379
0.00440938
0.00419324
0.00395569
0.00371169
0.0035186
0.00343919
0.0034991
0.00366502
0.0038557
0.00397935
0.00397958
0.00386705
0.00371765
0.0036359
0.00370719
0.00397247
0.0044417
0.0051323
0.00610169
0.00745145
0.00930039
0.011737
0.0147656
0.0182625
0.0219649
0.0255257
0.0285722
0.0307354
0.0316911
0.031213
0.0292359
0.0259043
0.0215961
0.0167612
0.0123563
0.0066288
0.000217377
0.000229906
0.000245042
0.00026197
0.000279942
0.000298234
0.000316126
0.000332915
0.000347927
0.000360536
0.000370189
0.000376435
0.000378972
0.000377704
0.000372796
0.000364817
0.000355
0.000345391
0.000338566
0.000337004
0.000342337
0.000354436
0.000370561
0.000385506
0.000393257
0.000389263
0.000369526
0.000327676
0.000189914
0.00152053
0.00047232
0.00187576
0.00091555
0.000814825
0.000372009
0.000222318
0.000661688
0.00212422
0.00517481
0.0101024
0.016724
0.0246547
0.0333245
0.0420179
0.0499478
0.0563923
0.0607891
0.0628098
0.0626382
0.0608415
0.0579235
0.0544155
0.0507793
0.0473387
0.0442634
0.0415949
0.0392986
0.0373141
0.0355802
0.0340332
0.0326044
0.0312326
0.0298854
0.0285638
0.0272857
0.0260648
0.0249039
0.0238027
0.0227653
0.021799
0.020909
0.0200918
0.0193297
0.0185885
0.0178263
0.0170174
0.0161768
0.0153638
0.0146525
0.0140914
0.0136877
0.0134382
0.0133883
0.0136706
0.0144851
0.0160209
0.0183627
0.0214332
0.0249863
0.0286163
0.0318222
0.0341098
0.035061
0.0343883
0.0320096
0.0281306
0.0232738
0.0180843
0.01359
0.00829695
0.0127897
0.0123683
0.0119491
0.0115314
0.0111157
0.0107027
0.0102935
0.00988938
0.00949191
0.00910257
0.00872279
0.00835382
0.00799661
0.00765182
0.00731962
0.00699965
0.00669065
0.00639022
0.00609449
0.00579795
0.00549354
0.00517293
0.00482713
0.00444778
0.00402959
0.0035742
0.00309552
0.00262745
0.0022359
0.00203351
0.00220116
0.00300774
0.0048062
0.00805663
0.0132459
0.0207847
0.0308877
0.0434231
0.0578491
0.0733243
0.0887093
0.103052
0.115447
0.125336
0.132653
0.137587
0.14032
0.140827
0.139059
0.13503
0.129208
0.122259
0.114862
0.107576
0.100765
0.0946037
0.0891223
0.0842666
0.0799462
0.0760621
0.0725233
0.0692602
0.0662328
0.0634264
0.06084
0.058475
0.0563294
0.0543982
0.0526741
0.0511461
0.0497999
0.0486192
0.047587
0.0466847
0.0458914
0.0451855
0.0445496
0.0439739
0.0434503
0.0429589
0.0424566
0.0418876
0.041229
0.0405605
0.0401094
0.0402078
0.0411355
0.0429107
0.045189
0.0474149
0.0490089
0.0494891
0.0485061
0.0458115
0.0412698
0.034974
0.0273847
0.019264
0.0119155
0.0043018
0.00248105
0.00265465
0.00283671
0.00302681
0.00322441
0.00342891
0.00363962
0.00385593
0.00407739
0.00430388
0.00453592
0.00477491
0.00502355
0.00528637
0.00557027
0.00588524
0.00624522
0.00666907
0.00718183
0.00781621
0.00861445
0.00963067
0.0109338
0.0126108
0.0147709
0.0175494
0.0211113
0.0256531
0.0313992
0.0385907
0.0474598
0.0581864
0.070835
0.0852775
0.101122
0.117682
0.13401
0.149026
0.161714
0.171365
0.17713
0.179714
0.17946
0.177836
0.176832
0.177482
0.178846
0.180196
0.180885
0.18057
0.179043
0.176317
0.172636
0.168363
0.163855
0.159403
0.155199
0.151329
0.147799
0.144558
0.141539
0.138672
0.135902
0.13319
0.13051
0.127855
0.12523
0.122644
0.120112
0.117641
0.115232
0.11288
0.110577
0.108314
0.106081
0.103866
0.101656
0.0994379
0.0972005
0.0949317
0.0926178
0.090248
0.087831
0.0854225
0.0831499
0.0812032
0.0797799
0.0790179
0.0789598
0.0794821
0.0802216
0.0806627
0.080257
0.0784843
0.0749248
0.0693714
0.0620714
0.0535037
0.0453066
0.0347658
0.195856
0.195742
0.195629
0.195515
0.1954
0.195283
0.195165
0.195045
0.194924
0.194802
0.19468
0.194561
0.194447
0.194344
0.194258
0.194198
0.194175
0.194204
0.194305
0.1945
0.194816
0.195285
0.195943
0.196827
0.197976
0.199422
0.201187
0.203276
0.205661
0.208262
0.21093
0.213417
0.215352
0.216228
0.215418
0.21223
0.206022
0.196374
0.183267
0.166951
0.152063
0.137936
0.130421
0.132521
0.142945
0.156956
0.163561
0.162285
0.162552
0.165695
0.170211
0.174549
0.177873
0.179989
0.181901
0.183614
0.184927
0.185815
0.186355
0.186641
0.186752
0.186739
0.186626
0.18642
0.186124
0.185742
0.185277
0.184736
0.184126
0.183454
0.182729
0.181957
0.181145
0.180299
0.179426
0.17853
0.17762
0.176703
0.175787
0.174883
0.173999
0.173154
0.172383
0.171766
0.171436
0.171574
0.172368
0.17396
0.176354
0.179333
0.182559
0.185668
0.188325
0.190238
0.191165
0.190919
0.189466
0.186826
0.183704
0.178107
0.190378
0.190122
0.189866
0.189611
0.189355
0.189099
0.188842
0.188585
0.188326
0.188064
0.187797
0.187522
0.187235
0.186931
0.186603
0.186242
0.185835
0.185367
0.18482
0.184169
0.183385
0.182431
0.181261
0.179821
0.178043
0.175842
0.173116
0.169739
0.165556
0.16038
0.153986
0.146111
0.136457
0.124708
0.11056
0.0937751
0.0742874
0.0523664
0.0287154
0.00568644
0.0164396
0.0216509
0.0717723
0.117738
0.136498
0.141889
0.146708
0.152308
0.156485
0.160329
0.163888
0.166986
0.169428
0.171064
0.172781
0.177019
0.182209
0.1867
0.190073
0.192485
0.194235
0.195598
0.196779
0.197924
0.199137
0.200501
0.202089
0.203965
0.206183
0.208774
0.211746
0.215071
0.218689
0.222515
0.226447
0.230384
0.234237
0.237944
0.241465
0.244785
0.247908
0.250857
0.253672
0.256411
0.259127
0.261826
0.264414
0.266683
0.268402
0.269441
0.269782
0.269395
0.268136
0.265733
0.261936
0.256629
0.250098
0.242391
0.235584
0.223412
0.0648458
0.11048
0.129119
0.133362
0.135505
0.136849
0.137462
0.137345
0.137463
0.136901
0.134556
0.128672
0.116894
0.0972758
0.0664205
0.047894
0.0906339
0.138776
0.167749
0.183557
0.173118
0.110616
0.0366168
0.0126072
0.0148026
0.0166461
0.0184497
0.0194843
0.0200694
0.0196116
0.0186908
0.0178692
0.0173099
0.0165133
0.0156504
0.014753
0.0139258
0.0133142
0.013075
0.0133122
0.0140162
0.0150603
0.0162874
0.017644
0.0193564
0.0215409
0.0242155
0.027357
0.0309081
0.0347847
0.0388752
0.0430397
0.0471196
0.0509612
0.0544469
0.0575183
0.0601825
0.0625002
0.0645699
0.0665126
0.0684614
0.0705558
0.072943
0.0757868
0.0792744
0.0836154
0.0890997
0.0961395
0.104854
0.11503
0.126404
0.138455
0.150303
0.161138
0.171025
0.179559
0.185284
0.18714
0.185221
0.180742
0.175397
0.170649
0.167207
0.164873
0.163248
0.162066
0.161196
0.160603
0.160331
0.160485
0.161168
0.162439
0.164293
0.166631
0.169279
0.172023
0.174648
0.177018
0.17887
0.181005
0.0494361
0.116867
0.151824
0.170121
0.179469
0.182643
0.181691
0.178204
0.173584
0.170018
0.167766
0.166104
0.163267
0.156284
0.139918
0.126164
0.135907
0.157192
0.150732
0.103345
0.0676099
0.0542338
0.0359625
0.0333457
0.0350854
0.0370714
0.0394813
0.0423102
0.0455746
0.0490757
0.0525391
0.055445
0.0572558
0.057482
0.055294
0.0508089
0.0443204
0.0364296
0.0280561
0.0203862
0.0145834
0.0112148
0.0099546
0.00947156
0.00899651
0.00888521
0.00928159
0.0104909
0.0127739
0.0162622
0.0209424
0.0266395
0.0329875
0.0394221
0.0452517
0.049831
0.0527759
0.0540818
0.0540621
0.0531644
0.0517993
0.0502596
0.0487239
0.0473009
0.04609
0.0452291
0.0448824
0.0453117
0.0473152
0.0519085
0.0595181
0.0697757
0.0817261
0.0941904
0.105846
0.11525
0.121018
0.122185
0.118591
0.110997
0.100913
0.0902459
0.08084
0.0737647
0.0691403
0.0664052
0.0647173
0.0632971
0.061642
0.0596118
0.0574194
0.0555149
0.0544159
0.0545958
0.0563863
0.0599526
0.0651574
0.0721725
0.0788028
0.0928236
0.118336
0.186862
0.209062
0.21995
0.223023
0.220808
0.217057
0.212786
0.208212
0.20338
0.195801
0.186597
0.1793
0.17422
0.169091
0.165493
0.172824
0.180992
0.140394
0.0662349
0.0410307
0.0429152
0.0443107
0.0487949
0.0545692
0.0629266
0.073893
0.0870505
0.101282
0.115179
0.127432
0.136928
0.142615
0.143702
0.140334
0.132323
0.119958
0.103833
0.0848873
0.0647761
0.04618
0.0319709
0.0243571
0.0224682
0.0232391
0.0243145
0.0247071
0.0244748
0.0242951
0.0248607
0.026587
0.0295187
0.0332594
0.0368822
0.0389841
0.0381642
0.033903
0.0271337
0.019755
0.0134417
0.00888427
0.00591995
0.00406154
0.00287611
0.00209273
0.00156444
0.0012108
0.00102069
0.00105183
0.00129017
0.00156461
0.00175385
0.00199035
0.0024819
0.00308534
0.00345985
0.00335087
0.00279144
0.00204079
0.00139369
0.00110763
0.00120349
0.00132037
0.00125194
0.00100727
0.000682491
0.00037678
0.000162687
6.78171e-05
6.94517e-05
0.000121839
0.000192172
0.000265493
0.000324199
0.000339478
0.000294554
0.000213906
0.00016711
0.000161188
0.000363588
0.160405
0.195234
0.199966
0.200883
0.191692
0.181061
0.176605
0.176254
0.17735
0.177887
0.177793
0.176847
0.175894
0.176064
0.178228
0.185026
0.193503
0.166604
0.0918917
0.0434454
0.0430544
0.0501818
0.0577758
0.0671529
0.0801604
0.0976944
0.1186
0.140864
0.162617
0.18261
0.199932
0.213641
0.222562
0.22533
0.22099
0.209581
0.192105
0.169955
0.144124
0.115339
0.0850526
0.0571774
0.0376873
0.0296199
0.0307529
0.036146
0.0413459
0.044247
0.0449152
0.0444708
0.0441285
0.0447575
0.0468103
0.0503868
0.0553038
0.0611461
0.0673259
0.0731865
0.0781464
0.0818331
0.0841434
0.0852135
0.0853231
0.0847835
0.0838518
0.0827024
0.0814007
0.0797532
0.0774833
0.0751373
0.0737379
0.0734796
0.0734641
0.0720663
0.067871
0.0605347
0.0523563
0.0490935
0.0552227
0.0672377
0.0770754
0.0791552
0.073103
0.061788
0.0486468
0.0362391
0.0258808
0.0178997
0.0120759
0.00799727
0.00524328
0.00344202
0.00228732
0.0015442
0.00106789
0.000760079
0.000583608
0.000456665
0.000382046
0.000829982
0.161326
0.186073
0.177605
0.176348
0.178677
0.177222
0.17485
0.17211
0.168868
0.165857
0.164972
0.168409
0.175871
0.184386
0.191473
0.191661
0.166147
0.113417
0.0586282
0.0438533
0.0525937
0.0620787
0.0731689
0.0877372
0.107751
0.132415
0.159269
0.186271
0.212733
0.238535
0.263038
0.284303
0.299131
0.30431
0.297929
0.280773
0.255322
0.224672
0.191593
0.157437
0.12174
0.0851789
0.054208
0.0360876
0.0328824
0.0402446
0.0510696
0.0598635
0.0644944
0.0654617
0.064377
0.0628409
0.061955
0.0622415
0.0637288
0.0660873
0.0687819
0.0712314
0.0729536
0.073672
0.0733617
0.0722275
0.0706284
0.0689732
0.0676245
0.0668327
0.0667185
0.0672947
0.0684267
0.0698289
0.0712034
0.0724077
0.0735852
0.0751927
0.0777725
0.081908
0.0882395
0.0965772
0.105158
0.112571
0.118815
0.125018
0.13294
0.143647
0.155629
0.165338
0.170691
0.171978
0.170693
0.168039
0.164172
0.158454
0.150184
0.139261
0.126791
0.115141
0.107144
0.10382
0.103848
0.10471
0.15975
0.178959
0.1709
0.162782
0.153865
0.140861
0.124823
0.109161
0.0969157
0.0893963
0.0850158
0.0819973
0.0814308
0.0847862
0.0932032
0.103657
0.103065
0.0754112
0.0490895
0.0518325
0.0630088
0.0739982
0.0877703
0.106577
0.131329
0.159734
0.189239
0.219265
0.250655
0.284199
0.31861
0.349654
0.371275
0.378156
0.368466
0.344454
0.310445
0.27049
0.228513
0.187945
0.148512
0.107916
0.0699109
0.0432734
0.0342064
0.0409142
0.0555786
0.0700618
0.0797078
0.0836689
0.0833609
0.0808415
0.0778515
0.0754692
0.0741123
0.0736819
0.0737546
0.0737825
0.0732789
0.0719594
0.069812
0.0670831
0.0641934
0.0616168
0.0597645
0.058909
0.0591646
0.060523
0.0629099
0.0662192
0.0703228
0.0750613
0.0802356
0.0856113
0.0909368
0.0960354
0.100709
0.10433
0.106649
0.109584
0.114491
0.121077
0.129465
0.140806
0.15417
0.165396
0.171601
0.172594
0.170119
0.16649
0.163121
0.159997
0.156182
0.150492
0.141867
0.130167
0.11721
0.106305
0.0991547
0.0996654
0.154743
0.163543
0.149753
0.134695
0.117934
0.10157
0.0906805
0.088101
0.0913097
0.0941342
0.0906081
0.0812011
0.0671592
0.0517865
0.0419096
0.0456835
0.0605447
0.0567431
0.0505177
0.0604471
0.0720261
0.0839569
0.0994535
0.120879
0.147946
0.177608
0.208077
0.240064
0.275747
0.316319
0.359436
0.398613
0.425305
0.432558
0.418462
0.388171
0.348392
0.302785
0.254408
0.208155
0.165507
0.122832
0.081081
0.0490249
0.0355309
0.0411635
0.0582226
0.0769527
0.0908042
0.0977023
0.098665
0.0959204
0.0916146
0.0872358
0.0835191
0.080584
0.0781541
0.0757834
0.0730593
0.0697567
0.0659183
0.0618451
0.058007
0.0549093
0.0529644
0.0524095
0.0532894
0.0554999
0.0588634
0.0631983
0.0683612
0.0742476
0.0807228
0.0874772
0.0939172
0.0993068
0.103006
0.10455
0.105014
0.107923
0.11398
0.120691
0.126966
0.135291
0.147215
0.158995
0.1665
0.168429
0.16581
0.161076
0.156595
0.15336
0.150924
0.148345
0.144595
0.138281
0.128128
0.11499
0.10123
0.0922269
0.148544
0.15018
0.131229
0.115189
0.103201
0.102165
0.114461
0.133227
0.146652
0.148203
0.142219
0.131015
0.114877
0.0910536
0.061306
0.0383915
0.0390466
0.0523077
0.0542412
0.0666967
0.0786401
0.0911104
0.107413
0.129862
0.157409
0.186914
0.217207
0.249732
0.287328
0.331413
0.379272
0.423502
0.453733
0.460498
0.442505
0.407688
0.365361
0.318485
0.267973
0.218992
0.174517
0.130816
0.087054
0.0519867
0.0362438
0.0418115
0.0608953
0.0826234
0.0992863
0.108118
0.109935
0.107069
0.101891
0.0961207
0.0906744
0.0858091
0.0813607
0.0769895
0.0723881
0.0674315
0.0622503
0.0572154
0.0528423
0.0496498
0.0480269
0.0481506
0.0499764
0.0532915
0.0578041
0.0632308
0.0693553
0.076039
0.08316
0.0904603
0.0973699
0.103023
0.106526
0.107221
0.105961
0.106725
0.11103
0.11592
0.119411
0.124707
0.135864
0.149686
0.160029
0.164322
0.162888
0.157894
0.152186
0.147752
0.144791
0.142333
0.139594
0.136303
0.131454
0.12324
0.111004
0.0942321
0.142633
0.141642
0.120844
0.10785
0.105645
0.120362
0.146062
0.167383
0.175076
0.17246
0.161092
0.146665
0.135059
0.119908
0.0914035
0.054114
0.0285629
0.0451692
0.0573109
0.0700259
0.0828564
0.0957692
0.112018
0.134072
0.160888
0.189521
0.218899
0.250518
0.287279
0.330742
0.3784
0.422928
0.453617
0.460523
0.441814
0.406494
0.365271
0.320434
0.270698
0.221436
0.176992
0.133156
0.0883631
0.0520438
0.0361515
0.0430647
0.0643329
0.0881837
0.106366
0.115988
0.11796
0.114754
0.108855
0.10206
0.0953526
0.0890506
0.0830617
0.0771328
0.0710577
0.0648188
0.0586465
0.0529901
0.0484102
0.0454305
0.0444012
0.045423
0.0483496
0.0528572
0.0585467
0.0650369
0.0720243
0.0793031
0.0867239
0.0940534
0.10076
0.10595
0.108678
0.108381
0.105626
0.104274
0.106602
0.109487
0.110171
0.112189
0.122282
0.138706
0.152757
0.160047
0.160328
0.155643
0.148983
0.143024
0.138915
0.136
0.132942
0.129345
0.12582
0.121845
0.116398
0.101808
0.137418
0.137418
0.116311
0.106486
0.111162
0.134795
0.165237
0.185543
0.192637
0.189597
0.171043
0.149127
0.136384
0.127255
0.106339
0.0730253
0.0341071
0.0267844
0.0531356
0.0705904
0.0846392
0.0981332
0.113948
0.134718
0.160002
0.18735
0.215418
0.245204
0.279218
0.319066
0.362788
0.403757
0.431918
0.438411
0.421624
0.390201
0.353769
0.313057
0.26551
0.21752
0.17436
0.130959
0.0857421
0.0496288
0.0355008
0.0450947
0.0687447
0.0939937
0.112614
0.122075
0.12362
0.11988
0.113353
0.105796
0.0981626
0.0907839
0.0836163
0.0764829
0.0692719
0.0620679
0.0551988
0.049191
0.0446474
0.0420891
0.0418171
0.0438433
0.0479091
0.0535741
0.0603331
0.0677179
0.0753595
0.0830104
0.0905178
0.0977001
0.104107
0.108847
0.110805
0.109187
0.104361
0.100443
0.101054
0.103021
0.102215
0.101311
0.109283
0.12744
0.145163
0.155563
0.157601
0.153481
0.146408
0.139321
0.134059
0.130826
0.128364
0.125136
0.120861
0.115968
0.112332
0.10414
0.125297
0.139716
0.11674
0.106643
0.112901
0.137604
0.168404
0.188885
0.198634
0.193272
0.171467
0.147241
0.134449
0.127125
0.108417
0.0773851
0.0435466
0.0170063
0.0347552
0.0645073
0.08378
0.0984671
0.113862
0.133044
0.156349
0.182083
0.208661
0.236309
0.266818
0.301653
0.339471
0.374711
0.398687
0.404359
0.391098
0.365933
0.33614
0.300213
0.255135
0.209307
0.168026
0.12498
0.0797418
0.045312
0.0347341
0.0480788
0.0741005
0.100028
0.118196
0.126804
0.127558
0.123215
0.116191
0.108105
0.0998148
0.0916286
0.0835406
0.0754495
0.0673381
0.0593919
0.0520328
0.0458597
0.0415116
0.0394986
0.0400626
0.0431177
0.0482878
0.0550164
0.0627022
0.0708082
0.0789228
0.0867771
0.0942212
0.101111
0.107051
0.111119
0.112008
0.108752
0.101839
0.0957572
0.0953376
0.0971782
0.0956766
0.0920366
0.0966961
0.115161
0.136393
0.150276
0.154319
0.150917
0.143839
0.136279
0.13027
0.126598
0.1248
0.123402
0.120674
0.115458
0.109643
0.102445
0.102823
0.142029
0.123552
0.108876
0.110763
0.130313
0.157356
0.177886
0.186919
0.179056
0.158196
0.138645
0.130909
0.124935
0.104918
0.0723325
0.0414444
0.0162612
0.0151686
0.0484427
0.0778473
0.0966325
0.112299
0.13002
0.15123
0.175108
0.200092
0.225701
0.252862
0.282661
0.314254
0.343297
0.362839
0.36784
0.358334
0.33977
0.316459
0.284376
0.2415
0.19843
0.15913
0.116106
0.0713387
0.0400719
0.0344748
0.0521105
0.0802051
0.10608
0.123101
0.130419
0.130221
0.125316
0.117948
0.109535
0.1008
0.0920089
0.083188
0.0743119
0.0654609
0.0569228
0.0492119
0.0429949
0.0389391
0.0375344
0.0389542
0.0430086
0.0492019
0.0568665
0.0653143
0.0739542
0.0823492
0.0902262
0.0974521
0.103937
0.109372
0.112857
0.11289
0.108198
0.0993041
0.0910982
0.0897413
0.0917764
0.0903381
0.0846582
0.0854601
0.102613
0.12674
0.144402
0.150834
0.148269
0.14126
0.133558
0.12731
0.123361
0.121703
0.121676
0.121617
0.119161
0.113809
0.10464
0.0737914
0.134546
0.132637
0.116623
0.110331
0.119229
0.138022
0.154844
0.161009
0.153682
0.139042
0.129127
0.127877
0.120212
0.095095
0.0606246
0.0316937
0.0131787
0.00430181
0.0274758
0.0644777
0.0911075
0.109253
0.126232
0.145532
0.167465
0.190781
0.214575
0.238976
0.264546
0.290718
0.314319
0.330044
0.334657
0.32864
0.315835
0.297314
0.267166
0.225959
0.186093
0.148382
0.10498
0.0614713
0.0348674
0.03526
0.0572128
0.0867549
0.111887
0.127271
0.133091
0.131938
0.126573
0.119006
0.110419
0.101391
0.0921403
0.0827221
0.0731871
0.0637141
0.054693
0.0467288
0.0405504
0.0368451
0.0360734
0.0383327
0.0433249
0.0504374
0.0588996
0.0679513
0.0769651
0.0854978
0.0932878
0.100225
0.106265
0.111171
0.114049
0.113174
0.106967
0.0961493
0.0862277
0.0843444
0.0868182
0.0859871
0.0790789
0.0759442
0.0902729
0.116305
0.137811
0.147052
0.145536
0.138598
0.130809
0.124628
0.120836
0.119339
0.119773
0.121049
0.121158
0.118366
0.109947
0.0474831
0.113404
0.133394
0.126839
0.116551
0.114325
0.12116
0.130343
0.133622
0.13028
0.124475
0.124785
0.125762
0.110599
0.0783539
0.0437407
0.0193595
0.00746343
0.000281719
0.0100488
0.0452045
0.0799856
0.103719
0.121727
0.139735
0.159835
0.181471
0.203636
0.225899
0.24829
0.270313
0.289759
0.302725
0.307231
0.30404
0.295355
0.279161
0.249102
0.209607
0.173131
0.136171
0.0922151
0.0511239
0.0305467
0.0373991
0.0632238
0.0934329
0.117199
0.130678
0.134972
0.132961
0.127263
0.119613
0.110955
0.101731
0.0921179
0.0822007
0.072104
0.0621025
0.052686
0.0445453
0.0384654
0.0351457
0.0350086
0.0380697
0.0439219
0.0518409
0.0609639
0.0704725
0.0797177
0.0882635
0.0958694
0.102454
0.108023
0.112419
0.11477
0.11312
0.105495
0.0927777
0.0812615
0.0788852
0.0818305
0.0820754
0.0750642
0.0685713
0.0790143
0.105582
0.130525
0.142808
0.142581
0.135773
0.127885
0.121837
0.118429
0.117371
0.118132
0.119688
0.120457
0.118744
0.11208
0.0347386
0.0866248
0.119973
0.130961
0.127917
0.122169
0.119897
0.121006
0.121993
0.120053
0.120961
0.126193
0.119692
0.0922135
0.0553807
0.0252749
0.00861371
0.00281619
0.00043553
0.00193526
0.0261595
0.0634703
0.0940659
0.115605
0.133708
0.152464
0.172563
0.19326
0.213869
0.234015
0.253147
0.269732
0.281017
0.285481
0.284195
0.277708
0.261434
0.230455
0.193375
0.159945
0.122697
0.0784957
0.0412489
0.027719
0.0409362
0.0698455
0.0999222
0.121869
0.133337
0.136215
0.133492
0.127581
0.119928
0.11126
0.101897
0.0919864
0.0816443
0.0710652
0.0606147
0.0508767
0.0426225
0.0366859
0.0337704
0.034254
0.0380669
0.0446949
0.0533096
0.0629683
0.0728089
0.0821752
0.0906493
0.0980185
0.104228
0.109323
0.113209
0.115009
0.112478
0.103211
0.0884237
0.0754774
0.0727787
0.0764143
0.0781724
0.0720439
0.0630328
0.0689024
0.0944942
0.122283
0.137815
0.139146
0.132515
0.12447
0.118534
0.115586
0.115166
0.116485
0.1183
0.11897
0.116893
0.110157
)
;

boundaryField
{
    outlet
    {
        type            zeroGradient;
    }
    inlet
    {
        type            fixedValue;
        value           uniform 0.2;
    }
    lowerWall
    {
        type            fixedValue;
        value           uniform 0;
    }
    upperWall
    {
        type            fixedValue;
        value           uniform 0;
    }
    frontAndBack
    {
        type            empty;
    }
}


// ************************************************************************* //
