/*--------------------------------*- C++ -*----------------------------------*\
  =========                 |
  \\      /  F ield         | OpenFOAM: The Open Source CFD Toolbox
   \\    /   O peration     | Website:  https://openfoam.org
    \\  /    A nd           | Version:  10
     \\/     M anipulation  |
\*---------------------------------------------------------------------------*/
FoamFile
{
    format      ascii;
    class       volScalarField;
    location    "0.07";
    object      p;
}
// * * * * * * * * * * * * * * * * * * * * * * * * * * * * * * * * * * * * * //

dimensions      [0 2 -2 0 0 0 0];

internalField   nonuniform List<scalar> 
6820
(
6.57952
-7.75042
-9.7462
-9.92286
-10.0724
-10.0046
-9.9625
-9.96939
-9.99854
-10.0399
-10.0869
-10.1356
-10.184
-10.2312
-10.2763
-10.3188
-10.358
-10.3934
-10.4243
-10.45
-10.4698
-10.4827
-10.488
-10.4845
-10.4712
-10.4468
-10.41
-10.3593
-10.2935
-10.2103
-10.1113
-9.98633
-9.86414
1.20172
-7.54784
-9.55146
-9.8016
-10.0031
-9.99887
-9.97809
-9.99139
-10.0207
-10.0594
-10.1032
-10.1491
-10.1953
-10.2408
-10.2847
-10.3263
-10.365
-10.4001
-10.4309
-10.4567
-10.4766
-10.4899
-10.4957
-10.4929
-10.4803
-10.4569
-10.4213
-10.372
-10.3077
-10.2267
-10.1291
-10.0098
-9.88727
-0.878378
-6.33584
-8.75835
-9.34671
-9.72322
-9.86191
-9.90329
-9.94375
-9.98904
-10.0377
-10.0886
-10.1399
-10.1903
-10.2389
-10.2851
-10.3285
-10.3685
-10.4048
-10.4367
-10.4635
-10.4847
-10.4994
-10.5069
-10.5062
-10.4965
-10.4765
-10.4454
-10.4019
-10.3454
-10.275
-10.1922
-10.098
-10.0071
-2.44574
-6.15261
-8.46136
-9.10814
-9.48613
-9.68825
-9.78006
-9.85279
-9.9214
-9.98548
-10.0465
-10.1051
-10.161
-10.2144
-10.2649
-10.3123
-10.3561
-10.3961
-10.4317
-10.4626
-10.4881
-10.5077
-10.5208
-10.5267
-10.5249
-10.5146
-10.4956
-10.4675
-10.4307
-10.3868
-10.3399
-10.3004
-10.2868
-3.73052
-6.19634
-8.15352
-8.83372
-9.24028
-9.50853
-9.65464
-9.75842
-9.84716
-9.9251
-9.99624
-10.0628
-10.1253
-10.184
-10.2392
-10.291
-10.3392
-10.3836
-10.4239
-10.4598
-10.4911
-10.5175
-10.5386
-10.5542
-10.5642
-10.5688
-10.5684
-10.5639
-10.5577
-10.554
-10.5605
-10.5937
-10.6789
-4.68761
-6.31874
-7.96875
-8.6801
-9.09633
-9.38701
-9.55948
-9.68013
-9.78139
-9.86942
-9.94837
-10.0213
-10.0893
-10.153
-10.2129
-10.269
-10.3215
-10.3704
-10.4157
-10.4573
-10.4951
-10.5292
-10.5596
-10.5865
-10.6106
-10.6326
-10.654
-10.6772
-10.7062
-10.7475
-10.8118
-10.9166
-11.0923
-5.43253
-6.53008
-7.88034
-8.56217
-8.96498
-9.26456
-9.46143
-9.60187
-9.71766
-9.81686
-9.90424
-9.98367
-10.0571
-10.1255
-10.1895
-10.2497
-10.3063
-10.3594
-10.4094
-10.4561
-10.4999
-10.5409
-10.5796
-10.6166
-10.653
-10.6901
-10.7303
-10.7769
-10.835
-10.9121
-11.02
-11.175
-11.4051
-6.01582
-6.75917
-7.84169
-8.47705
-8.86876
-9.17092
-9.38286
-9.53632
-9.6616
-9.76862
-9.86249
-9.94738
-10.0256
-10.0984
-10.1667
-10.231
-10.2918
-10.3493
-10.404
-10.456
-10.5058
-10.5538
-10.6007
-10.6476
-10.6957
-10.7471
-10.8043
-10.8714
-10.9539
-11.0595
-11.1993
-11.3872
-11.6458
-6.47845
-6.99014
-7.85071
-8.42679
-8.7984
-9.09178
-9.30946
-9.47204
-9.60552
-9.7201
-9.82064
-9.91125
-9.99453
-10.0719
-10.1445
-10.2129
-10.2779
-10.3398
-10.3991
-10.4563
-10.512
-10.5667
-10.6215
-10.6776
-10.7365
-10.8006
-10.8728
-10.9572
-11.0594
-11.1865
-11.3484
-11.5562
-11.8269
-6.85023
-7.20889
-7.88816
-8.39854
-8.74643
-9.02803
-9.24745
-9.41649
-9.55619
-9.67655
-9.7824
-9.87775
-9.96535
-10.0468
-10.1233
-10.1957
-10.2647
-10.3309
-10.3948
-10.4571
-10.5184
-10.5796
-10.6419
-10.7065
-10.7753
-10.8506
-10.9357
-11.0343
-11.1517
-11.2942
-11.47
-11.6875
-11.9588
-7.15241
-7.40909
-7.94445
-8.39008
-8.71208
-8.97868
-9.19464
-9.36617
-9.50965
-9.63433
-9.74471
-9.84446
-9.93626
-10.0218
-10.1023
-10.1786
-10.2517
-10.3221
-10.3905
-10.4577
-10.5244
-10.5917
-10.6607
-10.733
-10.8104
-10.8954
-10.9908
-11.1003
-11.2286
-11.3808
-11.5635
-11.7826
-12.0464
-7.4005
-7.58839
-8.01102
-8.39566
-8.69034
-8.94033
-9.15003
-9.32186
-9.46779
-9.5958
-9.70995
-9.81352
-9.90906
-9.99827
-10.0824
-10.1625
-10.2393
-10.3137
-10.3864
-10.4582
-10.53
-10.6028
-10.6779
-10.7569
-10.8416
-10.9343
-11.0377
-11.1551
-11.2903
-11.4475
-11.6315
-11.8465
-12.0976
-7.60579
-7.74652
-8.08175
-8.41147
-8.67904
-8.91195
-9.11335
-9.28322
-9.42987
-9.55988
-9.67682
-9.78356
-9.88242
-9.97504
-10.0627
-10.1463
-10.2268
-10.305
-10.3818
-10.4579
-10.5343
-10.6121
-10.6926
-10.7772
-10.8678
-10.9665
-11.0756
-11.1979
-11.3366
-11.4948
-11.6759
-11.8824
-12.1175
-7.77659
-7.8844
-8.1523
-8.43396
-8.67535
-8.89122
-9.08311
-9.24948
-9.39569
-9.52686
-9.64598
-9.75544
-9.85728
-9.95303
-10.0439
-10.1308
-10.2148
-10.2965
-10.377
-10.457
-10.5375
-10.6196
-10.7046
-10.7938
-10.8889
-10.9917
-11.1044
-11.2291
-11.3684
-11.5243
-11.6993
-11.8947
-12.1119
-7.91903
-8.00345
-8.21962
-8.46016
-8.67712
-8.8766
-9.05851
-9.22031
-9.36508
-9.49656
-9.61713
-9.72872
-9.83309
-9.93161
-10.0254
-10.1154
-10.2025
-10.2876
-10.3714
-10.4549
-10.5389
-10.6247
-10.7132
-10.8059
-10.9042
-11.0097
-11.124
-11.249
-11.3864
-11.5377
-11.7043
-11.8867
-12.0853
-8.03769
-8.10517
-8.28165
-8.48765
-8.68236
-8.86642
-9.03831
-9.19489
-9.33751
-9.46869
-9.59019
-9.70352
-9.8101
-9.91112
-10.0076
-10.1004
-10.1904
-10.2784
-10.3652
-10.4517
-10.5387
-10.6274
-10.7187
-10.8138
-10.9139
-11.0205
-11.1348
-11.2582
-11.3918
-11.5367
-11.6934
-11.862
-12.042
-8.136
-8.19103
-8.33702
-8.51442
-8.68932
-8.85923
-9.0215
-9.1726
-9.31263
-9.44305
-9.56505
-9.67972
-9.78815
-9.89136
-9.99022
-10.0855
-10.1781
-10.2687
-10.3581
-10.4471
-10.5366
-10.6274
-10.7206
-10.8171
-10.918
-11.0244
-11.1373
-11.2576
-11.3861
-11.5233
-11.6693
-11.8237
-11.9858
-8.21654
-8.26228
-8.38486
-8.53885
-8.6965
-8.85368
-9.00699
-9.15266
-9.28987
-9.41925
-9.54144
-9.65714
-9.76717
-9.87231
-9.9733
-10.0709
-10.1657
-10.2585
-10.3501
-10.4411
-10.5324
-10.6247
-10.719
-10.816
-10.9166
-11.0217
-11.132
-11.2481
-11.3704
-11.4991
-11.634
-11.7745
-11.9195
-8.28119
-8.31995
-8.42456
-8.55964
-8.70256
-8.84856
-8.99378
-9.13433
-9.26876
-9.39699
-9.5192
-9.63575
-9.74715
-9.85399
-9.95688
-10.0564
-10.1532
-10.248
-10.3413
-10.4339
-10.5264
-10.6196
-10.7142
-10.8109
-10.9104
-11.0133
-11.1201
-11.2312
-11.3467
-11.4665
-11.5903
-11.7174
-11.8465
-8.33136
-8.36485
-8.4557
-8.5757
-8.70632
-8.84276
-8.98092
-9.11685
-9.24868
-9.3758
-9.49796
-9.61521
-9.72781
-9.83617
-9.94072
-10.042
-10.1404
-10.2367
-10.3314
-10.425
-10.5182
-10.6117
-10.706
-10.8016
-10.8992
-10.9991
-11.1017
-11.2072
-11.3155
-11.4264
-11.5393
-11.6536
-11.7681
-8.368
-8.39752
-8.47794
-8.58612
-8.70675
-8.83526
-8.96751
-9.09954
-9.22918
-9.3554
-9.47762
-9.5956
-9.70938
-9.81916
-9.92525
-10.028
-10.128
-10.2255
-10.3212
-10.4155
-10.509
-10.6022
-10.6956
-10.7897
-10.8848
-10.9812
-11.0792
-11.1787
-11.2797
-11.3817
-11.4843
-11.5867
-11.6878
-8.39171
-8.41829
-8.49093
-8.59009
-8.70288
-8.82508
-8.95265
-9.0816
-9.20956
-9.33518
-9.4576
-9.57634
-9.69123
-9.8023
-9.90974
-10.0138
-10.1149
-10.2133
-10.3096
-10.4042
-10.4975
-10.5899
-10.6819
-10.7738
-10.8659
-10.9585
-11.0514
-11.1448
-11.2385
-11.3319
-11.4247
-11.5161
-11.6053
-8.40276
-8.42724
-8.49427
-8.58686
-8.69387
-8.81151
-8.93568
-9.06256
-9.18959
-9.31518
-9.43822
-9.55802
-9.67422
-9.78671
-9.89554
-10.0009
-10.103
-10.2022
-10.2989
-10.3935
-10.4862
-10.5776
-10.6679
-10.7573
-10.8462
-10.9345
-11.0224
-11.1097
-11.1962
-11.2815
-11.3651
-11.4465
-11.5248
-8.40114
-8.4242
-8.48747
-8.57563
-8.67878
-8.79342
-8.91557
-9.04139
-9.16822
-9.29426
-9.41821
-9.53922
-9.65676
-9.7706
-9.88067
-9.98707
-10.09
-10.1897
-10.2864
-10.3806
-10.4724
-10.5623
-10.6504
-10.737
-10.8223
-10.9063
-10.989
-11.0702
-11.1498
-11.2274
-11.3026
-11.3748
-11.4435
-8.38651
-8.40877
-8.46994
-8.5557
-8.65694
-8.77039
-8.89214
-9.01831
-9.14612
-9.2736
-9.39928
-9.52215
-9.64155
-9.75711
-9.8687
-9.97632
-10.0801
-10.1802
-10.277
-10.3706
-10.4614
-10.5496
-10.6354
-10.7191
-10.8007
-10.8803
-10.9579
-11.0332
-11.1063
-11.1766
-11.244
-11.308
-11.368
-8.35823
-8.38024
-8.44079
-8.526
-8.62711
-8.74098
-8.86366
-8.99123
-9.12081
-9.25028
-9.37806
-9.50299
-9.62432
-9.7416
-9.85461
-9.96329
-10.0677
-10.1681
-10.2645
-10.3573
-10.4468
-10.533
-10.6163
-10.6968
-10.7746
-10.8498
-10.9223
-10.992
-11.0588
-11.1224
-11.1826
-11.2392
-11.2916
-8.31528
-8.33765
-8.39919
-8.48596
-8.58921
-8.70578
-8.83164
-8.96269
-9.09588
-9.22894
-9.36015
-9.48824
-9.61237
-9.73202
-9.84693
-9.957
-10.0623
-10.1629
-10.2591
-10.3511
-10.4391
-10.5233
-10.604
-10.6813
-10.7553
-10.8261
-10.8937
-10.9579
-11.0188
-11.0762
-11.1298
-11.1795
-11.2249
-8.25621
-8.27944
-8.3434
-8.43344
-8.54042
-8.66109
-8.79126
-8.92666
-9.06414
-9.20131
-9.33634
-9.46787
-9.59499
-9.71713
-9.83399
-9.94544
-10.0515
-10.1524
-10.2482
-10.3392
-10.4256
-10.5077
-10.5856
-10.6596
-10.7298
-10.7963
-10.859
-10.9181
-10.9734
-11.025
-11.0726
-11.1162
-11.1555
-8.17914
-8.20413
-8.27282
-8.3693
-8.48358
-8.61205
-8.75014
-8.89319
-9.03778
-9.18139
-9.32209
-9.45849
-9.58965
-9.71502
-9.83431
-9.94744
-10.0545
-10.1556
-10.2509
-10.3409
-10.4256
-10.5054
-10.5806
-10.6512
-10.7176
-10.7797
-10.8378
-10.8918
-10.9419
-10.9878
-11.0297
-11.0675
-11.101
-8.08117
-8.10823
-8.18283
-8.28691
-8.40923
-8.54605
-8.69259
-8.84386
-8.99622
-9.147
-9.29413
-9.43613
-9.57203
-9.70125
-9.82349
-9.93869
-10.047
-10.1485
-10.2436
-10.3325
-10.4155
-10.4931
-10.5654
-10.6327
-10.6953
-10.7532
-10.8068
-10.856
-10.901
-10.9418
-10.9786
-11.0112
-11.0398
-7.9594
-7.99093
-8.07679
-8.19538
-8.333
-8.48505
-8.64594
-8.81013
-8.97377
-9.13422
-9.28946
-9.4381
-9.57929
-9.71257
-9.83775
-9.95489
-10.0642
-10.1659
-10.2603
-10.3479
-10.4291
-10.5041
-10.5733
-10.6371
-10.6957
-10.7494
-10.7983
-10.8427
-10.8826
-10.9183
-10.9498
-10.9771
-11.0004
-7.80723
-7.84167
-7.93755
-8.06873
-8.21972
-8.38621
-8.56201
-8.74067
-8.91784
-9.09051
-9.25644
-9.41415
-9.56277
-9.7019
-9.83147
-9.95163
-10.0627
-10.1651
-10.2594
-10.3459
-10.4252
-10.4978
-10.5641
-10.6244
-10.6792
-10.7287
-10.7732
-10.813
-10.8482
-10.8792
-10.906
-10.9289
-10.948
-7.62257
-7.66986
-7.79277
-7.95414
-8.1329
-8.32417
-8.52141
-8.71803
-8.9101
-9.09507
-9.27102
-9.43674
-9.59163
-9.73549
-9.8684
-9.99066
-10.1027
-10.2052
-10.2985
-10.3833
-10.4603
-10.5298
-10.5925
-10.6489
-10.6993
-10.7441
-10.7836
-10.8183
-10.8483
-10.8739
-10.8953
-10.9128
-10.9265
-7.38374
-7.43013
-7.56673
-7.74841
-7.95187
-8.17165
-8.39784
-8.62142
-8.83754
-9.04323
-9.23638
-9.41591
-9.58152
-9.73337
-9.87192
-9.99783
-10.1119
-10.2149
-10.3077
-10.3911
-10.4658
-10.5326
-10.592
-10.6447
-10.691
-10.7316
-10.7667
-10.7968
-10.8222
-10.8433
-10.8603
-10.8736
-10.8835
-7.10886
-7.20297
-7.40746
-7.64236
-7.88322
-8.13269
-8.3829
-8.62584
-8.85818
-9.07764
-9.28236
-9.47144
-9.64468
-9.8023
-9.94487
-10.0732
-10.1881
-10.2906
-10.3818
-10.4625
-10.5338
-10.5963
-10.6509
-10.6984
-10.7392
-10.7739
-10.803
-10.8269
-10.8461
-10.8608
-10.8714
-10.8784
-10.8819
-6.68792
-6.75603
-6.99112
-7.2831
-7.5912
-7.90843
-8.21813
-8.51043
-8.78264
-9.03309
-9.26107
-9.46711
-9.65231
-9.81799
-9.96561
-10.0967
-10.2126
-10.3149
-10.4047
-10.4833
-10.5518
-10.6112
-10.6623
-10.7059
-10.7426
-10.7731
-10.7979
-10.8173
-10.8319
-10.8419
-10.8478
-10.8501
-10.8495
-6.3255
-6.57814
-6.93436
-7.25309
-7.5728
-7.90803
-8.2354
-8.5461
-8.83836
-9.10862
-9.35453
-9.57577
-9.77292
-9.94713
-10.1
-10.2333
-10.3489
-10.4486
-10.5342
-10.6073
-10.6692
-10.7212
-10.7645
-10.8
-10.8285
-10.8507
-10.8672
-10.8783
-10.8844
-10.8859
-10.8828
-10.8758
-10.8651
-5.27311
-5.539
-6.14933
-6.69479
-7.19566
-7.6708
-8.09573
-8.4729
-8.80982
-9.10921
-9.37408
-9.60782
-9.81334
-9.99323
-10.1499
-10.2856
-10.4024
-10.5023
-10.5871
-10.6584
-10.7178
-10.7668
-10.8064
-10.8378
-10.8619
-10.8794
-10.8909
-10.8967
-10.897
-10.8918
-10.8806
-10.8644
-10.8393
-5.32469
-5.8845
-6.32573
-6.6895
-7.16476
-7.65894
-8.12187
-8.55624
-8.95351
-9.30534
-9.61155
-9.87472
-10.0981
-10.2857
-10.4417
-10.5703
-10.6752
-10.76
-10.8277
-10.881
-10.922
-10.9528
-10.9749
-10.9898
-10.9984
-11.0018
-11.0005
-10.9948
-10.9847
-10.9695
-10.9469
-10.9148
-10.8619
-0.384096
-4.07573
-5.40018
-6.0689
-6.86599
-7.54105
-8.08256
-8.55654
-8.97037
-9.32537
-9.62922
-9.88789
-10.1062
-10.2891
-10.441
-10.5662
-10.6685
-10.751
-10.8169
-10.8686
-10.9083
-10.9379
-10.9591
-10.9731
-10.9812
-10.9841
-10.9829
-10.978
-10.9702
-10.9592
-10.9472
-10.9299
-10.9169
-9.59878
-9.81483
-12.1174
-15.569
-19.7482
-23.9397
-27.3666
-29.5616
-30.4075
-29.9495
-28.4504
-26.2988
-23.6573
-20.328
-16.0063
-10.807
-5.50758
-1.02523
2.1339
3.89591
4.17123
2.90861
0.135837
-4.14525
-9.72043
-16.1537
-22.888
-29.4392
-35.4637
-40.6665
-44.7216
-47.282
-48.1078
-47.1122
-44.4713
-40.5544
-35.8117
-30.6633
-25.4444
-20.4432
-15.918
-12.0377
-8.83723
-6.25699
-4.20572
-2.59544
-1.34927
-0.40062
0.307866
0.82477
1.19056
1.43853
1.59574
1.68399
1.72068
1.71951
1.69122
1.64414
1.5847
1.51781
1.4472
1.37565
1.30515
1.23706
1.17217
1.11088
1.05329
0.999252
0.948569
0.900968
0.856211
0.8141
0.774471
0.737178
0.702065
0.668947
0.637608
0.60781
0.579314
0.551902
0.525382
0.499589
0.474357
0.449521
0.424906
0.400337
0.375645
0.350695
0.32537
0.299614
0.273335
0.246605
0.219205
0.191586
0.162796
0.134888
0.103542
0.0778867
0.038855
0.0265528
-9.68624
-9.86781
-12.075
-15.3785
-19.2163
-23.0343
-26.1924
-28.2892
-29.2067
-28.9109
-27.5677
-25.4579
-22.741
-19.3371
-15.1364
-10.3631
-5.66333
-1.71425
1.10144
2.69895
3.02004
1.92612
-0.563771
-4.4105
-9.47556
-15.4009
-21.7045
-27.9147
-33.6549
-38.6052
-42.447
-44.8645
-45.6508
-44.7274
-42.2672
-38.6214
-34.2017
-29.3811
-24.4735
-19.7693
-15.5196
-11.8685
-8.83453
-6.36242
-4.37554
-2.79974
-1.56804
-0.620596
0.0951941
0.624545
1.0056
1.27006
1.444
1.54856
1.60076
1.61409
1.5992
1.56437
1.51603
1.45913
1.39742
1.33373
1.27011
1.20796
1.14817
1.09123
1.0373
0.986361
0.938267
0.892826
0.849863
0.809232
0.770812
0.734488
0.700137
0.667605
0.636705
0.60723
0.57897
0.551731
0.525342
0.499648
0.474491
0.449712
0.425142
0.400605
0.375936
0.350997
0.325671
0.299904
0.273603
0.246847
0.219412
0.191762
0.16293
0.134996
0.103609
0.0779337
0.0389059
0.0264836
-9.97066
-10.4526
-12.4363
-15.4344
-18.9499
-22.4309
-25.3246
-27.2963
-28.1483
-27.8268
-26.4689
-24.3238
-21.5598
-18.1973
-14.2611
-9.99341
-5.88038
-2.41615
0.0914928
1.52124
1.83623
0.90125
-1.32294
-4.78326
-9.35927
-14.7559
-20.5664
-26.3655
-31.7695
-36.4391
-40.0577
-42.3309
-43.0775
-42.2366
-39.9798
-36.6299
-32.5469
-28.0601
-23.4743
-19.0825
-15.1184
-11.6973
-8.82726
-6.46171
-4.53953
-2.99962
-1.78408
-0.839425
-0.117654
0.423123
0.818704
1.0992
1.2896
1.41038
1.47811
1.50605
1.50469
1.48229
1.44525
1.39853
1.34593
1.29029
1.23371
1.17767
1.12313
1.07065
1.0205
0.972735
0.927309
0.884111
0.843025
0.803951
0.766806
0.731509
0.697965
0.666052
0.635615
0.60648
0.578469
0.551414
0.525165
0.499584
0.474522
0.449825
0.425324
0.400843
0.376214
0.351301
0.325986
0.300218
0.273905
0.247129
0.219665
0.191988
0.163119
0.135161
0.10374
0.0780366
0.039024
0.0264556
-10.4066
-11.0424
-12.8631
-15.5855
-18.7327
-21.8365
-24.4192
-26.123
-26.7737
-26.3492
-24.971
-22.854
-20.179
-17.0306
-13.4825
-9.73618
-6.14991
-3.10616
-0.871567
0.408805
0.686797
-0.131136
-2.11291
-5.22103
-9.33786
-14.2151
-19.5055
-24.8383
-29.8527
-34.2071
-37.5872
-39.7087
-40.4252
-39.6892
-37.6626
-34.6223
-30.8734
-26.7193
-22.4662
-18.4
-14.7239
-11.5272
-8.81515
-6.55384
-4.69685
-3.19444
-1.99687
-1.05664
-0.330258
0.220868
0.630191
0.926192
1.13275
1.26959
1.35283
1.39544
1.40776
1.39795
1.3724
1.33606
1.29275
1.24535
1.196
1.14624
1.09711
1.04925
1.00303
0.958575
0.915936
0.875068
0.835921
0.798448
0.762611
0.728367
0.695656
0.664388
0.634442
0.605674
0.577936
0.551086
0.524997
0.499538
0.474573
0.449956
0.42552
0.40109
0.376499
0.351609
0.326302
0.300527
0.274196
0.247394
0.219895
0.192184
0.163274
0.135284
0.103828
0.0780859
0.0391013
0.0263624
-10.9309
-11.6515
-13.2419
-15.5665
-18.2453
-20.8824
-23.0497
-24.44
-24.9174
-24.4603
-23.1688
-21.2298
-18.8072
-15.9899
-12.8588
-9.58446
-6.45171
-3.77419
-1.78882
-0.642727
-0.405253
-1.13707
-2.90224
-5.68351
-9.3771
-13.7671
-18.5493
-23.3946
-27.9784
-31.9804
-35.0998
-37.0716
-37.7704
-37.1602
-35.3712
-32.628
-29.1979
-25.3765
-21.4681
-17.7337
-14.3401
-11.3585
-8.79824
-6.6391
-4.84768
-3.38414
-2.20615
-1.27193
-0.542319
0.0180521
0.440297
0.751237
0.973597
1.12633
1.22504
1.28237
1.30847
1.31141
1.29752
1.27174
1.2379
1.19892
1.15698
1.11366
1.07009
1.02699
0.984793
0.943753
0.903981
0.865519
0.82838
0.792572
0.7581
0.724958
0.693121
0.66253
0.633098
0.604714
0.577261
0.550626
0.524701
0.499376
0.474527
0.450011
0.425662
0.401305
0.376769
0.351916
0.326628
0.300857
0.274515
0.247692
0.220165
0.192424
0.163478
0.135456
0.103972
0.0781851
0.03924
0.0263061
-11.4347
-12.1695
-13.519
-15.415
-17.5812
-19.7013
-21.4467
-22.5739
-22.945
-22.5399
-21.4323
-19.754
-17.6275
-15.1405
-12.3851
-9.51844
-6.77838
-4.42639
-2.6709
-1.65012
-1.44375
-2.10465
-3.67614
-6.15242
-9.45045
-13.3869
-17.6931
-22.069
-26.2183
-29.8521
-32.6985
-34.5256
-35.215
-34.7224
-33.1426
-30.664
-27.5384
-24.0565
-20.5015
-17.0945
-13.9702
-11.1916
-8.77645
-6.71738
-4.99181
-3.56842
-2.41161
-1.48496
-0.7535
-0.18501
0.249301
0.574577
0.812355
0.980771
1.09487
1.16694
1.20692
1.22274
1.22067
1.20563
1.18144
1.15105
1.11668
1.07998
1.04212
1.00391
0.965884
0.928374
0.891574
0.855604
0.820539
0.786446
0.753378
0.72137
0.690433
0.660545
0.631653
0.603679
0.576535
0.550135
0.524394
0.499214
0.474486
0.450072
0.42581
0.401525
0.377044
0.352229
0.326959
0.301189
0.27483
0.247982
0.22042
0.192642
0.163655
0.135594
0.104082
0.0782372
0.039343
0.0261884
-11.7916
-12.5026
-13.6543
-15.2003
-16.9393
-18.6365
-20.0496
-20.9713
-21.275
-20.9313
-19.9822
-18.5205
-16.6471
-14.4495
-12.0239
-9.51409
-7.12052
-5.06112
-3.51688
-2.61536
-2.43493
-3.0303
-4.42893
-6.62336
-9.54779
-13.0529
-16.9101
-20.8481
-24.5913
-27.8751
-30.4591
-32.1412
-32.8028
-32.3886
-30.9756
-28.7389
-25.9204
-22.7882
-19.5841
-16.488
-13.6144
-11.026
-8.74992
-6.78896
-5.12938
-3.7472
-2.61302
-1.69546
-0.963514
-0.388039
0.0574608
0.39644
0.649215
0.833066
0.962446
1.04926
1.10319
1.13201
1.14192
1.13778
1.12342
1.10179
1.07516
1.04521
1.0132
0.98002
0.946278
0.912393
0.878647
0.845237
0.812309
0.779986
0.748369
0.717536
0.687535
0.65838
0.63005
0.602502
0.575678
0.549521
0.52397
0.498947
0.474355
0.450062
0.425907
0.401713
0.377305
0.352541
0.3273
0.301538
0.275171
0.248302
0.22071
0.192898
0.163875
0.135776
0.104242
0.0783344
0.0395025
0.0261041
-12.0472
-12.719
-13.7132
-14.9917
-16.4073
-17.7804
-18.9188
-19.6543
-19.8812
-19.5676
-18.7383
-17.4593
-15.8114
-13.8757
-11.7467
-9.55465
-7.46898
-5.67196
-4.32011
-3.53034
-3.37635
-3.91027
-5.15412
-7.09347
-9.67131
-12.7653
-16.1875
-19.7043
-23.0643
-26.0221
-28.3572
-29.8829
-30.4874
-30.1246
-28.8682
-26.8823
-24.3836
-21.5989
-18.7257
-15.9151
-13.2718
-10.8617
-8.71903
-6.85416
-5.26047
-3.92042
-2.81022
-1.90318
-1.17209
-0.590761
-0.134965
0.217057
0.484381
0.683397
0.827931
0.929467
0.997403
1.03934
1.06136
1.06828
1.06391
1.0512
1.03246
1.00942
0.983404
0.955374
0.926031
0.895876
0.865275
0.834503
0.803774
0.77327
0.743144
0.713517
0.684479
0.656081
0.628337
0.601237
0.574756
0.548863
0.523517
0.498662
0.474212
0.450044
0.426
0.401901
0.377569
0.35286
0.327648
0.301894
0.275515
0.24862
0.220991
0.193139
0.164074
0.135929
0.104372
0.0783895
0.0396306
0.0259619
-12.2251
-12.8474
-13.7062
-14.7677
-15.9215
-17.0268
-17.9357
-18.5172
-18.6822
-18.3954
-17.6679
-16.5469
-15.099
-13.3993
-11.5368
-9.62733
-7.81455
-6.25175
-5.07413
-4.38713
-4.25987
-4.7388
-5.84356
-7.55613
-9.82186
-12.536
-15.5419
-18.6437
-21.623
-24.2582
-26.343
-27.7068
-28.2542
-27.9548
-26.8735
-25.1502
-22.9648
-20.5019
-17.9267
-15.3732
-12.9414
-10.699
-8.68441
-6.91346
-5.38533
-4.08811
-3.00309
-2.10793
-1.37899
-0.792928
-0.327738
0.0366507
0.318054
0.531941
0.691481
0.807699
0.88968
0.944823
0.979082
0.997211
1.00298
0.99935
0.988645
0.972659
0.952765
0.930006
0.905164
0.878828
0.851449
0.823377
0.794901
0.766262
0.737666
0.70928
0.681234
0.653617
0.626479
0.599843
0.573714
0.548091
0.522959
0.498281
0.473987
0.449961
0.426045
0.402059
0.37782
0.353178
0.328008
0.302269
0.275883
0.248967
0.221306
0.193416
0.164314
0.136123
0.104549
0.0784864
0.0398117
0.0258504
-12.3416
-12.9087
-13.6493
-14.532
-15.4731
-16.3642
-17.0901
-17.5452
-17.6545
-17.3846
-16.7404
-15.757
-14.4889
-13.0029
-11.3797
-9.72154
-8.15069
-6.79674
-5.77632
-5.18316
-5.0811
-5.51145
-6.49097
-8.00198
-9.99185
-12.3674
-14.9938
-17.7043
-20.3128
-22.6274
-24.4664
-25.6835
-26.1933
-25.9694
-25.0619
-23.5824
-21.6754
-19.4941
-17.1815
-14.8595
-12.623
-10.5386
-8.64682
-6.96737
-5.50423
-4.25036
-3.19159
-2.30958
-1.58402
-0.994324
-0.520635
-0.144564
0.150435
0.378884
0.553264
0.684109
0.780163
0.848596
0.895214
0.924686
0.940739
0.946334
0.943809
0.935003
0.921354
0.903976
0.883736
0.861307
0.837224
0.811918
0.785746
0.759014
0.731982
0.704865
0.677836
0.651022
0.62451
0.598357
0.572599
0.547264
0.522358
0.497868
0.473737
0.449859
0.426078
0.402212
0.378073
0.353504
0.328378
0.302654
0.276259
0.249316
0.221617
0.193682
0.164537
0.136293
0.1047
0.0785443
0.039964
0.0256832
-12.4066
-12.9174
-13.5546
-14.2894
-15.057
-15.7735
-16.3482
-16.6978
-16.761
-16.5077
-15.9377
-15.0768
-13.9696
-12.6747
-11.2648
-9.82926
-8.4725
-7.30422
-6.42474
-5.9166
-5.83775
-6.22496
-7.09216
-8.42294
-10.1691
-12.2474
-14.5401
-16.9032
-19.1767
-21.1973
-22.8129
-23.8988
-24.3737
-24.2117
-23.4497
-22.1743
-20.5027
-18.5642
-16.4842
-14.3725
-12.3169
-10.3813
-8.60704
-7.01648
-5.61754
-4.40734
-3.37575
-2.50804
-1.78705
-1.19477
-0.713462
-0.32639
-0.0182837
0.22441
0.413455
0.558862
0.669007
0.750803
0.809889
0.850832
0.877306
0.892258
0.898043
0.89654
0.889246
0.877349
0.861797
0.84335
0.822627
0.800139
0.776316
0.751527
0.726089
0.700267
0.674276
0.648284
0.622414
0.596755
0.571377
0.546334
0.521662
0.497368
0.473412
0.449696
0.426067
0.402338
0.378315
0.353833
0.328761
0.303061
0.276663
0.249696
0.221962
0.193983
0.1648
0.136501
0.104895
0.0786429
0.0401677
0.0255456
-12.4309
-12.8867
-13.4335
-14.0452
-14.6711
-15.2459
-15.6988
-15.9634
-15.9897
-15.7509
-15.2448
-14.4909
-13.5263
-12.402
-11.1819
-9.94359
-8.77606
-7.77237
-7.0186
-6.58685
-6.529
-6.8775
-7.64407
-8.81353
-10.3429
-12.1589
-14.1593
-16.2194
-18.2015
-19.9656
-21.3816
-22.3433
-22.7763
-22.6563
-22.0088
-20.9012
-19.4297
-17.7036
-15.8318
-13.9118
-12.0238
-10.2281
-8.56586
-7.06143
-5.7257
-4.55932
-3.55567
-2.70331
-1.98797
-1.39413
-0.906057
-0.508648
-0.187917
0.0687044
0.272236
0.432136
0.556382
0.651607
0.723262
0.775795
0.812817
0.83725
0.851464
0.857374
0.856534
0.850207
0.839421
0.825022
0.807715
0.78809
0.766653
0.743838
0.720018
0.695511
0.670577
0.645423
0.62021
0.595062
0.570079
0.545342
0.520914
0.496824
0.47305
0.449504
0.426036
0.402455
0.378557
0.35417
0.329158
0.303481
0.277076
0.250081
0.222306
0.194276
0.165048
0.136687
0.105066
0.0787031
0.0403432
0.0253524
-12.4221
-12.8256
-13.2935
-13.8025
-14.3122
-14.7719
-15.1257
-15.3212
-15.3181
-15.0936
-14.6446
-13.9861
-13.1486
-12.1761
-11.124
-10.0597
-9.05878
-8.20034
-7.55799
-7.19425
-7.15504
-7.46869
-8.14511
-9.17043
-10.5066
-12.0897
-13.8315
-15.6245
-17.35
-18.8879
-20.125
-20.9697
-21.3584
-21.2664
-20.7106
-19.7442
-18.4458
-16.9073
-15.2225
-13.4772
-11.7441
-10.0796
-8.52411
-7.10292
-5.82925
-4.70665
-3.73155
-2.89546
-2.18679
-1.59233
-1.0983
-0.691189
-0.358298
-0.0880544
0.129791
0.304117
0.442474
0.551192
0.635511
0.699745
0.74743
0.781459
0.804208
0.817627
0.823328
0.822645
0.81669
0.806393
0.792546
0.775821
0.756798
0.73598
0.713798
0.690622
0.666757
0.642452
0.617905
0.593274
0.568688
0.544261
0.520081
0.496203
0.47262
0.449257
0.425964
0.402548
0.378792
0.354516
0.329575
0.303929
0.277523
0.250501
0.222688
0.194608
0.165338
0.136914
0.105283
0.0788053
0.0405711
0.0251898
-12.3875
-12.7424
-13.1416
-13.5645
-13.9791
-14.3453
-14.6195
-14.7601
-14.7349
-14.5249
-14.1267
-13.5521
-12.8268
-11.9882
-11.0845
-10.1731
-9.31856
-8.5878
-8.04365
-7.73993
-7.71686
-7.99902
-8.59472
-9.49145
-10.6557
-12.0319
-13.5441
-15.1
-16.5975
-17.9331
-19.0096
-19.7482
-20.0925
-20.0189
-19.5384
-18.6921
-17.5442
-16.1716
-14.6545
-13.0682
-11.4782
-9.93677
-8.48265
-7.14172
-5.9288
-4.84977
-3.90368
-3.08466
-2.38356
-1.78934
-1.2901
-0.873894
-0.529276
-0.245695
-0.0136933
0.175001
0.327486
0.449759
0.546835
0.622875
0.68133
0.725056
0.756432
0.777442
0.789754
0.794773
0.793696
0.787539
0.777181
0.763378
0.746786
0.727977
0.707443
0.685606
0.66282
0.639374
0.615504
0.5914
0.567223
0.543115
0.519192
0.495531
0.472146
0.448973
0.425867
0.402627
0.379027
0.354872
0.330007
0.304394
0.277983
0.250929
0.223069
0.19493
0.165612
0.137116
0.105473
0.0788667
0.0407688
0.0249692
-12.3326
-12.6431
-12.9825
-13.3335
-13.6699
-13.9604
-14.1706
-14.2679
-14.2265
-14.031
-13.6784
-13.1784
-12.5522
-11.8318
-11.0583
-10.2809
-9.55444
-8.93536
-8.47716
-8.22589
-8.21649
-8.47003
-8.99346
-9.77564
-10.7872
-11.9801
-13.2889
-14.6346
-15.9296
-17.0852
-18.0181
-18.6597
-18.9606
-18.8985
-18.4796
-17.7357
-16.7187
-15.4927
-14.1261
-12.6845
-11.2266
-9.80027
-8.4424
-7.17869
-6.02507
-4.98925
-4.07247
-3.27117
-2.57843
-1.98523
-1.48146
-1.05669
-0.700729
-0.404057
-0.158029
0.0449962
0.211636
0.347535
0.457459
0.545406
0.614728
0.66824
0.70832
0.736987
0.755962
0.766728
0.770561
0.768571
0.76172
0.750852
0.7367
0.719905
0.701022
0.680527
0.658819
0.636232
0.613037
0.589458
0.565688
0.541898
0.518231
0.494789
0.471609
0.448637
0.425733
0.402688
0.379263
0.355245
0.33047
0.304896
0.278485
0.2514
0.223495
0.195297
0.165932
0.137364
0.105714
0.0789745
0.0410231
0.0247823
-12.2623
-12.5326
-12.8205
-13.1112
-13.3836
-13.6129
-13.7721
-13.8357
-13.7832
-13.6025
-13.291
-12.8567
-12.3176
-11.7008
-11.0412
-10.3808
-9.7657
-9.24378
-8.86029
-8.65443
-8.65624
-8.88364
-9.34236
-10.0226
-10.8988
-11.9295
-13.0586
-14.2184
-15.3342
-16.3298
-17.1342
-17.6876
-17.9469
-17.8911
-17.5228
-16.8662
-15.9633
-14.867
-13.6355
-12.3257
-10.9896
-9.67095
-8.40428
-7.21475
-6.11886
-5.12573
-4.23841
-3.45535
-2.77163
-2.18013
-1.67242
-1.23954
-0.872564
-0.562998
-0.303031
-0.0856817
0.0951622
0.244769
0.367637
0.467587
0.547864
0.611238
0.660082
0.696447
0.722116
0.738645
0.747396
0.749571
0.746222
0.738279
0.726556
0.711764
0.694522
0.675362
0.654731
0.633004
0.610489
0.587442
0.564086
0.540619
0.517213
0.493995
0.471022
0.448259
0.425568
0.402733
0.379498
0.35563
0.330951
0.305419
0.279002
0.251877
0.223918
0.195652
0.166233
0.137581
0.105922
0.0790351
0.041242
0.0245321
-12.181
-12.4153
-12.6588
-12.8989
-13.1189
-13.2989
-13.4177
-13.4554
-13.396
-13.2299
-12.9555
-12.5793
-12.1166
-11.5902
-11.0298
-10.4709
-9.95245
-9.51461
-9.19559
-9.0286
-9.03919
-9.24264
-9.6435
-10.2332
-10.9896
-11.877
-12.8475
-13.8433
-14.8008
-15.6546
-16.3443
-16.8179
-17.0379
-16.9846
-16.6579
-16.0761
-15.2726
-14.2914
-13.1812
-11.9914
-10.7677
-9.54962
-8.36929
-7.25088
-6.21109
-5.26
-4.40215
-3.6377
-2.96354
-2.37428
-1.8631
-1.42248
-1.04473
-0.722392
-0.448517
-0.216806
-0.0216779
0.141738
0.277655
0.389703
0.481016
0.554311
0.611961
0.656052
0.688427
0.71072
0.724384
0.730711
0.73085
0.725815
0.716501
0.703694
0.688076
0.670233
0.650661
0.629777
0.607926
0.585397
0.562443
0.539289
0.516136
0.493139
0.470379
0.447834
0.425371
0.402767
0.379744
0.356045
0.331477
0.305993
0.279574
0.25241
0.224397
0.196061
0.16659
0.137854
0.106191
0.0791502
0.0415251
0.0243209
-12.0915
-12.2939
-12.4994
-12.6974
-12.8744
-13.0148
-13.1019
-13.1201
-13.0572
-12.9057
-12.6645
-12.3395
-11.9434
-11.4957
-11.0213
-10.5501
-10.1149
-9.74926
-9.48542
-9.35129
-9.36839
-9.54974
-9.89884
-10.4082
-11.0587
-11.8198
-12.6507
-13.5021
-14.3199
-15.0486
-15.6362
-16.0381
-16.2215
-16.168
-15.8757
-15.3581
-14.6418
-13.7626
-12.7617
-11.6812
-10.5611
-9.43708
-8.33844
-7.28815
-6.30276
-5.39297
-4.56446
-3.81886
-3.15464
-2.56803
-2.05373
-1.60561
-1.21721
-0.882139
-0.594311
-0.34814
-0.138604
0.0387507
0.187834
0.312077
0.414495
0.497754
0.564226
0.616035
0.65509
0.683108
0.701636
0.712063
0.715634
0.713454
0.706503
0.69564
0.681612
0.665062
0.646535
0.626488
0.605301
0.583294
0.560745
0.537908
0.51501
0.492233
0.469684
0.447361
0.425139
0.402783
0.379991
0.356477
0.332027
0.306591
0.280162
0.252948
0.224869
0.19645
0.166918
0.138086
0.106416
0.0792072
0.0417648
0.0240375
-11.9975
-12.1717
-12.3446
-12.5075
-12.6496
-12.7582
-12.8205
-12.8244
-12.7604
-12.623
-12.4118
-12.1317
-11.7936
-11.4139
-11.0136
-10.6178
-10.2539
-9.94996
-9.73294
-9.62622
-9.64782
-9.8087
-10.1115
-10.5497
-11.1068
-11.7568
-12.4649
-13.1895
-13.8845
-14.5028
-15
-15.3378
-15.4873
-15.4319
-15.1683
-14.7061
-14.0662
-13.2779
-12.3754
-11.3946
-10.3704
-9.33414
-8.31278
-7.32771
-6.39502
-5.52569
-4.72628
-3.99961
-3.34557
-2.76186
-2.24462
-1.78911
-1.39006
-1.04217
-0.740241
-0.479437
-0.255312
-0.0638539
0.0985335
0.235073
0.348661
0.441913
0.517208
0.576712
0.622408
0.656102
0.679438
0.693906
0.700851
0.701471
0.696829
0.687858
0.675371
0.660069
0.642544
0.623294
0.602734
0.581216
0.559045
0.536502
0.513841
0.491275
0.468938
0.446846
0.424881
0.402798
0.380264
0.356958
0.332642
0.30726
0.280824
0.253558
0.225411
0.196908
0.167316
0.138386
0.106715
0.0793304
0.0420801
0.0238005
-11.9002
-12.0499
-12.1951
-12.3288
-12.4423
-12.5257
-12.5688
-12.5625
-12.4994
-12.3756
-12.191
-11.9502
-11.6624
-11.3413
-11.0046
-10.6732
-10.3699
-10.1183
-9.9406
-9.85637
-9.88061
-10.0224
-10.2837
-10.6588
-11.1337
-11.6861
-12.2867
-12.9002
-13.4875
-14.0089
-14.4263
-14.707
-14.8259
-14.7677
-14.5282
-14.1141
-13.5417
-12.8345
-12.0209
-11.1313
-10.1956
-9.24163
-8.29342
-7.37081
-6.48914
-5.6594
-4.88873
-4.18094
-3.53714
-2.9564
-2.43625
-1.97325
-1.56339
-1.20244
-0.886146
-0.610431
-0.371461
-0.165685
0.0101693
0.159111
0.283917
0.38716
0.47123
0.538351
0.590585
0.629836
0.657855
0.676242
0.686443
0.689755
0.687328
0.680171
0.669167
0.65507
0.63852
0.620055
0.600121
0.579096
0.557308
0.53506
0.512635
0.490273
0.46814
0.446279
0.424583
0.402792
0.380541
0.357464
0.333291
0.30796
0.281504
0.254169
0.225938
0.197334
0.167671
0.13863
0.106956
0.0793796
0.0423406
0.0234783
-11.803
-11.9312
-12.0529
-12.1624
-12.2527
-12.316
-12.3444
-12.331
-12.2701
-12.1591
-11.9982
-11.7916
-11.547
-11.2761
-10.9935
-10.7168
-10.4648
-10.257
-10.112
-10.0459
-10.0711
-10.195
-10.4191
-10.7385
-11.1411
-11.608
-12.1145
-12.6308
-13.124
-13.5604
-13.9077
-14.138
-14.2293
-14.1678
-13.9489
-13.577
-13.0643
-12.4298
-11.6968
-10.8908
-10.0372
-9.16036
-8.28154
-7.41881
-6.58654
-5.79549
-5.05313
-4.36403
-3.73037
-3.15247
-2.6292
-2.15842
-1.73739
-1.36296
-1.03188
-0.740858
-0.486701
-0.266332
-0.0768132
0.0846522
0.22073
0.333961
0.426759
0.501416
0.560086
0.604782
0.637366
0.659552
0.672896
0.678792
0.678477
0.67304
0.663427
0.65045
0.634796
0.617042
0.597666
0.577074
0.555619
0.533627
0.511407
0.489231
0.467297
0.445674
0.424267
0.4028
0.380866
0.358045
0.334031
0.308757
0.282279
0.254872
0.226555
0.197848
0.168116
0.13896
0.107289
0.07951
0.0426924
0.0232108
-11.7056
-11.8152
-11.9169
-12.0063
-12.0779
-12.1253
-12.1426
-12.1244
-12.0667
-11.9676
-11.8278
-11.6507
-11.4433
-11.215
-10.9783
-10.7476
-10.5386
-10.3674
-10.2492
-10.1974
-10.222
-10.3292
-10.52
-10.79
-11.1291
-11.5213
-11.9458
-12.3774
-12.7886
-13.1508
-13.4369
-13.6229
-13.6898
-13.6253
-13.4243
-13.0895
-12.6302
-12.0613
-11.4017
-10.6726
-9.89551
-9.09119
-8.27838
-7.47319
-6.68885
-5.93563
-5.22107
-4.55033
-3.92653
-3.35112
-2.82426
-2.34516
-1.91232
-1.52378
-1.17728
-0.870394
-0.600584
-0.36527
-0.161856
0.0122504
0.159614
0.28276
0.384148
0.466155
0.531048
0.580963
0.617885
0.643654
0.659942
0.668247
0.669897
0.666061
0.657751
0.645835
0.631044
0.61399
0.595177
0.575029
0.553917
0.532185
0.510163
0.488158
0.466405
0.445013
0.423902
0.402786
0.381203
0.358665
0.334822
0.309598
0.283079
0.255573
0.227145
0.198313
0.168498
0.139212
0.107545
0.0795452
0.0429762
0.0228401
-11.6118
-11.7053
-11.7902
-11.8629
-11.9192
-11.9541
-11.9629
-11.9417
-11.8876
-11.7993
-11.6778
-11.5262
-11.3502
-11.158
-10.9598
-10.7676
-10.5942
-10.453
-10.3564
-10.3154
-10.3381
-10.4295
-10.5904
-10.8168
-11.1001
-11.4271
-11.78
-12.138
-12.4778
-12.7756
-13.0083
-13.1557
-13.2012
-13.134
-12.949
-12.6474
-12.236
-11.7266
-11.1342
-10.4763
-9.77072
-9.035
-8.28526
-7.53561
-6.79791
-6.08171
-5.39444
-4.74162
-4.12717
-3.55363
-3.02245
-2.53416
-2.0886
-1.68503
-1.32228
-0.998789
-0.712731
-0.462025
-0.244413
-0.0574987
0.101205
0.234228
0.3441
0.433305
0.504241
0.559182
0.600241
0.629397
0.648441
0.658978
0.662425
0.66003
0.652874
0.641878
0.627817
0.611339
0.592977
0.573177
0.552328
0.530791
0.508922
0.487059
0.465477
0.444321
0.423532
0.402806
0.381617
0.359397
0.33574
0.310565
0.283999
0.256387
0.227847
0.198887
0.168992
0.139572
0.107914
0.0796787
0.0433707
0.0225312
-11.519
-11.5986
-11.6692
-11.7282
-11.7721
-11.7972
-11.7997
-11.7768
-11.7265
-11.6481
-11.5424
-11.4125
-11.2632
-11.1013
-10.9352
-10.7748
-10.6308
-10.514
-10.4345
-10.4013
-10.4211
-10.4978
-10.6317
-10.8196
-11.0542
-11.3243
-11.6152
-11.9093
-12.1874
-12.4294
-12.616
-12.73
-12.7572
-12.6881
-12.5176
-12.2461
-11.8783
-11.4232
-10.893
-10.3014
-9.66312
-8.99271
-8.30364
-7.60791
-6.91582
-6.236
-5.5755
-4.94005
-4.33424
-3.76166
-3.22503
-2.7263
-2.26669
-1.84681
-1.46662
-1.12553
-0.822448
-0.555811
-0.32369
-0.123858
0.0461251
0.188836
0.306909
0.402972
0.47958
0.539175
0.584006
0.616213
0.637716
0.65023
0.655266
0.654153
0.648039
0.637894
0.624535
0.608635
0.590746
0.571324
0.550763
0.529432
0.507705
0.485953
0.464505
0.44356
0.423099
0.4028
0.382058
0.360199
0.336743
0.311603
0.284956
0.257199
0.228508
0.199391
0.169399
0.139827
0.108184
0.0796908
0.0436842
0.0220951
-11.433
-11.5006
-11.5591
-11.6066
-11.6404
-11.6575
-11.6552
-11.6314
-11.5847
-11.5148
-11.4227
-11.311
-11.1838
-11.0469
-10.9072
-10.7728
-10.6525
-10.555
-10.4887
-10.4607
-10.4765
-10.539
-10.6486
-10.8024
-10.9942
-11.2147
-11.4516
-11.6904
-11.9151
-12.1089
-12.2558
-12.3411
-12.3529
-12.2826
-12.1258
-11.8817
-11.5539
-11.1491
-10.6765
-10.1473
-9.573
-8.96531
-8.3351
-7.69217
-7.04507
-6.4012
-5.76702
-5.14828
-4.55016
-3.97727
-3.43366
-2.92278
-2.4474
-2.00953
-1.61042
-1.25048
-0.929383
-0.646089
-0.398987
-0.18599
-0.00466387
0.147653
0.273745
0.376412
0.458401
0.522345
0.570628
0.605585
0.629257
0.643473
0.649836
0.649758
0.644452
0.634939
0.622072
0.606557
0.588969
0.569776
0.549382
0.528165
0.506515
0.484835
0.463503
0.442777
0.422677
0.402858
0.382621
0.361158
0.337911
0.312795
0.286053
0.258143
0.229303
0.200028
0.169944
0.140212
0.108593
0.0798179
0.0441322
0.0217226
-11.3478
-11.405
-11.4533
-11.4912
-11.5167
-11.5275
-11.5216
-11.4975
-11.4542
-11.3917
-11.3112
-11.2148
-11.106
-10.9897
-10.8716
-10.7583
-10.6569
-10.5746
-10.5182
-10.4933
-10.5043
-10.5536
-10.6413
-10.765
-10.9194
-11.0968
-11.2872
-11.4784
-11.6571
-11.8096
-11.9225
-11.9835
-11.9826
-11.9123
-11.7685
-11.5501
-11.2595
-10.9016
-10.4834
-10.0134
-9.50053
-8.95377
-8.38139
-7.7908
-7.18855
-6.58055
-5.97238
-5.3696
-4.7779
-4.20293
-3.65018
-3.12473
-2.63111
-2.17296
-1.75292
-1.37252
-1.03224
-0.731555
-0.469124
-0.242932
-0.0504802
0.111043
0.24464
0.353342
0.440118
0.507858
0.559039
0.596261
0.621686
0.63726
0.644676
0.645436
0.640811
0.631865
0.619483
0.604387
0.587157
0.568259
0.548083
0.526999
0.505403
0.483735
0.462443
0.441884
0.422149
0.402878
0.38324
0.362248
0.339232
0.314111
0.287217
0.259086
0.230042
0.200565
0.170369
0.140459
0.108878
0.079793
0.0444906
0.0211899
-11.2729
-11.3208
-11.3603
-11.39
-11.4085
-11.4141
-11.4051
-11.3807
-11.3402
-11.2839
-11.2127
-11.1286
-11.0347
-10.9348
-10.8338
-10.737
-10.6502
-10.5793
-10.5295
-10.5056
-10.511
-10.5476
-10.6153
-10.712
-10.8335
-10.9733
-11.1231
-11.2731
-11.4123
-11.5293
-11.6132
-11.6537
-11.6424
-11.5731
-11.442
-11.2479
-10.9922
-10.6785
-10.312
-9.89896
-9.44593
-8.95923
-8.4445
-7.90662
-7.34978
-6.77802
-6.19571
-5.60805
-5.02116
-4.44188
-3.87725
-3.33429
-2.81944
-2.33819
-1.89471
-1.49178
-1.1307
-0.811484
-0.533019
-0.293302
-0.0896886
0.0808583
0.221619
0.335919
0.427008
0.498107
0.551662
0.5907
0.61745
0.633969
0.642048
0.643278
0.638987
0.630276
0.618064
0.603098
0.585971
0.567151
0.547022
0.525944
0.504314
0.482603
0.461329
0.440948
0.421631
0.402993
0.384034
0.363551
0.340755
0.315595
0.288524
0.260169
0.230931
0.20126
0.170961
0.140859
0.109329
0.0798953
0.0450132
0.0207098
-11.1967
-11.2368
-11.2686
-11.2914
-11.3041
-11.3054
-11.2942
-11.2696
-11.2316
-11.1803
-11.1168
-11.0428
-10.9609
-10.8742
-10.7868
-10.7029
-10.6274
-10.5648
-10.5195
-10.4952
-10.4946
-10.5192
-10.5688
-10.6418
-10.7345
-10.8418
-10.9567
-11.0713
-11.1767
-11.2636
-11.3229
-11.3464
-11.3272
-11.26
-11.1415
-10.9707
-10.7483
-10.477
-10.1604
-9.80301
-9.40918
-8.98276
-8.52668
-8.04292
-7.53294
-6.99837
-6.44198
-5.86833
-5.28402
-4.69714
-4.11665
-3.55184
-3.01158
-2.50347
-2.03352
-1.60578
-1.22241
-0.883846
-0.589094
-0.336041
-0.121784
0.0570803
0.204175
0.323176
0.417666
0.490895
0.546418
0.586605
0.614128
0.631135
0.639533
0.641005
0.636918
0.628404
0.6164
0.601653
0.584746
0.566119
0.546118
0.525066
0.503344
0.481462
0.460053
0.439751
0.420877
0.403019
0.384937
0.365107
0.342566
0.317307
0.289953
0.261262
0.231743
0.201817
0.171395
0.141083
0.109633
0.0798116
0.0454506
0.0200203
-11.1353
-11.168
-11.1929
-11.2095
-11.2169
-11.2142
-11.2005
-11.1754
-11.1389
-11.0913
-11.0335
-10.967
-10.894
-10.8172
-10.7397
-10.6652
-10.5974
-10.5401
-10.4968
-10.4704
-10.463
-10.4758
-10.5086
-10.56
-10.6271
-10.7056
-10.7901
-10.874
-10.9502
-11.0112
-11.0497
-11.059
-11.0337
-10.9694
-10.8635
-10.7151
-10.5248
-10.2944
-10.0267
-9.72455
-9.3904
-9.0257
-8.63051
-8.20355
-7.74291
-7.24722
-6.71712
-6.15638
-5.57217
-4.97413
-4.37338
-3.78183
-3.21114
-2.67147
-2.17088
-1.71494
-1.3068
-0.947277
-0.635365
-0.368691
-0.14394
0.0427668
0.195536
0.318502
0.415651
0.49065
0.547048
0.587749
0.61542
0.632324
0.640482
0.641681
0.637301
0.628503
0.616251
0.601309
0.584259
0.565526
0.545424
0.524234
0.502312
0.480192
0.458622
0.438427
0.420087
0.403147
0.386059
0.366913
0.34458
0.319155
0.29149
0.262479
0.232713
0.202553
0.172022
0.141479
0.110128
0.0798557
0.0460927
0.0193444
-11.0688
-11.0952
-11.1141
-11.1254
-11.1283
-11.1222
-11.1065
-11.081
-11.0456
-11.0009
-10.9475
-10.887
-10.8209
-10.7516
-10.6817
-10.6141
-10.5519
-10.4979
-10.4551
-10.4257
-10.4114
-10.4131
-10.4307
-10.463
-10.5077
-10.5613
-10.6195
-10.6771
-10.7283
-10.7673
-10.7883
-10.7862
-10.7565
-10.696
-10.6029
-10.4765
-10.3174
-10.1274
-9.90829
-9.66195
-9.38916
-9.08902
-8.75853
-8.39267
-7.98535
-7.53129
-7.02822
-6.4787
-5.8906
-5.27559
-4.64772
-4.02244
-3.41486
-2.83815
-2.30277
-1.81576
-1.38101
-0.999636
-0.670478
-0.390707
-0.156406
0.0369456
0.194088
0.31971
0.418256
0.493816
0.550125
0.590411
0.617392
0.633714
0.641255
0.641932
0.637152
0.628089
0.615707
0.600748
0.583756
0.565097
0.545008
0.523685
0.501432
0.478829
0.456819
0.43656
0.418818
0.403097
0.387393
0.369213
0.34715
0.321437
0.293256
0.263726
0.233574
0.203099
0.172443
0.141654
0.11046
0.0796788
0.0466815
0.0183765
-11.023
-11.0432
-11.0562
-11.0621
-11.0604
-11.0505
-11.0322
-11.0052
-10.9698
-10.9262
-10.8754
-10.8183
-10.7566
-10.692
-10.6267
-10.563
-10.5034
-10.4502
-10.4057
-10.3718
-10.3497
-10.3402
-10.3432
-10.3577
-10.3819
-10.4132
-10.448
-10.4823
-10.5117
-10.5316
-10.5376
-10.5258
-10.493
-10.4369
-10.3564
-10.2516
-10.1232
-9.97304
-9.80275
-9.61344
-9.40463
-9.17333
-8.91335
-8.61534
-8.26799
-7.86081
-7.38758
-6.84925
-6.2546
-5.61733
-4.95454
-4.2861
-3.63222
-3.00986
-2.43227
-1.90847
-1.44326
-1.03779
-0.690406
-0.397483
-0.154203
0.0448433
0.205201
0.332238
0.430959
0.505888
0.561064
0.599925
0.625456
0.64021
0.646485
0.645955
0.640077
0.630078
0.616935
0.601393
0.583981
0.565027
0.544695
0.523092
0.500454
0.477379
0.454997
0.434786
0.417766
0.403347
0.389016
0.371702
0.349788
0.323724
0.295051
0.265078
0.234616
0.203856
0.173087
0.142011
0.111
0.0796089
0.0475336
0.0173356
-10.9663
-10.981
-10.989
-10.9904
-10.9848
-10.9718
-10.9513
-10.9231
-10.8875
-10.8448
-10.7957
-10.7412
-10.6825
-10.6212
-10.5589
-10.4976
-10.4392
-10.3857
-10.3387
-10.2999
-10.2701
-10.2501
-10.2398
-10.2384
-10.2445
-10.2561
-10.2705
-10.2847
-10.2953
-10.2989
-10.2922
-10.2726
-10.2378
-10.1867
-10.119
-10.0352
-9.93706
-9.82649
-9.70554
-9.57534
-9.43491
-9.27972
-9.10041
-8.88237
-8.60706
-8.25609
-7.8168
-7.28749
-6.67868
-6.00825
-5.2983
-4.5745
-3.86238
-3.18402
-2.5563
-1.99024
-1.4913
-1.06029
-0.694624
-0.389489
-0.138793
0.0640626
0.225654
0.352191
0.449326
0.522067
0.574767
0.61111
0.634228
0.646817
0.651258
0.649252
0.642222
0.631402
0.617734
0.601913
0.584399
0.565422
0.545014
0.523145
0.499969
0.476164
0.453157
0.432888
0.416727
0.403958
0.391406
0.375223
0.353456
0.326789
0.297253
0.266492
0.235495
0.204343
0.173464
0.142105
0.111379
0.079288
0.0484122
0.0158774
-10.9384
-10.947
-10.9493
-10.9453
-10.9349
-10.9177
-10.8937
-10.8629
-10.8254
-10.7816
-10.7322
-10.6779
-10.6197
-10.559
-10.4972
-10.4356
-10.3759
-10.3197
-10.2683
-10.2229
-10.1844
-10.1533
-10.1296
-10.1129
-10.1019
-10.0954
-10.0913
-10.0874
-10.0812
-10.0703
-10.0526
-10.0262
-9.98997
-9.94358
-9.88757
-9.82345
-9.75368
-9.68147
-9.61021
-9.54243
-9.47806
-9.4121
-9.33204
-9.21638
-9.03603
-8.76041
-8.36696
-7.84934
-7.22101
-6.50174
-5.72141
-4.91759
-4.12431
-3.37038
-2.67724
-2.05806
-1.51851
-1.05835
-0.673246
-0.356382
-0.0997682
0.10485
0.265399
0.389137
0.482496
0.55104
0.599496
0.631812
0.651256
0.660593
0.661943
0.657394
0.648193
0.635584
0.620513
0.603655
0.585437
0.566023
0.545351
0.523281
0.499904
0.47595
0.45303
0.433273
0.418026
0.406261
0.394416
0.378442
0.356452
0.329315
0.299258
0.268001
0.236631
0.205116
0.174109
0.14238
0.111971
0.0790212
0.0496804
0.0141838
-10.8916
-10.8952
-10.893
-10.885
-10.8709
-10.8505
-10.8238
-10.7909
-10.7519
-10.7071
-10.6572
-10.6028
-10.5447
-10.484
-10.4218
-10.3592
-10.2976
-10.2381
-10.1819
-10.1301
-10.0832
-10.0418
-10.0059
-9.97518
-9.94902
-9.92632
-9.9057
-9.88556
-9.86424
-9.84013
-9.81186
-9.77851
-9.73977
-9.69622
-9.6495
-9.60246
-9.5593
-9.52552
-9.50745
-9.51087
-9.53852
-9.58601
-9.63702
-9.65962
-9.60739
-9.42972
-9.08783
-8.57362
-7.9041
-7.10857
-6.23208
-5.32137
-4.42097
-3.56903
-2.79305
-2.10879
-1.52168
-1.02945
-0.62491
-0.298254
-0.0387511
0.164154
0.320187
0.437924
0.524701
0.586665
0.628895
0.655529
0.669998
0.67494
0.672736
0.665119
0.653702
0.639504
0.623367
0.605895
0.587404
0.567918
0.547213
0.525026
0.501428
0.47728
0.454419
0.435147
0.420784
0.410022
0.398877
0.383001
0.360499
0.332455
0.301404
0.269273
0.237332
0.205417
0.174377
0.14235
0.112432
0.0784957
0.0512515
0.0117495
-10.8826
-10.8798
-10.8716
-10.8576
-10.8379
-10.8124
-10.7811
-10.7439
-10.7012
-10.6533
-10.6005
-10.5435
-10.483
-10.4196
-10.3545
-10.2884
-10.2224
-10.1575
-10.0946
-10.0345
-9.97787
-9.92505
-9.87622
-9.83123
-9.78966
-9.75081
-9.71375
-9.67736
-9.64046
-9.60204
-9.5614
-9.5184
-9.47372
-9.42912
-9.38774
-9.35438
-9.33592
-9.34143
-9.38152
-9.46676
-9.6042
-9.79121
-10.0074
-10.2079
-10.3236
-10.2761
-10.005
-9.48951
-8.75646
-7.85865
-6.85195
-5.79626
-4.75205
-3.77045
-2.88717
-2.12118
-1.47703
-0.949033
-0.525495
-0.192082
0.0658684
0.262015
0.408398
0.515243
0.590993
0.642485
0.675173
0.693375
0.700532
0.699339
0.691641
0.679308
0.663975
0.646668
0.628163
0.609027
0.589533
0.569642
0.549058
0.527454
0.50484
0.481941
0.460273
0.441574
0.426612
0.414072
0.40079
0.383458
0.360581
0.332838
0.302179
0.270173
0.238172
0.205988
0.174881
0.142418
0.113036
0.0778865
0.0536319
0.00836666
-10.8463
-10.8395
-10.828
-10.8103
-10.7868
-10.7577
-10.723
-10.6827
-10.6371
-10.5865
-10.5312
-10.4718
-10.4086
-10.3425
-10.274
-10.204
-10.1331
-10.0622
-9.99201
-9.9231
-9.85599
-9.791
-9.7283
-9.66781
-9.60926
-9.55218
-9.49596
-9.44002
-9.384
-9.3277
-9.27138
-9.21604
-9.16366
-9.11746
-9.0822
-9.06449
-9.07321
-9.11977
-9.21814
-9.38348
-9.62799
-9.95249
-10.334
-10.7138
-10.9962
-11.0713
-10.858
-10.3453
-9.5711
-8.58908
-7.46068
-6.26148
-5.06875
-3.94877
-2.94856
-2.09297
-1.38714
-0.822348
-0.381935
-0.0461334
0.204674
0.388164
0.519325
0.610365
0.67094
0.708539
0.728887
0.736352
0.73429
0.72527
0.711372
0.694399
0.675141
0.65491
0.634478
0.614315
0.594545
0.574914
0.554862
0.533771
0.511384
0.488242
0.465842
0.446117
0.43017
0.416962
0.403286
0.385557
0.362112
0.333677
0.3024
0.269958
0.237832
0.205598
0.174758
0.142077
0.113463
0.0769899
0.0563033
0.00375859
-10.8517
-10.8393
-10.8213
-10.7961
-10.7656
-10.7297
-10.6884
-10.6418
-10.5902
-10.5339
-10.4731
-10.4081
-10.3393
-10.2671
-10.1921
-10.1147
-10.0354
-9.95481
-9.87345
-9.7918
-9.71031
-9.62933
-9.54917
-9.47004
-9.39208
-9.31545
-9.24032
-9.16691
-9.09551
-9.0267
-8.96155
-8.90184
-8.85021
-8.81038
-8.78715
-8.7868
-8.81777
-8.89175
-9.0242
-9.23383
-9.53915
-9.94959
-10.4495
-10.9774
-11.4166
-11.6212
-11.4769
-10.9681
-10.156
-9.1099
-7.89436
-6.58927
-5.28072
-4.04705
-2.9466
-2.01169
-1.25027
-0.652579
-0.198466
0.136499
0.376585
0.543502
0.655392
0.726703
0.768526
0.789147
0.794621
0.789333
0.776461
0.758314
0.736843
0.712882
0.688192
0.663607
0.639934
0.617714
0.597094
0.577717
0.558738
0.539072
0.517875
0.495132
0.471983
0.450346
0.431775
0.416067
0.400982
0.383365
0.361091
0.333965
0.303519
0.271275
0.238987
0.206297
0.17526
0.141985
0.114003
0.0760559
0.0590056
-0.00104362
-10.819
-10.8141
-10.7944
-10.7621
-10.7252
-10.6834
-10.6361
-10.5836
-10.5263
-10.4645
-10.3982
-10.3277
-10.2533
-10.1751
-10.0936
-10.0091
-9.92199
-9.8328
-9.74203
-9.65023
-9.55801
-9.46598
-9.37478
-9.28504
-9.19742
-9.11254
-9.03104
-8.95358
-8.88091
-8.81388
-8.75367
-8.70186
-8.66063
-8.63276
-8.62172
-8.63201
-8.67031
-8.74694
-8.87766
-9.08521
-9.39633
-9.8295
-10.3736
-10.9635
-11.4686
-11.7242
-11.6152
-11.1348
-10.3391
-9.2952
-8.06581
-6.73105
-5.37946
-4.0949
-2.94291
-1.96249
-1.16595
-0.545246
-0.0797525
0.256951
0.491711
0.648788
0.74846
0.806749
0.835786
0.844459
0.839122
0.824278
0.803129
0.778007
0.750644
0.722603
0.694916
0.66836
0.643525
0.620686
0.599676
0.579825
0.560069
0.539306
0.516993
0.493669
0.471032
0.451204
0.435278
0.422094
0.408388
0.390407
0.366299
0.336719
0.304152
0.270615
0.238017
0.205464
0.175056
0.141727
0.114662
0.0752312
0.0605179
-0.00306247
-10.8223
-10.8232
-10.8027
-10.7643
-10.7206
-10.6723
-10.6189
-10.561
-10.4991
-10.4332
-10.3635
-10.2899
-10.2127
-10.132
-10.0481
-9.96135
-9.87204
-9.78066
-9.68775
-9.59393
-9.49986
-9.40629
-9.31396
-9.22363
-9.13604
-9.05186
-8.97176
-8.89631
-8.82601
-8.76134
-8.70301
-8.6523
-8.61141
-8.58333
-8.57142
-8.57958
-8.61403
-8.685
-8.80755
-9.00222
-9.2932
-9.7009
-10.2265
-10.8233
-11.3699
-11.6895
-11.6171
-11.1291
-10.3123
-9.27296
-8.05122
-6.72142
-5.36793
-4.07481
-2.91018
-1.91608
-1.10736
-0.477934
-0.00803182
0.328825
0.560123
0.711106
0.803097
0.853073
0.87393
0.875091
0.863219
0.84292
0.817343
0.78868
0.758485
0.727883
0.698185
0.669969
0.643883
0.620292
0.59913
0.579805
0.561254
0.542257
0.5219
0.500094
0.477784
0.456527
0.437514
0.420538
0.403665
0.38436
0.360962
0.333314
0.302813
0.270677
0.23869
0.206007
0.175406
0.141433
0.114701
0.0741413
0.0601207
-0.00206849
-10.8996
-10.8608
-10.8228
-10.7803
-10.7331
-10.6821
-10.6271
-10.568
-10.5051
-10.4383
-10.3678
-10.2935
-10.2157
-10.1345
-10.0502
-9.96307
-9.8735
-9.78195
-9.68896
-9.59516
-9.50123
-9.40789
-9.31592
-9.2261
-9.13918
-9.05593
-8.97703
-8.90316
-8.83497
-8.77315
-8.71861
-8.6727
-8.63743
-8.61553
-8.61053
-8.62698
-8.67138
-8.75326
-8.88565
-9.08523
-9.36965
-9.74845
-10.209
-10.7006
-11.1224
-11.3432
-11.2586
-10.8349
-10.1137
-9.11343
-7.9263
-6.63167
-5.31598
-4.0572
-2.9177
-1.93896
-1.13737
-0.508874
-0.0360884
0.305635
0.542397
0.698545
0.794883
0.848167
0.871276
0.873749
0.862446
0.842218
0.816452
0.787578
0.757289
0.72701
0.697631
0.66991
0.644253
0.62085
0.599459
0.579415
0.559722
0.539372
0.517818
0.495373
0.473255
0.453021
0.435548
0.420054
0.404196
0.385177
0.361406
0.333028
0.301818
0.269156
0.237003
0.204271
0.173981
0.139896
0.113719
0.0725892
0.0586071
-0.00115063
-13.5482
-13.5604
-13.3573
-13.1566
-13.4467
-14.0422
-14.7515
-15.3899
-15.8467
-16.0615
-16.0229
-15.8041
-15.4716
-15.0807
-14.7229
-14.4764
-14.352
-14.2475
-14.0574
-13.7305
-13.3129
-13.2117
-13.4744
-13.7892
-14.1602
-14.7826
-15.8334
-17.4992
-19.8348
-22.6617
-25.6073
-28.1927
-29.9602
-30.6169
-30.021
-27.9387
-24.3486
-19.7186
-14.4644
-9.0508
-3.90184
0.616769
4.2377
6.82859
8.42323
9.17149
9.27903
8.9683
8.42571
7.78904
7.14524
6.53901
6.00455
5.48375
4.96376
4.46254
3.9821
3.52461
3.09471
2.6993
2.3467
2.04408
1.7946
1.59577
1.4398
1.3158
1.21267
1.12139
1.0364
0.955808
0.880487
0.812566
0.753727
0.704237
0.662973
0.628086
0.597727
0.570435
0.545165
0.521154
0.497765
0.474582
0.451357
0.427992
0.4045
0.380927
0.357309
0.333577
0.309672
0.285382
0.260765
0.23542
0.209941
0.183065
0.157236
0.127676
0.103768
0.0675398
0.0528255
-0.000459061
-13.7456
-13.836
-14.0223
-14.4718
-15.1909
-15.9476
-16.5936
-17.0788
-17.4015
-17.5737
-17.5726
-17.3181
-16.7869
-16.057
-15.3081
-14.74
-14.4221
-14.2106
-13.8877
-13.4856
-13.2439
-13.3035
-13.6727
-13.9914
-14.2899
-14.9499
-16.2625
-18.5504
-21.8636
-25.8798
-29.98
-33.4436
-35.6283
-36.0695
-34.5832
-31.5018
-27.2926
-22.189
-16.6024
-10.9274
-5.5532
-0.817778
3.01787
5.81575
7.59808
8.50628
8.74573
8.54084
8.08083
7.50306
6.89306
6.29692
5.7146
5.18846
4.72535
4.29498
3.87099
3.45354
3.04957
2.66982
2.32715
2.03255
1.79133
1.60133
1.45392
1.33719
1.2394
1.15133
1.06718
0.984601
0.904139
0.828166
0.759642
0.70091
0.652999
0.615499
0.586717
0.564057
0.544573
0.525641
0.50551
0.483421
0.459531
0.434523
0.409191
0.384118
0.359552
0.335384
0.311366
0.287116
0.262523
0.237214
0.211634
0.184842
0.158738
0.129602
0.10495
0.0697821
0.0547027
-0.00218842
-13.7034
-13.9894
-14.9487
-15.9158
-16.7446
-17.3805
-17.858
-18.1933
-18.408
-18.5014
-18.4748
-18.3006
-17.8713
-17.0838
-15.9691
-14.7125
-13.5723
-12.7264
-12.2246
-12.035
-12.075
-12.3701
-12.8963
-13.6072
-14.8815
-17.1155
-20.4577
-24.727
-29.4523
-34.0494
-37.9549
-40.7067
-41.9721
-41.5704
-39.5613
-36.0947
-31.4336
-25.9204
-19.9544
-13.9379
-8.23921
-3.18179
0.969524
4.06761
6.11433
7.2417
7.67066
7.63423
7.32609
6.88365
6.39191
5.89788
5.42164
4.97354
4.53707
4.11085
3.70976
3.33425
2.98382
2.66077
2.36747
2.10633
1.87898
1.68507
1.52183
1.38446
1.26711
1.16401
1.07067
0.984643
0.905566
0.834433
0.772304
0.719385
0.674874
0.637225
0.604723
0.575931
0.549767
0.525379
0.50208
0.479303
0.456604
0.433692
0.410451
0.386882
0.363048
0.338967
0.314647
0.289979
0.264989
0.239417
0.213579
0.18672
0.160219
0.131365
0.105536
0.0721214
0.0534083
0.0011259
-13.9199
-14.4998
-15.595
-16.5084
-17.3
-17.8739
-18.2952
-18.578
-18.747
-18.7899
-18.6873
-18.4055
-17.8494
-16.9058
-15.6041
-14.1561
-12.8622
-11.9496
-11.4837
-11.3903
-11.5364
-11.8949
-12.5455
-13.929
-16.477
-20.3349
-25.2146
-30.5708
-35.8538
-40.6271
-44.5239
-47.1812
-48.2518
-47.5269
-45.0197
-41.0002
-35.8091
-29.8144
-23.4266
-17.0474
-11.0254
-5.66015
-1.20223
2.18886
4.49405
5.85062
6.48784
6.64396
6.51126
6.22173
5.85621
5.46046
5.05673
4.66044
4.279
3.91438
3.56427
3.22664
2.9041
2.60075
2.32209
2.07264
1.85498
1.669
1.51194
1.37923
1.26565
1.16632
1.07736
0.996162
0.921417
0.852842
0.790899
0.736138
0.688706
0.648322
0.614189
0.584933
0.558897
0.534557
0.510814
0.487048
0.463021
0.438729
0.414278
0.38978
0.365301
0.340795
0.316171
0.291257
0.266005
0.240207
0.214072
0.187114
0.160197
0.131683
0.104547
0.0733456
0.0475231
0.0104068
-13.5402
-14.2798
-15.2907
-16.2207
-17.0599
-17.7667
-18.3396
-18.7622
-19.0081
-19.0378
-18.8234
-18.3348
-17.4897
-16.2322
-14.6607
-13.0446
-11.7065
-10.8654
-10.5247
-10.5049
-10.6383
-11.0299
-12.0679
-14.3554
-18.1887
-23.3531
-29.2349
-35.2226
-40.9163
-46.0357
-50.2424
-53.086
-54.1029
-53.0601
-50.093
-45.5518
-39.8494
-33.3886
-26.5906
-19.8694
-13.5633
-7.94096
-3.23889
0.379269
2.89347
4.44665
5.27525
5.61715
5.6581
5.52292
5.2886
5.00098
4.68657
4.36166
4.03359
3.70684
3.38748
3.08027
2.78937
2.51814
2.26892
2.04381
1.84385
1.66877
1.51682
1.38516
1.27042
1.16922
1.0787
0.996887
0.922731
0.855938
0.796538
0.744519
0.699506
0.660544
0.62628
0.595322
0.566574
0.539364
0.513343
0.488257
0.46381
0.439686
0.415629
0.391486
0.36718
0.342657
0.317875
0.292747
0.267257
0.241267
0.214892
0.187832
0.160535
0.13222
0.103989
0.0744611
0.0436069
0.0174419
-12.5172
-13.1978
-14.2475
-15.4305
-16.6297
-17.7215
-18.6316
-19.2956
-19.6556
-19.6598
-19.2726
-18.4732
-17.243
-15.6102
-13.7265
-11.8929
-10.4904
-9.70165
-9.40289
-9.34441
-9.37529
-9.76133
-11.2162
-14.3558
-19.2693
-25.4051
-31.9824
-38.4682
-44.63
-50.2614
-54.9595
-58.1338
-59.1878
-57.8646
-54.4083
-49.3328
-43.1432
-36.2668
-29.1192
-22.1186
-15.5945
-9.79457
-4.93458
-1.1715
1.48355
3.18486
4.17251
4.67726
4.87305
4.87502
4.75555
4.56031
4.31859
4.05061
3.77014
3.48652
3.2063
2.93345
2.6716
2.42411
2.19426
1.98484
1.79751
1.63242
1.48841
1.36318
1.25388
1.15757
1.07167
0.994228
0.923965
0.860212
0.802716
0.751381
0.705973
0.666004
0.630709
0.599096
0.570133
0.542948
0.51692
0.491639
0.466819
0.442249
0.41778
0.393312
0.368766
0.344056
0.319103
0.29381
0.268135
0.241984
0.215398
0.188254
0.16065
0.132534
0.103474
0.075265
0.0413399
0.0213017
-11.037
-11.7675
-13.1002
-14.6618
-16.3527
-17.9877
-19.419
-20.4866
-21.0629
-21.0827
-20.5552
-19.4879
-17.9118
-15.8911
-13.6032
-11.3833
-9.61993
-8.52458
-7.9222
-7.47483
-7.22884
-7.67465
-9.62442
-13.5901
-19.4105
-26.2899
-33.4027
-40.3345
-46.9856
-53.1721
-58.3955
-61.9207
-63.0243
-61.4621
-57.5639
-52.0269
-45.4538
-38.2694
-30.8803
-23.7022
-17.0576
-11.1744
-6.25176
-2.43273
0.290225
2.08545
3.19212
3.82783
4.15147
4.26819
4.24654
4.13261
3.95834
3.74649
3.51282
3.26826
3.02113
2.77766
2.54283
2.32053
2.11368
1.92429
1.7534
1.60098
1.46617
1.34724
1.2422
1.14881
1.06511
0.989596
0.921225
0.859417
0.803848
0.754242
0.710181
0.67101
0.63586
0.603794
0.57398
0.545814
0.518909
0.492996
0.467828
0.44315
0.418721
0.394334
0.369841
0.34513
0.320122
0.294744
0.268952
0.242696
0.215957
0.188747
0.160894
0.132902
0.103217
0.0759162
0.0400219
0.0236821
-9.7407
-10.5309
-12.1279
-14.2389
-16.6852
-19.1566
-21.3638
-23.0435
-24.0077
-24.1406
-23.4395
-22.0211
-20.0004
-17.4332
-14.4239
-11.3153
-8.63242
-6.67981
-5.38893
-4.48266
-4.07242
-4.78223
-7.34393
-12.1038
-18.6923
-26.1695
-33.7132
-41.0159
-48.0646
-54.6796
-60.2927
-64.0678
-65.2031
-63.4696
-59.291
-53.4808
-46.6909
-39.346
-31.8494
-24.6183
-17.9638
-12.0967
-7.20451
-3.41155
-0.685229
1.1564
2.34559
3.08169
3.50682
3.71631
3.77514
3.72939
3.61256
3.4493
3.25753
3.05011
2.83644
2.6231
2.41502
2.21594
2.02879
1.85578
1.69826
1.5567
1.43062
1.31892
1.21983
1.13152
1.05232
0.980809
0.915939
0.857027
0.803641
0.755462
0.712138
0.673184
0.637979
0.60581
0.575966
0.547844
0.520981
0.495034
0.469737
0.444864
0.42023
0.395664
0.371026
0.346195
0.321077
0.295593
0.269684
0.243325
0.216444
0.189164
0.161106
0.133197
0.10306
0.0763856
0.039289
0.0250408
-9.32968
-10.1729
-12.0534
-14.7508
-18.0934
-21.5822
-24.675
-26.946
-28.1686
-28.2019
-27.1504
-25.3487
-23.0052
-20.0578
-16.3326
-11.995
-7.78368
-4.44488
-2.14498
-0.81169
-0.450777
-1.57927
-4.78303
-10.2286
-17.4049
-25.3261
-33.1906
-40.7472
-48.025
-54.8443
-60.6104
-64.4557
-65.5844
-63.8045
-59.5708
-53.7242
-46.915
-39.5698
-32.108
-24.9504
-18.3924
-12.6342
-7.85492
-4.15616
-1.47702
0.373848
1.61507
2.42442
2.92734
3.21036
3.33532
3.348
3.28263
3.16472
3.01294
2.84079
2.65816
2.47229
2.28866
2.11142
1.94369
1.78764
1.64457
1.51493
1.3984
1.29409
1.20068
1.11682
1.04116
0.972554
0.910155
0.853377
0.801821
0.755154
0.712992
0.674831
0.640055
0.607993
0.578017
0.549619
0.522435
0.4962
0.470701
0.445725
0.421049
0.396471
0.371823
0.346969
0.321806
0.296265
0.27028
0.24385
0.216867
0.189536
0.161319
0.133461
0.10299
0.0767256
0.0388852
0.0257727
-9.74596
-10.6304
-12.7719
-16.0212
-20.1405
-24.3819
-27.9395
-30.3092
-31.3137
-30.9469
-29.4713
-27.3642
-24.9409
-22.0182
-18.0632
-12.8739
-7.23883
-2.41362
0.916959
2.63364
2.86848
1.3122
-2.4001
-8.32013
-15.8646
-24.0474
-32.097
-39.7781
-47.1111
-53.9136
-59.6085
-63.3674
-64.4649
-62.7439
-58.6494
-52.9644
-46.2998
-39.0926
-31.7921
-24.8178
-18.447
-12.8748
-8.27388
-4.71839
-2.11974
-0.284539
0.986196
1.84751
2.40946
2.75095
2.93076
2.99368
2.97372
2.89647
2.78097
2.64123
2.48761
2.32773
2.16726
2.01043
1.86039
1.7194
1.58894
1.4697
1.3617
1.26442
1.17691
1.09802
1.02658
0.961634
0.902377
0.848226
0.798763
0.753651
0.712541
0.67502
0.640594
0.608721
0.57887
0.550582
0.52349
0.497312
0.471816
0.446796
0.422053
0.397405
0.372691
0.347776
0.322552
0.296949
0.270892
0.244395
0.217318
0.189933
0.161581
0.133745
0.103027
0.0770301
0.0387227
0.0262008
-10.3377
-11.2861
-13.5998
-17.1987
-21.754
-26.3134
-29.933
-32.1874
-33.0152
-32.395
-30.5561
-28.1354
-25.592
-22.7385
-18.8137
-13.2703
-6.75964
-0.826727
3.19694
5.26211
5.34039
3.48888
-0.529162
-6.65519
-14.3131
-22.566
-30.6676
-38.3542
-45.6022
-52.2252
-57.6957
-61.2698
-62.3246
-60.7326
-56.8907
-51.4817
-45.0644
-38.0972
-31.0577
-24.3511
-18.2354
-12.9072
-8.53014
-5.14691
-2.64612
-0.841252
0.443
1.33992
1.94628
2.33443
2.56012
2.66657
2.68697
2.64658
2.56436
2.45448
2.32752
2.19137
2.05197
1.91379
1.78018
1.65353
1.5354
1.42661
1.32731
1.23715
1.15537
1.08113
1.01351
0.951688
0.895027
0.843036
0.795352
0.751667
0.711656
0.67493
0.64103
0.609462
0.579749
0.551484
0.524349
0.498104
0.472549
0.447488
0.422719
0.398054
0.373321
0.348381
0.32312
0.297473
0.271359
0.244808
0.217655
0.190224
0.161764
0.133937
0.103037
0.0772084
0.0386093
0.026379
-10.4764
-11.5338
-13.9692
-17.7382
-22.5064
-27.2073
-30.8703
-33.1164
-33.9374
-33.1783
-31.0475
-28.3433
-25.6574
-22.7796
-18.8291
-13.1247
-6.28511
0.0871273
4.54276
6.70893
6.74089
4.74405
0.680608
-5.38025
-12.9075
-21.0448
-29.0691
-36.6615
-43.7336
-50.0892
-55.2614
-58.6103
-59.6196
-58.1804
-54.6269
-49.5337
-43.4167
-36.7604
-30.0529
-23.6694
-17.8534
-12.8072
-8.67935
-5.47914
-3.0811
-1.31381
-0.0269146
0.893582
1.53344
1.95928
2.22365
2.36779
2.42373
2.4161
2.36368
2.28068
2.1779
2.06343
1.9434
1.82241
1.70388
1.59029
1.48332
1.38392
1.29245
1.20879
1.13244
1.06278
0.999032
0.940496
0.886623
0.836962
0.791169
0.748955
0.710029
0.674057
0.640655
0.60941
0.579915
0.551811
0.524804
0.498654
0.473159
0.448126
0.423367
0.398698
0.373953
0.348993
0.323705
0.298025
0.271866
0.24527
0.218054
0.190579
0.162029
0.134198
0.103156
0.0774293
0.038633
0.0265353
-10.2141
-11.1846
-13.7463
-17.5928
-22.3879
-27.1333
-30.8614
-33.1482
-33.957
-33.1437
-30.9296
-28.1652
-25.4447
-22.5079
-18.465
-12.6801
-5.82082
0.446884
4.84893
6.96288
7.08163
5.11136
1.2171
-4.5365
-11.7287
-19.5887
-27.4153
-34.8314
-41.6752
-47.7324
-52.5913
-55.7128
-56.6755
-55.3814
-52.103
-47.3234
-41.5331
-35.2358
-28.9029
-22.8717
-17.3798
-12.6345
-8.76217
-5.74141
-3.44317
-1.71645
-0.43438
0.500896
1.16603
1.62245
1.91942
2.09609
2.18317
2.20459
2.17883
2.1201
2.03923
1.94445
1.84203
1.73669
1.63197
1.53048
1.43397
1.34353
1.25965
1.18234
1.11128
1.04596
0.985797
0.93025
0.878845
0.831218
0.787085
0.746197
0.708299
0.673094
0.640239
0.609365
0.580109
0.55215
0.525223
0.499118
0.47365
0.44863
0.423877
0.399208
0.374456
0.349482
0.32417
0.298457
0.272255
0.245614
0.218339
0.190821
0.162195
0.134349
0.103201
0.0775298
0.0386174
0.0265512
-9.87713
-10.5072
-13.1284
-16.9546
-21.6546
-26.3184
-30.0211
-32.3208
-33.1319
-32.3519
-30.273
-27.6784
-25.018
-21.9863
-17.8094
-12.0694
-5.54785
0.252506
4.32264
6.35189
6.46539
4.7888
1.20086
-4.10424
-10.8056
-18.2568
-25.7836
-32.9561
-39.5414
-45.2995
-49.8612
-52.771
-53.6858
-52.514
-49.4778
-44.9973
-39.5518
-33.6425
-27.7
-22.0288
-16.8708
-12.4313
-8.80657
-5.95245
-3.74667
-2.06086
-0.788507
0.155263
0.839488
1.3208
1.64528
1.84993
1.96417
2.0112
2.00918
1.97217
1.91104
1.8341
1.74771
1.65667
1.56461
1.47419
1.38726
1.30499
1.22802
1.15651
1.0903
1.02904
0.972328
0.919684
0.87072
0.825127
0.782655
0.743085
0.706196
0.671732
0.639402
0.608892
0.57989
0.552116
0.525331
0.499337
0.473952
0.448996
0.42429
0.399653
0.37492
0.349952
0.324633
0.298904
0.272674
0.246002
0.218681
0.191129
0.162439
0.134577
0.103345
0.0776992
0.0387118
0.0266062
-9.67073
-9.94044
-12.4358
-16.1557
-20.6598
-25.1347
-28.7325
-31.0005
-31.8206
-31.1687
-29.3725
-27.0306
-24.4132
-21.2305
-16.9257
-11.3825
-5.44211
-0.325039
3.25946
5.18433
5.36139
3.92672
0.783256
-4.00538
-10.1393
-17.0897
-24.2344
-31.1058
-37.4092
-42.8763
-47.1657
-49.8863
-50.754
-49.6797
-46.8531
-42.6616
-37.5768
-32.0667
-26.5073
-21.1882
-16.3635
-12.2237
-8.83036
-6.12596
-4.00334
-2.35678
-1.09682
-0.1489
0.549667
1.0512
1.39878
1.62742
1.7653
1.83489
1.85396
1.83642
1.79308
1.73229
1.66044
1.58241
1.5019
1.42163
1.34353
1.26888
1.1984
1.13238
1.0708
1.01342
0.959919
0.909948
0.863207
0.819446
0.778467
0.740092
0.704136
0.670381
0.638574
0.60844
0.579704
0.552115
0.52546
0.49956
0.474242
0.449332
0.424658
0.400042
0.375318
0.35035
0.325019
0.299269
0.273007
0.246299
0.218931
0.191341
0.162593
0.134706
0.103408
0.0777636
0.0387439
0.0265519
)
;

boundaryField
{
    outlet
    {
        type            fixedValue;
        value           uniform 0;
    }
    inlet
    {
        type            zeroGradient;
    }
    lowerWall
    {
        type            zeroGradient;
    }
    upperWall
    {
        type            zeroGradient;
    }
    frontAndBack
    {
        type            empty;
    }
}


// ************************************************************************* //
