/*--------------------------------*- C++ -*----------------------------------*\
  =========                 |
  \\      /  F ield         | OpenFOAM: The Open Source CFD Toolbox
   \\    /   O peration     | Website:  https://openfoam.org
    \\  /    A nd           | Version:  10
     \\/     M anipulation  |
\*---------------------------------------------------------------------------*/
FoamFile
{
    format      ascii;
    class       volScalarField;
    location    "800";
    object      omega;
}
// * * * * * * * * * * * * * * * * * * * * * * * * * * * * * * * * * * * * * //

dimensions      [0 0 -1 0 0 0 0];

internalField   nonuniform List<scalar> 
6820
(
6119.65
8495.53
9975.17
10745.8
11095.1
11205.2
11181.5
11085.3
10953.1
10806.8
10658.4
10514.8
10379.1
10252.8
10136.1
10028.7
9930.09
9839.52
9756.27
9679.65
9608.99
9543.71
9483.27
9427.18
9375.03
9326.43
9281.02
9238.51
9198.5
9161.32
9123.15
9103.16
8991.66
563.863
1593.66
2118.99
2485.29
2810.04
3047.21
3202.64
3297.98
3354.17
3382.65
3395.35
3394.49
3390.56
3382.29
3371.89
3361.05
3350.52
3340.7
3331.85
3324.04
3317.31
3311.6
3306.89
3303.06
3300.12
3297.89
3296.44
3295.64
3295.85
3296.58
3298.37
3301.26
3311.48
97.8512
383.671
612.514
783.211
925.912
1044.15
1139.72
1215.41
1275.18
1321.46
1357.37
1384.53
1405.16
1420.61
1432.05
1440.37
1446.35
1450.52
1453.37
1455.22
1456.38
1457.03
1457.37
1457.5
1457.53
1457.56
1457.63
1457.79
1458.13
1458.57
1459.52
1460.36
1462.81
35.0872
109.689
194.406
270.89
340.029
401.75
456.059
503.312
544.328
579.675
610.092
636.128
658.405
677.423
693.68
707.536
719.395
729.496
738.174
745.561
751.953
757.384
762.144
766.169
769.778
772.793
775.609
777.908
780.208
782.025
784.035
785.6
787.576
22.8645
46.9745
78.9735
111.645
143.697
174.308
202.955
229.405
253.675
275.804
295.908
314.1
330.538
345.355
358.716
370.736
381.575
391.321
400.123
408.038
415.209
421.658
427.529
432.808
437.648
441.995
446.02
449.63
453.018
456.057
458.956
461.579
464.131
19.4482
28.8211
42.7198
57.8276
73.3611
88.8415
103.932
118.422
132.214
145.247
157.503
168.976
179.69
189.667
198.948
207.564
215.565
222.981
229.864
236.24
242.161
247.645
252.747
257.473
261.879
265.964
269.785
273.331
276.661
279.76
282.686
285.421
288.021
18.2937
22.3026
29.0894
36.8342
45.0409
53.4275
61.8036
70.042
78.0648
85.8188
93.2711
100.401
107.199
113.664
119.8
125.611
131.111
136.309
141.22
145.854
150.231
154.358
158.255
161.93
165.402
168.677
171.775
174.699
177.47
180.09
182.578
184.937
187.183
17.8628
19.6407
23.1435
27.4253
32.1054
36.9869
41.946
46.901
51.7981
56.5996
61.2794
65.8192
70.2076
74.4371
78.5044
82.4079
86.1493
89.7299
93.1546
96.4262
99.5512
102.533
105.38
108.095
110.685
113.156
115.514
117.764
119.912
121.964
123.925
125.799
127.594
17.6921
18.5022
20.2904
22.7591
25.5623
28.5575
31.6531
34.789
37.925
41.0328
44.0924
47.0892
50.0133
52.8576
55.6174
58.2897
60.8733
63.3674
65.7726
68.0899
70.3209
72.4673
74.5316
76.5159
78.4232
80.2557
82.0167
83.7085
85.3343
86.8966
88.3986
89.8425
91.2312
17.6213
17.9912
18.8824
20.3079
22.0195
23.9107
25.9093
27.9667
30.05
32.1359
34.2079
36.254
38.2654
40.2358
42.1607
44.0369
45.8624
47.6356
49.3561
51.0236
52.6383
54.2008
55.7119
57.1726
58.5839
59.9472
61.2638
62.535
63.7624
64.9473
66.0914
67.1958
68.2621
17.591
17.7573
18.1874
18.9891
20.029
21.2312
22.54
23.916
25.3312
26.7655
28.2045
29.6375
31.0565
32.4559
33.8312
35.1793
36.4979
37.7854
39.0406
40.2629
41.452
42.6076
43.7301
44.8197
45.8767
46.9019
47.8957
48.8589
49.7923
50.6966
51.5725
52.4209
53.2425
17.5777
17.6499
17.8528
18.2782
18.8974
19.6531
20.5077
21.4311
22.4002
23.3977
24.4109
25.43
26.4478
27.4588
28.4588
29.4446
30.4138
31.3647
32.296
33.2066
34.0961
34.9639
35.8098
36.6338
37.436
38.2164
38.9755
39.7134
40.4305
41.1273
41.804
42.4612
43.0993
17.5717
17.6008
17.6934
17.9051
18.2597
18.7223
19.2706
19.8837
20.5439
21.2371
21.9523
22.6808
23.416
24.1527
24.8868
25.6153
26.3357
27.0461
27.7452
28.4317
29.105
29.7643
30.4092
31.0395
31.655
32.2557
32.8416
33.4126
33.9691
34.5111
35.0388
35.5524
36.0522
17.5685
17.5785
17.6181
17.7167
17.9085
18.1807
18.5221
18.92
19.3623
19.8384
20.3392
20.8575
21.3874
21.9242
22.4641
23.0041
23.5418
24.0753
24.6031
25.124
25.6371
26.1416
26.6369
27.1227
27.5986
28.0645
28.5201
28.9655
29.4006
29.8254
30.2399
30.6443
31.0387
17.5667
17.5684
17.5829
17.6262
17.7205
17.8733
18.0775
18.3273
18.6156
18.9354
19.2799
19.6435
20.0213
20.4092
20.8038
21.2024
21.6026
22.0027
22.4011
22.7965
23.1881
23.5749
23.9563
24.3318
24.7011
25.0637
25.4195
25.7683
26.11
26.4444
26.7716
27.0915
27.4041
17.5661
17.5629
17.5666
17.5833
17.6249
17.7047
17.8205
17.9706
18.1518
18.3599
18.5907
18.8401
19.1043
19.38
19.6645
19.9553
20.2503
20.5479
20.8466
21.1452
21.4427
21.7382
22.0312
22.321
22.6071
22.8892
23.167
23.4402
23.7087
23.9723
24.2308
24.4843
24.7326
17.5661
17.5601
17.5585
17.5631
17.5791
17.6155
17.6769
17.7623
17.8709
18.001
18.1502
18.3159
18.4957
18.6871
18.8878
19.096
19.31
19.5281
19.7492
19.9721
20.1959
20.4197
20.643
20.865
21.0854
21.3037
21.5196
21.7328
21.9431
22.1502
22.3541
22.5545
22.7514
17.5661
17.5591
17.5541
17.5533
17.5575
17.5711
17.5997
17.6448
17.7061
17.7833
17.8755
17.9813
18.0994
18.228
18.3657
18.511
18.6625
18.8191
18.9796
19.1431
19.3088
19.476
19.6439
19.8121
19.98
20.1473
20.3136
20.4787
20.6421
20.8039
20.9636
21.1213
21.2767
17.5662
17.5588
17.5523
17.5479
17.5469
17.5501
17.5603
17.5811
17.6128
17.6556
17.7093
17.7736
17.8477
17.9307
18.0218
18.1198
18.224
18.3333
18.4469
18.5641
18.6842
18.8066
18.9306
19.0559
19.1819
19.3083
19.4348
19.561
19.6867
19.8117
19.9357
20.0587
20.1804
17.5662
17.5587
17.5517
17.5456
17.5413
17.5397
17.5415
17.5482
17.5621
17.5834
17.6122
17.6487
17.6926
17.7435
17.801
17.8645
17.9334
18.0072
18.0851
18.1667
18.2515
18.3389
18.4285
18.5198
18.6126
18.7064
18.801
18.8961
18.9915
19.0869
19.1821
19.2769
19.3713
17.5662
17.5587
17.5515
17.5447
17.5388
17.5344
17.5319
17.5324
17.5359
17.5442
17.5577
17.5764
17.6003
17.6295
17.6637
17.7028
17.7463
17.794
17.8455
17.9005
17.9585
18.0192
18.0822
18.1473
18.2142
18.2825
18.3521
18.4226
18.4938
18.5657
18.6379
18.7104
18.7829
17.5662
17.5587
17.5514
17.5444
17.5378
17.532
17.5272
17.5241
17.5231
17.5243
17.5283
17.5362
17.5475
17.5627
17.5815
17.604
17.63
17.6595
17.6921
17.7278
17.7663
17.8073
17.8507
17.8961
17.9434
17.9923
18.0428
18.0944
18.1472
18.2009
18.2553
18.3103
18.3659
17.5662
17.5587
17.5514
17.5442
17.5374
17.531
17.5251
17.5202
17.5164
17.5141
17.5138
17.5151
17.5189
17.5255
17.5347
17.5466
17.5613
17.5787
17.5987
17.6213
17.6464
17.6737
17.7032
17.7347
17.7681
17.8031
17.8398
17.8778
17.917
17.9574
17.9988
18.041
18.084
17.5662
17.5587
17.5514
17.5442
17.5372
17.5306
17.5243
17.5185
17.5135
17.5094
17.5065
17.505
17.5052
17.5068
17.5105
17.5164
17.5245
17.5348
17.5473
17.5619
17.5787
17.5975
17.6184
17.6411
17.6656
17.6917
17.7195
17.7486
17.7791
17.8108
17.8436
17.8775
17.9121
17.5662
17.5587
17.5513
17.5442
17.5372
17.5304
17.524
17.518
17.5126
17.5078
17.5041
17.5014
17.5002
17.5004
17.5018
17.5051
17.5104
17.5177
17.5269
17.5381
17.5511
17.5661
17.583
17.6016
17.622
17.644
17.6675
17.6924
17.7187
17.7462
17.7749
17.8046
17.8352
17.5662
17.5587
17.5513
17.5442
17.5372
17.5305
17.5242
17.5183
17.5132
17.5088
17.5055
17.5034
17.5028
17.5035
17.5056
17.5097
17.5158
17.5238
17.5337
17.5456
17.5594
17.575
17.5925
17.6117
17.6326
17.6551
17.6791
17.7045
17.7311
17.759
17.788
17.8181
17.849
17.5662
17.5587
17.5513
17.5442
17.5374
17.5309
17.5251
17.52
17.5159
17.5131
17.5117
17.5122
17.5141
17.5183
17.5246
17.5331
17.5437
17.5566
17.5716
17.5888
17.608
17.6292
17.6522
17.677
17.7035
17.7316
17.7611
17.7919
17.824
17.8572
17.8913
17.9264
17.9624
17.5662
17.5587
17.5514
17.5444
17.5379
17.5322
17.5276
17.5243
17.523
17.5238
17.5267
17.5327
17.5416
17.5534
17.5681
17.5857
17.6061
17.6292
17.6549
17.6831
17.7135
17.7461
17.7806
17.817
17.855
17.8944
17.9353
17.9773
18.0204
18.0644
18.1093
18.1548
18.201
17.5662
17.5587
17.5516
17.5451
17.5396
17.5357
17.5342
17.5354
17.5395
17.5482
17.5612
17.5785
17.6003
17.6263
17.6565
17.6905
17.7282
17.7692
17.8134
17.8603
17.9097
17.9613
18.015
18.0703
18.1272
18.1853
18.2446
18.3048
18.3657
18.4273
18.4893
18.5516
18.6142
17.5662
17.5589
17.5522
17.5473
17.5446
17.5455
17.5504
17.5615
17.5798
17.605
17.6371
17.6761
17.7215
17.7729
17.8299
17.8918
17.9581
18.0284
18.102
18.1786
18.2577
18.3389
18.4218
18.506
18.5914
18.6776
18.7644
18.8516
18.939
19.0265
19.1138
19.2008
19.2875
17.5662
17.5594
17.5546
17.5542
17.558
17.5696
17.5932
17.6282
17.6749
17.7329
17.8016
17.8801
17.9674
18.0624
18.164
18.2714
18.3835
18.4996
18.6189
18.7408
18.8645
18.9897
19.1159
19.2426
19.3696
19.4965
19.6231
19.7491
19.8744
19.9987
20.122
20.2442
20.3651
17.5663
17.5617
17.563
17.5718
17.595
17.6401
17.7055
17.7911
17.8954
18.0165
18.1523
18.3006
18.4593
18.6266
18.8007
18.9802
19.1638
19.3502
19.5387
19.7283
19.9185
20.1085
20.2979
20.4864
20.6735
20.859
21.0426
21.2241
21.4034
21.5803
21.7548
21.9268
22.0961
17.5672
17.57
17.5859
17.6276
17.711
17.8336
17.9919
18.1815
18.3976
18.6351
18.8897
19.1574
19.435
19.7198
20.0094
20.302
20.596
20.8902
21.1836
21.4753
21.7646
22.0511
22.3342
22.6137
22.8892
23.1606
23.4277
23.6903
23.9484
24.2019
24.4508
24.6951
24.9348
17.5716
17.5953
17.6662
17.8177
18.053
18.3543
18.7087
19.1036
19.5285
19.9745
20.4349
20.9044
21.3787
21.8548
22.3301
22.8027
23.2712
23.7345
24.1917
24.6422
25.0854
25.521
25.9488
26.3685
26.7802
27.1836
27.5788
27.9659
28.3448
28.7157
29.0787
29.4338
29.7812
17.5854
17.6974
17.9699
18.4419
19.0444
19.7381
20.4917
21.2821
22.0933
22.9141
23.7367
24.5557
25.3673
26.1688
26.9583
27.7344
28.4962
29.243
29.9745
30.6904
31.3907
32.0753
32.7443
33.3978
34.0361
34.6594
35.2678
35.8618
36.4415
37.0072
37.5593
38.0981
38.6239
17.6522
18.1438
19.1451
20.4574
21.9286
23.4776
25.0548
26.6331
28.1966
29.7371
31.25
32.7323
34.182
35.5983
36.9807
38.3291
39.6436
40.9246
42.1725
43.3878
44.5711
45.723
46.8442
47.9355
48.9974
50.0307
51.0362
52.0146
52.9667
53.8931
54.7945
55.6718
56.5256
18.0423
20.3419
23.6954
27.3243
30.9671
34.5343
37.9952
41.351
44.6032
47.7618
50.8283
53.8045
56.6925
59.4942
62.2115
64.8462
67.4002
69.8754
72.2738
74.5973
76.8479
79.0277
81.1387
83.183
85.1628
87.0799
88.9366
90.7348
92.4765
94.1636
95.7982
97.3819
98.9168
21.0783
32.2377
43.8848
55.0827
65.2654
74.723
83.6609
92.2515
100.529
108.499
116.17
123.546
130.634
137.44
143.973
150.24
156.25
162.01
167.532
172.822
177.893
182.751
187.407
191.869
196.147
200.248
204.182
207.956
211.578
215.055
218.394
221.602
224.685
63.2893
131.146
179.994
220.948
253.72
286.904
320.749
353.551
384.646
413.765
440.836
465.898
489.061
510.454
530.221
548.493
565.404
581.067
595.602
609.099
621.661
633.357
644.278
654.475
664.027
672.969
681.375
689.264
696.707
703.709
710.341
716.591
722.537
1672.14
1819.15
1960.96
2086.92
2197.23
2294.25
2379.79
2455.18
2521.53
2579.87
2631.09
2676.01
2715.34
2749.72
2779.71
2805.83
2828.53
2848.19
2865.18
2879.82
2892.37
2903.08
2912.17
2919.82
2926.22
2931.49
2935.79
2939.22
2941.89
2943.89
2945.3
2946.18
2946.62
8845.2
8360.97
7920.17
7383.29
6869.44
6392.41
5954.79
5557.22
5196.83
4869.23
4573.87
4306.61
4064.15
3843.91
3643.16
3459.8
3291.54
3137.06
2994.55
2863.04
2741.43
2628.85
2524.25
2426.84
2335.75
2250.17
2169.47
2093.04
2020.38
1950.97
1884.4
1820.31
1757.96
1697.3
1638.16
1580.32
1523.57
1467.72
1412.7
1358.28
1304.4
1251.03
1198.18
1145.9
1094.23
1043.23
992.991
943.617
895.246
848.024
802.1
757.623
714.73
673.545
634.173
596.704
561.21
527.755
496.389
467.149
440.055
415.101
392.253
371.451
352.599
335.586
320.279
306.543
294.238
283.236
273.412
264.657
256.863
249.941
243.788
238.333
233.475
229.151
225.287
221.811
218.672
215.812
213.191
210.754
208.469
206.297
204.214
202.183
200.2
198.229
196.279
194.31
192.37
190.364
188.447
186.339
184.518
182.135
180.634
177.482
3307.97
3347.28
3423.66
3488.88
3559.33
3637.83
3709.22
3767.3
3790.43
3782.29
3754.3
3694.02
3607.87
3503.72
3386.75
3262.33
3134.32
3007.16
2881.93
2761.96
2647.43
2538.65
2435.05
2336.83
2243.5
2154.6
2069.98
1989.26
1912.07
1838.05
1766.86
1698.25
1631.86
1567.46
1504.83
1443.79
1384.2
1325.91
1268.82
1212.85
1157.96
1104.11
1051.32
999.632
949.098
899.786
851.778
805.167
760.058
716.557
674.772
634.795
596.708
560.572
526.429
494.304
464.21
436.148
410.108
386.073
364.01
343.872
325.591
309.08
294.234
280.938
269.063
258.487
249.085
240.75
233.371
226.861
221.13
216.106
211.701
207.863
204.498
201.566
199.001
196.739
194.743
192.961
191.361
189.889
188.523
187.226
185.978
184.744
183.523
182.281
181.026
179.725
178.418
177.028
175.679
174.151
172.816
171.015
169.86
167.404
1464.69
1470.28
1481.79
1494.12
1507.4
1525.8
1550.6
1583.79
1625.95
1675.33
1731.41
1790.46
1849.72
1906.49
1956.72
1996.79
2024.3
2037.38
2034.38
2023.17
1998.46
1962.99
1918.88
1870.11
1816.74
1760.88
1704.13
1646.67
1589.01
1531.44
1474.37
1417.94
1362.3
1307.51
1253.6
1200.58
1148.47
1097.27
1047.01
997.712
949.424
902.201
856.105
811.21
767.591
725.33
684.506
645.202
607.496
571.461
537.161
504.644
473.943
445.071
418.027
392.794
369.346
347.65
327.664
309.346
292.642
277.491
263.819
251.546
240.575
230.809
222.144
214.481
207.723
201.787
196.588
192.063
188.14
184.771
181.878
179.434
177.351
175.618
174.166
172.947
171.937
171.089
170.378
169.747
169.19
168.67
168.167
167.651
167.124
166.549
165.936
165.257
164.541
163.732
162.92
161.947
161.075
159.838
159.021
157.243
789.428
792.186
795.793
799.144
801.724
804.332
807.152
810.906
815.8
822.977
832.859
846.57
863.951
885.928
911.457
940.952
971.931
1004.55
1034.76
1063.5
1087.62
1108.6
1121.87
1131.91
1131.81
1128.72
1120.67
1105.97
1086.44
1063.04
1036.82
1008.1
977.48
945.375
912.149
878.117
843.551
808.69
773.745
738.909
704.36
670.261
636.762
603.999
572.096
541.164
511.303
482.6
455.129
428.953
404.119
380.66
358.589
337.908
318.603
300.652
284.024
268.686
254.599
241.724
230.016
219.428
209.903
201.382
193.795
187.075
181.147
175.944
171.397
167.453
164.049
161.148
158.697
156.664
154.99
153.666
152.607
151.837
151.276
150.894
150.681
150.595
150.609
150.67
150.789
150.922
151.053
151.154
151.23
151.243
151.199
151.078
150.896
150.618
150.301
149.842
149.403
148.699
148.204
147.071
466.868
469.978
473.137
476.09
478.535
480.649
482.374
483.926
485.231
486.668
488.221
490.395
493.104
496.917
501.61
507.817
515.099
524.091
534.021
545.335
556.937
569.295
580.862
592.143
601.486
609.237
614.393
618.485
618.737
617.527
614.267
607.987
599.458
588.679
575.931
561.493
545.633
528.608
510.662
492.024
472.91
453.518
434.03
414.611
395.407
376.551
358.155
340.318
323.122
306.635
290.912
275.989
261.892
248.633
236.213
224.628
213.865
203.912
194.75
186.361
178.723
171.813
165.598
160.046
155.117
150.77
146.96
143.65
140.794
138.364
136.318
134.639
133.288
132.25
131.478
130.979
130.672
130.618
130.706
130.943
131.328
131.807
132.368
132.971
133.61
134.256
134.893
135.496
136.064
136.567
137.006
137.365
137.65
137.84
137.962
137.967
137.918
137.706
137.514
136.974
290.873
294.015
297.078
299.996
302.634
305.028
307.135
309.024
310.644
312.116
313.405
314.668
315.844
317.101
318.347
319.765
321.246
322.985
324.857
327.112
329.547
332.374
335.32
338.531
341.653
344.771
347.416
349.788
351.375
352.238
352.066
351.253
349.42
346.535
342.692
337.892
332.169
325.584
318.217
310.167
301.537
292.44
282.987
273.288
263.447
253.561
243.721
234.005
224.487
215.227
206.277
197.679
189.465
181.658
174.274
167.325
160.817
154.754
149.139
143.97
139.245
134.958
131.099
127.655
124.607
121.936
119.619
117.636
115.961
114.585
113.476
112.639
112.039
111.673
111.506
111.556
111.746
112.148
112.686
113.341
114.114
114.974
115.905
116.88
117.886
118.902
119.91
120.89
121.835
122.722
123.546
124.296
124.966
125.55
126.046
126.45
126.751
126.957
127.057
127.038
189.673
192.417
195.089
197.668
200.096
202.375
204.482
206.437
208.219
209.864
211.358
212.745
214.001
215.168
216.208
217.165
217.993
218.745
219.374
219.947
220.418
220.851
221.209
221.528
221.777
221.984
222.085
222.06
221.945
221.68
221.138
220.343
219.246
217.796
216.007
213.857
211.333
208.431
205.157
201.528
197.573
193.323
188.82
184.108
179.234
174.244
169.185
164.104
159.043
154.042
149.136
144.357
139.73
135.279
131.02
126.969
123.139
119.54
116.182
113.073
110.219
107.624
105.288
103.21
101.381
99.7967
98.4447
97.3176
96.4022
95.6985
95.1843
94.8759
94.7375
94.7774
94.9519
95.326
95.8295
96.4845
97.2657
98.1542
99.1446
100.218
101.361
102.554
103.782
105.028
106.277
107.509
108.714
109.876
110.983
112.027
112.995
113.892
114.69
115.423
116.015
116.583
116.918
117.377
129.597
131.814
133.988
136.105
138.143
140.094
141.948
143.708
145.365
146.929
148.394
149.772
151.052
152.242
153.326
154.311
155.173
155.924
156.54
157.038
157.395
157.637
157.734
157.703
157.589
157.345
156.988
156.517
155.94
155.265
154.475
153.568
152.539
151.376
150.075
148.63
147.037
145.292
143.394
141.346
139.153
136.824
134.371
131.808
129.153
126.424
123.642
120.828
118.002
115.185
112.398
109.657
106.981
104.383
101.876
99.4732
97.1849
95.0218
92.9935
91.1094
89.3769
87.8028
86.3904
85.1422
84.0572
83.1338
82.3682
81.7582
81.2985
80.993
80.8251
80.82
80.9141
81.1607
81.5438
82.0663
82.7064
83.4695
84.346
85.323
86.3942
87.5471
88.7714
90.0527
91.3777
92.7319
94.1018
95.4714
96.8277
98.1585
99.4479
100.692
101.869
102.994
104.018
105.007
105.827
106.693
107.214
108.083
92.7889
94.5234
96.233
97.9116
99.5483
101.137
102.672
104.151
105.57
106.931
108.23
109.47
110.646
111.756
112.793
113.754
114.628
115.413
116.096
116.679
117.148
117.511
117.752
117.885
117.872
117.792
117.599
117.282
116.868
116.354
115.75
115.053
114.271
113.403
112.451
111.418
110.305
109.115
107.848
106.508
105.1
103.626
102.094
100.509
98.8791
97.2128
95.5192
93.8084
92.0906
90.3765
88.6766
87.001
85.3593
83.7604
82.2127
80.7244
79.3032
77.9572
76.694
75.5211
74.445
73.4719
72.6055
71.8494
71.2045
70.6715
70.2498
69.9397
69.7415
69.658
69.6785
69.7913
70.0271
70.3729
70.8257
71.3909
72.0597
72.8326
73.7062
74.6732
75.7286
76.8644
78.0731
79.3445
80.6681
82.0325
83.4257
84.835
86.247
87.6521
89.0328
90.388
91.6895
92.9604
94.1351
95.3056
96.2895
97.3837
98.0431
99.245
69.4628
70.806
72.1366
73.4511
74.7438
76.0106
77.2477
78.4529
79.6236
80.7589
81.8567
82.9165
83.935
84.9102
85.837
86.7121
87.5284
88.2826
88.9666
89.5782
90.1086
90.5588
90.9182
91.1946
91.3699
91.4611
91.446
91.3733
91.2043
90.9406
90.6018
90.1824
89.6914
89.1302
88.5026
87.8129
87.0642
86.2604
85.4054
84.5031
83.5575
82.573
81.554
80.5053
79.4319
78.3389
77.2319
76.1169
74.9998
73.8871
72.7848
71.6992
70.6359
69.6008
68.5993
67.6369
66.7189
65.8512
65.0391
64.2883
63.6038
62.9907
62.4515
61.9904
61.6081
61.3063
61.0862
60.9493
60.8996
60.9259
61.0241
61.2203
61.502
61.8718
62.3292
62.8779
63.5155
64.242
65.0565
65.9559
66.9371
67.9956
69.1261
70.3223
71.5763
72.88
74.2234
75.597
76.9882
78.3901
79.7845
81.1732
82.5238
83.8659
85.1213
86.4017
87.4879
88.7406
89.4944
90.9462
54.1704
55.2125
56.249
57.278
58.2961
59.3007
60.2894
61.2601
62.2111
63.1411
64.0485
64.9322
65.7898
66.6196
67.4181
68.1824
68.9082
69.5922
70.2292
70.8163
71.3479
71.8227
72.2338
72.5834
72.8624
73.0776
73.2153
73.2945
73.2871
73.2377
73.1179
72.9228
72.6736
72.3628
71.9971
71.5799
71.1136
70.6021
70.0493
69.4588
68.8344
68.1801
67.4999
66.7979
66.0781
65.3446
64.6016
63.8533
63.1042
62.3585
61.6207
60.8949
60.1851
59.4954
58.8297
58.1918
57.5856
57.0154
56.485
55.9986
55.5601
55.1729
54.8391
54.5627
54.3436
54.1845
54.0872
54.055
54.0792
54.1598
54.3134
54.5343
54.8235
55.1833
55.6145
56.1198
56.6996
57.3547
58.0855
58.8912
59.7706
60.7215
61.7411
62.8257
63.9701
65.169
66.4147
67.7009
69.0164
70.3569
71.7049
73.0648
74.4022
75.7514
77.0264
78.3522
79.4851
80.8289
81.6384
83.2558
43.8217
44.6355
45.448
46.2575
47.0623
47.8605
48.6506
49.431
50.2004
50.9576
51.7014
52.4307
53.1438
53.8392
54.5147
55.168
55.7961
56.3966
56.966
57.5017
58
58.4589
58.8742
59.2455
59.5677
59.843
60.0639
60.2386
60.3533
60.4271
60.434
60.4071
60.3351
60.2017
60.0282
59.8119
59.5535
59.2579
58.9277
58.5653
58.1738
57.7572
57.3185
56.861
56.3882
55.9033
55.4099
54.9114
54.4112
53.9128
53.4194
52.9343
52.4607
52.0016
51.5599
51.1388
50.741
50.3699
50.0282
49.7191
49.4458
49.21
49.0138
48.8611
48.7502
48.6857
48.6699
48.6944
48.7647
48.8885
49.0629
49.2899
49.571
49.9084
50.3034
50.7584
51.2746
51.8534
52.496
53.203
53.9743
54.8097
55.7078
56.6672
57.6848
58.7575
59.8802
61.049
62.2549
63.4958
64.7557
66.0415
67.3184
68.6244
69.8693
71.1864
72.3184
73.6928
74.526
76.2273
36.6193
37.26
37.9015
38.5428
39.1827
39.8201
40.4538
41.0827
41.7058
42.3222
42.9309
43.531
44.1213
44.7006
45.2673
45.8198
46.3561
46.8743
47.372
47.8471
48.2973
48.7205
49.1141
49.4768
49.8056
50.1007
50.3581
50.5803
50.7613
50.9077
51.011
51.0788
51.109
51.0991
51.0632
50.986
50.8734
50.733
50.5632
50.3654
50.1433
49.8999
49.6373
49.358
49.0648
48.7605
48.4479
48.1298
47.809
47.4883
47.1703
46.8578
46.5531
46.2589
45.9776
45.7114
45.4626
45.234
45.0274
44.8456
44.6909
44.5635
44.4664
44.4029
44.3694
44.3743
44.4064
44.478
44.5863
44.7329
44.919
45.1461
45.4158
45.73
46.0901
46.4982
46.9558
47.4646
48.0261
48.6414
49.3116
50.0371
50.818
51.6541
52.5441
53.4868
54.4787
55.5183
56.5985
57.7195
58.8669
60.05
61.2347
62.4615
63.6396
64.9059
65.9996
67.3537
68.1834
69.898
31.487
31.9949
32.5048
33.0162
33.528
34.0397
34.5503
35.0591
35.5653
36.0682
36.567
37.061
37.5493
38.0311
38.5052
38.9703
39.4252
39.8684
40.2983
40.7133
41.1116
41.4919
41.8521
42.191
42.5067
42.7986
43.0643
43.3043
43.5158
43.7004
43.8557
43.9825
44.0817
44.1506
44.1961
44.2098
44.2001
44.1703
44.1124
44.0307
43.931
43.8138
43.6797
43.5311
43.3705
43.1998
43.0213
42.8375
42.6505
42.4625
42.2756
42.0921
41.914
41.7437
41.5826
41.4329
41.2964
41.1754
41.0707
40.9858
40.9212
40.8759
40.8553
40.8607
40.8847
40.939
41.0187
41.1259
41.2613
41.4261
41.6215
41.8489
42.1094
42.4047
42.7362
43.1056
43.5146
43.9646
44.4573
44.9941
45.5764
46.2052
46.8814
47.6056
48.3775
49.1974
50.0632
50.975
51.9274
52.9225
53.9477
55.0139
56.089
57.2146
58.3022
59.4879
60.5164
61.8116
62.6141
64.2872
27.7603
28.1649
28.5723
28.9819
29.3933
29.8059
30.2189
30.632
31.0445
31.4559
31.8655
32.2728
32.6773
33.078
33.4744
33.8654
34.2502
34.6277
34.9967
35.3561
35.7047
36.0413
36.3645
36.6733
36.9664
37.243
37.5016
37.7419
37.9625
38.1634
38.3438
38.5031
38.6421
38.7592
38.8571
38.9336
38.9903
39.0294
39.0508
39.0501
39.0395
39.0136
38.9722
38.9194
38.8569
38.7857
38.7078
38.6255
38.5399
38.4528
38.3662
38.2818
38.2013
38.1268
38.0589
37.9997
37.951
37.9143
37.89
37.8822
37.8884
37.9082
37.9485
38.0081
38.084
38.1805
38.2973
38.435
38.5944
38.7763
38.9818
39.2118
39.4676
39.7502
40.0611
40.4015
40.7729
41.1768
41.6146
42.0878
42.5979
43.1461
43.7337
44.3618
45.0308
45.7416
46.4934
47.2872
48.1192
48.9927
49.8967
50.8436
51.8034
52.8179
53.8028
54.8904
55.8367
57.0464
57.8039
59.3952
25.0161
25.3392
25.6654
25.9945
26.326
26.6594
26.9945
27.3307
27.6675
28.0047
28.3417
28.6782
29.0135
29.3472
29.6787
30.0075
30.3326
30.6536
30.9694
31.2794
31.5825
31.8779
32.1647
32.4421
32.709
32.9648
33.2085
33.4395
33.6572
33.8609
34.0504
34.225
34.3849
34.5295
34.6595
34.7745
34.8748
34.9613
35.0351
35.0941
35.1423
35.1799
35.2069
35.2246
35.2348
35.2376
35.2358
35.2308
35.2225
35.2132
35.2043
35.1971
35.1932
35.1944
35.2
35.213
35.2347
35.2658
35.3068
35.3599
35.4249
35.5013
35.5917
35.697
35.8159
35.9499
36.0995
36.2652
36.4473
36.6467
36.8641
37.1002
37.356
37.6324
37.9304
38.2512
38.5959
38.9657
39.362
39.7862
40.2396
40.7236
41.2394
41.7885
42.3715
42.9899
43.6434
44.3338
45.0583
45.821
46.6125
47.4458
48.2934
49.1964
50.0757
51.0579
51.914
53.0231
53.7239
55.2064
22.9769
23.2347
23.4959
23.7602
24.0274
24.2971
24.569
24.8428
25.1182
25.3949
25.6724
25.9505
26.2288
26.5069
26.7844
27.0609
27.3357
27.6084
27.8785
28.1452
28.408
28.6662
28.9192
29.1662
29.4067
29.64
29.8654
30.0826
30.2909
30.4898
30.6792
30.8584
31.0276
31.1862
31.3346
31.4726
31.6004
31.7182
31.8269
31.9259
32.0165
32.0995
32.1752
32.2443
32.3081
32.3671
32.4225
32.4757
32.5273
32.5785
32.6304
32.6842
32.741
32.8021
32.8679
32.9396
33.0184
33.1051
33.2001
33.3044
33.4185
33.5422
33.6764
33.8218
33.9782
34.1462
34.3261
34.5182
34.7228
34.9406
35.1719
35.4175
35.6778
35.9538
36.246
36.5554
36.8829
37.2295
37.5964
37.9847
38.3957
38.8306
39.2906
39.7771
40.291
40.834
41.4061
42.0094
42.6419
43.3082
44.0001
44.7308
45.4751
46.273
47.0508
47.9283
48.6934
49.6963
50.3348
51.6937
21.4552
21.6601
21.8686
22.0804
22.2953
22.5131
22.7335
22.9564
23.1814
23.4083
23.6369
23.8668
24.0979
24.3298
24.5622
24.7949
25.0273
25.2592
25.4901
25.7196
25.9473
26.1726
26.3951
26.6143
26.8298
27.041
27.2476
27.4491
27.6452
27.8354
28.0196
28.1974
28.3686
28.5332
28.691
28.8422
28.9867
29.1247
29.2566
29.3825
29.5029
29.6182
29.7291
29.836
29.9396
30.0406
30.1397
30.2379
30.3359
30.4344
30.5345
30.6369
30.7426
30.8524
30.967
31.0871
31.2134
31.3466
31.4871
31.6351
31.7914
31.9557
32.1285
32.31
32.5003
32.6995
32.908
33.1257
33.353
33.5901
33.8374
34.0954
34.3644
34.6449
34.9374
35.2426
35.5612
35.894
36.2418
36.6056
36.9866
37.3857
37.8042
38.2432
38.7037
39.1873
39.6943
40.2269
40.7835
41.369
41.976
42.6179
43.2712
43.9747
44.6598
45.4392
46.1177
47.0164
47.5914
48.8226
20.3208
20.4827
20.6482
20.8171
20.9893
21.1646
21.3428
21.5238
21.7074
21.8933
22.0814
22.2716
22.4635
22.657
22.8519
23.0479
23.2448
23.4422
23.64
23.8378
24.0352
24.232
24.4278
24.6223
24.8152
25.006
25.1946
25.3806
25.5637
25.7436
25.9203
26.0934
26.2629
26.4286
26.5905
26.7486
26.903
27.0538
27.2012
27.3454
27.4867
27.6254
27.762
27.8968
28.0305
28.1635
28.2963
28.4296
28.5641
28.7003
28.839
28.9809
29.1265
29.2765
29.4316
29.5921
29.7586
29.9315
30.1108
30.297
30.4902
30.6905
30.8979
31.1124
31.334
31.5628
31.7987
32.0417
32.2918
32.5494
32.8147
33.0878
33.3689
33.6583
33.9563
34.2633
34.5799
34.9067
35.2442
35.5934
35.955
36.3299
36.7192
37.1239
37.5449
37.9837
38.4405
38.9178
39.4139
39.9341
40.4713
41.0389
41.615
42.2369
42.8409
43.5324
44.1323
44.9341
45.4485
46.5557
19.4807
19.6077
19.7382
19.8722
20.0095
20.1501
20.2937
20.4404
20.5899
20.7422
20.897
21.0543
21.214
21.3757
21.5395
21.7051
21.8724
22.0411
22.2111
22.3822
22.5542
22.7267
22.8997
23.0728
23.2459
23.4187
23.591
23.7626
23.9334
24.1031
24.2717
24.4389
24.6048
24.7693
24.9323
25.0939
25.2542
25.4132
25.5711
25.7281
25.8845
26.0404
26.1963
26.3525
26.5094
26.6673
26.8268
26.9881
27.152
27.3189
27.4894
27.6638
27.8428
28.0268
28.2162
28.4113
28.6125
28.82
29.0335
29.2535
29.48
29.7129
29.9521
30.1974
30.4486
30.7057
30.9686
31.2365
31.5101
31.7895
32.0746
32.3653
32.6616
32.9637
33.2716
33.5857
33.9063
34.2337
34.5684
34.9111
35.2624
35.623
35.9937
36.3755
36.769
37.1757
37.5957
38.0314
38.4813
38.9505
39.4324
39.9403
40.4531
41.0072
41.5425
42.1584
42.6899
43.4054
43.8647
44.8574
18.8675
18.9663
19.0687
19.1745
19.2836
19.3961
19.5118
19.6307
19.7526
19.8775
20.0053
20.1359
20.2691
20.405
20.5434
20.6842
20.8272
20.9724
21.1196
21.2688
21.4196
21.5721
21.726
21.8813
22.0378
22.1953
22.3537
22.513
22.6729
22.8335
22.9946
23.1561
23.3181
23.4806
23.6436
23.807
23.9711
24.1358
24.3015
24.4682
24.6361
24.8055
24.9766
25.1498
25.3254
25.5037
25.6849
25.8695
26.0579
26.2507
26.4481
26.6505
26.8582
27.0717
27.2912
27.5169
27.7489
27.9872
28.2314
28.4824
28.7397
29.0032
29.2724
29.5471
29.8271
30.112
30.4016
30.6963
30.9958
31.2998
31.6078
31.9195
32.2349
32.5539
32.8765
33.2028
33.533
33.8673
34.206
34.5495
34.8983
35.2529
35.614
35.9823
36.3585
36.7437
37.1381
37.544
37.9596
38.3903
38.8294
39.2902
39.7524
40.2514
40.7299
41.2822
41.7552
42.3961
42.8063
43.6977
18.431
18.5079
18.5882
18.6719
18.7589
18.8492
18.9429
19.0398
19.1399
19.2431
19.3495
19.4589
19.5714
19.6868
19.805
19.9261
20.0499
20.1765
20.3056
20.4373
20.5714
20.708
20.8468
20.9879
21.1311
21.2765
21.4238
21.5732
21.7245
21.8777
22.0329
22.1899
22.3489
22.5098
22.6728
22.8379
23.0052
23.1748
23.347
23.5218
23.6995
23.8804
24.0646
24.2524
24.4441
24.6398
24.8398
25.0447
25.2548
25.4703
25.6917
25.9191
26.1527
26.3929
26.6397
26.8934
27.1538
27.4214
27.6961
27.9782
28.2666
28.561
28.861
29.1661
29.4761
29.7905
30.1088
30.4311
30.7562
31.0835
31.4134
31.7457
32.0804
32.4173
32.7562
33.0972
33.4402
33.7853
34.1326
34.4825
34.835
35.1909
35.5503
35.914
36.2823
36.6565
37.0362
37.424
37.8177
38.223
38.6327
39.0607
39.4862
39.9447
40.3804
40.8844
41.3119
41.8929
42.2622
43.0674
18.1349
18.1955
18.2593
18.3265
18.397
18.4709
18.548
18.6285
18.7122
18.7993
18.8896
18.9832
19.08
19.1801
19.2833
19.3897
19.4992
19.6118
19.7275
19.8463
19.968
20.0928
20.2206
20.3513
20.485
20.6216
20.7611
20.9035
21.0489
21.1973
21.3487
21.5032
21.6608
21.8217
21.9858
22.1534
22.3246
22.4995
22.6783
22.8612
23.0484
23.2402
23.4367
23.6382
23.8449
24.0574
24.2758
24.5007
24.7322
24.9704
25.2155
25.4677
25.7272
25.9941
26.2686
26.5506
26.84
27.1369
27.4411
27.7507
28.0664
28.3881
28.7153
29.0476
29.3846
29.7258
30.0707
30.419
30.7704
31.1243
31.4802
31.8376
32.1963
32.556
32.9164
33.2773
33.6386
34.0002
34.3621
34.7245
35.0874
35.4512
35.816
36.1825
36.5507
36.922
37.2955
37.6741
38.0552
38.4447
38.8348
39.24
39.6391
40.0679
40.471
40.9379
41.329
41.8638
42.2013
42.9399
17.9535
18.0033
18.0563
18.1125
18.172
18.2348
18.3009
18.3704
18.4432
18.5195
18.5991
18.6821
18.7686
18.8584
18.9517
19.0484
19.1486
19.2522
19.3592
19.4698
19.5838
19.7013
19.8223
19.9469
20.075
20.2068
20.3423
20.4815
20.6245
20.7713
20.9222
21.0771
21.2361
21.3996
21.5674
21.7399
21.9172
22.0995
22.2869
22.4798
22.6782
22.8826
23.093
23.3098
23.5331
23.7633
24.0008
24.245
24.4963
24.7551
25.0216
25.2961
25.5787
25.8696
26.1686
26.4758
26.7912
27.1144
27.4455
27.7841
28.1296
28.4815
28.8392
29.2023
29.5702
29.9422
30.3179
30.6967
31.078
31.4614
31.8462
32.2319
32.6181
33.0044
33.3902
33.7754
34.1596
34.5426
34.9243
35.3047
35.6838
36.0617
36.4384
36.8146
37.1899
37.5659
37.9412
38.3191
38.6961
39.0791
39.459
39.8517
40.2342
40.6442
41.0249
41.4662
41.8308
42.3314
42.6439
43.3306
17.872
17.9164
17.964
18.0149
18.0689
18.1263
18.187
18.251
18.3186
18.3895
18.464
18.542
18.6235
18.7086
18.7973
18.8897
18.9858
19.0856
19.1891
19.2964
19.4076
19.5227
19.6418
19.7648
19.892
20.0234
20.159
20.299
20.4434
20.5925
20.7462
20.9048
21.0685
21.2373
21.4114
21.5911
21.7766
21.968
22.1656
22.3696
22.5802
22.7978
23.0224
23.2545
23.4942
23.7418
23.9975
24.2617
24.5345
24.8161
25.1064
25.4058
25.7143
26.032
26.3587
26.6946
27.0393
27.3927
27.7545
28.1244
28.5018
28.8862
29.2769
29.6733
30.0748
30.4806
30.8902
31.3027
31.7177
32.1343
32.552
32.9701
33.3881
33.8053
34.2212
34.6355
35.0476
35.4572
35.8641
36.2683
36.6692
37.0674
37.4622
37.8547
38.2439
38.6317
39.0161
39.401
39.7819
40.1667
40.5448
40.9341
41.3089
41.7102
42.0774
42.5042
42.8511
43.3297
43.6248
44.2758
17.8861
17.9309
17.9788
18.03
18.0844
18.1421
18.2031
18.2676
18.3356
18.407
18.482
18.5607
18.6429
18.7289
18.8186
18.9121
19.0095
19.1108
19.2161
19.3254
19.4388
19.5565
19.6785
19.8048
19.9357
20.0712
20.2115
20.3567
20.5069
20.6623
20.8231
20.9894
21.1615
21.3396
21.5238
21.7144
21.9117
22.1159
22.3272
22.546
22.7724
23.0068
23.2494
23.5004
23.7602
24.029
24.3071
24.5946
24.8919
25.199
25.5161
25.8433
26.1806
26.5281
26.8857
27.2532
27.6306
28.0176
28.4136
28.8185
29.2316
29.6523
30.0799
30.5138
30.9531
31.3972
31.8451
32.2962
32.7496
33.2045
33.6603
34.116
34.5711
35.0247
35.4763
35.9254
36.3711
36.8134
37.2514
37.6854
38.1145
38.5392
38.9587
39.374
39.7838
40.1904
40.591
40.9903
41.3823
41.777
42.1609
42.5554
42.9304
43.3321
43.694
44.1165
44.4537
44.9219
45.2066
45.8378
18.0051
18.0564
18.1108
18.1685
18.2295
18.2939
18.3616
18.4328
18.5075
18.5858
18.6676
18.7532
18.8425
18.9355
19.0325
19.1333
19.2381
19.347
19.4601
19.5774
19.699
19.8251
19.9559
20.0913
20.2316
20.3769
20.5274
20.6832
20.8446
21.0117
21.1848
21.3641
21.5498
21.7422
21.9415
22.148
22.362
22.5838
22.8136
23.0518
23.2987
23.5545
23.8196
24.0943
24.3788
24.6734
24.9784
25.2939
25.6203
25.9577
26.3063
26.666
27.037
27.4192
27.8126
28.2171
28.6323
29.0581
29.4939
29.9393
30.3938
30.8567
31.3272
31.8046
32.288
32.7765
33.2693
33.7654
34.2639
34.7639
35.2645
35.7648
36.2638
36.7609
37.2552
37.746
38.2325
38.7143
39.1906
39.6614
40.1256
40.584
41.0351
41.4805
41.9179
42.3505
42.7742
43.1954
43.6056
44.0179
44.4147
44.8226
45.205
45.6162
45.9801
46.4081
46.7427
47.2117
47.4925
48.1193
18.2554
18.32
18.3878
18.459
18.5336
18.6115
18.693
18.7779
18.8665
18.9586
19.0544
19.154
19.2573
19.3645
19.4756
19.5908
19.71
19.8335
19.9612
20.0934
20.2301
20.3716
20.5178
20.6691
20.8255
20.9873
21.1547
21.3278
21.507
21.6924
21.8844
22.0831
22.2889
22.5021
22.7229
22.9517
23.1889
23.4347
23.6894
23.9535
24.2273
24.5111
24.8052
25.11
25.4257
25.7527
26.0913
26.4417
26.8041
27.1787
27.5657
27.9651
28.377
28.8014
29.2381
29.687
30.1479
30.6203
31.1039
31.5981
32.1024
32.6159
33.1378
33.6674
34.2036
34.7456
35.2921
35.8423
36.395
36.9492
37.5038
38.0578
38.61
39.1597
39.7056
40.2472
40.7832
41.3134
41.8365
42.3528
42.8605
43.3609
43.8515
44.3351
44.8077
45.2745
45.7286
46.1797
46.6152
47.0532
47.4699
47.8997
48.2962
48.7259
49.0983
49.5416
49.8801
50.3609
50.6443
51.282
18.6874
18.7732
18.8625
18.9553
19.0515
19.1513
19.2546
19.3615
19.472
19.5862
19.7042
19.8259
19.9516
20.0811
20.2147
20.3524
20.4943
20.6406
20.7913
20.9465
21.1066
21.2715
21.4416
21.6169
21.7977
21.9843
22.1768
22.3756
22.5808
22.7929
23.012
23.2386
23.4729
23.7153
23.9661
24.2257
24.4946
24.773
25.0614
25.3602
25.6697
25.9903
26.3225
26.6665
27.0228
27.3916
27.7733
28.1682
28.5765
28.9983
29.4339
29.8833
30.3466
30.8238
31.3146
31.8191
32.3367
32.8673
33.4102
33.965
34.5309
35.1071
35.6927
36.2868
36.8883
37.4961
38.109
38.7259
39.3454
39.9664
40.5874
41.2076
41.8253
42.4398
43.0493
43.6536
44.2506
44.8407
45.4215
45.9941
46.5556
47.1084
47.6482
48.1799
48.6966
49.2069
49.6996
50.1897
50.6581
51.131
51.5744
52.0353
52.4526
52.9103
53.2976
53.7666
54.1155
54.6196
54.9121
55.5774
19.3881
19.5051
19.6257
19.7499
19.8777
20.0092
20.1443
20.2831
20.4257
20.572
20.7222
20.8763
21.0343
21.1963
21.3625
21.533
21.7078
21.8871
22.071
22.2598
22.4535
22.6524
22.8567
23.0667
23.2825
23.5045
23.7329
23.968
24.2102
24.4598
24.7171
24.9826
25.2566
25.5396
25.8319
26.1339
26.4462
26.7691
27.1031
27.4487
27.8063
28.1764
28.5593
28.9555
29.3654
29.7895
30.2279
30.6811
31.1493
31.6327
32.1315
32.6458
33.1757
33.7211
34.2818
34.8577
35.4485
36.0536
36.6727
37.3049
37.9496
38.6059
39.2726
39.9489
40.6334
41.3249
42.0219
42.7233
43.4273
44.1327
44.8378
45.5415
46.2416
46.9377
47.6271
48.3102
48.9837
49.6489
50.3019
50.9453
51.5737
52.1924
52.7935
53.3858
53.9574
54.5231
55.0641
55.6046
56.1143
56.633
57.1108
57.614
58.0587
58.5562
58.9648
59.4721
59.8378
60.3788
60.6883
61.401
20.5045
20.6655
20.8303
20.9989
21.1712
21.3474
21.5273
21.7111
21.8988
22.0904
22.2859
22.4855
22.6892
22.8971
23.1093
23.326
23.5473
23.7733
24.0042
24.2402
24.4815
24.7284
24.9811
25.2399
25.505
25.7769
26.0558
26.342
26.6361
26.9383
27.2492
27.569
27.8984
28.2377
28.5875
28.9483
29.3206
29.7048
30.1015
30.5114
30.9347
31.3722
31.8242
32.2913
32.7739
33.2725
33.7874
34.3191
34.8678
35.4338
36.0172
36.6183
37.237
37.8732
38.5269
39.1977
39.8854
40.5894
41.309
42.0436
42.7922
43.5539
44.3274
45.1115
45.9048
46.7058
47.5128
48.3244
49.1384
49.9537
50.7676
51.5796
52.3862
53.1877
53.98
54.7645
55.5359
56.2977
57.0424
57.7765
58.4898
59.1929
59.8711
60.5411
61.1817
61.8188
62.4201
63.0262
63.5876
64.1672
64.6883
65.2489
65.7292
66.2823
66.72
67.2825
67.6738
68.2704
68.6074
69.3957
22.2905
22.5137
22.7409
22.972
23.2072
23.4463
23.6895
23.9367
24.188
24.4434
24.703
24.9669
25.2351
25.5079
25.7852
26.0673
26.3544
26.6465
26.944
27.2471
27.5559
27.8709
28.1922
28.5203
28.8555
29.1981
29.5486
29.9074
30.275
30.6518
31.0383
31.4351
31.8427
32.2617
32.6926
33.1361
33.5927
34.0631
34.5479
35.0477
35.5631
36.0947
36.6432
37.209
37.7928
38.395
39.0161
39.6566
40.3167
40.9968
41.6971
42.4177
43.1586
43.9199
44.7012
45.5024
46.3228
47.1621
48.0193
48.8937
49.784
50.6893
51.6079
52.5386
53.4792
54.4286
55.3839
56.3443
57.3062
58.2692
59.2288
60.1857
61.1341
62.0763
63.0047
63.924
64.8243
65.7137
66.5786
67.4324
68.256
69.0703
69.8481
70.6211
71.3501
72.0823
72.7609
73.4555
74.0833
74.7467
75.324
75.9658
76.4937
77.1277
77.607
78.2525
78.6837
79.3669
79.7492
80.6609
25.2091
25.5225
25.8402
26.1621
26.4884
26.8189
27.1537
27.4928
27.8364
28.1844
28.5369
28.8941
29.2561
29.6229
29.9948
30.372
30.7546
31.143
31.5372
31.9377
32.3448
32.7587
33.1799
33.6088
34.0458
34.4914
34.946
35.4102
35.8846
36.3697
36.8662
37.3747
37.8958
38.4302
38.9787
39.5419
40.1207
40.7157
41.3276
41.9574
42.6055
43.273
43.9603
44.6682
45.3974
46.1485
46.922
47.7184
48.5382
49.3817
50.2491
51.1407
52.0563
52.996
53.9594
54.9462
55.9558
56.9876
58.0403
59.1132
60.2045
61.3133
62.4371
63.5749
64.7233
65.8817
67.0455
68.2149
69.3837
70.5534
71.7161
72.8751
74.0201
75.1577
76.2739
77.3799
78.4569
79.5229
80.5517
81.5709
82.5443
83.5128
84.4255
85.3422
86.1911
87.0579
87.8419
88.6646
89.3845
90.1722
90.8302
91.5964
92.1963
92.9587
93.5055
94.2872
94.7875
95.6184
96.081
97.2087
30.1775
30.6289
31.085
31.5457
32.011
32.481
32.9557
33.4352
33.9194
34.4086
34.9027
35.402
35.9066
36.4167
36.9325
37.4542
37.9821
38.5165
39.0577
39.6061
40.162
40.726
41.2985
41.88
42.4711
43.0724
43.6844
44.3079
44.9436
45.5922
46.2545
46.9312
47.6234
48.3317
49.0571
49.8005
50.5629
51.3451
52.1481
52.9729
53.8203
54.6914
55.5869
56.5078
57.4549
58.429
59.4306
60.4605
61.5192
62.6072
63.7246
64.8717
66.0485
67.2549
68.4903
69.7546
71.0465
72.3657
73.71
75.0791
76.4699
77.882
79.3111
80.7571
82.2142
83.6831
85.1559
86.635
88.1097
89.5851
91.047
92.5045
93.9384
95.364
96.7555
98.1368
99.4727
100.799
102.069
103.334
104.528
105.728
106.842
107.977
109.008
110.086
111.035
112.063
112.933
113.928
114.725
115.705
116.437
117.427
118.104
119.135
119.771
120.878
121.494
123.024
39.2224
39.902
40.5865
41.276
41.9704
42.6698
43.3742
44.0836
44.7982
45.5181
46.2434
46.9742
47.7109
48.4535
49.2024
49.958
50.7205
51.4904
52.2681
53.0541
53.849
54.6533
55.4678
56.2931
57.1299
57.9791
58.8416
59.7182
60.6099
61.5178
62.4428
63.3861
64.3488
65.332
66.3371
67.3652
68.4175
69.4954
70.6001
71.7329
72.8951
74.0878
75.3124
76.5699
77.8616
79.1883
80.5511
81.9509
83.3883
84.864
86.3781
87.9314
89.5232
91.1539
92.8225
94.5289
96.271
98.0489
99.8589
101.701
103.571
105.468
107.386
109.325
111.276
113.243
115.21
117.186
119.151
121.117
123.059
124.996
126.895
128.785
130.622
132.449
134.208
135.961
137.629
139.302
140.87
142.461
143.926
145.44
146.802
148.252
149.514
150.916
152.087
153.464
154.552
155.933
156.949
158.367
159.324
160.818
161.732
163.35
164.244
166.485
57.4949
58.5918
59.693
60.7983
61.9078
63.0213
64.139
65.2608
66.3868
67.5173
68.6523
69.7921
70.9371
72.0875
73.2438
74.4064
75.5759
76.753
77.9383
79.1325
80.3366
81.5515
82.7782
84.0177
85.2713
86.5401
87.8257
89.1292
90.4524
91.7966
93.1636
94.555
95.9725
97.4181
98.8936
100.401
101.942
103.518
105.132
106.786
108.482
110.22
112.005
113.836
115.716
117.647
119.63
121.666
123.757
125.903
128.106
130.365
132.68
135.052
137.479
139.962
142.496
145.082
147.715
150.395
153.113
155.871
158.658
161.475
164.308
167.161
170.015
172.878
175.724
178.571
181.381
184.182
186.929
189.661
192.32
194.963
197.514
200.055
202.484
204.915
207.216
209.539
211.708
213.93
215.97
218.106
220.021
222.09
223.885
225.912
227.589
229.602
231.162
233.195
234.637
236.733
238.05
240.267
241.452
244.383
100.652
102.605
104.555
106.502
108.445
110.384
112.321
114.253
116.183
118.11
120.034
121.956
123.877
125.798
127.719
129.641
131.567
133.496
135.43
137.372
139.323
141.284
143.258
145.247
147.253
149.28
151.328
153.402
155.505
157.638
159.806
162.011
164.258
166.549
168.887
171.277
173.723
176.226
178.793
181.425
184.127
186.901
189.753
192.684
195.698
198.797
201.985
205.263
208.634
212.099
215.659
219.314
223.064
226.909
230.847
234.875
238.989
243.187
247.462
251.81
256.221
260.69
265.205
269.76
274.339
278.94
283.539
288.138
292.709
297.258
301.753
306.204
310.576
314.886
319.092
323.22
327.224
331.138
334.91
338.582
342.096
345.503
348.74
351.865
354.81
357.633
360.267
362.78
365.099
367.299
369.279
371.17
372.799
374.398
375.671
377.017
377.927
379.095
379.611
380.828
228.145
231.998
235.807
239.571
243.292
246.97
250.606
254.204
257.763
261.286
264.777
268.237
271.669
275.078
278.465
281.836
285.194
288.545
291.892
295.24
298.596
301.964
305.35
308.761
312.203
315.682
319.205
322.779
326.411
330.108
333.877
337.725
341.661
345.691
349.822
354.062
358.419
362.897
367.506
372.25
377.137
382.171
387.358
392.702
398.209
403.878
409.717
415.722
421.898
428.239
434.748
441.416
448.245
455.219
462.339
469.584
476.953
484.417
491.976
499.592
507.263
514.946
522.636
530.283
537.882
545.376
552.76
559.974
567.011
573.811
580.355
586.615
592.557
598.142
603.352
608.149
612.524
616.44
619.9
622.867
625.356
627.334
628.828
629.807
630.31
630.207
629.817
628.862
627.75
625.709
623.903
621.014
618.673
615.019
612.338
608.005
605.205
600.288
597.49
591.153
729.083
736.257
743.236
750.033
756.661
763.134
769.464
775.667
781.756
787.746
793.652
799.488
805.271
811.014
816.734
822.447
828.168
833.913
839.697
845.538
851.449
857.447
863.547
869.763
876.111
882.603
889.255
896.077
903.083
910.283
917.687
925.304
933.142
941.206
949.503
958.035
966.804
975.809
985.049
994.518
1004.21
1014.12
1024.24
1034.54
1045.01
1055.64
1066.4
1077.26
1088.2
1099.18
1110.16
1121.11
1131.97
1142.71
1153.27
1163.58
1173.61
1183.26
1192.5
1201.23
1209.43
1216.95
1223.81
1229.85
1235.1
1239.37
1242.75
1245
1246.29
1246.09
1245.19
1243.16
1239.78
1235.21
1229.51
1222.65
1214.74
1205.76
1195.87
1185.04
1173.5
1161.15
1148.34
1134.86
1121.22
1107.03
1093
1078.48
1064.52
1050
1036.53
1022.28
1009.7
995.861
984.59
971.179
961.697
948.512
941.194
926.439
2946.59
2945.98
2944.78
2943.02
2940.74
2937.95
2934.68
2930.97
2926.83
2922.3
2917.38
2912.1
2906.49
2900.55
2894.29
2887.74
2880.9
2873.78
2866.39
2858.74
2850.82
2842.64
2834.21
2825.51
2816.54
2807.31
2797.8
2788.01
2777.93
2767.55
2756.85
2745.83
2734.48
2722.77
2710.69
2698.24
2685.4
2672.14
2658.47
2644.36
2629.8
2614.78
2599.3
2583.33
2566.89
2549.96
2532.54
2514.63
2496.25
2477.4
2458.09
2438.34
2418.18
2397.63
2376.73
2355.52
2334.04
2312.35
2290.5
2268.56
2246.6
2224.69
2202.91
2181.33
2160.06
2139.17
2118.75
2098.88
2079.65
2061.14
2043.42
2026.54
2010.56
1995.53
1981.47
1968.4
1956.33
1945.24
1935.11
1925.9
1917.58
1910.08
1903.34
1897.3
1891.87
1886.98
1882.55
1878.51
1874.78
1871.29
1867.97
1864.76
1861.59
1858.42
1855.17
1851.81
1848.34
1844.39
1841.2
1834.12
1180.71
275.013
275.013
275.013
275.013
275.013
275.013
275.013
275.013
275.013
275.013
275.013
275.013
386.46
517.72
617.188
701.452
775.23
841.052
900.375
954.074
1002.75
1046.91
1087.05
1123.67
1157.28
1188.36
1217.35
1244.65
1270.56
1295.35
1319.2
1342.28
1364.69
1386.54
1407.95
1429.06
1450.04
1471.05
1491.62
1511.93
1531.97
1551.73
1571.18
1590.28
1608.98
1627.24
1645.01
1662.25
1678.89
1694.89
1710.2
1724.75
1738.5
1751.37
1763.3
1774.24
1784.13
1792.89
1800.48
1806.86
1811.95
1815.73
1818.16
1819.21
1818.85
1817.08
1813.88
1809.22
1803
1796.3
1789.55
1781.45
1772.01
1761.52
1750.18
1738.17
1725.57
1712.49
1699.02
1685.23
1671.21
1657.04
1642.8
1628.54
1614.35
1600.26
1586.33
1572.6
1559.11
1545.91
1533.04
1520.51
1508.42
1496.74
1485.67
1475.14
1465.62
1457.32
1450.8
1180.71
628.95
367.098
264.943
217.202
190.689
193.49
222.328
290.881
349.342
420.389
458.298
491.188
542.003
579.95
609.778
628.464
632.161
634.082
634.33
633.896
633.664
633.637
634.501
636.03
638.314
641.209
644.618
648.401
652.439
656.629
660.897
665.202
669.545
673.977
678.614
683.66
689.484
696.599
703.168
709.758
716.194
722.514
728.694
734.723
740.585
746.265
751.743
757.003
762.022
766.78
771.258
775.448
779.303
782.797
785.907
788.609
790.883
792.713
794.083
794.933
795.274
795.185
794.521
793.319
791.58
789.304
786.501
783.202
779.501
775.5
771.183
766.481
761.4
755.981
750.273
744.304
738.191
731.929
725.543
719.052
712.469
705.815
699.11
692.378
685.639
678.913
672.212
665.56
658.946
652.431
645.923
639.61
633.149
627.172
620.553
615.18
607.83
603.252
591.712
1180.71
419.249
238.789
185.27
175.242
200.074
235.423
310.425
388.417
430.589
453.553
470.678
491.617
510.407
514.377
505.013
492.235
489.907
488.668
488.345
489.114
491.077
493.826
497.286
501.246
505.598
510.233
515.078
520.077
525.196
530.414
535.729
541.154
546.718
552.459
558.423
564.67
571.225
577.943
584.58
591.206
597.775
604.275
610.682
616.974
623.126
629.111
634.903
640.469
645.776
650.789
655.462
659.729
663.601
667.055
670.06
672.59
674.614
676.113
677.047
677.401
677.097
676.094
674.398
672.047
669.046
665.41
661.157
656.321
650.945
645.075
638.787
632.153
625.207
617.988
610.529
602.872
595.166
587.378
579.576
571.752
563.914
556.089
548.304
540.582
532.941
525.399
517.965
510.657
503.463
496.43
489.469
482.737
475.936
469.621
462.776
457.117
449.657
445.002
434.258
1180.71
333.263
223.972
207.293
220.808
265.578
322.674
371.943
403.555
425.001
439.556
446.903
449.114
438.965
433.531
427.76
424.822
424.286
425.159
427.629
431.434
436.381
442.178
448.602
455.438
462.539
469.798
477.149
484.556
492.012
499.507
507.045
514.649
522.345
530.163
538.134
546.231
554.392
562.553
570.657
578.703
586.668
594.531
602.265
609.84
617.223
624.379
631.272
637.863
644.107
649.962
655.385
660.34
664.776
668.646
671.898
674.503
676.413
677.607
678.054
677.751
676.676
674.715
671.948
668.37
664.002
658.866
652.995
646.434
639.24
631.452
623.164
614.486
605.475
596.19
586.664
576.955
566.858
556.722
546.683
536.692
526.774
516.978
507.337
497.872
488.601
479.538
470.69
462.07
453.665
445.507
437.535
429.883
422.274
415.179
407.69
401.374
393.4
388.444
377.685
1180.71
342.737
263.147
256.329
279.475
314.116
346.314
372.127
392.137
400.128
402.051
400.821
398.568
393.368
390.654
388.884
388.53
390.212
393.751
399.032
405.817
413.828
422.776
432.408
442.419
452.641
462.954
473.276
483.554
493.744
503.906
514.086
524.298
534.559
544.861
555.162
565.46
575.724
585.92
596.022
606.016
615.88
625.587
635.102
644.388
653.398
662.082
670.394
678.278
685.672
692.52
698.765
704.335
709.181
713.247
716.449
718.78
720.148
720.565
720.039
718.497
715.804
712.069
707.287
701.481
694.706
687.006
678.434
669.071
659.011
648.288
637.06
625.487
613.616
601.527
589.234
576.808
564.454
552.145
539.899
527.834
516.002
504.417
493.097
482.063
471.327
460.901
450.788
440.995
431.507
422.349
413.452
404.934
396.541
388.709
380.578
373.662
365.151
359.902
348.867
1180.71
363.846
291.339
285.689
302.386
322.398
343.443
358.841
364.502
367.322
369.821
370.588
370.234
368.699
368.235
368.811
371.267
375.709
382.09
390.298
400.105
411.206
423.218
435.753
448.819
462.236
475.84
489.503
503.139
516.722
530.213
543.586
556.829
569.932
582.894
595.729
608.434
620.991
633.375
645.564
657.538
669.269
680.723
691.859
702.627
712.971
722.819
732.115
740.792
748.766
755.964
762.333
767.752
772.188
775.594
777.803
778.922
778.734
777.531
774.881
770.92
765.705
759.208
751.461
742.531
732.533
721.524
709.585
696.851
683.446
669.359
654.768
639.842
624.759
609.617
594.631
579.921
565.453
551.177
537.085
523.27
509.792
496.683
483.966
471.654
459.753
448.267
437.192
426.528
416.25
406.379
396.837
387.732
378.811
370.5
361.947
354.658
345.807
340.389
329.184
1180.71
377.254
303.716
294.999
301.928
316.98
327.459
334.512
344.425
351.764
357.491
360.845
362.65
363.734
365.484
368.366
372.638
378.939
387.455
398.103
410.665
424.84
440.311
456.818
473.963
491.453
509.08
526.655
544.037
561.161
577.985
594.492
610.692
626.588
642.179
657.469
672.45
687.109
701.425
715.371
728.921
742.037
754.676
766.793
778.325
789.207
799.337
808.662
817.113
824.564
830.942
836.236
840.203
842.921
844.35
844.129
842.801
839.815
835.264
829.186
821.645
812.705
802.295
790.541
777.58
763.097
747.552
731.259
714.399
697.08
679.775
662.483
645.144
627.832
610.636
593.619
576.855
560.458
544.473
528.918
513.825
499.224
485.131
471.554
458.496
445.951
433.911
422.36
411.291
400.667
390.504
380.714
371.401
362.307
353.852
345.189
337.813
328.909
323.494
312.39
1180.71
384.231
305.381
293.53
294.709
306.803
321.088
334.773
346.972
356.423
363.641
368.474
371.919
375.004
378.929
384.327
391.802
401.633
413.875
428.417
445.022
463.368
483.075
503.818
525.174
546.743
568.224
589.437
610.277
630.667
650.557
669.917
688.741
707.021
724.758
741.947
758.576
774.634
790.099
804.937
819.117
832.592
845.301
857.209
868.231
878.313
887.278
895.142
901.826
907.123
911.017
913.593
914.315
913.646
911.531
907.289
901.498
894.059
884.822
873.9
861.152
846.342
830.161
812.851
794.521
775.963
756.973
737.533
717.755
697.782
677.682
657.636
637.798
618.279
599.167
580.531
562.422
544.894
527.983
511.702
496.058
481.05
466.674
452.917
439.765
427.197
415.192
403.721
392.769
382.289
372.291
362.68
353.557
344.662
336.407
327.958
320.779
312.127
306.891
296.195
1180.71
386.697
302.87
289.583
295.328
313.657
334.508
354.331
371.891
385.707
396.38
404.621
411.63
418.56
426.438
435.96
447.686
461.836
478.372
497.127
517.889
540.332
563.945
588.274
612.923
637.612
662.069
686.083
709.509
732.242
754.214
775.382
795.722
815.219
833.864
851.649
868.552
884.568
899.68
913.829
926.997
939.112
950.096
959.966
968.58
975.925
981.666
986.071
988.961
989.972
989.344
987.232
982.87
976.791
968.81
958.841
946.689
932.021
915.606
897.649
878.531
858.902
838.395
817.044
795.02
772.342
749.313
726.176
703.114
680.29
657.818
635.813
614.383
593.608
573.553
554.258
535.747
518.033
501.116
484.985
469.62
454.994
441.078
427.841
415.251
403.271
391.871
381.01
370.664
360.781
351.366
342.321
333.745
325.38
317.626
309.681
302.944
294.81
289.903
279.894
1180.71
385.904
303.357
296.162
319.327
357.07
394.591
427.38
454.204
474.865
490.759
503.597
514.936
526.077
538.021
551.462
566.905
584.724
604.633
626.392
649.664
674.072
699.35
725.138
751.071
776.836
802.163
826.828
850.662
873.541
895.377
916.116
935.72
954.149
971.4
987.454
1002.27
1015.87
1028.24
1039.26
1048.97
1057.23
1063.97
1069.35
1073.05
1075.16
1075.06
1073.73
1070.42
1065.03
1057.58
1048.15
1036.42
1021.68
1004.93
986.356
966.407
945.778
923.974
900.973
876.841
851.605
825.661
799.281
772.734
746.209
719.922
694.071
668.817
644.293
620.591
597.786
575.929
555.055
535.181
516.306
498.416
481.482
465.468
450.332
436.026
422.502
409.71
397.602
386.132
375.253
364.926
355.102
345.754
336.827
328.322
320.145
312.389
304.81
297.786
290.567
284.453
277.042
272.577
263.465
1180.71
386.581
318.206
346.769
415.161
489.99
555.652
608.009
647.508
676.142
696.965
713.361
727.427
740.683
754.23
768.761
784.654
801.883
820.632
840.816
862.204
884.482
907.352
930.489
953.569
976.296
998.412
1019.7
1039.97
1059.11
1077
1093.58
1108.79
1122.54
1134.87
1145.71
1155
1162.89
1169.24
1173.86
1176.95
1178.15
1177.61
1175.68
1171.55
1165.61
1157.49
1147.35
1135.01
1119.36
1101.49
1081.68
1060.27
1038.22
1014.89
990.172
964.043
936.461
907.802
878.327
848.292
817.91
787.471
757.256
727.532
698.517
670.39
643.292
617.327
592.562
569.036
546.763
525.738
505.944
487.345
469.896
453.543
438.22
423.862
410.398
397.762
385.885
374.706
364.165
354.209
344.785
335.847
327.347
319.255
311.516
304.134
297.018
290.259
283.629
277.48
271.128
265.751
259.194
255.239
247.156
1180.71
411.793
404.688
528.242
673.54
802.285
902.776
975.339
1025.48
1057.85
1078.1
1091.36
1100.52
1108
1115.08
1122.52
1130.74
1139.88
1150.06
1161.28
1173.44
1186.32
1199.67
1213.22
1226.71
1239.88
1252.5
1264.35
1275.26
1285.09
1293.67
1300.97
1306.82
1311.12
1313.99
1315.22
1314.79
1313.14
1309.61
1304.05
1297.06
1288.15
1277.26
1264.57
1249.11
1230.82
1210.4
1188
1164.13
1139.68
1113.91
1086.71
1058.04
1027.74
996.19
963.63
930.27
896.268
861.879
827.378
793.057
759.189
726.049
693.886
662.915
633.3
605.155
578.545
553.495
529.999
508.026
487.532
468.455
450.73
434.278
419.02
404.866
391.729
379.521
368.156
357.554
347.64
338.345
329.606
321.367
313.572
306.179
299.138
292.422
285.979
279.816
273.85
268.165
262.56
257.35
251.931
247.341
241.698
238.282
231.283
1180.71
551.042
756.111
1042.89
1284.57
1460.58
1575.73
1644.92
1680.08
1692.87
1691.93
1686.45
1675.62
1663.18
1650.04
1636.84
1624.1
1612.2
1601.4
1591.85
1583.55
1576.37
1570.13
1564.57
1559.53
1554.76
1550.02
1545.05
1539.63
1533.58
1526.67
1518.91
1509.82
1499.46
1488.16
1475.56
1461.4
1445.87
1428.81
1409.24
1387.21
1363.33
1337.84
1310.52
1282.77
1254.32
1224.65
1193.62
1161.2
1127.16
1091.87
1055.55
1018.41
980.562
942.231
903.65
865.062
826.698
788.808
751.651
715.487
680.564
647.1
615.275
585.218
557.006
530.663
506.171
483.475
462.503
443.166
425.369
409.011
393.996
380.215
367.568
355.952
345.263
335.409
326.297
317.846
309.978
302.627
295.731
289.235
283.087
277.247
271.668
266.327
261.181
256.234
251.416
246.804
242.224
237.951
233.466
229.66
224.931
222.053
216.131
1180.71
1307.93
1930.94
2357.54
2609.9
2730.87
2756.94
2743.57
2706.05
2651.66
2593.08
2534.23
2475.21
2416.55
2358.7
2302.3
2247.97
2196.29
2147.58
2101.97
2059.37
2019.6
1982.33
1947.3
1914.54
1883.48
1853.73
1824.89
1796.68
1768.79
1740.97
1713.16
1684.19
1654.3
1623.21
1591.28
1558.45
1524.9
1490.06
1455.89
1421.45
1386.29
1350.22
1313.24
1275.02
1235.64
1195.31
1154.18
1112.38
1069.98
1027.18
984.167
941.187
898.44
856.14
814.497
773.727
734.04
695.644
658.743
623.526
590.16
558.774
529.451
502.224
477.076
453.95
432.757
413.384
395.714
379.62
364.985
351.686
339.614
328.651
318.695
309.635
301.374
293.82
286.883
280.489
274.564
269.05
263.886
259.025
254.417
250.029
245.818
241.766
237.834
234.029
230.293
226.692
223.082
219.695
216.098
213.035
209.178
206.81
201.915
1414.98
4229.78
5075.03
5114.49
5023.16
4811.57
4568.18
4336.78
4125.28
3931.91
3754.32
3589.63
3435.42
3290.51
3154.42
3027.14
2908.51
2798.4
2696.29
2601.64
2513.78
2432.06
2355.82
2284.4
2216.87
2152.85
2091.91
2033.61
1977.6
1923.42
1870.94
1819.32
1770.09
1722.43
1675.58
1629.23
1583.13
1537.15
1491.25
1444.85
1398.11
1351.14
1303.92
1256.53
1208.93
1161.15
1113.31
1065.51
1017.94
970.734
924.083
878.176
833.205
789.357
746.802
705.701
666.203
628.448
592.566
558.675
526.873
497.228
469.774
444.504
421.369
400.286
381.141
363.805
348.138
334.007
321.273
309.818
299.519
290.272
281.963
274.501
267.78
261.714
256.224
251.225
246.655
242.447
238.553
234.916
231.494
228.246
225.142
222.143
219.237
216.39
213.608
210.845
208.156
205.425
202.843
200.058
197.673
194.617
192.72
188.769
)
;

boundaryField
{
    outlet
    {
        type            zeroGradient;
    }
    inlet
    {
        type            fixedValue;
        value           uniform 17.57;
    }
    lowerWall
    {
        beta1           0.075;
        blended         0;
        type            omegaWallFunction;
        value           nonuniform List<scalar> 
148
(
6119.65
8495.53
9975.17
10745.8
11095.1
11205.2
11181.5
11085.3
10953.1
10806.8
10658.4
10514.8
10379.1
10252.8
10136.1
10028.7
9930.09
9839.52
9756.27
9679.65
9608.99
9543.71
9483.27
9427.18
9375.03
9326.43
9281.02
9238.51
9198.5
9161.32
9123.15
9103.16
8991.66
1180.71
1180.71
1180.71
1180.71
1180.71
1180.71
1180.71
1180.71
1180.71
1180.71
1180.71
1180.71
1180.71
1180.71
1414.98
1180.71
275.013
275.013
275.013
275.013
275.013
275.013
275.013
275.013
275.013
275.013
275.013
275.013
386.46
517.72
617.188
701.452
775.23
841.052
900.375
954.074
1002.75
1046.91
1087.05
1123.67
1157.28
1188.36
1217.35
1244.65
1270.56
1295.35
1319.2
1342.28
1364.69
1386.54
1407.95
1429.06
1450.04
1471.05
1491.62
1511.93
1531.97
1551.73
1571.18
1590.28
1608.98
1627.24
1645.01
1662.25
1678.89
1694.89
1710.2
1724.75
1738.5
1751.37
1763.3
1774.24
1784.13
1792.89
1800.48
1806.86
1811.95
1815.73
1818.16
1819.21
1818.85
1817.08
1813.88
1809.22
1803
1796.3
1789.55
1781.45
1772.01
1761.52
1750.18
1738.17
1725.57
1712.49
1699.02
1685.23
1671.21
1657.04
1642.8
1628.54
1614.35
1600.26
1586.33
1572.6
1559.11
1545.91
1533.04
1520.51
1508.42
1496.74
1485.67
1475.14
1465.62
1457.32
1450.8
)
;
    }
    upperWall
    {
        beta1           0.075;
        blended         0;
        type            omegaWallFunction;
        value           nonuniform List<scalar> 
133
(
1672.14
1819.15
1960.96
2086.92
2197.23
2294.25
2379.79
2455.18
2521.53
2579.87
2631.09
2676.01
2715.34
2749.72
2779.71
2805.83
2828.53
2848.19
2865.18
2879.82
2892.37
2903.08
2912.17
2919.82
2926.22
2931.49
2935.79
2939.22
2941.89
2943.89
2945.3
2946.18
2946.62
2946.59
2945.98
2944.78
2943.02
2940.74
2937.95
2934.68
2930.97
2926.83
2922.3
2917.38
2912.1
2906.49
2900.55
2894.29
2887.74
2880.9
2873.78
2866.39
2858.74
2850.82
2842.64
2834.21
2825.51
2816.54
2807.31
2797.8
2788.01
2777.93
2767.55
2756.85
2745.83
2734.48
2722.77
2710.69
2698.24
2685.4
2672.14
2658.47
2644.36
2629.8
2614.78
2599.3
2583.33
2566.89
2549.96
2532.54
2514.63
2496.25
2477.4
2458.09
2438.34
2418.18
2397.63
2376.73
2355.52
2334.04
2312.35
2290.5
2268.56
2246.6
2224.69
2202.91
2181.33
2160.06
2139.17
2118.75
2098.88
2079.65
2061.14
2043.42
2026.54
2010.56
1995.53
1981.47
1968.4
1956.33
1945.24
1935.11
1925.9
1917.58
1910.08
1903.34
1897.3
1891.87
1886.98
1882.55
1878.51
1874.78
1871.29
1867.97
1864.76
1861.59
1858.42
1855.17
1851.81
1848.34
1844.39
1841.2
1834.12
)
;
    }
    frontAndBack
    {
        type            empty;
    }
}


// ************************************************************************* //
