/*--------------------------------*- C++ -*----------------------------------*\
  =========                 |
  \\      /  F ield         | OpenFOAM: The Open Source CFD Toolbox
   \\    /   O peration     | Website:  https://openfoam.org
    \\  /    A nd           | Version:  10
     \\/     M anipulation  |
\*---------------------------------------------------------------------------*/
FoamFile
{
    format      ascii;
    class       volScalarField;
    location    "0.015";
    object      k;
}
// * * * * * * * * * * * * * * * * * * * * * * * * * * * * * * * * * * * * * //

dimensions      [0 2 -2 0 0 0 0];

internalField   nonuniform List<scalar> 
6820
(
0.196709
0.190616
0.184996
0.17973
0.174809
0.170265
0.166131
0.162421
0.159127
0.15623
0.153699
0.151501
0.149601
0.147965
0.14656
0.145356
0.144326
0.143444
0.142687
0.142034
0.141473
0.140989
0.140571
0.14021
0.139898
0.139628
0.13939
0.139218
0.138979
0.139327
0.137387
0.14643
0.105948
0.20195
0.200829
0.197546
0.193926
0.190832
0.188539
0.187042
0.186213
0.1859
0.185966
0.186302
0.186823
0.187465
0.188178
0.188926
0.189675
0.190402
0.191087
0.191713
0.192274
0.192767
0.193205
0.193606
0.193979
0.194331
0.19466
0.194964
0.195244
0.195487
0.195769
0.195775
0.19675
0.194772
0.200489
0.200482
0.199128
0.197083
0.194855
0.1927
0.190725
0.188969
0.187445
0.186151
0.185074
0.184197
0.1835
0.18296
0.182555
0.182267
0.182076
0.181966
0.18192
0.181925
0.18197
0.182039
0.182119
0.182203
0.182282
0.182352
0.182409
0.182459
0.182495
0.182563
0.182581
0.182743
0.182634
0.19966
0.199117
0.198213
0.19698
0.195548
0.194021
0.192472
0.190949
0.189484
0.188095
0.186795
0.185591
0.184484
0.183475
0.182558
0.181731
0.180988
0.180322
0.179729
0.179201
0.178733
0.178318
0.177948
0.177617
0.177319
0.177048
0.176803
0.176591
0.176417
0.176307
0.17627
0.176345
0.176533
0.199429
0.198466
0.197533
0.196515
0.195405
0.194225
0.193003
0.191765
0.190529
0.189311
0.188124
0.186976
0.185875
0.184823
0.183825
0.182881
0.181993
0.18116
0.180381
0.179656
0.178984
0.178362
0.17779
0.177263
0.176781
0.176342
0.175951
0.175616
0.175353
0.175186
0.175145
0.175254
0.175564
0.199398
0.198266
0.1972
0.196166
0.195136
0.194096
0.193044
0.191982
0.190918
0.18986
0.188813
0.187785
0.18678
0.185803
0.184859
0.183948
0.183075
0.18224
0.181446
0.180693
0.179984
0.179319
0.178698
0.178122
0.177592
0.17711
0.176684
0.176327
0.176058
0.175906
0.175906
0.176086
0.176496
0.199394
0.19822
0.197099
0.196023
0.194983
0.193966
0.192967
0.191981
0.191007
0.190044
0.189094
0.188161
0.187246
0.186351
0.18548
0.184635
0.183818
0.183031
0.182277
0.181558
0.180875
0.180231
0.179627
0.179066
0.178549
0.178082
0.177674
0.17734
0.177103
0.176994
0.17705
0.177305
0.177803
0.199395
0.19821
0.197069
0.19597
0.194912
0.19389
0.192899
0.191934
0.190993
0.190074
0.189176
0.188298
0.18744
0.186604
0.185791
0.185001
0.184238
0.183501
0.182794
0.182118
0.181476
0.18087
0.180302
0.179774
0.179289
0.178854
0.178478
0.178179
0.177981
0.177916
0.178023
0.17834
0.178909
0.199395
0.198209
0.197063
0.195956
0.194889
0.193858
0.192862
0.191899
0.190966
0.19006
0.189182
0.188329
0.1875
0.186697
0.185918
0.185164
0.184437
0.183737
0.183065
0.182425
0.181817
0.181245
0.180709
0.180212
0.179758
0.179353
0.179007
0.178738
0.178571
0.178539
0.178682
0.17904
0.179656
0.199395
0.198209
0.197061
0.195952
0.194881
0.193846
0.192846
0.19188
0.190946
0.190043
0.18917
0.188325
0.187508
0.186719
0.185956
0.185221
0.184513
0.183834
0.183184
0.182566
0.181981
0.181431
0.180917
0.180442
0.180009
0.179623
0.179297
0.179046
0.178897
0.178883
0.179044
0.179422
0.18006
0.199395
0.198209
0.197061
0.195951
0.194878
0.193842
0.19284
0.191872
0.190936
0.190032
0.189159
0.188316
0.187501
0.186716
0.185959
0.185231
0.184532
0.183862
0.183223
0.182616
0.182042
0.181503
0.181001
0.180536
0.180114
0.179738
0.179419
0.179175
0.179031
0.17902
0.179183
0.179562
0.1802
0.199395
0.198208
0.19706
0.19595
0.194877
0.19384
0.192837
0.191867
0.190931
0.190025
0.189151
0.188307
0.187493
0.186708
0.185952
0.185225
0.184528
0.183861
0.183225
0.182621
0.182051
0.181516
0.181017
0.180556
0.180135
0.17976
0.17944
0.179193
0.179044
0.179024
0.179176
0.179541
0.180162
0.199395
0.198208
0.19706
0.19595
0.194877
0.193839
0.192835
0.191865
0.190927
0.190021
0.189146
0.1883
0.187485
0.186699
0.185943
0.185215
0.184518
0.18385
0.183213
0.182609
0.182038
0.181502
0.181001
0.180538
0.180114
0.179733
0.179407
0.17915
0.178988
0.178953
0.179085
0.179427
0.180021
0.199395
0.198208
0.19706
0.19595
0.194876
0.193838
0.192834
0.191863
0.190924
0.190017
0.189141
0.188295
0.187478
0.186691
0.185933
0.185205
0.184505
0.183836
0.183197
0.18259
0.182017
0.181477
0.180972
0.180504
0.180073
0.179684
0.179347
0.179077
0.178898
0.178843
0.178951
0.179265
0.179825
0.199395
0.198208
0.19706
0.19595
0.194875
0.193837
0.192832
0.191861
0.190922
0.190014
0.189137
0.18829
0.187472
0.186684
0.185924
0.185194
0.184492
0.183821
0.183179
0.18257
0.181992
0.181448
0.180938
0.180462
0.180023
0.179625
0.179276
0.178991
0.178794
0.178716
0.178798
0.179082
0.179607
0.199395
0.198208
0.19706
0.195949
0.194875
0.193836
0.192831
0.191859
0.19092
0.190011
0.189133
0.188285
0.187466
0.186677
0.185916
0.185183
0.18448
0.183806
0.183161
0.182548
0.181966
0.181417
0.180901
0.180418
0.179971
0.179562
0.179199
0.178899
0.178683
0.178583
0.178639
0.178893
0.179383
0.199395
0.198208
0.19706
0.195949
0.194875
0.193836
0.19283
0.191858
0.190918
0.190008
0.18913
0.188281
0.187461
0.18667
0.185907
0.185173
0.184467
0.18379
0.183143
0.182526
0.18194
0.181386
0.180863
0.180373
0.179917
0.179497
0.179122
0.178805
0.178571
0.17845
0.17848
0.178705
0.179162
0.199395
0.198208
0.19706
0.195949
0.194875
0.193835
0.192829
0.191857
0.190916
0.190006
0.189126
0.188276
0.187455
0.186663
0.185898
0.185162
0.184455
0.183775
0.183125
0.182504
0.181914
0.181354
0.180825
0.180328
0.179862
0.179432
0.179044
0.178712
0.17846
0.178318
0.178325
0.178522
0.178948
0.199395
0.198209
0.19706
0.195949
0.194875
0.193835
0.192829
0.191856
0.190914
0.190004
0.189123
0.188272
0.18745
0.186656
0.18589
0.185152
0.184442
0.18376
0.183107
0.182482
0.181887
0.181323
0.180788
0.180283
0.179809
0.179368
0.178967
0.178621
0.178351
0.17819
0.178174
0.178346
0.178744
0.199395
0.198209
0.19706
0.195949
0.194874
0.193834
0.192828
0.191855
0.190913
0.190001
0.18912
0.188268
0.187445
0.18665
0.185882
0.185142
0.18443
0.183745
0.183089
0.182461
0.181862
0.181292
0.180751
0.180239
0.179756
0.179305
0.178892
0.178532
0.178246
0.178066
0.17803
0.178179
0.178551
0.199395
0.198209
0.19706
0.195949
0.194874
0.193834
0.192828
0.191854
0.190911
0.189999
0.189117
0.188264
0.18744
0.186643
0.185874
0.185133
0.184418
0.183731
0.183071
0.18244
0.181836
0.181261
0.180715
0.180196
0.179704
0.179243
0.178819
0.178446
0.178145
0.177948
0.177893
0.178021
0.178369
0.199395
0.198209
0.19706
0.195949
0.194874
0.193834
0.192827
0.191853
0.19091
0.189998
0.189115
0.188261
0.187435
0.186638
0.185867
0.185124
0.184407
0.183717
0.183054
0.182419
0.181812
0.181232
0.180679
0.180154
0.179655
0.179184
0.178749
0.178364
0.178049
0.177836
0.177763
0.177872
0.1782
0.199395
0.198209
0.197061
0.195949
0.194874
0.193834
0.192827
0.191852
0.190909
0.189996
0.189112
0.188258
0.187431
0.186632
0.18586
0.185115
0.184396
0.183704
0.183038
0.182399
0.181788
0.181204
0.180646
0.180113
0.179607
0.179128
0.178683
0.178285
0.177957
0.17773
0.177641
0.177733
0.178042
0.199395
0.198209
0.197061
0.19595
0.194874
0.193834
0.192826
0.191851
0.190908
0.189994
0.18911
0.188254
0.187427
0.186626
0.185853
0.185106
0.184385
0.183691
0.183022
0.182381
0.181765
0.181177
0.180613
0.180075
0.179561
0.179074
0.17862
0.178211
0.177871
0.177631
0.177528
0.177604
0.177895
0.199395
0.198209
0.197061
0.19595
0.194874
0.193834
0.192826
0.191851
0.190907
0.189993
0.189108
0.188251
0.187423
0.186621
0.185847
0.185098
0.184375
0.183678
0.183007
0.182363
0.181744
0.181151
0.180583
0.180039
0.179518
0.179024
0.17856
0.178142
0.177791
0.177538
0.177422
0.177484
0.177759
0.199395
0.198209
0.197061
0.19595
0.194874
0.193833
0.192826
0.19185
0.190906
0.189991
0.189106
0.188249
0.187419
0.186616
0.18584
0.18509
0.184366
0.183667
0.182993
0.182346
0.181723
0.181126
0.180554
0.180005
0.179478
0.178976
0.178505
0.178078
0.177716
0.177452
0.177324
0.177373
0.177635
0.199395
0.198209
0.197061
0.19595
0.194874
0.193833
0.192825
0.19185
0.190905
0.18999
0.189104
0.188246
0.187415
0.186612
0.185834
0.185083
0.184357
0.183656
0.18298
0.182329
0.181704
0.181103
0.180527
0.179973
0.17944
0.178932
0.178453
0.178018
0.177647
0.177373
0.177234
0.177271
0.17752
0.199395
0.198209
0.197061
0.19595
0.194874
0.193833
0.192825
0.191849
0.190904
0.189988
0.189102
0.188243
0.187412
0.186607
0.185829
0.185076
0.184348
0.183645
0.182967
0.182314
0.181686
0.181082
0.180502
0.179943
0.179406
0.178891
0.178406
0.177963
0.177584
0.177301
0.177151
0.177178
0.177415
0.199395
0.198209
0.197061
0.19595
0.194874
0.193833
0.192825
0.191848
0.190903
0.189987
0.1891
0.188241
0.187409
0.186603
0.185824
0.185069
0.18434
0.183636
0.182956
0.1823
0.181669
0.181062
0.180478
0.179916
0.179374
0.178854
0.178363
0.177913
0.177526
0.177235
0.177076
0.177092
0.177319
0.199395
0.198209
0.197061
0.19595
0.194874
0.193832
0.192824
0.191848
0.190902
0.189985
0.189098
0.188238
0.187406
0.186599
0.185819
0.185063
0.184333
0.183627
0.182945
0.182288
0.181654
0.181045
0.180457
0.179891
0.179345
0.17882
0.178324
0.177868
0.177475
0.177175
0.177009
0.177016
0.177232
0.199395
0.198209
0.197061
0.19595
0.194874
0.193833
0.192824
0.191848
0.190902
0.189985
0.189097
0.188237
0.187403
0.186596
0.185815
0.185059
0.184327
0.183619
0.182936
0.182277
0.181641
0.181029
0.180439
0.179869
0.179319
0.178791
0.178289
0.177828
0.177429
0.177123
0.176949
0.176947
0.177154
0.199395
0.198209
0.197061
0.195949
0.194873
0.193832
0.192824
0.191847
0.190901
0.189984
0.189096
0.188235
0.187401
0.186594
0.185812
0.185054
0.184322
0.183613
0.182928
0.182268
0.18163
0.181016
0.180423
0.179851
0.179298
0.178766
0.17826
0.177794
0.177389
0.177077
0.176896
0.176887
0.177085
0.199395
0.19821
0.197062
0.195952
0.194876
0.193835
0.192827
0.19185
0.190904
0.189987
0.189098
0.188237
0.187403
0.186595
0.185812
0.185054
0.184321
0.183611
0.182925
0.182263
0.181624
0.181007
0.180412
0.179837
0.179281
0.178745
0.178235
0.177764
0.177353
0.177034
0.176846
0.176827
0.177015
0.199395
0.198209
0.197061
0.19595
0.194876
0.193836
0.192828
0.191852
0.190907
0.18999
0.189102
0.188241
0.187407
0.186599
0.185815
0.185057
0.184322
0.183611
0.182924
0.18226
0.181618
0.180999
0.180401
0.179822
0.179261
0.17872
0.178204
0.177726
0.177308
0.17698
0.176779
0.176747
0.176919
0.199396
0.198214
0.19707
0.195963
0.19489
0.193851
0.192844
0.191868
0.190923
0.190006
0.189118
0.188256
0.187421
0.186611
0.185826
0.185065
0.184327
0.183612
0.18292
0.18225
0.181602
0.180975
0.180368
0.179779
0.179207
0.178654
0.178124
0.17763
0.177193
0.176843
0.176618
0.176556
0.176693
0.199396
0.198213
0.197071
0.195968
0.194902
0.193869
0.192867
0.191894
0.190949
0.190032
0.18914
0.188274
0.187432
0.186614
0.185818
0.185045
0.184294
0.183564
0.182855
0.182166
0.181498
0.18085
0.180221
0.179608
0.179012
0.178432
0.177875
0.177351
0.17688
0.176491
0.176219
0.176103
0.176176
0.199403
0.198246
0.197123
0.19603
0.194966
0.193931
0.192923
0.191941
0.190982
0.190047
0.189134
0.188243
0.187373
0.186523
0.185695
0.184886
0.184098
0.18333
0.182583
0.181855
0.181148
0.180461
0.179794
0.179144
0.17851
0.177894
0.177297
0.176731
0.17621
0.175759
0.175411
0.175202
0.175166
0.19942
0.198282
0.19721
0.196174
0.195145
0.194117
0.19309
0.192071
0.191065
0.190078
0.189114
0.188173
0.18726
0.186373
0.185513
0.184682
0.183878
0.183103
0.182355
0.181634
0.180942
0.180276
0.179636
0.179019
0.178423
0.177846
0.177287
0.176748
0.176239
0.175777
0.175387
0.175099
0.174947
0.199658
0.198893
0.198086
0.197315
0.196624
0.19601
0.195459
0.194965
0.194524
0.194138
0.193806
0.193532
0.193318
0.193165
0.193076
0.193051
0.193091
0.193195
0.193365
0.193597
0.193889
0.194239
0.19464
0.195085
0.195567
0.196074
0.196596
0.197122
0.197647
0.198172
0.198706
0.199268
0.199884
0.205419
0.216603
0.227664
0.238507
0.249096
0.259416
0.269453
0.279195
0.288634
0.297759
0.306567
0.315051
0.323208
0.331038
0.33854
0.345714
0.352562
0.359087
0.365292
0.37118
0.376755
0.382023
0.386988
0.391653
0.396026
0.400111
0.40392
0.407464
0.410757
0.413814
0.416644
0.419247
0.421622
0.324361
0.69212
1.14275
1.61769
2.01966
2.26705
2.33498
2.2316
1.96932
1.56719
1.08511
0.658728
0.441063
0.440883
0.531242
0.633612
0.721461
0.787339
0.832762
0.861577
0.876845
0.880127
0.871724
0.851268
0.818408
0.773414
0.71766
0.653858
0.585927
0.518404
0.455518
0.400285
0.354058
0.316688
0.28709
0.26385
0.245618
0.231262
0.21988
0.210771
0.203407
0.197399
0.192465
0.1884
0.185046
0.18228
0.180003
0.178132
0.176601
0.175351
0.174337
0.173517
0.172858
0.172332
0.171914
0.171585
0.171329
0.171131
0.170979
0.170866
0.170782
0.170721
0.170679
0.170652
0.170635
0.170626
0.170623
0.170624
0.170628
0.170634
0.170641
0.170649
0.170657
0.170664
0.170671
0.170678
0.170683
0.170688
0.170692
0.170695
0.170697
0.170699
0.1707
0.1707
0.170699
0.170699
0.170697
0.170695
0.170693
0.170691
0.170688
0.170685
0.170682
0.170678
0.170675
0.170671
0.170667
0.170663
0.17066
0.170652
0.19908
0.224055
0.275189
0.361643
0.48538
0.622007
0.724918
0.749029
0.677068
0.535794
0.396606
0.336597
0.364216
0.433661
0.516152
0.596402
0.664323
0.716231
0.753072
0.777412
0.791441
0.796229
0.791741
0.777272
0.75206
0.715895
0.669601
0.6153
0.556316
0.496669
0.440243
0.389957
0.347296
0.312373
0.284399
0.262213
0.244659
0.230745
0.21966
0.210763
0.203558
0.197671
0.192828
0.188826
0.185512
0.182766
0.180493
0.178613
0.177063
0.175788
0.174743
0.17389
0.173197
0.172636
0.172185
0.171824
0.171538
0.171311
0.171134
0.170997
0.170891
0.170811
0.170751
0.170708
0.170676
0.170654
0.17064
0.170631
0.170626
0.170623
0.170623
0.170624
0.170626
0.170629
0.170631
0.170633
0.170635
0.170637
0.170638
0.170638
0.170639
0.170638
0.170637
0.170636
0.170634
0.170632
0.17063
0.170627
0.170624
0.170621
0.170618
0.170614
0.17061
0.170606
0.170602
0.170598
0.170594
0.17059
0.170586
0.170578
0.182228
0.184161
0.190304
0.201057
0.215814
0.232567
0.247099
0.254386
0.254462
0.257494
0.276456
0.313632
0.364894
0.426882
0.493197
0.555773
0.608724
0.649803
0.679688
0.700226
0.713051
0.718922
0.717622
0.708251
0.689763
0.661551
0.623942
0.57849
0.527932
0.475765
0.425514
0.379974
0.340733
0.308151
0.281723
0.26054
0.243636
0.230146
0.219349
0.210658
0.203607
0.197841
0.193091
0.189159
0.185895
0.18318
0.180922
0.179045
0.177486
0.176195
0.175128
0.174249
0.173527
0.172937
0.172456
0.172065
0.17175
0.171496
0.171293
0.171131
0.171003
0.170902
0.170824
0.170762
0.170715
0.170679
0.170652
0.170631
0.170616
0.170604
0.170596
0.170589
0.170584
0.170581
0.170578
0.170575
0.170573
0.170571
0.170568
0.170566
0.170563
0.170561
0.170558
0.170555
0.170551
0.170548
0.170544
0.170541
0.170537
0.170533
0.170528
0.170524
0.17052
0.170515
0.170511
0.170507
0.170502
0.170497
0.170494
0.170485
0.176681
0.177465
0.179431
0.182932
0.188293
0.195575
0.204703
0.216007
0.230842
0.251371
0.279546
0.316504
0.361963
0.41329
0.465893
0.514765
0.556204
0.588822
0.613155
0.630555
0.642254
0.648817
0.649957
0.644716
0.631895
0.610597
0.58073
0.543327
0.500563
0.455414
0.411031
0.370054
0.334129
0.303833
0.278925
0.258736
0.242479
0.229417
0.21891
0.210425
0.203529
0.197884
0.193231
0.189375
0.186168
0.183494
0.181262
0.179399
0.177844
0.176548
0.17547
0.174574
0.173831
0.173218
0.172712
0.172297
0.171956
0.171678
0.171451
0.171266
0.171117
0.170997
0.170899
0.170821
0.170758
0.170708
0.170667
0.170634
0.170608
0.170587
0.17057
0.170555
0.170543
0.170533
0.170525
0.170517
0.17051
0.170504
0.170498
0.170492
0.170487
0.170482
0.170477
0.170472
0.170467
0.170462
0.170457
0.170452
0.170447
0.170442
0.170437
0.170432
0.170427
0.170422
0.170417
0.170412
0.170407
0.170402
0.170398
0.170389
0.176046
0.177032
0.179048
0.182563
0.187814
0.194984
0.204447
0.216882
0.233238
0.254527
0.281576
0.314672
0.353031
0.394575
0.436186
0.474551
0.507279
0.533498
0.553598
0.568551
0.579287
0.586242
0.589147
0.58709
0.578844
0.563345
0.540176
0.509918
0.474222
0.435559
0.396697
0.360082
0.327379
0.299333
0.275941
0.256756
0.241161
0.228539
0.218332
0.210057
0.203318
0.197795
0.193239
0.189462
0.186317
0.183692
0.181495
0.179656
0.178116
0.176825
0.175745
0.174842
0.174089
0.17346
0.172938
0.172503
0.172143
0.171845
0.171599
0.171396
0.171228
0.17109
0.170976
0.170882
0.170805
0.170741
0.170688
0.170645
0.170608
0.170577
0.170552
0.17053
0.170511
0.170494
0.17048
0.170467
0.170456
0.170446
0.170436
0.170428
0.170419
0.170412
0.170404
0.170397
0.170391
0.170384
0.170378
0.170372
0.170365
0.17036
0.170354
0.170348
0.170343
0.170337
0.170332
0.170326
0.170321
0.170316
0.170312
0.170302
0.1772
0.178431
0.180528
0.183977
0.189199
0.19656
0.206413
0.21915
0.235246
0.255206
0.279373
0.307654
0.339277
0.372679
0.405693
0.436118
0.462386
0.483901
0.5009
0.514051
0.524032
0.531188
0.5353
0.535579
0.530874
0.520066
0.50252
0.478447
0.449029
0.416263
0.382526
0.350045
0.320455
0.294627
0.272755
0.25459
0.239678
0.227515
0.217619
0.209563
0.202983
0.197582
0.193124
0.189426
0.186345
0.183771
0.181615
0.179807
0.178288
0.177012
0.17594
0.175039
0.174282
0.173648
0.173116
0.17267
0.172298
0.171986
0.171725
0.171508
0.171326
0.171174
0.171047
0.17094
0.170851
0.170776
0.170713
0.170659
0.170614
0.170575
0.170541
0.170513
0.170488
0.170466
0.170447
0.170429
0.170414
0.1704
0.170387
0.170376
0.170365
0.170355
0.170346
0.170337
0.170328
0.170321
0.170313
0.170306
0.170299
0.170292
0.170285
0.170279
0.170273
0.170267
0.170261
0.170255
0.17025
0.170244
0.17024
0.17023
0.178682
0.180174
0.182517
0.186134
0.191394
0.198598
0.208032
0.219987
0.234746
0.252525
0.27337
0.297028
0.322829
0.349637
0.375995
0.40045
0.421946
0.440031
0.454801
0.466667
0.476092
0.483331
0.488228
0.490142
0.488063
0.480916
0.467951
0.449098
0.425141
0.39764
0.368593
0.339983
0.313377
0.289723
0.269371
0.252247
0.23804
0.226355
0.216785
0.208957
0.202541
0.197262
0.1929
0.18928
0.186263
0.183742
0.181629
0.179854
0.178362
0.177106
0.176047
0.175155
0.174403
0.17377
0.173236
0.172785
0.172406
0.172087
0.171818
0.171591
0.171399
0.171238
0.171101
0.170985
0.170887
0.170804
0.170732
0.170671
0.170619
0.170574
0.170534
0.1705
0.17047
0.170444
0.170421
0.1704
0.170381
0.170364
0.170349
0.170335
0.170322
0.17031
0.170299
0.170289
0.170279
0.17027
0.170261
0.170253
0.170245
0.170238
0.170231
0.170224
0.170217
0.170211
0.170204
0.170198
0.170193
0.170187
0.170182
0.170172
0.179911
0.181591
0.184095
0.187755
0.192876
0.19971
0.208468
0.219321
0.232394
0.247736
0.265271
0.284736
0.305618
0.327144
0.348353
0.368291
0.386223
0.401776
0.414919
0.425857
0.434867
0.442116
0.447491
0.450494
0.450289
0.445905
0.436565
0.422009
0.402704
0.37982
0.354998
0.329968
0.306193
0.284652
0.265813
0.249743
0.236263
0.225076
0.215848
0.208257
0.20201
0.196856
0.19259
0.189046
0.186091
0.18362
0.181549
0.17981
0.178346
0.177112
0.176072
0.175193
0.17445
0.173823
0.173292
0.172843
0.172463
0.172141
0.171868
0.171636
0.17144
0.171273
0.17113
0.171009
0.170905
0.170816
0.170739
0.170673
0.170616
0.170566
0.170523
0.170485
0.170451
0.170422
0.170395
0.170372
0.170351
0.170331
0.170314
0.170298
0.170284
0.170271
0.170258
0.170247
0.170236
0.170226
0.170217
0.170208
0.1702
0.170192
0.170184
0.170177
0.17017
0.170163
0.170157
0.17015
0.170144
0.170138
0.170133
0.170123
0.180734
0.182531
0.185129
0.188777
0.193702
0.200077
0.208027
0.217632
0.228923
0.241873
0.256372
0.272205
0.289025
0.30634
0.323548
0.340023
0.355238
0.368857
0.380754
0.390972
0.399638
0.406836
0.412473
0.416167
0.417249
0.414888
0.408343
0.397248
0.381825
0.362921
0.341848
0.320085
0.298964
0.279457
0.26211
0.247102
0.234365
0.223694
0.214824
0.207482
0.201411
0.196385
0.192215
0.188745
0.18585
0.183428
0.181398
0.179692
0.178256
0.177046
0.176024
0.175161
0.17443
0.173812
0.173288
0.172844
0.172467
0.172146
0.171874
0.171641
0.171444
0.171274
0.17113
0.171006
0.170899
0.170807
0.170727
0.170658
0.170598
0.170546
0.1705
0.17046
0.170424
0.170392
0.170364
0.170339
0.170316
0.170296
0.170277
0.17026
0.170244
0.17023
0.170217
0.170205
0.170194
0.170183
0.170173
0.170164
0.170155
0.170147
0.170139
0.170131
0.170124
0.170117
0.17011
0.170104
0.170098
0.170092
0.170087
0.170077
0.181172
0.183019
0.18564
0.189215
0.193896
0.199782
0.206922
0.215322
0.224947
0.235732
0.247579
0.260351
0.273855
0.287822
0.301898
0.315675
0.328758
0.340832
0.351704
0.361302
0.369639
0.376726
0.38247
0.386574
0.388513
0.387598
0.383163
0.374799
0.36256
0.347031
0.329238
0.310417
0.291756
0.274186
0.258295
0.244346
0.232365
0.222226
0.213728
0.206646
0.200759
0.195865
0.191793
0.188398
0.185561
0.183187
0.181194
0.179521
0.178111
0.176924
0.175921
0.175073
0.174356
0.173749
0.173234
0.172796
0.172424
0.172108
0.171838
0.171608
0.171412
0.171243
0.171098
0.170974
0.170867
0.170774
0.170694
0.170624
0.170563
0.170509
0.170462
0.170421
0.170384
0.170351
0.170322
0.170296
0.170273
0.170251
0.170232
0.170215
0.170199
0.170184
0.17017
0.170158
0.170146
0.170135
0.170125
0.170115
0.170106
0.170098
0.17009
0.170082
0.170075
0.170068
0.170061
0.170054
0.170048
0.170042
0.170037
0.170027
0.181312
0.183158
0.185748
0.189208
0.193625
0.199034
0.205416
0.212716
0.220859
0.229766
0.239372
0.249621
0.260452
0.271761
0.283365
0.295002
0.306362
0.317146
0.327118
0.336132
0.344118
0.351032
0.356769
0.361091
0.363582
0.363682
0.360815
0.354578
0.344914
0.332209
0.317246
0.301043
0.284635
0.268889
0.254404
0.241503
0.230282
0.220686
0.212572
0.205762
0.200067
0.195311
0.19134
0.188021
0.185243
0.182914
0.180958
0.179315
0.177931
0.176764
0.17578
0.174947
0.174243
0.173647
0.173141
0.172712
0.172346
0.172035
0.17177
0.171544
0.17135
0.171184
0.171041
0.170918
0.170812
0.17072
0.17064
0.17057
0.170509
0.170456
0.170409
0.170367
0.170331
0.170298
0.170269
0.170242
0.170219
0.170197
0.170178
0.17016
0.170144
0.170129
0.170115
0.170103
0.170091
0.17008
0.17007
0.17006
0.170051
0.170042
0.170034
0.170026
0.170019
0.170012
0.170005
0.169998
0.169992
0.169986
0.169981
0.16997
0.181251
0.183061
0.185583
0.188901
0.193051
0.198011
0.203708
0.210041
0.216907
0.224228
0.231977
0.240174
0.248861
0.258054
0.267688
0.277598
0.287529
0.297197
0.306345
0.314781
0.322383
0.329064
0.334709
0.339115
0.341946
0.34275
0.341041
0.336443
0.32884
0.318473
0.305929
0.29203
0.277663
0.263615
0.250474
0.238596
0.228132
0.219086
0.211368
0.204839
0.199344
0.194733
0.190867
0.187626
0.184906
0.182623
0.180704
0.17909
0.17773
0.176583
0.175616
0.174798
0.174106
0.173521
0.173024
0.172603
0.172244
0.171939
0.171679
0.171457
0.171267
0.171104
0.170964
0.170844
0.17074
0.170649
0.170571
0.170502
0.170442
0.17039
0.170344
0.170303
0.170266
0.170234
0.170205
0.170179
0.170156
0.170135
0.170115
0.170098
0.170082
0.170067
0.170053
0.170041
0.170029
0.170018
0.170008
0.169998
0.169989
0.16998
0.169972
0.169965
0.169957
0.16995
0.169943
0.169937
0.16993
0.169924
0.169919
0.169909
0.181071
0.182823
0.185255
0.188419
0.19231
0.19686
0.20195
0.207446
0.213227
0.219225
0.22545
0.231985
0.238953
0.246455
0.254504
0.262997
0.27172
0.280402
0.28878
0.296638
0.303824
0.310223
0.315711
0.320107
0.323132
0.324418
0.323559
0.320221
0.31426
0.305815
0.295319
0.283429
0.270893
0.258411
0.246541
0.235652
0.225935
0.217441
0.210124
0.203884
0.198598
0.194137
0.190381
0.187221
0.184562
0.182326
0.180443
0.178857
0.17752
0.176393
0.175441
0.174637
0.173957
0.173382
0.172894
0.172481
0.172129
0.17183
0.171576
0.171359
0.171173
0.171013
0.170877
0.170759
0.170657
0.170569
0.170492
0.170426
0.170367
0.170316
0.170271
0.170231
0.170196
0.170164
0.170136
0.17011
0.170087
0.170067
0.170048
0.170031
0.170015
0.17
0.169987
0.169974
0.169963
0.169952
0.169942
0.169932
0.169923
0.169915
0.169907
0.169899
0.169892
0.169885
0.169878
0.169871
0.169865
0.169859
0.169853
0.169843
0.180829
0.182513
0.184845
0.187854
0.191501
0.19568
0.200238
0.205015
0.20988
0.214779
0.219755
0.224945
0.23053
0.236669
0.243428
0.250744
0.258431
0.266234
0.27389
0.281177
0.287925
0.294005
0.299287
0.303605
0.306722
0.308332
0.308098
0.305728
0.301072
0.2942
0.28543
0.275279
0.264371
0.253318
0.242637
0.232695
0.223708
0.215761
0.208848
0.202904
0.197833
0.193528
0.189886
0.18681
0.184215
0.182026
0.18018
0.178624
0.17731
0.176202
0.175265
0.174475
0.173806
0.17324
0.172761
0.172355
0.17201
0.171717
0.171468
0.171255
0.171073
0.170918
0.170784
0.17067
0.170571
0.170485
0.170411
0.170346
0.170289
0.170239
0.170196
0.170157
0.170123
0.170092
0.170064
0.17004
0.170018
0.169997
0.169979
0.169962
0.169947
0.169933
0.169919
0.169907
0.169896
0.169885
0.169875
0.169866
0.169857
0.169849
0.16984
0.169833
0.169825
0.169818
0.169812
0.169805
0.169799
0.169793
0.169787
0.169777
0.180562
0.182174
0.184405
0.187265
0.190686
0.194532
0.198626
0.202785
0.206877
0.210861
0.214813
0.218908
0.223373
0.228406
0.234107
0.240436
0.247229
0.254244
0.261227
0.267956
0.274257
0.279994
0.285036
0.289227
0.292361
0.294182
0.294406
0.292782
0.289164
0.283579
0.276257
0.267603
0.258132
0.248374
0.238795
0.22975
0.221467
0.214059
0.20755
0.201905
0.197053
0.19291
0.189386
0.186398
0.183868
0.181729
0.179921
0.178394
0.177104
0.176014
0.175093
0.174315
0.173657
0.173101
0.17263
0.172231
0.171892
0.171605
0.171361
0.171153
0.170975
0.170823
0.170693
0.170581
0.170485
0.170402
0.17033
0.170267
0.170212
0.170164
0.170122
0.170084
0.170051
0.170021
0.169995
0.169971
0.169949
0.16993
0.169912
0.169896
0.169881
0.169867
0.169854
0.169842
0.169831
0.16982
0.169811
0.169801
0.169793
0.169784
0.169776
0.169769
0.169761
0.169754
0.169748
0.169741
0.169735
0.169729
0.169723
0.169713
0.18029
0.181831
0.183966
0.186685
0.1899
0.193451
0.197138
0.200766
0.204203
0.207423
0.210529
0.21373
0.217282
0.221411
0.226234
0.23173
0.237747
0.244057
0.250417
0.256611
0.262468
0.26785
0.272629
0.276658
0.279757
0.281706
0.282264
0.281215
0.278424
0.273892
0.267782
0.260412
0.252203
0.243606
0.23504
0.226838
0.21923
0.212347
0.206237
0.200891
0.196262
0.192284
0.188883
0.185985
0.183523
0.181435
0.179667
0.17817
0.176903
0.175832
0.174927
0.174162
0.173514
0.172967
0.172504
0.172112
0.171779
0.171498
0.171258
0.171054
0.170881
0.170733
0.170606
0.170497
0.170403
0.170323
0.170253
0.170192
0.170139
0.170092
0.170051
0.170015
0.169983
0.169954
0.169929
0.169906
0.169885
0.169866
0.169849
0.169833
0.169818
0.169805
0.169792
0.169781
0.16977
0.16976
0.16975
0.169741
0.169732
0.169724
0.169716
0.169708
0.169701
0.169694
0.169688
0.169681
0.169675
0.169669
0.169663
0.169653
0.180023
0.181498
0.183542
0.186132
0.189161
0.192449
0.19578
0.19895
0.20183
0.20441
0.206814
0.209279
0.212083
0.215466
0.219559
0.224346
0.229688
0.235369
0.241157
0.246846
0.252269
0.257295
0.261798
0.265643
0.268668
0.270682
0.27148
0.270876
0.268746
0.265075
0.259979
0.253706
0.246599
0.23904
0.231398
0.22398
0.217012
0.210636
0.204918
0.19987
0.195465
0.191653
0.188377
0.185573
0.183181
0.181146
0.179418
0.177952
0.17671
0.175658
0.174768
0.174016
0.173379
0.172841
0.172385
0.172
0.171673
0.171397
0.171162
0.170962
0.170793
0.170648
0.170524
0.170418
0.170327
0.170249
0.170181
0.170122
0.17007
0.170025
0.169986
0.169951
0.16992
0.169892
0.169868
0.169845
0.169825
0.169807
0.16979
0.169775
0.169761
0.169748
0.169736
0.169724
0.169714
0.169704
0.169694
0.169685
0.169677
0.169668
0.169661
0.169653
0.169646
0.169639
0.169632
0.169626
0.16962
0.169613
0.169608
0.169598
0.179766
0.181181
0.183142
0.185615
0.188476
0.191532
0.19455
0.197324
0.199728
0.201767
0.203587
0.205443
0.20763
0.210397
0.213876
0.21806
0.222814
0.227933
0.233198
0.238414
0.243423
0.248098
0.252322
0.255968
0.258892
0.260925
0.261891
0.26163
0.260029
0.257064
0.252816
0.247479
0.241331
0.234693
0.227887
0.221193
0.214828
0.208937
0.2036
0.198845
0.194663
0.191021
0.187871
0.185162
0.182842
0.180861
0.179174
0.17774
0.176523
0.175491
0.174617
0.173877
0.173251
0.172722
0.172274
0.171895
0.171574
0.171303
0.171072
0.170877
0.170711
0.170569
0.170449
0.170345
0.170257
0.17018
0.170115
0.170057
0.170008
0.169964
0.169926
0.169892
0.169863
0.169836
0.169812
0.169791
0.169771
0.169753
0.169737
0.169722
0.169709
0.169696
0.169684
0.169673
0.169662
0.169653
0.169643
0.169635
0.169626
0.169618
0.16961
0.169603
0.169596
0.169589
0.169582
0.169576
0.16957
0.169563
0.169558
0.169548
0.179524
0.180883
0.182769
0.185136
0.187848
0.190697
0.193441
0.195871
0.197868
0.19945
0.20078
0.202131
0.203806
0.206059
0.209022
0.212688
0.216928
0.221547
0.226337
0.231115
0.235732
0.240069
0.244016
0.247457
0.25026
0.252278
0.253358
0.253359
0.252182
0.249795
0.246257
0.241717
0.2364
0.230576
0.224524
0.218494
0.212691
0.20726
0.202291
0.197823
0.193862
0.190388
0.187366
0.184753
0.182506
0.180581
0.178937
0.177535
0.176344
0.175332
0.174473
0.173746
0.173131
0.17261
0.17217
0.171797
0.171482
0.171215
0.170989
0.170798
0.170635
0.170497
0.170379
0.170278
0.170192
0.170118
0.170054
0.169999
0.169951
0.169909
0.169872
0.169839
0.16981
0.169785
0.169761
0.169741
0.169722
0.169705
0.169689
0.169675
0.169661
0.169649
0.169637
0.169627
0.169616
0.169607
0.169598
0.169589
0.169581
0.169573
0.169565
0.169558
0.169551
0.169544
0.169537
0.169531
0.169524
0.169518
0.169513
0.169503
0.179296
0.180605
0.182423
0.184696
0.187275
0.18994
0.192444
0.194575
0.196222
0.197417
0.198337
0.199266
0.200515
0.202337
0.204863
0.208084
0.211874
0.216048
0.220408
0.224783
0.229033
0.233048
0.236726
0.239959
0.24263
0.244609
0.245759
0.24596
0.245121
0.24321
0.240265
0.236402
0.231804
0.226697
0.221319
0.215895
0.210614
0.205617
0.200999
0.196809
0.193065
0.189758
0.186863
0.184348
0.182175
0.180306
0.178705
0.177337
0.176171
0.175179
0.174337
0.173623
0.173018
0.172506
0.172072
0.171706
0.171396
0.171134
0.170913
0.170725
0.170566
0.17043
0.170315
0.170217
0.170133
0.170061
0.169999
0.169945
0.169898
0.169858
0.169822
0.169791
0.169763
0.169738
0.169716
0.169696
0.169677
0.169661
0.169646
0.169632
0.169619
0.169607
0.169595
0.169585
0.169575
0.169565
0.169556
0.169548
0.16954
0.169532
0.169524
0.169517
0.16951
0.169503
0.169496
0.16949
0.169484
0.169478
0.169473
0.169462
0.179083
0.180347
0.182106
0.184294
0.186754
0.189257
0.19155
0.193422
0.194769
0.195634
0.196208
0.196785
0.197678
0.199138
0.201292
0.204128
0.207525
0.211302
0.215274
0.219279
0.223189
0.2269
0.230319
0.233349
0.235881
0.237801
0.23899
0.239341
0.238772
0.237251
0.234801
0.231515
0.227537
0.223058
0.218281
0.213406
0.208606
0.204015
0.199731
0.195809
0.192276
0.189133
0.186365
0.183947
0.181848
0.180036
0.178478
0.177144
0.176004
0.175032
0.174206
0.173505
0.172911
0.172407
0.171981
0.171621
0.171317
0.171059
0.170842
0.170658
0.170502
0.170369
0.170257
0.170161
0.170079
0.170009
0.169948
0.169896
0.169851
0.169811
0.169777
0.169747
0.16972
0.169696
0.169674
0.169655
0.169637
0.169621
0.169606
0.169593
0.16958
0.169568
0.169557
0.169547
0.169537
0.169528
0.169519
0.169511
0.169503
0.169495
0.169487
0.16948
0.169473
0.169466
0.16946
0.169453
0.169447
0.169441
0.169436
0.169425
0.178885
0.180109
0.181814
0.183928
0.186283
0.188643
0.190751
0.192398
0.193487
0.194072
0.194355
0.194637
0.195232
0.196386
0.198221
0.200724
0.203774
0.207198
0.21082
0.214488
0.218083
0.221511
0.224684
0.227516
0.229908
0.231758
0.23296
0.23342
0.233067
0.231865
0.22983
0.227032
0.223589
0.219659
0.215417
0.211036
0.206676
0.202463
0.198494
0.194828
0.191499
0.188516
0.185873
0.183552
0.181527
0.179772
0.178258
0.176957
0.175843
0.174892
0.174082
0.173394
0.17281
0.172315
0.171896
0.171542
0.171243
0.17099
0.170776
0.170595
0.170442
0.170313
0.170203
0.170109
0.170029
0.169961
0.169902
0.169851
0.169807
0.169769
0.169736
0.169706
0.16968
0.169657
0.169636
0.169617
0.1696
0.169585
0.169571
0.169557
0.169545
0.169534
0.169523
0.169513
0.169503
0.169494
0.169485
0.169477
0.169469
0.169461
0.169454
0.169447
0.16944
0.169433
0.169427
0.16942
0.169414
0.169408
0.169403
0.169392
0.178701
0.179891
0.181548
0.183594
0.185856
0.18809
0.190037
0.19149
0.192358
0.192706
0.192744
0.192778
0.193121
0.194016
0.195578
0.19779
0.200535
0.203644
0.206951
0.210313
0.213619
0.216783
0.219726
0.222367
0.22462
0.226391
0.227589
0.228128
0.227943
0.227003
0.225314
0.22293
0.219948
0.216497
0.212727
0.208791
0.204832
0.200968
0.197293
0.19387
0.190737
0.18791
0.185389
0.183163
0.181212
0.179513
0.178043
0.176776
0.175688
0.174758
0.173964
0.173288
0.172715
0.172228
0.171816
0.171468
0.171174
0.170925
0.170715
0.170538
0.170388
0.17026
0.170153
0.170061
0.169983
0.169917
0.169859
0.16981
0.169768
0.169731
0.169698
0.16967
0.169644
0.169622
0.169602
0.169584
0.169567
0.169552
0.169538
0.169525
0.169513
0.169502
0.169492
0.169482
0.169472
0.169463
0.169455
0.169447
0.169439
0.169431
0.169424
0.169417
0.16941
0.169403
0.169397
0.16939
0.169384
0.169378
0.169373
0.169362
0.178532
0.17969
0.181304
0.183292
0.185471
0.187595
0.189402
0.190688
0.191367
0.191514
0.191346
0.191171
0.191302
0.191975
0.193301
0.19526
0.197735
0.200564
0.203587
0.206671
0.209713
0.212633
0.21536
0.217821
0.219938
0.221627
0.222805
0.223398
0.223348
0.222621
0.221221
0.219188
0.2166
0.213566
0.210213
0.206674
0.203078
0.199535
0.196135
0.192941
0.189995
0.187318
0.184916
0.182782
0.180904
0.179261
0.177834
0.176601
0.175539
0.174629
0.173851
0.173188
0.172625
0.172147
0.171742
0.171399
0.171109
0.170865
0.170658
0.170484
0.170337
0.170212
0.170107
0.170017
0.169941
0.169876
0.16982
0.169772
0.169731
0.169695
0.169664
0.169636
0.169611
0.16959
0.16957
0.169553
0.169537
0.169522
0.169508
0.169496
0.169484
0.169473
0.169463
0.169453
0.169444
0.169435
0.169427
0.169419
0.169411
0.169403
0.169396
0.169389
0.169382
0.169376
0.169369
0.169363
0.169357
0.16935
0.169345
0.169335
0.178376
0.179505
0.181082
0.183017
0.185124
0.187152
0.188838
0.18998
0.1905
0.190477
0.190136
0.189786
0.189737
0.190221
0.191342
0.193078
0.195314
0.197893
0.200661
0.203494
0.206295
0.208991
0.211518
0.213809
0.215794
0.217399
0.218549
0.219176
0.219229
0.218677
0.217517
0.215782
0.213532
0.21086
0.207872
0.204688
0.201419
0.19817
0.195024
0.192044
0.189275
0.186742
0.184454
0.182411
0.180603
0.179016
0.177632
0.176432
0.175396
0.174506
0.173744
0.173093
0.17254
0.17207
0.171671
0.171334
0.171049
0.170809
0.170606
0.170435
0.17029
0.170168
0.170064
0.169977
0.169902
0.169839
0.169784
0.169738
0.169697
0.169662
0.169632
0.169605
0.169581
0.16956
0.169541
0.169524
0.169509
0.169494
0.169481
0.169469
0.169458
0.169447
0.169437
0.169427
0.169418
0.16941
0.169401
0.169393
0.169386
0.169378
0.169371
0.169364
0.169357
0.169351
0.169344
0.169338
0.169332
0.169326
0.16932
0.16931
0.178233
0.179336
0.180879
0.182767
0.184811
0.186756
0.188338
0.189358
0.189742
0.189577
0.189091
0.188594
0.188393
0.188714
0.189657
0.191198
0.193222
0.195577
0.198117
0.200722
0.203303
0.205795
0.208137
0.21027
0.21213
0.21365
0.214764
0.215411
0.215544
0.215133
0.214174
0.212689
0.210729
0.20837
0.205703
0.202832
0.199859
0.196876
0.193964
0.191184
0.188582
0.186185
0.184007
0.182051
0.180312
0.178779
0.177436
0.176269
0.175258
0.174388
0.173642
0.173004
0.17246
0.171998
0.171606
0.171274
0.170994
0.170757
0.170557
0.170389
0.170246
0.170126
0.170025
0.169939
0.169866
0.169804
0.169751
0.169706
0.169666
0.169632
0.169603
0.169577
0.169554
0.169533
0.169515
0.169498
0.169483
0.169469
0.169456
0.169444
0.169433
0.169423
0.169413
0.169404
0.169395
0.169386
0.169378
0.16937
0.169363
0.169355
0.169348
0.169341
0.169334
0.169328
0.169321
0.169315
0.169309
0.169303
0.169298
0.169287
0.178101
0.179182
0.180694
0.182541
0.184529
0.186402
0.187896
0.188812
0.189084
0.1888
0.188193
0.187572
0.187242
0.187422
0.188211
0.189579
0.191415
0.193571
0.195905
0.198305
0.200688
0.202992
0.205164
0.20715
0.208891
0.210329
0.211402
0.212057
0.212251
0.211955
0.211162
0.209889
0.208177
0.206088
0.203702
0.201108
0.198398
0.195656
0.192958
0.190363
0.187917
0.185648
0.183575
0.181703
0.180031
0.17855
0.177248
0.176112
0.175127
0.174276
0.173545
0.172919
0.172384
0.17193
0.171544
0.171217
0.170941
0.170708
0.170512
0.170346
0.170206
0.170088
0.169989
0.169904
0.169833
0.169772
0.16972
0.169676
0.169638
0.169605
0.169576
0.16955
0.169528
0.169508
0.16949
0.169474
0.169459
0.169446
0.169433
0.169422
0.169411
0.169401
0.169391
0.169382
0.169373
0.169365
0.169357
0.169349
0.169341
0.169334
0.169327
0.16932
0.169313
0.169307
0.1693
0.169294
0.169288
0.169282
0.169277
0.169266
0.177981
0.17904
0.180525
0.182335
0.184276
0.186087
0.187505
0.188336
0.188513
0.188132
0.187424
0.1867
0.186259
0.186319
0.186972
0.188189
0.189858
0.191835
0.193986
0.196201
0.198404
0.200538
0.202554
0.204404
0.206035
0.207392
0.208423
0.209077
0.209315
0.209112
0.208457
0.207363
0.205862
0.204006
0.201864
0.199514
0.197038
0.194514
0.19201
0.189585
0.187284
0.185136
0.183162
0.181369
0.17976
0.17833
0.177068
0.175963
0.175001
0.174169
0.173453
0.172838
0.172313
0.171866
0.171486
0.171165
0.170893
0.170663
0.170469
0.170306
0.170169
0.170053
0.169955
0.169872
0.169802
0.169743
0.169692
0.169649
0.169611
0.169579
0.169551
0.169526
0.169504
0.169485
0.169468
0.169452
0.169437
0.169424
0.169412
0.169401
0.16939
0.16938
0.169371
0.169362
0.169353
0.169345
0.169337
0.169329
0.169322
0.169314
0.169307
0.1693
0.169294
0.169287
0.169281
0.169275
0.169268
0.169262
0.169257
0.169247
0.177871
0.17891
0.18037
0.182149
0.184047
0.185806
0.187162
0.187921
0.188021
0.187558
0.186768
0.185957
0.185424
0.185381
0.185915
0.186998
0.188519
0.190338
0.192324
0.194373
0.196415
0.198394
0.200269
0.201993
0.203521
0.204802
0.205789
0.206436
0.206707
0.206578
0.206038
0.205094
0.203773
0.202117
0.200187
0.198051
0.195782
0.193452
0.191124
0.188855
0.186686
0.184651
0.182769
0.181052
0.179503
0.17812
0.176896
0.175821
0.174883
0.174069
0.173366
0.172763
0.172247
0.171806
0.171432
0.171115
0.170847
0.170621
0.17043
0.170269
0.170134
0.17002
0.169923
0.169842
0.169773
0.169715
0.169666
0.169623
0.169587
0.169555
0.169528
0.169504
0.169482
0.169463
0.169447
0.169431
0.169417
0.169404
0.169392
0.169381
0.169371
0.169361
0.169352
0.169343
0.169334
0.169326
0.169318
0.169311
0.169303
0.169296
0.169289
0.169282
0.169276
0.169269
0.169263
0.169257
0.169251
0.169244
0.169239
0.169229
0.177771
0.178793
0.18023
0.18198
0.183842
0.185556
0.186859
0.187559
0.187596
0.187068
0.18621
0.185328
0.184717
0.184585
0.185017
0.185983
0.187373
0.189052
0.19089
0.192792
0.194687
0.196528
0.198274
0.199885
0.201318
0.202528
0.203471
0.204107
0.204403
0.204334
0.20389
0.203074
0.201905
0.200422
0.198674
0.196724
0.194637
0.192478
0.190308
0.188178
0.186131
0.184198
0.182401
0.180754
0.179262
0.177924
0.176735
0.175687
0.174771
0.173974
0.173285
0.172692
0.172184
0.171751
0.171382
0.171069
0.170805
0.170581
0.170393
0.170235
0.170101
0.169989
0.169894
0.169814
0.169747
0.169689
0.169641
0.169599
0.169563
0.169533
0.169506
0.169482
0.169462
0.169443
0.169427
0.169412
0.169398
0.169386
0.169374
0.169363
0.169353
0.169343
0.169334
0.169325
0.169317
0.169309
0.169301
0.169293
0.169286
0.169279
0.169272
0.169265
0.169259
0.169252
0.169246
0.16924
0.169233
0.169227
0.169222
0.169212
0.177681
0.178686
0.180103
0.181826
0.183656
0.185332
0.18659
0.187241
0.187227
0.186646
0.185734
0.184795
0.18412
0.183913
0.184257
0.185121
0.186396
0.187949
0.189658
0.191427
0.193192
0.194909
0.196541
0.19805
0.199398
0.200545
0.201449
0.202075
0.202391
0.202375
0.202013
0.201305
0.200268
0.198931
0.197339
0.195549
0.193619
0.191609
0.189577
0.18757
0.18563
0.183788
0.182068
0.180483
0.179041
0.177744
0.176587
0.175565
0.174668
0.173887
0.17321
0.172626
0.172126
0.171698
0.171335
0.171026
0.170765
0.170544
0.170358
0.170201
0.170069
0.169959
0.169865
0.169787
0.16972
0.169664
0.169616
0.169575
0.16954
0.16951
0.169484
0.169461
0.169441
0.169423
0.169407
0.169392
0.169379
0.169366
0.169355
0.169344
0.169334
0.169325
0.169316
0.169307
0.169299
0.169291
0.169283
0.169276
0.169268
0.169261
0.169254
0.169248
0.169241
0.169235
0.169228
0.169222
0.169216
0.16921
0.169205
0.169194
0.1776
0.178588
0.179985
0.181683
0.183483
0.185123
0.186342
0.186951
0.186894
0.186272
0.185318
0.184335
0.183609
0.183341
0.18361
0.184384
0.185558
0.187001
0.188593
0.190245
0.191897
0.193506
0.195039
0.196463
0.19774
0.198835
0.199711
0.200333
0.200673
0.200708
0.200422
0.199812
0.198888
0.197677
0.196218
0.194562
0.192764
0.190879
0.188962
0.187058
0.185208
0.183442
0.181785
0.180253
0.178853
0.177588
0.176458
0.175456
0.174576
0.173807
0.17314
0.172564
0.17207
0.171647
0.171287
0.170982
0.170723
0.170504
0.17032
0.170165
0.170035
0.169925
0.169833
0.169756
0.16969
0.169635
0.169588
0.169547
0.169513
0.169484
0.169458
0.169435
0.169415
0.169398
0.169382
0.169368
0.169355
0.169342
0.169331
0.169321
0.169311
0.169302
0.169293
0.169284
0.169276
0.169268
0.16926
0.169253
0.169246
0.169239
0.169232
0.169225
0.169218
0.169212
0.169206
0.1692
0.169193
0.169187
0.169182
0.169172
0.177515
0.178484
0.179856
0.181525
0.183292
0.184896
0.186077
0.18665
0.18656
0.185907
0.184924
0.18391
0.183145
0.182826
0.18303
0.183725
0.184808
0.186151
0.18764
0.18919
0.190744
0.192264
0.193719
0.195078
0.196307
0.197373
0.19824
0.198877
0.199254
0.199349
0.199141
0.198624
0.197803
0.196701
0.195354
0.193808
0.192116
0.19033
0.188502
0.186677
0.184893
0.183183
0.181571
0.180075
0.178703
0.177461
0.176348
0.17536
0.174489
0.173728
0.173067
0.172495
0.172005
0.171585
0.171227
0.170923
0.170666
0.170449
0.170266
0.170112
0.169983
0.169874
0.169783
0.169706
0.169641
0.169586
0.16954
0.1695
0.169467
0.169437
0.169412
0.16939
0.16937
0.169353
0.169337
0.169323
0.169311
0.169299
0.169288
0.169277
0.169267
0.169258
0.169249
0.169241
0.169233
0.169225
0.169217
0.16921
0.169203
0.169196
0.169189
0.169182
0.169175
0.169169
0.169163
0.169156
0.16915
0.169144
0.169139
0.169129
0.177396
0.178334
0.179669
0.181296
0.183018
0.184578
0.18572
0.18626
0.186145
0.185473
0.184473
0.183438
0.182642
0.182278
0.182422
0.183041
0.184037
0.185288
0.186686
0.18815
0.189628
0.191084
0.192489
0.193815
0.19503
0.196099
0.196989
0.197669
0.198108
0.198279
0.19816
0.197737
0.197014
0.196009
0.194755
0.193297
0.191685
0.189971
0.188204
0.186428
0.184684
0.183004
0.181414
0.179933
0.178572
0.177337
0.176228
0.175241
0.174372
0.173611
0.17295
0.172378
0.171887
0.171467
0.171109
0.170806
0.170549
0.170332
0.170149
0.169996
0.169867
0.169758
0.169667
0.169591
0.169527
0.169472
0.169426
0.169387
0.169354
0.169325
0.1693
0.169278
0.169259
0.169242
0.169226
0.169212
0.1692
0.169188
0.169177
0.169167
0.169157
0.169148
0.169139
0.16913
0.169122
0.169114
0.169107
0.169099
0.169092
0.169085
0.169078
0.169071
0.169065
0.169058
0.169052
0.169045
0.169039
0.169033
0.169028
0.169017
0.177125
0.178003
0.179273
0.180833
0.182492
0.183998
0.185101
0.185618
0.185491
0.184815
0.183808
0.182754
0.181923
0.181505
0.181577
0.182113
0.183019
0.184183
0.1855
0.186897
0.188322
0.189744
0.191134
0.192463
0.1937
0.194809
0.195757
0.196509
0.197032
0.197295
0.197271
0.196945
0.196315
0.195398
0.194225
0.19284
0.191291
0.189628
0.187899
0.186151
0.184424
0.182752
0.181164
0.17968
0.178313
0.177071
0.175954
0.17496
0.174084
0.173317
0.17265
0.172075
0.17158
0.171158
0.170798
0.170493
0.170236
0.170019
0.169836
0.169683
0.169554
0.169446
0.169356
0.16928
0.169216
0.169162
0.169117
0.169078
0.169045
0.169017
0.168993
0.168971
0.168952
0.168935
0.16892
0.168906
0.168894
0.168882
0.168871
0.168861
0.168851
0.168842
0.168833
0.168825
0.168817
0.168809
0.168801
0.168793
0.168786
0.168779
0.168772
0.168765
0.168758
0.168751
0.168745
0.168739
0.168732
0.168726
0.168721
0.16871
0.176525
0.177296
0.178453
0.179903
0.181468
0.182905
0.183967
0.184467
0.184337
0.183658
0.182634
0.181543
0.180651
0.180153
0.180132
0.180572
0.181387
0.18247
0.183721
0.185067
0.18646
0.187865
0.189256
0.190602
0.19187
0.193024
0.194029
0.194847
0.195442
0.195782
0.195839
0.195594
0.195046
0.194209
0.193115
0.191802
0.190317
0.188707
0.18702
0.185302
0.183594
0.181933
0.18035
0.178866
0.177497
0.176251
0.175129
0.174131
0.173251
0.172482
0.171814
0.171237
0.170743
0.170321
0.169963
0.16966
0.169405
0.16919
0.169011
0.16886
0.168734
0.168629
0.168541
0.168467
0.168406
0.168354
0.168311
0.168274
0.168242
0.168215
0.168192
0.168172
0.168154
0.168138
0.168123
0.16811
0.168098
0.168086
0.168076
0.168066
0.168056
0.168047
0.168038
0.16803
0.168022
0.168013
0.168006
0.167998
0.16799
0.167983
0.167976
0.167968
0.167961
0.167954
0.167948
0.167941
0.167934
0.167928
0.167922
0.167911
0.175367
0.175954
0.176922
0.178201
0.179633
0.180988
0.182016
0.182512
0.182383
0.181685
0.180607
0.179424
0.178412
0.177779
0.177622
0.177934
0.178633
0.179609
0.180762
0.182015
0.18332
0.184642
0.185955
0.187231
0.18844
0.189547
0.190517
0.191315
0.191905
0.192255
0.19234
0.192144
0.191666
0.190919
0.189929
0.188729
0.187359
0.18586
0.184277
0.182653
0.18103
0.179445
0.177929
0.176504
0.175187
0.173986
0.172906
0.171944
0.171097
0.170357
0.169716
0.169164
0.168693
0.168292
0.167954
0.167669
0.16743
0.16723
0.167064
0.166926
0.166811
0.166717
0.166638
0.166573
0.166519
0.166475
0.166437
0.166406
0.166379
0.166356
0.166337
0.16632
0.166305
0.166291
0.166279
0.166267
0.166257
0.166247
0.166237
0.166228
0.166219
0.166211
0.166202
0.166194
0.166186
0.166178
0.16617
0.166162
0.166154
0.166147
0.166139
0.166132
0.166124
0.166117
0.16611
0.166103
0.166095
0.166088
0.166082
0.16607
0.174978
0.175338
0.176074
0.177156
0.178459
0.179767
0.180819
0.181378
0.181308
0.18063
0.179516
0.178243
0.177106
0.17633
0.176024
0.176183
0.176715
0.1775
0.17843
0.179424
0.180437
0.181442
0.18242
0.183353
0.184219
0.184991
0.185643
0.186145
0.18647
0.186595
0.186501
0.18618
0.185634
0.184875
0.183923
0.182802
0.181542
0.180176
0.17874
0.177271
0.175804
0.174374
0.173007
0.171723
0.170538
0.169459
0.168489
0.167628
0.166871
0.166212
0.165644
0.165158
0.164745
0.164397
0.164106
0.163863
0.163661
0.163496
0.16336
0.163249
0.163159
0.163086
0.163027
0.16298
0.162941
0.16291
0.162885
0.162865
0.162848
0.162834
0.162822
0.162812
0.162802
0.162794
0.162786
0.162778
0.162771
0.162764
0.162757
0.16275
0.162743
0.162736
0.162728
0.162721
0.162713
0.162706
0.162698
0.162691
0.162683
0.162675
0.162668
0.16266
0.162652
0.162645
0.162637
0.162629
0.162622
0.162614
0.162608
0.162595
0.20072
0.201918
0.203451
0.205339
0.2075
0.209741
0.211787
0.213356
0.214255
0.214447
0.214071
0.213393
0.21271
0.212261
0.212162
0.2124
0.212873
0.213443
0.213988
0.21442
0.21469
0.214774
0.21466
0.214336
0.213796
0.213031
0.212037
0.21081
0.209352
0.207672
0.205785
0.203713
0.20149
0.19915
0.19673
0.194265
0.191788
0.18933
0.186921
0.18459
0.182364
0.180264
0.178305
0.176498
0.174846
0.173348
0.172001
0.170798
0.16973
0.168786
0.167955
0.167228
0.166592
0.166039
0.165558
0.16514
0.164778
0.164464
0.164192
0.163957
0.163753
0.163575
0.163421
0.163287
0.16317
0.163068
0.162978
0.1629
0.16283
0.162769
0.162714
0.162666
0.162623
0.162584
0.162549
0.162517
0.162488
0.162462
0.162438
0.162417
0.162397
0.162378
0.162361
0.162345
0.16233
0.162315
0.162302
0.16229
0.162278
0.162267
0.162256
0.162246
0.162236
0.162226
0.162217
0.162209
0.1622
0.162192
0.162185
0.162172
0.42406
0.426406
0.428182
0.429223
0.429392
0.428614
0.426908
0.424381
0.421213
0.417606
0.413739
0.409735
0.405653
0.401501
0.397266
0.392929
0.388484
0.383939
0.379313
0.374633
0.369928
0.365232
0.360578
0.355995
0.351513
0.347155
0.342933
0.338853
0.33491
0.331097
0.327409
0.323846
0.320413
0.317117
0.313962
0.31095
0.308081
0.305351
0.302758
0.300301
0.297978
0.295786
0.293724
0.291788
0.289975
0.288281
0.286702
0.285234
0.283871
0.28261
0.281444
0.280369
0.27938
0.278471
0.277638
0.276875
0.276179
0.275543
0.274965
0.274439
0.273962
0.27353
0.273139
0.272786
0.272468
0.272182
0.271926
0.271695
0.27149
0.271306
0.271142
0.270996
0.270867
0.270753
0.270652
0.270563
0.270485
0.270417
0.270357
0.270306
0.270261
0.270223
0.27019
0.270162
0.270139
0.270119
0.270103
0.27009
0.270079
0.270071
0.270065
0.270061
0.270058
0.270056
0.270056
0.270057
0.270058
0.270061
0.270063
0.270069
0.0654293
0.140145
0.226929
0.342344
0.483752
0.64056
0.801435
0.958514
1.10709
1.24465
1.37048
1.4835
1.57171
1.62943
1.65252
1.6383
1.5866
1.5004
1.38591
1.25226
1.10972
0.96529
0.82636
0.699893
0.590248
0.498722
0.424326
0.365035
0.318801
0.283903
0.25875
0.241582
0.230468
0.223583
0.21948
0.217179
0.216079
0.215821
0.216177
0.216984
0.218116
0.219474
0.220977
0.222563
0.224185
0.225804
0.227396
0.228939
0.230421
0.231832
0.233165
0.234419
0.235593
0.236686
0.237701
0.23864
0.239507
0.240304
0.241037
0.241708
0.242322
0.242882
0.243393
0.243857
0.244279
0.244662
0.245009
0.245322
0.245605
0.245861
0.246091
0.246298
0.246484
0.246652
0.246802
0.246937
0.247057
0.247165
0.247262
0.247349
0.247426
0.247495
0.247557
0.247612
0.247662
0.247706
0.247746
0.247781
0.247813
0.247842
0.247868
0.247891
0.247912
0.247931
0.247949
0.247965
0.247979
0.247993
0.248004
0.248022
0.253256
0.706904
0.954946
1.19597
1.44946
1.71664
1.99359
2.276
2.55957
2.83918
3.10721
3.35363
3.57774
3.7675
3.90354
3.96689
3.94439
3.83123
3.63089
3.354
3.0176
2.64492
2.26145
1.89131
1.55414
1.2624
1.0202
0.82463
0.668972
0.546066
0.450327
0.377754
0.324721
0.287113
0.260593
0.241409
0.226903
0.215469
0.206227
0.198689
0.192539
0.187534
0.183467
0.180165
0.177485
0.175308
0.173541
0.172107
0.170944
0.17
0.169234
0.168614
0.168111
0.167703
0.167372
0.167104
0.166887
0.166711
0.166568
0.166452
0.166357
0.16628
0.166216
0.166164
0.166121
0.166085
0.166055
0.16603
0.166008
0.165989
0.165973
0.165958
0.165945
0.165933
0.165922
0.165912
0.165902
0.165893
0.165884
0.165875
0.165867
0.165858
0.16585
0.165842
0.165835
0.165827
0.16582
0.165812
0.165805
0.165798
0.16579
0.165783
0.165776
0.16577
0.165763
0.165756
0.165749
0.165743
0.165737
0.165726
0.487909
1.199
1.56451
1.88907
2.20645
2.51691
2.81258
3.08736
3.33979
3.57402
3.79784
4.0181
4.23267
4.42821
4.58178
4.66718
4.66479
4.56653
4.37363
4.09363
3.74033
3.33365
2.89725
2.45642
2.03575
1.65603
1.33085
1.06445
0.852588
0.686336
0.556432
0.456019
0.380645
0.326465
0.288891
0.262925
0.244284
0.230073
0.218683
0.209325
0.201601
0.195246
0.190038
0.185775
0.182286
0.179427
0.177083
0.175161
0.173584
0.17229
0.171228
0.170356
0.169639
0.16905
0.168565
0.168165
0.167835
0.167563
0.167338
0.167151
0.166996
0.166867
0.166759
0.166668
0.166591
0.166526
0.166471
0.166424
0.166383
0.166347
0.166316
0.166288
0.166264
0.166242
0.166222
0.166204
0.166188
0.166172
0.166158
0.166145
0.166132
0.16612
0.166109
0.166098
0.166088
0.166078
0.166068
0.166059
0.16605
0.166041
0.166033
0.166025
0.166017
0.166009
0.166001
0.165993
0.165986
0.165979
0.165973
0.16596
0.679158
1.51863
1.96062
2.33554
2.68167
2.9946
3.26303
3.48087
3.65113
3.78658
3.90648
4.03051
4.17482
4.34102
4.50878
4.6395
4.6951
4.65665
4.52153
4.29451
3.98636
3.6132
3.19538
2.75578
2.31816
1.90538
1.53681
1.22491
0.972685
0.77465
0.620995
0.50235
0.412263
0.346514
0.300905
0.270273
0.249392
0.234237
0.222403
0.212728
0.204709
0.198086
0.192651
0.188205
0.184569
0.181593
0.179156
0.177158
0.17552
0.174179
0.17308
0.172179
0.171442
0.170838
0.170344
0.169939
0.169607
0.169335
0.169112
0.168929
0.168779
0.168655
0.168552
0.168467
0.168397
0.168338
0.168289
0.168247
0.168212
0.168181
0.168155
0.168132
0.168112
0.168094
0.168078
0.168064
0.16805
0.168038
0.168026
0.168015
0.168005
0.167995
0.167986
0.167977
0.167968
0.16796
0.167952
0.167944
0.167936
0.167928
0.167921
0.167913
0.167906
0.167899
0.167892
0.167885
0.167879
0.167872
0.167867
0.167855
0.818818
1.71193
2.19518
2.59039
2.93564
3.22273
3.43785
3.57317
3.63115
3.62677
3.58817
3.55389
3.56506
3.65046
3.81271
4.01624
4.18717
4.2673
4.23907
4.10625
3.88026
3.57743
3.21768
2.82273
2.4146
2.01485
1.64364
1.31747
1.04578
0.828967
0.660254
0.530257
0.431174
0.357949
0.306586
0.272308
0.24968
0.233995
0.222168
0.212634
0.204741
0.198209
0.192846
0.188466
0.184892
0.181971
0.179581
0.177625
0.176024
0.174714
0.173643
0.172768
0.172053
0.17147
0.170995
0.170607
0.170292
0.170035
0.169826
0.169656
0.169517
0.169404
0.169312
0.169237
0.169175
0.169125
0.169083
0.169048
0.169019
0.168995
0.168974
0.168956
0.16894
0.168926
0.168914
0.168902
0.168892
0.168882
0.168873
0.168865
0.168856
0.168848
0.168841
0.168833
0.168826
0.168819
0.168812
0.168805
0.168798
0.168791
0.168785
0.168778
0.168772
0.168765
0.168759
0.168753
0.168747
0.168741
0.168736
0.168725
0.913687
1.81746
2.31536
2.70998
3.03892
3.29297
3.4574
3.52232
3.48711
3.36504
3.18946
3.01587
2.88655
2.82436
2.86277
3.05443
3.34423
3.58666
3.70353
3.68832
3.55935
3.33958
3.05245
2.72052
2.36477
2.00471
1.65894
1.34441
1.0738
0.852523
0.6781
0.543248
0.440265
0.363553
0.309044
0.27237
0.248371
0.232192
0.220387
0.211072
0.203429
0.197123
0.191958
0.187751
0.184328
0.181539
0.17926
0.177398
0.175875
0.174631
0.173617
0.172789
0.172115
0.171567
0.171122
0.17076
0.170468
0.170231
0.170039
0.169885
0.16976
0.16966
0.169579
0.169513
0.169461
0.169418
0.169383
0.169355
0.169332
0.169312
0.169296
0.169282
0.16927
0.16926
0.169251
0.169242
0.169234
0.169227
0.16922
0.169213
0.169206
0.1692
0.169193
0.169187
0.169181
0.169175
0.169169
0.169163
0.169157
0.16915
0.169145
0.169139
0.169133
0.169127
0.169121
0.169115
0.16911
0.169104
0.169099
0.169089
0.968489
1.86589
2.36865
2.7591
3.07571
3.31147
3.45369
3.49426
3.43468
3.29213
3.10522
2.92748
2.76319
2.5701
2.34295
2.25413
2.47564
2.8313
3.08794
3.18462
3.14432
3.001
2.78382
2.51681
2.21995
1.9105
1.6046
1.31775
1.06338
0.849792
0.678291
0.544485
0.441917
0.365075
0.309815
0.272061
0.247117
0.230391
0.21842
0.20918
0.201718
0.195623
0.190665
0.186651
0.183404
0.180771
0.178628
0.176882
0.17546
0.174301
0.173358
0.172592
0.17197
0.171466
0.171059
0.17073
0.170466
0.170253
0.170083
0.169947
0.169839
0.169752
0.169684
0.16963
0.169587
0.169553
0.169525
0.169504
0.169487
0.169473
0.169461
0.169452
0.169444
0.169437
0.16943
0.169425
0.169419
0.169414
0.169409
0.169404
0.169399
0.169394
0.169389
0.169383
0.169378
0.169373
0.169368
0.169362
0.169357
0.169352
0.169346
0.169341
0.169335
0.16933
0.169324
0.169319
0.169314
0.169308
0.169304
0.169294
0.992365
1.86904
2.39625
2.79813
3.12208
3.36607
3.52159
3.58522
3.56352
3.47782
3.36338
3.24281
3.09289
2.836
2.40209
1.94887
1.88163
2.19981
2.52901
2.69933
2.72097
2.63549
2.47609
2.26685
2.02587
1.76781
1.50607
1.25407
1.02447
0.826732
0.664729
0.536749
0.438049
0.363708
0.309656
0.272038
0.246653
0.229401
0.21708
0.207702
0.200253
0.19425
0.189418
0.185543
0.182435
0.179934
0.177916
0.176282
0.174959
0.173889
0.173023
0.172323
0.17176
0.171306
0.170943
0.170652
0.170421
0.170237
0.170092
0.169977
0.169888
0.169819
0.169765
0.169724
0.169692
0.169668
0.16965
0.169637
0.169627
0.169619
0.169613
0.169608
0.169605
0.169602
0.169599
0.169596
0.169593
0.169591
0.169588
0.169585
0.169581
0.169578
0.169574
0.16957
0.169566
0.169562
0.169558
0.169553
0.169549
0.169544
0.169539
0.169534
0.169529
0.169524
0.16952
0.169515
0.16951
0.169504
0.1695
0.169491
0.986585
1.8419
2.41947
2.85947
3.21607
3.49221
3.68343
3.79009
3.82044
3.79138
3.72242
3.61439
3.43339
3.08832
2.4995
1.83769
1.55943
1.77524
2.09525
2.28468
2.33496
2.28611
2.17013
2.00847
1.81617
1.60497
1.38567
1.16948
0.967774
0.790035
0.641546
0.522635
0.430231
0.360237
0.308815
0.272326
0.247047
0.229446
0.216726
0.207071
0.199477
0.193422
0.188593
0.184753
0.1817
0.179266
0.177321
0.175764
0.174515
0.173515
0.172714
0.172074
0.171565
0.17116
0.170839
0.170587
0.17039
0.170236
0.170118
0.170027
0.169959
0.169908
0.169871
0.169845
0.169826
0.169814
0.169806
0.169802
0.1698
0.1698
0.1698
0.169802
0.169803
0.169804
0.169806
0.169807
0.169807
0.169807
0.169807
0.169806
0.169805
0.169804
0.169802
0.169799
0.169796
0.169793
0.16979
0.169787
0.169783
0.169779
0.169775
0.169771
0.169766
0.169762
0.169757
0.169753
0.169748
0.169744
0.16974
0.169731
0.951191
1.79396
2.43933
2.93877
3.34554
3.66475
3.89436
4.03671
4.09921
4.09254
4.02479
3.88679
3.62965
3.14488
2.3866
1.62724
1.32587
1.50598
1.78156
1.94871
2.00128
1.9724
1.8878
1.76401
1.61225
1.44136
1.25984
1.077
0.902738
0.746028
0.612733
0.504543
0.419766
0.355148
0.307198
0.272533
0.247868
0.230217
0.217222
0.207294
0.199499
0.193305
0.188382
0.18448
0.18139
0.178944
0.177004
0.175465
0.174245
0.173279
0.172515
0.171913
0.171441
0.171072
0.170785
0.170565
0.170397
0.17027
0.170177
0.170109
0.170061
0.170028
0.170008
0.169996
0.169991
0.169991
0.169994
0.17
0.170006
0.170014
0.170021
0.170029
0.170036
0.170042
0.170048
0.170053
0.170057
0.17006
0.170063
0.170065
0.170066
0.170066
0.170066
0.170065
0.170064
0.170062
0.17006
0.170058
0.170055
0.170052
0.170048
0.170045
0.170041
0.170037
0.170033
0.170029
0.170025
0.170021
0.170017
0.170009
0.885887
1.72982
2.44968
3.01335
3.46919
3.82526
4.08129
4.24056
4.3095
4.29535
4.19887
3.99774
3.61758
2.94681
2.04566
1.31638
1.12905
1.3245
1.54754
1.67603
1.71851
1.70013
1.63848
1.54448
1.42565
1.2883
1.13905
0.985571
0.836439
0.699845
0.581735
0.484619
0.40784
0.348909
0.304742
0.272259
0.248582
0.2312
0.218151
0.208077
0.200131
0.193801
0.188755
0.184741
0.181557
0.179035
0.177041
0.175465
0.174223
0.173246
0.172482
0.171887
0.171426
0.171072
0.170802
0.170599
0.170449
0.17034
0.170264
0.170213
0.17018
0.170162
0.170155
0.170156
0.170163
0.170173
0.170186
0.1702
0.170215
0.170229
0.170243
0.170257
0.170269
0.17028
0.17029
0.170299
0.170307
0.170313
0.170318
0.170322
0.170326
0.170328
0.17033
0.17033
0.17033
0.17033
0.170329
0.170327
0.170325
0.170323
0.170321
0.170318
0.170315
0.170311
0.170308
0.170304
0.1703
0.170296
0.170293
0.170286
0.795823
1.65451
2.45247
3.07084
3.55635
3.92743
4.18815
4.34228
4.39493
4.34993
4.19606
3.88716
3.32503
2.46105
1.53661
1.00093
0.990122
1.19117
1.35834
1.44928
1.48044
1.4687
1.42438
1.35369
1.26119
1.15121
1.02887
0.900479
0.773419
0.655049
0.551118
0.464568
0.395486
0.342034
0.301564
0.271333
0.248838
0.231968
0.219085
0.209031
0.201048
0.19465
0.189514
0.185398
0.18211
0.179489
0.177407
0.175758
0.174456
0.173434
0.172635
0.172015
0.171537
0.171173
0.170898
0.170695
0.170547
0.170442
0.170371
0.170326
0.170301
0.17029
0.170291
0.170299
0.170312
0.170329
0.170349
0.170369
0.170389
0.170408
0.170427
0.170445
0.170461
0.170476
0.170489
0.170501
0.170511
0.17052
0.170527
0.170533
0.170538
0.170542
0.170545
0.170547
0.170548
0.170548
0.170548
0.170547
0.170546
0.170544
0.170542
0.17054
0.170537
0.170534
0.170531
0.170528
0.170524
0.170521
0.170518
0.17051
0.694601
1.61124
2.48961
3.13394
3.60966
3.95715
4.18866
4.30826
4.3182
4.2102
3.9504
3.46743
2.69299
1.74691
1.01418
0.785916
0.907335
1.07826
1.19516
1.25802
1.28138
1.27494
1.24389
1.19127
1.11958
1.03172
0.931536
0.824222
0.7161
0.613721
0.522493
0.445548
0.383485
0.335013
0.297919
0.269816
0.248543
0.232316
0.219756
0.209863
0.201956
0.195579
0.190419
0.186247
0.182882
0.180175
0.178006
0.176274
0.174897
0.173809
0.172954
0.172287
0.17177
0.171375
0.171076
0.170853
0.17069
0.170575
0.170496
0.170446
0.170417
0.170405
0.170404
0.170412
0.170426
0.170445
0.170465
0.170487
0.170508
0.17053
0.17055
0.17057
0.170587
0.170604
0.170618
0.170631
0.170643
0.170653
0.170661
0.170668
0.170674
0.170678
0.170682
0.170684
0.170686
0.170687
0.170687
0.170687
0.170686
0.170684
0.170683
0.17068
0.170678
0.170675
0.170672
0.170669
0.170666
0.170662
0.170659
0.170652
0.620725
1.67026
2.61378
3.25071
3.65876
3.91667
4.05967
4.0958
4.01353
3.77966
3.34267
2.6543
1.78299
1.01835
0.664953
0.697449
0.846711
0.971686
1.05218
1.09747
1.11661
1.1145
1.09346
1.05471
0.999411
0.92931
0.847269
0.757506
0.66542
0.576809
0.496684
0.428209
0.372336
0.328231
0.294096
0.267896
0.247782
0.232233
0.220073
0.210427
0.202678
0.196394
0.191276
0.187103
0.183705
0.180946
0.178711
0.176909
0.175463
0.174307
0.173389
0.172666
0.172099
0.17166
0.171323
0.171068
0.170878
0.17074
0.170642
0.170576
0.170534
0.170511
0.170501
0.170502
0.17051
0.170523
0.17054
0.170558
0.170577
0.170596
0.170615
0.170633
0.17065
0.170665
0.170679
0.170691
0.170702
0.170711
0.170719
0.170726
0.170731
0.170736
0.170739
0.170742
0.170743
0.170744
0.170744
0.170744
0.170743
0.170741
0.170739
0.170737
0.170734
0.170732
0.170729
0.170725
0.170722
0.170718
0.170715
0.170708
0.257979
1.90533
2.95226
3.43437
3.6207
3.67149
3.64229
3.52403
3.28066
2.87219
2.27526
1.54801
0.896604
0.557357
0.546958
0.665164
0.783518
0.871361
0.929494
0.964507
0.981313
0.982449
0.968844
0.940703
0.898265
0.842429
0.775217
0.700017
0.621418
0.544534
0.473968
0.412827
0.362305
0.321949
0.290345
0.265794
0.246719
0.231818
0.220073
0.210708
0.203156
0.197009
0.191976
0.187847
0.184459
0.181682
0.179413
0.177565
0.176065
0.174853
0.17388
0.173102
0.172485
0.171999
0.171619
0.171326
0.171102
0.170934
0.17081
0.170721
0.170659
0.170618
0.170593
0.170581
0.170578
0.170581
0.170589
0.1706
0.170612
0.170626
0.17064
0.170653
0.170666
0.170678
0.170689
0.170699
0.170708
0.170715
0.170722
0.170727
0.170731
0.170734
0.170737
0.170738
0.170739
0.170739
0.170739
0.170738
0.170736
0.170734
0.170732
0.170729
0.170727
0.170724
0.17072
0.170717
0.170713
0.17071
0.170707
0.170699
)
;

boundaryField
{
    outlet
    {
        type            zeroGradient;
    }
    inlet
    {
        type            fixedValue;
        value           uniform 0.2;
    }
    lowerWall
    {
        type            kqRWallFunction;
        value           nonuniform List<scalar> 
148
(
0.196709
0.190616
0.184996
0.17973
0.174809
0.170265
0.166131
0.162421
0.159127
0.15623
0.153699
0.151501
0.149601
0.147965
0.14656
0.145356
0.144326
0.143444
0.142687
0.142034
0.141473
0.140989
0.140571
0.14021
0.139898
0.139628
0.13939
0.139218
0.138979
0.139327
0.137387
0.14643
0.105948
0.0654293
0.253256
0.487909
0.679158
0.818818
0.913687
0.968489
0.992365
0.986585
0.951191
0.885887
0.795823
0.694601
0.620725
0.257979
0.0654293
0.140145
0.226929
0.342344
0.483752
0.64056
0.801435
0.958514
1.10709
1.24465
1.37048
1.4835
1.57171
1.62943
1.65252
1.6383
1.5866
1.5004
1.38591
1.25226
1.10972
0.96529
0.82636
0.699893
0.590248
0.498722
0.424326
0.365035
0.318801
0.283903
0.25875
0.241582
0.230468
0.223583
0.21948
0.217179
0.216079
0.215821
0.216177
0.216984
0.218116
0.219474
0.220977
0.222563
0.224185
0.225804
0.227396
0.228939
0.230421
0.231832
0.233165
0.234419
0.235593
0.236686
0.237701
0.23864
0.239507
0.240304
0.241037
0.241708
0.242322
0.242882
0.243393
0.243857
0.244279
0.244662
0.245009
0.245322
0.245605
0.245861
0.246091
0.246298
0.246484
0.246652
0.246802
0.246937
0.247057
0.247165
0.247262
0.247349
0.247426
0.247495
0.247557
0.247612
0.247662
0.247706
0.247746
0.247781
0.247813
0.247842
0.247868
0.247891
0.247912
0.247931
0.247949
0.247965
0.247979
0.247993
0.248004
0.248022
)
;
    }
    upperWall
    {
        type            kqRWallFunction;
        value           nonuniform List<scalar> 
133
(
0.205419
0.216603
0.227664
0.238507
0.249096
0.259416
0.269453
0.279195
0.288634
0.297759
0.306567
0.315051
0.323208
0.331038
0.33854
0.345714
0.352562
0.359087
0.365292
0.37118
0.376755
0.382023
0.386988
0.391653
0.396026
0.400111
0.40392
0.407464
0.410757
0.413814
0.416644
0.419247
0.421622
0.42406
0.426406
0.428182
0.429223
0.429392
0.428614
0.426908
0.424381
0.421213
0.417606
0.413739
0.409735
0.405653
0.401501
0.397266
0.392929
0.388484
0.383939
0.379313
0.374633
0.369928
0.365232
0.360578
0.355995
0.351513
0.347155
0.342933
0.338853
0.33491
0.331097
0.327409
0.323846
0.320413
0.317117
0.313962
0.31095
0.308081
0.305351
0.302758
0.300301
0.297978
0.295786
0.293724
0.291788
0.289975
0.288281
0.286702
0.285234
0.283871
0.28261
0.281444
0.280369
0.27938
0.278471
0.277638
0.276875
0.276179
0.275543
0.274965
0.274439
0.273962
0.27353
0.273139
0.272786
0.272468
0.272182
0.271926
0.271695
0.27149
0.271306
0.271142
0.270996
0.270867
0.270753
0.270652
0.270563
0.270485
0.270417
0.270357
0.270306
0.270261
0.270223
0.27019
0.270162
0.270139
0.270119
0.270103
0.27009
0.270079
0.270071
0.270065
0.270061
0.270058
0.270056
0.270056
0.270057
0.270058
0.270061
0.270063
0.270069
)
;
    }
    frontAndBack
    {
        type            empty;
    }
}


// ************************************************************************* //
