/*--------------------------------*- C++ -*----------------------------------*\
  =========                 |
  \\      /  F ield         | OpenFOAM: The Open Source CFD Toolbox
   \\    /   O peration     | Website:  https://openfoam.org
    \\  /    A nd           | Version:  10
     \\/     M anipulation  |
\*---------------------------------------------------------------------------*/
FoamFile
{
    format      ascii;
    class       volScalarField;
    location    "0.155";
    object      nut;
}
// * * * * * * * * * * * * * * * * * * * * * * * * * * * * * * * * * * * * * //

dimensions      [0 2 -1 0 0 0 0];

internalField   nonuniform List<scalar> 
6820
(
0.000503208
0.000397088
0.000324552
0.000269441
0.000236608
0.000214258
0.000197677
0.000184995
0.000174752
0.000166152
0.000158748
0.000152246
0.00014645
0.000141224
0.000136468
0.000132105
0.000128079
0.000124344
0.000120866
0.000117615
0.000114569
0.000111707
0.000109013
0.000106475
0.000104078
0.000101812
9.9663e-05
9.76232e-05
9.56641e-05
9.38234e-05
9.19697e-05
9.02998e-05
8.7747e-05
8.18462e-05
0.000143711
0.000196397
0.000210819
0.000206407
0.000197567
0.000187329
0.00017745
0.000168516
0.000160511
0.000153333
0.000146865
0.000140996
0.000135639
0.00013072
0.000126181
0.000121971
0.000118051
0.000114384
0.000110943
0.000107703
0.000104643
0.000101744
9.89904e-05
9.6373e-05
9.38765e-05
9.1498e-05
8.92264e-05
8.70678e-05
8.49885e-05
8.30955e-05
8.11764e-05
8.02335e-05
3.85914e-05
2.74007e-05
4.30191e-05
7.44081e-05
9.57943e-05
0.000109142
0.000116383
0.000119682
0.000120615
0.000120085
0.000118649
0.000116657
0.000114328
0.000111807
0.000109185
0.000106522
0.00010386
0.000101224
9.86322e-05
9.60953e-05
9.36202e-05
9.12108e-05
8.88692e-05
8.6595e-05
8.4389e-05
8.22508e-05
8.01764e-05
7.81704e-05
7.6234e-05
7.43733e-05
7.26006e-05
7.09117e-05
6.94076e-05
1.99672e-05
2.35353e-05
2.2086e-05
1.28234e-05
2.92979e-06
1.23323e-05
2.28182e-05
3.14414e-05
3.83853e-05
4.39033e-05
4.82364e-05
5.15981e-05
5.4162e-05
5.60648e-05
5.74252e-05
5.83402e-05
5.88889e-05
5.91363e-05
5.91357e-05
5.89308e-05
5.85578e-05
5.80466e-05
5.74219e-05
5.67046e-05
5.59118e-05
5.50602e-05
5.41625e-05
5.32315e-05
5.22814e-05
5.13235e-05
5.03726e-05
4.94549e-05
4.86062e-05
1.32428e-05
1.50928e-05
1.99415e-05
2.2034e-05
2.14837e-05
1.95474e-05
1.69336e-05
1.40086e-05
1.09878e-05
7.99864e-06
5.12453e-06
2.44032e-06
6.53433e-07
2.58062e-06
4.65082e-06
6.52902e-06
8.20589e-06
9.68805e-06
1.09862e-05
1.21127e-05
1.308e-05
1.39008e-05
1.45875e-05
1.51517e-05
1.56047e-05
1.59577e-05
1.6222e-05
1.64084e-05
1.65284e-05
1.6598e-05
1.66269e-05
1.66356e-05
1.66098e-05
1.01879e-05
1.10343e-05
1.18651e-05
1.26635e-05
1.32938e-05
1.38309e-05
1.42215e-05
1.44321e-05
1.44754e-05
1.43736e-05
1.41485e-05
1.3823e-05
1.3419e-05
1.29509e-05
1.2437e-05
1.18933e-05
1.1333e-05
1.07676e-05
1.02063e-05
9.65643e-06
9.12377e-06
8.61263e-06
8.12613e-06
7.66639e-06
7.23449e-06
6.83061e-06
6.45376e-06
6.10313e-06
5.77524e-06
5.46934e-06
5.17916e-06
4.92498e-06
4.69644e-06
7.53058e-06
8.26636e-06
8.70068e-06
8.93891e-06
8.83669e-06
8.63296e-06
8.47163e-06
8.38415e-06
8.3641e-06
8.38709e-06
8.42631e-06
8.46329e-06
8.48845e-06
8.5e-06
8.49504e-06
8.47233e-06
8.43215e-06
8.37548e-06
8.30368e-06
8.21827e-06
8.12079e-06
8.01273e-06
7.89549e-06
7.77032e-06
7.63822e-06
7.50013e-06
7.35649e-06
7.2088e-06
7.05718e-06
6.90774e-06
6.7649e-06
6.64948e-06
6.56473e-06
5.746e-06
6.62793e-06
7.03722e-06
7.15401e-06
6.90511e-06
6.54648e-06
6.21983e-06
5.9499e-06
5.73519e-06
5.56644e-06
5.43153e-06
5.32088e-06
5.22741e-06
5.14585e-06
5.07278e-06
5.00584e-06
4.94315e-06
4.88311e-06
4.82449e-06
4.76634e-06
4.70796e-06
4.64882e-06
4.58856e-06
4.52694e-06
4.46385e-06
4.39934e-06
4.33397e-06
4.26928e-06
4.20714e-06
4.1526e-06
4.10882e-06
4.0935e-06
4.11232e-06
4.46976e-06
5.26469e-06
5.57661e-06
5.73671e-06
5.65885e-06
5.45438e-06
5.21476e-06
4.97475e-06
4.75387e-06
4.56013e-06
4.3919e-06
4.2449e-06
4.11518e-06
3.99953e-06
3.8954e-06
3.80072e-06
3.71387e-06
3.63364e-06
3.55907e-06
3.48944e-06
3.42415e-06
3.36273e-06
3.30482e-06
3.25018e-06
3.19874e-06
3.15069e-06
3.10659e-06
3.06743e-06
3.03504e-06
3.01406e-06
3.00903e-06
3.03147e-06
3.08714e-06
3.53847e-06
4.25389e-06
4.55234e-06
4.72406e-06
4.69531e-06
4.53874e-06
4.343e-06
4.14747e-06
3.96897e-06
3.8123e-06
3.67503e-06
3.55342e-06
3.44453e-06
3.34604e-06
3.2562e-06
3.17374e-06
3.09775e-06
3.02753e-06
2.96248e-06
2.90215e-06
2.84614e-06
2.79418e-06
2.74608e-06
2.7018e-06
2.66148e-06
2.62548e-06
2.59453e-06
2.57018e-06
2.55449e-06
2.55103e-06
2.56323e-06
2.59759e-06
2.65885e-06
2.84589e-06
3.47503e-06
3.75604e-06
3.91716e-06
3.92534e-06
3.82679e-06
3.68651e-06
3.53529e-06
3.38799e-06
3.25199e-06
3.12901e-06
3.01845e-06
2.91915e-06
2.82979e-06
2.7491e-06
2.676e-06
2.60955e-06
2.54898e-06
2.49366e-06
2.44308e-06
2.3969e-06
2.35485e-06
2.31682e-06
2.28286e-06
2.25318e-06
2.2283e-06
2.20903e-06
2.19672e-06
2.19303e-06
2.20058e-06
2.22195e-06
2.26043e-06
2.32004e-06
2.31726e-06
2.86573e-06
3.1451e-06
3.31197e-06
3.35345e-06
3.29458e-06
3.18557e-06
3.05757e-06
2.9281e-06
2.80655e-06
2.69602e-06
2.5966e-06
2.50746e-06
2.42751e-06
2.35562e-06
2.29081e-06
2.2323e-06
2.17942e-06
2.13166e-06
2.08862e-06
2.05001e-06
2.01561e-06
1.98541e-06
1.95946e-06
1.93802e-06
1.92156e-06
1.91081e-06
1.90686e-06
1.91104e-06
1.92503e-06
1.95041e-06
1.98816e-06
2.04171e-06
1.90399e-06
2.38394e-06
2.66482e-06
2.83581e-06
2.89819e-06
2.87016e-06
2.79179e-06
2.69128e-06
2.58459e-06
2.48056e-06
2.38302e-06
2.29325e-06
2.21149e-06
2.13747e-06
2.07068e-06
2.01056e-06
1.95656e-06
1.90817e-06
1.86497e-06
1.82659e-06
1.79275e-06
1.76331e-06
1.7382e-06
1.71746e-06
1.70132e-06
1.69016e-06
1.68453e-06
1.68518e-06
1.69294e-06
1.70872e-06
1.73332e-06
1.76645e-06
1.81132e-06
1.57329e-06
1.99772e-06
2.28133e-06
2.46018e-06
2.54201e-06
2.54106e-06
2.48823e-06
2.40855e-06
2.31776e-06
2.22548e-06
2.13682e-06
2.05413e-06
1.97835e-06
1.90961e-06
1.84765e-06
1.79204e-06
1.74232e-06
1.69805e-06
1.65883e-06
1.62435e-06
1.59437e-06
1.56874e-06
1.54739e-06
1.53035e-06
1.51776e-06
1.50988e-06
1.50706e-06
1.50973e-06
1.51833e-06
1.5332e-06
1.55468e-06
1.58171e-06
1.61737e-06
1.30275e-06
1.68475e-06
1.97153e-06
2.1594e-06
2.25675e-06
2.27676e-06
2.24469e-06
2.1833e-06
2.10791e-06
2.02807e-06
1.94922e-06
1.87418e-06
1.80432e-06
1.74021e-06
1.68191e-06
1.6293e-06
1.58212e-06
1.5401e-06
1.50295e-06
1.47043e-06
1.44233e-06
1.4185e-06
1.39887e-06
1.38341e-06
1.37219e-06
1.36531e-06
1.36294e-06
1.36522e-06
1.37231e-06
1.38415e-06
1.40076e-06
1.4207e-06
1.44702e-06
1.07675e-06
1.42853e-06
1.71875e-06
1.91623e-06
2.02753e-06
2.06577e-06
2.0521e-06
2.00681e-06
1.94443e-06
1.87449e-06
1.80291e-06
1.73314e-06
1.66716e-06
1.60595e-06
1.54993e-06
1.49917e-06
1.45356e-06
1.41291e-06
1.37699e-06
1.34558e-06
1.31849e-06
1.29556e-06
1.27666e-06
1.26172e-06
1.2507e-06
1.24359e-06
1.24037e-06
1.24099e-06
1.24539e-06
1.25326e-06
1.26448e-06
1.27745e-06
1.29517e-06
8.84241e-07
1.21711e-06
1.51144e-06
1.71856e-06
1.84227e-06
1.89578e-06
1.8975e-06
1.86579e-06
1.8146e-06
1.75348e-06
1.68862e-06
1.62389e-06
1.56157e-06
1.50297e-06
1.44872e-06
1.3991e-06
1.35414e-06
1.31378e-06
1.27786e-06
1.24624e-06
1.21875e-06
1.19523e-06
1.17554e-06
1.15957e-06
1.1472e-06
1.13832e-06
1.1328e-06
1.13044e-06
1.13104e-06
1.13417e-06
1.13962e-06
1.14579e-06
1.15558e-06
7.17346e-07
1.04191e-06
1.3414e-06
1.55773e-06
1.69266e-06
1.75941e-06
1.7746e-06
1.75492e-06
1.71364e-06
1.66016e-06
1.60087e-06
1.53995e-06
1.48006e-06
1.42282e-06
1.36916e-06
1.31955e-06
1.2742e-06
1.23314e-06
1.19632e-06
1.16361e-06
1.13487e-06
1.10993e-06
1.08864e-06
1.07083e-06
1.05632e-06
1.04493e-06
1.03644e-06
1.03056e-06
1.02701e-06
1.02529e-06
1.02518e-06
1.02515e-06
1.02798e-06
5.70654e-07
8.97245e-07
1.203e-06
1.42783e-06
1.57279e-06
1.65096e-06
1.67768e-06
1.66824e-06
1.63528e-06
1.58812e-06
1.53328e-06
1.47524e-06
1.41695e-06
1.36029e-06
1.30642e-06
1.25598e-06
1.20933e-06
1.1666e-06
1.12782e-06
1.09291e-06
1.06178e-06
1.03427e-06
1.01023e-06
9.89462e-07
9.71776e-07
9.56936e-07
9.44678e-07
9.34686e-07
9.26627e-07
9.20006e-07
9.14604e-07
9.09004e-07
9.05813e-07
4.41138e-07
7.79896e-07
1.09257e-06
1.32488e-06
1.47868e-06
1.56675e-06
1.60347e-06
1.60302e-06
1.57742e-06
1.53582e-06
1.48485e-06
1.42917e-06
1.37198e-06
1.3154e-06
1.26077e-06
1.20894e-06
1.16039e-06
1.11538e-06
1.074e-06
1.03624e-06
1.00204e-06
9.71287e-07
9.43818e-07
9.19453e-07
8.97978e-07
8.79148e-07
8.62686e-07
8.48266e-07
8.35555e-07
8.24078e-07
8.13646e-07
8.02941e-07
7.94456e-07
3.29313e-07
6.89086e-07
1.00806e-06
1.2464e-06
1.40762e-06
1.50404e-06
1.54912e-06
1.55606e-06
1.53629e-06
1.49878e-06
1.45023e-06
1.39549e-06
1.338e-06
1.2801e-06
1.22336e-06
1.1688e-06
1.11705e-06
1.06848e-06
1.02326e-06
9.81474e-07
9.43093e-07
9.08039e-07
8.76186e-07
8.47369e-07
8.21391e-07
7.98018e-07
7.76988e-07
7.57993e-07
7.40722e-07
7.24746e-07
7.09897e-07
6.95015e-07
6.82323e-07
2.43356e-07
6.26236e-07
9.48739e-07
1.19121e-06
1.35848e-06
1.46203e-06
1.51445e-06
1.52806e-06
1.51373e-06
1.48025e-06
1.43429e-06
1.38082e-06
1.32344e-06
1.26464e-06
1.20615e-06
1.14912e-06
1.0943e-06
1.04217e-06
9.92986e-07
9.4689e-07
9.03921e-07
8.64055e-07
8.27213e-07
7.93276e-07
7.62089e-07
7.33465e-07
7.07186e-07
6.82996e-07
6.60634e-07
6.39734e-07
6.20172e-07
6.00894e-07
5.84017e-07
2.06562e-07
5.94162e-07
9.14687e-07
1.15868e-06
1.33006e-06
1.43885e-06
1.49657e-06
1.51468e-06
1.50352e-06
1.47167e-06
1.42587e-06
1.37124e-06
1.31157e-06
1.24957e-06
1.18717e-06
1.1257e-06
1.06603e-06
1.00873e-06
9.54173e-07
9.02545e-07
8.53945e-07
8.08393e-07
7.65853e-07
7.26252e-07
6.89483e-07
6.55411e-07
6.23876e-07
5.94687e-07
5.67646e-07
5.42469e-07
5.19063e-07
4.9657e-07
4.76768e-07
2.40485e-07
5.95668e-07
9.06976e-07
1.14992e-06
1.32425e-06
1.4379e-06
1.50117e-06
1.52462e-06
1.51803e-06
1.48963e-06
1.44604e-06
1.39238e-06
1.33248e-06
1.26919e-06
1.20453e-06
1.13994e-06
1.07643e-06
1.01467e-06
9.55105e-07
8.98025e-07
8.43595e-07
7.91903e-07
7.4298e-07
6.96816e-07
6.53374e-07
6.12593e-07
5.74392e-07
5.38671e-07
5.05325e-07
4.74174e-07
4.45204e-07
4.17698e-07
3.93353e-07
3.27656e-07
6.31356e-07
9.26077e-07
1.16434e-06
1.33853e-06
1.45358e-06
1.5183e-06
1.54246e-06
1.53543e-06
1.5054e-06
1.45909e-06
1.40178e-06
1.33753e-06
1.26936e-06
1.19943e-06
1.12932e-06
1.06009e-06
9.92473e-07
9.26963e-07
8.63861e-07
8.03353e-07
7.45544e-07
6.90482e-07
6.38184e-07
5.88646e-07
5.41853e-07
4.97782e-07
4.56408e-07
4.17707e-07
3.81619e-07
3.48188e-07
3.17002e-07
2.8933e-07
4.44312e-07
7.00162e-07
9.74459e-07
1.20722e-06
1.38263e-06
1.50223e-06
1.57301e-06
1.60351e-06
1.60224e-06
1.5768e-06
1.5336e-06
1.47786e-06
1.41365e-06
1.34411e-06
1.27161e-06
1.19788e-06
1.12419e-06
1.05144e-06
9.80243e-07
9.11034e-07
8.44086e-07
7.79575e-07
7.17605e-07
6.58234e-07
6.01489e-07
5.47381e-07
4.95911e-07
4.47076e-07
4.00875e-07
3.57289e-07
3.16371e-07
2.77874e-07
2.42714e-07
5.81842e-07
7.99833e-07
1.05081e-06
1.27282e-06
1.44208e-06
1.55659e-06
1.62211e-06
1.64692e-06
1.63966e-06
1.60814e-06
1.55898e-06
1.49751e-06
1.42786e-06
1.35318e-06
1.27578e-06
1.19736e-06
1.11913e-06
1.04195e-06
9.66402e-07
8.92887e-07
8.21674e-07
7.52937e-07
6.86787e-07
6.23292e-07
5.62498e-07
5.04433e-07
4.49121e-07
3.96581e-07
3.46831e-07
2.99891e-07
2.55776e-07
2.14506e-07
1.761e-07
7.39935e-07
9.31118e-07
1.16365e-06
1.38239e-06
1.55771e-06
1.68315e-06
1.76127e-06
1.79807e-06
1.8007e-06
1.77624e-06
1.73111e-06
1.67085e-06
1.6e-06
1.52218e-06
1.44018e-06
1.35614e-06
1.27164e-06
1.18781e-06
1.10547e-06
1.02519e-06
9.47353e-07
8.7223e-07
7.99997e-07
7.30775e-07
6.64656e-07
6.01714e-07
5.42021e-07
4.85651e-07
4.32694e-07
3.83248e-07
3.37442e-07
2.95466e-07
2.57143e-07
9.22547e-07
1.09408e-06
1.30284e-06
1.5013e-06
1.65671e-06
1.76216e-06
1.82161e-06
1.84256e-06
1.83287e-06
1.7996e-06
1.74871e-06
1.68505e-06
1.61247e-06
1.53398e-06
1.4519e-06
1.36803e-06
1.28374e-06
1.20006e-06
1.11778e-06
1.03751e-06
9.59682e-07
8.84649e-07
8.12678e-07
7.43987e-07
6.78766e-07
6.17184e-07
5.59413e-07
5.05623e-07
4.56004e-07
4.10753e-07
3.70071e-07
3.34303e-07
3.02837e-07
1.1361e-06
1.29902e-06
1.50597e-06
1.72318e-06
1.91036e-06
2.0499e-06
2.13846e-06
2.18016e-06
2.1822e-06
2.15259e-06
2.099e-06
2.02811e-06
1.94541e-06
1.85521e-06
1.76082e-06
1.66468e-06
1.56857e-06
1.47377e-06
1.38118e-06
1.29143e-06
1.20495e-06
1.12206e-06
1.04297e-06
9.67867e-07
8.96879e-07
8.30126e-07
7.67715e-07
7.09736e-07
6.56275e-07
6.07355e-07
5.63011e-07
5.23164e-07
4.87185e-07
1.39182e-06
1.54376e-06
1.70974e-06
1.86941e-06
1.99559e-06
2.08298e-06
2.13521e-06
2.15741e-06
2.15399e-06
2.12884e-06
2.08564e-06
2.0279e-06
1.95888e-06
1.88154e-06
1.79849e-06
1.71197e-06
1.62383e-06
1.53558e-06
1.44842e-06
1.36329e-06
1.28089e-06
1.20175e-06
1.12627e-06
1.05473e-06
9.87331e-07
9.24224e-07
8.65501e-07
8.11219e-07
7.6141e-07
7.16063e-07
6.75153e-07
6.38737e-07
6.05633e-07
1.70211e-06
1.87363e-06
2.10055e-06
2.36583e-06
2.59817e-06
2.76042e-06
2.84993e-06
2.87814e-06
2.85881e-06
2.80484e-06
2.72709e-06
2.63388e-06
2.53126e-06
2.42352e-06
2.3136e-06
2.20355e-06
2.09474e-06
1.98814e-06
1.88443e-06
1.7841e-06
1.68751e-06
1.59491e-06
1.5065e-06
1.42241e-06
1.34273e-06
1.2675e-06
1.19674e-06
1.13042e-06
1.06851e-06
1.01087e-06
9.57448e-07
9.07946e-07
8.61764e-07
2.09722e-06
2.22723e-06
2.29398e-06
2.36418e-06
2.44807e-06
2.53827e-06
2.62271e-06
2.68946e-06
2.7299e-06
2.74056e-06
2.72239e-06
2.67898e-06
2.61508e-06
2.53562e-06
2.44514e-06
2.34754e-06
2.24598e-06
2.14293e-06
2.04027e-06
1.93939e-06
1.84126e-06
1.74657e-06
1.65575e-06
1.56907e-06
1.48666e-06
1.40857e-06
1.33478e-06
1.26521e-06
1.19983e-06
1.13859e-06
1.08146e-06
1.02868e-06
9.78739e-07
2.59711e-06
2.89551e-06
3.30226e-06
3.71293e-06
3.98377e-06
4.10181e-06
4.11315e-06
4.0582e-06
3.96316e-06
3.84503e-06
3.7139e-06
3.57521e-06
3.43203e-06
3.28642e-06
3.13998e-06
2.99414e-06
2.85022e-06
2.70946e-06
2.57291e-06
2.44147e-06
2.31579e-06
2.19633e-06
2.08337e-06
1.977e-06
1.87719e-06
1.78377e-06
1.69649e-06
1.61504e-06
1.5391e-06
1.46834e-06
1.40257e-06
1.34166e-06
1.28495e-06
3.2989e-06
3.20388e-06
2.92477e-06
2.87359e-06
3.05217e-06
3.3162e-06
3.5595e-06
3.73373e-06
3.82823e-06
3.85439e-06
3.832e-06
3.78051e-06
3.71558e-06
3.64827e-06
3.58534e-06
3.53017e-06
3.48374e-06
3.4456e-06
3.41457e-06
3.3892e-06
3.36805e-06
3.34981e-06
3.3334e-06
3.31791e-06
3.30265e-06
3.287e-06
3.27053e-06
3.25283e-06
3.23372e-06
3.21312e-06
3.19124e-06
3.16958e-06
3.14613e-06
4.33167e-06
5.5438e-06
6.2881e-06
6.52568e-06
6.41501e-06
6.18882e-06
6.03918e-06
6.05094e-06
6.23102e-06
6.53991e-06
6.92285e-06
7.33146e-06
7.73053e-06
8.0974e-06
8.4194e-06
8.69102e-06
8.91143e-06
9.08264e-06
9.20825e-06
9.29266e-06
9.3405e-06
9.3563e-06
9.34431e-06
9.30835e-06
9.25179e-06
9.17747e-06
9.08779e-06
8.98451e-06
8.8693e-06
8.7428e-06
8.60704e-06
8.4627e-06
8.31321e-06
5.65558e-06
3.58933e-06
2.74574e-06
4.59409e-06
7.31395e-06
9.88653e-06
1.20728e-05
1.3807e-05
1.51005e-05
1.59948e-05
1.65367e-05
1.67748e-05
1.67575e-05
1.65307e-05
1.6136e-05
1.56105e-05
1.49868e-05
1.42924e-05
1.35504e-05
1.27797e-05
1.19956e-05
1.12099e-05
1.04319e-05
9.66837e-06
8.92419e-06
8.20251e-06
7.50514e-06
6.83219e-06
6.18365e-06
5.5555e-06
4.95026e-06
4.35293e-06
3.78358e-06
1.1444e-05
1.65014e-05
1.82554e-05
1.97543e-05
2.02083e-05
1.94383e-05
1.76658e-05
1.51676e-05
1.23063e-05
9.64391e-06
8.11701e-06
8.66235e-06
1.09229e-05
1.39082e-05
1.70459e-05
2.00899e-05
2.29343e-05
2.5535e-05
2.7878e-05
2.99649e-05
3.1806e-05
3.34163e-05
3.48126e-05
3.60127e-05
3.70342e-05
3.78939e-05
3.8608e-05
3.9192e-05
3.96618e-05
4.00329e-05
4.03266e-05
4.0562e-05
4.07915e-05
2.49013e-05
2.8671e-05
3.90364e-05
5.35058e-05
6.7804e-05
8.17659e-05
9.4653e-05
0.000105857
0.000115331
0.000123151
0.000129423
0.000134301
0.000137956
0.000140553
0.000142243
0.000143168
0.000143448
0.000143193
0.000142495
0.000141433
0.000140075
0.000138479
0.00013669
0.000134751
0.000132693
0.000130543
0.000128324
0.000126052
0.000123745
0.000121404
0.000119047
0.000116683
0.000114528
0.000543337
0.000510576
0.000491573
0.000467832
0.000443741
0.000421321
0.000399732
0.000379044
0.000359527
0.000341202
0.000324056
0.000308077
0.000293222
0.00027943
0.00026663
0.000254749
0.000243714
0.000233452
0.000223893
0.000214972
0.000206629
0.00019881
0.000191466
0.00018455
0.000178024
0.000171851
0.000165996
0.000160433
0.000155114
0.000150047
0.000145058
0.000140719
0.000136701
7.77809e-05
6.58298e-05
5.64448e-05
5.41589e-05
5.67518e-05
6.11058e-05
6.52555e-05
6.8624e-05
7.10246e-05
7.2563e-05
7.37498e-05
7.52759e-05
7.76469e-05
8.10559e-05
8.54723e-05
9.08208e-05
8.95622e-05
6.87834e-05
4.92474e-05
4.52936e-05
4.32725e-05
3.98631e-05
3.54778e-05
3.03177e-05
2.46641e-05
1.88499e-05
1.36485e-05
1.01361e-05
9.78177e-06
1.52459e-05
1.32568e-05
2.01305e-06
1.09589e-05
8.9108e-06
2.48755e-05
3.40482e-05
3.26302e-05
2.76004e-05
2.33547e-05
2.0523e-05
1.8668e-05
1.74515e-05
1.67324e-05
1.65068e-05
1.67826e-05
1.74609e-05
1.94189e-05
2.3954e-05
3.16472e-05
4.53987e-05
5.66907e-05
5.60553e-05
4.61203e-05
3.41482e-05
2.43983e-05
1.72443e-05
1.15026e-05
6.11334e-06
1.5522e-06
1.29429e-05
2.7066e-05
3.74291e-05
3.99924e-05
3.63658e-05
3.06632e-05
2.55633e-05
2.16447e-05
1.86052e-05
1.61193e-05
1.40062e-05
1.21796e-05
1.05999e-05
9.25022e-06
8.127e-06
7.2431e-06
6.61547e-06
6.24948e-06
6.15549e-06
6.39838e-06
7.25782e-06
9.56414e-06
1.51446e-05
2.51556e-05
3.67562e-05
4.41826e-05
4.39285e-05
3.68028e-05
2.53462e-05
1.22334e-05
9.2203e-06
2.29e-05
3.5866e-05
4.39026e-05
4.51096e-05
3.99911e-05
3.16974e-05
2.3466e-05
1.71602e-05
1.33683e-05
7.69219e-06
0.000103035
9.59515e-05
8.76306e-05
8.37353e-05
8.2952e-05
8.3133e-05
8.26858e-05
8.09094e-05
7.78217e-05
7.39545e-05
7.02701e-05
6.7936e-05
6.76792e-05
6.94751e-05
7.3087e-05
7.88488e-05
8.72551e-05
8.62997e-05
6.43799e-05
4.55235e-05
4.17785e-05
3.9298e-05
3.50884e-05
3.01657e-05
2.50249e-05
1.98711e-05
1.55214e-05
1.22956e-05
1.33454e-05
1.70509e-05
7.50353e-06
1.02928e-05
1.17408e-05
1.24337e-05
2.96024e-05
3.51947e-05
3.18769e-05
2.68459e-05
2.3047e-05
2.05181e-05
1.88148e-05
1.76772e-05
1.7009e-05
1.68128e-05
1.71265e-05
1.78247e-05
1.95495e-05
2.39504e-05
3.11485e-05
4.39765e-05
5.68799e-05
5.86375e-05
4.99485e-05
3.78946e-05
2.72684e-05
1.90172e-05
1.23216e-05
6.12907e-06
4.03712e-06
1.64706e-05
3.06794e-05
3.96961e-05
4.05909e-05
3.60342e-05
3.02095e-05
2.53139e-05
2.15911e-05
1.86737e-05
1.62616e-05
1.41947e-05
1.23939e-05
1.08228e-05
9.46843e-06
8.33102e-06
7.4284e-06
6.78943e-06
6.42825e-06
6.34399e-06
6.57196e-06
7.35349e-06
9.48191e-06
1.47695e-05
2.46569e-05
3.66837e-05
4.50631e-05
4.58375e-05
3.94261e-05
2.84796e-05
1.65997e-05
1.38865e-05
2.5138e-05
3.73502e-05
4.49682e-05
4.57271e-05
4.02166e-05
3.17472e-05
2.3621e-05
1.75044e-05
1.404e-05
8.32151e-06
9.15688e-05
9.09087e-05
8.81777e-05
8.62137e-05
8.45925e-05
8.23974e-05
7.89019e-05
7.37362e-05
6.706e-05
5.97331e-05
5.32929e-05
4.93367e-05
4.84076e-05
4.99547e-05
5.35645e-05
5.9434e-05
6.85595e-05
7.97293e-05
7.83315e-05
5.79831e-05
4.07814e-05
3.71636e-05
3.50037e-05
3.08423e-05
2.59213e-05
2.1217e-05
1.73733e-05
1.50286e-05
1.73984e-05
1.43989e-05
4.51837e-06
1.74437e-05
8.62742e-06
1.94262e-05
3.39052e-05
3.53694e-05
3.07199e-05
2.60192e-05
2.27211e-05
2.04804e-05
1.89132e-05
1.78473e-05
1.72274e-05
1.70572e-05
1.73957e-05
1.81451e-05
1.96503e-05
2.36463e-05
3.04494e-05
4.20455e-05
5.60502e-05
6.05948e-05
5.37944e-05
4.21372e-05
3.09272e-05
2.17717e-05
1.4365e-05
8.38758e-06
9.18984e-06
2.15447e-05
3.49245e-05
4.18866e-05
4.08513e-05
3.54329e-05
2.96156e-05
2.49962e-05
2.15032e-05
1.87306e-05
1.64085e-05
1.43969e-05
1.26251e-05
1.1062e-05
9.69972e-06
8.54371e-06
7.61494e-06
6.94576e-06
6.56452e-06
6.48204e-06
6.71327e-06
7.43997e-06
9.38746e-06
1.43209e-05
2.39576e-05
3.63214e-05
4.57138e-05
4.77462e-05
4.23937e-05
3.2321e-05
2.17091e-05
1.89786e-05
2.80254e-05
3.91809e-05
4.61328e-05
4.6252e-05
4.02562e-05
3.16216e-05
2.36516e-05
1.77292e-05
1.45743e-05
8.82422e-06
6.39766e-05
6.38972e-05
6.2608e-05
6.12206e-05
5.94363e-05
5.65265e-05
5.19781e-05
4.56621e-05
3.81185e-05
3.08421e-05
2.60352e-05
2.48259e-05
2.58585e-05
2.76037e-05
3.02664e-05
3.52572e-05
4.36643e-05
5.67648e-05
7.02011e-05
6.98228e-05
5.27814e-05
3.62524e-05
3.13695e-05
3.01037e-05
2.73634e-05
2.39242e-05
2.06446e-05
1.90678e-05
1.67384e-05
4.31118e-06
1.89297e-05
1.87628e-05
7.39382e-06
2.78479e-05
3.65623e-05
3.43577e-05
2.9295e-05
2.52217e-05
2.24056e-05
2.04046e-05
1.89566e-05
1.79639e-05
1.73965e-05
1.72567e-05
1.76095e-05
1.84199e-05
1.98126e-05
2.32939e-05
2.966e-05
3.98879e-05
5.42868e-05
6.18714e-05
5.77041e-05
4.70304e-05
3.55703e-05
2.57308e-05
1.7941e-05
1.29327e-05
1.58474e-05
2.7838e-05
3.93393e-05
4.35709e-05
4.05561e-05
3.45292e-05
2.89165e-05
2.46441e-05
2.14002e-05
1.87844e-05
1.65629e-05
1.46135e-05
1.28734e-05
1.13181e-05
9.94595e-06
8.76827e-06
7.81227e-06
7.11283e-06
6.69991e-06
6.59816e-06
6.82644e-06
7.51486e-06
9.29553e-06
1.38417e-05
2.31252e-05
3.57549e-05
4.62229e-05
4.97123e-05
4.56771e-05
3.66871e-05
2.72238e-05
2.44358e-05
3.14708e-05
4.12311e-05
4.72496e-05
4.6575e-05
4.00787e-05
3.13702e-05
2.36514e-05
1.79218e-05
1.50341e-05
9.24476e-06
2.22174e-05
2.21925e-05
2.1232e-05
1.99808e-05
1.83436e-05
1.58438e-05
1.22441e-05
7.96496e-06
5.73857e-06
8.83361e-06
1.29202e-05
1.54422e-05
1.59412e-05
1.50368e-05
1.4228e-05
1.56327e-05
2.0878e-05
3.0113e-05
4.44608e-05
5.88574e-05
6.13941e-05
4.96294e-05
3.40976e-05
2.49976e-05
2.19599e-05
2.00782e-05
1.71674e-05
1.26795e-05
6.89162e-06
2.15047e-05
2.68732e-05
9.82609e-06
1.87793e-05
3.4758e-05
3.68677e-05
3.24851e-05
2.78462e-05
2.44819e-05
2.20698e-05
2.02669e-05
1.89317e-05
1.80141e-05
1.74989e-05
1.73895e-05
1.77447e-05
1.85937e-05
1.99413e-05
2.29071e-05
2.87473e-05
3.76701e-05
5.14891e-05
6.19052e-05
6.11186e-05
5.2254e-05
4.11319e-05
3.10507e-05
2.33297e-05
1.95929e-05
2.39048e-05
3.48113e-05
4.33864e-05
4.4451e-05
3.96574e-05
3.33606e-05
2.81247e-05
2.42434e-05
2.12631e-05
1.88187e-05
1.67102e-05
1.48301e-05
1.31246e-05
1.15766e-05
1.01921e-05
8.98861e-06
7.99829e-06
7.26206e-06
6.81443e-06
6.68604e-06
6.90409e-06
7.56239e-06
9.19401e-06
1.33339e-05
2.21348e-05
3.48766e-05
4.63925e-05
5.14779e-05
4.89968e-05
4.13091e-05
3.29863e-05
3.01084e-05
3.52798e-05
4.34263e-05
4.82574e-05
4.66249e-05
3.9629e-05
3.09623e-05
2.35935e-05
1.80443e-05
1.53481e-05
9.50939e-06
6.24093e-06
6.96455e-06
7.91086e-06
8.83788e-06
9.80895e-06
1.10102e-05
1.25462e-05
1.43053e-05
1.59437e-05
1.69964e-05
1.70834e-05
1.60969e-05
1.42569e-05
1.20223e-05
1.0089e-05
9.38799e-06
1.16894e-05
1.66675e-05
2.27606e-05
3.32086e-05
4.624e-05
5.22681e-05
4.77626e-05
3.74097e-05
2.72684e-05
2.00467e-05
1.63662e-05
1.9932e-05
2.97934e-05
3.28879e-05
1.7575e-05
1.04736e-05
3.10959e-05
3.77446e-05
3.50343e-05
3.02953e-05
2.65355e-05
2.3798e-05
2.16989e-05
2.00654e-05
1.88409e-05
1.80001e-05
1.75365e-05
1.74573e-05
1.78091e-05
1.86688e-05
2.00165e-05
2.25399e-05
2.77052e-05
3.55182e-05
4.78415e-05
6.02579e-05
6.33837e-05
5.73581e-05
4.74588e-05
3.77842e-05
3.0565e-05
2.80531e-05
3.291e-05
4.16483e-05
4.64045e-05
4.42567e-05
3.81618e-05
3.19909e-05
2.72734e-05
2.38082e-05
2.11017e-05
1.8841e-05
1.68558e-05
1.50512e-05
1.33824e-05
1.18414e-05
1.0442e-05
9.20831e-06
8.17754e-06
7.39601e-06
6.90533e-06
6.74318e-06
6.94588e-06
7.58008e-06
9.0797e-06
1.28118e-05
2.10035e-05
3.36457e-05
4.60992e-05
5.28685e-05
5.21675e-05
4.59955e-05
3.88008e-05
3.57789e-05
3.92426e-05
4.56384e-05
4.90359e-05
4.63078e-05
3.88799e-05
3.04288e-05
2.35196e-05
1.81288e-05
1.55349e-05
9.59499e-06
8.87541e-06
9.63159e-06
1.05248e-05
1.13299e-05
1.20004e-05
1.26014e-05
1.31722e-05
1.36503e-05
1.38956e-05
1.37749e-05
1.32521e-05
1.24373e-05
1.15508e-05
1.08236e-05
1.04664e-05
1.06648e-05
1.15889e-05
1.44626e-05
1.87972e-05
2.14126e-05
2.4622e-05
3.26467e-05
4.01527e-05
4.25187e-05
4.07605e-05
3.79199e-05
3.7073e-05
3.77796e-05
3.39269e-05
1.82101e-05
7.05851e-06
2.83957e-05
3.75156e-05
3.65225e-05
3.21605e-05
2.82958e-05
2.54107e-05
2.31312e-05
2.12738e-05
1.97973e-05
1.86845e-05
1.7921e-05
1.7507e-05
1.74556e-05
1.78017e-05
1.86424e-05
1.9999e-05
2.2205e-05
2.65917e-05
3.34625e-05
4.38043e-05
5.67939e-05
6.37671e-05
6.15636e-05
5.39819e-05
4.5518e-05
3.92007e-05
3.76349e-05
4.1885e-05
4.72539e-05
4.77536e-05
4.28822e-05
3.61876e-05
3.05093e-05
2.63888e-05
2.33418e-05
2.09154e-05
1.88506e-05
1.69987e-05
1.52755e-05
1.36462e-05
1.21121e-05
1.06953e-05
9.42716e-06
8.34935e-06
7.51268e-06
6.96752e-06
6.76215e-06
6.94522e-06
7.56343e-06
8.95021e-06
1.22908e-05
1.97717e-05
3.20682e-05
4.5267e-05
5.37292e-05
5.49753e-05
5.04844e-05
4.44118e-05
4.12295e-05
4.31324e-05
4.76909e-05
4.94265e-05
4.55206e-05
3.78205e-05
2.9809e-05
2.34559e-05
1.81866e-05
1.5607e-05
9.49926e-06
5.67424e-06
6.27722e-06
6.98691e-06
7.65513e-06
8.23344e-06
8.75037e-06
9.23332e-06
9.66186e-06
9.97861e-06
1.01343e-05
1.01252e-05
1.00044e-05
9.87831e-06
9.88328e-06
1.01537e-05
1.08415e-05
1.193e-05
1.35179e-05
1.67318e-05
2.11604e-05
2.31837e-05
2.17395e-05
2.11079e-05
2.39108e-05
2.70791e-05
2.84152e-05
2.72211e-05
2.09855e-05
7.33908e-06
1.25163e-05
2.94497e-05
3.73403e-05
3.688e-05
3.30564e-05
2.94384e-05
2.66738e-05
2.43987e-05
2.24371e-05
2.07894e-05
1.94673e-05
1.84655e-05
1.77779e-05
1.7411e-05
1.73834e-05
1.77234e-05
1.85231e-05
1.98662e-05
2.18797e-05
2.55121e-05
3.14656e-05
3.98836e-05
5.18094e-05
6.16045e-05
6.37096e-05
5.95145e-05
5.31401e-05
4.80834e-05
4.69288e-05
4.92806e-05
5.0466e-05
4.70528e-05
4.04671e-05
3.39353e-05
2.89995e-05
2.54869e-05
2.28463e-05
2.07062e-05
1.88493e-05
1.71404e-05
1.5505e-05
1.39183e-05
1.23914e-05
1.09548e-05
9.64712e-06
8.51547e-06
7.61459e-06
7.00332e-06
6.74289e-06
6.89911e-06
7.50949e-06
8.80579e-06
1.17842e-05
1.84867e-05
3.01673e-05
4.3821e-05
5.38734e-05
5.71506e-05
5.44682e-05
4.95324e-05
4.6199e-05
4.66937e-05
4.93492e-05
4.92215e-05
4.416e-05
3.64741e-05
2.91652e-05
2.34311e-05
1.82353e-05
1.56016e-05
9.26094e-06
4.31408e-06
4.80719e-06
5.38166e-06
5.93834e-06
6.4391e-06
6.89876e-06
7.33548e-06
7.73946e-06
8.07548e-06
8.30611e-06
8.41863e-06
8.44592e-06
8.47449e-06
8.63055e-06
9.0476e-06
9.82842e-06
1.10574e-05
1.26485e-05
1.46912e-05
1.80626e-05
2.25531e-05
2.5562e-05
2.51937e-05
2.21212e-05
1.83626e-05
1.52848e-05
1.36821e-05
1.6657e-05
2.51371e-05
3.35674e-05
3.72652e-05
3.60395e-05
3.2732e-05
2.96985e-05
2.73508e-05
2.53061e-05
2.34037e-05
2.16991e-05
2.02523e-05
1.90809e-05
1.81865e-05
1.75722e-05
1.72493e-05
1.72404e-05
1.75729e-05
1.83209e-05
1.96097e-05
2.15066e-05
2.45377e-05
2.95387e-05
3.63975e-05
4.61314e-05
5.67934e-05
6.26548e-05
6.241e-05
5.88249e-05
5.52446e-05
5.38372e-05
5.33766e-05
5.05125e-05
4.44167e-05
3.73977e-05
3.16295e-05
2.75172e-05
2.45702e-05
2.23206e-05
2.0475e-05
1.88383e-05
1.72825e-05
1.57416e-05
1.42012e-05
1.26817e-05
1.12224e-05
9.86978e-06
8.67654e-06
7.70132e-06
7.01181e-06
6.68412e-06
6.80502e-06
7.41562e-06
8.64927e-06
1.13059e-05
1.72079e-05
2.80069e-05
4.17299e-05
5.31348e-05
5.84219e-05
5.76259e-05
5.38409e-05
5.04056e-05
4.96423e-05
5.03068e-05
4.81727e-05
4.21545e-05
3.49188e-05
2.85723e-05
2.34636e-05
1.82898e-05
1.5566e-05
8.9455e-06
3.71598e-06
4.10891e-06
4.56286e-06
5.01474e-06
5.4338e-06
5.82168e-06
6.184e-06
6.51119e-06
6.77991e-06
6.96915e-06
7.07981e-06
7.14866e-06
7.25205e-06
7.49281e-06
7.97929e-06
8.78775e-06
9.95715e-06
1.14908e-05
1.32854e-05
1.544e-05
1.85509e-05
2.26167e-05
2.63291e-05
2.85228e-05
2.92792e-05
2.97206e-05
3.10221e-05
3.33075e-05
3.53267e-05
3.54981e-05
3.36818e-05
3.11527e-05
2.90046e-05
2.7298e-05
2.56738e-05
2.40062e-05
2.23888e-05
2.09271e-05
1.96721e-05
1.86432e-05
1.7851e-05
1.73062e-05
1.70237e-05
1.70285e-05
1.73495e-05
1.8044e-05
1.92429e-05
2.10361e-05
2.36547e-05
2.77645e-05
3.33953e-05
4.07941e-05
5.02197e-05
5.80401e-05
6.12431e-05
6.05669e-05
5.84274e-05
5.63126e-05
5.31086e-05
4.75167e-05
4.052e-05
3.41755e-05
2.94347e-05
2.60752e-05
2.36311e-05
2.17633e-05
2.02235e-05
1.88201e-05
1.7428e-05
1.59892e-05
1.44988e-05
1.29868e-05
1.15013e-05
1.00974e-05
8.83393e-06
7.77369e-06
6.99339e-06
6.58598e-06
6.66213e-06
7.27953e-06
8.48438e-06
1.08699e-05
1.5998e-05
2.5695e-05
3.9033e-05
5.14042e-05
5.85438e-05
5.96322e-05
5.69968e-05
5.35497e-05
5.16362e-05
5.0172e-05
4.60242e-05
3.95169e-05
3.32984e-05
2.81031e-05
2.35624e-05
1.83701e-05
1.55616e-05
8.64319e-06
3.23907e-06
3.55836e-06
3.92373e-06
4.29171e-06
4.63561e-06
4.95018e-06
5.23598e-06
5.48729e-06
5.6923e-06
5.84306e-06
5.94869e-06
6.04596e-06
6.20225e-06
6.50335e-06
7.03073e-06
7.84259e-06
8.95555e-06
1.03568e-05
1.201e-05
1.38206e-05
1.58482e-05
1.84023e-05
2.15325e-05
2.47243e-05
2.73717e-05
2.93186e-05
3.06705e-05
3.13226e-05
3.10138e-05
2.99186e-05
2.86225e-05
2.75159e-05
2.65181e-05
2.53996e-05
2.41011e-05
2.27188e-05
2.13705e-05
2.01347e-05
1.90554e-05
1.81588e-05
1.74628e-05
1.69828e-05
1.67369e-05
1.67505e-05
1.70543e-05
1.76956e-05
1.87867e-05
2.04484e-05
2.27855e-05
2.61894e-05
3.0812e-05
3.64181e-05
4.35185e-05
5.09633e-05
5.59319e-05
5.74193e-05
5.64037e-05
5.36796e-05
4.89491e-05
4.2654e-05
3.63344e-05
3.11949e-05
2.74006e-05
2.46512e-05
2.26597e-05
2.11755e-05
1.99548e-05
1.87983e-05
1.75813e-05
1.62524e-05
1.48157e-05
1.33109e-05
1.1795e-05
1.03325e-05
8.98909e-06
7.83186e-06
6.94669e-06
6.44634e-06
6.4686e-06
7.09808e-06
8.31319e-06
1.04902e-05
1.49136e-05
2.33726e-05
3.58506e-05
4.86574e-05
5.73287e-05
6.01857e-05
5.86706e-05
5.53154e-05
5.22426e-05
4.84837e-05
4.25948e-05
3.64113e-05
3.18084e-05
2.78059e-05
2.37297e-05
1.85032e-05
1.56517e-05
8.4439e-06
2.84242e-06
3.09973e-06
3.38962e-06
3.68228e-06
3.95743e-06
4.20815e-06
4.43221e-06
4.62518e-06
4.78099e-06
4.89908e-06
4.99422e-06
5.1042e-06
5.29009e-06
5.62394e-06
6.16841e-06
6.95944e-06
8.00716e-06
9.2917e-06
1.07891e-05
1.24487e-05
1.41886e-05
1.60024e-05
1.79831e-05
2.01199e-05
2.22016e-05
2.39238e-05
2.50993e-05
2.568e-05
2.58139e-05
2.5724e-05
2.55099e-05
2.51229e-05
2.44921e-05
2.36218e-05
2.2584e-05
2.14703e-05
2.03635e-05
1.93275e-05
1.84072e-05
1.76329e-05
1.70263e-05
1.66061e-05
1.63922e-05
1.64104e-05
1.66913e-05
1.72775e-05
1.82586e-05
1.97593e-05
2.18617e-05
2.47559e-05
2.85786e-05
3.30013e-05
3.80287e-05
4.36388e-05
4.83545e-05
5.06414e-05
5.0264e-05
4.754e-05
4.29382e-05
3.7572e-05
3.26151e-05
2.85804e-05
2.54773e-05
2.32141e-05
2.16524e-05
2.05607e-05
1.96737e-05
1.87783e-05
1.77483e-05
1.65373e-05
1.51579e-05
1.36592e-05
1.21082e-05
1.05791e-05
9.14468e-06
7.87737e-06
6.87149e-06
6.26293e-06
6.22194e-06
6.86716e-06
8.13311e-06
1.01788e-05
1.39991e-05
2.11949e-05
3.23885e-05
4.4989e-05
5.4693e-05
5.90499e-05
5.85769e-05
5.53425e-05
5.09138e-05
4.48031e-05
3.79267e-05
3.31985e-05
3.06352e-05
2.76909e-05
2.39725e-05
1.87236e-05
1.58891e-05
8.41302e-06
2.51108e-06
2.7178e-06
2.94772e-06
3.17946e-06
3.39725e-06
3.59339e-06
3.76404e-06
3.90607e-06
4.01783e-06
4.10436e-06
4.18433e-06
4.29547e-06
4.4934e-06
4.83937e-06
5.38211e-06
6.14483e-06
7.12735e-06
8.30814e-06
9.65907e-06
1.11503e-05
1.27351e-05
1.4349e-05
1.59503e-05
1.75245e-05
1.90311e-05
2.03679e-05
2.14576e-05
2.22925e-05
2.28757e-05
2.31983e-05
2.32537e-05
2.30463e-05
2.25977e-05
2.19478e-05
2.11502e-05
2.02687e-05
1.93693e-05
1.85098e-05
1.77333e-05
1.7071e-05
1.65467e-05
1.61808e-05
1.59942e-05
1.60127e-05
1.62659e-05
1.67931e-05
1.76673e-05
1.89965e-05
2.08647e-05
2.337e-05
2.65863e-05
3.02419e-05
3.39965e-05
3.78235e-05
4.12329e-05
4.3174e-05
4.30159e-05
4.08681e-05
3.73579e-05
3.33681e-05
2.95503e-05
2.6225e-05
2.35895e-05
2.17478e-05
2.06123e-05
1.99244e-05
1.9386e-05
1.87667e-05
1.79362e-05
1.68514e-05
1.55327e-05
1.40389e-05
1.24472e-05
1.08424e-05
9.30499e-06
7.91285e-06
6.76829e-06
6.0329e-06
5.91827e-06
6.58207e-06
7.93561e-06
9.93981e-06
1.32846e-05
1.93057e-05
2.89238e-05
4.06396e-05
5.07028e-05
5.61049e-05
5.6492e-05
5.31887e-05
4.70705e-05
3.89462e-05
3.24671e-05
3.03705e-05
2.9874e-05
2.77422e-05
2.43113e-05
1.90659e-05
1.63013e-05
8.5699e-06
2.23068e-06
2.39525e-06
2.5754e-06
2.75504e-06
2.92227e-06
3.07017e-06
3.19483e-06
3.29418e-06
3.36923e-06
3.42814e-06
3.49175e-06
3.59762e-06
3.79735e-06
4.14361e-06
4.67339e-06
5.39923e-06
6.31395e-06
7.39719e-06
8.62288e-06
9.96207e-06
1.13829e-05
1.28445e-05
1.42973e-05
1.56958e-05
1.70053e-05
1.82018e-05
1.924e-05
2.00761e-05
2.06852e-05
2.10617e-05
2.12075e-05
2.11311e-05
2.08508e-05
2.03935e-05
1.97967e-05
1.91103e-05
1.839e-05
1.76865e-05
1.70394e-05
1.64791e-05
1.60296e-05
1.57122e-05
1.55482e-05
1.55627e-05
1.57844e-05
1.62488e-05
1.70181e-05
1.81806e-05
1.98135e-05
2.19835e-05
2.472e-05
2.78321e-05
3.09197e-05
3.37227e-05
3.60183e-05
3.73125e-05
3.71858e-05
3.56915e-05
3.31816e-05
3.01138e-05
2.6909e-05
2.39797e-05
2.16995e-05
2.02535e-05
1.95451e-05
1.92725e-05
1.9099e-05
1.87723e-05
1.81544e-05
1.72044e-05
1.59497e-05
1.44589e-05
1.28204e-05
1.11301e-05
9.47636e-06
7.94316e-06
6.63995e-06
5.75474e-06
5.55339e-06
6.23914e-06
7.7082e-06
9.76243e-06
1.2783e-05
1.78108e-05
2.57666e-05
3.60044e-05
4.56231e-05
5.14225e-05
5.2268e-05
4.84171e-05
4.04428e-05
3.13417e-05
2.71244e-05
2.83156e-05
2.94963e-05
2.79488e-05
2.47804e-05
1.95531e-05
1.68856e-05
8.89186e-06
1.98391e-06
2.11291e-06
2.25195e-06
2.38844e-06
2.51341e-06
2.62091e-06
2.70713e-06
2.77076e-06
2.81461e-06
2.84903e-06
2.89654e-06
2.99444e-06
3.19067e-06
3.53023e-06
4.04023e-06
4.72544e-06
5.5751e-06
6.5684e-06
7.68114e-06
8.88738e-06
1.01594e-05
1.14669e-05
1.27747e-05
1.40432e-05
1.52417e-05
1.63386e-05
1.72981e-05
1.80931e-05
1.87058e-05
1.91249e-05
1.93492e-05
1.93862e-05
1.92464e-05
1.89464e-05
1.8515e-05
1.79936e-05
1.74286e-05
1.68627e-05
1.63314e-05
1.5863e-05
1.54809e-05
1.52063e-05
1.50602e-05
1.50667e-05
1.52534e-05
1.56525e-05
1.63176e-05
1.73225e-05
1.87318e-05
2.05974e-05
2.29284e-05
2.55907e-05
2.82664e-05
3.06107e-05
3.23695e-05
3.32795e-05
3.31707e-05
3.20585e-05
3.00392e-05
2.73691e-05
2.44523e-05
2.1784e-05
1.98073e-05
1.87357e-05
1.84546e-05
1.86117e-05
1.88223e-05
1.88061e-05
1.84153e-05
1.76092e-05
1.64217e-05
1.49313e-05
1.3239e-05
1.1452e-05
9.66758e-06
7.97573e-06
6.49189e-06
5.42873e-06
5.12311e-06
5.83719e-06
7.43979e-06
9.61911e-06
1.24826e-05
1.676e-05
2.31991e-05
3.16135e-05
3.99915e-05
4.53856e-05
4.59954e-05
4.10788e-05
3.16835e-05
2.32501e-05
2.29098e-05
2.70766e-05
2.94163e-05
2.83272e-05
2.54148e-05
2.01918e-05
1.76195e-05
9.33579e-06
1.7645e-06
1.86367e-06
1.96862e-06
2.06906e-06
2.15823e-06
2.23125e-06
2.28486e-06
2.31855e-06
2.33643e-06
2.35033e-06
2.38378e-06
2.47374e-06
2.66489e-06
2.9953e-06
3.48328e-06
4.12678e-06
4.91234e-06
5.82078e-06
6.83148e-06
7.92193e-06
9.06787e-06
1.02429e-05
1.14183e-05
1.25649e-05
1.36571e-05
1.46643e-05
1.55598e-05
1.63204e-05
1.69298e-05
1.73801e-05
1.76686e-05
1.77956e-05
1.77658e-05
1.75924e-05
1.72989e-05
1.69184e-05
1.6488e-05
1.60433e-05
1.56151e-05
1.5229e-05
1.49071e-05
1.46697e-05
1.45369e-05
1.45317e-05
1.46803e-05
1.50125e-05
1.55746e-05
1.64299e-05
1.76338e-05
1.92262e-05
2.12091e-05
2.34781e-05
2.58023e-05
2.78787e-05
2.94227e-05
3.02052e-05
3.01315e-05
2.91686e-05
2.7334e-05
2.4848e-05
2.21139e-05
1.96422e-05
1.79167e-05
1.71937e-05
1.73442e-05
1.79509e-05
1.85683e-05
1.88832e-05
1.87351e-05
1.80825e-05
1.69651e-05
1.54718e-05
1.37175e-05
1.18212e-05
9.89081e-06
8.02173e-06
6.3336e-06
5.05859e-06
4.62421e-06
5.37905e-06
7.12738e-06
9.47329e-06
1.23345e-05
1.61356e-05
2.13971e-05
2.80301e-05
3.46638e-05
3.88892e-05
3.85594e-05
3.25548e-05
2.27074e-05
1.63187e-05
2.02024e-05
2.64191e-05
2.95866e-05
2.89173e-05
2.62403e-05
2.0977e-05
1.84781e-05
9.86271e-06
1.56362e-06
1.63742e-06
1.71399e-06
1.78468e-06
1.84436e-06
1.88915e-06
1.91635e-06
1.92602e-06
1.92309e-06
1.92035e-06
1.94212e-06
2.02502e-06
2.21051e-06
2.5298e-06
2.99331e-06
3.59431e-06
4.31842e-06
5.14799e-06
6.06442e-06
7.04898e-06
8.08147e-06
9.13967e-06
1.02005e-05
1.12419e-05
1.22376e-05
1.31647e-05
1.40015e-05
1.47289e-05
1.53332e-05
1.58051e-05
1.6139e-05
1.63336e-05
1.63918e-05
1.63232e-05
1.61457e-05
1.58852e-05
1.55712e-05
1.52328e-05
1.4896e-05
1.45834e-05
1.43149e-05
1.41093e-05
1.39856e-05
1.39651e-05
1.4073e-05
1.43372e-05
1.47982e-05
1.55117e-05
1.65275e-05
1.78783e-05
1.95646e-05
2.15019e-05
2.35105e-05
2.53474e-05
2.67489e-05
2.74871e-05
2.7451e-05
2.65709e-05
2.48593e-05
2.25136e-05
1.99085e-05
1.75609e-05
1.60225e-05
1.56235e-05
1.62187e-05
1.73024e-05
1.83543e-05
1.90236e-05
1.91352e-05
1.86456e-05
1.75999e-05
1.6099e-05
1.42733e-05
1.22542e-05
1.01616e-05
8.09655e-06
6.17984e-06
4.65296e-06
4.05463e-06
4.87308e-06
6.78204e-06
9.29821e-06
1.22562e-05
1.58456e-05
2.03597e-05
2.56292e-05
3.06114e-05
3.34061e-05
3.20234e-05
2.54997e-05
1.57893e-05
1.13828e-05
1.85695e-05
2.61377e-05
3.00318e-05
2.97655e-05
2.72751e-05
2.19088e-05
1.94469e-05
1.04517e-05
1.38102e-06
1.4335e-06
1.48647e-06
1.53257e-06
1.56788e-06
1.58934e-06
1.59481e-06
1.58491e-06
1.56525e-06
1.54952e-06
1.56297e-06
1.64208e-06
1.82479e-06
2.13477e-06
2.57504e-06
3.13497e-06
3.79978e-06
4.555e-06
5.38507e-06
6.27433e-06
7.2056e-06
8.16048e-06
9.12028e-06
1.00651e-05
1.09735e-05
1.18277e-05
1.2609e-05
1.33016e-05
1.38931e-05
1.43747e-05
1.47403e-05
1.49868e-05
1.51151e-05
1.51323e-05
1.5052e-05
1.4894e-05
1.46809e-05
1.44358e-05
1.41799e-05
1.39324e-05
1.3711e-05
1.35324e-05
1.34139e-05
1.33752e-05
1.34401e-05
1.36354e-05
1.39976e-05
1.45768e-05
1.54201e-05
1.65581e-05
1.79924e-05
1.96565e-05
2.14038e-05
2.30298e-05
2.43024e-05
2.50075e-05
2.5013e-05
2.4219e-05
2.26234e-05
2.03842e-05
1.78441e-05
1.55376e-05
1.41155e-05
1.40206e-05
1.50863e-05
1.66849e-05
1.82049e-05
1.92539e-05
1.96416e-05
1.93222e-05
1.83477e-05
1.68327e-05
1.49241e-05
1.27689e-05
1.04978e-05
8.21995e-06
6.05244e-06
4.22899e-06
3.41341e-06
4.33458e-06
6.42884e-06
9.09332e-06
1.21672e-05
1.57281e-05
1.98847e-05
2.43748e-05
2.83126e-05
3.01385e-05
2.82135e-05
2.16821e-05
1.17921e-05
7.8612e-06
1.75295e-05
2.62232e-05
3.08259e-05
3.09238e-05
2.85463e-05
2.30082e-05
2.05332e-05
1.11018e-05
1.20768e-06
1.24222e-06
1.2759e-06
1.3023e-06
1.31842e-06
1.32186e-06
1.31094e-06
1.28667e-06
1.25509e-06
1.23051e-06
1.23899e-06
1.31669e-06
1.49727e-06
1.79658e-06
2.21145e-06
2.72972e-06
3.33783e-06
4.02292e-06
4.77259e-06
5.57364e-06
6.41217e-06
7.27353e-06
8.14177e-06
8.9994e-06
9.83044e-06
1.06184e-05
1.13483e-05
1.2007e-05
1.25832e-05
1.30682e-05
1.34552e-05
1.37409e-05
1.39255e-05
1.4014e-05
1.40159e-05
1.39455e-05
1.38198e-05
1.36563e-05
1.3472e-05
1.32825e-05
1.31025e-05
1.29464e-05
1.28297e-05
1.27702e-05
1.27902e-05
1.2916e-05
1.31816e-05
1.36339e-05
1.43187e-05
1.52684e-05
1.64887e-05
1.79282e-05
1.94668e-05
2.09256e-05
2.20971e-05
2.27837e-05
2.28363e-05
2.21285e-05
2.06313e-05
1.84612e-05
1.59258e-05
1.35736e-05
1.21838e-05
1.23788e-05
1.39619e-05
1.61278e-05
1.81532e-05
1.96045e-05
2.02794e-05
2.0133e-05
1.9226e-05
1.76891e-05
1.56853e-05
1.33804e-05
1.09171e-05
8.41358e-06
5.9801e-06
3.81766e-06
2.70052e-06
3.78927e-06
6.10324e-06
8.88962e-06
1.20421e-05
1.56282e-05
1.96664e-05
2.38547e-05
2.73777e-05
2.88763e-05
2.68955e-05
2.04435e-05
9.92858e-06
5.01471e-06
1.70954e-05
2.68158e-05
3.2077e-05
3.24724e-05
3.01225e-05
2.43276e-05
2.17719e-05
1.18288e-05
1.05041e-06
1.06974e-06
1.08726e-06
1.09743e-06
1.09792e-06
1.08687e-06
1.063e-06
1.0277e-06
9.8754e-07
9.57913e-07
9.66395e-07
1.04875e-06
1.23249e-06
1.52413e-06
1.91518e-06
2.39326e-06
2.94707e-06
3.56625e-06
4.24121e-06
4.96147e-06
5.71574e-06
6.49146e-06
7.27511e-06
8.05299e-06
8.81137e-06
9.53672e-06
1.02163e-05
1.08386e-05
1.13937e-05
1.18736e-05
1.22727e-05
1.25875e-05
1.28172e-05
1.29644e-05
1.30354e-05
1.304e-05
1.29901e-05
1.28985e-05
1.27778e-05
1.26398e-05
1.24963e-05
1.23591e-05
1.22414e-05
1.2159e-05
1.21326e-05
1.21884e-05
1.23593e-05
1.26907e-05
1.32297e-05
1.40125e-05
1.50506e-05
1.63062e-05
1.76793e-05
1.9011e-05
2.01144e-05
2.08029e-05
2.09073e-05
2.02838e-05
1.88743e-05
1.67513e-05
1.41715e-05
1.16752e-05
1.02065e-05
1.06929e-05
1.28772e-05
1.56742e-05
1.82355e-05
2.00992e-05
2.10616e-05
2.10839e-05
2.02384e-05
1.86717e-05
1.65632e-05
1.4097e-05
1.1432e-05
8.69746e-06
5.99589e-06
3.47143e-06
1.91632e-06
3.2783e-06
5.83997e-06
8.72569e-06
1.19078e-05
1.54842e-05
1.9469e-05
2.35753e-05
2.70319e-05
2.8574e-05
2.67489e-05
2.03943e-05
9.57462e-06
4.09347e-06
1.76072e-05
2.81445e-05
3.398e-05
3.4579e-05
3.21428e-05
2.59664e-05
2.32273e-05
1.26652e-05
8.94034e-07
9.01016e-07
9.06041e-07
9.04271e-07
8.93871e-07
8.73361e-07
8.41761e-07
8.0068e-07
7.57049e-07
7.27167e-07
7.39844e-07
8.29024e-07
1.0142e-06
1.29371e-06
1.65684e-06
2.09305e-06
2.59366e-06
3.15099e-06
3.75704e-06
4.40338e-06
5.08062e-06
5.7784e-06
6.48573e-06
7.1911e-06
7.88293e-06
8.54996e-06
9.18154e-06
9.76801e-06
1.03009e-05
1.07733e-05
1.11798e-05
1.15168e-05
1.17829e-05
1.1979e-05
1.21087e-05
1.21779e-05
1.21943e-05
1.21662e-05
1.21022e-05
1.20106e-05
1.18995e-05
1.17782e-05
1.16571e-05
1.15502e-05
1.14763e-05
1.14615e-05
1.15394e-05
1.17549e-05
1.21587e-05
1.27923e-05
1.36752e-05
1.4781e-05
1.6024e-05
1.72628e-05
1.83287e-05
1.90371e-05
1.92022e-05
1.86696e-05
1.73532e-05
1.52726e-05
1.26087e-05
9.85144e-06
8.14945e-06
8.97477e-06
1.18932e-05
1.5374e-05
1.84733e-05
2.07361e-05
2.19732e-05
2.21561e-05
2.13684e-05
1.97668e-05
1.75493e-05
1.49157e-05
1.20464e-05
9.08462e-06
6.1309e-06
3.26879e-06
1.06558e-06
2.87445e-06
5.67302e-06
8.63285e-06
1.18127e-05
1.53386e-05
1.92523e-05
2.3321e-05
2.68369e-05
2.85757e-05
2.70498e-05
2.10645e-05
1.08989e-05
6.89559e-06
1.95446e-05
3.0645e-05
3.6924e-05
3.75665e-05
3.48393e-05
2.80838e-05
2.49988e-05
1.36623e-05
7.56628e-07
7.52554e-07
7.46535e-07
7.34487e-07
7.14993e-07
6.86912e-07
6.49589e-07
6.0505e-07
5.61195e-07
5.366e-07
5.62271e-07
6.67138e-07
8.58245e-07
1.12676e-06
1.46247e-06
1.85789e-06
2.30719e-06
2.80494e-06
3.34536e-06
3.92181e-06
4.52674e-06
5.1517e-06
5.78752e-06
6.42458e-06
7.05319e-06
7.66392e-06
8.24787e-06
8.797e-06
9.30436e-06
9.76418e-06
1.01719e-05
1.0524e-05
1.08186e-05
1.1055e-05
1.12345e-05
1.13597e-05
1.14344e-05
1.14631e-05
1.14504e-05
1.14008e-05
1.13191e-05
1.12114e-05
1.10855e-05
1.09529e-05
1.08309e-05
1.07449e-05
1.07303e-05
1.08337e-05
1.11106e-05
1.16097e-05
1.23597e-05
1.33443e-05
1.44885e-05
1.56673e-05
1.67224e-05
1.74643e-05
1.77051e-05
1.72815e-05
1.60756e-05
1.40437e-05
1.12684e-05
8.12779e-06
5.97536e-06
7.29172e-06
1.10962e-05
1.52537e-05
1.885e-05
2.14824e-05
2.29812e-05
2.33229e-05
2.25937e-05
2.0957e-05
1.86276e-05
1.58263e-05
1.27574e-05
9.58234e-06
6.4107e-06
3.30259e-06
2.88609e-07
2.68908e-06
5.62742e-06
8.61629e-06
1.17681e-05
1.52237e-05
1.90615e-05
2.3118e-05
2.67595e-05
2.88051e-05
2.77998e-05
2.2555e-05
1.38457e-05
1.20735e-05
2.36827e-05
3.50264e-05
4.14765e-05
4.18838e-05
3.85354e-05
3.08997e-05
2.7226e-05
1.48903e-05
6.09271e-07
5.96781e-07
5.8331e-07
5.65375e-07
5.41857e-07
5.11892e-07
4.75105e-07
4.33904e-07
3.9714e-07
3.85193e-07
4.27961e-07
5.44194e-07
7.31111e-07
9.79347e-07
1.28211e-06
1.63502e-06
2.0345e-06
2.47676e-06
2.95728e-06
3.47064e-06
4.01048e-06
4.56968e-06
5.14059e-06
5.71525e-06
6.28574e-06
6.84442e-06
7.38415e-06
7.89844e-06
8.38158e-06
8.82872e-06
9.23579e-06
9.59955e-06
9.91756e-06
1.01883e-05
1.04109e-05
1.05854e-05
1.07125e-05
1.07928e-05
1.08271e-05
1.08165e-05
1.07624e-05
1.06672e-05
1.05359e-05
1.03774e-05
1.02069e-05
1.00493e-05
9.94157e-06
9.93423e-06
1.00892e-05
1.04655e-05
1.11005e-05
1.1988e-05
1.30638e-05
1.42123e-05
1.52751e-05
1.60673e-05
1.64053e-05
1.61131e-05
1.5038e-05
1.30728e-05
1.01975e-05
6.61493e-06
3.68681e-06
5.81424e-06
1.05509e-05
1.52993e-05
1.93517e-05
2.23549e-05
2.4129e-05
2.46363e-05
2.39556e-05
2.22699e-05
1.98123e-05
1.68353e-05
1.35709e-05
1.02027e-05
6.86257e-06
3.65196e-06
1.04063e-06
2.85301e-06
5.73907e-06
8.69036e-06
1.17814e-05
1.51584e-05
1.89389e-05
2.30328e-05
2.68727e-05
2.9368e-05
2.91396e-05
2.49694e-05
1.85388e-05
1.96031e-05
3.06206e-05
4.16849e-05
4.79372e-05
4.78334e-05
4.35355e-05
3.46629e-05
3.00834e-05
1.64282e-05
4.91805e-07
4.69588e-07
4.47227e-07
4.22136e-07
3.93633e-07
3.61305e-07
3.25474e-07
2.90077e-07
2.67547e-07
2.81946e-07
3.54364e-07
4.85331e-07
6.66899e-07
8.93907e-07
1.16391e-06
1.47535e-06
1.82648e-06
2.21492e-06
2.6374e-06
3.08974e-06
3.56689e-06
4.06308e-06
4.57201e-06
5.08707e-06
5.6017e-06
6.1096e-06
6.60503e-06
7.0829e-06
7.53891e-06
7.96939e-06
8.37121e-06
8.74152e-06
9.07767e-06
9.37711e-06
9.63737e-06
9.85605e-06
1.00307e-05
1.01588e-05
1.02376e-05
1.02647e-05
1.02377e-05
1.01558e-05
1.00203e-05
9.83708e-06
9.61899e-06
9.38968e-06
9.18745e-06
9.06795e-06
9.1018e-06
9.36158e-06
9.89661e-06
1.07094e-05
1.17419e-05
1.28798e-05
1.39679e-05
1.4831e-05
1.52851e-05
1.51427e-05
1.42239e-05
1.23754e-05
9.5068e-06
5.65602e-06
1.45277e-06
4.81066e-06
1.03047e-05
1.56125e-05
2.02093e-05
2.36838e-05
2.57796e-05
2.64247e-05
2.57161e-05
2.38841e-05
2.12177e-05
1.80155e-05
1.4538e-05
1.0991e-05
7.53708e-06
4.36781e-06
2.2615e-06
3.43268e-06
6.04346e-06
8.86125e-06
1.18369e-05
1.5115e-05
1.88643e-05
2.30566e-05
2.71885e-05
3.03405e-05
3.11715e-05
2.86267e-05
2.568e-05
2.93699e-05
3.93238e-05
4.94241e-05
5.53931e-05
5.4981e-05
4.98042e-05
3.95173e-05
3.37457e-05
1.8343e-05
3.48549e-07
3.18628e-07
2.90733e-07
2.63423e-07
2.36712e-07
2.11111e-07
1.88385e-07
1.74736e-07
1.8333e-07
2.28183e-07
3.13516e-07
4.37183e-07
5.97529e-07
7.943e-07
1.02768e-06
1.29754e-06
1.60307e-06
1.94257e-06
2.31337e-06
2.71194e-06
3.13394e-06
3.57445e-06
4.02818e-06
4.48979e-06
4.95407e-06
5.41619e-06
5.87184e-06
6.31731e-06
6.7494e-06
7.1654e-06
7.56281e-06
7.93914e-06
8.29164e-06
8.61709e-06
8.91174e-06
9.17122e-06
9.39066e-06
9.56467e-06
9.68745e-06
9.75296e-06
9.75535e-06
9.68974e-06
9.55362e-06
9.34902e-06
9.08569e-06
8.78535e-06
8.48686e-06
8.25078e-06
8.15883e-06
8.30023e-06
8.74193e-06
9.49498e-06
1.05016e-05
1.1646e-05
1.27779e-05
1.3727e-05
1.43121e-05
1.43444e-05
1.36361e-05
1.20223e-05
9.39816e-06
5.7583e-06
1.46957e-06
4.72364e-06
1.07854e-05
1.69228e-05
2.23816e-05
2.65143e-05
2.89319e-05
2.95487e-05
2.85505e-05
2.62816e-05
2.31589e-05
1.95628e-05
1.57873e-05
1.20472e-05
8.52611e-06
5.49592e-06
3.73666e-06
4.44015e-06
6.62079e-06
9.19769e-06
1.19938e-05
1.51482e-05
1.88821e-05
2.32041e-05
2.77588e-05
3.18518e-05
3.41153e-05
3.42691e-05
3.51255e-05
3.90982e-05
4.62478e-05
5.48273e-05
6.1184e-05
6.16644e-05
5.65701e-05
4.52548e-05
3.82848e-05
2.06624e-05
2.74991e-07
2.29984e-07
1.86566e-07
1.4532e-07
1.0924e-07
8.65506e-08
9.16078e-08
1.25659e-07
1.7938e-07
2.50266e-07
3.40388e-07
4.53105e-07
5.9173e-07
7.58978e-07
9.56732e-07
1.18593e-06
1.44655e-06
1.73757e-06
2.05707e-06
2.4023e-06
2.76979e-06
3.15554e-06
3.55525e-06
3.96454e-06
4.37925e-06
4.79564e-06
5.21063e-06
5.62176e-06
6.0272e-06
6.42544e-06
6.81493e-06
7.1937e-06
7.559e-06
7.90705e-06
8.23302e-06
8.53102e-06
8.79411e-06
9.01436e-06
9.18287e-06
9.28997e-06
9.32572e-06
9.28091e-06
9.1487e-06
8.92701e-06
8.62201e-06
8.25277e-06
7.85748e-06
7.50034e-06
7.27449e-06
7.28986e-06
7.63599e-06
8.33573e-06
9.32874e-06
1.04946e-05
1.16835e-05
1.27334e-05
1.34764e-05
1.37393e-05
1.33491e-05
1.21475e-05
1.00072e-05
6.89833e-06
3.83338e-06
6.68346e-06
1.36051e-05
2.11171e-05
2.77789e-05
3.264e-05
3.52109e-05
3.54399e-05
3.3629e-05
3.03373e-05
2.6223e-05
2.18355e-05
1.75278e-05
1.35013e-05
9.91787e-06
7.05319e-06
5.50701e-06
5.8542e-06
7.53275e-06
9.7514e-06
1.22871e-05
1.52898e-05
1.90009e-05
2.35015e-05
2.87294e-05
3.40302e-05
3.83908e-05
4.20263e-05
4.41445e-05
4.44507e-05
4.67147e-05
5.37376e-05
6.19786e-05
6.54436e-05
6.23179e-05
5.11361e-05
4.35139e-05
2.33356e-05
1.80849e-07
1.27837e-07
7.64414e-08
3.27524e-08
3.00239e-08
7.01222e-08
1.17377e-07
1.66513e-07
2.1874e-07
2.77347e-07
3.46933e-07
4.32715e-07
5.3967e-07
6.71842e-07
8.32001e-07
1.02159e-06
1.24084e-06
1.48892e-06
1.76404e-06
2.06367e-06
2.38469e-06
2.72363e-06
3.07689e-06
3.44101e-06
3.81292e-06
4.19008e-06
4.5706e-06
4.95322e-06
5.3371e-06
5.72162e-06
6.10594e-06
6.48861e-06
6.8672e-06
7.23799e-06
7.59571e-06
7.93336e-06
8.2421e-06
8.51113e-06
8.72789e-06
8.87846e-06
8.94843e-06
8.92425e-06
8.79505e-06
8.5552e-06
8.20772e-06
7.769e-06
7.27566e-06
6.79377e-06
6.42701e-06
6.30945e-06
6.5611e-06
7.21997e-06
8.21914e-06
9.428e-06
1.06987e-05
1.18852e-05
1.28446e-05
1.34293e-05
1.34739e-05
1.27766e-05
1.1108e-05
8.52444e-06
7.38178e-06
1.23958e-05
2.10538e-05
3.0037e-05
3.76014e-05
4.28361e-05
4.5359e-05
4.50298e-05
4.20578e-05
3.71319e-05
3.12559e-05
2.53592e-05
2.00097e-05
1.5425e-05
1.16798e-05
8.92919e-06
7.50434e-06
7.59598e-06
8.8111e-06
1.06155e-05
1.28343e-05
1.56282e-05
1.92584e-05
2.40602e-05
3.0133e-05
3.68554e-05
4.4135e-05
4.96092e-05
4.87257e-05
4.22465e-05
3.82026e-05
4.42924e-05
5.62255e-05
6.46512e-05
6.55088e-05
5.60615e-05
4.89005e-05
2.61835e-05
2.91935e-07
2.51805e-07
2.21999e-07
2.06645e-07
2.08595e-07
2.26274e-07
2.54824e-07
2.8993e-07
3.29557e-07
3.73976e-07
4.25476e-07
4.87923e-07
5.66032e-07
6.64429e-07
7.86821e-07
9.35545e-07
1.11151e-06
1.31439e-06
1.54286e-06
1.7948e-06
2.0676e-06
2.35832e-06
2.66396e-06
2.98175e-06
3.30935e-06
3.64515e-06
3.98829e-06
4.33872e-06
4.69699e-06
5.06389e-06
5.43993e-06
5.82482e-06
6.21679e-06
6.61207e-06
7.00433e-06
7.38438e-06
7.74e-06
8.05621e-06
8.31591e-06
8.5008e-06
8.59263e-06
8.57468e-06
8.43354e-06
8.16146e-06
7.75951e-06
7.24213e-06
6.64424e-06
6.03304e-06
5.52343e-06
5.2809e-06
5.4681e-06
6.13733e-06
7.19962e-06
8.50524e-06
9.91016e-06
1.12885e-05
1.25188e-05
1.34531e-05
1.3872e-05
1.347e-05
1.20916e-05
1.09887e-05
1.42779e-05
2.26364e-05
3.24432e-05
4.12177e-05
4.81548e-05
5.31842e-05
5.60717e-05
5.6148e-05
5.29403e-05
4.67828e-05
3.88855e-05
3.07658e-05
2.35751e-05
1.78247e-05
1.3574e-05
1.07709e-05
9.4065e-06
9.3451e-06
1.01958e-05
1.15865e-05
1.34405e-05
1.59302e-05
1.94602e-05
2.46482e-05
3.14575e-05
4.02115e-05
4.97331e-05
5.38868e-05
4.83771e-05
3.49964e-05
2.27577e-05
2.89443e-05
4.62507e-05
6.01301e-05
6.57646e-05
5.91714e-05
5.37117e-05
2.88796e-05
3.64249e-07
3.40572e-07
3.27004e-07
3.2329e-07
3.28906e-07
3.42277e-07
3.60892e-07
3.82359e-07
4.05094e-07
4.28719e-07
4.54438e-07
4.85324e-07
5.26249e-07
5.83193e-07
6.61939e-07
7.66704e-07
8.99465e-07
1.06013e-06
1.24714e-06
1.45805e-06
1.69003e-06
1.94015e-06
2.20573e-06
2.48458e-06
2.77524e-06
3.07719e-06
3.39095e-06
3.71797e-06
4.06039e-06
4.42055e-06
4.8002e-06
5.19961e-06
5.61654e-06
6.0454e-06
6.4768e-06
6.89749e-06
7.29096e-06
7.63833e-06
7.91944e-06
8.11387e-06
8.20197e-06
8.16578e-06
7.99046e-06
7.66636e-06
7.19222e-06
6.57971e-06
5.86109e-06
5.10442e-06
4.44176e-06
4.09539e-06
4.30271e-06
5.10464e-06
6.3336e-06
7.79897e-06
9.35674e-06
1.08873e-05
1.22555e-05
1.32634e-05
1.36474e-05
1.33382e-05
1.34476e-05
1.69425e-05
2.45675e-05
3.32278e-05
4.00976e-05
4.47813e-05
4.86823e-05
5.3243e-05
5.81776e-05
6.16327e-05
6.14486e-05
5.66681e-05
4.8193e-05
3.81291e-05
2.85787e-05
2.08382e-05
1.53454e-05
1.20308e-05
1.05783e-05
1.04686e-05
1.11278e-05
1.21977e-05
1.36301e-05
1.5653e-05
1.89999e-05
2.43653e-05
3.2257e-05
4.30368e-05
5.30048e-05
5.63404e-05
4.93273e-05
3.25827e-05
9.61362e-06
1.55124e-05
3.85483e-05
5.57621e-05
6.47145e-05
6.06021e-05
5.74287e-05
3.10487e-05
6.04784e-07
5.82118e-07
5.66324e-07
5.56616e-07
5.52961e-07
5.54603e-07
5.59958e-07
5.67264e-07
5.7497e-07
5.82036e-07
5.88324e-07
5.95032e-07
6.05082e-07
6.23271e-07
6.55839e-07
7.09231e-07
7.88394e-07
8.9564e-07
1.03068e-06
1.1915e-06
1.3753e-06
1.57926e-06
1.80102e-06
2.03908e-06
2.29305e-06
2.56389e-06
2.85383e-06
3.1661e-06
3.50419e-06
3.87092e-06
4.26723e-06
4.6911e-06
5.13688e-06
5.59503e-06
6.05263e-06
6.49413e-06
6.90238e-06
7.25941e-06
7.54683e-06
7.74588e-06
7.83729e-06
7.80153e-06
7.61994e-06
7.27735e-06
6.76586e-06
6.08967e-06
5.27217e-06
4.37146e-06
3.52057e-06
3.00644e-06
3.20688e-06
4.12925e-06
5.45452e-06
6.93316e-06
8.40488e-06
9.73174e-06
1.07731e-05
1.14399e-05
1.1992e-05
1.36335e-05
1.80052e-05
2.46843e-05
3.08641e-05
3.35632e-05
3.19923e-05
2.85394e-05
2.73768e-05
3.17463e-05
4.10523e-05
5.1854e-05
5.96593e-05
6.11351e-05
5.58184e-05
4.59437e-05
3.47078e-05
2.46346e-05
1.704e-05
1.23289e-05
1.02932e-05
1.00797e-05
1.06551e-05
1.14578e-05
1.23679e-05
1.37567e-05
1.68385e-05
2.27755e-05
3.19979e-05
4.38559e-05
5.71884e-05
6.37511e-05
5.7701e-05
4.17718e-05
2.33228e-05
2.31564e-05
4.10062e-05
5.66647e-05
6.556e-05
6.18356e-05
6.02198e-05
3.251e-05
7.65143e-07
7.48335e-07
7.37133e-07
7.29637e-07
7.25227e-07
7.23109e-07
7.21837e-07
7.19775e-07
7.15316e-07
7.07002e-07
6.93757e-07
6.75219e-07
6.52173e-07
6.27122e-07
6.04994e-07
5.93633e-07
6.0323e-07
6.4366e-07
7.20722e-07
8.34645e-07
9.82031e-07
1.15869e-06
1.36134e-06
1.58821e-06
1.83901e-06
2.11473e-06
2.41708e-06
2.74786e-06
3.10819e-06
3.49769e-06
3.91409e-06
4.35298e-06
4.80814e-06
5.27211e-06
5.73693e-06
6.19453e-06
6.63643e-06
7.05266e-06
7.43e-06
7.75015e-06
7.98876e-06
8.11624e-06
8.10081e-06
7.91381e-06
7.53611e-06
6.9634e-06
6.21028e-06
5.31638e-06
4.36022e-06
3.4936e-06
2.99313e-06
3.14401e-06
3.86054e-06
4.81358e-06
5.77222e-06
6.66931e-06
7.67047e-06
9.27405e-06
1.21393e-05
1.64951e-05
2.16345e-05
2.60156e-05
2.83046e-05
2.77891e-05
2.43825e-05
1.96558e-05
1.54359e-05
1.23411e-05
1.53927e-05
2.8348e-05
4.39879e-05
5.49002e-05
5.70637e-05
5.10454e-05
4.03682e-05
2.88194e-05
1.89063e-05
1.18443e-05
8.23951e-06
7.7932e-06
8.68248e-06
9.5416e-06
1.00219e-05
1.08625e-05
1.41509e-05
2.04858e-05
2.95314e-05
4.83622e-05
7.01226e-05
7.81256e-05
7.16041e-05
5.83939e-05
4.68778e-05
4.56196e-05
5.51383e-05
6.5444e-05
7.11331e-05
6.51644e-05
6.31615e-05
3.35935e-05
1.09115e-06
1.06777e-06
1.04721e-06
1.02816e-06
1.01053e-06
9.93697e-07
9.76397e-07
9.57139e-07
9.34367e-07
9.06484e-07
8.71987e-07
8.29695e-07
7.79059e-07
7.20636e-07
6.56922e-07
5.93784e-07
5.42613e-07
5.21504e-07
5.49853e-07
6.35729e-07
7.7266e-07
9.49405e-07
1.15693e-06
1.38934e-06
1.64307e-06
1.91606e-06
2.20737e-06
2.51707e-06
2.84648e-06
3.19863e-06
3.57913e-06
3.99665e-06
4.46291e-06
4.99112e-06
5.59293e-06
6.27395e-06
7.02949e-06
7.84148e-06
8.67788e-06
9.49435e-06
1.0238e-05
1.08526e-05
1.12855e-05
1.14948e-05
1.14573e-05
1.11714e-05
1.06589e-05
9.96371e-06
9.15145e-06
8.30689e-06
7.53119e-06
6.93492e-06
6.62187e-06
6.66417e-06
7.07725e-06
7.82284e-06
8.85206e-06
1.02279e-05
1.25244e-05
1.72154e-05
2.5798e-05
3.8741e-05
5.30809e-05
6.1979e-05
6.26556e-05
5.92453e-05
5.57665e-05
5.25403e-05
4.73659e-05
4.06102e-05
3.8888e-05
4.57948e-05
5.22059e-05
5.12699e-05
4.33639e-05
3.20567e-05
2.06998e-05
1.12564e-05
5.03838e-06
4.91789e-06
7.70908e-06
9.9172e-06
1.11377e-05
1.18875e-05
1.30932e-05
1.5772e-05
3.41947e-05
6.74693e-05
9.05925e-05
9.47478e-05
8.76534e-05
7.89545e-05
7.32297e-05
7.18747e-05
7.57513e-05
8.04679e-05
8.1944e-05
7.23158e-05
6.79268e-05
3.53427e-05
1.23883e-06
1.20992e-06
1.18435e-06
1.15914e-06
1.13336e-06
1.1064e-06
1.07714e-06
1.04425e-06
1.00638e-06
9.62082e-07
9.09951e-07
8.48721e-07
7.77439e-07
6.95668e-07
6.03813e-07
5.03761e-07
4.00381e-07
3.05728e-07
2.4872e-07
2.69338e-07
3.62208e-07
4.91006e-07
6.35327e-07
7.89359e-07
9.56829e-07
1.15058e-06
1.39287e-06
1.71323e-06
2.14335e-06
2.71122e-06
3.43702e-06
4.33115e-06
5.39344e-06
6.61262e-06
7.96595e-06
9.41956e-06
1.09296e-05
1.24441e-05
1.39059e-05
1.52551e-05
1.64327e-05
1.73842e-05
1.80646e-05
1.84455e-05
1.85203e-05
1.83038e-05
1.78294e-05
1.71455e-05
1.63105e-05
1.53831e-05
1.44112e-05
1.34146e-05
1.23642e-05
1.11523e-05
9.57318e-06
7.48641e-06
6.32435e-06
1.12704e-05
2.30188e-05
4.04736e-05
6.30228e-05
8.74125e-05
0.000104072
0.000104983
9.47757e-05
8.41669e-05
7.85976e-05
7.66697e-05
7.50524e-05
7.12156e-05
6.47702e-05
5.92478e-05
5.68596e-05
5.36568e-05
4.60792e-05
3.48483e-05
2.25942e-05
1.15175e-05
3.62504e-06
6.25337e-06
1.09925e-05
1.39984e-05
1.46324e-05
1.22127e-05
7.65998e-06
2.38838e-05
6.08582e-05
9.54015e-05
0.000110178
0.000110179
0.00010444
0.000100179
9.70525e-05
9.53007e-05
9.65379e-05
9.79559e-05
9.63982e-05
8.34904e-05
7.60413e-05
3.93679e-05
1.64626e-06
1.63393e-06
1.6256e-06
1.6197e-06
1.61669e-06
1.61665e-06
1.61904e-06
1.62342e-06
1.62957e-06
1.63728e-06
1.64642e-06
1.65706e-06
1.66954e-06
1.68462e-06
1.70362e-06
1.72862e-06
1.76278e-06
1.81073e-06
1.87909e-06
1.97706e-06
2.11677e-06
2.31324e-06
2.58364e-06
2.94586e-06
3.41683e-06
4.01103e-06
4.73909e-06
5.60711e-06
6.61427e-06
7.7528e-06
9.00721e-06
1.0354e-05
1.17619e-05
1.31937e-05
1.46084e-05
1.59634e-05
1.72178e-05
1.8334e-05
1.92787e-05
2.00221e-05
2.0537e-05
2.07964e-05
2.07741e-05
2.04502e-05
1.98167e-05
1.88762e-05
1.76351e-05
1.60974e-05
1.4255e-05
1.20742e-05
9.48086e-06
6.35557e-06
2.68843e-06
3.30488e-06
9.82449e-06
1.89112e-05
3.1205e-05
4.74469e-05
6.79904e-05
9.2617e-05
0.000119379
0.000139749
0.000142058
0.000128223
0.000109782
9.66479e-05
9.27672e-05
9.33607e-05
9.42958e-05
9.43274e-05
9.24327e-05
8.77031e-05
8.05952e-05
7.13046e-05
5.93138e-05
4.52198e-05
3.09299e-05
1.85646e-05
1.04338e-05
9.27664e-06
1.16738e-05
1.23799e-05
9.66474e-06
8.86884e-06
2.55916e-05
5.78546e-05
9.54681e-05
0.000117581
0.000123554
0.000123467
0.000119976
0.000116923
0.000112663
0.000110244
0.000112063
0.000113795
0.000111851
9.73116e-05
8.80066e-05
4.70333e-05
4.1879e-06
4.33219e-06
4.48846e-06
4.65102e-06
4.81981e-06
4.99689e-06
5.18352e-06
5.38024e-06
5.58778e-06
5.80691e-06
6.03831e-06
6.28255e-06
6.54026e-06
6.8121e-06
7.09886e-06
7.40144e-06
7.72088e-06
8.05829e-06
8.41472e-06
8.79093e-06
9.18703e-06
9.602e-06
1.00331e-05
1.0475e-05
1.09193e-05
1.13533e-05
1.17599e-05
1.21171e-05
1.24005e-05
1.25825e-05
1.2635e-05
1.25324e-05
1.22546e-05
1.17903e-05
1.114e-05
1.03187e-05
9.35777e-06
8.30715e-06
7.2401e-06
6.26182e-06
5.52243e-06
5.20845e-06
5.46109e-06
6.27855e-06
7.56751e-06
9.2649e-06
1.13785e-05
1.39715e-05
1.71469e-05
2.10433e-05
2.58334e-05
3.1724e-05
3.89433e-05
4.77158e-05
5.82582e-05
7.08096e-05
8.56128e-05
0.000102832
0.000122446
0.000143614
0.000161044
0.000164106
0.000153216
0.000138416
0.000122243
0.00011221
0.000112047
0.000114185
0.000114454
0.00011437
0.000115093
0.00011475
0.000110369
0.000100662
8.63553e-05
6.96234e-05
5.32238e-05
3.95197e-05
2.99108e-05
2.45048e-05
2.22307e-05
2.28522e-05
2.8883e-05
4.28172e-05
6.56525e-05
9.55662e-05
0.000118368
0.000124694
0.000129481
0.00013375
0.000130945
0.000125087
0.000117618
0.00011459
0.000119574
0.000125254
0.000126138
0.00011205
0.000103126
5.8571e-05
1.09328e-05
1.11266e-05
1.13106e-05
1.14828e-05
1.16421e-05
1.1787e-05
1.19158e-05
1.20266e-05
1.21164e-05
1.21815e-05
1.22169e-05
1.22168e-05
1.21742e-05
1.20812e-05
1.19283e-05
1.17049e-05
1.13989e-05
1.09966e-05
1.04825e-05
9.83963e-06
9.04908e-06
8.09035e-06
6.94162e-06
5.58043e-06
3.98539e-06
2.1428e-06
3.69638e-07
2.43549e-06
5.16198e-06
8.20615e-06
1.15478e-05
1.5161e-05
1.90077e-05
2.30374e-05
2.71891e-05
3.13941e-05
3.55813e-05
3.9683e-05
4.36421e-05
4.74208e-05
5.10095e-05
5.44326e-05
5.77476e-05
6.10144e-05
6.42799e-05
6.76084e-05
7.10946e-05
7.48545e-05
7.90149e-05
8.37218e-05
8.91194e-05
9.53348e-05
0.000102437
0.00011038
0.000118978
0.00012801
0.000137367
0.000147066
0.000156593
0.000163423
0.000161766
0.000153374
0.000148532
0.000144152
0.000135623
0.000129428
0.000129705
0.000132381
0.000133288
0.000133113
0.000134522
0.000137181
0.000137048
0.000130697
0.000117976
0.00010147
8.4688e-05
7.05419e-05
6.07619e-05
5.60825e-05
5.69703e-05
6.33439e-05
7.42217e-05
8.84036e-05
0.000104765
0.000117064
0.000115866
0.000114999
0.000128768
0.000139517
0.00013531
0.000124109
0.000112073
0.000107956
0.00011784
0.000130495
0.000136832
0.000125364
0.000119538
7.30279e-05
4.2622e-06
3.52862e-06
2.71502e-06
1.82088e-06
8.72668e-07
2.78799e-07
1.27589e-06
2.46236e-06
3.74772e-06
5.1361e-06
6.63699e-06
8.26182e-06
1.00234e-05
1.19357e-05
1.40135e-05
1.62722e-05
1.87278e-05
2.13962e-05
2.42929e-05
2.74325e-05
3.08274e-05
3.44878e-05
3.84199e-05
4.26247e-05
4.70973e-05
5.1825e-05
5.67858e-05
6.1948e-05
6.72718e-05
7.2707e-05
7.81946e-05
8.36687e-05
8.90592e-05
9.42949e-05
9.9307e-05
0.000104033
0.000108421
0.000112433
0.000116049
0.000119272
0.00012214
0.000124723
0.000127133
0.000129479
0.000131804
0.000134135
0.00013652
0.000138986
0.000141564
0.000144287
0.000147171
0.00015021
0.000153298
0.000156109
0.000158089
0.000158579
0.000157042
0.000152837
0.000145172
0.000133311
0.000121549
0.000121014
0.000131111
0.000137969
0.000136504
0.000135191
0.000137344
0.00014046
0.000143105
0.000145162
0.000148258
0.000153184
0.000156641
0.000154444
0.000145379
0.000131651
0.000117155
0.00010555
9.92647e-05
9.9262e-05
0.000104634
0.000112505
0.000119578
0.000122835
0.000118301
0.000102254
8.59701e-05
9.47011e-05
0.00012514
0.000141266
0.000133925
0.000116461
9.62831e-05
9.06694e-05
0.000109138
0.00013125
0.000144516
0.000136838
0.000134107
8.88651e-05
5.48833e-05
5.70672e-05
5.94162e-05
6.18376e-05
6.42982e-05
6.6815e-05
6.93922e-05
7.20313e-05
7.47387e-05
7.75216e-05
8.03868e-05
8.33408e-05
8.63897e-05
8.95393e-05
9.2794e-05
9.61571e-05
9.963e-05
0.000103212
0.0001069
0.000110687
0.000114562
0.00011851
0.000122511
0.00012654
0.000130567
0.000134556
0.000138469
0.000142264
0.000145898
0.000149326
0.000152508
0.000155409
0.000157999
0.00016026
0.000162181
0.000163764
0.000165019
0.000165966
0.000166626
0.000167032
0.00016723
0.000167329
0.000167463
0.000167768
0.000168163
0.000168534
0.000168808
0.000168847
0.000168555
0.000167785
0.000166355
0.000164037
0.000160538
0.000155419
0.000148031
0.000137645
0.00012372
0.000106301
8.68118e-05
6.99316e-05
6.43862e-05
7.68365e-05
0.000101158
0.000115924
0.000113354
0.000113972
0.000126386
0.000138698
0.000145314
0.000149774
0.000154934
0.000162242
0.000168398
0.000169465
0.000164323
0.00015496
0.000145252
0.000138725
0.00013676
0.00013797
0.00013894
0.000136537
0.000128439
0.000112733
8.94784e-05
6.68105e-05
5.92332e-05
8.24277e-05
0.00012417
0.000143762
0.000130738
0.000103736
7.46918e-05
6.66218e-05
9.5689e-05
0.000127248
0.000146116
0.000146333
0.000146121
0.000118354
0.000149978
0.000151586
0.000153398
0.000155137
0.000156804
0.000158434
0.000160028
0.000161584
0.000163106
0.000164596
0.000166053
0.000167475
0.000168861
0.000170207
0.000171507
0.000172755
0.00017394
0.000175053
0.000176081
0.000177009
0.00017782
0.000178496
0.000179018
0.000179365
0.00017952
0.000179463
0.000179182
0.000178665
0.000177911
0.000176926
0.000175724
0.000174332
0.000172788
0.000171138
0.000169436
0.000167742
0.000166111
0.000164588
0.000163197
0.000161923
0.000160706
0.000159396
0.000157874
0.000155975
0.000153642
0.000150823
0.000147507
0.000143668
0.000139231
0.000134004
0.000127786
0.000120369
0.000111547
0.000101106
8.88417e-05
7.47123e-05
5.91374e-05
4.37225e-05
3.11116e-05
2.12722e-05
1.70199e-05
4.24897e-05
8.49312e-05
0.000117948
0.000117243
8.57718e-05
6.14796e-05
7.44659e-05
9.81597e-05
0.000118344
0.000137429
0.000154419
0.000166657
0.000171474
0.000169529
0.000163955
0.000158367
0.000154922
0.000152841
0.000149895
0.000144521
0.000136316
0.000125483
0.000113359
0.000102828
9.64807e-05
9.50639e-05
0.000101265
0.000121636
0.000145868
0.000138812
9.61165e-05
4.52889e-05
4.3127e-05
9.17177e-05
0.000135522
0.000161054
0.000176446
0.000179178
0.000203291
0.000176358
0.000175731
0.000175432
0.000175129
0.000174789
0.000174396
0.000173939
0.000173411
0.000172804
0.000172105
0.000171299
0.000170371
0.000169306
0.000168088
0.000166697
0.000165118
0.000163331
0.000161319
0.000159062
0.000156544
0.000153749
0.000150663
0.000147274
0.000143577
0.000139569
0.000135253
0.000130639
0.000125745
0.000120593
0.000115214
0.000109644
0.000103924
9.81e-05
9.22192e-05
8.63313e-05
8.04888e-05
7.47444e-05
6.91527e-05
6.37607e-05
5.8602e-05
5.37406e-05
4.94025e-05
4.60701e-05
4.41762e-05
4.34408e-05
4.34806e-05
4.40477e-05
4.49587e-05
4.60681e-05
4.73653e-05
4.89113e-05
5.08377e-05
5.33088e-05
5.64341e-05
6.03491e-05
6.55574e-05
7.3102e-05
8.39947e-05
9.78183e-05
0.00011126
0.000118528
0.00011449
0.000101253
0.000101787
0.000141992
0.000197499
0.00024254
0.000268484
0.00027426
0.000261998
0.000232595
0.000188798
0.000138409
0.000101832
0.000107135
0.000142064
0.000178152
0.000204429
0.000219363
0.000225197
0.000225508
0.000223808
0.000223624
0.000228408
0.000240752
0.000259245
0.000274228
0.000271446
0.000239115
0.000175503
0.000127551
0.000154948
0.000199309
0.000210906
0.000181109
0.000124845
0.000110804
0.000187255
0.000261561
0.000347334
2.06795e-05
1.08666e-05
2.97788e-05
5.53513e-05
7.30068e-05
8.30355e-05
8.81391e-05
9.0586e-05
9.15069e-05
9.09064e-05
8.80794e-05
8.31382e-05
7.80921e-05
7.57053e-05
7.73805e-05
8.23518e-05
8.64249e-05
8.48111e-05
7.59383e-05
6.33118e-05
6.3918e-05
9.69466e-05
0.000153361
0.000216237
0.000272557
0.000317172
0.00034948
0.000370816
0.000382535
0.000385699
0.000381252
0.000371181
0.000355298
0.000332724
0.000303539
0.000268922
0.000231864
0.000196941
0.000169635
0.000155564
0.000157724
0.000174601
0.000201615
0.000233581
0.000261954
0.000277724
0.00027507
0.000256344
0.000235366
0.000222115
0.000208218
0.00018965
0.000190365
0.000226999
0.000282031
0.000335802
0.00037602
0.000395735
0.000392879
0.000370189
0.000330169
0.000278051
0.000224667
0.0001867
0.000180874
0.000205558
0.000243828
0.000282037
0.000312087
0.000330234
0.000337744
0.000338205
0.00033449
0.000328617
0.000322406
0.000316985
0.000312407
0.000307966
0.000303183
0.000299
0.00029779
0.000298757
0.000293187
0.000268903
0.000224907
0.000197529
0.000229959
0.000289398
0.000328501
0.000327012
0.00028448
0.000220383
0.000187886
0.000232534
0.000308305
0.000365691
0.000393374
0.00037823
0.000362648
0.000308698
1.18676e-05
5.06898e-05
7.19574e-05
7.4438e-05
6.88227e-05
5.87064e-05
4.61115e-05
3.33898e-05
2.31139e-05
1.68777e-05
1.36723e-05
1.19701e-05
1.17695e-05
1.07585e-05
7.76297e-06
6.15859e-06
1.56753e-05
3.56652e-05
6.43398e-05
0.000106063
0.000159861
0.000205567
0.000225135
0.000218968
0.000193359
0.000156482
0.000116413
7.97872e-05
5.18892e-05
3.92233e-05
4.55746e-05
6.29027e-05
8.4771e-05
0.000108044
0.000129271
0.000144151
0.000149652
0.000146086
0.000136173
0.00012421
0.000114223
0.000109603
0.000111707
0.000117709
0.000120618
0.000106105
7.01477e-05
6.34973e-05
9.15367e-05
0.000114777
0.000151578
0.000212271
0.000261073
0.000263382
0.000225002
0.00016574
0.000104744
6.1931e-05
6.7272e-05
0.000107298
0.000147697
0.000175217
0.000185795
0.000181113
0.000166357
0.000147089
0.000128008
0.000112937
0.000104268
0.000101491
0.000105276
0.000117376
0.000133151
0.000146909
0.000156136
0.000160888
0.000161935
0.000159497
0.000152775
0.00014042
0.00012372
0.000109033
0.000109338
0.000144948
0.000203018
0.000232566
0.000208091
0.000145411
7.8886e-05
8.57534e-05
0.00015626
0.000214448
0.000241742
0.000239714
0.000218732
0.000203156
0.000218808
0.00024669
0.000265526
0.000251443
5.14237e-05
9.94358e-05
8.27473e-05
5.36794e-05
3.1261e-05
1.64583e-05
6.35402e-06
8.88099e-06
1.80354e-05
2.55095e-05
2.93827e-05
3.0297e-05
2.94324e-05
2.80012e-05
2.32645e-05
2.06693e-05
3.9254e-05
6.52008e-05
9.92886e-05
0.000142227
0.000176445
0.000183612
0.000162696
0.000126917
9.04083e-05
5.96824e-05
3.49074e-05
1.86328e-05
2.53532e-05
4.33474e-05
6.01125e-05
7.54418e-05
9.23888e-05
0.000113464
0.000135774
0.00015254
0.000157903
0.000151461
0.000136536
0.000116918
9.61959e-05
7.68417e-05
6.27914e-05
6.11885e-05
7.38661e-05
8.46409e-05
6.90479e-05
2.32343e-05
5.62573e-05
0.000119447
0.000181931
0.00023018
0.000231603
0.00019058
0.000138814
9.22192e-05
5.16095e-05
1.88452e-05
4.77132e-05
9.31597e-05
0.00013286
0.000159635
0.00016961
0.000163988
0.000147633
0.000126184
0.000104571
8.62001e-05
7.27362e-05
6.3476e-05
5.53219e-05
4.48222e-05
3.23819e-05
2.52359e-05
2.93389e-05
3.77908e-05
4.5816e-05
5.37081e-05
6.25628e-05
7.22909e-05
8.1578e-05
9.28292e-05
0.000117764
0.000163398
0.000203662
0.00020395
0.000168946
0.000115335
4.80835e-05
5.75854e-05
0.000130864
0.000185734
0.000211251
0.000210228
0.000189922
0.000158292
0.000122565
0.000113278
0.000139459
0.000166774
0.000109287
9.23947e-05
3.38021e-05
4.70371e-06
1.63194e-05
2.10793e-05
2.42399e-05
2.86062e-05
3.3599e-05
3.75837e-05
3.87694e-05
3.90161e-05
3.97002e-05
3.37474e-05
1.95904e-05
2.79435e-05
5.09886e-05
7.69768e-05
0.000108739
0.000137227
0.000145764
0.000128425
9.51486e-05
6.2666e-05
4.03512e-05
2.49413e-05
1.20922e-05
1.97906e-05
4.06068e-05
6.02855e-05
7.40758e-05
8.1342e-05
8.76551e-05
0.000101381
0.000122208
0.000140259
0.000146481
0.000139446
0.000123131
0.000102794
8.2836e-05
6.54114e-05
5.09212e-05
4.07029e-05
4.00781e-05
5.40784e-05
6.1923e-05
4.40235e-05
5.046e-05
0.000112838
0.000176112
0.000202719
0.000176236
0.000129231
9.33722e-05
6.70437e-05
3.79604e-05
1.53566e-06
4.02902e-05
8.17459e-05
0.000118624
0.000144883
0.000155767
0.0001515
0.000136306
0.000115847
9.48192e-05
7.60532e-05
6.06734e-05
4.90405e-05
4.12713e-05
3.58114e-05
2.95573e-05
2.06968e-05
1.03068e-05
1.73602e-06
5.7262e-06
1.05798e-05
1.80681e-05
3.24414e-05
5.52469e-05
8.50047e-05
0.000122016
0.000162873
0.000185439
0.000176475
0.000147791
0.000101586
3.42862e-05
4.39672e-05
0.000113024
0.00016306
0.000187072
0.000185107
0.000163955
0.000134459
0.00010378
7.54155e-05
4.8259e-05
6.21139e-05
0.000141836
4.5257e-05
2.20277e-05
3.22703e-05
2.79869e-05
2.47705e-05
2.31444e-05
2.50861e-05
2.89484e-05
3.41455e-05
4.06006e-05
4.51996e-05
3.96011e-05
2.29989e-05
1.45342e-05
2.92556e-05
4.97635e-05
7.4556e-05
9.9561e-05
0.000113919
0.000107888
8.33476e-05
5.35316e-05
3.19571e-05
2.05774e-05
1.10275e-05
8.22196e-06
2.8813e-05
5.27744e-05
7.40602e-05
8.65013e-05
8.68026e-05
8.02831e-05
8.11478e-05
9.56604e-05
0.000112616
0.000120103
0.000113967
9.78365e-05
7.81994e-05
6.00702e-05
4.58991e-05
3.58454e-05
3.06642e-05
3.02186e-05
3.76212e-05
5.51381e-05
6.03284e-05
6.62278e-05
0.00011007
0.000158509
0.000165176
0.000128519
9.03171e-05
6.94886e-05
5.29817e-05
3.15445e-05
1.79345e-05
3.9613e-05
7.14313e-05
0.000103046
0.000127515
0.000139231
0.000136681
0.000123151
0.000104307
8.49495e-05
6.77291e-05
5.35352e-05
4.23857e-05
3.39514e-05
2.7987e-05
2.37008e-05
1.91538e-05
1.28912e-05
5.48575e-06
1.79958e-06
6.12502e-06
1.00986e-05
1.89767e-05
3.88996e-05
7.20877e-05
0.000113926
0.000151137
0.000165266
0.000155234
0.000132113
9.4434e-05
5.06393e-05
5.57204e-05
0.000102062
0.000141617
0.000162379
0.000160549
0.000141446
0.000114843
8.72512e-05
6.33769e-05
4.25173e-05
1.36569e-05
0.000137003
3.02478e-05
3.34494e-05
2.90012e-05
2.30268e-05
1.85363e-05
1.43106e-05
1.5302e-05
2.375e-05
3.44161e-05
4.10037e-05
3.7807e-05
2.63828e-05
1.43541e-05
9.33473e-06
2.31834e-05
4.40957e-05
6.71012e-05
8.6508e-05
9.38993e-05
8.45581e-05
6.34303e-05
4.2568e-05
3.04378e-05
2.57552e-05
2.36842e-05
2.63391e-05
3.74178e-05
5.54116e-05
7.50365e-05
8.87957e-05
8.82386e-05
7.47053e-05
6.38643e-05
7.00021e-05
8.49411e-05
9.44222e-05
9.13928e-05
7.80333e-05
6.08013e-05
4.5155e-05
3.35984e-05
2.59001e-05
2.19011e-05
2.47178e-05
3.15857e-05
4.88074e-05
6.72133e-05
8.01068e-05
0.000109772
0.000140076
0.000132964
9.54949e-05
6.68026e-05
5.42369e-05
4.2943e-05
3.07463e-05
2.85712e-05
4.19439e-05
6.39524e-05
8.90707e-05
0.000111226
0.000123504
0.00012274
0.000111242
9.43575e-05
7.69262e-05
6.16844e-05
4.93682e-05
3.96002e-05
3.18201e-05
2.56781e-05
2.08778e-05
1.68643e-05
1.26152e-05
7.45333e-06
3.71688e-06
6.71732e-06
1.06745e-05
1.66167e-05
3.1303e-05
6.08558e-05
0.000101289
0.000135331
0.000146473
0.00013717
0.000117809
9.01994e-05
6.57639e-05
6.92799e-05
9.74452e-05
0.000126637
0.000143206
0.000141193
0.000122834
9.67394e-05
7.09524e-05
5.09461e-05
3.6648e-05
2.05416e-05
0.000116771
3.58765e-05
3.19103e-05
2.79358e-05
2.26944e-05
1.61516e-05
1.02716e-05
1.45716e-05
2.41962e-05
3.07117e-05
3.14439e-05
2.74562e-05
2.07253e-05
1.04599e-05
4.57889e-06
2.26335e-05
4.32854e-05
6.42315e-05
8.07068e-05
8.65706e-05
7.95602e-05
6.43463e-05
4.9743e-05
4.13088e-05
3.8299e-05
3.7936e-05
4.01587e-05
4.58173e-05
5.53581e-05
6.82165e-05
8.04336e-05
8.1407e-05
6.66537e-05
5.01206e-05
5.03587e-05
6.37443e-05
7.62252e-05
7.79393e-05
6.85618e-05
5.42086e-05
4.07527e-05
3.0863e-05
2.44486e-05
2.02768e-05
2.11214e-05
2.84033e-05
4.36764e-05
6.76235e-05
8.71483e-05
0.000109004
0.000124969
0.000110069
7.52033e-05
5.25235e-05
4.35641e-05
3.64344e-05
3.14675e-05
3.30366e-05
4.15983e-05
5.66886e-05
7.65698e-05
9.6378e-05
0.000108829
0.000109541
9.99179e-05
8.49218e-05
6.93477e-05
5.59056e-05
4.52994e-05
3.71394e-05
3.07203e-05
2.54619e-05
2.10116e-05
1.71757e-05
1.37274e-05
1.03036e-05
7.50346e-06
8.22278e-06
1.19072e-05
1.7312e-05
2.88518e-05
5.32493e-05
8.89334e-05
0.000119489
0.000129368
0.000120662
0.000104445
8.48037e-05
7.04463e-05
7.31248e-05
9.14372e-05
0.000113166
0.000126508
0.000124938
0.000108743
8.43762e-05
5.90463e-05
4.08575e-05
2.93865e-05
1.75444e-05
9.3829e-05
4.06298e-05
3.20466e-05
2.59566e-05
1.90702e-05
1.20339e-05
9.15168e-06
1.44316e-05
2.06965e-05
2.47773e-05
2.59661e-05
2.36973e-05
1.8148e-05
1.19325e-05
1.57261e-05
3.05098e-05
4.8923e-05
6.75579e-05
8.21634e-05
8.79218e-05
8.30889e-05
7.1312e-05
5.86764e-05
5.02718e-05
4.63432e-05
4.47364e-05
4.47992e-05
4.72181e-05
5.18331e-05
5.95989e-05
6.86478e-05
6.99016e-05
5.57583e-05
3.83822e-05
3.7177e-05
5.06875e-05
6.65088e-05
7.18854e-05
6.51812e-05
5.29998e-05
4.15297e-05
3.30804e-05
2.74609e-05
2.34908e-05
2.20662e-05
2.71515e-05
3.97238e-05
6.41795e-05
8.83277e-05
0.000106841
0.000113926
9.5654e-05
6.37909e-05
4.40368e-05
3.67415e-05
3.25291e-05
3.09525e-05
3.27612e-05
3.82005e-05
4.90348e-05
6.55829e-05
8.36379e-05
9.60985e-05
9.79015e-05
8.9763e-05
7.63881e-05
6.25196e-05
5.07667e-05
4.16574e-05
3.4683e-05
2.92008e-05
2.47582e-05
2.10254e-05
1.77359e-05
1.47325e-05
1.19644e-05
9.74606e-06
9.51827e-06
1.21788e-05
1.71846e-05
2.7253e-05
4.7721e-05
7.82227e-05
0.000105234
0.000114128
0.00010587
9.17497e-05
7.66232e-05
6.68331e-05
6.93972e-05
8.32798e-05
0.000100737
0.000112471
0.000111783
9.78249e-05
7.57492e-05
5.1398e-05
3.33797e-05
2.4161e-05
1.45639e-05
7.45957e-05
4.51188e-05
3.01999e-05
2.10915e-05
1.487e-05
1.08811e-05
1.11657e-05
1.55151e-05
2.05351e-05
2.39296e-05
2.44552e-05
2.20704e-05
1.85805e-05
1.86673e-05
2.66338e-05
4.02807e-05
5.64766e-05
7.26097e-05
8.51821e-05
9.05137e-05
8.67594e-05
7.63903e-05
6.4197e-05
5.46963e-05
4.8758e-05
4.4557e-05
4.1682e-05
4.0886e-05
4.27002e-05
4.83396e-05
5.62009e-05
5.75413e-05
4.42623e-05
2.82535e-05
2.8388e-05
4.35993e-05
6.16336e-05
6.79261e-05
6.17395e-05
5.07737e-05
4.11069e-05
3.43385e-05
2.99592e-05
2.68235e-05
2.47246e-05
2.73436e-05
3.68933e-05
5.88608e-05
8.53654e-05
0.000103255
0.000106072
8.72133e-05
5.80349e-05
3.95326e-05
3.27964e-05
2.98557e-05
2.89407e-05
2.97315e-05
3.31226e-05
4.15319e-05
5.58577e-05
7.28417e-05
8.53458e-05
8.77799e-05
8.05937e-05
6.84879e-05
5.61256e-05
4.58753e-05
3.80346e-05
3.20123e-05
2.72034e-05
2.32599e-05
1.99955e-05
1.72474e-05
1.48676e-05
1.27683e-05
1.10793e-05
1.05622e-05
1.22583e-05
1.64931e-05
2.53837e-05
4.30246e-05
6.91633e-05
9.29476e-05
0.000100956
9.31415e-05
7.98799e-05
6.65659e-05
5.84338e-05
6.06333e-05
7.28316e-05
8.87824e-05
0.000100218
0.000100719
8.89875e-05
6.94876e-05
4.70832e-05
2.92095e-05
2.02972e-05
1.26104e-05
6.25628e-05
4.83165e-05
3.04754e-05
1.81771e-05
1.20068e-05
1.09103e-05
1.31587e-05
1.71859e-05
2.10964e-05
2.3572e-05
2.4383e-05
2.39906e-05
2.35752e-05
2.64906e-05
3.55643e-05
4.83729e-05
6.23811e-05
7.57812e-05
8.6139e-05
9.0592e-05
8.74203e-05
7.78566e-05
6.58929e-05
5.52721e-05
4.71055e-05
4.01934e-05
3.44312e-05
3.12023e-05
3.16798e-05
3.67234e-05
4.45805e-05
4.61709e-05
3.35229e-05
2.00552e-05
2.30068e-05
4.0404e-05
5.88035e-05
6.37516e-05
5.68912e-05
4.67214e-05
3.85442e-05
3.31925e-05
3.00156e-05
2.80941e-05
2.65602e-05
2.78525e-05
3.48743e-05
5.28731e-05
7.95878e-05
9.83171e-05
0.00010009
8.22725e-05
5.55749e-05
3.76268e-05
3.05608e-05
2.76168e-05
2.6158e-05
2.56828e-05
2.75594e-05
3.44741e-05
4.75779e-05
6.40886e-05
7.65529e-05
7.90643e-05
7.23085e-05
6.11946e-05
5.02082e-05
4.13275e-05
3.45736e-05
2.9309e-05
2.50108e-05
2.14259e-05
1.8453e-05
1.60146e-05
1.40219e-05
1.24039e-05
1.11828e-05
1.07496e-05
1.19044e-05
1.53539e-05
2.30989e-05
3.85583e-05
6.13514e-05
8.24764e-05
8.98608e-05
8.257e-05
6.93442e-05
5.60371e-05
4.77823e-05
4.96115e-05
6.17315e-05
7.77657e-05
8.96087e-05
9.12446e-05
8.13793e-05
6.42024e-05
4.41578e-05
2.72682e-05
1.79081e-05
1.10455e-05
5.61414e-05
4.83834e-05
3.17086e-05
1.78932e-05
1.02632e-05
8.43249e-06
9.58682e-06
1.14015e-05
1.20743e-05
1.21231e-05
1.50037e-05
2.16796e-05
2.92388e-05
3.59294e-05
4.34304e-05
5.41016e-05
6.5576e-05
7.62191e-05
8.42786e-05
8.75511e-05
8.46243e-05
7.60538e-05
6.46449e-05
5.33924e-05
4.34994e-05
3.44271e-05
2.62788e-05
2.08043e-05
2.07243e-05
2.65915e-05
3.51821e-05
3.65914e-05
2.39421e-05
1.40946e-05
2.01568e-05
3.95099e-05
5.6507e-05
5.89125e-05
5.12544e-05
4.20456e-05
3.52543e-05
3.09896e-05
2.85617e-05
2.74438e-05
2.6775e-05
2.7733e-05
3.31726e-05
4.70968e-05
7.21121e-05
9.21253e-05
9.48624e-05
7.90509e-05
5.47891e-05
3.71698e-05
2.92213e-05
2.55815e-05
2.32106e-05
2.15729e-05
2.23148e-05
2.8203e-05
4.08083e-05
5.73103e-05
6.94503e-05
7.14446e-05
6.4716e-05
5.44406e-05
4.47442e-05
3.70947e-05
3.12613e-05
2.66265e-05
2.27711e-05
1.95134e-05
1.67942e-05
1.45828e-05
1.285e-05
1.15639e-05
1.07061e-05
1.04433e-05
1.13192e-05
1.41036e-05
2.07045e-05
3.42581e-05
5.44424e-05
7.35025e-05
8.06235e-05
7.40376e-05
6.06395e-05
4.63511e-05
3.65934e-05
3.7904e-05
5.10941e-05
6.8043e-05
8.04385e-05
8.29044e-05
7.44696e-05
5.92424e-05
4.15575e-05
2.63429e-05
1.6856e-05
9.73505e-06
5.03871e-05
4.02635e-05
3.41545e-05
3.0232e-05
2.97794e-05
3.02335e-05
2.98788e-05
2.89081e-05
2.72725e-05
2.53294e-05
2.47508e-05
2.76142e-05
3.44132e-05
4.35703e-05
5.20105e-05
5.87915e-05
6.66177e-05
7.43801e-05
8.00428e-05
8.20164e-05
7.92114e-05
7.17449e-05
6.13598e-05
5.02551e-05
3.95738e-05
2.92463e-05
1.93342e-05
1.14981e-05
1.13673e-05
1.91855e-05
2.85534e-05
2.87621e-05
1.54521e-05
1.08614e-05
1.92982e-05
3.98804e-05
5.39797e-05
5.3485e-05
4.54534e-05
3.74961e-05
3.2048e-05
2.86928e-05
2.67542e-05
2.59736e-05
2.58436e-05
2.68014e-05
3.13457e-05
4.19821e-05
6.38705e-05
8.48454e-05
8.96675e-05
7.64753e-05
5.46787e-05
3.74029e-05
2.83773e-05
2.37406e-05
2.04338e-05
1.78326e-05
1.75869e-05
2.27911e-05
3.56851e-05
5.23752e-05
6.36635e-05
6.46074e-05
5.76957e-05
4.82321e-05
3.9768e-05
3.32175e-05
2.81716e-05
2.4083e-05
2.06359e-05
1.77034e-05
1.52442e-05
1.3239e-05
1.16781e-05
1.0562e-05
9.89369e-06
9.7508e-06
1.04792e-05
1.27647e-05
1.83386e-05
3.01724e-05
4.82169e-05
6.5703e-05
7.28945e-05
6.72755e-05
5.39991e-05
3.848e-05
2.61127e-05
2.67314e-05
4.19188e-05
5.99055e-05
7.25687e-05
7.54376e-05
6.8002e-05
5.43462e-05
3.8794e-05
2.54899e-05
1.65799e-05
8.98038e-06
4.36637e-05
2.84655e-05
4.02941e-05
4.98849e-05
5.70729e-05
6.1206e-05
6.29773e-05
6.3712e-05
6.44207e-05
6.58924e-05
6.81168e-05
7.01732e-05
7.0202e-05
6.70557e-05
6.33733e-05
6.38561e-05
6.69414e-05
7.07957e-05
7.41304e-05
7.49473e-05
7.22144e-05
6.58405e-05
5.68076e-05
4.65792e-05
3.61277e-05
2.56716e-05
1.51433e-05
5.05113e-06
5.29877e-06
1.53079e-05
2.44967e-05
2.1919e-05
8.16472e-06
1.0097e-05
2.00821e-05
4.06933e-05
5.08116e-05
4.77003e-05
3.98884e-05
3.33159e-05
2.90475e-05
2.64275e-05
2.4884e-05
2.42747e-05
2.43764e-05
2.53084e-05
2.92021e-05
3.76135e-05
5.56814e-05
7.67598e-05
8.40998e-05
7.392e-05
5.46584e-05
3.79102e-05
2.79028e-05
2.2199e-05
1.80046e-05
1.45363e-05
1.32364e-05
1.83136e-05
3.2325e-05
4.89659e-05
5.87489e-05
5.82975e-05
5.11957e-05
4.25898e-05
3.52889e-05
2.96999e-05
2.53302e-05
2.17298e-05
1.86688e-05
1.60564e-05
1.38588e-05
1.20602e-05
1.0662e-05
9.67677e-06
9.11446e-06
9.01649e-06
9.60983e-06
1.14785e-05
1.61374e-05
2.63847e-05
4.25571e-05
5.87985e-05
6.62858e-05
6.18978e-05
4.93061e-05
3.3076e-05
1.746e-05
1.69489e-05
3.48185e-05
5.33682e-05
6.58053e-05
6.86645e-05
6.18845e-05
4.95046e-05
3.5815e-05
2.43682e-05
1.65373e-05
8.7477e-06
4.72904e-05
2.65559e-05
3.7057e-05
5.011e-05
6.02545e-05
6.71616e-05
7.16813e-05
7.51698e-05
7.85558e-05
8.27427e-05
8.81172e-05
9.41998e-05
9.93774e-05
0.000100803
9.45914e-05
7.89147e-05
6.76619e-05
6.66087e-05
6.72503e-05
6.69465e-05
6.4362e-05
5.90711e-05
5.1526e-05
4.26486e-05
3.32296e-05
2.36701e-05
1.41118e-05
5.97404e-06
5.81327e-06
1.46965e-05
2.19835e-05
1.49277e-05
5.43127e-06
1.01156e-05
2.2287e-05
4.11877e-05
4.68534e-05
4.18903e-05
3.48308e-05
2.95825e-05
2.62516e-05
2.41773e-05
2.29483e-05
2.24857e-05
2.27007e-05
2.35732e-05
2.68216e-05
3.37621e-05
4.8086e-05
6.82304e-05
7.80394e-05
7.11016e-05
5.44391e-05
3.84362e-05
2.76622e-05
2.09115e-05
1.58234e-05
1.14737e-05
9.04193e-06
1.51623e-05
3.07248e-05
4.66031e-05
5.42928e-05
5.23645e-05
4.52265e-05
3.75392e-05
3.13065e-05
2.65449e-05
2.27608e-05
1.96022e-05
1.69016e-05
1.45901e-05
1.26385e-05
1.10332e-05
9.77604e-06
8.88235e-06
8.37219e-06
8.27972e-06
8.75557e-06
1.02795e-05
1.41507e-05
2.29494e-05
3.74122e-05
5.25936e-05
6.04699e-05
5.74668e-05
4.60793e-05
3.00924e-05
1.20846e-05
9.83031e-06
3.00693e-05
4.82615e-05
5.99504e-05
6.24739e-05
5.61135e-05
4.48098e-05
3.2737e-05
2.29469e-05
1.63691e-05
8.78669e-06
5.88464e-05
4.64801e-05
3.92038e-05
4.24414e-05
5.03011e-05
5.82817e-05
6.52972e-05
7.16598e-05
7.75642e-05
8.31582e-05
8.8797e-05
9.47554e-05
0.000101006
0.000106861
0.000110661
0.000106426
8.43662e-05
6.41829e-05
6.03831e-05
5.90806e-05
5.64345e-05
5.20698e-05
4.60059e-05
3.86689e-05
3.06787e-05
2.25258e-05
1.47537e-05
9.36472e-06
8.66591e-06
1.58972e-05
1.9401e-05
6.78596e-06
9.47438e-06
1.0078e-05
2.55678e-05
4.07565e-05
4.22002e-05
3.63794e-05
3.04124e-05
2.63047e-05
2.36763e-05
2.19936e-05
2.09955e-05
2.06524e-05
2.09352e-05
2.1768e-05
2.44629e-05
3.03455e-05
4.14332e-05
5.96628e-05
7.14643e-05
6.78286e-05
5.38873e-05
3.89573e-05
2.78145e-05
2.02056e-05
1.42668e-05
8.97941e-06
5.19792e-06
1.41008e-05
3.06299e-05
4.47955e-05
5.00236e-05
4.67649e-05
3.98131e-05
3.30749e-05
2.77948e-05
2.37383e-05
2.04629e-05
1.77009e-05
1.53272e-05
1.3287e-05
1.15559e-05
1.01244e-05
9.00139e-06
8.20085e-06
7.73347e-06
7.626e-06
7.98728e-06
9.21011e-06
1.24016e-05
1.98957e-05
3.27742e-05
4.69862e-05
5.52527e-05
5.3706e-05
4.39305e-05
2.91543e-05
1.17084e-05
7.85972e-06
2.74396e-05
4.43218e-05
5.48534e-05
5.68166e-05
5.07149e-05
4.03479e-05
2.96907e-05
2.13202e-05
1.5962e-05
8.85199e-06
)
;

boundaryField
{
    outlet
    {
        type            zeroGradient;
    }
    inlet
    {
        type            zeroGradient;
    }
    lowerWall
    {
        type            zeroGradient;
    }
    upperWall
    {
        type            zeroGradient;
    }
    frontAndBack
    {
        type            empty;
    }
}


// ************************************************************************* //
