/*--------------------------------*- C++ -*----------------------------------*\
  =========                 |
  \\      /  F ield         | OpenFOAM: The Open Source CFD Toolbox
   \\    /   O peration     | Website:  https://openfoam.org
    \\  /    A nd           | Version:  10
     \\/     M anipulation  |
\*---------------------------------------------------------------------------*/
FoamFile
{
    format      ascii;
    class       volScalarField;
    location    "0.005";
    object      nut;
}
// * * * * * * * * * * * * * * * * * * * * * * * * * * * * * * * * * * * * * //

dimensions      [0 2 -1 0 0 0 0];

internalField   nonuniform List<scalar> 
6820
(
0.000149483
0.000144852
0.000140594
0.000136604
0.000132807
0.000129216
0.000126085
0.000123892
0.000122991
0.000123192
0.00012374
0.000123769
0.000122853
0.000121172
0.000119279
0.00011771
0.000116734
0.00011633
0.00011632
0.000116509
0.000116762
0.00011702
0.000117276
0.000117544
0.000117846
0.000118202
0.000118628
0.000119177
0.00011977
0.000120939
0.00012077
0.000128274
0.000104064
0.000729185
0.00053261
0.00044848
0.000400406
0.000369179
0.000347566
0.00033253
0.000323114
0.000318862
0.00031852
0.000319806
0.000320384
0.000319027
0.000316038
0.000312616
0.000309933
0.000308581
0.000308543
0.000309455
0.000310916
0.000312659
0.000314585
0.000316717
0.000319145
0.000321996
0.000325429
0.000329649
0.000334954
0.000341793
0.000350892
0.000363665
0.000381565
0.000415577
0.000976795
0.00087224
0.000781821
0.000711658
0.000657902
0.000616244
0.0005842
0.000561036
0.00054643
0.000538908
0.000535475
0.00053285
0.000529171
0.000524526
0.0005201
0.000517069
0.000515944
0.00051657
0.000518468
0.000521157
0.000524335
0.00052791
0.000531946
0.000536604
0.000542115
0.000548778
0.000556997
0.000567362
0.000580726
0.000598543
0.000622989
0.000658049
0.000712071
0.00101348
0.000988223
0.000949378
0.000906239
0.000864574
0.000827106
0.000795462
0.000771054
0.000754564
0.000744912
0.000739185
0.000734147
0.000728155
0.000721625
0.000715987
0.000712423
0.000711261
0.000712142
0.000714462
0.000717696
0.000721541
0.000725917
0.000730913
0.000736727
0.000743645
0.000752043
0.000762434
0.000775551
0.000792454
0.000814789
0.000845066
0.000886905
0.000947731
0.00101671
0.00101243
0.00100191
0.000985553
0.000965412
0.000944175
0.000924677
0.000909349
0.000899347
0.000893802
0.000890037
0.000885217
0.000878287
0.000870296
0.000863222
0.000858523
0.000856555
0.000856878
0.000858807
0.000861766
0.00086542
0.000869665
0.00087458
0.000880363
0.00088731
0.000895816
0.000906417
0.000919863
0.000937221
0.000960041
0.000990621
0.00103186
0.00108941
0.00101676
0.00101593
0.00101359
0.00100883
0.0010016
0.000993159
0.000985729
0.000981313
0.000980449
0.00098169
0.000982149
0.000979243
0.000972436
0.000963458
0.000954931
0.00094876
0.000945515
0.000944804
0.000945905
0.000948177
0.00095122
0.000954881
0.000959203
0.000964365
0.000970649
0.000978434
0.000988233
0.00100074
0.00101693
0.00103813
0.00106623
0.00110345
0.00115369
0.00101671
0.00101625
0.00101554
0.00101406
0.00101163
0.0010092
0.00100869
0.00101165
0.00101781
0.00102488
0.0010294
0.0010287
0.0010225
0.001013
0.00100334
0.000995853
0.000991385
0.000989648
0.000989919
0.000991501
0.000993927
0.000996986
0.00100068
0.00100517
0.0010107
0.00101763
0.00102641
0.00103767
0.00105223
0.00107118
0.00109598
0.00112828
0.00117066
0.0010167
0.00101625
0.00101576
0.00101495
0.00101381
0.0010134
0.00101569
0.00102214
0.00103212
0.0010427
0.00104995
0.00105092
0.00104537
0.00103569
0.00102534
0.00101696
0.0010116
0.0010091
0.00100876
0.00100983
0.00101181
0.00101443
0.00101767
0.00102164
0.00102658
0.00103279
0.00104068
0.00105079
0.00106378
0.00108052
0.0011021
0.0011297
0.001165
0.0010167
0.00101624
0.00101577
0.00101505
0.00101417
0.00101425
0.00101739
0.00102509
0.00103663
0.00104887
0.00105758
0.00105959
0.00105454
0.00104488
0.00103419
0.00102528
0.00101937
0.00101639
0.00101564
0.0010164
0.0010181
0.00102044
0.00102338
0.001027
0.0010315
0.00103717
0.00104434
0.00105346
0.00106507
0.00107982
0.00109853
0.00112202
0.00115137
0.0010167
0.00101624
0.00101576
0.00101506
0.00101421
0.00101437
0.00101767
0.00102568
0.00103773
0.00105062
0.00106003
0.00106263
0.00105795
0.00104838
0.00103754
0.00102834
0.0010221
0.00101881
0.00101782
0.00101837
0.00101989
0.00102206
0.0010248
0.00102816
0.00103234
0.00103756
0.00104412
0.00105238
0.00106276
0.00107577
0.00109199
0.00111199
0.00113645
0.0010167
0.00101624
0.00101576
0.00101506
0.00101421
0.00101436
0.00101764
0.00102567
0.00103783
0.00105098
0.00106073
0.00106371
0.0010593
0.00104983
0.00103893
0.00102955
0.00102309
0.00101959
0.00101842
0.00101883
0.00102023
0.00102227
0.00102485
0.00102801
0.0010319
0.00103673
0.00104274
0.00105022
0.00105951
0.00107098
0.00108505
0.00110211
0.00112258
0.0010167
0.00101624
0.00101576
0.00101507
0.00101421
0.00101433
0.00101756
0.00102554
0.00103771
0.00105096
0.00106095
0.00106419
0.00106
0.00105063
0.00103968
0.00103017
0.00102354
0.00101988
0.00101858
0.00101888
0.00102018
0.00102211
0.00102454
0.00102752
0.00103115
0.00103561
0.00104112
0.00104789
0.00105619
0.0010663
0.00107851
0.0010931
0.00111031
0.0010167
0.00101624
0.00101576
0.00101507
0.00101421
0.00101431
0.00101749
0.0010254
0.00103755
0.00105088
0.00106103
0.0010645
0.00106049
0.0010512
0.00104023
0.00103061
0.00102384
0.00102004
0.00101862
0.00101882
0.00102003
0.00102186
0.00102417
0.00102696
0.00103035
0.00103447
0.0010395
0.00104562
0.00105303
0.00106194
0.00107255
0.00108505
0.00109959
0.0010167
0.00101624
0.00101577
0.00101507
0.00101422
0.0010143
0.00101743
0.00102528
0.0010374
0.00105079
0.00106109
0.00106474
0.00106089
0.00105168
0.00104067
0.00103095
0.00102405
0.00102013
0.00101861
0.00101873
0.00101986
0.0010216
0.00102378
0.0010264
0.00102955
0.00103335
0.00103794
0.00104346
0.00105007
0.00105792
0.00106716
0.0010779
0.00109023
0.0010167
0.00101624
0.00101577
0.00101508
0.00101422
0.00101429
0.00101737
0.00102517
0.00103727
0.00105071
0.00106114
0.00106495
0.00106123
0.00105207
0.00104103
0.00103122
0.00102421
0.00102018
0.00101858
0.00101862
0.00101967
0.00102132
0.00102339
0.00102585
0.00102877
0.00103227
0.00103644
0.00104142
0.00104732
0.00105424
0.0010623
0.00107155
0.00108205
0.0010167
0.00101624
0.00101577
0.00101508
0.00101423
0.00101428
0.00101732
0.00102508
0.00103715
0.00105063
0.00106117
0.00106512
0.00106152
0.00105239
0.00104132
0.00103143
0.00102431
0.00102019
0.00101851
0.00101849
0.00101947
0.00102104
0.00102299
0.00102529
0.00102801
0.00103122
0.00103502
0.00103951
0.00104476
0.00105087
0.0010579
0.0010659
0.00107487
0.0010167
0.00101624
0.00101577
0.00101508
0.00101423
0.00101427
0.00101728
0.00102499
0.00103705
0.00105056
0.00106119
0.00106526
0.00106174
0.00105265
0.00104154
0.00103156
0.00102436
0.00102015
0.0010184
0.00101832
0.00101925
0.00102073
0.00102258
0.00102474
0.00102726
0.0010302
0.00103366
0.0010377
0.00104239
0.00104779
0.00105394
0.00106086
0.00106856
0.0010167
0.00101624
0.00101577
0.00101509
0.00101423
0.00101426
0.00101725
0.00102491
0.00103695
0.00105049
0.0010612
0.00106537
0.00106192
0.00105284
0.00104169
0.00103164
0.00102435
0.00102008
0.00101826
0.00101813
0.001019
0.00102041
0.00102216
0.00102418
0.00102652
0.00102922
0.00103237
0.00103601
0.00104019
0.00104497
0.00105035
0.00105637
0.00106299
0.0010167
0.00101624
0.00101577
0.00101509
0.00101424
0.00101426
0.00101721
0.00102484
0.00103686
0.00105042
0.0010612
0.00106545
0.00106206
0.00105298
0.00104179
0.00103167
0.0010243
0.00101996
0.0010181
0.00101792
0.00101874
0.00102008
0.00102173
0.00102363
0.00102579
0.00102828
0.00103113
0.00103442
0.00103816
0.00104239
0.00104712
0.00105236
0.00105808
0.0010167
0.00101624
0.00101577
0.00101509
0.00101424
0.00101425
0.00101718
0.00102478
0.00103677
0.00105035
0.00106119
0.00106551
0.00106216
0.00105307
0.00104184
0.00103165
0.00102422
0.00101982
0.00101791
0.00101769
0.00101846
0.00101974
0.0010213
0.00102308
0.00102509
0.00102737
0.00102997
0.00103293
0.00103628
0.00104003
0.0010442
0.00104878
0.00105374
0.0010167
0.00101624
0.00101577
0.0010151
0.00101425
0.00101425
0.00101716
0.00102472
0.0010367
0.00105029
0.00106118
0.00106555
0.00106223
0.00105314
0.00104185
0.0010316
0.0010241
0.00101965
0.0010177
0.00101744
0.00101817
0.00101939
0.00102088
0.00102254
0.0010244
0.0010265
0.00102887
0.00103155
0.00103455
0.00103789
0.00104157
0.00104558
0.00104989
0.0010167
0.00101624
0.00101578
0.0010151
0.00101425
0.00101425
0.00101714
0.00102467
0.00103662
0.00105023
0.00106116
0.00106558
0.00106228
0.00105317
0.00104184
0.00103153
0.00102397
0.00101947
0.00101748
0.00101719
0.00101788
0.00101905
0.00102045
0.00102202
0.00102375
0.00102567
0.00102784
0.00103026
0.00103296
0.00103593
0.00103919
0.00104272
0.00104649
0.0010167
0.00101624
0.00101578
0.0010151
0.00101426
0.00101425
0.00101712
0.00102462
0.00103656
0.00105017
0.00106113
0.00106559
0.00106231
0.00105318
0.00104181
0.00103145
0.00102384
0.00101929
0.00101727
0.00101695
0.00101759
0.00101871
0.00102004
0.00102151
0.00102312
0.0010249
0.00102687
0.00102907
0.0010315
0.00103416
0.00103706
0.00104017
0.00104348
0.0010167
0.00101624
0.00101578
0.0010151
0.00101426
0.00101425
0.0010171
0.00102458
0.00103649
0.00105011
0.0010611
0.0010656
0.00106233
0.00105319
0.00104178
0.00103136
0.0010237
0.00101912
0.00101706
0.00101671
0.00101732
0.00101838
0.00101965
0.00102104
0.00102253
0.00102417
0.00102598
0.00102798
0.00103017
0.00103256
0.00103514
0.00103789
0.00104081
0.0010167
0.00101624
0.00101578
0.00101511
0.00101426
0.00101424
0.00101708
0.00102453
0.00103643
0.00105005
0.00106107
0.0010656
0.00106234
0.00105319
0.00104174
0.00103128
0.00102357
0.00101895
0.00101686
0.00101648
0.00101706
0.00101808
0.00101928
0.00102059
0.00102198
0.0010235
0.00102516
0.00102697
0.00102896
0.00103111
0.00103342
0.00103587
0.00103845
0.0010167
0.00101624
0.00101578
0.00101511
0.00101427
0.00101424
0.00101706
0.00102449
0.00103636
0.00104999
0.00106104
0.00106559
0.00106235
0.00105319
0.00104171
0.0010312
0.00102346
0.0010188
0.00101669
0.00101628
0.00101682
0.00101779
0.00101894
0.00102017
0.00102147
0.00102288
0.0010244
0.00102606
0.00102787
0.00102981
0.00103188
0.00103407
0.00103636
0.0010167
0.00101624
0.00101578
0.00101511
0.00101427
0.00101424
0.00101704
0.00102444
0.0010363
0.00104993
0.001061
0.00106558
0.00106236
0.0010532
0.00104169
0.00103115
0.00102337
0.00101868
0.00101653
0.00101609
0.0010166
0.00101754
0.00101863
0.00101979
0.00102101
0.00102231
0.00102372
0.00102524
0.00102688
0.00102864
0.00103051
0.00103247
0.00103452
0.0010167
0.00101624
0.00101578
0.00101511
0.00101427
0.00101424
0.00101702
0.0010244
0.00103623
0.00104986
0.00106095
0.00106557
0.00106238
0.00105321
0.00104169
0.00103111
0.0010233
0.00101857
0.0010164
0.00101594
0.00101641
0.00101731
0.00101835
0.00101945
0.00102059
0.0010218
0.0010231
0.0010245
0.001026
0.0010276
0.00102929
0.00103106
0.0010329
0.0010167
0.00101624
0.00101578
0.00101511
0.00101427
0.00101424
0.001017
0.00102435
0.00103616
0.00104979
0.0010609
0.00106556
0.00106239
0.00105324
0.0010417
0.0010311
0.00102325
0.0010185
0.0010163
0.00101581
0.00101625
0.00101711
0.00101811
0.00101915
0.00102022
0.00102135
0.00102255
0.00102384
0.00102521
0.00102667
0.00102821
0.00102982
0.00103147
0.0010167
0.00101624
0.00101578
0.00101511
0.00101427
0.00101423
0.00101698
0.0010243
0.00103609
0.00104971
0.00106085
0.00106554
0.00106241
0.00105327
0.00104173
0.00103111
0.00102323
0.00101845
0.00101623
0.00101571
0.00101612
0.00101695
0.0010179
0.00101888
0.00101989
0.00102095
0.00102206
0.00102325
0.00102452
0.00102586
0.00102726
0.00102873
0.00103023
0.0010167
0.00101624
0.00101578
0.00101511
0.00101428
0.00101423
0.00101696
0.00102426
0.00103601
0.00104963
0.00106079
0.00106553
0.00106244
0.00105332
0.00104177
0.00103114
0.00102323
0.00101843
0.00101618
0.00101563
0.00101602
0.00101681
0.00101772
0.00101866
0.00101961
0.0010206
0.00102164
0.00102274
0.00102392
0.00102515
0.00102644
0.00102777
0.00102914
0.0010167
0.00101624
0.00101577
0.00101511
0.00101427
0.00101422
0.00101694
0.0010242
0.00103594
0.00104955
0.00106073
0.00106551
0.00106246
0.00105337
0.00104184
0.00103118
0.00102326
0.00101842
0.00101615
0.00101558
0.00101595
0.0010167
0.00101758
0.00101847
0.00101937
0.0010203
0.00102127
0.0010223
0.00102339
0.00102453
0.00102571
0.00102694
0.0010282
0.0010167
0.00101624
0.00101578
0.00101512
0.00101428
0.00101423
0.00101693
0.00102417
0.00103587
0.00104947
0.00106067
0.00106549
0.00106249
0.00105343
0.0010419
0.00103124
0.0010233
0.00101844
0.00101615
0.00101556
0.0010159
0.00101663
0.00101747
0.00101832
0.00101917
0.00102005
0.00102096
0.00102192
0.00102293
0.00102399
0.00102509
0.00102622
0.00102738
0.0010167
0.00101624
0.00101577
0.00101511
0.00101428
0.00101423
0.00101692
0.00102413
0.0010358
0.0010494
0.00106062
0.00106549
0.00106253
0.00105351
0.001042
0.00103133
0.00102337
0.0010185
0.00101619
0.00101559
0.00101591
0.00101661
0.00101742
0.00101824
0.00101906
0.00101988
0.00102075
0.00102165
0.0010226
0.00102359
0.00102462
0.00102568
0.00102675
0.0010167
0.00101625
0.0010158
0.00101515
0.00101433
0.00101427
0.00101693
0.00102408
0.0010357
0.00104924
0.00106046
0.00106536
0.00106246
0.00105351
0.00104206
0.00103144
0.00102352
0.00101868
0.00101639
0.00101581
0.00101616
0.00101688
0.00101772
0.00101856
0.00101939
0.00102024
0.00102112
0.00102204
0.00102301
0.00102401
0.00102505
0.00102612
0.00102721
0.0010167
0.00101624
0.00101577
0.00101508
0.00101417
0.00101397
0.00101639
0.0010232
0.00103442
0.00104764
0.00105868
0.0010636
0.00106089
0.00105223
0.0010411
0.00103079
0.00102313
0.00101852
0.00101645
0.00101609
0.00101667
0.00101765
0.00101877
0.00101991
0.00102106
0.00102225
0.00102348
0.00102477
0.00102611
0.00102751
0.00102894
0.00103041
0.00103189
0.00101672
0.00101606
0.00101501
0.00101335
0.00101108
0.00100906
0.00100913
0.00101312
0.0010214
0.00103207
0.00104141
0.00104566
0.00104323
0.00103548
0.0010256
0.00101657
0.00101007
0.00100646
0.00100528
0.00100579
0.00100726
0.00100919
0.00101131
0.00101351
0.00101576
0.00101808
0.00102046
0.00102291
0.00102541
0.00102795
0.00103052
0.0010331
0.00103567
0.00101525
0.00100739
0.000996387
0.000982764
0.000967147
0.000950687
0.000935287
0.000923183
0.000915972
0.000913457
0.000913233
0.000911996
0.000907733
0.000900772
0.00089301
0.00088638
0.00088191
0.000879706
0.000879345
0.000880224
0.000881796
0.000883677
0.000885654
0.000887639
0.000889605
0.000891548
0.000893465
0.000895355
0.000897209
0.000899022
0.000900789
0.000902499
0.000904186
0.00093596
0.000815129
0.000727438
0.000656656
0.000597455
0.000547291
0.00050503
0.000471343
0.000447501
0.000433235
0.000425968
0.000422028
0.00041845
0.000413943
0.0004087
0.000403557
0.000399229
0.000395967
0.000393608
0.000391804
0.000390231
0.000388698
0.000387138
0.000385554
0.000383978
0.000382437
0.000380953
0.000379538
0.000378199
0.000376945
0.000375779
0.000374697
0.000373745
0.000125477
0.000128848
0.000132099
0.000135208
0.000138169
0.000140996
0.00014372
0.000146361
0.00014886
0.000151061
0.000152762
0.00015382
0.000154236
0.000154153
0.000153792
0.000153355
0.000152971
0.00015268
0.000152466
0.000152294
0.000152134
0.000151969
0.000151794
0.00015161
0.000151417
0.000151219
0.000151016
0.000150809
0.000150597
0.000150381
0.000150162
0.00014994
0.00014971
0.000117416
0.000170557
0.000291029
0.000897263
0.00166914
0.00229309
0.00285757
0.00321185
0.00334272
0.00329045
0.00309649
0.00280781
0.00249301
0.00223893
0.00209577
0.00198845
0.00178532
0.00153717
0.00135992
0.00126345
0.00121055
0.00117413
0.00114453
0.0011201
0.00110036
0.00108451
0.00107168
0.00106121
0.00105263
0.00104559
0.00103979
0.00103502
0.0010311
0.00102787
0.00102522
0.00102305
0.00102127
0.00101983
0.00101866
0.00101771
0.00101695
0.00101634
0.00101586
0.00101548
0.00101519
0.00101496
0.0010148
0.00101468
0.0010146
0.00101454
0.00101451
0.0010145
0.0010145
0.00101451
0.00101453
0.00101455
0.00101458
0.00101461
0.00101464
0.00101467
0.0010147
0.00101473
0.00101476
0.00101479
0.00101482
0.00101484
0.00101487
0.00101489
0.00101491
0.00101493
0.00101494
0.00101496
0.00101497
0.00101498
0.00101499
0.001015
0.00101501
0.00101502
0.00101503
0.00101503
0.00101504
0.00101504
0.00101505
0.00101505
0.00101505
0.00101506
0.00101506
0.00101506
0.00101506
0.00101506
0.00101506
0.00101507
0.00101507
0.00101507
0.00101507
0.00101507
0.00101507
0.00101507
0.00101507
0.00101507
0.000454101
0.000561669
0.000865777
0.00135907
0.00192497
0.00243739
0.0028449
0.00310602
0.00320418
0.00315186
0.00297507
0.00271179
0.00242097
0.00217514
0.00201196
0.00187577
0.0016879
0.00148827
0.0013451
0.0012609
0.00120998
0.00117358
0.00114443
0.00112068
0.00110151
0.00108602
0.0010734
0.00106305
0.00105451
0.00104745
0.00104161
0.00103676
0.00103274
0.0010294
0.00102664
0.00102435
0.00102247
0.00102091
0.00101963
0.00101858
0.00101773
0.00101703
0.00101647
0.00101602
0.00101565
0.00101537
0.00101514
0.00101497
0.00101484
0.00101474
0.00101467
0.00101461
0.00101458
0.00101456
0.00101455
0.00101455
0.00101456
0.00101457
0.00101458
0.00101459
0.00101461
0.00101463
0.00101464
0.00101466
0.00101468
0.00101469
0.00101471
0.00101472
0.00101473
0.00101474
0.00101475
0.00101476
0.00101477
0.00101478
0.00101479
0.0010148
0.0010148
0.00101481
0.00101481
0.00101482
0.00101482
0.00101482
0.00101483
0.00101483
0.00101483
0.00101483
0.00101483
0.00101483
0.00101484
0.00101484
0.00101484
0.00101484
0.00101484
0.00101484
0.00101484
0.00101484
0.00101484
0.00101484
0.00101484
0.00101484
0.000805928
0.000975257
0.00125404
0.00164012
0.00206985
0.00246578
0.00277775
0.00297717
0.00305072
0.00300149
0.00284484
0.00260968
0.00234466
0.00210876
0.00193158
0.00177883
0.00160899
0.00144788
0.00133098
0.00125668
0.00120791
0.00117203
0.00114357
0.00112059
0.00110203
0.00108697
0.00107465
0.0010645
0.00105608
0.00104908
0.00104324
0.00103837
0.0010343
0.0010309
0.00102805
0.00102567
0.00102369
0.00102203
0.00102065
0.00101951
0.00101856
0.00101778
0.00101713
0.0010166
0.00101617
0.00101581
0.00101552
0.00101529
0.0010151
0.00101496
0.00101484
0.00101474
0.00101467
0.00101462
0.00101458
0.00101455
0.00101453
0.00101451
0.0010145
0.0010145
0.00101449
0.00101449
0.0010145
0.0010145
0.0010145
0.00101451
0.00101451
0.00101452
0.00101452
0.00101453
0.00101453
0.00101454
0.00101454
0.00101454
0.00101455
0.00101455
0.00101455
0.00101456
0.00101456
0.00101456
0.00101456
0.00101456
0.00101456
0.00101456
0.00101457
0.00101457
0.00101457
0.00101457
0.00101457
0.00101457
0.00101457
0.00101457
0.00101457
0.00101457
0.00101457
0.00101457
0.00101457
0.00101457
0.00101457
0.00101456
0.00104597
0.00120948
0.00145152
0.00176131
0.00209667
0.00240818
0.00265679
0.00281766
0.00287826
0.00283741
0.00270362
0.0024982
0.00226017
0.00203696
0.00185409
0.00169629
0.00154496
0.00141344
0.00131655
0.00125049
0.00120418
0.00116929
0.00114173
0.00111959
0.00110169
0.00108712
0.00107516
0.00106527
0.00105705
0.00105018
0.00104443
0.0010396
0.00103554
0.00103212
0.00102924
0.00102681
0.00102477
0.00102304
0.0010216
0.00102038
0.00101936
0.0010185
0.00101778
0.00101718
0.00101668
0.00101626
0.00101592
0.00101563
0.00101539
0.00101519
0.00101503
0.00101489
0.00101478
0.00101469
0.00101462
0.00101456
0.00101451
0.00101447
0.00101444
0.00101441
0.00101439
0.00101437
0.00101436
0.00101435
0.00101434
0.00101434
0.00101433
0.00101433
0.00101432
0.00101432
0.00101432
0.00101432
0.00101431
0.00101431
0.00101431
0.00101431
0.00101431
0.00101431
0.00101431
0.00101431
0.00101431
0.00101431
0.00101431
0.0010143
0.0010143
0.0010143
0.0010143
0.0010143
0.0010143
0.0010143
0.0010143
0.0010143
0.0010143
0.0010143
0.0010143
0.0010143
0.0010143
0.0010143
0.0010143
0.00101429
0.00117975
0.00132255
0.00152151
0.00176898
0.00203581
0.00228692
0.00249197
0.00262928
0.00268616
0.00265831
0.00254933
0.00237438
0.00216432
0.0019576
0.00177844
0.00162557
0.00149248
0.00138345
0.00130167
0.00124258
0.00119899
0.0011655
0.001139
0.00111774
0.00110052
0.00108647
0.0010749
0.00106532
0.00105733
0.00105064
0.00104503
0.00104029
0.00103629
0.00103291
0.00103004
0.00102761
0.00102555
0.0010238
0.00102232
0.00102106
0.00102
0.00101909
0.00101832
0.00101768
0.00101713
0.00101666
0.00101627
0.00101594
0.00101566
0.00101542
0.00101522
0.00101505
0.00101491
0.00101478
0.00101468
0.0010146
0.00101452
0.00101446
0.00101441
0.00101436
0.00101433
0.00101429
0.00101427
0.00101424
0.00101422
0.00101421
0.00101419
0.00101418
0.00101417
0.00101416
0.00101415
0.00101414
0.00101413
0.00101413
0.00101412
0.00101412
0.00101411
0.00101411
0.00101411
0.0010141
0.0010141
0.0010141
0.0010141
0.00101409
0.00101409
0.00101409
0.00101409
0.00101409
0.00101409
0.00101409
0.00101408
0.00101408
0.00101408
0.00101408
0.00101408
0.00101408
0.00101408
0.00101408
0.00101408
0.00101407
0.00123115
0.00135012
0.00151024
0.0017068
0.00191996
0.00212466
0.00229744
0.00241943
0.00247759
0.00246501
0.00238135
0.00223691
0.00205602
0.00187058
0.00170429
0.00156405
0.00144853
0.00135674
0.00128649
0.00123338
0.0011927
0.00116089
0.0011356
0.00111524
0.00109871
0.00108518
0.00107401
0.00106474
0.00105701
0.00105052
0.00104505
0.00104044
0.00103654
0.00103322
0.0010304
0.00102801
0.00102597
0.00102423
0.00102274
0.00102147
0.00102039
0.00101947
0.00101868
0.00101801
0.00101743
0.00101694
0.00101652
0.00101616
0.00101585
0.00101559
0.00101536
0.00101517
0.00101501
0.00101486
0.00101474
0.00101464
0.00101455
0.00101447
0.0010144
0.00101434
0.00101429
0.00101425
0.00101421
0.00101418
0.00101415
0.00101412
0.0010141
0.00101408
0.00101406
0.00101405
0.00101404
0.00101402
0.00101401
0.001014
0.001014
0.00101399
0.00101398
0.00101398
0.00101397
0.00101397
0.00101396
0.00101396
0.00101395
0.00101395
0.00101395
0.00101394
0.00101394
0.00101394
0.00101394
0.00101394
0.00101393
0.00101393
0.00101393
0.00101393
0.00101393
0.00101393
0.00101393
0.00101393
0.00101393
0.00101392
0.00123481
0.00133123
0.00145772
0.00161166
0.00178023
0.00194597
0.00209129
0.00220036
0.00226033
0.00226223
0.00220269
0.00208819
0.00193789
0.00177854
0.00163242
0.00150958
0.00141056
0.00133236
0.00127117
0.00122331
0.00118563
0.00115571
0.00113171
0.0011123
0.00109647
0.00108346
0.0010727
0.00106374
0.00105625
0.00104996
0.00104466
0.00104017
0.00103637
0.00103314
0.00103039
0.00102804
0.00102604
0.00102432
0.00102286
0.00102161
0.00102053
0.00101961
0.00101882
0.00101814
0.00101756
0.00101706
0.00101663
0.00101626
0.00101594
0.00101566
0.00101543
0.00101522
0.00101505
0.00101489
0.00101476
0.00101464
0.00101454
0.00101446
0.00101438
0.00101432
0.00101426
0.00101421
0.00101416
0.00101412
0.00101409
0.00101406
0.00101403
0.00101401
0.00101399
0.00101397
0.00101395
0.00101394
0.00101393
0.00101392
0.0010139
0.0010139
0.00101389
0.00101388
0.00101387
0.00101387
0.00101386
0.00101386
0.00101385
0.00101385
0.00101385
0.00101384
0.00101384
0.00101384
0.00101383
0.00101383
0.00101383
0.00101383
0.00101383
0.00101382
0.00101382
0.00101382
0.00101382
0.00101382
0.00101382
0.00101381
0.00121734
0.00129439
0.00139314
0.00151203
0.00164294
0.00177422
0.00189347
0.00198833
0.00204713
0.00206003
0.00202169
0.00193559
0.00181651
0.00168627
0.00156427
0.00146063
0.00137667
0.00130956
0.00125584
0.00121272
0.00117806
0.00115012
0.0011275
0.00110908
0.00109396
0.00108149
0.00107113
0.00106248
0.00105524
0.00104914
0.00104399
0.00103963
0.00103593
0.00103279
0.0010301
0.00102781
0.00102586
0.00102418
0.00102275
0.00102152
0.00102046
0.00101955
0.00101877
0.0010181
0.00101753
0.00101703
0.0010166
0.00101623
0.00101591
0.00101563
0.00101539
0.00101519
0.00101501
0.00101485
0.00101471
0.0010146
0.00101449
0.0010144
0.00101432
0.00101426
0.0010142
0.00101414
0.0010141
0.00101405
0.00101402
0.00101399
0.00101396
0.00101393
0.00101391
0.00101389
0.00101387
0.00101386
0.00101384
0.00101383
0.00101382
0.00101381
0.0010138
0.00101379
0.00101378
0.00101378
0.00101377
0.00101377
0.00101376
0.00101376
0.00101375
0.00101375
0.00101375
0.00101374
0.00101374
0.00101374
0.00101374
0.00101374
0.00101373
0.00101373
0.00101373
0.00101373
0.00101373
0.00101373
0.00101373
0.00101372
0.00119394
0.0012553
0.00133225
0.00142359
0.00152405
0.00162591
0.00172075
0.00179971
0.00185327
0.00187226
0.00185066
0.00178977
0.00170028
0.00159891
0.00150124
0.00141614
0.00134559
0.00128787
0.0012406
0.00120186
0.00117016
0.00114427
0.00112308
0.00110567
0.0010913
0.00107937
0.00106942
0.00106109
0.00105409
0.00104819
0.0010432
0.00103896
0.00103536
0.0010323
0.00102968
0.00102745
0.00102554
0.0010239
0.0010225
0.00102129
0.00102026
0.00101937
0.00101861
0.00101795
0.00101738
0.00101689
0.00101647
0.00101611
0.00101579
0.00101552
0.00101529
0.00101508
0.0010149
0.00101475
0.00101462
0.0010145
0.0010144
0.00101431
0.00101423
0.00101416
0.0010141
0.00101405
0.001014
0.00101396
0.00101392
0.00101389
0.00101386
0.00101384
0.00101381
0.00101379
0.00101378
0.00101376
0.00101375
0.00101373
0.00101372
0.00101371
0.0010137
0.00101369
0.00101369
0.00101368
0.00101367
0.00101367
0.00101366
0.00101366
0.00101366
0.00101365
0.00101365
0.00101365
0.00101364
0.00101364
0.00101364
0.00101364
0.00101364
0.00101363
0.00101363
0.00101363
0.00101363
0.00101363
0.00101363
0.00101362
0.00117118
0.00122025
0.00128056
0.00135114
0.00142836
0.00150692
0.00158102
0.00164449
0.00169026
0.0017109
0.00170096
0.00166034
0.0015961
0.00152014
0.00144415
0.00137549
0.00131661
0.00126707
0.00122556
0.0011909
0.00116209
0.00113824
0.0011185
0.00110214
0.00108853
0.00107717
0.00106765
0.00105964
0.00105289
0.00104718
0.00104234
0.00103823
0.00103473
0.00103175
0.0010292
0.00102702
0.00102515
0.00102355
0.00102218
0.00102101
0.00102
0.00101913
0.00101838
0.00101774
0.00101719
0.00101671
0.0010163
0.00101594
0.00101564
0.00101537
0.00101514
0.00101494
0.00101477
0.00101462
0.00101449
0.00101437
0.00101427
0.00101418
0.00101411
0.00101404
0.00101398
0.00101393
0.00101389
0.00101384
0.00101381
0.00101378
0.00101375
0.00101373
0.0010137
0.00101368
0.00101367
0.00101365
0.00101364
0.00101363
0.00101361
0.0010136
0.0010136
0.00101359
0.00101358
0.00101357
0.00101357
0.00101356
0.00101356
0.00101355
0.00101355
0.00101355
0.00101354
0.00101354
0.00101354
0.00101354
0.00101353
0.00101353
0.00101353
0.00101353
0.00101353
0.00101352
0.00101352
0.00101352
0.00101352
0.00101351
0.00115109
0.00119063
0.00123839
0.00129355
0.00135357
0.00141467
0.00147267
0.0015231
0.00156089
0.00158056
0.0015778
0.00155188
0.00150708
0.00145137
0.00139314
0.00133827
0.00128944
0.0012471
0.00121081
0.00117997
0.00115395
0.00113211
0.00111383
0.00109852
0.0010857
0.00107491
0.00106583
0.00105816
0.00105167
0.00104616
0.00104148
0.00103749
0.00103409
0.00103118
0.0010287
0.00102658
0.00102476
0.00102319
0.00102186
0.00102071
0.00101972
0.00101887
0.00101814
0.00101751
0.00101697
0.00101651
0.00101611
0.00101576
0.00101546
0.0010152
0.00101498
0.00101479
0.00101462
0.00101447
0.00101434
0.00101423
0.00101414
0.00101405
0.00101398
0.00101392
0.00101386
0.00101381
0.00101377
0.00101373
0.00101369
0.00101366
0.00101364
0.00101361
0.00101359
0.00101357
0.00101356
0.00101354
0.00101353
0.00101352
0.00101351
0.0010135
0.00101349
0.00101348
0.00101347
0.00101347
0.00101346
0.00101346
0.00101345
0.00101345
0.00101344
0.00101344
0.00101344
0.00101344
0.00101343
0.00101343
0.00101343
0.00101343
0.00101342
0.00101342
0.00101342
0.00101342
0.00101342
0.00101342
0.00101342
0.00101341
0.00113387
0.00116601
0.00120424
0.0012479
0.00129519
0.00134336
0.0013893
0.00142964
0.00146065
0.0014784
0.0014797
0.0014637
0.00143284
0.00139229
0.0013479
0.00130427
0.00126398
0.00122801
0.00119648
0.0011692
0.00114582
0.00112593
0.00110909
0.00109485
0.00108281
0.00107263
0.00106399
0.00105667
0.00105044
0.00104513
0.00104061
0.00103675
0.00103345
0.00103063
0.00102821
0.00102614
0.00102436
0.00102284
0.00102153
0.00102041
0.00101945
0.00101862
0.0010179
0.00101729
0.00101676
0.00101631
0.00101592
0.00101558
0.00101529
0.00101504
0.00101482
0.00101463
0.00101447
0.00101433
0.00101421
0.0010141
0.00101401
0.00101393
0.00101386
0.00101379
0.00101374
0.00101369
0.00101365
0.00101361
0.00101358
0.00101355
0.00101353
0.00101351
0.00101349
0.00101347
0.00101345
0.00101344
0.00101343
0.00101341
0.0010134
0.0010134
0.00101339
0.00101338
0.00101337
0.00101337
0.00101336
0.00101336
0.00101335
0.00101335
0.00101334
0.00101334
0.00101334
0.00101334
0.00101333
0.00101333
0.00101333
0.00101333
0.00101332
0.00101332
0.00101332
0.00101332
0.00101332
0.00101332
0.00101332
0.00101331
0.00111918
0.00114552
0.00117644
0.00121141
0.00124912
0.00128758
0.00132442
0.00135705
0.00138267
0.0013984
0.00140192
0.0013924
0.00137123
0.00134173
0.00130793
0.00127334
0.00124027
0.00120989
0.00118266
0.00115866
0.00113778
0.00111978
0.00110434
0.00109115
0.0010799
0.00107032
0.00106214
0.00105516
0.0010492
0.00104411
0.00103975
0.00103602
0.00103282
0.00103008
0.00102773
0.00102572
0.00102399
0.0010225
0.00102122
0.00102013
0.00101918
0.00101837
0.00101768
0.00101708
0.00101656
0.00101612
0.00101574
0.00101541
0.00101513
0.00101488
0.00101467
0.00101449
0.00101433
0.0010142
0.00101408
0.00101398
0.00101389
0.00101381
0.00101374
0.00101368
0.00101363
0.00101359
0.00101355
0.00101351
0.00101348
0.00101345
0.00101343
0.00101341
0.00101339
0.00101337
0.00101336
0.00101334
0.00101333
0.00101332
0.00101331
0.0010133
0.00101329
0.00101329
0.00101328
0.00101328
0.00101327
0.00101327
0.00101326
0.00101326
0.00101325
0.00101325
0.00101325
0.00101324
0.00101324
0.00101324
0.00101324
0.00101324
0.00101323
0.00101323
0.00101323
0.00101323
0.00101323
0.00101323
0.00101322
0.00101322
0.00110663
0.00112838
0.0011536
0.00118189
0.00121226
0.00124327
0.0012731
0.00129976
0.00132109
0.00133495
0.00133961
0.00133434
0.0013199
0.00129842
0.00127269
0.00124534
0.00121832
0.00119281
0.00116944
0.00114846
0.00112991
0.00111368
0.0010996
0.00108745
0.00107699
0.00106799
0.00106028
0.00105365
0.00104797
0.00104309
0.0010389
0.0010353
0.00103221
0.00102955
0.00102727
0.00102531
0.00102362
0.00102217
0.00102093
0.00101986
0.00101894
0.00101815
0.00101747
0.00101688
0.00101638
0.00101595
0.00101558
0.00101526
0.00101498
0.00101474
0.00101454
0.00101436
0.00101421
0.00101408
0.00101396
0.00101386
0.00101378
0.0010137
0.00101364
0.00101358
0.00101353
0.00101349
0.00101345
0.00101342
0.00101339
0.00101336
0.00101334
0.00101332
0.0010133
0.00101328
0.00101327
0.00101326
0.00101325
0.00101324
0.00101323
0.00101322
0.00101321
0.0010132
0.0010132
0.00101319
0.00101319
0.00101318
0.00101318
0.00101318
0.00101317
0.00101317
0.00101317
0.00101316
0.00101316
0.00101316
0.00101316
0.00101315
0.00101315
0.00101315
0.00101315
0.00101315
0.00101314
0.00101314
0.00101314
0.00101314
0.00109584
0.00111392
0.00113466
0.00115774
0.00118242
0.00120762
0.00123195
0.00125388
0.00127175
0.00128392
0.00128908
0.0012866
0.00127688
0.00126128
0.00124171
0.00122014
0.00119815
0.00117685
0.00115689
0.00113865
0.00112225
0.0011077
0.00109492
0.00108377
0.00107407
0.00106567
0.00105841
0.00105214
0.00104674
0.00104207
0.00103805
0.00103459
0.00103161
0.00102904
0.00102682
0.00102492
0.00102328
0.00102186
0.00102065
0.0010196
0.00101871
0.00101793
0.00101727
0.0010167
0.00101621
0.00101579
0.00101542
0.00101511
0.00101484
0.00101461
0.00101441
0.00101424
0.00101409
0.00101397
0.00101386
0.00101376
0.00101368
0.00101361
0.00101354
0.00101349
0.00101344
0.0010134
0.00101336
0.00101333
0.0010133
0.00101328
0.00101326
0.00101324
0.00101322
0.00101321
0.00101319
0.00101318
0.00101317
0.00101316
0.00101315
0.00101314
0.00101314
0.00101313
0.00101312
0.00101312
0.00101311
0.00101311
0.00101311
0.0010131
0.0010131
0.0010131
0.00101309
0.00101309
0.00101309
0.00101309
0.00101308
0.00101308
0.00101308
0.00101308
0.00101308
0.00101307
0.00101307
0.00101307
0.00101307
0.00101306
0.00108653
0.00110165
0.00111883
0.0011378
0.00115801
0.00117862
0.0011986
0.00121674
0.00123176
0.00124242
0.0012477
0.00124705
0.00124065
0.00122937
0.00121453
0.00119756
0.00117974
0.00116203
0.00114508
0.00112928
0.00111486
0.00110188
0.00109033
0.00108013
0.00107118
0.00106337
0.00105656
0.00105065
0.00104551
0.00104107
0.00103722
0.00103389
0.00103101
0.00102853
0.00102639
0.00102454
0.00102294
0.00102157
0.00102038
0.00101936
0.00101849
0.00101773
0.00101708
0.00101653
0.00101605
0.00101564
0.00101528
0.00101498
0.00101472
0.00101449
0.0010143
0.00101413
0.00101399
0.00101387
0.00101376
0.00101367
0.00101359
0.00101352
0.00101346
0.00101341
0.00101336
0.00101332
0.00101329
0.00101326
0.00101323
0.00101321
0.00101319
0.00101317
0.00101315
0.00101314
0.00101312
0.00101311
0.0010131
0.00101309
0.00101308
0.00101308
0.00101307
0.00101306
0.00101306
0.00101305
0.00101305
0.00101304
0.00101304
0.00101304
0.00101303
0.00101303
0.00101303
0.00101302
0.00101302
0.00101302
0.00101302
0.00101302
0.00101301
0.00101301
0.00101301
0.00101301
0.00101301
0.00101301
0.001013
0.001013
0.00107846
0.00109117
0.00110549
0.00112119
0.00113785
0.00115483
0.00117132
0.0011864
0.00119908
0.0012084
0.00121356
0.00121409
0.00121005
0.00120195
0.00119073
0.00117743
0.00116303
0.00114837
0.00113403
0.00112041
0.00110778
0.00109624
0.00108584
0.00107656
0.00106834
0.00106109
0.00105472
0.00104916
0.0010443
0.00104007
0.0010364
0.0010332
0.00103044
0.00102804
0.00102596
0.00102417
0.00102262
0.00102128
0.00102013
0.00101914
0.00101828
0.00101754
0.00101691
0.00101637
0.0010159
0.0010155
0.00101515
0.00101485
0.0010146
0.00101438
0.00101419
0.00101403
0.00101389
0.00101377
0.00101367
0.00101358
0.0010135
0.00101344
0.00101338
0.00101333
0.00101329
0.00101325
0.00101322
0.00101319
0.00101316
0.00101314
0.00101312
0.0010131
0.00101309
0.00101307
0.00101306
0.00101305
0.00101304
0.00101303
0.00101302
0.00101302
0.00101301
0.001013
0.001013
0.00101299
0.00101299
0.00101299
0.00101298
0.00101298
0.00101297
0.00101297
0.00101297
0.00101297
0.00101296
0.00101296
0.00101296
0.00101296
0.00101296
0.00101295
0.00101295
0.00101295
0.00101295
0.00101295
0.00101295
0.00101294
0.00107144
0.00108218
0.00109419
0.00110727
0.00112109
0.00113516
0.00114885
0.00116145
0.0011722
0.00118034
0.00118524
0.00118651
0.00118412
0.00117839
0.00116994
0.00115953
0.00114794
0.00113584
0.00112375
0.00111207
0.00110104
0.00109083
0.0010815
0.00107308
0.00106555
0.00105884
0.00105291
0.00104769
0.00104311
0.00103909
0.00103559
0.00103253
0.00102987
0.00102756
0.00102555
0.00102382
0.00102231
0.00102101
0.00101989
0.00101892
0.00101809
0.00101737
0.00101675
0.00101622
0.00101576
0.00101537
0.00101503
0.00101474
0.00101449
0.00101428
0.0010141
0.00101394
0.00101381
0.00101369
0.00101359
0.0010135
0.00101343
0.00101337
0.00101331
0.00101326
0.00101322
0.00101318
0.00101315
0.00101312
0.0010131
0.00101308
0.00101306
0.00101304
0.00101303
0.00101302
0.001013
0.00101299
0.00101298
0.00101298
0.00101297
0.00101296
0.00101296
0.00101295
0.00101295
0.00101294
0.00101294
0.00101293
0.00101293
0.00101293
0.00101292
0.00101292
0.00101292
0.00101291
0.00101291
0.00101291
0.00101291
0.00101291
0.0010129
0.0010129
0.0010129
0.0010129
0.0010129
0.00101289
0.00101289
0.00101289
0.00106531
0.00107445
0.00108457
0.00109554
0.00110707
0.0011188
0.00113023
0.00114081
0.00114995
0.00115706
0.00116163
0.00116334
0.00116211
0.00115812
0.0011518
0.00114369
0.00113438
0.00112442
0.00111426
0.00110426
0.00109467
0.00108566
0.00107732
0.00106971
0.00106282
0.00105665
0.00105114
0.00104625
0.00104193
0.00103813
0.00103479
0.00103187
0.00102931
0.00102709
0.00102515
0.00102347
0.00102201
0.00102075
0.00101966
0.00101872
0.0010179
0.0010172
0.0010166
0.00101608
0.00101563
0.00101525
0.00101492
0.00101464
0.00101439
0.00101419
0.00101401
0.00101386
0.00101372
0.00101361
0.00101352
0.00101343
0.00101336
0.0010133
0.00101325
0.0010132
0.00101316
0.00101312
0.00101309
0.00101307
0.00101304
0.00101302
0.00101301
0.00101299
0.00101298
0.00101296
0.00101295
0.00101294
0.00101293
0.00101293
0.00101292
0.00101291
0.00101291
0.0010129
0.0010129
0.00101289
0.00101289
0.00101288
0.00101288
0.00101288
0.00101287
0.00101287
0.00101287
0.00101287
0.00101286
0.00101286
0.00101286
0.00101286
0.00101286
0.00101285
0.00101285
0.00101285
0.00101285
0.00101285
0.00101285
0.00101284
0.00105996
0.00106776
0.00107634
0.00108559
0.00109528
0.00110511
0.0011147
0.00112364
0.00113144
0.00113765
0.00114187
0.00114382
0.00114339
0.00114069
0.00113599
0.00112969
0.00112223
0.00111405
0.00110554
0.001097
0.00108868
0.00108075
0.00107332
0.00106646
0.00106019
0.00105451
0.0010494
0.00104483
0.00104077
0.00103718
0.00103401
0.00103122
0.00102877
0.00102663
0.00102477
0.00102314
0.00102173
0.0010205
0.00101944
0.00101852
0.00101773
0.00101704
0.00101645
0.00101594
0.00101551
0.00101513
0.00101481
0.00101454
0.0010143
0.0010141
0.00101393
0.00101378
0.00101365
0.00101354
0.00101345
0.00101337
0.0010133
0.00101324
0.00101319
0.00101314
0.0010131
0.00101307
0.00101304
0.00101302
0.00101299
0.00101298
0.00101296
0.00101294
0.00101293
0.00101292
0.00101291
0.0010129
0.00101289
0.00101288
0.00101288
0.00101287
0.00101286
0.00101286
0.00101285
0.00101285
0.00101285
0.00101284
0.00101284
0.00101283
0.00101283
0.00101283
0.00101283
0.00101282
0.00101282
0.00101282
0.00101282
0.00101282
0.00101281
0.00101281
0.00101281
0.00101281
0.00101281
0.0010128
0.0010128
0.0010128
0.00105527
0.00106196
0.00106928
0.00107712
0.00108531
0.0010936
0.0011017
0.00110928
0.00111598
0.00112142
0.00112528
0.00112733
0.00112745
0.00112569
0.00112223
0.00111735
0.00111138
0.00110468
0.00109756
0.00109029
0.00108309
0.00107613
0.00106952
0.00106335
0.00105765
0.00105243
0.00104771
0.00104345
0.00103964
0.00103625
0.00103324
0.00103059
0.00102825
0.00102619
0.00102439
0.00102282
0.00102145
0.00102026
0.00101923
0.00101833
0.00101756
0.00101689
0.00101632
0.00101582
0.0010154
0.00101503
0.00101472
0.00101445
0.00101422
0.00101402
0.00101385
0.0010137
0.00101358
0.00101347
0.00101338
0.00101331
0.00101324
0.00101318
0.00101313
0.00101309
0.00101305
0.00101302
0.00101299
0.00101297
0.00101295
0.00101293
0.00101291
0.0010129
0.00101289
0.00101288
0.00101287
0.00101286
0.00101285
0.00101284
0.00101283
0.00101283
0.00101282
0.00101282
0.00101281
0.00101281
0.00101281
0.0010128
0.0010128
0.0010128
0.00101279
0.00101279
0.00101279
0.00101279
0.00101278
0.00101278
0.00101278
0.00101278
0.00101277
0.00101277
0.00101277
0.00101277
0.00101277
0.00101277
0.00101277
0.00101276
0.00105116
0.00105693
0.0010632
0.00106989
0.00107684
0.00108388
0.00109077
0.00109724
0.001103
0.00110777
0.00111129
0.00111335
0.00111384
0.00111277
0.00111025
0.00110649
0.00110173
0.00109624
0.00109029
0.00108411
0.00107789
0.00107179
0.00106592
0.00106038
0.00105521
0.00105044
0.00104607
0.00104211
0.00103855
0.00103535
0.0010325
0.00102997
0.00102773
0.00102576
0.00102403
0.00102251
0.00102119
0.00102003
0.00101903
0.00101816
0.0010174
0.00101675
0.00101619
0.00101571
0.00101529
0.00101493
0.00101462
0.00101436
0.00101414
0.00101394
0.00101378
0.00101364
0.00101352
0.00101341
0.00101333
0.00101325
0.00101319
0.00101313
0.00101308
0.00101304
0.00101301
0.00101298
0.00101295
0.00101293
0.00101291
0.00101289
0.00101287
0.00101286
0.00101285
0.00101284
0.00101283
0.00101282
0.00101281
0.0010128
0.0010128
0.00101279
0.00101279
0.00101278
0.00101278
0.00101277
0.00101277
0.00101277
0.00101276
0.00101276
0.00101276
0.00101275
0.00101275
0.00101275
0.00101275
0.00101275
0.00101274
0.00101274
0.00101274
0.00101274
0.00101274
0.00101273
0.00101273
0.00101273
0.00101273
0.00101272
0.00104755
0.00105255
0.00105795
0.00106369
0.00106964
0.00107565
0.00108153
0.00108708
0.00109207
0.00109627
0.00109946
0.00110148
0.00110221
0.00110164
0.00109984
0.00109695
0.00109316
0.00108867
0.0010837
0.00107845
0.00107308
0.00106774
0.00106254
0.00105757
0.00105289
0.00104852
0.0010445
0.00104082
0.00103748
0.00103448
0.00103178
0.00102937
0.00102724
0.00102535
0.00102368
0.00102222
0.00102093
0.00101981
0.00101884
0.00101799
0.00101726
0.00101662
0.00101607
0.0010156
0.00101519
0.00101484
0.00101454
0.00101428
0.00101406
0.00101387
0.00101371
0.00101358
0.00101346
0.00101336
0.00101327
0.0010132
0.00101314
0.00101308
0.00101304
0.001013
0.00101296
0.00101293
0.00101291
0.00101289
0.00101287
0.00101285
0.00101284
0.00101282
0.00101281
0.0010128
0.00101279
0.00101278
0.00101278
0.00101277
0.00101276
0.00101276
0.00101275
0.00101275
0.00101274
0.00101274
0.00101274
0.00101273
0.00101273
0.00101273
0.00101273
0.00101272
0.00101272
0.00101272
0.00101272
0.00101271
0.00101271
0.00101271
0.00101271
0.00101271
0.0010127
0.0010127
0.0010127
0.0010127
0.0010127
0.00101269
0.00104438
0.00104873
0.00105341
0.00105836
0.00106348
0.00106864
0.00107371
0.0010785
0.00108284
0.00108654
0.00108943
0.00109137
0.00109225
0.00109204
0.00109079
0.00108859
0.00108557
0.0010819
0.00107775
0.00107328
0.00106865
0.00106398
0.00105937
0.00105492
0.00105068
0.0010467
0.00104299
0.00103958
0.00103646
0.00103363
0.00103108
0.00102879
0.00102675
0.00102494
0.00102334
0.00102193
0.00102069
0.0010196
0.00101866
0.00101783
0.00101711
0.00101649
0.00101596
0.0010155
0.0010151
0.00101475
0.00101446
0.00101421
0.00101399
0.00101381
0.00101365
0.00101352
0.0010134
0.00101331
0.00101322
0.00101315
0.00101309
0.00101304
0.00101299
0.00101296
0.00101292
0.0010129
0.00101287
0.00101285
0.00101283
0.00101282
0.0010128
0.00101279
0.00101278
0.00101277
0.00101276
0.00101275
0.00101274
0.00101274
0.00101273
0.00101273
0.00101272
0.00101272
0.00101271
0.00101271
0.00101271
0.0010127
0.0010127
0.0010127
0.0010127
0.00101269
0.00101269
0.00101269
0.00101269
0.00101268
0.00101268
0.00101268
0.00101268
0.00101268
0.00101267
0.00101267
0.00101267
0.00101267
0.00101267
0.00101266
0.00104159
0.0010454
0.00104948
0.00105378
0.00105821
0.00106267
0.00106705
0.00107121
0.00107501
0.00107829
0.00108091
0.00108275
0.00108371
0.00108376
0.00108292
0.00108125
0.00107885
0.00107585
0.00107239
0.00106859
0.00106459
0.0010605
0.00105642
0.00105244
0.0010486
0.00104496
0.00104155
0.00103839
0.00103547
0.00103282
0.00103041
0.00102824
0.00102629
0.00102456
0.00102302
0.00102165
0.00102046
0.0010194
0.00101848
0.00101768
0.00101698
0.00101638
0.00101585
0.0010154
0.00101501
0.00101468
0.00101439
0.00101414
0.00101393
0.00101375
0.0010136
0.00101347
0.00101335
0.00101326
0.00101318
0.00101311
0.00101305
0.001013
0.00101296
0.00101292
0.00101289
0.00101286
0.00101284
0.00101282
0.0010128
0.00101278
0.00101277
0.00101276
0.00101275
0.00101274
0.00101273
0.00101272
0.00101272
0.00101271
0.0010127
0.0010127
0.0010127
0.00101269
0.00101269
0.00101268
0.00101268
0.00101268
0.00101267
0.00101267
0.00101267
0.00101267
0.00101266
0.00101266
0.00101266
0.00101266
0.00101265
0.00101265
0.00101265
0.00101265
0.00101265
0.00101265
0.00101264
0.00101264
0.00101264
0.00101263
0.00103914
0.0010425
0.00104607
0.00104982
0.00105368
0.00105757
0.00106138
0.00106502
0.00106836
0.00107127
0.00107365
0.00107538
0.00107638
0.00107662
0.00107609
0.00107483
0.00107293
0.00107048
0.00106757
0.00106434
0.00106088
0.0010573
0.00105369
0.00105012
0.00104665
0.00104333
0.00104019
0.00103725
0.00103454
0.00103204
0.00102976
0.0010277
0.00102585
0.00102418
0.0010227
0.00102139
0.00102023
0.00101921
0.00101832
0.00101754
0.00101686
0.00101626
0.00101575
0.00101531
0.00101493
0.0010146
0.00101432
0.00101408
0.00101387
0.0010137
0.00101354
0.00101342
0.00101331
0.00101321
0.00101314
0.00101307
0.00101301
0.00101296
0.00101292
0.00101288
0.00101285
0.00101283
0.0010128
0.00101278
0.00101277
0.00101275
0.00101274
0.00101273
0.00101272
0.00101271
0.0010127
0.0010127
0.00101269
0.00101268
0.00101268
0.00101267
0.00101267
0.00101267
0.00101266
0.00101266
0.00101265
0.00101265
0.00101265
0.00101265
0.00101264
0.00101264
0.00101264
0.00101264
0.00101263
0.00101263
0.00101263
0.00101263
0.00101263
0.00101262
0.00101262
0.00101262
0.00101262
0.00101262
0.00101262
0.00101261
0.00103699
0.00103996
0.00104311
0.00104641
0.00104979
0.0010532
0.00105654
0.00105974
0.00106269
0.00106529
0.00106745
0.00106908
0.00107009
0.00107045
0.00107015
0.00106922
0.00106771
0.0010657
0.00106327
0.00106051
0.00105752
0.00105438
0.00105117
0.00104797
0.00104483
0.0010418
0.0010389
0.00103618
0.00103364
0.0010313
0.00102915
0.00102719
0.00102542
0.00102383
0.00102241
0.00102114
0.00102002
0.00101903
0.00101816
0.0010174
0.00101674
0.00101616
0.00101566
0.00101523
0.00101485
0.00101453
0.00101426
0.00101402
0.00101382
0.00101364
0.0010135
0.00101337
0.00101326
0.00101317
0.0010131
0.00101303
0.00101297
0.00101293
0.00101289
0.00101285
0.00101282
0.0010128
0.00101278
0.00101276
0.00101274
0.00101273
0.00101271
0.0010127
0.00101269
0.00101268
0.00101268
0.00101267
0.00101266
0.00101266
0.00101265
0.00101265
0.00101265
0.00101264
0.00101264
0.00101263
0.00101263
0.00101263
0.00101263
0.00101262
0.00101262
0.00101262
0.00101262
0.00101261
0.00101261
0.00101261
0.00101261
0.00101261
0.0010126
0.0010126
0.0010126
0.0010126
0.0010126
0.00101259
0.00101259
0.00101259
0.0010351
0.00103775
0.00104055
0.00104346
0.00104645
0.00104945
0.0010524
0.00105523
0.00105785
0.00106019
0.00106216
0.00106368
0.00106468
0.00106512
0.001065
0.00106432
0.00106313
0.00106148
0.00105943
0.00105707
0.00105448
0.00105171
0.00104886
0.00104599
0.00104314
0.00104036
0.0010377
0.00103517
0.0010328
0.0010306
0.00102856
0.0010267
0.00102502
0.00102349
0.00102212
0.0010209
0.00101982
0.00101886
0.00101801
0.00101727
0.00101662
0.00101606
0.00101557
0.00101515
0.00101478
0.00101447
0.0010142
0.00101396
0.00101377
0.0010136
0.00101345
0.00101333
0.00101322
0.00101314
0.00101306
0.001013
0.00101294
0.00101289
0.00101286
0.00101282
0.00101279
0.00101277
0.00101275
0.00101273
0.00101271
0.0010127
0.00101269
0.00101268
0.00101267
0.00101266
0.00101265
0.00101265
0.00101264
0.00101264
0.00101263
0.00101263
0.00101262
0.00101262
0.00101262
0.00101261
0.00101261
0.00101261
0.0010126
0.0010126
0.0010126
0.0010126
0.00101259
0.00101259
0.00101259
0.00101259
0.00101259
0.00101258
0.00101258
0.00101258
0.00101258
0.00101258
0.00101258
0.00101257
0.00101257
0.00101256
0.00103346
0.00103583
0.00103832
0.00104092
0.00104357
0.00104624
0.00104886
0.00105138
0.00105373
0.00105584
0.00105763
0.00105905
0.00106003
0.00106053
0.00106054
0.00106005
0.00105911
0.00105775
0.00105603
0.001054
0.00105173
0.0010493
0.00104676
0.00104417
0.00104158
0.00103904
0.00103658
0.00103423
0.00103201
0.00102993
0.00102801
0.00102624
0.00102463
0.00102317
0.00102185
0.00102068
0.00101963
0.0010187
0.00101787
0.00101715
0.00101652
0.00101597
0.00101549
0.00101507
0.00101471
0.00101441
0.00101414
0.00101391
0.00101372
0.00101355
0.00101341
0.00101329
0.00101319
0.0010131
0.00101303
0.00101296
0.00101291
0.00101287
0.00101283
0.00101279
0.00101277
0.00101274
0.00101272
0.00101271
0.00101269
0.00101268
0.00101267
0.00101266
0.00101265
0.00101264
0.00101263
0.00101263
0.00101262
0.00101262
0.00101261
0.00101261
0.0010126
0.0010126
0.0010126
0.00101259
0.00101259
0.00101259
0.00101258
0.00101258
0.00101258
0.00101258
0.00101257
0.00101257
0.00101257
0.00101257
0.00101257
0.00101256
0.00101256
0.00101256
0.00101256
0.00101256
0.00101256
0.00101255
0.00101255
0.00101254
0.00103202
0.00103415
0.0010364
0.00103872
0.0010411
0.00104348
0.00104583
0.00104808
0.0010502
0.00105211
0.00105377
0.00105509
0.00105604
0.00105657
0.00105668
0.00105634
0.0010556
0.00105447
0.00105301
0.00105126
0.00104928
0.00104712
0.00104485
0.00104251
0.00104015
0.00103781
0.00103554
0.00103335
0.00103127
0.00102932
0.00102749
0.00102581
0.00102427
0.00102287
0.0010216
0.00102046
0.00101945
0.00101854
0.00101774
0.00101704
0.00101642
0.00101588
0.00101541
0.001015
0.00101465
0.00101435
0.00101409
0.00101386
0.00101367
0.00101351
0.00101337
0.00101325
0.00101315
0.00101307
0.00101299
0.00101293
0.00101288
0.00101284
0.0010128
0.00101277
0.00101274
0.00101272
0.0010127
0.00101268
0.00101267
0.00101266
0.00101264
0.00101263
0.00101263
0.00101262
0.00101261
0.00101261
0.0010126
0.0010126
0.00101259
0.00101259
0.00101258
0.00101258
0.00101258
0.00101257
0.00101257
0.00101257
0.00101257
0.00101256
0.00101256
0.00101256
0.00101256
0.00101255
0.00101255
0.00101255
0.00101255
0.00101255
0.00101254
0.00101254
0.00101254
0.00101254
0.00101254
0.00101254
0.00101253
0.00101253
0.00103077
0.00103271
0.00103473
0.00103683
0.00103897
0.00104112
0.00104323
0.00104527
0.00104719
0.00104894
0.00105046
0.0010517
0.00105262
0.00105317
0.00105334
0.00105312
0.00105254
0.0010516
0.00105035
0.00104883
0.00104709
0.00104517
0.00104313
0.001041
0.00103885
0.0010367
0.00103458
0.00103254
0.00103059
0.00102874
0.00102701
0.00102541
0.00102393
0.00102259
0.00102137
0.00102026
0.00101928
0.0010184
0.00101762
0.00101693
0.00101633
0.0010158
0.00101534
0.00101494
0.0010146
0.0010143
0.00101404
0.00101382
0.00101363
0.00101347
0.00101334
0.00101322
0.00101312
0.00101304
0.00101297
0.00101291
0.00101285
0.00101281
0.00101278
0.00101274
0.00101272
0.0010127
0.00101268
0.00101266
0.00101265
0.00101263
0.00101262
0.00101262
0.00101261
0.0010126
0.00101259
0.00101259
0.00101258
0.00101258
0.00101257
0.00101257
0.00101257
0.00101256
0.00101256
0.00101256
0.00101255
0.00101255
0.00101255
0.00101255
0.00101254
0.00101254
0.00101254
0.00101254
0.00101253
0.00101253
0.00101253
0.00101253
0.00101253
0.00101253
0.00101252
0.00101252
0.00101252
0.00101252
0.00101252
0.00101251
0.00102969
0.00103145
0.0010333
0.0010352
0.00103714
0.00103909
0.001041
0.00104286
0.00104461
0.00104621
0.00104763
0.00104879
0.00104968
0.00105023
0.00105045
0.00105032
0.00104986
0.00104907
0.001048
0.00104667
0.00104513
0.00104341
0.00104157
0.00103964
0.00103766
0.00103567
0.00103371
0.00103179
0.00102996
0.00102821
0.00102657
0.00102503
0.00102362
0.00102232
0.00102114
0.00102008
0.00101912
0.00101827
0.00101751
0.00101683
0.00101624
0.00101573
0.00101527
0.00101488
0.00101454
0.00101425
0.001014
0.00101378
0.00101359
0.00101344
0.0010133
0.00101319
0.00101309
0.00101301
0.00101294
0.00101288
0.00101283
0.00101279
0.00101275
0.00101272
0.0010127
0.00101268
0.00101266
0.00101264
0.00101263
0.00101262
0.00101261
0.0010126
0.00101259
0.00101258
0.00101258
0.00101257
0.00101257
0.00101256
0.00101256
0.00101255
0.00101255
0.00101255
0.00101254
0.00101254
0.00101254
0.00101253
0.00101253
0.00101253
0.00101253
0.00101253
0.00101252
0.00101252
0.00101252
0.00101252
0.00101251
0.00101251
0.00101251
0.00101251
0.00101251
0.00101251
0.0010125
0.0010125
0.0010125
0.00101249
0.00102875
0.00103036
0.00103205
0.00103378
0.00103555
0.00103732
0.00103907
0.00104077
0.00104238
0.00104386
0.00104517
0.00104627
0.00104712
0.00104768
0.00104793
0.00104786
0.0010475
0.00104684
0.00104591
0.00104474
0.00104337
0.00104183
0.00104015
0.00103839
0.00103656
0.00103472
0.00103289
0.0010311
0.00102937
0.00102771
0.00102615
0.00102468
0.00102333
0.00102208
0.00102094
0.00101991
0.00101898
0.00101814
0.0010174
0.00101675
0.00101617
0.00101566
0.00101522
0.00101483
0.00101449
0.00101421
0.00101396
0.00101374
0.00101356
0.0010134
0.00101327
0.00101316
0.00101306
0.00101298
0.00101291
0.00101285
0.00101281
0.00101276
0.00101273
0.0010127
0.00101267
0.00101265
0.00101264
0.00101262
0.00101261
0.00101259
0.00101258
0.00101258
0.00101257
0.00101256
0.00101256
0.00101255
0.00101255
0.00101254
0.00101254
0.00101253
0.00101253
0.00101253
0.00101252
0.00101252
0.00101252
0.00101252
0.00101251
0.00101251
0.00101251
0.00101251
0.0010125
0.0010125
0.0010125
0.0010125
0.0010125
0.00101249
0.00101249
0.00101249
0.00101249
0.00101249
0.00101248
0.00101248
0.00101248
0.00101247
0.00102803
0.00102952
0.00103109
0.00103269
0.00103433
0.00103597
0.0010376
0.00103918
0.00104068
0.00104208
0.00104333
0.0010444
0.00104523
0.0010458
0.00104608
0.00104607
0.00104578
0.00104521
0.0010444
0.00104336
0.00104212
0.00104071
0.00103917
0.00103753
0.00103583
0.00103409
0.00103236
0.00103066
0.001029
0.00102741
0.00102591
0.00102449
0.00102317
0.00102196
0.00102084
0.00101983
0.00101892
0.0010181
0.00101736
0.00101671
0.00101614
0.00101563
0.00101519
0.0010148
0.00101447
0.00101418
0.00101393
0.00101371
0.00101353
0.00101337
0.00101324
0.00101312
0.00101302
0.00101294
0.00101287
0.00101281
0.00101276
0.00101272
0.00101268
0.00101265
0.00101262
0.0010126
0.00101258
0.00101257
0.00101255
0.00101254
0.00101253
0.00101252
0.00101251
0.00101251
0.0010125
0.00101249
0.00101249
0.00101248
0.00101248
0.00101248
0.00101247
0.00101247
0.00101246
0.00101246
0.00101246
0.00101246
0.00101245
0.00101245
0.00101245
0.00101245
0.00101244
0.00101244
0.00101244
0.00101244
0.00101244
0.00101243
0.00101243
0.00101243
0.00101243
0.00101243
0.00101242
0.00101242
0.00101242
0.00101241
0.0010285
0.00103002
0.00103161
0.00103324
0.00103491
0.00103658
0.00103825
0.00103987
0.00104143
0.0010429
0.00104422
0.00104537
0.00104628
0.00104692
0.00104728
0.00104733
0.0010471
0.00104659
0.00104581
0.0010448
0.00104357
0.00104216
0.0010406
0.00103893
0.00103718
0.00103539
0.00103359
0.0010318
0.00103007
0.00102839
0.0010268
0.0010253
0.0010239
0.0010226
0.0010214
0.00102032
0.00101933
0.00101844
0.00101764
0.00101693
0.0010163
0.00101575
0.00101526
0.00101483
0.00101445
0.00101412
0.00101384
0.00101359
0.00101338
0.00101319
0.00101303
0.0010129
0.00101278
0.00101268
0.00101259
0.00101252
0.00101245
0.00101239
0.00101235
0.00101231
0.00101227
0.00101224
0.00101221
0.00101219
0.00101217
0.00101215
0.00101213
0.00101212
0.00101211
0.00101209
0.00101208
0.00101208
0.00101207
0.00101206
0.00101205
0.00101205
0.00101204
0.00101204
0.00101203
0.00101203
0.00101202
0.00101202
0.00101201
0.00101201
0.00101201
0.001012
0.001012
0.001012
0.00101199
0.00101199
0.00101199
0.00101199
0.00101198
0.00101198
0.00101198
0.00101198
0.00101198
0.00101197
0.00101197
0.00101196
0.00103365
0.00103571
0.00103784
0.00104004
0.00104227
0.0010445
0.0010467
0.00104883
0.00105087
0.00105276
0.00105447
0.00105594
0.00105713
0.00105798
0.00105847
0.00105859
0.00105834
0.00105772
0.00105676
0.00105548
0.0010539
0.00105207
0.00105002
0.00104782
0.00104549
0.00104309
0.00104066
0.00103824
0.00103586
0.00103355
0.00103134
0.00102923
0.00102726
0.00102541
0.0010237
0.00102212
0.00102068
0.00101936
0.00101817
0.0010171
0.00101613
0.00101527
0.0010145
0.00101381
0.0010132
0.00101266
0.00101218
0.00101175
0.00101138
0.00101104
0.00101075
0.00101049
0.00101026
0.00101006
0.00100988
0.00100972
0.00100958
0.00100946
0.00100935
0.00100925
0.00100916
0.00100909
0.00100902
0.00100896
0.0010089
0.00100885
0.00100881
0.00100877
0.00100873
0.0010087
0.00100867
0.00100864
0.00100862
0.0010086
0.00100858
0.00100856
0.00100855
0.00100853
0.00100852
0.0010085
0.00100849
0.00100848
0.00100847
0.00100846
0.00100845
0.00100844
0.00100844
0.00100843
0.00100842
0.00100842
0.00100841
0.0010084
0.0010084
0.00100839
0.00100839
0.00100838
0.00100838
0.00100837
0.00100837
0.00100836
0.00103859
0.00104193
0.00104529
0.00104865
0.00105196
0.00105517
0.00105824
0.00106109
0.0010637
0.001066
0.00106796
0.00106957
0.00107078
0.00107158
0.00107193
0.0010718
0.0010712
0.00107011
0.00106854
0.00106654
0.00106413
0.00106136
0.00105829
0.00105497
0.00105145
0.0010478
0.00104407
0.00104032
0.00103658
0.0010329
0.00102931
0.00102584
0.00102252
0.00101937
0.00101638
0.00101358
0.00101096
0.00100853
0.00100627
0.0010042
0.00100229
0.00100054
0.000998939
0.000997481
0.000996155
0.00099495
0.000993857
0.000992868
0.000991972
0.000991162
0.00099043
0.000989768
0.000989171
0.000988632
0.000988146
0.000987707
0.000987311
0.000986953
0.00098663
0.000986339
0.000986075
0.000985837
0.000985622
0.000985428
0.000985252
0.000985093
0.000984949
0.000984819
0.000984701
0.000984594
0.000984497
0.000984408
0.000984328
0.000984255
0.000984188
0.000984127
0.000984071
0.00098402
0.000983973
0.00098393
0.000983891
0.000983854
0.00098382
0.000983788
0.000983759
0.000983731
0.000983706
0.000983681
0.000983659
0.000983637
0.000983617
0.000983597
0.000983578
0.000983561
0.000983544
0.000983527
0.000983511
0.000983496
0.000983484
0.00098345
0.000905725
0.000907298
0.000908736
0.000910038
0.000911197
0.000912213
0.000913094
0.000913856
0.000914512
0.000915054
0.000915449
0.000915659
0.000915671
0.000915517
0.000915248
0.000914902
0.000914483
0.000913966
0.00091332
0.00091252
0.00091156
0.00091044
0.000909169
0.000907757
0.000906217
0.000904561
0.000902804
0.000900962
0.000899052
0.000897089
0.000895091
0.000893073
0.000891051
0.000889038
0.000887049
0.000885093
0.000883183
0.000881325
0.000879527
0.000877796
0.000876136
0.000874549
0.000873038
0.000871605
0.000870249
0.00086897
0.000867767
0.000866638
0.000865581
0.000864594
0.000863673
0.000862817
0.000862022
0.000861284
0.000860601
0.000859969
0.000859386
0.000858847
0.000858351
0.000857894
0.000857473
0.000857087
0.000856731
0.000856405
0.000856105
0.000855829
0.000855576
0.000855343
0.00085513
0.000854933
0.000854752
0.000854586
0.000854432
0.000854291
0.00085416
0.000854039
0.000853927
0.000853822
0.000853725
0.000853634
0.00085355
0.00085347
0.000853396
0.000853325
0.000853259
0.000853196
0.000853136
0.000853079
0.000853024
0.000852972
0.000852922
0.000852874
0.000852827
0.000852782
0.000852739
0.000852696
0.000852655
0.000852614
0.000852582
0.000852501
0.000372502
0.000371132
0.000369856
0.000368708
0.000367717
0.00036691
0.000366321
0.000365986
0.000365922
0.000366098
0.000366425
0.000366812
0.000367221
0.000367704
0.000368362
0.000369279
0.000370483
0.000371946
0.000373622
0.000375467
0.000377458
0.00037958
0.000381824
0.000384181
0.00038664
0.000389191
0.000391821
0.000394518
0.000397269
0.000400063
0.000402885
0.000405721
0.000408559
0.000411384
0.000414185
0.000416947
0.00041966
0.000422313
0.000424895
0.000427399
0.000429816
0.00043214
0.000434367
0.000436492
0.000438512
0.000440427
0.000442235
0.000443936
0.000445532
0.000447026
0.000448418
0.000449712
0.000450912
0.000452021
0.000453043
0.000453983
0.000454845
0.000455633
0.000456351
0.000457005
0.000457597
0.000458133
0.000458616
0.000459051
0.00045944
0.000459788
0.000460098
0.000460372
0.000460615
0.000460828
0.000461015
0.000461178
0.000461319
0.00046144
0.000461543
0.00046163
0.000461703
0.000461763
0.000461811
0.000461848
0.000461877
0.000461897
0.00046191
0.000461917
0.000461918
0.000461914
0.000461906
0.000461894
0.000461879
0.000461861
0.000461841
0.000461818
0.000461794
0.000461768
0.000461741
0.000461712
0.000461683
0.000461652
0.000461627
0.000461562
0.000149467
0.000149187
0.000148898
0.000148599
0.000148288
0.000147968
0.000147638
0.000147301
0.000146957
0.000146608
0.000146255
0.000145894
0.000145522
0.000145138
0.000144742
0.000144337
0.000143927
0.000143515
0.000143104
0.000142696
0.000142292
0.000141894
0.000141502
0.000141119
0.000140744
0.00014038
0.000140028
0.000139687
0.000139359
0.000139044
0.000138742
0.000138454
0.00013818
0.000137919
0.000137672
0.000137439
0.000137219
0.000137013
0.000136819
0.000136637
0.000136467
0.000136308
0.000136161
0.000136024
0.000135896
0.000135779
0.00013567
0.000135569
0.000135477
0.000135392
0.000135313
0.000135242
0.000135176
0.000135116
0.000135062
0.000135012
0.000134967
0.000134926
0.000134889
0.000134856
0.000134826
0.000134799
0.000134774
0.000134753
0.000134733
0.000134716
0.0001347
0.000134687
0.000134675
0.000134664
0.000134655
0.000134647
0.00013464
0.000134634
0.000134629
0.000134625
0.000134622
0.000134619
0.000134616
0.000134614
0.000134613
0.000134612
0.000134611
0.000134611
0.000134611
0.000134611
0.000134611
0.000134612
0.000134613
0.000134614
0.000134615
0.000134616
0.000134617
0.000134618
0.000134619
0.000134621
0.000134622
0.000134624
0.000134625
0.000134627
6.10648e-05
0.000148805
0.000159425
0.000166496
0.000170933
0.000173782
0.000175787
0.000177236
0.000178181
0.000178622
0.000178577
0.000178114
0.000177341
0.00017639
0.000175386
0.000174437
0.000173615
0.000172966
0.000172503
0.000172221
0.000172102
0.000172121
0.000172254
0.000172477
0.000172768
0.000173107
0.000173479
0.000173871
0.000174272
0.000174673
0.00017507
0.000175457
0.00017583
0.000176187
0.000176528
0.00017685
0.000177154
0.00017744
0.000177707
0.000177957
0.00017819
0.000178407
0.000178608
0.000178794
0.000178966
0.000179126
0.000179273
0.000179408
0.000179533
0.000179648
0.000179753
0.00017985
0.000179939
0.00018002
0.000180095
0.000180163
0.000180225
0.000180282
0.000180334
0.000180381
0.000180424
0.000180464
0.000180499
0.000180532
0.000180561
0.000180588
0.000180612
0.000180635
0.000180655
0.000180673
0.000180689
0.000180704
0.000180718
0.00018073
0.000180741
0.000180752
0.000180761
0.000180769
0.000180777
0.000180784
0.00018079
0.000180796
0.000180802
0.000180807
0.000180811
0.000180815
0.000180819
0.000180823
0.000180826
0.00018083
0.000180832
0.000180835
0.000180838
0.00018084
0.000180843
0.000180845
0.000180847
0.000180849
0.000180851
0.000180854
6.52045e-05
0.000335538
0.000792268
0.00122494
0.00153218
0.00171629
0.00179423
0.00178365
0.00171362
0.00161902
0.00152619
0.00144569
0.00137623
0.0013128
0.00125182
0.00119229
0.00113487
0.00108075
0.0010308
0.000985417
0.00094462
0.000908218
0.000875915
0.000847371
0.000822226
0.000800124
0.000780724
0.000763707
0.000748782
0.000735686
0.000724187
0.000714077
0.000705177
0.00069733
0.000690398
0.000684264
0.000678826
0.000673994
0.000669695
0.000665861
0.000662436
0.000659372
0.000656624
0.000654158
0.000651941
0.000649944
0.000648144
0.00064652
0.000645052
0.000643724
0.000642522
0.000641433
0.000640445
0.000639549
0.000638735
0.000637996
0.000637323
0.000636712
0.000636155
0.000635649
0.000635187
0.000634766
0.000634383
0.000634032
0.000633713
0.00063342
0.000633153
0.000632908
0.000632684
0.000632479
0.00063229
0.000632116
0.000631956
0.000631809
0.000631673
0.000631547
0.00063143
0.000631321
0.00063122
0.000631125
0.000631037
0.000630953
0.000630875
0.000630801
0.000630732
0.000630665
0.000630602
0.000630542
0.000630485
0.00063043
0.000630377
0.000630326
0.000630276
0.000630229
0.000630182
0.000630137
0.000630093
0.000630049
0.000630014
0.00062993
6.79056e-05
0.000479962
0.00136605
0.00212893
0.00253973
0.00269466
0.00271594
0.00266752
0.00255802
0.002385
0.00217089
0.00196142
0.00178945
0.00165877
0.00155805
0.00147551
0.00140419
0.00134141
0.00128649
0.00123894
0.001198
0.00116283
0.00113262
0.00110671
0.00108449
0.00106546
0.00104917
0.00103521
0.00102325
0.001013
0.00100421
0.00099665
0.000990146
0.000984538
0.000979695
0.000975503
0.000971867
0.000968706
0.000965951
0.000963545
0.000961438
0.000959588
0.000957961
0.000956527
0.000955259
0.000954135
0.000953138
0.000952251
0.00095146
0.000950754
0.000950122
0.000949555
0.000949047
0.000948589
0.000948178
0.000947806
0.00094747
0.000947167
0.000946892
0.000946643
0.000946417
0.000946211
0.000946024
0.000945854
0.000945698
0.000945556
0.000945426
0.000945308
0.000945198
0.000945098
0.000945006
0.000944921
0.000944842
0.00094477
0.000944702
0.00094464
0.000944582
0.000944527
0.000944476
0.000944429
0.000944384
0.000944341
0.000944301
0.000944264
0.000944228
0.000944193
0.000944161
0.000944129
0.000944099
0.00094407
0.000944042
0.000944015
0.000943989
0.000943963
0.000943939
0.000943914
0.000943891
0.000943867
0.000943849
0.000943797
7.67505e-05
0.000995626
0.00175462
0.00202054
0.00213198
0.00219675
0.00223237
0.00223623
0.0022137
0.00218034
0.00214807
0.00210194
0.00201117
0.00187432
0.00172352
0.00158896
0.00148113
0.00139675
0.00132968
0.00127535
0.00123076
0.00119382
0.00116304
0.00113732
0.00111579
0.00109777
0.00108269
0.00107006
0.00105949
0.00105064
0.00104324
0.00103704
0.00103184
0.00102749
0.00102385
0.00102079
0.00101822
0.00101607
0.00101426
0.00101273
0.00101145
0.00101036
0.00100945
0.00100867
0.00100802
0.00100746
0.00100699
0.00100659
0.00100625
0.00100596
0.00100571
0.00100549
0.00100531
0.00100515
0.00100501
0.00100489
0.00100479
0.0010047
0.00100462
0.00100455
0.00100448
0.00100443
0.00100438
0.00100434
0.0010043
0.00100427
0.00100423
0.00100421
0.00100418
0.00100416
0.00100413
0.00100412
0.0010041
0.00100408
0.00100406
0.00100405
0.00100404
0.00100402
0.00100401
0.001004
0.00100399
0.00100398
0.00100397
0.00100396
0.00100395
0.00100394
0.00100393
0.00100393
0.00100392
0.00100391
0.0010039
0.0010039
0.00100389
0.00100388
0.00100388
0.00100387
0.00100386
0.00100386
0.00100385
0.00100384
0.000106429
0.00143698
0.00197729
0.00229603
0.00255376
0.00273828
0.00282283
0.00279981
0.00267991
0.00249292
0.0022956
0.00215626
0.00210785
0.00208633
0.00197818
0.00178038
0.00158546
0.00144452
0.00135148
0.00128683
0.00123774
0.00119838
0.00116616
0.00113964
0.00111774
0.00109964
0.00108465
0.00107222
0.00106191
0.00105336
0.00104626
0.00104036
0.00103547
0.0010314
0.00102802
0.00102522
0.00102289
0.00102095
0.00101935
0.00101802
0.00101691
0.001016
0.00101524
0.00101461
0.00101408
0.00101365
0.00101329
0.001013
0.00101275
0.00101255
0.00101238
0.00101225
0.00101213
0.00101204
0.00101196
0.0010119
0.00101185
0.0010118
0.00101176
0.00101173
0.00101171
0.00101169
0.00101167
0.00101166
0.00101164
0.00101163
0.00101162
0.00101162
0.00101161
0.0010116
0.0010116
0.00101159
0.00101159
0.00101158
0.00101158
0.00101157
0.00101157
0.00101157
0.00101156
0.00101156
0.00101156
0.00101155
0.00101155
0.00101155
0.00101155
0.00101154
0.00101154
0.00101154
0.00101154
0.00101153
0.00101153
0.00101153
0.00101153
0.00101152
0.00101152
0.00101152
0.00101152
0.00101151
0.00101151
0.0010115
0.000164897
0.00193311
0.00263421
0.00308548
0.00341394
0.00362473
0.00371032
0.00366844
0.00350268
0.00322722
0.00288319
0.00254825
0.00232898
0.00228509
0.0022942
0.00211956
0.00179463
0.00152706
0.00137355
0.00129101
0.00123859
0.00119845
0.00116553
0.00113844
0.00111626
0.0010981
0.00108318
0.0010709
0.00106077
0.0010524
0.00104548
0.00103976
0.00103501
0.00103109
0.00102784
0.00102514
0.00102291
0.00102107
0.00101954
0.00101828
0.00101723
0.00101637
0.00101566
0.00101507
0.00101459
0.00101419
0.00101387
0.0010136
0.00101338
0.0010132
0.00101306
0.00101294
0.00101284
0.00101277
0.0010127
0.00101265
0.00101261
0.00101258
0.00101255
0.00101253
0.00101252
0.0010125
0.00101249
0.00101248
0.00101248
0.00101247
0.00101247
0.00101246
0.00101246
0.00101246
0.00101246
0.00101245
0.00101245
0.00101245
0.00101245
0.00101245
0.00101245
0.00101244
0.00101244
0.00101244
0.00101244
0.00101244
0.00101244
0.00101243
0.00101243
0.00101243
0.00101243
0.00101243
0.00101243
0.00101243
0.00101242
0.00101242
0.00101242
0.00101242
0.00101242
0.00101242
0.00101241
0.00101241
0.00101241
0.0010124
0.000229758
0.0023707
0.00322153
0.00369003
0.00399598
0.0041839
0.00426642
0.00423778
0.00408446
0.00380377
0.00342033
0.00299431
0.00263568
0.00247996
0.00254369
0.00251742
0.00212402
0.00166873
0.00140382
0.00128784
0.00123274
0.00119472
0.00116263
0.00113557
0.00111341
0.00109542
0.00108076
0.00106876
0.0010589
0.00105079
0.0010441
0.00103857
0.00103401
0.00103024
0.00102712
0.00102454
0.00102241
0.00102065
0.00101919
0.00101799
0.001017
0.00101619
0.00101551
0.00101496
0.00101451
0.00101414
0.00101384
0.00101359
0.00101339
0.00101323
0.0010131
0.001013
0.00101291
0.00101284
0.00101279
0.00101275
0.00101272
0.00101269
0.00101267
0.00101265
0.00101264
0.00101263
0.00101263
0.00101262
0.00101262
0.00101262
0.00101262
0.00101262
0.00101261
0.00101261
0.00101261
0.00101261
0.00101261
0.00101261
0.00101261
0.00101261
0.00101261
0.00101261
0.00101261
0.00101261
0.00101261
0.00101261
0.00101261
0.0010126
0.0010126
0.0010126
0.0010126
0.0010126
0.0010126
0.0010126
0.0010126
0.00101259
0.00101259
0.00101259
0.00101259
0.00101259
0.00101259
0.00101259
0.00101259
0.00101258
0.000279833
0.00259429
0.00351075
0.00391991
0.00414482
0.00429033
0.00439815
0.00443673
0.00434869
0.0041098
0.00373807
0.00328944
0.00286725
0.00262533
0.00267689
0.00280639
0.00247291
0.00184918
0.0014444
0.00128019
0.00122087
0.00118718
0.0011574
0.00113095
0.0011091
0.00109153
0.00107735
0.00106582
0.00105638
0.00104863
0.00104225
0.001037
0.00103267
0.0010291
0.00102615
0.00102372
0.00102171
0.00102006
0.00101869
0.00101757
0.00101665
0.00101589
0.00101527
0.00101476
0.00101435
0.00101401
0.00101374
0.00101352
0.00101334
0.0010132
0.00101309
0.001013
0.00101293
0.00101288
0.00101283
0.0010128
0.00101278
0.00101276
0.00101275
0.00101274
0.00101273
0.00101273
0.00101273
0.00101273
0.00101273
0.00101273
0.00101273
0.00101273
0.00101274
0.00101274
0.00101274
0.00101274
0.00101274
0.00101274
0.00101275
0.00101275
0.00101275
0.00101275
0.00101275
0.00101275
0.00101275
0.00101275
0.00101275
0.00101275
0.00101275
0.00101275
0.00101274
0.00101274
0.00101274
0.00101274
0.00101274
0.00101274
0.00101274
0.00101274
0.00101274
0.00101274
0.00101273
0.00101273
0.00101273
0.00101273
0.000311646
0.00258578
0.00348051
0.00376507
0.00384229
0.00392809
0.00412855
0.00432717
0.00436967
0.00420592
0.00386774
0.00342418
0.00298083
0.00269423
0.00271772
0.00293229
0.0027074
0.00199984
0.0014823
0.0012725
0.00120762
0.0011781
0.00115091
0.00112522
0.00110376
0.00108669
0.0010731
0.00106214
0.00105321
0.00104591
0.00103993
0.00103502
0.00103099
0.00102767
0.00102494
0.00102269
0.00102084
0.00101932
0.00101807
0.00101705
0.00101622
0.00101553
0.00101498
0.00101453
0.00101417
0.00101387
0.00101364
0.00101345
0.00101331
0.00101319
0.00101311
0.00101304
0.00101299
0.00101295
0.00101292
0.00101291
0.00101289
0.00101289
0.00101289
0.00101289
0.00101289
0.00101289
0.0010129
0.00101291
0.00101291
0.00101292
0.00101292
0.00101293
0.00101293
0.00101294
0.00101294
0.00101295
0.00101295
0.00101296
0.00101296
0.00101296
0.00101296
0.00101297
0.00101297
0.00101297
0.00101297
0.00101297
0.00101297
0.00101297
0.00101297
0.00101297
0.00101297
0.00101297
0.00101297
0.00101297
0.00101297
0.00101297
0.00101297
0.00101297
0.00101297
0.00101296
0.00101296
0.00101296
0.00101296
0.00101296
0.000326791
0.00238831
0.0031904
0.00328872
0.00312416
0.00312495
0.00352221
0.00401516
0.00424985
0.00417336
0.00387183
0.00344273
0.0029984
0.00269459
0.00269451
0.00292834
0.00277396
0.00206195
0.00149963
0.00126689
0.0011983
0.00117094
0.00114524
0.00111993
0.00109867
0.00108197
0.00106883
0.00105833
0.00104986
0.00104298
0.00103738
0.00103282
0.00102909
0.00102604
0.00102355
0.00102151
0.00101984
0.00101848
0.00101737
0.00101647
0.00101574
0.00101515
0.00101468
0.0010143
0.00101401
0.00101377
0.00101359
0.00101345
0.00101334
0.00101326
0.0010132
0.00101317
0.00101314
0.00101313
0.00101312
0.00101312
0.00101313
0.00101314
0.00101315
0.00101316
0.00101317
0.00101319
0.0010132
0.00101322
0.00101323
0.00101324
0.00101325
0.00101326
0.00101328
0.00101328
0.00101329
0.0010133
0.00101331
0.00101331
0.00101332
0.00101332
0.00101333
0.00101333
0.00101334
0.00101334
0.00101334
0.00101334
0.00101334
0.00101335
0.00101335
0.00101335
0.00101335
0.00101335
0.00101335
0.00101335
0.00101335
0.00101335
0.00101335
0.00101335
0.00101335
0.00101335
0.00101335
0.00101335
0.00101335
0.00101334
0.000327975
0.00202152
0.00273818
0.0026212
0.0021731
0.00206944
0.00275014
0.00365514
0.00408946
0.00407509
0.00379907
0.003387
0.0029527
0.00264714
0.00262741
0.00283475
0.00269481
0.0020289
0.0014913
0.00126382
0.00119527
0.00116774
0.00114197
0.0011166
0.00109534
0.00107875
0.0010658
0.00105552
0.00104727
0.00104063
0.00103527
0.00103093
0.00102742
0.00102458
0.00102228
0.00102041
0.00101891
0.00101769
0.00101672
0.00101594
0.00101532
0.00101483
0.00101445
0.00101415
0.00101392
0.00101375
0.00101363
0.00101354
0.00101348
0.00101345
0.00101343
0.00101342
0.00101343
0.00101344
0.00101346
0.00101349
0.00101351
0.00101354
0.00101357
0.0010136
0.00101363
0.00101365
0.00101368
0.0010137
0.00101372
0.00101375
0.00101376
0.00101378
0.0010138
0.00101381
0.00101383
0.00101384
0.00101385
0.00101386
0.00101387
0.00101388
0.00101388
0.00101389
0.0010139
0.0010139
0.00101391
0.00101391
0.00101391
0.00101392
0.00101392
0.00101392
0.00101392
0.00101392
0.00101392
0.00101393
0.00101393
0.00101393
0.00101393
0.00101393
0.00101393
0.00101393
0.00101393
0.00101393
0.00101393
0.00101392
0.000318856
0.00150508
0.00217075
0.00192144
0.00133615
0.0011912
0.00214166
0.00342845
0.00395218
0.00394338
0.00367982
0.00328738
0.00287084
0.0025719
0.00253176
0.00268256
0.00252214
0.00193343
0.00146596
0.00126329
0.00119751
0.00116808
0.00114118
0.00111556
0.00109431
0.00107773
0.00106476
0.00105447
0.00104623
0.00103961
0.00103429
0.00103
0.00102656
0.00102379
0.00102157
0.00101978
0.00101836
0.00101723
0.00101634
0.00101564
0.00101509
0.00101467
0.00101436
0.00101412
0.00101396
0.00101384
0.00101377
0.00101373
0.00101371
0.00101371
0.00101373
0.00101376
0.0010138
0.00101384
0.00101389
0.00101394
0.00101398
0.00101403
0.00101408
0.00101412
0.00101417
0.00101421
0.00101424
0.00101428
0.00101431
0.00101434
0.00101437
0.00101439
0.00101442
0.00101444
0.00101446
0.00101447
0.00101449
0.0010145
0.00101452
0.00101453
0.00101454
0.00101455
0.00101455
0.00101456
0.00101457
0.00101457
0.00101458
0.00101458
0.00101459
0.00101459
0.00101459
0.0010146
0.0010146
0.0010146
0.0010146
0.0010146
0.0010146
0.00101461
0.00101461
0.00101461
0.00101461
0.00101461
0.00101461
0.0010146
0.000299545
0.00103646
0.00150263
0.00125381
0.000783422
0.000780349
0.00204076
0.00341602
0.00382919
0.00378626
0.00353441
0.003166
0.00277261
0.00248435
0.00242038
0.0024987
0.00230992
0.00181512
0.00143504
0.00126448
0.00120237
0.00117029
0.00114196
0.00111621
0.0010951
0.00107855
0.00106552
0.00105512
0.00104677
0.00104004
0.00103463
0.00103026
0.00102675
0.00102393
0.00102166
0.00101985
0.00101841
0.00101728
0.00101638
0.00101569
0.00101516
0.00101475
0.00101446
0.00101424
0.0010141
0.001014
0.00101395
0.00101393
0.00101394
0.00101397
0.00101401
0.00101406
0.00101411
0.00101417
0.00101423
0.0010143
0.00101436
0.00101442
0.00101448
0.00101454
0.00101459
0.00101464
0.00101468
0.00101473
0.00101477
0.0010148
0.00101484
0.00101487
0.0010149
0.00101492
0.00101495
0.00101497
0.00101499
0.001015
0.00101502
0.00101503
0.00101504
0.00101505
0.00101506
0.00101507
0.00101508
0.00101509
0.00101509
0.0010151
0.0010151
0.00101511
0.00101511
0.00101511
0.00101512
0.00101512
0.00101512
0.00101512
0.00101513
0.00101513
0.00101513
0.00101513
0.00101513
0.00101513
0.00101513
0.00101513
0.000270587
0.000702832
0.00089265
0.000682886
0.000449967
0.000859344
0.00251249
0.00345196
0.00367404
0.00361229
0.0033802
0.00303884
0.00267141
0.00239517
0.00230421
0.00230802
0.0021005
0.00170163
0.00140549
0.00126571
0.00120711
0.00117266
0.00114327
0.00111768
0.00109688
0.00108044
0.00106738
0.00105689
0.00104841
0.00104154
0.00103597
0.00103147
0.00102782
0.00102487
0.00102249
0.00102058
0.00101905
0.00101784
0.00101687
0.00101612
0.00101554
0.0010151
0.00101476
0.00101452
0.00101435
0.00101424
0.00101417
0.00101414
0.00101414
0.00101416
0.00101419
0.00101424
0.00101429
0.00101435
0.00101441
0.00101447
0.00101454
0.0010146
0.00101466
0.00101471
0.00101477
0.00101482
0.00101487
0.00101491
0.00101495
0.00101499
0.00101502
0.00101506
0.00101508
0.00101511
0.00101513
0.00101516
0.00101517
0.00101519
0.00101521
0.00101522
0.00101523
0.00101525
0.00101526
0.00101526
0.00101527
0.00101528
0.00101529
0.00101529
0.0010153
0.0010153
0.0010153
0.00101531
0.00101531
0.00101531
0.00101531
0.00101532
0.00101532
0.00101532
0.00101532
0.00101532
0.00101532
0.00101532
0.00101533
0.00101532
0.000187514
0.000379778
0.000387892
0.000282735
0.000454939
0.00175551
0.00289228
0.00334398
0.00349546
0.00344105
0.00323008
0.00291578
0.00257531
0.0023109
0.00219198
0.00213072
0.00191955
0.00160641
0.00137986
0.00126544
0.00120996
0.00117405
0.00114427
0.00111917
0.00109885
0.00108266
0.00106966
0.00105913
0.00105056
0.00104357
0.00103787
0.00103321
0.00102941
0.00102631
0.00102379
0.00102175
0.0010201
0.00101877
0.0010177
0.00101686
0.00101619
0.00101567
0.00101527
0.00101496
0.00101474
0.00101458
0.00101446
0.0010144
0.00101436
0.00101434
0.00101435
0.00101437
0.0010144
0.00101444
0.00101449
0.00101453
0.00101458
0.00101463
0.00101468
0.00101473
0.00101477
0.00101481
0.00101485
0.00101489
0.00101493
0.00101496
0.00101499
0.00101502
0.00101504
0.00101507
0.00101509
0.00101511
0.00101512
0.00101514
0.00101515
0.00101517
0.00101518
0.00101519
0.0010152
0.0010152
0.00101521
0.00101522
0.00101522
0.00101523
0.00101523
0.00101523
0.00101524
0.00101524
0.00101524
0.00101524
0.00101525
0.00101525
0.00101525
0.00101525
0.00101525
0.00101525
0.00101525
0.00101525
0.00101526
0.00101525
)
;

boundaryField
{
    outlet
    {
        type            calculated;
        value           nonuniform List<scalar> 
55
(
0.00101507
0.00101484
0.00101456
0.00101429
0.00101407
0.00101392
0.00101381
0.00101372
0.00101362
0.00101351
0.00101341
0.00101331
0.00101322
0.00101314
0.00101306
0.001013
0.00101294
0.00101289
0.00101284
0.0010128
0.00101276
0.00101272
0.00101269
0.00101266
0.00101263
0.00101261
0.00101259
0.00101256
0.00101254
0.00101253
0.00101251
0.00101249
0.00101247
0.00101241
0.00101196
0.00100836
0.00098345
0.000852501
0.000461562
0.000134627
0.000180854
0.00062993
0.000943797
0.00100384
0.0010115
0.0010124
0.00101258
0.00101273
0.00101296
0.00101334
0.00101392
0.0010146
0.00101513
0.00101532
0.00101525
)
;
    }
    inlet
    {
        type            calculated;
        value           uniform 0.00101695;
    }
    lowerWall
    {
        type            nutkWallFunction;
        Cmu             0.09;
        kappa           0.41;
        E               9.8;
        value           nonuniform List<scalar> 
148
(
0
0
0
0
0
0
0
0
0
0
0
0
0
0
0
0
0
0
0
0
0
0
0
0
0
0
0
0
0
0
0
0
0
2.32146e-06
2.96795e-06
3.36998e-06
4.59151e-06
8.76952e-06
1.69755e-05
2.60698e-05
3.29671e-05
3.73163e-05
3.94144e-05
3.96215e-05
3.84679e-05
3.59672e-05
3.21594e-05
2.10193e-05
2.32146e-06
1.5414e-05
1.68892e-05
1.78456e-05
1.8425e-05
1.87819e-05
1.90271e-05
1.92042e-05
1.93209e-05
1.9375e-05
1.93674e-05
1.93065e-05
1.9207e-05
1.90863e-05
1.89607e-05
1.88436e-05
1.87441e-05
1.86673e-05
1.86145e-05
1.85848e-05
1.85757e-05
1.85841e-05
1.86066e-05
1.86403e-05
1.86823e-05
1.87301e-05
1.87817e-05
1.88355e-05
1.88902e-05
1.89447e-05
1.89982e-05
1.90503e-05
1.91004e-05
1.91483e-05
1.91938e-05
1.92368e-05
1.92773e-05
1.93154e-05
1.93509e-05
1.93841e-05
1.94151e-05
1.94438e-05
1.94705e-05
1.94952e-05
1.95181e-05
1.95392e-05
1.95586e-05
1.95766e-05
1.95931e-05
1.96083e-05
1.96223e-05
1.96351e-05
1.96469e-05
1.96576e-05
1.96675e-05
1.96765e-05
1.96847e-05
1.96923e-05
1.96991e-05
1.97054e-05
1.97111e-05
1.97163e-05
1.9721e-05
1.97253e-05
1.97292e-05
1.97328e-05
1.9736e-05
1.97389e-05
1.97416e-05
1.9744e-05
1.97462e-05
1.97481e-05
1.97499e-05
1.97516e-05
1.97531e-05
1.97544e-05
1.97556e-05
1.97568e-05
1.97578e-05
1.97587e-05
1.97596e-05
1.97604e-05
1.97611e-05
1.97617e-05
1.97623e-05
1.97629e-05
1.97634e-05
1.97639e-05
1.97644e-05
1.97648e-05
1.97652e-05
1.97656e-05
1.97659e-05
1.97663e-05
1.97666e-05
1.97669e-05
1.97672e-05
1.97674e-05
1.97677e-05
1.97681e-05
)
;
    }
    upperWall
    {
        type            nutkWallFunction;
        Cmu             0.09;
        kappa           0.41;
        E               9.8;
        value           nonuniform List<scalar> 
133
(
1.19999e-05
1.24864e-05
1.2954e-05
1.33994e-05
1.38224e-05
1.42262e-05
1.46152e-05
1.49894e-05
1.53361e-05
1.56296e-05
1.58428e-05
1.59622e-05
1.59956e-05
1.59686e-05
1.59131e-05
1.58544e-05
1.58059e-05
1.57701e-05
1.57433e-05
1.57207e-05
1.56986e-05
1.56755e-05
1.5651e-05
1.56253e-05
1.55986e-05
1.55711e-05
1.5543e-05
1.55143e-05
1.54849e-05
1.5455e-05
1.54246e-05
1.53939e-05
1.53621e-05
1.53284e-05
1.52899e-05
1.525e-05
1.52087e-05
1.5166e-05
1.5122e-05
1.50767e-05
1.50303e-05
1.49832e-05
1.49354e-05
1.48868e-05
1.4837e-05
1.47855e-05
1.47323e-05
1.46774e-05
1.46213e-05
1.45647e-05
1.45079e-05
1.44512e-05
1.43949e-05
1.43392e-05
1.42843e-05
1.42303e-05
1.41774e-05
1.41258e-05
1.40756e-05
1.40269e-05
1.39799e-05
1.39346e-05
1.38912e-05
1.38495e-05
1.38098e-05
1.3772e-05
1.3736e-05
1.3702e-05
1.36698e-05
1.36395e-05
1.3611e-05
1.35842e-05
1.35591e-05
1.35357e-05
1.35138e-05
1.34934e-05
1.34745e-05
1.34569e-05
1.34407e-05
1.34257e-05
1.34118e-05
1.3399e-05
1.33873e-05
1.33765e-05
1.33666e-05
1.33575e-05
1.33493e-05
1.33417e-05
1.33349e-05
1.33287e-05
1.3323e-05
1.33179e-05
1.33133e-05
1.33091e-05
1.33054e-05
1.33021e-05
1.32991e-05
1.32964e-05
1.3294e-05
1.32919e-05
1.329e-05
1.32884e-05
1.32869e-05
1.32857e-05
1.32846e-05
1.32836e-05
1.32828e-05
1.32821e-05
1.32815e-05
1.3281e-05
1.32806e-05
1.32803e-05
1.32801e-05
1.32799e-05
1.32798e-05
1.32797e-05
1.32796e-05
1.32796e-05
1.32796e-05
1.32797e-05
1.32798e-05
1.32799e-05
1.328e-05
1.32802e-05
1.32803e-05
1.32805e-05
1.32807e-05
1.32808e-05
1.3281e-05
1.32812e-05
1.32814e-05
1.32816e-05
1.32819e-05
)
;
    }
    frontAndBack
    {
        type            empty;
    }
}


// ************************************************************************* //
