/*--------------------------------*- C++ -*----------------------------------*\
  =========                 |
  \\      /  F ield         | OpenFOAM: The Open Source CFD Toolbox
   \\    /   O peration     | Website:  https://openfoam.org
    \\  /    A nd           | Version:  10
     \\/     M anipulation  |
\*---------------------------------------------------------------------------*/
FoamFile
{
    format      ascii;
    class       volScalarField;
    location    "0.16";
    object      nut;
}
// * * * * * * * * * * * * * * * * * * * * * * * * * * * * * * * * * * * * * //

dimensions      [0 2 -1 0 0 0 0];

internalField   nonuniform List<scalar> 
6820
(
0.000149484
0.000144853
0.000140581
0.000136577
0.000132833
0.000129377
0.000126234
0.000123417
0.000120923
0.000118737
0.000116839
0.000115206
0.000113812
0.000112633
0.000111647
0.000110833
0.000110171
0.000109644
0.000109237
0.000108936
0.000108727
0.000108601
0.000108546
0.000108555
0.000108619
0.000108732
0.000108884
0.000109088
0.000109254
0.000109781
0.000108778
0.000115078
8.72344e-05
0.000729198
0.00053239
0.00044801
0.000399704
0.000368376
0.000346726
0.000331083
0.000319353
0.000310266
0.000303018
0.000297087
0.000292127
0.000287902
0.000284248
0.000281048
0.000278215
0.000275683
0.000273404
0.000271338
0.000269455
0.000267729
0.000266141
0.000264674
0.000263314
0.00026205
0.000260872
0.000259774
0.000258746
0.000257791
0.000256911
0.000256118
0.000255297
0.000256815
0.000976776
0.000872181
0.000781621
0.000711262
0.000657315
0.000615273
0.0005817
0.000554237
0.000531298
0.0005118
0.000494981
0.000480296
0.00046734
0.000455808
0.000445465
0.000436126
0.000427647
0.00041991
0.00041282
0.000406296
0.000400273
0.000394696
0.000389516
0.000384692
0.000380189
0.000375974
0.000372016
0.00036829
0.000364755
0.000361404
0.000358125
0.00035491
0.00035131
0.00101349
0.00098823
0.000949374
0.000906192
0.000864423
0.000826379
0.000792546
0.000762656
0.000736217
0.000712718
0.000691705
0.000672794
0.00065567
0.000640073
0.000625792
0.000612653
0.000600512
0.00058925
0.000578767
0.000568979
0.000559813
0.00055121
0.000543115
0.000535482
0.000528271
0.000521445
0.00051497
0.000508816
0.000502947
0.000497346
0.000491945
0.000486772
0.000481589
0.00101671
0.00101241
0.00100191
0.00098566
0.000965603
0.00094371
0.000921419
0.000899606
0.000878739
0.000859029
0.000840534
0.000823231
0.000807058
0.000791934
0.000777774
0.000764495
0.000752018
0.000740272
0.000729192
0.000718721
0.000708805
0.0006994
0.000690462
0.000681956
0.000673846
0.000666103
0.000658698
0.000651603
0.00064479
0.000638239
0.000631909
0.000625791
0.000619824
0.00101676
0.00101592
0.0010136
0.00100903
0.00100204
0.000992919
0.000982189
0.000970395
0.000958001
0.000945368
0.000932754
0.000920334
0.000908219
0.00089648
0.000885154
0.000874256
0.000863789
0.000853746
0.000844114
0.000834877
0.000826017
0.000817514
0.00080935
0.000801506
0.000793963
0.000786704
0.000779709
0.000772963
0.000766447
0.000760145
0.000754036
0.000748107
0.000742343
0.00101671
0.00101623
0.00101553
0.00101428
0.00101219
0.0010091
0.00100497
0.00099989
0.000994018
0.000987517
0.000980554
0.000973275
0.000965804
0.000958238
0.000950658
0.000943122
0.000935675
0.000928349
0.000921168
0.000914148
0.000907299
0.000900626
0.000894131
0.000887815
0.000881675
0.000875707
0.000869907
0.000864268
0.000858783
0.000853446
0.000848248
0.000843183
0.000838248
0.0010167
0.00101622
0.00101574
0.00101518
0.00101442
0.00101335
0.00101188
0.00100995
0.00100755
0.0010047
0.00100144
0.000997824
0.000993906
0.000989746
0.000985399
0.000980913
0.00097633
0.000971687
0.000967014
0.000962338
0.000957677
0.00095305
0.000948469
0.000943945
0.000939486
0.000935097
0.000930783
0.000926545
0.000922387
0.000918308
0.000914308
0.000910388
0.00090655
0.0010167
0.00101621
0.00101575
0.00101528
0.0010148
0.00101425
0.00101359
0.00101279
0.00101179
0.00101059
0.00100917
0.00100753
0.00100569
0.00100365
0.00100143
0.000999059
0.000996557
0.000993943
0.000991238
0.00098846
0.000985627
0.000982754
0.000979854
0.000976938
0.000974017
0.000971099
0.000968192
0.000965301
0.000962432
0.000959589
0.000956777
0.000953999
0.00095126
0.0010167
0.00101621
0.00101574
0.00101529
0.00101484
0.00101439
0.00101393
0.00101344
0.0010129
0.00101229
0.0010116
0.00101082
0.00100993
0.00100895
0.00100786
0.00100668
0.00100539
0.00100403
0.00100258
0.00100106
0.000999475
0.000997838
0.000996153
0.00099443
0.000992674
0.000990894
0.000989094
0.000987281
0.000985459
0.000983635
0.000981811
0.000979993
0.000978185
0.0010167
0.00101621
0.00101574
0.00101528
0.00101484
0.00101441
0.00101398
0.00101356
0.00101313
0.0010127
0.00101224
0.00101176
0.00101125
0.0010107
0.0010101
0.00100946
0.00100878
0.00100805
0.00100727
0.00100645
0.00100558
0.00100468
0.00100374
0.00100276
0.00100176
0.00100073
0.000999675
0.000998601
0.000997512
0.000996409
0.000995297
0.000994178
0.000993056
0.0010167
0.00101621
0.00101574
0.00101528
0.00101484
0.0010144
0.00101398
0.00101357
0.00101317
0.00101277
0.00101238
0.00101199
0.00101159
0.00101119
0.00101078
0.00101035
0.00100991
0.00100946
0.00100898
0.00100849
0.00100797
0.00100744
0.00100689
0.00100632
0.00100573
0.00100513
0.00100451
0.00100387
0.00100323
0.00100257
0.00100191
0.00100124
0.00100056
0.0010167
0.00101621
0.00101574
0.00101528
0.00101483
0.0010144
0.00101398
0.00101357
0.00101317
0.00101278
0.0010124
0.00101203
0.00101167
0.00101131
0.00101095
0.00101059
0.00101024
0.00100988
0.00100953
0.00100916
0.0010088
0.00100843
0.00100805
0.00100767
0.00100728
0.00100689
0.00100649
0.00100609
0.00100568
0.00100526
0.00100484
0.00100442
0.001004
0.0010167
0.00101621
0.00101574
0.00101528
0.00101483
0.0010144
0.00101398
0.00101357
0.00101317
0.00101278
0.0010124
0.00101204
0.00101168
0.00101133
0.00101098
0.00101065
0.00101032
0.00100999
0.00100968
0.00100936
0.00100905
0.00100874
0.00100843
0.00100813
0.00100782
0.00100752
0.00100722
0.00100692
0.00100662
0.00100632
0.00100602
0.00100572
0.00100543
0.0010167
0.00101621
0.00101574
0.00101528
0.00101483
0.0010144
0.00101398
0.00101357
0.00101317
0.00101278
0.0010124
0.00101203
0.00101167
0.00101133
0.00101099
0.00101066
0.00101033
0.00101002
0.00100971
0.00100941
0.00100911
0.00100882
0.00100854
0.00100826
0.00100799
0.00100772
0.00100746
0.0010072
0.00100694
0.00100669
0.00100644
0.0010062
0.00100596
0.0010167
0.00101621
0.00101574
0.00101528
0.00101483
0.0010144
0.00101397
0.00101356
0.00101316
0.00101278
0.0010124
0.00101203
0.00101167
0.00101132
0.00101098
0.00101065
0.00101033
0.00101002
0.00100971
0.00100941
0.00100912
0.00100884
0.00100856
0.00100829
0.00100803
0.00100777
0.00100752
0.00100728
0.00100704
0.0010068
0.00100657
0.00100635
0.00100613
0.0010167
0.00101621
0.00101574
0.00101528
0.00101483
0.0010144
0.00101397
0.00101356
0.00101316
0.00101277
0.0010124
0.00101203
0.00101167
0.00101132
0.00101098
0.00101065
0.00101033
0.00101001
0.00100971
0.00100941
0.00100912
0.00100884
0.00100856
0.0010083
0.00100804
0.00100778
0.00100753
0.00100729
0.00100706
0.00100683
0.00100661
0.00100639
0.00100618
0.0010167
0.00101621
0.00101574
0.00101528
0.00101483
0.0010144
0.00101397
0.00101356
0.00101316
0.00101277
0.00101239
0.00101203
0.00101167
0.00101132
0.00101098
0.00101065
0.00101033
0.00101001
0.00100971
0.00100941
0.00100912
0.00100884
0.00100856
0.00100829
0.00100803
0.00100778
0.00100753
0.00100729
0.00100706
0.00100683
0.00100661
0.0010064
0.00100619
0.0010167
0.00101621
0.00101574
0.00101528
0.00101483
0.00101439
0.00101397
0.00101356
0.00101316
0.00101277
0.00101239
0.00101202
0.00101167
0.00101132
0.00101098
0.00101064
0.00101032
0.00101001
0.0010097
0.0010094
0.00100911
0.00100883
0.00100856
0.00100829
0.00100803
0.00100778
0.00100753
0.00100729
0.00100705
0.00100683
0.00100661
0.00100639
0.00100618
0.0010167
0.00101621
0.00101574
0.00101528
0.00101483
0.00101439
0.00101397
0.00101356
0.00101316
0.00101277
0.00101239
0.00101202
0.00101166
0.00101131
0.00101097
0.00101064
0.00101032
0.00101001
0.0010097
0.0010094
0.00100911
0.00100883
0.00100855
0.00100829
0.00100802
0.00100777
0.00100752
0.00100728
0.00100705
0.00100682
0.0010066
0.00100638
0.00100617
0.0010167
0.00101621
0.00101574
0.00101528
0.00101483
0.00101439
0.00101397
0.00101356
0.00101316
0.00101277
0.00101239
0.00101202
0.00101166
0.00101131
0.00101097
0.00101064
0.00101032
0.00101
0.0010097
0.0010094
0.00100911
0.00100883
0.00100855
0.00100828
0.00100802
0.00100777
0.00100752
0.00100728
0.00100704
0.00100681
0.00100659
0.00100638
0.00100616
0.0010167
0.00101621
0.00101574
0.00101528
0.00101483
0.00101439
0.00101397
0.00101356
0.00101316
0.00101277
0.00101239
0.00101202
0.00101166
0.00101131
0.00101097
0.00101064
0.00101032
0.00101
0.00100969
0.0010094
0.00100911
0.00100882
0.00100855
0.00100828
0.00100802
0.00100776
0.00100751
0.00100727
0.00100704
0.00100681
0.00100658
0.00100637
0.00100616
0.0010167
0.00101621
0.00101574
0.00101528
0.00101483
0.00101439
0.00101397
0.00101356
0.00101316
0.00101277
0.00101239
0.00101202
0.00101166
0.00101131
0.00101097
0.00101064
0.00101031
0.00101
0.00100969
0.00100939
0.0010091
0.00100882
0.00100854
0.00100827
0.00100801
0.00100776
0.00100751
0.00100727
0.00100703
0.0010068
0.00100658
0.00100636
0.00100615
0.0010167
0.00101621
0.00101574
0.00101528
0.00101483
0.00101439
0.00101397
0.00101356
0.00101316
0.00101277
0.00101239
0.00101202
0.00101166
0.00101131
0.00101097
0.00101064
0.00101031
0.00101
0.00100969
0.00100939
0.0010091
0.00100882
0.00100854
0.00100827
0.00100801
0.00100775
0.0010075
0.00100726
0.00100703
0.0010068
0.00100657
0.00100635
0.00100614
0.0010167
0.00101621
0.00101574
0.00101528
0.00101483
0.00101439
0.00101397
0.00101356
0.00101316
0.00101277
0.00101239
0.00101202
0.00101166
0.00101131
0.00101097
0.00101063
0.00101031
0.00101
0.00100969
0.00100939
0.0010091
0.00100881
0.00100854
0.00100827
0.00100801
0.00100775
0.0010075
0.00100726
0.00100702
0.00100679
0.00100657
0.00100635
0.00100613
0.0010167
0.00101621
0.00101574
0.00101528
0.00101483
0.00101439
0.00101397
0.00101356
0.00101316
0.00101277
0.00101239
0.00101202
0.00101166
0.00101131
0.00101097
0.00101063
0.00101031
0.00100999
0.00100969
0.00100939
0.0010091
0.00100881
0.00100854
0.00100827
0.001008
0.00100775
0.0010075
0.00100725
0.00100702
0.00100679
0.00100656
0.00100634
0.00100613
0.0010167
0.00101621
0.00101574
0.00101528
0.00101483
0.00101439
0.00101397
0.00101356
0.00101316
0.00101277
0.00101239
0.00101202
0.00101166
0.00101131
0.00101096
0.00101063
0.00101031
0.00100999
0.00100969
0.00100939
0.00100909
0.00100881
0.00100853
0.00100826
0.001008
0.00100774
0.00100749
0.00100725
0.00100701
0.00100678
0.00100655
0.00100633
0.00100612
0.0010167
0.00101621
0.00101574
0.00101528
0.00101483
0.00101439
0.00101397
0.00101356
0.00101316
0.00101277
0.00101239
0.00101202
0.00101166
0.00101131
0.00101096
0.00101063
0.00101031
0.00100999
0.00100968
0.00100939
0.00100909
0.00100881
0.00100853
0.00100826
0.001008
0.00100774
0.00100749
0.00100725
0.00100701
0.00100678
0.00100655
0.00100633
0.00100611
0.0010167
0.00101621
0.00101574
0.00101528
0.00101483
0.00101439
0.00101397
0.00101356
0.00101316
0.00101277
0.00101239
0.00101202
0.00101166
0.00101131
0.00101096
0.00101063
0.00101031
0.00100999
0.00100968
0.00100938
0.00100909
0.00100881
0.00100853
0.00100826
0.001008
0.00100774
0.00100749
0.00100724
0.00100701
0.00100677
0.00100655
0.00100632
0.00100611
0.0010167
0.00101621
0.00101574
0.00101528
0.00101483
0.00101439
0.00101397
0.00101356
0.00101316
0.00101277
0.00101239
0.00101202
0.00101166
0.00101131
0.00101097
0.00101063
0.00101031
0.00100999
0.00100969
0.00100939
0.00100909
0.00100881
0.00100853
0.00100826
0.001008
0.00100774
0.00100749
0.00100724
0.001007
0.00100677
0.00100654
0.00100632
0.00100611
0.0010167
0.00101621
0.00101574
0.00101528
0.00101483
0.00101439
0.00101397
0.00101356
0.00101316
0.00101277
0.00101239
0.00101202
0.00101166
0.00101131
0.00101097
0.00101063
0.00101031
0.00100999
0.00100969
0.00100939
0.00100909
0.00100881
0.00100853
0.00100826
0.001008
0.00100774
0.00100749
0.00100724
0.001007
0.00100677
0.00100654
0.00100631
0.0010061
0.0010167
0.00101621
0.00101574
0.00101528
0.00101483
0.0010144
0.00101397
0.00101356
0.00101316
0.00101277
0.00101239
0.00101202
0.00101167
0.00101131
0.00101097
0.00101064
0.00101032
0.00101
0.00100969
0.00100939
0.00100909
0.00100881
0.00100853
0.00100825
0.00100798
0.00100772
0.00100747
0.00100722
0.00100697
0.00100673
0.00100649
0.00100626
0.00100604
0.0010167
0.00101621
0.00101574
0.00101528
0.00101483
0.0010144
0.00101398
0.00101357
0.00101317
0.00101278
0.0010124
0.00101203
0.00101167
0.00101132
0.00101097
0.00101064
0.00101031
0.00100998
0.00100967
0.00100936
0.00100905
0.00100875
0.00100846
0.00100817
0.00100788
0.0010076
0.00100732
0.00100705
0.00100678
0.00100651
0.00100624
0.00100598
0.00100572
0.0010167
0.00101621
0.00101574
0.00101529
0.00101484
0.00101441
0.00101399
0.00101358
0.00101318
0.00101279
0.0010124
0.00101202
0.00101164
0.00101127
0.0010109
0.00101053
0.00101016
0.00100979
0.00100942
0.00100906
0.00100869
0.00100832
0.00100794
0.00100757
0.00100719
0.00100681
0.00100643
0.00100605
0.00100566
0.00100527
0.00100488
0.00100448
0.00100409
0.0010167
0.00101622
0.00101575
0.0010153
0.00101485
0.00101441
0.00101397
0.00101352
0.00101308
0.00101262
0.00101214
0.00101166
0.00101115
0.00101063
0.00101008
0.00100951
0.00100891
0.0010083
0.00100765
0.00100699
0.0010063
0.00100559
0.00100486
0.00100411
0.00100334
0.00100256
0.00100175
0.00100094
0.00100011
0.000999268
0.000998417
0.000997557
0.00099669
0.00101671
0.00101622
0.00101574
0.00101524
0.00101469
0.00101407
0.00101337
0.00101257
0.00101167
0.00101066
0.00100954
0.00100831
0.00100697
0.00100553
0.00100399
0.00100236
0.00100065
0.000998857
0.000996995
0.000995072
0.000993095
0.000991071
0.000989007
0.00098691
0.000984786
0.000982642
0.000980482
0.000978312
0.000976136
0.000973958
0.000971784
0.000969615
0.000967456
0.00101671
0.001016
0.00101488
0.00101325
0.00101112
0.00100847
0.00100532
0.00100169
0.000997627
0.000993177
0.000988394
0.000983333
0.000978045
0.000972577
0.000966973
0.000961272
0.000955509
0.000949713
0.000943912
0.000938126
0.000932377
0.000926679
0.000921045
0.000915489
0.000910017
0.000904638
0.000899357
0.00089418
0.000889109
0.000884148
0.000879297
0.000874558
0.000869931
0.0010153
0.00100706
0.000995507
0.000981404
0.000965375
0.000948032
0.000929933
0.000911526
0.000893145
0.000875028
0.000857342
0.000840194
0.000823653
0.000807753
0.00079251
0.000777923
0.000763981
0.000750665
0.000737954
0.000725822
0.000714244
0.000703191
0.000692639
0.000682561
0.000672931
0.000663727
0.000654924
0.000646502
0.00063844
0.000630718
0.000623319
0.000616224
0.000609417
0.000935928
0.000815557
0.000728195
0.000659296
0.000602448
0.000555231
0.000515746
0.000482409
0.000453968
0.000429461
0.000408145
0.000389449
0.000372927
0.00035823
0.00034508
0.000333252
0.000322563
0.000312865
0.000304033
0.000295962
0.000288564
0.000281764
0.000275499
0.000269711
0.000264355
0.000259387
0.000254771
0.000250474
0.000246468
0.000242727
0.000239229
0.000235954
0.000232882
0.000125477
0.000128847
0.000132096
0.000135204
0.000138173
0.000141007
0.000143711
0.000146289
0.000148745
0.000151084
0.000153311
0.000155429
0.000157442
0.000159355
0.000161172
0.000162898
0.000164535
0.000166088
0.000167562
0.000168958
0.000170282
0.000171536
0.000172725
0.00017385
0.000174916
0.000175925
0.00017688
0.000177785
0.00017864
0.00017945
0.000180216
0.00018094
0.000181626
0.000109283
0.000154441
0.000198619
0.000240016
0.000278263
0.000312778
0.000343403
0.000370658
0.000395523
0.00041904
0.00044201
0.00046489
0.000487832
0.000510809
0.000533744
0.0005566
0.000579415
0.000602293
0.000625373
0.000648795
0.000672673
0.000697082
0.000722058
0.0007476
0.000773672
0.000800207
0.000827102
0.000854221
0.000881393
0.000908415
0.000935053
0.000961053
0.000986141
0.00101003
0.00103245
0.0010531
0.00107171
0.00108803
0.00110181
0.00111286
0.001121
0.00112612
0.00112815
0.0011271
0.00112307
0.00111621
0.00110678
0.00109514
0.00108171
0.00106701
0.00105164
0.00103625
0.00102152
0.00100813
0.000996732
0.000987919
0.000982182
0.000979907
0.00098136
0.000986692
0.000995951
0.0010091
0.00102604
0.00104663
0.00107065
0.00109786
0.0011279
0.00116033
0.00119452
0.0012297
0.00126493
0.00129907
0.0013309
0.0013591
0.00138236
0.00139942
0.00140921
0.00141085
0.00140381
0.00138797
0.00136369
0.00133196
0.00129442
0.00125348
0.00121224
0.0011743
0.00114333
0.00112227
0.00111251
0.0011133
0.00112202
0.00113526
0.00115009
0.0011648
0.00117891
0.0011926
0.0012064
0.00122094
0.00123477
0.0012603
0.000245455
0.0002136
0.000185421
0.000171935
0.000171974
0.000182126
0.000199551
0.000221948
0.00024745
0.000274521
0.00030197
0.000328976
0.000355078
0.00038012
0.00040417
0.00042742
0.000450106
0.000472437
0.000494565
0.000516585
0.000538546
0.000560473
0.000582385
0.000604298
0.000626226
0.000648165
0.000670093
0.00069195
0.000713642
0.00073504
0.000755979
0.000776268
0.000795696
0.000814037
0.000831059
0.000846532
0.000860234
0.00087196
0.000881525
0.000888778
0.000893606
0.000895951
0.00089582
0.000893292
0.000888528
0.000881777
0.000873374
0.000863741
0.000853375
0.000842836
0.000832725
0.000823655
0.000816214
0.000810926
0.000808215
0.00080838
0.000811579
0.000817836
0.000827067
0.000839107
0.000853757
0.00087082
0.00089013
0.000911566
0.000935054
0.00096054
0.000987952
0.00101714
0.00104785
0.00107962
0.00111183
0.00114361
0.00117395
0.00120168
0.00122561
0.00124457
0.00125751
0.00126363
0.00126246
0.00125396
0.00123861
0.00121749
0.00119236
0.00116558
0.00114001
0.00111863
0.001104
0.00109756
0.00109914
0.00110705
0.00111878
0.00113195
0.00114509
0.00115765
0.00116983
0.00118204
0.00119476
0.0012085
0.00122172
0.00124647
0.00034883
0.000344642
0.000329897
0.000301864
0.000267625
0.000236356
0.000212763
0.00019821
0.000191571
0.000191535
0.000197059
0.000207247
0.000221252
0.000238246
0.000257421
0.000278022
0.000299394
0.000321019
0.000342531
0.000363706
0.000384441
0.000404716
0.000424559
0.000444017
0.000463133
0.000481928
0.000500402
0.000518524
0.000536238
0.000553462
0.000570095
0.000586015
0.000601089
0.000615172
0.000628117
0.000639781
0.000650028
0.000658745
0.000665841
0.000671263
0.000675003
0.000677108
0.000677693
0.000676949
0.000675145
0.000672626
0.000669808
0.000667161
0.000665185
0.000664383
0.000665224
0.000668104
0.000673307
0.000680976
0.000691099
0.000703517
0.000717949
0.000734038
0.000751401
0.000769675
0.000788556
0.000807831
0.000827393
0.000847242
0.000867476
0.000888263
0.00090981
0.000932303
0.000955847
0.000980405
0.00100574
0.0010314
0.00105667
0.0010807
0.00110245
0.00112091
0.00113513
0.00114436
0.00114817
0.00114655
0.00114
0.00112955
0.0011168
0.00110377
0.00109266
0.00108544
0.00108336
0.00108661
0.00109423
0.00110459
0.00111602
0.00112741
0.00113834
0.00114894
0.00115963
0.00117077
0.00118273
0.00119588
0.0012086
0.00123257
0.000475899
0.000470408
0.000464541
0.000455502
0.000440434
0.000418209
0.000390069
0.00035911
0.00032835
0.000300747
0.000277546
0.000259064
0.000245273
0.000235977
0.000230888
0.000229656
0.000231882
0.000237134
0.000244959
0.000254894
0.000266489
0.000279323
0.000293018
0.000307255
0.000321775
0.000336376
0.000350906
0.00036525
0.000379318
0.000393032
0.000406322
0.000419119
0.000431356
0.000442967
0.000453896
0.000464096
0.000473541
0.000482231
0.000490197
0.00049751
0.000504287
0.000510694
0.00051695
0.000523328
0.000530145
0.000537743
0.000546471
0.000556651
0.000568545
0.000582326
0.00059805
0.000615641
0.000634896
0.000655499
0.000677052
0.000699119
0.000721265
0.000743092
0.00076427
0.000784547
0.000803764
0.000821851
0.000838828
0.000854797
0.00086994
0.000884505
0.000898794
0.000913131
0.000927833
0.00094315
0.000959213
0.000975979
0.000993192
0.00101038
0.00102689
0.00104196
0.00105483
0.00106486
0.00107167
0.00107518
0.00107577
0.00107423
0.0010717
0.00106955
0.00106907
0.00107119
0.00107617
0.00108363
0.00109265
0.00110226
0.00111178
0.00112096
0.00112997
0.00113914
0.00114884
0.00115931
0.00117077
0.00118348
0.00119577
0.00121893
0.000612975
0.000605451
0.000598286
0.000591142
0.000583178
0.000573263
0.00056032
0.000543738
0.000523387
0.00050016
0.000475351
0.000450061
0.00042523
0.000401628
0.000379852
0.000360336
0.000343366
0.000329095
0.000317568
0.000308744
0.000302513
0.000298717
0.000297161
0.000297625
0.000299877
0.000303682
0.000308815
0.000315064
0.000322241
0.000330182
0.000338749
0.000347832
0.000357349
0.000367244
0.000377491
0.000388088
0.000399063
0.000410473
0.000422401
0.000434955
0.000448264
0.000462472
0.000477727
0.000494169
0.000511914
0.000531035
0.000551541
0.000573371
0.000596383
0.000620359
0.000645017
0.000670031
0.000695049
0.000719721
0.00074372
0.000766759
0.000788606
0.000809089
0.000828097
0.000845578
0.000861528
0.000875989
0.00088904
0.000900797
0.000911403
0.000921038
0.000929911
0.000938262
0.000946356
0.000954464
0.000962837
0.000971662
0.000981023
0.000990856
0.00100094
0.00101093
0.00102037
0.00102886
0.00103608
0.00104191
0.0010465
0.00105026
0.00105376
0.00105765
0.00106243
0.00106832
0.00107522
0.00108274
0.00109045
0.00109802
0.00110542
0.00111283
0.00112055
0.00112886
0.00113802
0.00114812
0.00115925
0.00117159
0.00118348
0.00120578
0.000735774
0.000728387
0.00072113
0.000714023
0.000706965
0.000699711
0.000691875
0.000683002
0.000672603
0.000660454
0.000646516
0.000630925
0.000613952
0.00059596
0.000577359
0.000558572
0.000540008
0.000522042
0.000504998
0.00048915
0.000474716
0.000461866
0.000450721
0.000441356
0.000433809
0.000428082
0.000424151
0.000421972
0.000421489
0.000422641
0.000425366
0.000429606
0.00043531
0.000442437
0.000450954
0.000460839
0.000472078
0.000484659
0.000498577
0.000513818
0.000530361
0.000548167
0.000567179
0.000587306
0.000608429
0.00063039
0.000652998
0.000676032
0.00069925
0.000722397
0.000745223
0.000767488
0.000788978
0.000809508
0.000828929
0.000847132
0.000864048
0.000879642
0.000893915
0.000906894
0.000918629
0.000929188
0.000938651
0.000947108
0.000954658
0.000961404
0.000967458
0.000972943
0.000977991
0.00098275
0.000987379
0.00099204
0.000996882
0.00100201
0.00100748
0.00101323
0.00101917
0.00102511
0.00103092
0.00103648
0.00104178
0.00104692
0.00105205
0.00105731
0.00106281
0.00106851
0.00107431
0.00108007
0.00108577
0.00109146
0.00109736
0.00110372
0.00111078
0.00111872
0.00112764
0.00113754
0.00114841
0.00116041
0.0011719
0.00119329
0.000832634
0.000826287
0.000819964
0.000813692
0.000807478
0.000801298
0.000795085
0.000788717
0.000782022
0.000774831
0.000766986
0.000758373
0.000748936
0.000738681
0.000727677
0.000716046
0.00070395
0.00069158
0.000679143
0.000666851
0.000654912
0.000643527
0.000632881
0.000623143
0.00061446
0.000606958
0.00060074
0.00059589
0.000592474
0.00059054
0.000590121
0.000591239
0.000593901
0.000598104
0.000603831
0.000611054
0.000619733
0.000629814
0.000641226
0.000653887
0.000667695
0.000682531
0.000698262
0.000714737
0.00073179
0.000749246
0.00076692
0.000784626
0.000802181
0.000819413
0.000836162
0.000852292
0.000867687
0.000882257
0.000895934
0.000908678
0.00092047
0.000931311
0.000941221
0.000950236
0.000958402
0.000965776
0.000972422
0.000978411
0.000983813
0.000988704
0.000993157
0.000997244
0.00100104
0.0010046
0.00100801
0.00101133
0.00101464
0.00101801
0.0010215
0.00102516
0.001029
0.001033
0.00103713
0.00104133
0.00104555
0.00104977
0.00105398
0.00105815
0.00106228
0.00106635
0.00107039
0.00107446
0.0010787
0.0010833
0.00108849
0.00109445
0.00110133
0.00110918
0.00111802
0.00112778
0.00113842
0.00115006
0.00116113
0.00118156
0.000902168
0.000897185
0.000892174
0.000887152
0.00088213
0.000877119
0.000872118
0.00086711
0.000862068
0.000856946
0.000851684
0.000846222
0.0008405
0.000834475
0.000828124
0.000821445
0.000814465
0.000807232
0.00079982
0.000792319
0.000784833
0.000777479
0.000770379
0.000763655
0.000757429
0.000751817
0.000746926
0.000742855
0.000739691
0.000737508
0.000736368
0.00073632
0.0007374
0.000739625
0.000743
0.000747512
0.000753133
0.000759818
0.000767506
0.000776121
0.000785573
0.00079576
0.000806568
0.000817876
0.000829556
0.000841477
0.000853509
0.000865524
0.000877402
0.000889031
0.000900314
0.000911165
0.000921514
0.000931309
0.000940508
0.000949089
0.00095704
0.000964361
0.000971066
0.000977175
0.000982719
0.000987736
0.00099227
0.000996372
0.0010001
0.0010035
0.00100665
0.0010096
0.00101241
0.00101514
0.00101782
0.00102049
0.00102318
0.00102591
0.0010287
0.00103155
0.00103446
0.00103742
0.00104042
0.00104343
0.00104643
0.00104937
0.00105224
0.00105505
0.00105781
0.0010606
0.00106352
0.00106672
0.00107037
0.00107465
0.00107973
0.00108571
0.00109264
0.00110052
0.00110932
0.00111894
0.00112932
0.00114058
0.00115121
0.00117062
0.000948111
0.000944501
0.000940837
0.000937128
0.000933381
0.000929608
0.000925814
0.000922007
0.000918191
0.000914365
0.000910522
0.00090665
0.000902734
0.000898757
0.000894705
0.000890568
0.000886341
0.000882033
0.000877659
0.000873247
0.000868836
0.000864476
0.000860223
0.000856142
0.000852301
0.000848771
0.000845624
0.000842929
0.00084075
0.000839149
0.000838178
0.000837883
0.000838298
0.000839449
0.000841349
0.000843999
0.000847388
0.000851491
0.000856272
0.000861683
0.000867667
0.000874156
0.000881076
0.000888347
0.000895886
0.000903607
0.000911425
0.000919259
0.000927028
0.000934663
0.000942098
0.000949276
0.00095615
0.00096268
0.000968838
0.0009746
0.000979954
0.000984894
0.000989421
0.000993542
0.000997273
0.00100063
0.00100365
0.00100635
0.00100878
0.00101098
0.001013
0.00101489
0.00101671
0.0010185
0.00102032
0.00102219
0.00102415
0.0010262
0.00102834
0.00103056
0.00103284
0.00103514
0.00103744
0.0010397
0.00104191
0.00104405
0.00104614
0.00104822
0.00105037
0.00105268
0.00105529
0.00105837
0.00106205
0.00106648
0.00107175
0.00107791
0.00108496
0.00109287
0.00110159
0.00111101
0.00112109
0.00113192
0.00114209
0.00116048
0.000976087
0.000973658
0.000971168
0.000968619
0.000966017
0.000963368
0.000960679
0.000957957
0.00095521
0.000952445
0.000949668
0.000946884
0.000944096
0.000941308
0.000938519
0.000935732
0.000932947
0.000930169
0.000927403
0.000924659
0.000921953
0.000919303
0.000916735
0.000914276
0.00091196
0.000909823
0.000907904
0.000906242
0.000904876
0.000903844
0.000903182
0.000902921
0.000903087
0.000903703
0.000904781
0.000906329
0.000908344
0.000910817
0.000913731
0.00091706
0.000920771
0.000924828
0.000929185
0.000933795
0.000938607
0.000943567
0.000948624
0.000953723
0.000958814
0.00096385
0.000968786
0.000973583
0.000978204
0.000982618
0.000986801
0.000990731
0.000994392
0.000997772
0.00100087
0.00100367
0.00100619
0.00100843
0.0010104
0.00101213
0.00101363
0.00101494
0.00101609
0.00101712
0.00101808
0.00101901
0.00101996
0.00102097
0.00102208
0.00102331
0.00102467
0.00102615
0.00102774
0.0010294
0.00103112
0.00103287
0.00103463
0.00103639
0.0010382
0.00104011
0.00104219
0.00104457
0.00104735
0.00105068
0.00105465
0.00105937
0.00106488
0.00107121
0.00107833
0.0010862
0.00109477
0.00110394
0.00111366
0.00112403
0.00113371
0.00115107
0.000991742
0.000990207
0.000988615
0.000986969
0.00098527
0.000983522
0.000981728
0.000979895
0.000978027
0.000976131
0.000974212
0.000972278
0.000970335
0.00096839
0.000966451
0.000964522
0.000962611
0.000960724
0.000958868
0.00095705
0.000955279
0.000953566
0.000951924
0.000950366
0.000948909
0.000947571
0.000946372
0.000945332
0.000944474
0.000943819
0.000943387
0.000943199
0.000943272
0.00094362
0.000944255
0.000945182
0.000946405
0.000947921
0.000949724
0.0009518
0.000954134
0.000956705
0.000959488
0.000962457
0.000965581
0.000968828
0.000972164
0.000975556
0.00097897
0.000982375
0.000985738
0.00098903
0.000992223
0.000995293
0.000998215
0.00100097
0.00100354
0.00100592
0.00100808
0.00101003
0.00101176
0.00101326
0.00101455
0.00101563
0.00101651
0.00101721
0.00101776
0.00101819
0.00101853
0.00101882
0.00101909
0.00101941
0.00101979
0.00102027
0.00102089
0.00102166
0.00102257
0.00102362
0.00102481
0.00102613
0.00102756
0.00102913
0.00103085
0.00103279
0.00103502
0.00103761
0.00104068
0.0010443
0.00104856
0.00105351
0.00105918
0.00106558
0.00107267
0.00108041
0.00108875
0.0010976
0.00110692
0.0011168
0.00112599
0.00114234
0.000999759
0.00099882
0.000997839
0.000996815
0.00099575
0.000994644
0.0009935
0.000992319
0.000991105
0.000989862
0.000988593
0.000987304
0.000986
0.000984687
0.00098337
0.000982056
0.000980752
0.000979463
0.000978197
0.00097696
0.000975761
0.000974608
0.000973507
0.00097247
0.000971505
0.000970623
0.000969836
0.000969155
0.000968592
0.000968161
0.000967873
0.000967741
0.000967776
0.000967986
0.00096838
0.000968964
0.00096974
0.00097071
0.000971871
0.000973218
0.000974743
0.000976436
0.000978283
0.000980269
0.000982377
0.000984585
0.000986874
0.000989222
0.000991605
0.000994
0.000996386
0.000998738
0.00100104
0.00100326
0.00100538
0.00100739
0.00100927
0.001011
0.00101257
0.00101397
0.00101519
0.00101623
0.00101708
0.00101775
0.00101824
0.00101856
0.00101874
0.00101879
0.00101873
0.0010186
0.00101844
0.00101828
0.00101815
0.00101811
0.00101817
0.00101838
0.00101875
0.00101931
0.00102005
0.001021
0.00102217
0.00102356
0.00102523
0.0010272
0.00102953
0.00103229
0.00103555
0.00103936
0.00104377
0.00104882
0.00105453
0.00106087
0.00106782
0.00107534
0.00108338
0.00109186
0.00110076
0.00111014
0.00111883
0.0011342
0.0010035
0.00100291
0.0010023
0.00100166
0.00100099
0.00100029
0.000999568
0.000998817
0.000998041
0.000997242
0.000996421
0.000995583
0.000994729
0.000993864
0.000992991
0.000992116
0.000991242
0.000990375
0.00098952
0.000988683
0.00098787
0.000987086
0.000986339
0.000985634
0.00098498
0.000984382
0.00098385
0.00098339
0.000983011
0.000982721
0.000982528
0.000982439
0.000982463
0.000982606
0.000982873
0.000983269
0.000983798
0.00098446
0.000985256
0.000986185
0.000987243
0.000988425
0.000989723
0.000991129
0.000992632
0.000994219
0.000995877
0.000997591
0.000999345
0.00100112
0.0010029
0.00100467
0.00100641
0.0010081
0.00100972
0.00101126
0.0010127
0.00101402
0.00101521
0.00101627
0.00101717
0.00101791
0.0010185
0.00101892
0.00101917
0.00101928
0.00101924
0.00101907
0.00101879
0.00101843
0.00101801
0.00101758
0.00101716
0.00101679
0.00101651
0.00101636
0.00101637
0.00101657
0.00101699
0.00101766
0.0010186
0.00101984
0.00102141
0.00102335
0.0010257
0.0010285
0.00103181
0.00103567
0.00104009
0.0010451
0.0010507
0.00105688
0.00106361
0.00107083
0.00107852
0.0010866
0.00109504
0.00110391
0.00111212
0.00112656
0.00100508
0.00100468
0.00100426
0.00100383
0.00100338
0.00100292
0.00100244
0.00100194
0.00100143
0.0010009
0.00100036
0.000999801
0.000999236
0.000998662
0.000998082
0.000997499
0.000996915
0.000996334
0.000995759
0.000995195
0.000994646
0.000994115
0.000993608
0.00099313
0.000992686
0.000992281
0.000991921
0.000991611
0.000991358
0.000991168
0.000991046
0.000990998
0.000991029
0.000991146
0.000991351
0.00099165
0.000992045
0.000992538
0.000993131
0.000993824
0.000994614
0.000995501
0.00099648
0.000997545
0.00099869
0.000999907
0.00100119
0.00100252
0.00100389
0.00100528
0.00100669
0.0010081
0.00100949
0.00101084
0.00101215
0.00101339
0.00101455
0.00101562
0.00101657
0.00101741
0.00101812
0.00101868
0.00101911
0.00101938
0.00101951
0.00101949
0.00101934
0.00101906
0.00101868
0.00101821
0.00101767
0.00101711
0.00101654
0.001016
0.00101554
0.00101519
0.00101499
0.00101498
0.00101519
0.00101567
0.00101643
0.00101753
0.00101899
0.00102084
0.00102313
0.00102588
0.00102913
0.00103291
0.00103722
0.00104208
0.00104748
0.00105341
0.00105983
0.00106671
0.00107402
0.00108167
0.00108966
0.00109803
0.00110577
0.00111933
0.00100568
0.00100537
0.00100504
0.00100471
0.00100437
0.00100403
0.00100367
0.00100331
0.00100293
0.00100255
0.00100217
0.00100177
0.00100138
0.00100097
0.00100057
0.00100016
0.000999755
0.000999352
0.000998954
0.000998564
0.000998185
0.00099782
0.000997471
0.000997144
0.000996841
0.000996566
0.000996324
0.000996119
0.000995955
0.000995838
0.000995771
0.00099576
0.000995809
0.000995921
0.000996102
0.000996354
0.00099668
0.000997082
0.000997563
0.000998123
0.000998762
0.000999479
0.00100027
0.00100114
0.00100207
0.00100307
0.00100412
0.00100522
0.00100635
0.00100751
0.00100869
0.00100987
0.00101104
0.00101219
0.00101329
0.00101435
0.00101533
0.00101624
0.00101705
0.00101775
0.00101834
0.0010188
0.00101913
0.00101933
0.00101939
0.00101931
0.00101911
0.0010188
0.00101837
0.00101786
0.00101729
0.00101668
0.00101606
0.00101546
0.00101493
0.00101449
0.00101419
0.00101406
0.00101416
0.00101451
0.00101516
0.00101614
0.00101748
0.00101922
0.0010214
0.00102403
0.00102714
0.00103076
0.00103488
0.00103951
0.00104464
0.00105026
0.00105634
0.00106284
0.00106974
0.00107696
0.0010845
0.00109239
0.00109968
0.00111242
0.00100588
0.0010056
0.00100532
0.00100503
0.00100474
0.00100444
0.00100415
0.00100384
0.00100354
0.00100323
0.00100292
0.00100261
0.0010023
0.00100198
0.00100167
0.00100136
0.00100105
0.00100075
0.00100045
0.00100016
0.000999882
0.000999615
0.000999362
0.000999126
0.000998911
0.000998718
0.000998551
0.000998414
0.00099831
0.000998242
0.000998215
0.000998232
0.000998297
0.000998414
0.000998585
0.000998815
0.000999105
0.000999459
0.000999877
0.00100036
0.00100091
0.00100153
0.00100221
0.00100296
0.00100376
0.00100463
0.00100554
0.00100649
0.00100748
0.0010085
0.00100953
0.00101057
0.0010116
0.00101261
0.00101359
0.00101452
0.0010154
0.0010162
0.00101692
0.00101754
0.00101806
0.00101846
0.00101874
0.0010189
0.00101893
0.00101884
0.00101863
0.00101831
0.00101789
0.00101738
0.00101682
0.00101621
0.0010156
0.00101499
0.00101445
0.00101399
0.00101365
0.00101348
0.00101352
0.0010138
0.00101436
0.00101524
0.00101648
0.00101811
0.00102014
0.00102262
0.00102555
0.00102895
0.00103282
0.00103717
0.00104199
0.00104727
0.00105298
0.00105908
0.00106557
0.00107237
0.00107947
0.0010869
0.00109378
0.00110577
0.00100594
0.00100567
0.0010054
0.00100513
0.00100485
0.00100458
0.0010043
0.00100403
0.00100375
0.00100347
0.00100319
0.00100292
0.00100264
0.00100237
0.0010021
0.00100183
0.00100157
0.00100132
0.00100107
0.00100083
0.0010006
0.00100039
0.00100019
0.000999999
0.00099983
0.000999682
0.000999557
0.000999457
0.000999386
0.000999347
0.000999343
0.000999376
0.000999451
0.000999569
0.000999735
0.000999952
0.00100022
0.00100054
0.00100092
0.00100136
0.00100186
0.00100241
0.00100303
0.0010037
0.00100442
0.0010052
0.00100602
0.00100688
0.00100778
0.0010087
0.00100964
0.00101058
0.00101152
0.00101244
0.00101334
0.00101419
0.00101499
0.00101573
0.00101639
0.00101696
0.00101744
0.00101781
0.00101807
0.00101821
0.00101824
0.00101815
0.00101795
0.00101765
0.00101725
0.00101677
0.00101624
0.00101567
0.00101508
0.0010145
0.00101398
0.00101353
0.0010132
0.00101302
0.00101303
0.00101326
0.00101377
0.00101457
0.00101571
0.00101721
0.0010191
0.00102139
0.00102411
0.00102727
0.00103087
0.00103491
0.00103939
0.0010443
0.00104962
0.00105533
0.0010614
0.00106779
0.00107447
0.00108148
0.00108797
0.0010993
0.00100595
0.00100568
0.00100541
0.00100514
0.00100488
0.00100461
0.00100434
0.00100407
0.0010038
0.00100353
0.00100327
0.001003
0.00100274
0.00100249
0.00100223
0.00100198
0.00100174
0.00100151
0.00100128
0.00100106
0.00100085
0.00100066
0.00100047
0.00100031
0.00100016
0.00100003
0.000999922
0.000999838
0.00099978
0.000999751
0.000999754
0.000999792
0.000999866
0.000999981
0.00100014
0.00100034
0.00100059
0.00100089
0.00100124
0.00100165
0.00100211
0.00100262
0.00100319
0.0010038
0.00100447
0.00100519
0.00100595
0.00100674
0.00100757
0.00100843
0.0010093
0.00101018
0.00101105
0.00101191
0.00101275
0.00101355
0.0010143
0.001015
0.00101562
0.00101616
0.00101661
0.00101697
0.00101722
0.00101736
0.00101739
0.00101732
0.00101714
0.00101686
0.0010165
0.00101606
0.00101557
0.00101504
0.00101449
0.00101396
0.00101347
0.00101304
0.00101273
0.00101255
0.00101255
0.00101276
0.00101322
0.00101395
0.00101498
0.00101635
0.00101808
0.00102018
0.00102267
0.00102556
0.00102886
0.00103257
0.0010367
0.00104123
0.00104616
0.00105146
0.00105714
0.00106313
0.00106943
0.00107606
0.00108221
0.00109295
0.00100594
0.00100568
0.00100541
0.00100514
0.00100487
0.0010046
0.00100433
0.00100407
0.0010038
0.00100353
0.00100327
0.00100301
0.00100275
0.00100249
0.00100224
0.001002
0.00100176
0.00100153
0.0010013
0.00100109
0.00100089
0.0010007
0.00100052
0.00100036
0.00100021
0.00100008
0.000999976
0.000999893
0.000999834
0.000999804
0.000999803
0.000999834
0.000999901
0.00100001
0.00100015
0.00100034
0.00100057
0.00100085
0.00100117
0.00100155
0.00100197
0.00100245
0.00100298
0.00100355
0.00100418
0.00100485
0.00100556
0.00100631
0.00100709
0.00100789
0.00100871
0.00100954
0.00101036
0.00101118
0.00101197
0.00101273
0.00101345
0.00101411
0.00101471
0.00101523
0.00101567
0.00101601
0.00101626
0.00101641
0.00101646
0.0010164
0.00101625
0.001016
0.00101567
0.00101528
0.00101483
0.00101434
0.00101384
0.00101334
0.00101289
0.0010125
0.0010122
0.00101203
0.00101202
0.0010122
0.0010126
0.00101325
0.00101418
0.0010154
0.00101695
0.00101884
0.00102108
0.00102369
0.00102667
0.00103003
0.00103379
0.00103793
0.00104247
0.00104739
0.00105269
0.00105832
0.00106428
0.00107057
0.00107643
0.00108668
0.00100593
0.00100567
0.0010054
0.00100513
0.00100486
0.00100459
0.00100432
0.00100405
0.00100378
0.00100351
0.00100325
0.00100298
0.00100272
0.00100247
0.00100221
0.00100196
0.00100172
0.00100149
0.00100126
0.00100104
0.00100084
0.00100064
0.00100046
0.00100029
0.00100014
0.00100001
0.000999894
0.000999803
0.000999736
0.000999696
0.000999684
0.000999703
0.000999756
0.000999844
0.000999971
0.00100014
0.00100035
0.0010006
0.0010009
0.00100125
0.00100165
0.00100209
0.00100259
0.00100313
0.00100371
0.00100434
0.00100501
0.00100572
0.00100645
0.00100721
0.00100799
0.00100878
0.00100956
0.00101034
0.0010111
0.00101183
0.00101251
0.00101315
0.00101373
0.00101423
0.00101466
0.001015
0.00101525
0.00101541
0.00101547
0.00101543
0.0010153
0.00101509
0.00101479
0.00101443
0.00101402
0.00101357
0.00101311
0.00101265
0.00101223
0.00101186
0.00101157
0.0010114
0.00101136
0.0010115
0.00101183
0.00101239
0.00101318
0.00101425
0.0010156
0.00101725
0.00101922
0.00102152
0.00102416
0.00102716
0.00103054
0.0010343
0.00103846
0.00104302
0.00104798
0.00105329
0.00105896
0.00106497
0.0010706
0.00108047
0.00100593
0.00100565
0.00100538
0.00100511
0.00100484
0.00100457
0.0010043
0.00100402
0.00100375
0.00100348
0.00100322
0.00100295
0.00100269
0.00100242
0.00100217
0.00100192
0.00100167
0.00100143
0.0010012
0.00100097
0.00100076
0.00100056
0.00100036
0.00100019
0.00100003
0.000999884
0.00099976
0.000999657
0.000999578
0.000999524
0.000999497
0.000999501
0.000999536
0.000999606
0.000999713
0.000999859
0.00100005
0.00100028
0.00100055
0.00100087
0.00100124
0.00100165
0.00100211
0.00100262
0.00100317
0.00100376
0.00100439
0.00100506
0.00100576
0.00100648
0.00100722
0.00100797
0.00100872
0.00100946
0.00101019
0.00101088
0.00101155
0.00101216
0.00101272
0.00101321
0.00101363
0.00101397
0.00101422
0.00101438
0.00101445
0.00101443
0.00101432
0.00101413
0.00101386
0.00101353
0.00101315
0.00101273
0.0010123
0.00101186
0.00101145
0.00101108
0.00101079
0.00101059
0.00101052
0.00101059
0.00101083
0.00101126
0.0010119
0.00101277
0.00101389
0.00101528
0.00101694
0.00101891
0.0010212
0.00102382
0.00102682
0.00103022
0.00103403
0.00103826
0.00104293
0.00104799
0.00105343
0.00105925
0.00106471
0.00107428
0.00100592
0.00100564
0.00100537
0.0010051
0.00100483
0.00100455
0.00100428
0.001004
0.00100373
0.00100346
0.00100319
0.00100292
0.00100265
0.00100238
0.00100212
0.00100186
0.00100161
0.00100137
0.00100113
0.0010009
0.00100067
0.00100046
0.00100026
0.00100008
0.000999904
0.000999749
0.000999612
0.000999496
0.000999402
0.000999333
0.00099929
0.000999277
0.000999294
0.000999344
0.000999431
0.000999554
0.000999718
0.000999923
0.00100017
0.00100046
0.0010008
0.00100118
0.00100161
0.00100209
0.0010026
0.00100316
0.00100376
0.00100439
0.00100505
0.00100573
0.00100644
0.00100715
0.00100787
0.00100858
0.00100927
0.00100994
0.00101058
0.00101117
0.00101171
0.00101219
0.00101259
0.00101292
0.00101317
0.00101334
0.00101341
0.0010134
0.0010133
0.00101312
0.00101287
0.00101256
0.00101219
0.00101178
0.00101136
0.00101092
0.0010105
0.00101012
0.00100979
0.00100954
0.00100939
0.00100936
0.00100947
0.00100974
0.00101018
0.00101082
0.00101168
0.00101276
0.00101409
0.0010157
0.00101762
0.00101988
0.00102252
0.00102557
0.00102908
0.00103305
0.00103751
0.00104239
0.0010477
0.0010534
0.00105877
0.00106813
0.00100591
0.00100563
0.00100536
0.00100509
0.00100481
0.00100453
0.00100426
0.00100398
0.00100371
0.00100343
0.00100316
0.00100288
0.00100261
0.00100234
0.00100208
0.00100181
0.00100156
0.0010013
0.00100106
0.00100082
0.00100059
0.00100037
0.00100016
0.000999964
0.000999781
0.000999615
0.000999466
0.000999336
0.000999228
0.000999144
0.000999085
0.000999053
0.000999052
0.000999083
0.000999149
0.00099925
0.00099939
0.000999571
0.000999793
0.00100006
0.00100037
0.00100072
0.00100112
0.00100156
0.00100204
0.00100257
0.00100313
0.00100372
0.00100435
0.001005
0.00100567
0.00100635
0.00100703
0.00100771
0.00100837
0.00100901
0.00100962
0.00101019
0.00101071
0.00101116
0.00101155
0.00101187
0.00101211
0.00101226
0.00101233
0.00101231
0.00101221
0.00101203
0.00101177
0.00101145
0.00101108
0.00101066
0.00101021
0.00100974
0.00100928
0.00100884
0.00100844
0.00100809
0.00100782
0.00100765
0.00100758
0.00100764
0.00100784
0.0010082
0.00100875
0.00100949
0.00101047
0.00101172
0.00101327
0.00101518
0.0010175
0.00102028
0.00102357
0.00102737
0.00103171
0.00103653
0.00104179
0.00104744
0.00105278
0.00106198
0.0010059
0.00100562
0.00100535
0.00100507
0.0010048
0.00100452
0.00100424
0.00100396
0.00100368
0.00100341
0.00100313
0.00100285
0.00100258
0.0010023
0.00100203
0.00100177
0.0010015
0.00100125
0.00100099
0.00100075
0.00100051
0.00100028
0.00100006
0.000999858
0.000999665
0.000999487
0.000999326
0.000999184
0.000999062
0.000998963
0.000998888
0.00099884
0.000998821
0.000998833
0.000998878
0.000998958
0.000999076
0.000999232
0.000999429
0.000999668
0.000999949
0.00100027
0.00100064
0.00100105
0.0010015
0.00100199
0.00100252
0.00100308
0.00100367
0.00100429
0.00100492
0.00100556
0.00100621
0.00100685
0.00100748
0.00100809
0.00100867
0.0010092
0.00100969
0.00101012
0.00101048
0.00101077
0.00101098
0.00101111
0.00101115
0.0010111
0.00101097
0.00101076
0.00101047
0.00101011
0.00100969
0.00100922
0.00100871
0.00100817
0.00100762
0.00100707
0.00100655
0.00100605
0.00100561
0.00100522
0.00100492
0.00100472
0.00100462
0.00100466
0.00100486
0.00100525
0.00100586
0.00100676
0.00100798
0.00100961
0.0010117
0.00101431
0.00101749
0.00102126
0.0010256
0.00103045
0.00103575
0.0010414
0.00104674
0.00105575
0.00100589
0.00100562
0.00100534
0.00100506
0.00100478
0.0010045
0.00100422
0.00100394
0.00100366
0.00100338
0.0010031
0.00100282
0.00100255
0.00100227
0.00100199
0.00100172
0.00100145
0.00100119
0.00100093
0.00100068
0.00100044
0.0010002
0.000999974
0.000999759
0.000999556
0.000999368
0.000999196
0.000999041
0.000998906
0.000998793
0.000998703
0.000998639
0.000998603
0.000998596
0.000998622
0.000998682
0.000998778
0.000998911
0.000999084
0.000999297
0.000999551
0.000999847
0.00100019
0.00100056
0.00100098
0.00100144
0.00100193
0.00100246
0.00100301
0.00100359
0.00100418
0.00100479
0.00100539
0.00100599
0.00100658
0.00100715
0.00100768
0.00100817
0.00100861
0.00100899
0.0010093
0.00100954
0.0010097
0.00100977
0.00100975
0.00100965
0.00100945
0.00100917
0.0010088
0.00100836
0.00100784
0.00100726
0.00100663
0.00100596
0.00100526
0.00100454
0.00100382
0.00100311
0.00100242
0.00100177
0.00100117
0.00100065
0.00100021
0.000999899
0.000999737
0.000999771
0.00100006
0.00100066
0.00100165
0.0010031
0.0010051
0.0010077
0.00101094
0.0010148
0.00101927
0.00102421
0.00102957
0.0010352
0.00104047
0.00104912
0.00100588
0.00100561
0.00100533
0.00100505
0.00100477
0.00100449
0.00100421
0.00100393
0.00100364
0.00100336
0.00100308
0.0010028
0.00100252
0.00100224
0.00100196
0.00100168
0.00100141
0.00100114
0.00100088
0.00100062
0.00100037
0.00100012
0.000999891
0.000999667
0.000999455
0.000999257
0.000999074
0.000998908
0.000998761
0.000998634
0.00099853
0.000998451
0.000998398
0.000998374
0.000998381
0.000998421
0.000998495
0.000998606
0.000998754
0.000998941
0.000999168
0.000999435
0.000999742
0.00100009
0.00100047
0.00100089
0.00100135
0.00100183
0.00100234
0.00100288
0.00100342
0.00100397
0.00100453
0.00100507
0.0010056
0.0010061
0.00100657
0.00100699
0.00100735
0.00100765
0.00100788
0.00100803
0.00100809
0.00100806
0.00100794
0.00100771
0.00100739
0.00100698
0.00100647
0.00100587
0.00100519
0.00100443
0.00100361
0.00100273
0.0010018
0.00100084
0.000999846
0.000998846
0.000997847
0.000996867
0.000995923
0.00099504
0.000994247
0.000993582
0.000993094
0.000992842
0.000992898
0.000993344
0.000994265
0.000995743
0.000997849
0.00100062
0.00100406
0.00100812
0.00101273
0.00101773
0.00102303
0.00102845
0.00103344
0.00104132
0.00100588
0.0010056
0.00100532
0.00100504
0.00100476
0.00100448
0.00100419
0.00100391
0.00100363
0.00100334
0.00100306
0.00100277
0.00100249
0.0010022
0.00100192
0.00100164
0.00100137
0.00100109
0.00100083
0.00100056
0.0010003
0.00100005
0.000999813
0.000999582
0.000999361
0.000999154
0.00099896
0.000998783
0.000998624
0.000998484
0.000998366
0.000998271
0.000998202
0.00099816
0.000998148
0.000998166
0.000998218
0.000998305
0.000998427
0.000998585
0.000998782
0.000999016
0.000999287
0.000999595
0.000999938
0.00100031
0.00100072
0.00100115
0.0010016
0.00100207
0.00100255
0.00100303
0.0010035
0.00100396
0.0010044
0.0010048
0.00100516
0.00100546
0.0010057
0.00100587
0.00100595
0.00100595
0.00100584
0.00100564
0.00100533
0.00100491
0.00100439
0.00100375
0.00100301
0.00100218
0.00100124
0.00100022
0.000999111
0.000997934
0.000996694
0.000995404
0.000994074
0.000992721
0.000991361
0.000990016
0.000988713
0.000987485
0.000986376
0.00098544
0.000984743
0.000984364
0.000984389
0.000984908
0.000986004
0.000987741
0.000990154
0.000993233
0.000996923
0.00100111
0.00100567
0.00101042
0.00101525
0.00101999
0.00102427
0.00103069
0.00100587
0.00100559
0.00100531
0.00100503
0.00100475
0.00100447
0.00100418
0.0010039
0.00100361
0.00100332
0.00100304
0.00100275
0.00100246
0.00100218
0.00100189
0.00100161
0.00100133
0.00100105
0.00100078
0.00100051
0.00100024
0.000999987
0.000999738
0.000999499
0.000999269
0.000999052
0.000998848
0.000998659
0.000998486
0.000998332
0.000998198
0.000998086
0.000997998
0.000997935
0.0009979
0.000997893
0.000997917
0.000997973
0.000998061
0.000998183
0.000998338
0.000998527
0.000998748
0.000999
0.000999282
0.000999591
0.000999922
0.00100027
0.00100063
0.001001
0.00100137
0.00100173
0.00100208
0.0010024
0.00100268
0.00100291
0.00100309
0.0010032
0.00100323
0.00100318
0.00100302
0.00100277
0.0010024
0.00100192
0.00100133
0.00100061
0.000999768
0.000998811
0.000997738
0.000996554
0.000995265
0.000993879
0.000992404
0.00099085
0.000989228
0.000987554
0.000985843
0.000984115
0.000982396
0.000980718
0.000979121
0.000977654
0.000976378
0.000975367
0.000974703
0.000974475
0.000974768
0.000975655
0.000977183
0.000979355
0.000982129
0.000985403
0.000989039
0.000992857
0.000996704
0.0010004
0.00100391
0.0010071
0.00100991
0.0010139
0.00100586
0.00100559
0.00100531
0.00100502
0.00100474
0.00100446
0.00100417
0.00100388
0.00100359
0.00100331
0.00100302
0.00100273
0.00100244
0.00100215
0.00100186
0.00100157
0.00100129
0.001001
0.00100072
0.00100045
0.00100018
0.000999912
0.000999654
0.000999404
0.000999163
0.000998932
0.000998714
0.000998508
0.000998317
0.000998143
0.000997987
0.000997849
0.000997733
0.000997639
0.000997569
0.000997523
0.000997503
0.00099751
0.000997544
0.000997605
0.000997692
0.000997805
0.000997943
0.000998102
0.00099828
0.000998473
0.000998676
0.000998885
0.000999093
0.000999292
0.000999475
0.000999633
0.000999756
0.000999835
0.000999859
0.000999817
0.000999699
0.000999495
0.000999195
0.00099879
0.000998273
0.000997638
0.000996878
0.000995992
0.000994976
0.000993832
0.000992561
0.000991166
0.000989654
0.000988029
0.000986301
0.00098448
0.000982577
0.000980607
0.000978586
0.000976534
0.000974476
0.000972444
0.000970475
0.000968617
0.000966926
0.000965471
0.000964327
0.000963579
0.000963309
0.000963585
0.000964451
0.000965909
0.000967902
0.000970312
0.000972964
0.000975642
0.000978132
0.000980246
0.000981889
0.000983009
0.000983748
0.000984111
0.000984438
0.000984998
0.00100586
0.00100558
0.0010053
0.00100501
0.00100473
0.00100444
0.00100415
0.00100387
0.00100357
0.00100328
0.00100299
0.00100269
0.0010024
0.0010021
0.00100181
0.00100151
0.00100122
0.00100093
0.00100064
0.00100035
0.00100007
0.000999787
0.000999511
0.000999242
0.000998979
0.000998724
0.000998478
0.000998242
0.000998017
0.000997804
0.000997604
0.000997419
0.000997248
0.000997094
0.000996956
0.000996835
0.000996731
0.000996644
0.000996574
0.000996519
0.000996477
0.000996448
0.000996428
0.000996413
0.000996399
0.000996382
0.000996355
0.000996313
0.000996247
0.00099615
0.000996013
0.000995827
0.000995582
0.000995268
0.000994877
0.000994397
0.00099382
0.000993137
0.000992342
0.000991427
0.000990387
0.000989219
0.000987921
0.000986493
0.000984937
0.000983255
0.000981454
0.000979541
0.000977524
0.000975414
0.000973224
0.00097097
0.000968669
0.000966342
0.000964015
0.00096172
0.000959494
0.000957382
0.000955438
0.000953724
0.000952311
0.000951272
0.00095068
0.000950591
0.000951035
0.000951991
0.000953371
0.000955008
0.000956657
0.000958014
0.000958762
0.000958626
0.000957448
0.000955212
0.000952099
0.00094838
0.000944519
0.000940759
0.000937787
0.000934728
0.00100585
0.00100556
0.00100528
0.00100499
0.0010047
0.00100441
0.00100412
0.00100382
0.00100352
0.00100322
0.00100291
0.00100261
0.0010023
0.00100199
0.00100168
0.00100136
0.00100105
0.00100073
0.00100041
0.0010001
0.000999777
0.000999459
0.000999141
0.000998824
0.000998509
0.000998196
0.000997884
0.000997576
0.000997271
0.00099697
0.000996672
0.000996378
0.000996088
0.000995801
0.000995518
0.000995237
0.000994957
0.000994677
0.000994395
0.000994108
0.000993814
0.000993509
0.000993188
0.000992848
0.000992483
0.000992086
0.000991652
0.000991173
0.000990641
0.00099005
0.000989391
0.000988655
0.000987835
0.000986924
0.000985914
0.000984798
0.000983572
0.000982231
0.000980771
0.00097919
0.000977489
0.000975669
0.000973732
0.000971683
0.000969528
0.000967276
0.000964937
0.000962524
0.00096005
0.000957534
0.000954994
0.000952454
0.000949941
0.000947486
0.000945128
0.000942909
0.00094088
0.000939096
0.000937616
0.000936502
0.000935805
0.000935558
0.000935756
0.000936334
0.000937146
0.00093794
0.00093836
0.000937962
0.000936269
0.000932855
0.000927452
0.000920035
0.000910887
0.000900556
0.000889804
0.000879393
0.00087011
0.000862375
0.000856751
0.000852365
0.00100578
0.00100549
0.00100519
0.00100488
0.00100458
0.00100426
0.00100395
0.00100362
0.0010033
0.00100296
0.00100262
0.00100228
0.00100192
0.00100156
0.0010012
0.00100082
0.00100044
0.00100005
0.000999656
0.00099925
0.000998836
0.000998413
0.00099798
0.000997538
0.000997086
0.000996624
0.000996151
0.000995666
0.000995169
0.000994659
0.000994135
0.000993596
0.000993041
0.000992468
0.000991874
0.000991259
0.000990619
0.000989952
0.000989254
0.000988523
0.000987753
0.00098694
0.000986081
0.00098517
0.000984201
0.000983169
0.00098207
0.000980896
0.000979644
0.000978308
0.000976883
0.000975365
0.000973752
0.000972041
0.00097023
0.000968319
0.000966308
0.000964198
0.000961993
0.000959697
0.000957314
0.000954852
0.000952317
0.00094972
0.000947071
0.000944385
0.000941676
0.000938963
0.000936267
0.000933612
0.000931026
0.000928542
0.000926194
0.000924021
0.000922066
0.000920372
0.000918979
0.000917923
0.000917217
0.000916846
0.000916739
0.000916746
0.000916608
0.000915933
0.00091419
0.000910734
0.000904884
0.000896043
0.000883861
0.000868386
0.000850151
0.00083015
0.000809692
0.000790143
0.000772736
0.000758302
0.000747388
0.000740102
0.000735898
0.000736453
0.00100542
0.00100507
0.00100471
0.00100435
0.00100397
0.00100358
0.00100317
0.00100276
0.00100233
0.00100188
0.00100142
0.00100094
0.00100045
0.000999935
0.000999402
0.000998849
0.000998274
0.000997677
0.000997057
0.000996411
0.00099574
0.000995042
0.000994316
0.00099356
0.000992773
0.000991953
0.000991099
0.00099021
0.000989282
0.000988315
0.000987307
0.000986254
0.000985156
0.000984009
0.00098281
0.000981557
0.000980248
0.000978879
0.000977446
0.000975948
0.000974381
0.000972742
0.000971028
0.000969238
0.000967369
0.00096542
0.00096339
0.000961279
0.000959088
0.000956817
0.00095447
0.00095205
0.00094956
0.000947004
0.000944389
0.00094172
0.000939002
0.000936243
0.000933448
0.000930626
0.000927783
0.000924929
0.000922074
0.000919228
0.000916407
0.000913625
0.000910903
0.000908261
0.000905724
0.000903319
0.000901072
0.000899009
0.000897153
0.000895517
0.000894102
0.000892885
0.000891803
0.000890739
0.000889491
0.000887742
0.00088503
0.000880728
0.000874056
0.000864143
0.000850173
0.000831591
0.000808339
0.000781033
0.000750994
0.000720072
0.000690313
0.00066357
0.000641216
0.000623975
0.000612025
0.000605019
0.000602452
0.000603755
0.000606998
0.000618439
0.00100362
0.00100307
0.0010025
0.00100189
0.00100127
0.00100061
0.000999918
0.000999196
0.000998441
0.00099765
0.000996822
0.000995956
0.000995051
0.000994103
0.000993113
0.000992079
0.000990998
0.00098987
0.000988692
0.000987463
0.000986181
0.000984845
0.000983452
0.000982001
0.00098049
0.000978918
0.000977281
0.00097558
0.000973812
0.000971974
0.000970067
0.000968088
0.000966035
0.000963908
0.000961706
0.000959429
0.000957075
0.000954645
0.00095214
0.000949562
0.000946912
0.000944193
0.000941409
0.000938564
0.000935663
0.000932713
0.000929719
0.00092669
0.000923634
0.000920557
0.000917469
0.000914376
0.000911286
0.000908206
0.00090514
0.000902093
0.000899068
0.000896067
0.000893093
0.000890146
0.00088723
0.000884346
0.000881499
0.000878694
0.000875938
0.00087324
0.000870605
0.000868038
0.000865536
0.000863082
0.000860645
0.000858161
0.000855532
0.000852603
0.000849146
0.000844839
0.000839239
0.000831764
0.000821694
0.000808205
0.000790475
0.000767869
0.000740185
0.000707915
0.000672367
0.000635569
0.000599916
0.000567702
0.000540712
0.000520009
0.000505916
0.000498127
0.000495902
0.000498233
0.000504076
0.000512386
0.000522356
0.000533452
0.000543794
0.000561815
0.000995667
0.00099446
0.000993198
0.000991876
0.000990495
0.000989052
0.000987546
0.000985977
0.000984343
0.000982643
0.000980876
0.000979041
0.000977137
0.000975163
0.000973118
0.000971002
0.000968813
0.000966551
0.000964216
0.000961807
0.000959323
0.000956765
0.000954132
0.000951425
0.000948643
0.000945787
0.000942858
0.000939857
0.000936786
0.000933646
0.00093044
0.00092717
0.000923841
0.000920456
0.00091702
0.000913538
0.000910017
0.000906463
0.000902883
0.000899287
0.000895681
0.000892076
0.000888479
0.0008849
0.000881346
0.000877825
0.000874343
0.000870904
0.000867511
0.000864163
0.000860857
0.000857587
0.000854345
0.000851118
0.00084789
0.000844645
0.000841362
0.000838021
0.000834599
0.000831072
0.000827417
0.000823607
0.000819611
0.000815394
0.000810906
0.000806086
0.000800845
0.000795063
0.000788579
0.000781179
0.00077259
0.000762474
0.000750425
0.000735988
0.00071869
0.000698104
0.000673951
0.000646234
0.000615385
0.000582352
0.000548585
0.000515881
0.000486111
0.000460935
0.000441577
0.000428724
0.000422526
0.000422671
0.000428483
0.000439012
0.000453133
0.00046964
0.000487367
0.000505272
0.00052255
0.000538591
0.000553126
0.000565999
0.000576566
0.000590592
0.000964946
0.000962034
0.000959035
0.000955952
0.000952785
0.000949535
0.000946205
0.000942797
0.000939311
0.00093575
0.000932117
0.000928414
0.000924642
0.000920804
0.000916904
0.000912944
0.000908926
0.000904855
0.000900732
0.000896563
0.000892351
0.000888099
0.000883813
0.000879497
0.000875155
0.000870794
0.000866418
0.000862034
0.000857647
0.000853263
0.00084889
0.000844534
0.000840201
0.000835896
0.000831626
0.000827395
0.000823207
0.000819064
0.000814966
0.000810912
0.000806896
0.00080291
0.000798941
0.000794974
0.000790985
0.000786949
0.000782833
0.000778598
0.000774202
0.000769596
0.000764727
0.000759539
0.000753973
0.000747971
0.000741471
0.000734414
0.000726743
0.0007184
0.000709331
0.000699477
0.000688782
0.000677184
0.000664614
0.000651
0.000636265
0.000620333
0.00060314
0.000584647
0.000564862
0.00054386
0.000521813
0.000499002
0.000475837
0.000452849
0.000430677
0.000410039
0.000391691
0.000376372
0.000364759
0.000357412
0.000354736
0.000356946
0.000364052
0.000375843
0.000391888
0.000411556
0.000434045
0.000458448
0.00048381
0.000509198
0.000533756
0.000556764
0.000577685
0.000596167
0.000612073
0.000625332
0.00063618
0.000644466
0.000650695
0.00065611
0.000864665
0.00085869
0.000852682
0.000846646
0.000840587
0.000834512
0.000828425
0.000822332
0.000816237
0.000810146
0.000804063
0.000797994
0.000791944
0.000785916
0.000779915
0.000773946
0.000768012
0.000762118
0.000756266
0.00075046
0.000744701
0.000738993
0.000733335
0.000727728
0.000722172
0.000716663
0.000711198
0.000705771
0.000700375
0.000695
0.000689632
0.000684255
0.000678849
0.00067339
0.00066785
0.000662196
0.000656391
0.00065039
0.000644146
0.000637606
0.000630716
0.000623414
0.000615641
0.000607338
0.000598447
0.000588917
0.000578707
0.000567785
0.000556138
0.000543768
0.000530696
0.000516965
0.00050264
0.000487801
0.000472551
0.000457005
0.000441288
0.000425536
0.000409889
0.000394489
0.00037948
0.000365008
0.000351217
0.000338254
0.000326265
0.000315401
0.000305815
0.000297663
0.000291105
0.000286303
0.000283425
0.000282641
0.000284125
0.000288049
0.000294575
0.000303842
0.000315948
0.000330917
0.000348679
0.000369042
0.000391679
0.000416132
0.000441844
0.000468203
0.0004946
0.00052049
0.000545428
0.000569086
0.000591226
0.000611654
0.000630179
0.000646605
0.000660783
0.000672632
0.000682221
0.000689532
0.00069491
0.000697731
0.000699426
0.000697093
0.000601814
0.000593352
0.000585007
0.000576781
0.00056867
0.000560675
0.000552791
0.000545018
0.000537351
0.000529789
0.000522326
0.00051496
0.000507686
0.000500498
0.000493391
0.000486359
0.000479395
0.000472492
0.000465642
0.000458836
0.000452064
0.000445316
0.000438582
0.000431851
0.00042511
0.000418348
0.000411553
0.000404713
0.000397815
0.00039085
0.000383807
0.000376678
0.000369457
0.000362141
0.00035473
0.000347226
0.000339638
0.000331977
0.000324263
0.000316517
0.000308768
0.00030105
0.000293403
0.00028587
0.000278499
0.000271341
0.00026445
0.000257881
0.000251689
0.000245928
0.000240654
0.000235918
0.000231771
0.000228262
0.000225439
0.000223347
0.000222033
0.000221544
0.000221926
0.000223229
0.000225506
0.000228811
0.000233201
0.000238738
0.00024548
0.000253489
0.00026282
0.000273524
0.00028564
0.000299189
0.000314173
0.000330559
0.000348276
0.000367201
0.000387154
0.000407892
0.000429114
0.00045048
0.000471635
0.000492252
0.00051206
0.000530879
0.000548624
0.000565292
0.000580928
0.000595591
0.000609314
0.000622086
0.000633845
0.000644466
0.000653771
0.000661544
0.00066765
0.000672096
0.000675167
0.000676634
0.000676746
0.00067454
0.000672332
0.000663735
0.000229534
0.000225907
0.000222432
0.000219103
0.000215918
0.000212869
0.000209954
0.000207167
0.000204505
0.000201965
0.000199542
0.000197234
0.000195039
0.000192954
0.000190977
0.000189107
0.000187343
0.000185683
0.000184127
0.000182675
0.000181328
0.000180086
0.00017895
0.000177923
0.000177007
0.000176204
0.000175517
0.000174951
0.00017451
0.000174199
0.000174023
0.00017399
0.000174106
0.00017438
0.00017482
0.000175435
0.000176237
0.000177236
0.000178446
0.00017988
0.000181552
0.00018348
0.000185678
0.000188168
0.000190967
0.000194096
0.000197578
0.000201436
0.000205694
0.000210378
0.000215511
0.000221122
0.000227234
0.000233873
0.000241063
0.000248825
0.000257178
0.000266137
0.000275711
0.000285904
0.00029671
0.000308115
0.000320092
0.000332602
0.000345587
0.000358974
0.000372669
0.000386553
0.000400488
0.000414314
0.00042785
0.000440906
0.000453291
0.000464825
0.000475359
0.000484794
0.000493091
0.000500278
0.000506442
0.000511716
0.000516249
0.000520188
0.000523654
0.000526734
0.000529476
0.000531891
0.000533961
0.000535646
0.000536908
0.000537715
0.000538019
0.000537689
0.000536666
0.000534785
0.000531921
0.000527893
0.000523297
0.000516979
0.00051194
0.000499413
0.000182378
0.0001832
0.000183992
0.000184754
0.000185485
0.000186184
0.00018685
0.000187483
0.000188082
0.000188647
0.000189177
0.000189671
0.000190128
0.000190549
0.000190932
0.000191277
0.000191583
0.000191849
0.000192075
0.000192259
0.000192401
0.0001925
0.000192555
0.000192564
0.000192528
0.000192445
0.000192312
0.00019213
0.000191897
0.000191612
0.000191272
0.000190876
0.000190423
0.000189912
0.00018934
0.000188706
0.000188007
0.000187244
0.000186414
0.000185515
0.000184547
0.000183509
0.0001824
0.00018122
0.000179969
0.000178648
0.000177258
0.000175801
0.000174282
0.000172703
0.000171069
0.000169388
0.000167667
0.000165915
0.000164143
0.000162363
0.00016059
0.000158839
0.00015713
0.000155482
0.000153918
0.000152465
0.00015115
0.000150003
0.000149057
0.000148343
0.000147893
0.000147731
0.000147872
0.000148318
0.000149045
0.000150009
0.000151137
0.000152338
0.000153505
0.000154535
0.000155334
0.000155837
0.000156007
0.000155841
0.00015536
0.000154607
0.000153636
0.000152503
0.00015126
0.000149951
0.000148609
0.00014726
0.000145925
0.000144628
0.000143394
0.00014225
0.000141191
0.00014019
0.000139233
0.000138307
0.000137441
0.000136571
0.000135898
0.000134691
0.000130958
7.8321e-05
7.80836e-05
7.64496e-05
7.3751e-05
7.01436e-05
6.89166e-05
8.26306e-05
0.000105343
0.000125107
0.000141853
0.0001564
0.000169249
0.000180731
0.000191079
0.000200475
0.000209064
0.00021697
0.000224302
0.000231158
0.000237624
0.000243774
0.000249673
0.000255368
0.000260899
0.000266291
0.000271563
0.000276722
0.000281772
0.000286709
0.000291524
0.000296208
0.000300753
0.000305154
0.000309415
0.00031355
0.000317577
0.000321435
0.000325121
0.000328626
0.00033194
0.000335051
0.000337946
0.000340611
0.000343032
0.000345197
0.000347091
0.000348702
0.000350019
0.000351031
0.000351727
0.0003521
0.000352142
0.000351851
0.000351223
0.000350259
0.000348963
0.000347341
0.000345402
0.000343162
0.00034064
0.000337877
0.000335018
0.000332669
0.000330916
0.000329125
0.000327174
0.00032506
0.000322799
0.000320411
0.000317913
0.000315321
0.000312649
0.000309908
0.000307105
0.000304245
0.000301331
0.00029836
0.000295329
0.00029223
0.000289055
0.000285791
0.000282427
0.000278949
0.000275344
0.000271599
0.000267706
0.000263658
0.000259457
0.000255112
0.000250642
0.000246082
0.000241475
0.00023688
0.00023236
0.000227992
0.000223838
0.000219917
0.000216662
0.000211857
0.000188608
0.000231153
0.000272183
0.000271529
0.000251291
0.00024886
0.000272488
0.000312076
0.000358204
0.000409045
0.000465809
0.00052865
0.000596808
0.000668885
0.000743122
0.000817685
0.000890948
0.000961681
0.00102913
0.00109303
0.00115349
0.00121088
0.00126574
0.00131867
0.00137024
0.00142094
0.0014712
0.00152131
0.00157147
0.00162178
0.00167218
0.00172253
0.00177249
0.00182158
0.00186902
0.00191371
0.00195528
0.00199565
0.00203524
0.00207399
0.0021118
0.00214854
0.00218409
0.0022183
0.00225102
0.00228212
0.00231146
0.00233888
0.00236426
0.00238746
0.00240835
0.00242682
0.00244275
0.00245606
0.00246666
0.0024745
0.00247955
0.00248178
0.00248121
0.00247787
0.00247181
0.00246302
0.00245124
0.00243547
0.00241554
0.00239257
0.00236735
0.0023403
0.00231172
0.00228181
0.00225074
0.00221865
0.00218563
0.00215175
0.00211703
0.00208146
0.00204499
0.00200754
0.00196897
0.00192914
0.00188787
0.00184498
0.00180026
0.00175352
0.00170459
0.0016533
0.00159956
0.00154332
0.00148464
0.00142368
0.00136074
0.00129623
0.00123079
0.001165
0.0010999
0.00103579
0.000974495
0.000914125
0.000863693
0.000786125
4.71891e-05
0.000277624
0.000390036
0.000418569
0.000420348
0.000440184
0.000488236
0.000556477
0.000639817
0.000737034
0.000846557
0.000965237
0.00108897
0.00121361
0.00133566
0.00145262
0.00156303
0.00166632
0.00176257
0.00185229
0.00193626
0.00201535
0.00209042
0.00216229
0.00223164
0.00229903
0.00236489
0.00242951
0.00249308
0.00255566
0.00261725
0.00267777
0.00273715
0.0027953
0.00285231
0.00290847
0.00296332
0.00301674
0.00306867
0.00311897
0.0031675
0.0032141
0.00325862
0.00330091
0.00334085
0.0033783
0.00341314
0.00344525
0.00347455
0.00350092
0.0035243
0.00354461
0.0035618
0.00357581
0.00358661
0.00359418
0.00359852
0.00359963
0.00359753
0.00359225
0.00358383
0.0035723
0.0035576
0.00353952
0.00351795
0.00349309
0.00346519
0.00343448
0.00340112
0.00336523
0.00332692
0.00328623
0.00324323
0.0031979
0.00315021
0.00310012
0.00304752
0.00299228
0.00293424
0.00287322
0.00280902
0.00274143
0.00267028
0.00259541
0.00251673
0.00243421
0.00234798
0.00225827
0.0021655
0.00207031
0.00197357
0.00187629
0.0017798
0.00168531
0.00159439
0.0015078
0.00142743
0.00135145
0.00128836
0.00119839
5.20899e-05
0.000349738
0.000499417
0.000554207
0.000580722
0.000621628
0.000690056
0.000782936
0.000895279
0.00102249
0.0011596
0.00130145
0.00144338
0.00158188
0.00171462
0.00184033
0.0019585
0.00206916
0.00217266
0.00226961
0.00236073
0.00244678
0.00252853
0.00260669
0.00268188
0.00275462
0.00282532
0.00289428
0.00296172
0.00302776
0.00309246
0.00315584
0.0032179
0.00327864
0.00333809
0.00339621
0.00345267
0.00350731
0.00356
0.00361062
0.00365903
0.00370509
0.00374869
0.0037897
0.00382804
0.00386362
0.00389637
0.00392623
0.00395317
0.00397715
0.00399818
0.00401627
0.00403142
0.00404366
0.00405302
0.00405955
0.0040633
0.00406431
0.00406261
0.00405824
0.00405123
0.00404158
0.00402927
0.00401419
0.00399626
0.00397539
0.00395155
0.00392467
0.00389472
0.00386161
0.00382525
0.00378554
0.00374234
0.00369553
0.00364493
0.0035904
0.00353172
0.00346871
0.00340116
0.00332886
0.00325161
0.00316925
0.00308165
0.00298876
0.00289064
0.00278747
0.00267961
0.00256766
0.00245244
0.0023351
0.00221707
0.00210005
0.00198603
0.00187697
0.00177497
0.00168129
0.00159784
0.001523
0.00146318
0.00138562
5.51747e-05
0.00039775
0.000584592
0.000670008
0.000722148
0.000782088
0.000865576
0.000972429
0.00109716
0.00123354
0.00137584
0.00151933
0.00166043
0.00179677
0.00192691
0.00205012
0.00216616
0.00227514
0.00237738
0.0024734
0.0025638
0.00264925
0.00273041
0.00280793
0.00288238
0.00295426
0.00302397
0.00309183
0.00315805
0.00322281
0.00328618
0.0033482
0.00340887
0.00346815
0.00352599
0.0035822
0.00363659
0.00368898
0.00373923
0.00378721
0.00383277
0.0038758
0.00391618
0.00395381
0.00398862
0.00402056
0.00404958
0.00407569
0.00409888
0.00411919
0.0041367
0.00415147
0.0041636
0.00417321
0.00418042
0.00418536
0.00418814
0.00418887
0.00418766
0.00418456
0.00417962
0.00417282
0.00416413
0.00415343
0.00414057
0.00412536
0.00410757
0.00408697
0.00406328
0.00403622
0.0040055
0.00397081
0.00393182
0.00388823
0.00383972
0.00378599
0.00372671
0.00366162
0.00359043
0.00351289
0.00342882
0.00333806
0.00324056
0.00313637
0.00302567
0.00290885
0.00278652
0.00265959
0.00252929
0.00239724
0.00226544
0.00213626
0.00201239
0.00189651
0.00179132
0.00169856
0.00162003
0.00155418
0.001505
0.00144883
5.71634e-05
0.000421893
0.000642559
0.000758415
0.000835393
0.000912
0.00100477
0.00111565
0.00124027
0.00137298
0.00150877
0.00164376
0.00177524
0.00190149
0.00202152
0.00213491
0.00224162
0.00234187
0.00243607
0.00252473
0.00260846
0.00268786
0.00276356
0.00283613
0.00290609
0.0029739
0.00303991
0.00310439
0.00316755
0.00322951
0.00329033
0.00334998
0.00340843
0.00346553
0.00352117
0.00357515
0.00362725
0.0036773
0.00372511
0.00377051
0.00381335
0.0038535
0.00389083
0.00392524
0.00395666
0.00398505
0.00401039
0.00403271
0.00405206
0.00406853
0.00408224
0.00409335
0.00410204
0.00410852
0.00411299
0.0041157
0.00411685
0.00411666
0.00411529
0.00411288
0.00410951
0.0041052
0.0040999
0.00409348
0.00408573
0.00407637
0.00406506
0.00405141
0.00403495
0.00401523
0.00399173
0.00396395
0.00393138
0.00389352
0.00384988
0.0038
0.00374344
0.00367981
0.00360876
0.00353
0.00344331
0.00334856
0.00324575
0.00313501
0.00301667
0.0028913
0.00275975
0.00262324
0.0024834
0.00234232
0.00220261
0.00206732
0.00193984
0.00182358
0.00172176
0.00163641
0.00156899
0.00151758
0.00148341
0.00145202
5.81281e-05
0.000431513
0.000677939
0.000819504
0.000917389
0.00100678
0.00110374
0.00121181
0.00132848
0.00144952
0.00157103
0.00169002
0.00180455
0.00191349
0.00201641
0.00211331
0.00220451
0.00229046
0.00237174
0.00244892
0.0025226
0.00259332
0.00266162
0.00272795
0.0027927
0.00285618
0.00291865
0.00298025
0.00304108
0.00310115
0.00316043
0.00321878
0.00327603
0.00333203
0.00338658
0.00343943
0.00349036
0.00353911
0.00358548
0.00362926
0.00367027
0.00370835
0.00374336
0.00377521
0.00380381
0.00382913
0.00385118
0.00387
0.00388569
0.00389839
0.00390829
0.00391561
0.00392061
0.00392361
0.00392491
0.00392485
0.00392376
0.00392195
0.0039197
0.00391723
0.00391469
0.00391216
0.0039096
0.00390688
0.00390377
0.00389991
0.00389488
0.00388814
0.00387909
0.00386708
0.00385143
0.00383144
0.00380641
0.00377564
0.00373848
0.00369431
0.00364255
0.00358271
0.00351434
0.00343711
0.00335076
0.00325519
0.00315044
0.00303672
0.00291452
0.00278457
0.00264801
0.00250636
0.00236169
0.00221662
0.00207438
0.00193875
0.00181384
0.0017037
0.00161185
0.00154018
0.00148921
0.00145605
0.0014389
0.00143164
5.82773e-05
0.000429786
0.000694277
0.000854548
0.000966583
0.00106256
0.00115762
0.00125627
0.00135766
0.00145921
0.0015584
0.0016535
0.00174362
0.00182858
0.00190872
0.0019846
0.00205693
0.00212639
0.00219359
0.00225908
0.00232327
0.00238652
0.00244911
0.00251125
0.00257307
0.00263467
0.00269607
0.00275725
0.00281811
0.00287854
0.00293829
0.00299717
0.00305496
0.00311145
0.00316636
0.00321941
0.00327033
0.00331884
0.00336469
0.00340766
0.00344755
0.00348418
0.00351741
0.00354714
0.00357329
0.00359584
0.00361484
0.00363034
0.00364249
0.00365147
0.00365754
0.00366099
0.00366216
0.00366145
0.00365928
0.00365609
0.00365232
0.00364839
0.0036447
0.00364156
0.00363922
0.00363781
0.00363734
0.00363771
0.00363865
0.00363979
0.0036406
0.00364045
0.00363862
0.0036343
0.00362664
0.00361475
0.00359776
0.00357479
0.00354502
0.00350768
0.00346205
0.00340753
0.00334359
0.00326984
0.00318601
0.00309199
0.00298788
0.00287402
0.00275101
0.00261983
0.00248188
0.00233908
0.00219399
0.00204982
0.00191051
0.00178058
0.00166482
0.00156765
0.00149235
0.00143989
0.00140905
0.00139538
0.00139435
0.00140676
5.81226e-05
0.000425169
0.000696107
0.000863183
0.00097748
0.00106878
0.00115141
0.00123053
0.00130687
0.00137976
0.00144862
0.00151341
0.00157468
0.00163329
0.00169025
0.00174646
0.00180268
0.00185943
0.00191705
0.0019757
0.0020354
0.00209611
0.00215771
0.00222006
0.002283
0.00234635
0.0024099
0.00247345
0.0025367
0.00259937
0.00266124
0.00272206
0.00278156
0.00283948
0.0028955
0.00294933
0.00300068
0.00304926
0.00309481
0.00313712
0.00317595
0.00321116
0.0032426
0.00327017
0.00329382
0.00331355
0.00332942
0.00334154
0.00335008
0.00335528
0.00335744
0.00335693
0.00335418
0.00334965
0.00334387
0.00333737
0.0033307
0.00332439
0.00331895
0.00331478
0.00331223
0.00331149
0.00331265
0.0033156
0.00332011
0.00332575
0.00333196
0.00333801
0.00334306
0.00334619
0.00334638
0.0033426
0.00333379
0.00331892
0.00329701
0.00326713
0.00322847
0.00318029
0.00312199
0.00305314
0.00297344
0.00288284
0.00278148
0.00266982
0.00254866
0.00241923
0.00228328
0.0021432
0.0020021
0.0018639
0.00173331
0.00161556
0.00151583
0.00143829
0.00138506
0.00135509
0.00134481
0.00134828
0.0013595
0.00138468
5.7685e-05
0.000413434
0.000678955
0.000834953
0.000932059
0.00100031
0.00105463
0.00110151
0.00114377
0.00118301
0.00122062
0.00125793
0.00129623
0.00133659
0.0013798
0.0014263
0.00147626
0.00152958
0.00158604
0.00164525
0.00170679
0.00177022
0.00183512
0.00190109
0.00196773
0.00203475
0.00210176
0.00216838
0.00223439
0.00229951
0.00236347
0.00242599
0.00248681
0.00254562
0.00260214
0.00265609
0.00270716
0.00275509
0.00279964
0.00284057
0.0028777
0.00291085
0.00293992
0.00296481
0.0029855
0.003002
0.0030144
0.00302285
0.00302756
0.00302881
0.00302697
0.00302244
0.00301573
0.00300739
0.00299801
0.00298822
0.00297867
0.00296998
0.00296274
0.00295747
0.00295457
0.00295433
0.00295686
0.00296211
0.00296984
0.00297962
0.00299082
0.00300267
0.00301424
0.00302447
0.00303224
0.00303636
0.00303564
0.0030289
0.00301501
0.00299293
0.0029617
0.00292052
0.00286872
0.00280583
0.00273155
0.00264588
0.00254905
0.0024417
0.00232484
0.00220002
0.00206944
0.00193602
0.00180357
0.00167678
0.00156108
0.00146211
0.00138478
0.00133192
0.00130325
0.00129499
0.00130152
0.00131665
0.0013347
0.00136581
5.73934e-05
0.00040155
0.000633421
0.000746062
0.000797824
0.000822763
0.000837953
0.000851359
0.000866783
0.000886056
0.000910049
0.000939141
0.000973429
0.00101284
0.00105715
0.00110605
0.0011591
0.00121582
0.00127571
0.00133823
0.00140285
0.00146908
0.00153646
0.00160456
0.00167298
0.00174132
0.00180933
0.00187669
0.00194313
0.00200837
0.00207212
0.00213411
0.00219408
0.00225174
0.00230682
0.00235904
0.00240813
0.00245384
0.00249592
0.00253416
0.00256837
0.0025984
0.00262414
0.00264553
0.00266255
0.00267524
0.0026837
0.00268812
0.00268875
0.00268589
0.00267997
0.00267145
0.00266089
0.00264889
0.00263614
0.00262332
0.00261115
0.00260034
0.00259156
0.00258539
0.0025823
0.00258263
0.00258654
0.002594
0.00260479
0.00261844
0.00263433
0.00265161
0.00266928
0.00268621
0.00270116
0.00271285
0.00271994
0.00272115
0.00271523
0.00270101
0.00267746
0.00264369
0.00259898
0.00254286
0.00247506
0.00239563
0.00230497
0.0022039
0.00209375
0.00197645
0.00185474
0.0017322
0.00161338
0.00150369
0.00140896
0.00133451
0.00128376
0.00125687
0.00125047
0.00125861
0.0012753
0.00129577
0.00131591
0.00134818
5.71174e-05
0.000371458
0.00052715
0.000561119
0.000556151
0.000548736
0.000550861
0.000564098
0.000586814
0.000616842
0.000652382
0.000692184
0.000735472
0.000781792
0.000830883
0.000882553
0.000936608
0.000992865
0.00105113
0.00111115
0.00117262
0.00123525
0.00129876
0.00136285
0.00142723
0.00149161
0.00155567
0.00161911
0.00168164
0.00174297
0.0018028
0.00186086
0.00191686
0.00197052
0.00202157
0.00206972
0.0021147
0.00215627
0.00219417
0.00222819
0.00225814
0.00228388
0.00230529
0.00232233
0.00233498
0.0023433
0.00234743
0.00234755
0.00234394
0.00233698
0.00232708
0.00231479
0.0023007
0.00228546
0.00226981
0.0022545
0.0022403
0.00222796
0.0022182
0.00221166
0.00220883
0.00221009
0.00221563
0.00222541
0.00223922
0.0022566
0.00227688
0.0022992
0.00232252
0.00234564
0.00236726
0.002386
0.00240046
0.00240925
0.00241101
0.00240452
0.00238867
0.00236251
0.00232531
0.0022766
0.00221619
0.00214423
0.00206131
0.00196852
0.00186755
0.00176085
0.00165175
0.00154454
0.00144443
0.00135718
0.00128822
0.00124127
0.00121696
0.00121219
0.00122135
0.0012383
0.00125861
0.00127975
0.00129916
0.00133027
5.70808e-05
0.000308972
0.000333832
0.000320188
0.000323028
0.000346229
0.000382467
0.00042491
0.00046943
0.000514051
0.000558076
0.000601496
0.000644619
0.000687856
0.000731617
0.00077623
0.000821905
0.000868825
0.000917105
0.000966774
0.00101779
0.00107007
0.00112345
0.00117769
0.00123257
0.00128781
0.00134312
0.0013982
0.00145273
0.0015064
0.0015589
0.00160991
0.00165912
0.00170624
0.00175094
0.00179296
0.00183199
0.00186776
0.00190003
0.00192857
0.00195317
0.00197369
0.00199002
0.0020021
0.00200993
0.00201359
0.00201322
0.00200904
0.00200135
0.00199054
0.0019771
0.00196158
0.00194462
0.00192693
0.00190927
0.00189241
0.00187717
0.0018643
0.00185455
0.00184853
0.00184676
0.0018496
0.00185722
0.00186959
0.00188648
0.00190742
0.00193176
0.00195862
0.00198695
0.00201555
0.00204308
0.00206813
0.00208925
0.00210498
0.00211393
0.00211481
0.00210647
0.00208794
0.00205851
0.00201773
0.00196553
0.00190223
0.00182864
0.00174619
0.00165703
0.00156416
0.00147152
0.00138397
0.00130697
0.00124579
0.0012042
0.00118313
0.00117998
0.00118956
0.00120619
0.00122549
0.00124525
0.00126479
0.00128248
0.00131181
5.82037e-05
0.000181136
0.000190797
0.000233536
0.000289603
0.000347183
0.000400609
0.000447985
0.000489716
0.000527159
0.000561719
0.000594562
0.000626576
0.000658415
0.000690562
0.000723365
0.000757084
0.00079192
0.000827992
0.000865362
0.000904043
0.000944012
0.0009852
0.00102749
0.00107071
0.00111465
0.00115906
0.00120366
0.00124815
0.00129222
0.00133553
0.00137775
0.00141857
0.00145765
0.00149468
0.00152934
0.00156132
0.00159035
0.00161616
0.00163851
0.0016572
0.00167207
0.00168301
0.00168997
0.00169297
0.00169209
0.0016875
0.00167944
0.00166826
0.00165436
0.00163828
0.0016206
0.001602
0.0015832
0.00156499
0.00154814
0.00153345
0.00152164
0.0015134
0.0015093
0.00150977
0.00151512
0.00152546
0.00154072
0.00156067
0.00158485
0.00161263
0.00164319
0.00167552
0.00170848
0.00174075
0.00177095
0.00179763
0.00181932
0.00183462
0.00184221
0.00184094
0.00182985
0.00180826
0.00177583
0.0017326
0.00167911
0.00161647
0.00154649
0.00147178
0.00139587
0.00132313
0.00125852
0.00120691
0.00117192
0.00115466
0.00115311
0.00116277
0.00117855
0.00119654
0.00121459
0.0012322
0.00124965
0.00126565
0.00129338
0.00019729
0.000116178
0.000216863
0.000296671
0.000355888
0.000400188
0.000434973
0.000464126
0.000490167
0.000514576
0.000538196
0.00056155
0.000584986
0.000608741
0.000632974
0.000657793
0.000683281
0.00070952
0.000736598
0.000764595
0.000793575
0.000823578
0.000854604
0.000886612
0.000919512
0.000953168
0.000987402
0.001022
0.0010567
0.00109125
0.00112534
0.00115866
0.0011909
0.00122174
0.00125087
0.00127796
0.00130273
0.00132489
0.00134417
0.00136033
0.0013732
0.00138261
0.00138846
0.00139074
0.00138947
0.00138478
0.00137686
0.001366
0.00135258
0.00133707
0.00132002
0.00130206
0.00128389
0.00126624
0.00124985
0.00123547
0.00122378
0.00121542
0.00121089
0.00121062
0.0012149
0.00122387
0.00123755
0.00125583
0.00127845
0.00130503
0.00133503
0.00136777
0.00140237
0.00143783
0.00147296
0.00150648
0.001537
0.00156311
0.00158342
0.00159665
0.00160166
0.00159753
0.00158365
0.00155979
0.00152616
0.00148354
0.00143335
0.00137777
0.00131979
0.0012632
0.00121234
0.00117148
0.00114391
0.00113085
0.00113087
0.00114035
0.00115502
0.00117143
0.00118776
0.00120346
0.00121885
0.00123456
0.00124926
0.00127573
)
;

boundaryField
{
    outlet
    {
        type            calculated;
        value           nonuniform List<scalar> 
55
(
0.0012603
0.00124647
0.00123257
0.00121893
0.00120578
0.00119329
0.00118156
0.00117062
0.00116048
0.00115107
0.00114234
0.0011342
0.00112656
0.00111933
0.00111242
0.00110577
0.0010993
0.00109295
0.00108668
0.00108047
0.00107428
0.00106813
0.00106198
0.00105575
0.00104912
0.00104132
0.00103069
0.0010139
0.000984998
0.000934728
0.000852365
0.000736453
0.000618439
0.000561815
0.000590592
0.00065611
0.000697093
0.000663735
0.000499413
0.000134691
0.000211857
0.000786125
0.00119839
0.00138562
0.00144883
0.00145202
0.00143164
0.00140676
0.00138468
0.00136581
0.00134818
0.00133027
0.00131181
0.00129338
0.00127573
)
;
    }
    inlet
    {
        type            calculated;
        value           uniform 0.00101695;
    }
    lowerWall
    {
        type            nutkWallFunction;
        Cmu             0.09;
        kappa           0.41;
        E               9.8;
        value           nonuniform List<scalar> 
148
(
0
0
0
0
0
0
0
0
0
0
0
0
0
0
0
0
0
0
0
0
0
0
0
0
0
0
0
0
0
0
0
0
0
0
0
0
8.04752e-07
1.3094e-06
1.63252e-06
1.78863e-06
1.81269e-06
1.78762e-06
1.71673e-06
1.66935e-06
1.62437e-06
1.61805e-06
1.80073e-06
0
0
4.97483e-06
4.94014e-06
4.68855e-06
4.26938e-06
3.70409e-06
3.50857e-06
5.63922e-06
9.06573e-06
1.19619e-05
1.43656e-05
1.6422e-05
1.82168e-05
1.9805e-05
2.12249e-05
2.25053e-05
2.36686e-05
2.47338e-05
2.5717e-05
2.66326e-05
2.74927e-05
2.8308e-05
2.90874e-05
2.98376e-05
3.05641e-05
3.12705e-05
3.19592e-05
3.26317e-05
3.32883e-05
3.39288e-05
3.45522e-05
3.51574e-05
3.57435e-05
3.63099e-05
3.68573e-05
3.73878e-05
3.79037e-05
3.8397e-05
3.88676e-05
3.93145e-05
3.97365e-05
4.01322e-05
4.04999e-05
4.08381e-05
4.1145e-05
4.14191e-05
4.16587e-05
4.18623e-05
4.20286e-05
4.21561e-05
4.22437e-05
4.22903e-05
4.22953e-05
4.22579e-05
4.2178e-05
4.20555e-05
4.1891e-05
4.16852e-05
4.14392e-05
4.11548e-05
4.08344e-05
4.04831e-05
4.01195e-05
3.98207e-05
3.95971e-05
3.93684e-05
3.91192e-05
3.8849e-05
3.856e-05
3.82544e-05
3.79344e-05
3.76022e-05
3.72592e-05
3.6907e-05
3.65464e-05
3.6178e-05
3.5802e-05
3.54181e-05
3.50258e-05
3.4624e-05
3.42116e-05
3.37869e-05
3.33484e-05
3.28942e-05
3.24224e-05
3.19315e-05
3.142e-05
3.08873e-05
3.03334e-05
2.97594e-05
2.91681e-05
2.85637e-05
2.79522e-05
2.73415e-05
2.67401e-05
2.6158e-05
2.5604e-05
2.50805e-05
2.46456e-05
2.40029e-05
)
;
    }
    upperWall
    {
        type            nutkWallFunction;
        Cmu             0.09;
        kappa           0.41;
        E               9.8;
        value           nonuniform List<scalar> 
133
(
1.19999e-05
1.24864e-05
1.29535e-05
1.33991e-05
1.38234e-05
1.42272e-05
1.46114e-05
1.49769e-05
1.53242e-05
1.56543e-05
1.59679e-05
1.62656e-05
1.6548e-05
1.6816e-05
1.70702e-05
1.73111e-05
1.75395e-05
1.77558e-05
1.79607e-05
1.81548e-05
1.83385e-05
1.85125e-05
1.86771e-05
1.88328e-05
1.89802e-05
1.91197e-05
1.92516e-05
1.93763e-05
1.94943e-05
1.96058e-05
1.97113e-05
1.9811e-05
1.99054e-05
2.00089e-05
2.01218e-05
2.02306e-05
2.03352e-05
2.04354e-05
2.05312e-05
2.06225e-05
2.07093e-05
2.07913e-05
2.08686e-05
2.09411e-05
2.10087e-05
2.10712e-05
2.11288e-05
2.11811e-05
2.12282e-05
2.127e-05
2.13063e-05
2.13371e-05
2.13622e-05
2.13816e-05
2.1395e-05
2.14025e-05
2.14038e-05
2.13988e-05
2.13874e-05
2.13693e-05
2.13445e-05
2.13126e-05
2.12735e-05
2.12271e-05
2.1173e-05
2.11111e-05
2.10411e-05
2.09628e-05
2.08759e-05
2.07803e-05
2.06757e-05
2.05618e-05
2.04386e-05
2.03057e-05
2.0163e-05
2.00106e-05
1.98482e-05
1.96759e-05
1.94937e-05
1.93019e-05
1.91008e-05
1.88906e-05
1.8672e-05
1.84455e-05
1.82122e-05
1.79729e-05
1.7729e-05
1.7482e-05
1.72334e-05
1.69854e-05
1.67402e-05
1.65004e-05
1.62689e-05
1.6049e-05
1.58443e-05
1.56589e-05
1.54972e-05
1.53638e-05
1.52635e-05
1.52006e-05
1.51789e-05
1.52004e-05
1.52651e-05
1.53698e-05
1.55077e-05
1.56686e-05
1.5839e-05
1.60039e-05
1.61485e-05
1.62601e-05
1.63294e-05
1.63517e-05
1.63265e-05
1.62572e-05
1.61498e-05
1.60119e-05
1.58513e-05
1.56754e-05
1.54902e-05
1.53004e-05
1.51094e-05
1.49205e-05
1.47368e-05
1.45624e-05
1.44006e-05
1.42506e-05
1.41083e-05
1.39722e-05
1.38403e-05
1.37169e-05
1.3593e-05
1.34969e-05
1.33246e-05
)
;
    }
    frontAndBack
    {
        type            empty;
    }
}


// ************************************************************************* //
