/*--------------------------------*- C++ -*----------------------------------*\
  =========                 |
  \\      /  F ield         | OpenFOAM: The Open Source CFD Toolbox
   \\    /   O peration     | Website:  https://openfoam.org
    \\  /    A nd           | Version:  10
     \\/     M anipulation  |
\*---------------------------------------------------------------------------*/
FoamFile
{
    format      ascii;
    class       volScalarField;
    location    "0.1";
    object      nut;
}
// * * * * * * * * * * * * * * * * * * * * * * * * * * * * * * * * * * * * * //

dimensions      [0 2 -1 0 0 0 0];

internalField   nonuniform List<scalar> 
6820
(
0
0
0
0
0
0
0
0
0
0
0
0
0
0
0
0
0
0
0
0
0
0
0
0
0
0
0
0
0
0
0
0
0
0
0
0
0
0
0
0
0
0
0
0
0
0
0
0
0
0
0
0
0
0
0
0
0
0
0
0
0
0
0
0
0
0
0
0
0
0
0
0
0
0
0
0
0
0
0
0
0
0
0
0
0
0
0
0
0
0
0
0
0
0
0
0
0
0
0
0
0
0
0
0
0
0
0
0
0
0
0
0
0
0
0
0
0
0
0
0
0
0
0
0
0
0
0
0
0
0
0
0
1.65944e-05
0
0
0
0
0
0
0
0
0
0
0
0
0
0
0
0
0
0
0
5.55234e-08
1.62731e-07
2.22722e-07
2.2475e-07
1.30025e-07
0
0
0
0
0
0
0
0
6.29924e-06
5.07837e-05
3.85267e-05
1.75892e-05
4.90102e-06
0
0
0
0
0
0
0
0
0
0
0
0
0
0
6.18281e-09
2.12867e-08
3.65548e-08
5.07451e-08
6.18669e-08
6.5997e-08
6.29343e-08
2.27696e-08
4.215e-08
0
0
0
0
0
0
1.471e-05
3.29652e-05
4.40466e-05
4.19272e-05
3.61886e-05
3.02238e-05
2.33432e-05
1.48188e-05
4.0664e-06
0
0
0
0
0
0
0
0
0
0
2.47037e-07
6.70681e-07
8.94363e-07
9.78012e-07
9.57023e-07
8.4925e-07
6.58177e-07
3.80656e-07
1.07916e-08
0
0
0
0
0
9.05069e-06
2.02681e-05
3.63143e-05
4.23388e-05
4.18755e-05
4.03857e-05
3.81329e-05
3.19806e-05
1.13265e-05
0
0
0
0
0
0
0
0
0
4.3993e-07
7.41328e-07
8.46901e-07
8.31017e-07
7.42559e-07
6.13808e-07
4.6659e-07
3.1535e-07
1.7127e-07
4.04582e-08
0
0
0
0
0
6.75109e-06
1.30741e-05
2.64307e-05
3.71626e-05
4.38297e-05
4.91259e-05
5.45219e-05
6.02916e-05
3.70914e-05
0
0
0
0
0
0
0
0
1.64183e-07
5.7713e-07
7.68303e-07
8.15871e-07
7.71669e-07
6.71359e-07
5.39933e-07
3.95235e-07
2.49586e-07
1.12916e-07
0
0
0
0
0
0
4.97028e-06
8.84057e-06
1.88165e-05
2.92195e-05
3.76903e-05
4.55736e-05
5.2346e-05
5.22205e-05
2.02016e-05
0
0
0
0
0
0
0
0
2.86063e-07
6.46198e-07
8.10739e-07
8.40021e-07
7.77732e-07
6.56861e-07
5.0272e-07
3.35029e-07
1.68667e-07
1.62524e-08
0
0
0
0
0
0
3.62899e-06
6.00403e-06
1.30264e-05
2.11428e-05
2.79874e-05
3.3656e-05
3.53154e-05
2.78279e-05
1.07602e-05
0
0
0
0
0
0
0
5.76134e-07
1.02964e-06
1.23185e-06
1.25416e-06
1.15265e-06
9.70683e-07
7.42203e-07
4.93943e-07
2.47359e-07
1.89548e-08
0
0
0
0
0
0
0
2.62893e-06
3.96704e-06
8.65234e-06
1.43736e-05
1.88522e-05
2.18811e-05
2.16071e-05
1.6202e-05
7.48438e-06
1.84873e-07
0
0
0
0
0
0
4.7503e-07
7.46609e-07
8.33334e-07
7.83276e-07
6.38798e-07
4.3547e-07
2.02702e-07
0
0
0
0
0
0
0
0
0
0
1.91151e-06
2.5817e-06
5.59441e-06
9.45653e-06
1.21839e-05
1.3641e-05
1.30726e-05
9.99918e-06
5.63536e-06
1.95278e-06
0
0
0
2.91156e-08
4.83115e-07
8.03035e-07
9.628e-07
9.77069e-07
8.76267e-07
6.93465e-07
4.59369e-07
2.00704e-07
0
0
0
0
0
0
0
0
0
0
0
1.40064e-06
1.64027e-06
3.47307e-06
5.96202e-06
7.50783e-06
8.07329e-06
7.45874e-06
5.60123e-06
3.19918e-06
1.16079e-06
0
0
0
0
0
0
0
0
0
0
0
0
0
0
0
0
0
0
0
0
0
0
0
1.03935e-06
1.00672e-06
2.04799e-06
3.60412e-06
4.44316e-06
4.607e-06
4.12794e-06
3.03839e-06
1.71913e-06
6.13458e-07
0
0
0
0
0
0
0
0
0
0
0
0
0
0
0
0
0
0
0
0
0
0
0
7.81959e-07
5.71539e-07
1.07387e-06
1.97245e-06
2.32802e-06
2.22135e-06
1.7627e-06
9.96999e-07
1.37167e-07
0
0
0
0
0
0
0
0
0
0
0
0
0
0
0
0
0
0
0
0
0
0
0
0
5.9722e-07
2.65951e-07
3.99337e-07
8.3863e-07
8.71121e-07
6.0459e-07
1.72621e-07
0
0
0
0
0
0
0
0
0
0
0
0
0
0
0
0
0
0
0
0
0
0
0
0
0
0
4.62139e-07
4.09833e-08
0
1.33391e-08
0
0
0
0
0
0
0
0
0
0
0
0
0
0
0
0
0
0
0
0
0
0
0
0
0
1.21177e-07
3.04214e-09
0
0
3.61091e-07
0
0
0
0
0
0
0
0
0
0
0
0
0
0
0
0
0
0
0
0
0
0
0
0
0
0
0
3.76676e-07
7.89323e-07
6.73525e-07
0
0
2.83226e-07
0
0
0
0
0
0
0
0
0
0
0
0
0
0
0
0
0
0
0
0
0
0
0
0
0
2.3393e-08
5.06143e-07
1.0198e-06
1.4985e-06
1.39677e-06
0
0
2.2014e-07
0
0
0
0
0
0
0
0
0
0
0
0
0
0
0
0
0
0
0
0
0
0
0
0
2.08628e-07
7.29029e-07
1.27567e-06
1.84921e-06
2.38036e-06
2.28479e-06
2.45525e-07
0
1.65831e-07
0
0
0
0
0
0
0
0
0
0
0
0
0
0
0
0
0
0
0
0
0
0
0
3.90293e-07
9.4853e-07
1.5328e-06
2.13955e-06
2.76917e-06
3.34906e-06
3.26107e-06
1.12324e-06
0
1.15007e-07
0
0
0
0
0
0
0
0
0
0
0
0
0
0
0
0
0
0
0
0
0
0
5.63375e-07
1.1606e-06
1.78105e-06
2.42313e-06
3.08329e-06
3.76143e-06
4.38211e-06
4.29935e-06
2.07765e-06
0
6.45958e-08
0
0
0
0
0
0
0
0
0
0
0
0
0
0
0
0
0
0
0
0
2.6549e-07
8.70577e-07
1.49808e-06
2.14668e-06
2.81448e-06
3.49965e-06
4.19833e-06
4.90973e-06
5.55607e-06
5.47014e-06
3.17125e-06
0
6.58608e-09
0
0
0
0
0
0
0
0
0
0
0
0
0
0
0
0
0
0
0
3.51589e-07
9.99855e-07
1.66783e-06
2.35424e-06
3.05747e-06
3.77525e-06
4.50516e-06
5.24309e-06
5.98773e-06
6.65974e-06
6.57486e-06
4.22307e-06
0
0
0
0
0
0
0
0
0
0
0
0
0
0
0
0
0
0
0
1.64784e-07
8.18315e-07
1.48844e-06
2.17474e-06
2.87652e-06
3.59266e-06
4.32143e-06
5.06031e-06
5.80661e-06
6.55605e-06
7.3066e-06
7.97773e-06
7.87558e-06
5.46563e-06
0
0
0
0
0
0
0
0
0
0
0
0
0
0
0
0
0
0
1.06615e-07
8.09613e-07
1.52691e-06
2.25763e-06
3.00092e-06
3.75559e-06
4.51985e-06
5.29143e-06
6.06742e-06
6.84474e-06
7.61895e-06
8.38757e-06
9.06982e-06
8.96448e-06
6.53048e-06
0
0
0
0
0
0
0
0
0
0
0
0
0
0
0
0
2.11313e-07
9.05654e-07
1.60878e-06
2.32131e-06
3.04364e-06
3.77589e-06
4.51775e-06
5.26822e-06
6.02557e-06
6.78754e-06
7.55108e-06
8.31274e-06
9.06776e-06
9.81279e-06
1.04668e-05
1.033e-05
7.8544e-06
0
0
0
0
0
0
0
0
0
0
0
0
0
0
0
0
6.9664e-07
1.45598e-06
2.22215e-06
2.9953e-06
3.77525e-06
4.56135e-06
5.35247e-06
6.14697e-06
6.94261e-06
7.73665e-06
8.52568e-06
9.30597e-06
1.00727e-05
1.08224e-05
1.1475e-05
1.13326e-05
8.85994e-06
0
0
0
0
0
0
0
0
0
0
0
0
1.39984e-07
8.34821e-07
1.52294e-06
2.20751e-06
2.89243e-06
3.58102e-06
4.27599e-06
4.97939e-06
5.69215e-06
6.41419e-06
7.14463e-06
7.88172e-06
8.6229e-06
9.36492e-06
1.01038e-05
1.08349e-05
1.15528e-05
1.22526e-05
1.28549e-05
1.26735e-05
1.01833e-05
0
0
0
0
0
0
0
0
0
0
0
0
4.50147e-07
1.18495e-06
1.9142e-06
2.64238e-06
3.37358e-06
4.11058e-06
4.85499e-06
5.60734e-06
6.36712e-06
7.13296e-06
7.90274e-06
8.67368e-06
9.44244e-06
1.02052e-05
1.09575e-05
1.16946e-05
1.24113e-05
1.31027e-05
1.36918e-05
1.35045e-05
1.10489e-05
0
2.27517e-07
0
0
0
1.84243e-07
9.52156e-07
1.69846e-06
2.36888e-06
2.95215e-06
3.46728e-06
3.93604e-06
4.37802e-06
4.81071e-06
5.24876e-06
5.70311e-06
6.18145e-06
6.6883e-06
7.22546e-06
7.79267e-06
8.38807e-06
9.00859e-06
9.65023e-06
1.03083e-05
1.09776e-05
1.16524e-05
1.23266e-05
1.29938e-05
1.36469e-05
1.42791e-05
1.48145e-05
1.46045e-05
1.21916e-05
0
0
0
0
5.91064e-07
1.51411e-06
2.24576e-06
2.84349e-06
3.30898e-06
3.67691e-06
3.9984e-06
4.30666e-06
4.62332e-06
4.96539e-06
5.34521e-06
5.76877e-06
6.23819e-06
6.75255e-06
7.30847e-06
7.90091e-06
8.52391e-06
9.17095e-06
9.83534e-06
1.05104e-05
1.11895e-05
1.18662e-05
1.2534e-05
1.31865e-05
1.38171e-05
1.44198e-05
1.49246e-05
1.47235e-05
1.24519e-05
9.64414e-06
1.21246e-05
1.05133e-05
1.05603e-05
1.06763e-05
1.04794e-05
1.01508e-05
9.75067e-06
9.27629e-06
8.78251e-06
8.33086e-06
7.95036e-06
7.65413e-06
7.45162e-06
7.35078e-06
7.35114e-06
7.44946e-06
7.63922e-06
7.91142e-06
8.2563e-06
8.66383e-06
9.12384e-06
9.62634e-06
1.01618e-05
1.07209e-05
1.12951e-05
1.18757e-05
1.24544e-05
1.30228e-05
1.35727e-05
1.40423e-05
1.39144e-05
1.20016e-05
1.18006e-05
1.75382e-05
1.44811e-05
1.31146e-05
1.22764e-05
1.13006e-05
1.02506e-05
9.20165e-06
8.20499e-06
7.35576e-06
6.67746e-06
6.1552e-06
5.77918e-06
5.5435e-06
5.44208e-06
5.4572e-06
5.57467e-06
5.78131e-06
6.06321e-06
6.40718e-06
6.80108e-06
7.23358e-06
7.69422e-06
8.17346e-06
8.66261e-06
9.1539e-06
9.64036e-06
1.01157e-05
1.05742e-05
1.10108e-05
1.13799e-05
1.12875e-05
9.82939e-06
7.82196e-05
4.83474e-05
2.889e-05
2.00645e-05
1.40861e-05
9.21485e-06
5.17109e-06
1.75195e-06
0
0
0
0
0
0
0
0
0
0
0
0
0
0
0
0
0
3.19275e-08
6.73858e-07
1.2823e-06
1.85325e-06
2.38345e-06
2.85185e-06
3.10865e-06
2.82866e-06
0
0
0
0
0
0
0
0
0
0
0
0
0
0
0
0
0
0
0
0
0
0
0
0
0
0
0
0
0
0
0
0
0
3.91275e-08
0
0
0
0
0
0
0
0
0
0
0
0
0
0
0
0
0
0
0
0
0
0
0
0
0
0
0
0
0
0
0
0
2.07676e-08
0
0
0
0
0
0
0
0
0
0
0
0
0
0
0
0
0
0
0
0
0
0
0
0
0
0
0
0
0
0
0
0
9.41052e-09
0
0
0
0
0
0
0
0
0
0
0
0
0
0
0
0
0
0
0
0
0
0
0
0
0
0
0
0
0
0
0
0
0
2.38322e-07
4.83155e-07
2.561e-07
0
0
0
0
0
0
0
0
0
0
0
0
7.56283e-06
2.5007e-05
5.61431e-05
7.53458e-05
0
0
0
1.59556e-06
0
0
5.72174e-06
8.94434e-06
6.40044e-06
3.29053e-06
2.06423e-06
7.86254e-07
0
0
0
0
0
0
4.31603e-05
0.000107406
0.000143078
0.000142785
0.00011079
3.38557e-05
0
0
1.35735e-05
3.19109e-05
2.66692e-05
2.02855e-05
1.92251e-05
1.9333e-05
1.78879e-05
1.54873e-05
1.28103e-05
1.0184e-05
7.77509e-06
5.64884e-06
3.79584e-06
2.15924e-06
6.62485e-07
0
0
0
0
0
0
0
0
0
0
0
0
0
0
0
0
0
0
0
0
0
0
3.57316e-07
1.43167e-06
2.68383e-06
3.90708e-06
4.86011e-06
5.28625e-06
4.94306e-06
3.63451e-06
1.41769e-06
0
0
0
1.28617e-06
9.63684e-06
1.45351e-05
0
0
0
0
9.42965e-07
1.1352e-06
5.67198e-07
0
0
0
0
0
0
0
0
0
0
0
3.00474e-07
1.45727e-05
3.2861e-05
1.55513e-05
0
0
0
0
0
2.74362e-07
8.77238e-06
9.72304e-06
5.97112e-06
3.10865e-06
2.23906e-06
1.23782e-06
0
0
0
0
0
0
1.43009e-05
9.17116e-05
0.000175617
0.0002247
0.000179532
0
0
0
2.78405e-05
3.30581e-05
2.58154e-05
2.12623e-05
2.18345e-05
2.21052e-05
2.05092e-05
1.78949e-05
1.49653e-05
1.21194e-05
9.55103e-06
7.3131e-06
5.37332e-06
3.65645e-06
2.07696e-06
5.67766e-07
0
0
0
0
0
0
0
0
0
0
0
0
0
0
0
5.75318e-07
9.41775e-07
8.38349e-07
5.3559e-07
3.55787e-07
5.25717e-07
1.10261e-06
2.04477e-06
3.2199e-06
4.38532e-06
5.20961e-06
5.42537e-06
4.89204e-06
3.50894e-06
1.31424e-06
0
0
0
1.46165e-06
9.93407e-06
1.49981e-05
0
0
0
0
7.46167e-07
1.22256e-06
1.01676e-06
0
0
0
0
0
0
0
0
0
0
0
0
1.49102e-06
8.49648e-06
2.08412e-06
0
0
0
0
0
4.06533e-06
1.10942e-05
8.86898e-06
4.78481e-06
2.99732e-06
2.48849e-06
1.39047e-06
0
0
0
0
0
0
0
3.92471e-05
0.000122374
0.000220378
0.00013577
0
0
1.39217e-05
3.30289e-05
3.07407e-05
2.37549e-05
2.20405e-05
2.38535e-05
2.40665e-05
2.23008e-05
1.9523e-05
1.64648e-05
1.35494e-05
1.0957e-05
8.71563e-06
6.77531e-06
5.05216e-06
3.45595e-06
1.91931e-06
4.25206e-07
0
0
0
0
0
0
0
0
0
0
0
0
0
9.55548e-07
1.902e-06
2.25387e-06
2.11441e-06
1.73696e-06
1.43341e-06
1.43835e-06
1.83716e-06
2.61372e-06
3.67183e-06
4.76176e-06
5.48358e-06
5.53362e-06
4.82879e-06
3.35671e-06
1.17176e-06
0
0
0
1.51206e-06
1.00537e-05
1.53869e-05
0
0
0
0
1.84538e-08
3.8415e-07
9.50012e-07
9.48628e-07
4.76225e-07
0
0
0
0
0
0
0
0
0
0
0
6.10233e-07
1.76529e-06
2.64939e-07
0
0
0
0
9.57389e-06
1.11502e-05
6.86303e-06
3.67183e-06
3.3777e-06
2.83352e-06
1.35401e-06
0
0
0
0
0
0
0
0
3.20596e-05
5.20791e-05
3.74097e-06
0
4.10358e-06
2.71858e-05
3.21636e-05
2.68044e-05
2.19738e-05
2.32798e-05
2.5653e-05
2.56283e-05
2.36544e-05
2.07455e-05
1.76405e-05
1.474e-05
1.21891e-05
9.99112e-06
8.08602e-06
6.38834e-06
4.80693e-06
3.27089e-06
1.76252e-06
3.2986e-07
0
0
0
0
0
0
0
0
0
0
0
8.58208e-07
2.31675e-06
3.23922e-06
3.56897e-06
3.39261e-06
2.94171e-06
2.51332e-06
2.34571e-06
2.55106e-06
3.14493e-06
4.05802e-06
5.03657e-06
5.64315e-06
5.55176e-06
4.71168e-06
3.17212e-06
1.0087e-06
0
0
0
1.54932e-06
1.01026e-05
1.57905e-05
0
0
0
0
0
1.47205e-07
8.51143e-07
1.24234e-06
6.31349e-07
0
0
0
0
0
0
0
0
0
0
0
0
1.73318e-06
0
0
0
0
7.00667e-06
1.21799e-05
8.74529e-06
4.56095e-06
3.66634e-06
4.13219e-06
3.19917e-06
1.25041e-06
0
0
0
0
0
0
0
0
0
1.94254e-06
0
5.51955e-06
2.02078e-05
2.90335e-05
2.79663e-05
2.26122e-05
2.15114e-05
2.50587e-05
2.73709e-05
2.6978e-05
2.47643e-05
2.1761e-05
1.86684e-05
1.58292e-05
1.33474e-05
1.12096e-05
9.35334e-06
7.695e-06
6.14348e-06
4.62347e-06
3.11112e-06
1.65615e-06
3.49396e-07
0
0
0
0
0
0
0
0
0
5.50551e-07
2.32176e-06
3.71632e-06
4.59312e-06
4.88698e-06
4.66543e-06
4.13482e-06
3.57395e-06
3.2225e-06
3.21764e-06
3.60849e-06
4.34335e-06
5.16387e-06
5.62035e-06
5.38983e-06
4.45045e-06
2.89543e-06
8.10804e-07
0
0
0
1.68058e-06
1.02178e-05
1.62639e-05
0
0
0
0
7.50905e-08
2.49459e-07
5.6709e-07
6.39693e-06
0
0
0
0
0
0
0
0
0
0
0
0
0
8.16342e-06
4.48113e-06
0
0
7.04104e-06
1.23435e-05
9.65694e-06
5.28911e-06
3.64181e-06
4.82017e-06
4.98084e-06
3.55893e-06
1.17139e-06
0
0
0
0
0
0
0
0
0
0
2.44389e-06
1.29754e-05
2.22282e-05
2.53041e-05
2.23787e-05
1.9631e-05
2.26195e-05
2.70574e-05
2.88903e-05
2.80549e-05
2.5626e-05
2.25955e-05
1.95724e-05
1.6827e-05
1.44306e-05
1.23637e-05
1.05678e-05
8.96167e-06
7.4531e-06
5.9616e-06
4.45587e-06
2.98329e-06
1.65037e-06
5.29838e-07
0
0
0
0
0
0
0
3.74489e-07
2.18621e-06
3.83525e-06
5.13644e-06
5.94884e-06
6.19685e-06
5.92561e-06
5.31494e-06
4.62535e-06
4.09935e-06
3.90104e-06
4.1101e-06
4.68488e-06
5.3522e-06
5.65528e-06
5.28716e-06
4.25296e-06
2.67588e-06
6.46084e-07
0
0
0
1.78487e-06
1.02927e-05
1.66664e-05
0
0
0
1.08325e-08
4.35881e-07
9.78802e-07
1.60565e-06
1.24534e-06
2.57244e-07
0
0
0
0
0
0
0
0
0
0
0
0
7.1483e-06
8.65397e-06
6.84425e-06
1.09125e-05
1.18798e-05
9.03401e-06
5.12927e-06
3.36601e-06
5.06947e-06
6.29776e-06
5.83965e-06
3.96499e-06
1.15343e-06
0
0
0
0
0
0
0
0
0
0
2.96894e-06
1.2571e-05
1.86225e-05
1.9339e-05
1.73694e-05
1.9161e-05
2.4723e-05
2.89142e-05
3.00629e-05
2.88013e-05
2.62442e-05
2.32669e-05
2.03591e-05
1.77277e-05
1.5427e-05
1.34412e-05
1.17178e-05
1.01778e-05
8.72547e-06
7.27361e-06
5.7835e-06
4.30028e-06
2.94571e-06
1.8358e-06
9.58073e-07
1.77452e-07
0
0
0
0
6.87372e-07
2.23146e-06
3.86125e-06
5.35747e-06
6.54959e-06
7.29302e-06
7.49422e-06
7.17136e-06
6.4764e-06
5.65325e-06
4.95074e-06
4.56209e-06
4.59213e-06
5.00107e-06
5.49549e-06
5.62069e-06
5.10268e-06
3.9808e-06
2.40319e-06
4.56286e-07
0
0
0
1.93386e-06
1.04178e-05
1.71162e-05
0
0
0
1.40656e-07
1.35785e-06
1.46411e-06
1.0842e-06
5.8437e-07
4.00063e-08
0
0
0
0
0
0
0
0
0
0
0
0
1.44721e-06
8.06222e-06
9.55716e-06
8.69797e-06
6.41429e-06
3.65372e-06
2.84553e-06
5.1391e-06
7.18862e-06
7.7842e-06
6.79432e-06
4.47361e-06
1.18812e-06
0
0
0
0
0
0
0
0
0
0
2.05967e-06
9.34882e-06
1.31709e-05
1.36281e-05
1.52316e-05
2.09587e-05
2.69817e-05
3.0348e-05
3.07921e-05
2.92192e-05
2.66506e-05
2.37941e-05
2.10288e-05
1.85213e-05
1.63244e-05
1.44306e-05
1.2793e-05
1.13329e-05
9.9499e-06
8.5483e-06
7.08129e-06
5.59347e-06
4.22479e-06
3.13748e-06
2.37395e-06
1.80935e-06
1.34045e-06
1.04777e-06
1.12633e-06
1.71086e-06
2.76439e-06
4.1091e-06
5.53599e-06
6.86806e-06
7.94847e-06
8.62415e-06
8.7806e-06
8.40756e-06
7.62948e-06
6.67557e-06
5.80391e-06
5.2385e-06
5.11028e-06
5.37226e-06
5.70477e-06
5.65378e-06
4.98029e-06
3.76125e-06
2.17041e-06
2.90429e-07
0
0
0
2.06786e-06
1.05236e-05
1.75157e-05
0
0
0
0
4.85596e-07
5.96017e-07
3.64309e-07
0
0
0
0
0
0
0
0
0
0
0
0
0
0
8.59634e-07
2.81422e-06
3.32379e-06
2.60336e-06
1.42709e-06
2.67651e-06
5.36593e-06
7.85155e-06
9.32418e-06
9.37263e-06
7.90149e-06
5.06443e-06
1.23184e-06
0
0
0
0
0
0
0
0
0
0
7.12589e-07
5.64313e-06
8.35205e-06
1.09311e-05
1.65504e-05
2.35136e-05
2.87871e-05
3.11906e-05
3.10736e-05
2.936e-05
2.68834e-05
2.41876e-05
2.1575e-05
1.91965e-05
1.71117e-05
1.53217e-05
1.37833e-05
1.24165e-05
1.1115e-05
9.77367e-06
8.33695e-06
6.84993e-06
5.47506e-06
4.42586e-06
3.79875e-06
3.46932e-06
3.27108e-06
3.20072e-06
3.38731e-06
3.94019e-06
4.84626e-06
5.9855e-06
7.20871e-06
8.3757e-06
9.34008e-06
9.94184e-06
1.00478e-05
9.62127e-06
8.76022e-06
7.67973e-06
6.64722e-06
5.91581e-06
5.64055e-06
5.75515e-06
5.90978e-06
5.65823e-06
4.80662e-06
3.47705e-06
1.87285e-06
7.24679e-08
0
0
0
2.22645e-06
1.0656e-05
1.79117e-05
0
0
0
0
5.54931e-08
1.33468e-07
0
0
0
0
0
0
0
0
0
0
0
0
0
0
0
1.4778e-07
3.32638e-07
8.45253e-07
1.79756e-06
3.48939e-06
5.90629e-06
8.50369e-06
1.05741e-05
1.15554e-05
1.10906e-05
9.06102e-06
5.63786e-06
1.23315e-06
0
0
0
0
0
0
0
0
0
0
0
3.15191e-06
6.66642e-06
1.21449e-05
1.92038e-05
2.56471e-05
2.98322e-05
3.14272e-05
3.09878e-05
2.92906e-05
2.69684e-05
2.44463e-05
2.19876e-05
1.97426e-05
1.77795e-05
1.61052e-05
1.46787e-05
1.34175e-05
1.22086e-05
1.09369e-05
9.53748e-06
8.05735e-06
6.68542e-06
5.69164e-06
5.22455e-06
5.14943e-06
5.22931e-06
5.37789e-06
5.66322e-06
6.17577e-06
6.93095e-06
7.8663e-06
8.88687e-06
9.88503e-06
1.07254e-05
1.12435e-05
1.12904e-05
1.08052e-05
9.86153e-06
8.66148e-06
7.48288e-06
6.60744e-06
6.20733e-06
6.18938e-06
6.17159e-06
5.72129e-06
4.69287e-06
3.24715e-06
1.61224e-06
0
0
0
0
2.38671e-06
1.07903e-05
1.82549e-05
0
0
0
0
0
0
0
0
0
0
0
0
0
0
0
0
0
0
0
0
0
3.36981e-07
1.20586e-06
2.43869e-06
4.22367e-06
6.5747e-06
9.21526e-06
1.16519e-05
1.33381e-05
1.37963e-05
1.27263e-05
1.00827e-05
6.08955e-06
1.16874e-06
0
0
0
0
0
0
0
0
0
0
0
2.87743e-06
8.00862e-06
1.46171e-05
2.14179e-05
2.685e-05
3.00875e-05
3.1181e-05
3.06442e-05
2.90606e-05
2.69136e-05
2.45627e-05
2.22574e-05
2.01517e-05
1.83195e-05
1.67717e-05
1.54681e-05
1.43237e-05
1.32177e-05
1.2024e-05
1.06689e-05
9.20275e-06
7.84537e-06
6.9274e-06
6.64511e-06
6.84183e-06
7.20477e-06
7.56726e-06
7.94293e-06
8.40997e-06
9.01417e-06
9.74701e-06
1.0564e-05
1.13888e-05
1.20977e-05
1.25233e-05
1.25029e-05
1.19539e-05
1.09271e-05
9.61326e-06
8.30119e-06
7.29991e-06
6.78997e-06
6.64226e-06
6.43881e-06
5.76768e-06
4.54403e-06
2.97154e-06
1.30056e-06
0
0
0
0
2.57093e-06
1.09748e-05
1.8619e-05
2.89524e-06
0
0
0
0
0
0
0
0
0
0
0
0
0
0
0
0
0
0
0
0
7.99244e-07
2.51838e-06
4.59859e-06
7.07655e-06
9.81288e-06
1.24852e-05
1.46515e-05
1.585e-05
1.57066e-05
1.40259e-05
1.08349e-05
6.37748e-06
1.0528e-06
0
0
0
0
0
0
0
0
0
0
0
3.60142e-06
9.78499e-06
1.64702e-05
2.25523e-05
2.7096e-05
2.97389e-05
3.06207e-05
3.01258e-05
2.86904e-05
2.67147e-05
2.45289e-05
2.23776e-05
2.04164e-05
1.87226e-05
1.73097e-05
1.61387e-05
1.51208e-05
1.41272e-05
1.30199e-05
1.17162e-05
1.02724e-05
8.94402e-06
8.12606e-06
8.0554e-06
8.54026e-06
9.18817e-06
9.75709e-06
1.02137e-05
1.06296e-05
1.10823e-05
1.16143e-05
1.22283e-05
1.28772e-05
1.34486e-05
1.37739e-05
1.36791e-05
1.30622e-05
1.19541e-05
1.05356e-05
9.10727e-06
8.00275e-06
7.40383e-06
7.13755e-06
6.7481e-06
5.8489e-06
4.42551e-06
2.72935e-06
1.0262e-06
0
0
0
0
2.7794e-06
1.12169e-05
1.90321e-05
1.59996e-05
0
0
0
0
0
0
0
0
0
0
0
0
0
0
0
0
0
0
0
0
1.4765e-06
4.04438e-06
6.84073e-06
9.79022e-06
1.2692e-05
1.52297e-05
1.70253e-05
1.77183e-05
1.70414e-05
1.48801e-05
1.12945e-05
6.5151e-06
9.12083e-07
0
0
0
0
0
0
0
0
0
0
0
4.26121e-06
1.08311e-05
1.72116e-05
2.26636e-05
2.66632e-05
2.903e-05
2.98717e-05
2.94695e-05
2.81803e-05
2.63654e-05
2.434e-05
2.23426e-05
2.0528e-05
1.8976e-05
1.77038e-05
1.6673e-05
1.57911e-05
1.49193e-05
1.39069e-05
1.26627e-05
1.12514e-05
9.97007e-06
9.28038e-06
9.44986e-06
1.02377e-05
1.11698e-05
1.1935e-05
1.24613e-05
1.28193e-05
1.31195e-05
1.34534e-05
1.38667e-05
1.43388e-05
1.47686e-05
1.4987e-05
1.48113e-05
1.41234e-05
1.29363e-05
1.14236e-05
9.89742e-06
8.71201e-06
8.04022e-06
7.65619e-06
7.06629e-06
5.91543e-06
4.27142e-06
2.44464e-06
7.17084e-07
0
0
0
0
2.98236e-06
1.14801e-05
1.94655e-05
2.89186e-05
0
0
0
0
0
0
0
0
0
0
0
0
0
0
0
0
0
0
0
0
2.17794e-06
5.36283e-06
8.62578e-06
1.18197e-05
1.47232e-05
1.70537e-05
1.85067e-05
1.88093e-05
1.77693e-05
1.53123e-05
1.14987e-05
6.5331e-06
7.64807e-07
0
0
0
0
0
0
0
0
0
0
0
4.48923e-06
1.10344e-05
1.70849e-05
2.21446e-05
2.58706e-05
2.81285e-05
2.89887e-05
2.8681e-05
2.75261e-05
2.58631e-05
2.39921e-05
2.21436e-05
2.04718e-05
1.90605e-05
1.79315e-05
1.70474e-05
1.63106e-05
1.5571e-05
1.46637e-05
1.3489e-05
1.21237e-05
1.09119e-05
1.0383e-05
1.08221e-05
1.19256e-05
1.31378e-05
1.40867e-05
1.46697e-05
1.49624e-05
1.51097e-05
1.5249e-05
1.54651e-05
1.57613e-05
1.60464e-05
1.61525e-05
1.58902e-05
1.51287e-05
1.38669e-05
1.2273e-05
1.06717e-05
9.43211e-06
8.70708e-06
8.21177e-06
7.41902e-06
6.01244e-06
4.14819e-06
2.19885e-06
4.60322e-07
0
0
0
0
3.2001e-06
1.17454e-05
1.98722e-05
4.10089e-05
0
0
0
0
0
0
0
0
0
0
0
0
0
0
0
0
0
0
0
0
2.74225e-06
6.21987e-06
9.67825e-06
1.29327e-05
1.57596e-05
1.79094e-05
1.91326e-05
1.92125e-05
1.7994e-05
1.54114e-05
1.15094e-05
6.46732e-06
6.22219e-07
0
0
0
0
0
0
0
0
0
0
0
4.40039e-06
1.07541e-05
1.65316e-05
2.13425e-05
2.49067e-05
2.71017e-05
2.79831e-05
2.77594e-05
2.67279e-05
2.52055e-05
2.34759e-05
2.1763e-05
2.0223e-05
1.89462e-05
1.79602e-05
1.72285e-05
1.6647e-05
1.60521e-05
1.52632e-05
1.41723e-05
1.28714e-05
1.17574e-05
1.14264e-05
1.21647e-05
1.35934e-05
1.50786e-05
1.6196e-05
1.68212e-05
1.70408e-05
1.70348e-05
1.69839e-05
1.70078e-05
1.71306e-05
1.727e-05
1.72601e-05
1.69075e-05
1.60718e-05
1.4741e-05
1.30816e-05
1.14299e-05
1.01627e-05
9.39945e-06
8.79018e-06
7.77907e-06
6.09644e-06
3.99487e-06
1.91607e-06
1.72165e-07
0
0
0
0
3.37749e-06
1.19314e-05
2.0132e-05
5.12767e-05
0
0
0
0
0
0
0
0
0
0
0
0
0
0
0
0
0
0
0
0
3.14648e-06
6.66203e-06
1.01134e-05
1.33053e-05
1.60222e-05
1.80398e-05
1.9141e-05
1.91351e-05
1.78769e-05
1.52908e-05
1.13994e-05
6.35789e-06
4.95205e-07
0
0
0
0
0
0
0
0
0
0
0
4.21218e-06
1.03052e-05
1.5823e-05
2.04168e-05
2.38341e-05
2.59639e-05
2.68582e-05
2.6708e-05
2.57852e-05
2.43826e-05
2.277e-05
2.11694e-05
1.97434e-05
1.85911e-05
1.7746e-05
1.7172e-05
1.67576e-05
1.63236e-05
1.56716e-05
1.46849e-05
1.34743e-05
1.24943e-05
1.2403e-05
1.34692e-05
1.52289e-05
1.6976e-05
1.82443e-05
1.88967e-05
1.90354e-05
1.88763e-05
1.86402e-05
1.84779e-05
1.84305e-05
1.84241e-05
1.82952e-05
1.78491e-05
1.69393e-05
1.55475e-05
1.38411e-05
1.21678e-05
1.09025e-05
1.01175e-05
9.3944e-06
8.15836e-06
6.19688e-06
3.86473e-06
1.67229e-06
0
0
0
0
0
3.59294e-06
1.21107e-05
2.03066e-05
5.94551e-05
0
0
0
0
0
0
0
0
0
0
0
0
0
0
0
0
0
0
0
1.1393e-07
3.43047e-06
6.83661e-06
1.01646e-05
1.32261e-05
1.58197e-05
1.77397e-05
1.87863e-05
1.87775e-05
1.75635e-05
1.50498e-05
1.12321e-05
6.24e-06
3.94461e-07
0
0
0
0
0
0
0
0
0
0
0
4.02002e-06
9.80817e-06
1.50435e-05
1.9406e-05
2.26661e-05
2.4723e-05
2.56211e-05
2.55276e-05
2.46855e-05
2.33666e-05
2.1834e-05
2.0315e-05
1.8982e-05
1.79427e-05
1.72359e-05
1.68254e-05
1.65913e-05
1.6338e-05
1.58473e-05
1.49938e-05
1.39094e-05
1.31093e-05
1.33048e-05
1.47255e-05
1.68171e-05
1.88111e-05
2.02106e-05
2.08742e-05
2.09242e-05
2.06128e-05
2.01977e-05
1.98562e-05
1.96442e-05
1.94945e-05
1.92469e-05
1.87074e-05
1.77272e-05
1.62857e-05
1.45549e-05
1.28916e-05
1.16575e-05
1.08623e-05
1.00172e-05
8.53667e-06
6.27569e-06
3.69949e-06
1.39125e-06
0
0
0
0
2.86876e-08
3.75123e-06
1.21981e-05
2.03184e-05
6.53993e-05
0
0
0
0
0
0
0
0
0
0
0
0
0
0
0
0
0
0
0
4.87982e-07
3.63193e-06
6.85633e-06
1.00049e-05
1.29038e-05
1.53681e-05
1.72077e-05
1.82336e-05
1.82654e-05
1.71431e-05
1.47494e-05
1.1048e-05
6.13853e-06
3.30805e-07
0
0
0
0
0
0
0
0
0
0
0
3.83688e-06
9.28212e-06
1.42072e-05
1.83214e-05
2.14146e-05
2.33891e-05
2.42722e-05
2.42013e-05
2.33925e-05
2.2106e-05
2.06092e-05
1.9141e-05
1.78835e-05
1.69496e-05
1.63801e-05
1.6138e-05
1.60965e-05
1.60445e-05
1.57441e-05
1.50612e-05
1.41508e-05
1.35885e-05
1.41226e-05
1.59209e-05
1.83398e-05
2.05621e-05
2.20717e-05
2.27305e-05
2.2685e-05
2.22224e-05
2.16341e-05
2.11201e-05
2.07482e-05
2.04569e-05
2.00901e-05
1.94568e-05
1.84099e-05
1.69319e-05
1.5203e-05
1.35851e-05
1.24131e-05
1.16195e-05
1.06466e-05
8.91114e-06
6.34883e-06
3.54361e-06
1.14865e-06
0
0
0
0
4.07576e-07
3.96821e-06
1.23216e-05
2.03117e-05
6.96469e-05
0
0
0
0
0
0
0
0
0
0
0
0
0
0
0
0
0
0
0
8.34268e-07
3.76651e-06
6.77504e-06
9.71855e-06
1.24401e-05
1.47719e-05
1.65382e-05
1.75591e-05
1.76552e-05
1.66554e-05
1.44179e-05
1.08694e-05
6.07146e-06
3.15833e-07
0
0
0
0
0
0
0
0
0
0
0
3.66035e-06
8.73127e-06
1.33237e-05
1.71749e-05
2.00883e-05
2.19586e-05
2.27869e-05
2.26807e-05
2.18401e-05
2.05297e-05
1.90319e-05
1.7598e-05
1.6413e-05
1.55862e-05
1.51552e-05
1.50822e-05
1.5238e-05
1.54016e-05
1.53189e-05
1.4849e-05
1.41712e-05
1.39164e-05
1.48444e-05
1.70382e-05
1.97731e-05
2.22004e-05
2.37971e-05
2.44353e-05
2.4288e-05
2.36766e-05
2.29225e-05
2.22452e-05
2.17218e-05
2.12952e-05
2.08137e-05
2.00913e-05
1.89868e-05
1.74905e-05
1.5794e-05
1.42599e-05
1.31802e-05
1.23979e-05
1.1287e-05
9.27478e-06
6.38907e-06
3.3459e-06
8.72229e-07
0
0
0
0
7.25057e-07
4.09563e-06
1.23339e-05
2.01576e-05
7.23317e-05
0
0
0
0
0
0
0
0
0
0
0
0
0
0
0
0
0
0
0
1.14544e-06
3.84804e-06
6.62501e-06
9.35113e-06
1.1887e-05
1.40817e-05
1.57746e-05
1.67966e-05
1.69711e-05
1.61188e-05
1.40726e-05
1.0716e-05
6.05999e-06
3.66821e-07
0
0
0
0
0
0
0
0
0
0
0
3.48812e-06
8.15914e-06
1.2399e-05
1.59687e-05
1.86752e-05
2.0395e-05
2.11009e-05
2.08824e-05
1.9945e-05
1.85738e-05
1.70699e-05
1.56871e-05
1.4598e-05
1.38945e-05
1.36036e-05
1.36885e-05
1.40269e-05
1.43996e-05
1.45467e-05
1.43267e-05
1.39452e-05
1.40758e-05
1.54532e-05
1.80536e-05
2.10871e-05
2.36937e-05
2.53548e-05
2.59581e-05
2.57036e-05
2.49447e-05
2.40295e-05
2.31938e-05
2.25219e-05
2.19609e-05
2.13641e-05
2.05533e-05
1.93979e-05
1.79015e-05
1.62692e-05
1.48586e-05
1.3902e-05
1.31423e-05
1.18902e-05
9.59283e-06
6.38482e-06
3.13138e-06
6.30355e-07
0
0
0
0
1.12487e-06
4.28904e-06
1.23993e-05
2.00235e-05
7.40123e-05
0
0
0
0
0
0
0
0
0
0
0
0
0
0
0
0
0
0
0
1.40763e-06
3.87331e-06
6.41204e-06
8.91469e-06
1.12592e-05
1.33124e-05
1.49298e-05
1.59558e-05
1.62206e-05
1.55399e-05
1.37231e-05
1.06046e-05
6.12779e-06
5.04881e-07
0
0
0
0
0
0
0
0
0
0
0
3.31303e-06
7.56075e-06
1.14239e-05
1.46783e-05
1.71235e-05
1.86156e-05
1.91135e-05
1.8715e-05
1.76539e-05
1.62427e-05
1.47883e-05
1.35244e-05
1.25885e-05
1.20391e-05
1.18848e-05
1.20925e-05
1.2561e-05
1.3094e-05
1.34459e-05
1.34884e-05
1.34575e-05
1.40487e-05
1.59227e-05
1.89298e-05
2.22357e-05
2.49904e-05
2.66917e-05
2.7247e-05
2.68828e-05
2.59813e-05
2.4914e-05
2.393e-05
2.31189e-05
2.24309e-05
2.1725e-05
2.08328e-05
1.96386e-05
1.81638e-05
1.66281e-05
1.53776e-05
1.45724e-05
1.38512e-05
1.2463e-05
9.8727e-06
6.32992e-06
2.87776e-06
3.88108e-07
0
0
0
0
1.46133e-06
4.37748e-06
1.23303e-05
1.97335e-05
7.45891e-05
0
0
0
0
0
0
0
0
0
0
0
0
0
0
0
0
0
0
0
1.62766e-06
3.85325e-06
6.15099e-06
8.42726e-06
1.0577e-05
1.24846e-05
1.40236e-05
1.5054e-05
1.54176e-05
1.49312e-05
1.33853e-05
1.05619e-05
6.31493e-06
7.7069e-07
0
0
0
0
0
0
0
0
0
0
0
3.12125e-06
6.91679e-06
1.03616e-05
1.32362e-05
1.53337e-05
1.65088e-05
1.67386e-05
1.61587e-05
1.50396e-05
1.37043e-05
1.24333e-05
1.14081e-05
1.0709e-05
1.03496e-05
1.03151e-05
1.05774e-05
1.107e-05
1.16479e-05
1.21131e-05
1.23776e-05
1.27177e-05
1.38231e-05
1.62219e-05
1.9623e-05
2.31699e-05
2.60416e-05
2.77612e-05
2.82568e-05
2.77782e-05
2.67321e-05
2.55106e-05
2.43745e-05
2.34184e-05
2.25961e-05
2.17741e-05
2.07975e-05
1.95701e-05
1.81331e-05
1.67202e-05
1.56527e-05
1.5009e-05
1.4329e-05
1.28121e-05
9.94455e-06
6.10646e-06
2.54812e-06
1.88883e-07
0
0
0
0
1.90351e-06
4.56233e-06
1.23331e-05
1.94629e-05
7.41925e-05
5.21318e-06
0
0
0
0
0
0
0
0
0
0
0
0
0
0
0
0
0
0
1.78336e-06
3.77094e-06
5.82977e-06
7.88071e-06
9.83503e-06
1.15948e-05
1.30518e-05
1.4085e-05
1.45526e-05
1.42812e-05
1.30522e-05
1.05987e-05
6.66134e-06
1.21819e-06
0
0
0
0
0
0
0
0
0
0
0
2.88806e-06
6.18183e-06
9.13469e-06
1.15379e-05
1.3204e-05
1.40255e-05
1.40322e-05
1.34055e-05
1.24259e-05
1.13781e-05
1.04686e-05
9.80151e-06
9.40057e-06
9.24592e-06
9.30308e-06
9.53942e-06
9.91669e-06
1.03594e-05
1.07599e-05
1.11189e-05
1.17801e-05
1.33982e-05
1.63077e-05
2.0064e-05
2.38058e-05
2.67556e-05
2.84697e-05
2.88976e-05
2.83069e-05
2.71234e-05
2.57557e-05
2.44747e-05
2.3379e-05
2.24268e-05
2.14934e-05
2.04392e-05
1.91887e-05
1.7802e-05
1.65192e-05
1.5625e-05
1.51107e-05
1.44301e-05
1.2756e-05
9.62643e-06
5.60197e-06
2.14527e-06
1.05625e-07
0
0
0
4.6614e-07
2.37651e-06
4.72115e-06
1.2202e-05
1.89519e-05
7.20273e-05
1.63404e-05
0
0
0
0
0
0
0
0
0
0
0
0
0
0
0
0
0
2.74899e-07
1.90148e-06
3.65456e-06
5.47815e-06
7.30648e-06
9.06598e-06
1.06755e-05
1.20457e-05
1.30758e-05
1.3646e-05
1.3603e-05
1.27362e-05
1.07467e-05
7.24712e-06
1.96721e-06
0
0
0
0
0
0
0
0
0
0
0
2.57404e-06
5.28747e-06
7.66208e-06
9.5333e-06
1.07787e-05
1.1365e-05
1.13757e-05
1.09904e-05
1.04196e-05
9.83727e-06
9.3547e-06
9.03068e-06
8.88504e-06
8.90356e-06
9.04138e-06
9.23711e-06
9.434e-06
9.5925e-06
9.71185e-06
9.94535e-06
1.07724e-05
1.28131e-05
1.61625e-05
2.02117e-05
2.40973e-05
2.70872e-05
2.8771e-05
2.91149e-05
2.83978e-05
2.70606e-05
2.55291e-05
2.40863e-05
2.28378e-05
2.17485e-05
2.07051e-05
1.9586e-05
1.83277e-05
1.70086e-05
1.58542e-05
1.50916e-05
1.46197e-05
1.38263e-05
1.19029e-05
8.53405e-06
4.57142e-06
1.58632e-06
1.06005e-07
0
0
3.66109e-07
1.10504e-06
2.91191e-06
4.94301e-06
1.19266e-05
1.80797e-05
6.74095e-05
2.60292e-05
1.08797e-06
0
0
0
0
0
0
0
0
0
0
0
0
0
0
0
0
5.24882e-07
1.93534e-06
3.46196e-06
5.05818e-06
6.67013e-06
8.2379e-06
9.69604e-06
1.09734e-05
1.19907e-05
1.26544e-05
1.28422e-05
1.23757e-05
1.09655e-05
8.1229e-06
3.20192e-06
0
0
0
0
0
0
0
0
0
0
0
2.13998e-06
4.21201e-06
6.00112e-06
7.43216e-06
8.47534e-06
9.1511e-06
9.51028e-06
9.60614e-06
9.49384e-06
9.25371e-06
8.99404e-06
8.82214e-06
8.80644e-06
8.95556e-06
9.21251e-06
9.46759e-06
9.59594e-06
9.5158e-06
9.26514e-06
9.15155e-06
9.88197e-06
1.21295e-05
1.57593e-05
1.99887e-05
2.39402e-05
2.69212e-05
2.85524e-05
2.88104e-05
2.7977e-05
2.65029e-05
2.48315e-05
2.32601e-05
2.19017e-05
2.07273e-05
1.96324e-05
1.8509e-05
1.72942e-05
1.6076e-05
1.50547e-05
1.43892e-05
1.38902e-05
1.28997e-05
1.06617e-05
7.08972e-06
3.38934e-06
1.06089e-06
1.49389e-07
2.86666e-08
2.32036e-07
8.55987e-07
1.57924e-06
3.23293e-06
4.92261e-06
1.10778e-05
1.6373e-05
5.97219e-05
3.18575e-05
2.36956e-06
1.84616e-07
0
0
0
0
0
0
0
0
0
0
0
0
0
0
0
7.5433e-07
1.95436e-06
3.26194e-06
4.63882e-06
6.04129e-06
7.42128e-06
8.72717e-06
9.90436e-06
1.08943e-05
1.16311e-05
1.20316e-05
1.19729e-05
1.12407e-05
9.3666e-06
5.29682e-06
0
0
0
0
0
0
0
0
0
0
1.5846e-08
1.63196e-06
3.14679e-06
4.55432e-06
5.8621e-06
7.0642e-06
8.10461e-06
8.87066e-06
9.25327e-06
9.24598e-06
8.98212e-06
8.66601e-06
8.47754e-06
8.51626e-06
8.79434e-06
9.23837e-06
9.69553e-06
9.96591e-06
9.88114e-06
9.4225e-06
8.93328e-06
9.32241e-06
1.14763e-05
1.51638e-05
1.94362e-05
2.33722e-05
2.62957e-05
2.78436e-05
2.79918e-05
2.70206e-05
2.53971e-05
2.35933e-05
2.19257e-05
2.05116e-05
1.93225e-05
1.82563e-05
1.72143e-05
1.61417e-05
1.51079e-05
1.4271e-05
1.37132e-05
1.31657e-05
1.19544e-05
9.41592e-06
5.70865e-06
2.31932e-06
5.48738e-07
1.31583e-08
2.74379e-08
2.56999e-07
8.67194e-07
1.56466e-06
3.08463e-06
4.51568e-06
9.83934e-06
1.43463e-05
5.21091e-05
3.48177e-05
3.53332e-06
1.30063e-06
4.80504e-07
1.2693e-08
0
0
0
0
0
0
0
0
0
0
0
0
0
8.42986e-07
1.84507e-06
2.94668e-06
4.11668e-06
5.31994e-06
6.51834e-06
7.67196e-06
8.74033e-06
9.68309e-06
1.04593e-05
1.10268e-05
1.13298e-05
1.12891e-05
1.07097e-05
8.57259e-06
2.38702e-07
0
0
0
0
0
0
0
0
0
7.54368e-08
1.26355e-06
2.52251e-06
3.87236e-06
5.29497e-06
6.70172e-06
7.9188e-06
8.72644e-06
8.97541e-06
8.71962e-06
8.21132e-06
7.74329e-06
7.51932e-06
7.62338e-06
8.05106e-06
8.72168e-06
9.46688e-06
1.0039e-05
1.01892e-05
9.80174e-06
9.13711e-06
9.12574e-06
1.08971e-05
1.43612e-05
1.84869e-05
2.23018e-05
2.5135e-05
2.66284e-05
2.67373e-05
2.57184e-05
2.4047e-05
2.22269e-05
2.05903e-05
1.92475e-05
1.81599e-05
1.72223e-05
1.63439e-05
1.5498e-05
1.47353e-05
1.41612e-05
1.37672e-05
1.32261e-05
1.19257e-05
9.29237e-06
5.46004e-06
1.9578e-06
1.14779e-07
0
0
0
0
2.67839e-07
1.50128e-06
2.58859e-06
7.07049e-06
1.10661e-05
4.45645e-05
3.49934e-05
4.92986e-06
2.63473e-06
1.79328e-06
1.31379e-06
8.7821e-07
4.44682e-07
2.89265e-08
0
0
0
0
0
0
0
0
0
2.69219e-07
9.66199e-07
1.77747e-06
2.68259e-06
3.65635e-06
4.67045e-06
5.69464e-06
6.69814e-06
7.6513e-06
8.52742e-06
9.30426e-06
9.97002e-06
1.05223e-05
1.09926e-05
1.15509e-05
1.1681e-05
2.37479e-06
0
0
0
0
0
0
0
0
0
1.08617e-07
1.16125e-06
2.34811e-06
3.65904e-06
5.04423e-06
6.38467e-06
7.47331e-06
8.05551e-06
7.98313e-06
7.40156e-06
6.68324e-06
6.15374e-06
5.97285e-06
6.17081e-06
6.72487e-06
7.57369e-06
8.57794e-06
9.48763e-06
1.00046e-05
9.91726e-06
9.35374e-06
9.10682e-06
1.03841e-05
1.33839e-05
1.71524e-05
2.07002e-05
2.33649e-05
2.47929e-05
2.49013e-05
2.38846e-05
2.21997e-05
2.03822e-05
1.87797e-05
1.7485e-05
1.64339e-05
1.55118e-05
1.46248e-05
1.37526e-05
1.29156e-05
1.21211e-05
1.12523e-05
1.00569e-05
8.32303e-06
6.11342e-06
3.79163e-06
1.55108e-06
0
0
0
0
0
0
0
0
5.89999e-07
3.57271e-06
2.8148e-05
3.01323e-05
6.07841e-06
3.74604e-06
2.89149e-06
2.40495e-06
1.95513e-06
1.49979e-06
1.05277e-06
6.30638e-07
2.46237e-07
0
0
0
0
0
0
0
3.04339e-07
8.34573e-07
1.47091e-06
2.19625e-06
2.99e-06
3.82904e-06
4.68889e-06
5.54517e-06
6.3753e-06
7.16035e-06
7.88734e-06
8.55477e-06
9.17508e-06
9.78758e-06
1.048e-05
1.01668e-05
0
0
0
0
0
0
0
0
0
0
1.12869e-07
1.0247e-06
2.03079e-06
3.13167e-06
4.29679e-06
5.42486e-06
6.3052e-06
6.6452e-06
6.28876e-06
5.49984e-06
4.7467e-06
4.30133e-06
4.2225e-06
4.47361e-06
5.03121e-06
5.89019e-06
6.98846e-06
8.12374e-06
8.98514e-06
9.28413e-06
9.01322e-06
8.75922e-06
9.59817e-06
1.19424e-05
1.50647e-05
1.8057e-05
2.03093e-05
2.14991e-05
2.15109e-05
2.0434e-05
1.86231e-05
1.6591e-05
1.46718e-05
1.29326e-05
1.12956e-05
9.70233e-06
8.15923e-06
6.72835e-06
5.46612e-06
4.37808e-06
3.41903e-06
2.53882e-06
1.73088e-06
1.03191e-06
4.80369e-07
7.7353e-08
0
0
0
0
0
0
0
0
0
0
2.26076e-06
1.18369e-05
7.50723e-06
5.12633e-06
4.24398e-06
3.73422e-06
3.25682e-06
2.7694e-06
2.28372e-06
1.81438e-06
1.37268e-06
9.72066e-07
6.2766e-07
3.54634e-07
1.69247e-07
8.36753e-08
1.0512e-07
2.42719e-07
4.98244e-07
8.65315e-07
1.33376e-06
1.88971e-06
2.51593e-06
3.1929e-06
3.90013e-06
4.61742e-06
5.32618e-06
6.01086e-06
6.66048e-06
7.26984e-06
7.83553e-06
8.33344e-06
8.55291e-06
7.20061e-06
1.32872e-06
0
0
0
0
0
0
0
0
0
5.66731e-08
7.02222e-07
1.42449e-06
2.24449e-06
3.15662e-06
4.08229e-06
4.8145e-06
5.00537e-06
4.4681e-06
3.64356e-06
3.07001e-06
2.81265e-06
2.77751e-06
2.90586e-06
3.2455e-06
3.88986e-06
4.86155e-06
6.02939e-06
7.10113e-06
7.73929e-06
7.81918e-06
7.72192e-06
8.27782e-06
9.91302e-06
1.21283e-05
1.41792e-05
1.5556e-05
1.59965e-05
1.54013e-05
1.38463e-05
1.1693e-05
9.49267e-06
7.59819e-06
6.08786e-06
4.90099e-06
3.97806e-06
3.27298e-06
2.73856e-06
2.32847e-06
1.99904e-06
1.70582e-06
1.40365e-06
1.0634e-06
6.90569e-07
3.22231e-07
0
0
0
0
0
0
0
0
0
0
0
0
0
8.55252e-06
6.14923e-06
5.24163e-06
4.7053e-06
4.18961e-06
3.65226e-06
3.10351e-06
2.55676e-06
2.02335e-06
1.51815e-06
1.05888e-06
6.66157e-07
3.57564e-07
1.4233e-07
2.8837e-08
2.60087e-08
1.36483e-07
3.56149e-07
6.76512e-07
1.08509e-06
1.5661e-06
2.10167e-06
2.6728e-06
3.26044e-06
3.84622e-06
4.41292e-06
4.94401e-06
5.42067e-06
5.81006e-06
6.0266e-06
5.81153e-06
4.53523e-06
1.85226e-06
0
0
0
0
0
0
0
0
0
0
3.61621e-07
8.28629e-07
1.40502e-06
2.0971e-06
2.85536e-06
3.53144e-06
3.86809e-06
3.87845e-06
3.39728e-06
2.52014e-06
1.83142e-06
1.44702e-06
1.29129e-06
1.33277e-06
1.66614e-06
2.38023e-06
3.4046e-06
4.53529e-06
5.43275e-06
5.8694e-06
6.04329e-06
6.53896e-06
7.67589e-06
9.11516e-06
1.0339e-05
1.10386e-05
1.11418e-05
1.07439e-05
1.00524e-05
9.2633e-06
8.38829e-06
7.40638e-06
6.42023e-06
5.5114e-06
4.70689e-06
4.00802e-06
3.40446e-06
2.88233e-06
2.42649e-06
2.01191e-06
1.59338e-06
1.12427e-06
5.95927e-07
5.09876e-08
0
0
0
0
0
0
0
0
0
0
0
0
0
9.86094e-06
7.46059e-06
6.54828e-06
6.00514e-06
5.4764e-06
4.91908e-06
4.33992e-06
3.74888e-06
3.15411e-06
2.56961e-06
2.01091e-06
1.49514e-06
1.03303e-06
6.57313e-07
3.90341e-07
2.36271e-07
1.96768e-07
2.69919e-07
4.47985e-07
7.18427e-07
1.06543e-06
1.4712e-06
1.91688e-06
2.38345e-06
2.85243e-06
3.30594e-06
3.72574e-06
4.08982e-06
4.36259e-06
4.47171e-06
4.26852e-06
3.53955e-06
2.28842e-06
1.04103e-06
2.30746e-07
0
0
0
0
0
0
0
0
1.08432e-07
3.85009e-07
7.31176e-07
1.15919e-06
1.87287e-06
3.45075e-06
4.60083e-06
2.49591e-06
1.02695e-06
4.54097e-07
4.22065e-07
5.98459e-07
4.63382e-07
6.09148e-07
6.65378e-07
8.02679e-07
1.18363e-06
1.73808e-06
2.42197e-06
3.08921e-06
3.76206e-06
4.68781e-06
5.99638e-06
7.49434e-06
8.97832e-06
1.04549e-05
1.17867e-05
1.18561e-05
1.02672e-05
8.55905e-06
7.41298e-06
6.67481e-06
6.14067e-06
5.67465e-06
5.19872e-06
4.68263e-06
4.13236e-06
3.57287e-06
3.02793e-06
2.49037e-06
1.89727e-06
1.15203e-06
1.89077e-07
0
0
0
0
0
0
0
0
0
0
0
0
0
0
1.03881e-05
8.05275e-06
7.12684e-06
6.54725e-06
5.96225e-06
5.32906e-06
4.65141e-06
3.93673e-06
3.19325e-06
2.44775e-06
1.7298e-06
1.06999e-06
4.55679e-07
0
0
0
0
0
0
0
0
0
2.37219e-07
6.24392e-07
1.01006e-06
1.37548e-06
1.70238e-06
1.97131e-06
2.15786e-06
2.227e-06
2.13184e-06
1.83805e-06
1.38667e-06
9.11127e-07
5.26061e-07
2.53184e-07
6.94075e-08
0
0
0
0
0
0
0
0
0
0
3.31965e-07
3.3607e-07
1.76286e-07
2.33487e-07
8.8216e-08
0
0
1.20909e-07
8.0988e-07
1.81563e-06
2.67432e-06
3.01989e-06
2.75722e-06
2.069e-06
9.8235e-07
1.58626e-06
1.56054e-06
2.00436e-06
3.26164e-06
4.4131e-06
4.08207e-06
2.50558e-06
1.42041e-06
8.94971e-07
6.46509e-07
5.17641e-07
4.41195e-07
3.80819e-07
3.23964e-07
2.70549e-07
2.23833e-07
1.86191e-07
1.57202e-07
1.33965e-07
1.13373e-07
9.22729e-08
6.61719e-08
3.03435e-08
0
0
0
0
0
0
0
0
0
0
0
0
0
0
0
1.03698e-05
8.35602e-06
7.58917e-06
7.12719e-06
6.64905e-06
6.11057e-06
5.50557e-06
4.82759e-06
4.07182e-06
3.25693e-06
2.39325e-06
1.52762e-06
7.30126e-07
3.65562e-08
0
0
0
0
0
0
0
0
0
0
2.54576e-07
5.44817e-07
8.0504e-07
1.02295e-06
1.18484e-06
1.27365e-06
1.27039e-06
1.16481e-06
9.74355e-07
7.48362e-07
5.40247e-07
3.761e-07
2.56552e-07
1.70071e-07
9.71944e-08
7.5188e-09
0
0
0
0
0
0
0
0
0
0
0
0
0
0
0
0
5.98335e-06
1.10429e-05
1.26908e-05
1.16361e-05
9.32974e-06
6.80759e-06
4.62353e-06
2.9151e-06
1.70944e-06
9.35385e-07
5.12821e-07
3.54916e-07
2.77016e-07
2.02894e-07
1.41074e-07
1.05242e-07
9.92528e-08
1.13208e-07
1.26484e-07
1.24141e-07
1.03844e-07
7.59947e-08
5.76472e-08
5.49816e-08
5.50959e-08
4.95062e-08
3.88796e-08
2.68113e-08
1.62805e-08
8.30016e-09
2.21603e-09
0
0
0
0
0
0
0
0
0
0
0
0
0
8.66824e-06
7.06484e-06
6.41328e-06
5.99159e-06
5.53557e-06
5.00198e-06
4.37335e-06
3.62668e-06
2.76848e-06
1.86872e-06
9.73553e-07
0
0
0
0
0
0
0
0
0
0
0
0
0
0
0
4.11902e-07
8.79351e-07
1.35515e-06
1.82553e-06
2.24981e-06
2.55569e-06
2.66238e-06
2.5374e-06
2.22456e-06
1.82408e-06
1.41104e-06
9.96515e-07
5.47292e-07
0
0
0
0
0
0
0
0
0
0
0
0
0
0
0
0
0
9.86308e-06
2.83659e-05
3.77114e-05
3.80824e-05
3.35961e-05
2.71999e-05
2.07026e-05
1.47518e-05
9.06004e-06
3.68852e-06
9.11422e-07
3.57941e-07
2.54565e-07
2.03645e-07
1.85052e-07
1.96397e-07
2.24601e-07
2.54331e-07
2.73429e-07
2.76157e-07
2.63358e-07
2.39727e-07
2.10278e-07
1.78467e-07
1.46263e-07
1.15041e-07
8.61376e-08
6.07892e-08
3.97745e-08
2.31728e-08
1.05086e-08
1.02655e-09
0
0
0
0
0
0
0
0
0
0
0
0
0
0
0
0
0
0
0
0
0
0
0
0
0
9.95135e-07
3.80347e-06
6.10313e-06
7.76582e-06
8.86199e-06
9.53174e-06
9.91141e-06
1.01062e-05
1.01886e-05
1.0205e-05
1.01832e-05
1.01384e-05
1.00785e-05
1.00072e-05
9.92714e-06
9.84073e-06
9.74954e-06
9.64623e-06
9.50957e-06
9.21656e-06
8.72888e-06
6.36931e-06
8.48779e-06
7.72336e-06
2.6352e-06
0
0
0
0
0
0
0
0
0
0
0
0
0
0
0
0
3.81326e-07
3.68382e-06
2.95093e-06
3.84387e-06
8.22082e-06
1.43173e-05
2.06e-05
2.57689e-05
2.93007e-05
3.10372e-05
2.97613e-05
2.1168e-05
6.12144e-06
0
0
0
0
0
5.5496e-08
5.63355e-07
8.84308e-07
1.02919e-06
1.03648e-06
9.57263e-07
8.4e-07
7.20628e-07
6.19099e-07
5.41117e-07
4.82688e-07
4.35315e-07
3.90514e-07
3.42826e-07
2.91079e-07
2.37684e-07
1.86989e-07
1.42857e-07
1.079e-07
8.21125e-08
6.5212e-08
5.43745e-08
4.96118e-08
4.76582e-08
4.7535e-08
6.10439e-08
1.46182e-08
0
0
0
0
0
0
0
0
0
0
0
0
0
0
0
0
0
0
1.36914e-08
2.78701e-07
5.7046e-07
8.77117e-07
1.18388e-06
1.47421e-06
1.73131e-06
1.93984e-06
2.08751e-06
2.16622e-06
2.17268e-06
2.10827e-06
1.97836e-06
1.79109e-06
1.55554e-06
1.2793e-06
9.64281e-07
6.02647e-07
1.70585e-07
0
0
0
0
0
0
0
0
0
0
0
0
0
0
0
0
0
0
4.05726e-06
6.61464e-06
3.61794e-06
7.96166e-07
9.88055e-07
2.35326e-06
4.15913e-06
5.95115e-06
7.27179e-06
7.54368e-06
6.41067e-06
4.2547e-06
2.01429e-06
3.79623e-07
0
0
0
0
1.02087e-07
5.36179e-07
9.03701e-07
1.17477e-06
1.34503e-06
1.43006e-06
1.45935e-06
1.46866e-06
1.49049e-06
1.54545e-06
1.63714e-06
1.75261e-06
1.86827e-06
1.95867e-06
2.00481e-06
1.99895e-06
1.94552e-06
1.85795e-06
1.75484e-06
1.65469e-06
1.57358e-06
1.52209e-06
1.50572e-06
1.52538e-06
1.58644e-06
1.6606e-06
1.87124e-06
1.62974e-06
0
0
0
0
0
0
0
0
0
0
0
0
0
0
0
0
0
0
0
0
0
0
0
0
0
0
0
0
0
0
0
0
0
0
0
0
0
0
0
0
0
0
0
0
0
0
0
0
0
0
0
0
0
4.52106e-06
1.22986e-05
1.34536e-05
5.25266e-06
0
0
0
0
0
1.72864e-06
3.04025e-06
3.37316e-06
2.95202e-06
2.22722e-06
1.50542e-06
9.08913e-07
4.60798e-07
1.77531e-07
6.87407e-08
9.44341e-08
1.96609e-07
3.30663e-07
4.64583e-07
5.78759e-07
6.64899e-07
7.23065e-07
7.58007e-07
7.75899e-07
7.82068e-07
7.79883e-07
7.70696e-07
7.54528e-07
7.31037e-07
7.00395e-07
6.63725e-07
6.23177e-07
5.81468e-07
5.41495e-07
5.05539e-07
4.75341e-07
4.51338e-07
4.33955e-07
4.217e-07
4.17877e-07
4.12861e-07
4.42997e-07
4.52161e-07
0
0
0
0
0
0
0
0
0
0
0
0
0
0
0
0
0
0
0
0
0
0
0
0
0
0
0
0
0
0
0
0
0
0
0
0
0
0
0
0
0
0
0
0
0
0
0
0
0
0
0
0
3.86686e-06
2.09039e-05
4.01503e-05
4.23331e-05
1.03073e-05
0
0
0
0
0
0
3.05682e-06
3.24055e-06
2.50282e-06
1.72462e-06
1.10847e-06
6.55405e-07
3.36641e-07
1.44755e-07
7.74457e-08
1.07502e-07
1.95076e-07
3.05346e-07
4.11341e-07
4.96323e-07
5.53603e-07
5.83914e-07
5.92085e-07
5.84216e-07
5.65878e-07
5.41277e-07
5.13158e-07
4.83131e-07
4.52141e-07
4.20891e-07
3.90078e-07
3.60507e-07
3.32958e-07
3.08163e-07
2.86503e-07
2.68263e-07
2.53135e-07
2.41338e-07
2.31607e-07
2.27064e-07
2.1955e-07
2.39837e-07
2.57879e-07
0
0
0
0
0
0
0
0
0
0
0
0
0
0
0
0
0
0
0
0
0
0
0
0
0
0
0
0
0
0
0
0
0
0
0
0
0
0
0
0
0
0
0
2.20597e-07
1.77761e-07
6.9048e-07
0
0
0
0
0
1.38545e-06
1.95961e-05
7.32897e-05
0.000152145
0.000149191
4.19181e-05
0
0
0
0
0
0
2.84389e-06
2.79188e-06
1.92726e-06
1.17815e-06
6.55798e-07
3.17868e-07
1.179e-07
3.01639e-08
3.4705e-08
1.02329e-07
2.01257e-07
3.05533e-07
3.96143e-07
4.62631e-07
5.02406e-07
5.18226e-07
5.15446e-07
4.99891e-07
4.76603e-07
4.49325e-07
4.20516e-07
3.9163e-07
3.63473e-07
3.36528e-07
3.11145e-07
2.87648e-07
2.66295e-07
2.47299e-07
2.30658e-07
2.16369e-07
2.04095e-07
1.93963e-07
1.85155e-07
1.79909e-07
1.72997e-07
1.92204e-07
2.13009e-07
1.81588e-05
3.55778e-05
2.35645e-05
7.01663e-06
0
1.27127e-06
7.84552e-06
8.10479e-06
7.98092e-07
0
0
0
0
0
0
0
0
0
0
7.79419e-07
2.097e-06
2.3577e-06
0
0
0
0
0
0
0
0
0
6.12627e-06
9.40818e-05
0.000133762
5.52739e-05
1.17804e-05
4.27283e-06
0
0
1.00746e-06
1.67274e-06
9.75506e-07
0
0
0
0
0
0
0
0
0
0
0
0
0
0
0
0
0
0
0
0
0
0
0
1.5907e-07
3.11099e-07
2.91485e-07
1.69956e-07
3.21349e-08
0
0
0
0
0
0
0
0
0
0
0
0
0
0
0
0
0
0
0
0
3.10082e-07
6.06649e-07
8.82304e-07
1.10867e-06
1.23237e-06
1.21089e-06
1.03878e-06
7.72189e-07
4.76644e-07
2.97737e-07
5.95343e-06
2.3285e-05
3.6995e-05
2.47443e-05
1.71458e-05
3.18294e-05
4.22231e-05
2.50117e-05
0
0
0
0
0
0
0
0
0
0
5.23396e-07
1.97989e-06
3.43159e-06
4.26661e-06
3.69825e-06
1.12291e-06
0
0
0
0
0
0
0
2.87464e-05
1.90725e-05
8.78553e-06
5.1836e-06
4.98558e-06
5.44678e-06
4.84335e-06
4.82002e-06
5.68224e-06
5.19432e-06
2.49352e-06
0
0
0
0
0
0
0
0
0
0
0
0
0
0
0
0
0
0
0
0
0
0
0
1.84801e-07
3.95675e-07
3.46829e-07
1.82692e-07
2.51568e-08
0
0
0
0
0
0
0
0
0
0
0
0
0
0
0
0
0
0
0
0
1.67621e-07
3.40533e-07
5.10334e-07
6.71081e-07
7.85827e-07
8.11524e-07
7.20168e-07
5.45877e-07
3.24946e-07
1.88532e-07
1.62555e-06
7.37825e-06
3.47097e-05
2.90943e-05
3.60499e-05
6.40635e-05
6.6013e-05
1.96489e-05
0
0
0
0
0
0
0
0
0
0
8.85124e-07
1.86599e-06
2.65609e-06
3.19775e-06
3.17746e-06
2.43238e-06
1.11613e-06
0
0
0
0
0
0
2.5487e-06
1.13555e-06
2.83934e-07
2.8733e-08
3.61849e-07
2.51793e-06
7.90714e-06
1.84984e-05
3.20368e-05
3.55617e-05
1.76685e-05
0
0
0
0
0
0
0
0
0
0
0
0
0
0
0
0
0
0
0
0
0
0
0
0
1.8943e-07
7.0885e-08
5.31726e-08
3.17799e-09
0
0
0
0
0
0
0
0
0
0
0
0
0
0
0
0
0
0
0
0
0
0
1.70583e-08
5.98941e-08
9.79565e-08
1.13425e-07
9.72475e-08
6.96641e-08
3.44347e-08
2.70881e-08
0
0
3.16559e-06
3.49608e-05
3.4162e-05
4.21488e-05
5.63684e-05
3.35079e-05
0
0
0
0
0
0
0
0
4.7923e-07
3.05099e-06
2.92763e-06
1.50561e-07
0
0
0
0
0
0
1.6041e-07
6.05915e-07
5.0018e-07
0
0
7.54607e-06
3.55673e-06
1.08442e-06
2.58397e-07
2.31895e-07
3.41204e-06
1.39998e-05
2.94817e-05
3.21806e-05
1.62725e-05
0
0
0
0
0
0
0
0
0
0
0
0
0
0
0
0
0
0
0
0
0
0
0
0
0
0
0
0
0
0
0
0
0
0
0
0
0
0
0
0
0
0
0
0
0
0
0
0
0
0
0
0
5.90334e-08
0
0
0
0
0
0
0
0
0
2.03544e-05
2.12999e-05
2.18959e-05
2.42417e-05
1.75149e-05
1.41006e-06
0
0
0
0
0
0
4.27461e-06
9.06856e-06
1.15648e-05
8.74481e-06
0
0
0
0
0
0
0
0
0
0
0
0
6.41e-06
4.92105e-06
2.41253e-06
1.73056e-06
2.65844e-06
6.59382e-06
1.00431e-05
4.01344e-06
0
0
1.74324e-07
9.60205e-06
1.08227e-05
8.20575e-06
6.57686e-06
5.71728e-06
3.35603e-06
6.68222e-08
0
0
0
0
0
0
0
0
0
0
0
0
0
0
0
0
0
0
0
0
0
0
0
0
0
0
0
0
0
0
0
0
0
0
0
0
0
0
0
7.72073e-07
6.044e-06
1.08065e-05
1.54897e-05
1.99488e-05
2.36711e-05
2.13662e-05
9.15169e-07
0
1.04514e-05
1.26398e-05
1.19608e-05
0
0
0
9.59193e-06
1.03385e-05
8.5598e-06
4.19855e-06
0
4.37922e-06
3.64556e-06
0
0
0
1.48528e-06
4.35234e-06
7.29918e-06
1.00599e-05
1.26883e-05
1.27628e-05
0
0
0
9.35285e-07
3.07362e-07
0
0
0
0
0
0
0
2.04233e-06
4.33101e-06
3.16374e-06
3.11783e-06
4.63735e-06
4.67779e-06
3.51405e-07
0
0
0
7.15502e-06
2.21385e-05
2.52287e-05
2.16565e-05
1.85289e-05
1.5774e-05
1.01613e-05
3.40759e-06
0
0
0
0
0
0
0
0
0
0
0
0
0
0
0
0
0
0
0
0
0
0
0
0
0
0
0
0
0
0
0
0
0
0
0
0
4.7237e-06
1.89736e-05
2.72981e-05
2.52288e-05
1.52393e-05
3.83608e-06
0
0
0
0
0
8.02365e-06
1.79273e-05
1.556e-05
6.33991e-06
0
0
0
3.14111e-06
4.19965e-06
3.19336e-06
5.08839e-07
0
3.75056e-06
3.52645e-06
1.63243e-06
1.17001e-06
1.36945e-06
1.29378e-06
9.50982e-07
9.83859e-08
0
0
0
0
7.34931e-06
9.74359e-06
8.68115e-06
6.64648e-06
3.14276e-06
0
0
0
0
0
0
0
2.43528e-06
2.80185e-06
3.13647e-06
4.36781e-06
4.38262e-06
1.64746e-06
0
0
1.30074e-07
1.53977e-05
2.9629e-05
3.30101e-05
3.04773e-05
2.85426e-05
2.4949e-05
1.61928e-05
6.77438e-06
1.06001e-06
0
0
0
0
0
0
0
0
0
0
0
0
0
0
0
0
0
0
0
0
0
0
0
0
0
0
0
0
0
0
0
0
0
0
0
0
5.01246e-06
1.34615e-05
1.44687e-05
7.54553e-06
0
0
0
0
1.68591e-06
6.77972e-06
1.25324e-05
1.66419e-05
9.72863e-07
0
0
0
0
0
1.64128e-06
1.19042e-06
0
9.75109e-08
2.30068e-06
2.13895e-06
1.5632e-06
1.19779e-06
4.55243e-07
0
0
0
0
0
0
0
4.02055e-06
6.63871e-06
6.31782e-06
5.5385e-06
3.65662e-06
6.73402e-07
0
0
0
0
0
0
1.13788e-07
1.27201e-06
1.49401e-06
2.88919e-06
6.0543e-06
8.23095e-06
9.14385e-06
1.2332e-05
1.8278e-05
2.73302e-05
3.37039e-05
3.38432e-05
3.3332e-05
3.49464e-05
3.11068e-05
1.92587e-05
8.79052e-06
3.81207e-06
1.6242e-06
4.66519e-07
0
0
0
0
0
0
0
0
0
0
0
0
0
0
0
0
0
0
0
0
0
0
0
0
0
0
0
0
0
0
0
0
0
0
6.76933e-07
8.89539e-06
1.30471e-05
9.74747e-06
1.77296e-06
0
0
0
0
4.38802e-06
1.32506e-05
1.81014e-05
0
0
0
0
0
0
5.19165e-07
0
0
0
8.72269e-07
8.67086e-07
6.02553e-07
5.64105e-08
0
0
0
0
0
9.07562e-07
1.72069e-06
9.02424e-07
0
0
3.8212e-07
1.88261e-06
2.35076e-06
1.01181e-06
0
0
6.476e-08
0
0
0
0
0
0
2.44198e-07
7.37162e-06
1.55318e-05
2.42611e-05
3.42473e-05
4.21535e-05
4.4472e-05
3.87192e-05
3.18497e-05
3.31086e-05
3.86596e-05
3.31895e-05
1.82624e-05
9.50234e-06
7.1156e-06
5.00844e-06
3.13537e-06
1.81634e-06
1.65208e-07
0
0
0
0
0
0
0
0
0
0
0
0
0
0
0
0
0
0
0
0
0
0
0
0
0
0
0
0
0
0
0
0
7.09749e-07
6.93239e-06
1.06346e-05
9.10481e-06
3.40713e-06
0
0
0
0
2.51231e-06
1.25752e-05
1.75249e-05
0
0
0
0
0
0
0
0
0
0
0
0
0
0
0
0
1.07831e-06
3.2738e-06
6.89057e-06
1.20193e-05
1.48016e-05
7.34056e-06
0
0
0
0
1.00758e-06
1.08224e-06
2.53896e-07
7.55284e-07
1.77011e-06
2.35009e-07
0
0
0
0
0
0
7.35538e-06
2.16467e-05
3.66945e-05
5.43229e-05
6.76536e-05
6.60512e-05
4.67088e-05
3.10121e-05
3.41582e-05
4.09141e-05
3.00529e-05
1.32968e-05
1.04017e-05
1.11041e-05
8.43319e-06
5.84718e-06
4.22895e-06
2.21304e-06
0
0
0
0
0
0
0
0
0
0
0
0
0
0
0
0
0
0
0
0
0
0
0
0
0
0
0
0
0
0
0
0
0
4.01826e-06
7.65543e-06
7.76685e-06
4.34467e-06
0
0
0
0
2.84056e-06
1.25943e-05
1.72125e-05
0
0
0
0
0
0
0
0
0
0
0
0
0
0
0
0
1.64746e-06
5.63528e-06
1.19382e-05
2.10353e-05
2.80892e-05
1.53346e-05
0
0
0
0
3.53977e-07
1.26299e-06
8.68413e-07
1.76314e-06
2.79209e-06
2.01177e-06
0
0
0
0
0
0
5.11789e-06
2.61256e-05
4.53065e-05
6.87554e-05
8.91634e-05
8.84922e-05
5.86481e-05
3.57711e-05
3.91693e-05
4.03199e-05
2.00539e-05
6.62702e-06
1.34074e-05
1.52735e-05
1.13845e-05
8.42333e-06
6.72451e-06
4.41804e-06
1.58956e-06
0
0
0
0
0
0
0
0
0
0
0
0
0
0
0
0
0
0
0
0
0
0
0
0
0
0
0
0
0
0
0
5.26868e-07
4.01436e-06
6.86466e-06
7.26553e-06
4.77515e-06
8.31262e-07
0
0
0
2.00946e-06
1.15789e-05
1.58538e-05
0
0
0
0
0
0
0
0
0
0
0
0
0
0
0
0
1.06464e-06
6.40008e-06
1.47019e-05
2.74529e-05
4.19937e-05
2.78515e-05
0
0
0
0
4.76146e-07
1.55849e-06
1.39453e-06
2.92606e-06
3.83627e-06
2.96806e-06
4.44077e-07
0
0
0
0
0
0
2.85167e-05
5.15398e-05
7.65507e-05
0.000100976
0.000103584
7.17723e-05
4.67976e-05
4.51682e-05
3.23834e-05
2.68466e-06
3.40453e-06
1.8754e-05
1.86751e-05
1.36307e-05
1.08622e-05
9.22526e-06
6.73918e-06
3.95205e-06
1.60647e-06
0
0
0
0
0
0
0
0
0
0
0
0
0
0
0
0
0
0
0
0
0
0
0
0
0
0
0
0
0
0
9.05981e-07
3.49561e-06
5.77383e-06
6.38225e-06
4.69616e-06
1.48143e-06
0
0
0
1.96596e-06
1.15386e-05
1.58392e-05
0
0
0
2.95979e-06
1.40299e-06
0
0
0
0
0
0
0
0
0
0
0
0
5.77235e-06
1.55126e-05
3.12065e-05
5.51259e-05
5.03578e-05
0
0
0
0
1.1387e-06
1.70436e-06
1.87837e-06
4.29271e-06
4.95129e-06
3.46306e-06
1.39539e-06
0
0
0
0
0
0
2.68723e-05
5.74604e-05
8.13294e-05
0.000103619
0.000106943
8.05367e-05
5.73143e-05
4.45903e-05
1.09692e-05
0
8.39952e-06
2.42918e-05
2.07049e-05
1.53101e-05
1.32467e-05
1.16981e-05
9.16018e-06
6.4832e-06
4.15922e-06
2.14357e-06
3.43752e-07
0
0
0
0
0
0
0
0
0
0
0
0
0
0
0
0
0
0
0
0
0
0
0
0
0
0
0
4.59555e-07
2.13727e-06
4.08433e-06
5.7287e-06
6.10368e-06
4.62948e-06
1.714e-06
0
0
0
1.55782e-06
1.10283e-05
1.54082e-05
0
0
2.20975e-06
7.95985e-07
0
0
0
0
0
0
0
0
0
0
0
0
0
3.95114e-06
1.47167e-05
3.24088e-05
6.44384e-05
8.88404e-05
0
0
0
0
1.78576e-06
1.34824e-06
2.56342e-06
5.96259e-06
5.98175e-06
3.72209e-06
1.92351e-06
0
0
0
0
0
0
1.83818e-05
6.24427e-05
8.92402e-05
0.000106531
0.00010709
8.55237e-05
6.14649e-05
2.96941e-05
0
0
1.92607e-05
2.78526e-05
2.14717e-05
1.68092e-05
1.56664e-05
1.41684e-05
1.16587e-05
9.03593e-06
6.61761e-06
4.41102e-06
2.41542e-06
6.3674e-07
0
0
0
0
0
0
0
0
0
0
0
0
0
0
0
0
0
0
0
0
0
0
0
0
0
0
1.33204e-06
2.81788e-06
4.32438e-06
5.47968e-06
5.63578e-06
4.32306e-06
1.73358e-06
0
0
0
1.51874e-06
1.08759e-05
1.54494e-05
0
0
7.61507e-07
5.81199e-07
0
0
0
0
0
0
0
0
0
0
0
0
0
9.86314e-07
1.24674e-05
3.1268e-05
6.7286e-05
0.000122997
0
0
0
1.32197e-07
1.54688e-06
3.63208e-07
3.90893e-06
7.89161e-06
6.70332e-06
3.73698e-06
2.0918e-06
3.12596e-07
0
0
0
0
0
3.06709e-06
6.10328e-05
0.000102989
0.000120871
0.000117619
9.44033e-05
5.82269e-05
0
0
0
2.90685e-05
2.90837e-05
2.16065e-05
1.85627e-05
1.82234e-05
1.67234e-05
1.42159e-05
1.15145e-05
8.90652e-06
6.49331e-06
4.32941e-06
2.42424e-06
7.38989e-07
0
0
0
0
0
0
0
0
0
0
0
0
0
0
0
0
0
0
0
0
0
0
0
0
9.28818e-07
2.38483e-06
3.80423e-06
5.04443e-06
5.80053e-06
5.64427e-06
4.24166e-06
1.70399e-06
0
0
0
1.30189e-06
1.0478e-05
1.52259e-05
0
0
)
;

boundaryField
{
    outlet
    {
        type            zeroGradient;
    }
    inlet
    {
        type            zeroGradient;
    }
    lowerWall
    {
        type            zeroGradient;
    }
    upperWall
    {
        type            zeroGradient;
    }
    frontAndBack
    {
        type            empty;
    }
}


// ************************************************************************* //
