/*--------------------------------*- C++ -*----------------------------------*\
  =========                 |
  \\      /  F ield         | OpenFOAM: The Open Source CFD Toolbox
   \\    /   O peration     | Website:  https://openfoam.org
    \\  /    A nd           | Version:  10
     \\/     M anipulation  |
\*---------------------------------------------------------------------------*/
FoamFile
{
    format      ascii;
    class       volScalarField;
    location    "0.14";
    object      nut;
}
// * * * * * * * * * * * * * * * * * * * * * * * * * * * * * * * * * * * * * //

dimensions      [0 2 -1 0 0 0 0];

internalField   nonuniform List<scalar> 
6820
(
0
0
0
0
0
0
0
0
0
0
0
0
0
0
0
0
0
0
0
0
0
0
0
0
0
0
0
0
0
0
0
0
0
0
0
0
0
0
0
0
0
0
0
0
0
0
0
0
0
0
0
0
0
0
0
0
0
0
0
0
0
0
0
0
0
0
0
0
0
0
0
0
0
0
0
0
0
0
0
0
0
0
0
0
0
0
0
0
0
0
0
0
0
0
0
0
0
0
0
0
0
0
0
0
0
0
0
0
0
0
0
0
0
0
0
0
0
0
0
0
0
0
0
0
0
0
0
0
0
0
0
0
1.67596e-05
0
0
0
0
0
0
0
0
0
0
0
0
0
0
0
0
1.56005e-07
3.80144e-07
5.44551e-07
6.66187e-07
7.58907e-07
8.32932e-07
8.92827e-07
9.30412e-07
9.04296e-07
6.86299e-07
0
0
0
0
0
0
6.23803e-06
5.1993e-05
3.95022e-05
1.69056e-05
3.77688e-06
0
0
0
0
0
0
0
0
0
0
0
0
0
1.34986e-08
3.70576e-08
6.03059e-08
8.34598e-08
1.0539e-07
1.24234e-07
1.34996e-07
1.43207e-07
8.69207e-08
9.5068e-08
1.13254e-07
1.11802e-08
0
0
0
0
1.50147e-05
3.58249e-05
5.0359e-05
4.83467e-05
3.85637e-05
2.48808e-05
7.64381e-06
0
0
0
0
0
0
0
0
0
0
2.32487e-07
8.63884e-07
1.25852e-06
1.49068e-06
1.61159e-06
1.65551e-06
1.64367e-06
1.58705e-06
1.48338e-06
1.31906e-06
1.04509e-06
5.80855e-07
0
0
0
0
9.20448e-06
2.22952e-05
4.21735e-05
5.26386e-05
5.47033e-05
4.87673e-05
1.59737e-05
0
0
0
0
0
0
0
0
0
3.00959e-07
9.20926e-07
1.27379e-06
1.44032e-06
1.47905e-06
1.43195e-06
1.32901e-06
1.19142e-06
1.03455e-06
8.6917e-07
7.05491e-07
5.49076e-07
4.17791e-07
3.05887e-07
2.7519e-07
2.30235e-07
0
6.64569e-06
1.42925e-05
3.06718e-05
4.62336e-05
5.98588e-05
7.37612e-05
1.59332e-05
0
0
0
0
0
0
0
0
8.63923e-08
9.20389e-07
1.39328e-06
1.62108e-06
1.68493e-06
1.64076e-06
1.52758e-06
1.37343e-06
1.19878e-06
1.01882e-06
8.43911e-07
6.82687e-07
5.39583e-07
4.25703e-07
3.40723e-07
3.36194e-07
4.897e-07
0
4.68614e-06
9.20837e-06
2.07014e-05
3.33487e-05
4.29612e-05
4.1719e-05
0
0
0
0
0
0
0
0
0
8.88736e-07
1.72456e-06
2.1628e-06
2.32865e-06
2.31307e-06
2.18048e-06
1.97659e-06
1.7348e-06
1.48015e-06
1.23181e-06
1.00339e-06
8.05157e-07
6.42274e-07
5.21264e-07
4.43779e-07
4.65693e-07
8.03203e-07
0
3.26316e-06
5.85996e-06
1.32217e-05
2.1292e-05
2.5366e-05
2.01949e-05
1.08485e-06
0
0
0
0
0
0
2.68313e-07
1.937e-06
2.95287e-06
3.48548e-06
3.67351e-06
3.62479e-06
3.41994e-06
3.11819e-06
2.7629e-06
2.38641e-06
2.0133e-06
1.66257e-06
1.34827e-06
1.08086e-06
8.66143e-07
7.07788e-07
6.1195e-07
6.65631e-07
1.21133e-06
0
2.24387e-06
3.5985e-06
8.0513e-06
1.27458e-05
1.41229e-05
1.03369e-05
1.58154e-06
0
0
0
0
0
2.80046e-09
1.65544e-06
2.76174e-06
3.41969e-06
3.73244e-06
3.79037e-06
3.66734e-06
3.42183e-06
3.0995e-06
2.73585e-06
2.35881e-06
1.99045e-06
1.64835e-06
1.34604e-06
1.09352e-06
8.97132e-07
7.58356e-07
6.88717e-07
8.0511e-07
1.52196e-06
0
1.54265e-06
2.16951e-06
4.82576e-06
7.625e-06
8.15146e-06
6.03059e-06
2.04827e-06
0
0
0
0
1.09285e-06
2.43539e-06
3.37883e-06
3.94591e-06
4.20337e-06
4.22397e-06
4.07231e-06
3.80183e-06
3.45544e-06
3.06707e-06
2.66349e-06
2.26595e-06
1.89126e-06
1.55259e-06
1.25982e-06
1.01934e-06
8.34573e-07
7.02674e-07
6.33813e-07
7.42065e-07
1.40898e-06
0
1.06336e-06
1.26764e-06
2.80588e-06
4.4791e-06
4.65397e-06
3.40421e-06
1.39027e-06
0
0
0
3.90352e-07
1.42123e-06
2.28019e-06
2.88066e-06
3.22481e-06
3.35128e-06
3.30777e-06
3.13986e-06
2.88701e-06
2.58176e-06
2.25051e-06
1.9145e-06
1.59072e-06
1.29258e-06
1.03028e-06
8.10977e-07
6.38296e-07
5.12976e-07
4.29433e-07
3.92871e-07
4.85835e-07
9.85327e-07
0
7.38593e-07
7.0666e-07
1.57624e-06
2.6135e-06
2.70333e-06
2.02902e-06
1.05837e-06
2.90136e-07
9.8552e-08
4.78729e-07
1.1631e-06
1.87895e-06
2.46159e-06
2.8472e-06
3.03441e-06
3.05167e-06
2.93699e-06
2.72788e-06
2.45728e-06
2.1526e-06
1.83608e-06
1.52546e-06
1.23461e-06
9.74036e-07
7.51107e-07
5.70154e-07
4.32167e-07
3.35327e-07
2.72622e-07
2.4246e-07
2.76492e-07
5.06328e-07
0
5.17174e-07
3.50996e-07
8.06613e-07
1.43842e-06
1.45803e-06
1.04243e-06
5.10757e-07
1.13222e-07
3.65216e-08
2.87872e-07
7.25722e-07
1.18937e-06
1.57136e-06
1.82287e-06
1.93688e-06
1.92987e-06
1.82784e-06
1.65816e-06
1.44593e-06
1.21266e-06
9.76075e-07
7.5033e-07
5.46347e-07
3.72061e-07
2.32588e-07
1.30261e-07
6.4492e-08
3.20357e-08
2.60901e-08
3.80601e-08
3.74323e-08
1.89708e-09
0
3.65443e-07
1.21187e-07
3.17119e-07
6.85798e-07
6.55142e-07
3.79415e-07
8.0523e-08
0
0
9.30891e-08
4.12438e-07
7.47149e-07
1.02415e-06
1.20662e-06
1.28654e-06
1.27425e-06
1.18877e-06
1.05154e-06
8.83005e-07
7.01196e-07
5.21207e-07
3.55031e-07
2.11699e-07
9.7464e-08
1.59653e-08
0
0
0
3.38616e-09
4.79151e-08
2.3499e-09
0
0
2.59727e-07
0
0
1.65503e-07
6.93243e-08
0
0
0
0
0
0
0
1.31502e-07
2.52194e-07
3.07856e-07
3.03806e-07
2.52498e-07
1.69039e-07
6.84606e-08
0
0
0
0
0
0
0
0
0
0
1.00832e-07
3.78948e-08
0
0
1.84455e-07
0
0
0
0
0
0
0
0
0
0
0
0
0
0
0
0
0
0
0
0
0
0
0
0
0
0
5.34655e-08
2.24487e-07
3.875e-07
3.05834e-07
0
0
1.28914e-07
0
0
0
0
0
0
0
0
0
0
0
0
0
0
0
0
0
0
0
0
0
0
0
0
0
7.49614e-08
3.02323e-07
5.51636e-07
7.86624e-07
7.0352e-07
0
0
8.53713e-08
0
0
0
0
0
0
0
0
0
0
0
0
0
0
0
0
0
0
0
0
0
0
0
0
1.72784e-07
4.51512e-07
7.52148e-07
1.07546e-06
1.37882e-06
1.29497e-06
5.38074e-08
0
4.84921e-08
0
0
0
0
0
0
0
0
0
0
0
0
0
0
0
0
0
0
0
0
0
0
0
2.97493e-07
6.29857e-07
9.84506e-07
1.36052e-06
1.75945e-06
2.13244e-06
2.05335e-06
6.28232e-07
0
1.37946e-08
0
0
0
0
0
0
0
0
0
0
0
0
0
0
0
0
0
0
0
0
0
5.13524e-08
4.1748e-07
8.04316e-07
1.21176e-06
1.64026e-06
2.08935e-06
2.56094e-06
3.00044e-06
2.92832e-06
1.3397e-06
0
0
0
0
0
0
0
0
0
0
0
0
0
0
0
0
0
0
0
0
0
0
2.54544e-07
6.73171e-07
1.10978e-06
1.5648e-06
2.03852e-06
2.5316e-06
3.04364e-06
3.57652e-06
4.07041e-06
3.9996e-06
2.25687e-06
0
0
0
0
0
0
0
0
0
0
0
0
0
0
0
0
0
0
0
0
0
3.14996e-07
7.93024e-07
1.28641e-06
1.79556e-06
2.32097e-06
2.8629e-06
3.42187e-06
3.99746e-06
4.59147e-06
5.13956e-06
5.07527e-06
3.20744e-06
0
0
0
0
0
0
0
0
0
0
0
0
0
0
0
0
0
0
0
1.87313e-07
7.00554e-07
1.22503e-06
1.76095e-06
2.30889e-06
2.86953e-06
3.44346e-06
4.03094e-06
4.63252e-06
5.24771e-06
5.87798e-06
6.45511e-06
6.3807e-06
4.38667e-06
0
0
0
0
0
0
0
0
0
0
0
0
0
0
0
0
0
0
1.37476e-07
7.15191e-07
1.30226e-06
1.89815e-06
2.50292e-06
3.1169e-06
3.74037e-06
4.37368e-06
5.01692e-06
5.67044e-06
6.33361e-06
7.0076e-06
7.62133e-06
7.54894e-06
5.46817e-06
0
0
0
0
0
0
0
0
0
0
0
0
0
0
0
0
1.61735e-07
7.68017e-07
1.37998e-06
1.99656e-06
2.61747e-06
3.24303e-06
3.87382e-06
4.51043e-06
5.15334e-06
5.80304e-06
6.45966e-06
7.12339e-06
7.79338e-06
8.47023e-06
9.08065e-06
8.98175e-06
6.80238e-06
0
0
0
0
0
0
0
0
0
0
0
0
0
0
0
0
6.03718e-07
1.28554e-06
1.97018e-06
2.65645e-06
3.3438e-06
4.03211e-06
4.72149e-06
5.41218e-06
6.10441e-06
6.7984e-06
7.49408e-06
8.19142e-06
8.88948e-06
9.58874e-06
1.02149e-05
1.01121e-05
7.88689e-06
0
0
0
0
0
0
0
0
0
0
0
0
0
4.15845e-07
1.08279e-06
1.7519e-06
2.42093e-06
3.08862e-06
3.75468e-06
4.41946e-06
5.08338e-06
5.74687e-06
6.41047e-06
7.07452e-06
7.73924e-06
8.4046e-06
9.07027e-06
9.73576e-06
1.03997e-05
1.10618e-05
1.16472e-05
1.15002e-05
9.21244e-06
0
0
0
0
0
0
0
0
0
0
0
0
0
6.92414e-07
1.43468e-06
2.17594e-06
2.91418e-06
3.64799e-06
4.37653e-06
5.09932e-06
5.81612e-06
6.5268e-06
7.2313e-06
7.92954e-06
8.62134e-06
9.30645e-06
9.98441e-06
1.06547e-05
1.13162e-05
1.19689e-05
1.2539e-05
1.23777e-05
1.00978e-05
0
0
0
0
0
0
0
1.22446e-08
6.0593e-07
1.1967e-06
1.78392e-06
2.36823e-06
2.95108e-06
3.53488e-06
4.12135e-06
4.71157e-06
5.30604e-06
5.90453e-06
6.5064e-06
7.11085e-06
7.7169e-06
8.32352e-06
8.92959e-06
9.5339e-06
1.01351e-05
1.07318e-05
1.13223e-05
1.19053e-05
1.24784e-05
1.30408e-05
1.35207e-05
1.32955e-05
1.10236e-05
0
0
0
0
0
0
0
2.5228e-07
8.43865e-07
1.41765e-06
1.98911e-06
2.56631e-06
3.15253e-06
3.74943e-06
4.35635e-06
4.97108e-06
5.59047e-06
6.21102e-06
6.82917e-06
7.44158e-06
8.04523e-06
8.63755e-06
9.21627e-06
9.77948e-06
1.03256e-05
1.08536e-05
1.13626e-05
1.18523e-05
1.23218e-05
1.27715e-05
1.31381e-05
1.28643e-05
1.07623e-05
3.54694e-06
7.02075e-06
6.4743e-06
6.96204e-06
7.32422e-06
7.2319e-06
7.01095e-06
6.79682e-06
6.59696e-06
6.43312e-06
6.33146e-06
6.30276e-06
6.34801e-06
6.46341e-06
6.64125e-06
6.87167e-06
7.14416e-06
7.44849e-06
7.77503e-06
8.11531e-06
8.46208e-06
8.80933e-06
9.15193e-06
9.48532e-06
9.80576e-06
1.01107e-05
1.03984e-05
1.06682e-05
1.09196e-05
1.11532e-05
1.13201e-05
1.09891e-05
9.24527e-06
4.11387e-07
9.81502e-06
1.01165e-05
1.0124e-05
9.44477e-06
8.2875e-06
7.29206e-06
6.53628e-06
5.95097e-06
5.52785e-06
5.26431e-06
5.14131e-06
5.13561e-06
5.22449e-06
5.38595e-06
5.59991e-06
5.8491e-06
6.11911e-06
6.39815e-06
6.6768e-06
6.94778e-06
7.2059e-06
7.4473e-06
7.6688e-06
7.86889e-06
8.04736e-06
8.20437e-06
8.34031e-06
8.45582e-06
8.55221e-06
8.59594e-06
8.2864e-06
6.99333e-06
6.46902e-05
4.0933e-05
2.57769e-05
1.86961e-05
1.32017e-05
8.46051e-06
4.88241e-06
2.29567e-06
4.61157e-07
0
0
0
0
0
0
0
2.19876e-07
8.16866e-07
1.40777e-06
1.97561e-06
2.50911e-06
2.99849e-06
3.44424e-06
3.84419e-06
4.19878e-06
4.51079e-06
4.78346e-06
5.01989e-06
5.22301e-06
5.39585e-06
5.51762e-06
5.39518e-06
4.61858e-06
0
0
0
0
0
0
0
0
0
0
0
0
0
0
0
0
0
0
0
0
0
0
0
0
0
0
0
0
0
0
0
0
0
3.88818e-08
0
0
0
0
0
0
0
0
0
0
0
0
0
0
0
0
0
0
0
0
0
0
0
0
0
0
0
0
0
0
0
0
2.07116e-08
0
0
0
0
0
0
0
0
0
0
0
0
0
0
0
0
0
0
0
0
0
0
0
0
0
0
0
0
0
0
0
0
9.51803e-09
0
0
0
0
0
0
0
0
0
0
0
0
0
0
0
0
0
0
0
0
0
0
0
0
0
0
0
0
0
0
0
0
0
0
0
6.20396e-07
9.30512e-07
2.78122e-07
0
0
0
0
0
0
0
0
3.78488e-07
4.85176e-06
1.31892e-05
2.43953e-05
3.09084e-05
2.58702e-05
1.43817e-05
5.95113e-06
1.63459e-06
0
0
0
0
0
0
0
0
0
0
0
1.64092e-06
1.88772e-05
4.59002e-05
5.69717e-05
0
0
0
1.46981e-05
2.11862e-05
2.09482e-05
1.79934e-05
1.44064e-05
1.08816e-05
7.49641e-06
3.96576e-06
1.94111e-07
0
0
0
0
0
0
0
0
2.91621e-07
2.06697e-05
3.02691e-05
2.72884e-05
2.30869e-05
2.6657e-05
3.05542e-05
2.96205e-05
2.54963e-05
1.98479e-05
1.38466e-05
8.41954e-06
4.28274e-06
1.91246e-06
1.44831e-06
2.63685e-06
4.95416e-06
7.87623e-06
1.10233e-05
1.4052e-05
1.64787e-05
1.7678e-05
1.7071e-05
1.43049e-05
9.34178e-06
2.38426e-06
0
0
0
4.00999e-06
3.77731e-06
9.94835e-06
1.64172e-05
2.13565e-05
2.44704e-05
2.62166e-05
2.37889e-05
2.05559e-05
7.76731e-06
3.05383e-06
0
0
0
0
0
9.54006e-07
2.14465e-06
1.72974e-06
1.36647e-06
2.01164e-06
2.68959e-06
1.31697e-06
0
0
0
0
4.02906e-07
6.22421e-06
1.6251e-05
2.81332e-05
3.33658e-05
2.50912e-05
1.13027e-05
3.85702e-06
1.17479e-06
0
0
0
0
0
0
0
0
0
0
0
0
0
7.65693e-06
4.29784e-06
0
3.24234e-06
1.34857e-05
1.93288e-05
2.03587e-05
1.85549e-05
1.56125e-05
1.24152e-05
9.32278e-06
6.36279e-06
3.28615e-06
0
0
0
0
0
0
0
0
0
3.29046e-06
1.94102e-05
2.45408e-05
2.19647e-05
2.31917e-05
3.0305e-05
3.42869e-05
3.32606e-05
2.88495e-05
2.28124e-05
1.65226e-05
1.09543e-05
6.77654e-06
4.39618e-06
3.90204e-06
5.03454e-06
7.30115e-06
1.02006e-05
1.33408e-05
1.63602e-05
1.87953e-05
2.00733e-05
1.96489e-05
1.7152e-05
1.25117e-05
5.97104e-06
0
0
2.15291e-06
3.74586e-06
4.90961e-06
1.1634e-05
1.8322e-05
2.33456e-05
2.62167e-05
2.73267e-05
2.43365e-05
2.08838e-05
7.55465e-06
2.63842e-06
0
0
0
0
0
6.78602e-07
2.09366e-06
2.2427e-06
3.08658e-06
4.48947e-06
5.03938e-06
4.05274e-06
1.19074e-06
0
0
0
2.43562e-07
6.81842e-06
1.78803e-05
3.02402e-05
3.42136e-05
2.16853e-05
5.72777e-06
6.96806e-07
4.8476e-07
1.07841e-06
1.70512e-06
1.25204e-06
5.99238e-08
0
0
0
0
0
0
0
0
0
0
0
4.43091e-06
1.03853e-05
1.49896e-05
1.69655e-05
1.66042e-05
1.48055e-05
1.23605e-05
9.82326e-06
7.49889e-06
5.23998e-06
2.67447e-06
0
0
0
0
0
0
0
0
0
3.52898e-06
1.47066e-05
1.75391e-05
1.78904e-05
2.48476e-05
3.32322e-05
3.69122e-05
3.55617e-05
3.08875e-05
2.47385e-05
1.84863e-05
1.30416e-05
9.00034e-06
6.70693e-06
6.21821e-06
7.28554e-06
9.45726e-06
1.2263e-05
1.53137e-05
1.82513e-05
2.06472e-05
2.19891e-05
2.17784e-05
1.9649e-05
1.54832e-05
9.5139e-06
2.55791e-06
0
4.1147e-06
3.31208e-06
6.16119e-06
1.30596e-05
1.96769e-05
2.46051e-05
2.72189e-05
2.78434e-05
2.43767e-05
2.07114e-05
7.17891e-06
2.13246e-06
0
0
0
0
0
1.03263e-07
1.13498e-06
2.80258e-06
5.39205e-06
5.89743e-06
4.94167e-06
4.1499e-06
2.20557e-06
0
0
0
3.86103e-07
7.21922e-06
1.90189e-05
3.21994e-05
3.50319e-05
1.60267e-05
0
0
1.12571e-07
3.18424e-06
4.31512e-06
2.92151e-06
1.03946e-06
0
0
0
0
0
0
0
0
0
0
0
4.4851e-06
8.92415e-06
1.17494e-05
1.27606e-05
1.2293e-05
1.08942e-05
9.17675e-06
7.68733e-06
6.42021e-06
4.78161e-06
2.41052e-06
0
0
0
0
0
0
0
0
0
2.21838e-06
9.40518e-06
1.19208e-05
1.73176e-05
2.74596e-05
3.57099e-05
3.88098e-05
3.70514e-05
3.22352e-05
2.61633e-05
2.01104e-05
1.49002e-05
1.10633e-05
8.89653e-06
8.43516e-06
9.44554e-06
1.15152e-05
1.42057e-05
1.71413e-05
1.99784e-05
2.23272e-05
2.37329e-05
2.37434e-05
2.2007e-05
1.83745e-05
1.30021e-05
6.60331e-06
1.72693e-06
4.3729e-06
3.2545e-06
7.3661e-06
1.41418e-05
2.04329e-05
2.50863e-05
2.73615e-05
2.7685e-05
2.40323e-05
2.03625e-05
6.71241e-06
1.73678e-06
0
0
0
0
0
2.07772e-07
3.33828e-06
5.82139e-06
5.22142e-06
3.47628e-06
1.77086e-06
1.52604e-06
8.39179e-07
0
0
0
9.10842e-07
7.9375e-06
2.05881e-05
3.57487e-05
3.86942e-05
8.33597e-06
0
0
1.25601e-06
6.37475e-06
6.06775e-06
3.32538e-06
1.14733e-06
4.76213e-08
0
0
0
0
0
0
0
0
0
0
3.08899e-06
6.00612e-06
7.88517e-06
8.58973e-06
8.34108e-06
7.66383e-06
7.24546e-06
7.17651e-06
6.70092e-06
5.16588e-06
2.5271e-06
0
0
0
0
0
0
0
0
0
7.92584e-07
5.4425e-06
1.01506e-05
1.94771e-05
3.02528e-05
3.7838e-05
4.02577e-05
3.81451e-05
3.3301e-05
2.74029e-05
2.16064e-05
1.66573e-05
1.30358e-05
1.10031e-05
1.05789e-05
1.15431e-05
1.35164e-05
1.60907e-05
1.89087e-05
2.16482e-05
2.396e-05
2.54423e-05
2.56843e-05
2.43456e-05
2.12482e-05
1.646e-05
1.04821e-05
4.96074e-06
2.06205e-06
3.56374e-06
8.48436e-06
1.49676e-05
2.08265e-05
2.51356e-05
2.71092e-05
2.72392e-05
2.35198e-05
1.98987e-05
6.205e-06
1.32431e-06
0
0
0
0
1.36287e-07
2.34604e-07
4.27091e-07
8.21519e-07
9.5319e-07
3.47954e-07
0
0
0
0
0
0
9.43281e-07
8.25676e-06
2.15746e-05
4.03959e-05
5.06e-05
7.45396e-08
0
0
5.6598e-06
8.71139e-06
5.7473e-06
2.56025e-06
1.00084e-06
1.97747e-07
0
0
0
0
0
0
0
0
0
0
1.73058e-06
3.45316e-06
4.69938e-06
5.38817e-06
5.84811e-06
6.65048e-06
7.79369e-06
8.50936e-06
8.04829e-06
6.10267e-06
2.86592e-06
0
0
0
0
0
0
0
0
0
9.83913e-08
4.36931e-06
1.17144e-05
2.23229e-05
3.27436e-05
3.95171e-05
4.13089e-05
3.89536e-05
3.41779e-05
2.85084e-05
2.29892e-05
1.83049e-05
1.48984e-05
1.30027e-05
1.26245e-05
1.35534e-05
1.54379e-05
1.78972e-05
2.05959e-05
2.32395e-05
2.55218e-05
2.70917e-05
2.75738e-05
2.66308e-05
2.4045e-05
1.97889e-05
1.41324e-05
7.85838e-06
0
4.31268e-06
9.62233e-06
1.5685e-05
2.10333e-05
2.49165e-05
2.65748e-05
2.65538e-05
2.28706e-05
1.93745e-05
5.70702e-06
9.09342e-07
0
0
0
2.91039e-07
1.13647e-06
1.76946e-06
1.86525e-06
1.69377e-06
1.40372e-06
7.77403e-07
2.09685e-08
0
0
0
0
0
0
7.1054e-06
2.02847e-05
4.19932e-05
7.00776e-05
0
0
2.24975e-06
9.84448e-06
7.66074e-06
3.88167e-06
1.94734e-06
1.50491e-06
3.96906e-07
0
0
0
0
0
0
0
0
0
0
1.10441e-06
2.2926e-06
3.50201e-06
4.85857e-06
6.58181e-06
8.56051e-06
1.02149e-05
1.08281e-05
9.88954e-06
7.26462e-06
3.2636e-06
0
0
0
0
0
0
0
0
0
0
5.33088e-06
1.40338e-05
2.48749e-05
3.47226e-05
4.07362e-05
4.20192e-05
3.95318e-05
3.48938e-05
2.94815e-05
2.4245e-05
1.98227e-05
1.66291e-05
1.48733e-05
1.45492e-05
1.54524e-05
1.72527e-05
1.95943e-05
2.21666e-05
2.47083e-05
2.69605e-05
2.86219e-05
2.9348e-05
2.87964e-05
2.66991e-05
2.29254e-05
1.75371e-05
1.06686e-05
2.72731e-07
5.56318e-06
1.07618e-05
1.6264e-05
2.10649e-05
2.45381e-05
2.59304e-05
2.58113e-05
2.21807e-05
1.88042e-05
5.20345e-06
4.87402e-07
0
0
6.93617e-07
3.26868e-06
3.36533e-06
3.17088e-06
2.83503e-06
2.38761e-06
1.89407e-06
1.2805e-06
3.14179e-07
0
0
0
0
0
0
2.42272e-06
1.44831e-05
3.27296e-05
4.44301e-05
0
1.08421e-06
9.38834e-06
8.12458e-06
4.5224e-06
2.64263e-06
2.80018e-06
2.3041e-06
6.88104e-07
0
0
0
0
0
0
0
0
0
7.95967e-08
1.65347e-06
3.25024e-06
5.03063e-06
7.13522e-06
9.51495e-06
1.17862e-05
1.33157e-05
1.34697e-05
1.18517e-05
8.4332e-06
3.6136e-06
0
0
0
0
0
0
0
0
0
0
6.53498e-06
1.60428e-05
2.69045e-05
3.62003e-05
4.15506e-05
4.24387e-05
3.99091e-05
3.54554e-05
3.03134e-05
2.53569e-05
2.11908e-05
1.82076e-05
1.65943e-05
1.63305e-05
1.72135e-05
1.8929e-05
2.1144e-05
2.35757e-05
2.60014e-05
2.82138e-05
2.9963e-05
3.09323e-05
3.07671e-05
2.91401e-05
2.58157e-05
2.06852e-05
1.35533e-05
3.7646e-06
7.27042e-06
1.18601e-05
1.66782e-05
2.09101e-05
2.39929e-05
2.51552e-05
2.49645e-05
2.14291e-05
1.82038e-05
4.71184e-06
7.08366e-08
0
0
1.38901e-06
2.97681e-06
3.36002e-06
3.17416e-06
2.81401e-06
2.33374e-06
1.75534e-06
1.08742e-06
2.68973e-07
0
0
0
0
0
0
0
0
1.92144e-06
0
3.02136e-06
7.10702e-06
6.47662e-06
3.86209e-06
2.78456e-06
3.76558e-06
4.16006e-06
3.25208e-06
1.26008e-06
0
0
0
0
0
0
0
0
0
2.83033e-07
2.59654e-06
4.96978e-06
7.52297e-06
1.02842e-05
1.3045e-05
1.53258e-05
1.65094e-05
1.60551e-05
1.36786e-05
9.45125e-06
3.85187e-06
0
0
0
0
0
0
0
0
0
0
7.49143e-06
1.76369e-05
2.84708e-05
3.72324e-05
4.19964e-05
4.25939e-05
4.00997e-05
3.58631e-05
3.09942e-05
2.63095e-05
2.23917e-05
1.96146e-05
1.81437e-05
1.7942e-05
1.88039e-05
2.04272e-05
2.25003e-05
2.47705e-05
2.70583e-05
2.92123e-05
3.10368e-05
3.22418e-05
3.24551e-05
3.12832e-05
2.8387e-05
2.3535e-05
1.64989e-05
7.99598e-06
9.22094e-06
1.28119e-05
1.6862e-05
2.05388e-05
2.32878e-05
2.42945e-05
2.40738e-05
2.06464e-05
1.75616e-05
4.21782e-06
0
0
0
1.85388e-06
3.01137e-06
3.41414e-06
3.17453e-06
2.69515e-06
2.09808e-06
1.41858e-06
6.58641e-07
0
0
0
0
0
0
0
0
0
0
1.48063e-07
2.81328e-06
3.08338e-06
2.03313e-06
2.55355e-06
4.28748e-06
5.558e-06
5.73507e-06
4.63153e-06
2.29112e-06
0
0
0
0
0
0
0
0
0
6.16554e-07
3.79356e-06
7.03663e-06
1.03659e-05
1.36676e-05
1.66197e-05
1.87196e-05
1.94202e-05
1.82957e-05
1.51727e-05
1.02089e-05
3.95052e-06
0
0
0
0
0
0
0
0
0
0
8.23007e-06
1.89107e-05
2.9621e-05
3.78313e-05
4.20931e-05
4.25106e-05
4.01203e-05
3.61191e-05
3.15151e-05
2.70879e-05
2.34066e-05
2.08278e-05
1.94943e-05
1.93497e-05
2.01824e-05
2.16994e-05
2.36104e-05
2.56944e-05
2.78174e-05
2.98871e-05
3.17645e-05
3.31889e-05
3.37684e-05
3.30392e-05
3.05616e-05
2.60224e-05
1.93248e-05
1.1866e-05
1.11427e-05
1.35337e-05
1.67901e-05
1.99491e-05
2.24162e-05
2.33199e-05
2.31042e-05
1.98177e-05
1.68863e-05
3.72605e-06
0
0
0
2.46669e-06
3.49251e-06
3.91844e-06
3.62439e-06
2.94892e-06
2.10412e-06
1.19365e-06
2.5438e-07
0
0
0
0
0
0
0
0
0
0
1.56283e-07
4.65954e-07
1.03915e-06
2.5619e-06
4.47476e-06
6.35926e-06
7.65861e-06
7.84239e-06
6.57799e-06
3.78515e-06
0
0
0
0
0
0
0
0
0
1.16256e-06
5.27598e-06
9.34847e-06
1.32983e-05
1.69167e-05
1.98402e-05
2.1604e-05
2.17586e-05
1.99904e-05
1.62144e-05
1.06533e-05
3.91267e-06
0
0
0
0
0
0
0
0
0
0
8.82828e-06
1.988e-05
3.03342e-05
3.80045e-05
4.18808e-05
4.22286e-05
3.999e-05
3.62232e-05
3.18646e-05
2.7674e-05
2.42116e-05
2.18172e-05
2.06092e-05
2.05096e-05
2.12988e-05
2.26918e-05
2.44201e-05
2.62951e-05
2.82271e-05
3.01819e-05
3.20799e-05
3.36941e-05
3.4617e-05
3.43153e-05
3.22532e-05
2.80606e-05
2.17939e-05
1.49848e-05
1.27714e-05
1.39428e-05
1.64333e-05
1.91348e-05
2.13864e-05
2.22559e-05
2.20979e-05
1.89723e-05
1.61775e-05
3.22196e-06
0
0
0
2.90125e-06
3.85942e-06
4.29502e-06
4.00336e-06
3.18613e-06
2.08022e-06
8.54665e-07
0
0
0
0
0
0
0
0
0
0
0
1.05894e-07
1.00727e-06
2.40886e-06
4.33394e-06
6.63318e-06
8.83534e-06
1.02887e-05
1.04153e-05
8.87392e-06
5.59789e-06
7.95788e-07
0
0
0
0
0
0
0
0
1.94997e-06
6.86519e-06
1.15723e-05
1.59061e-05
1.96133e-05
2.23454e-05
2.37093e-05
2.33535e-05
2.10496e-05
1.67697e-05
1.0785e-05
3.76111e-06
0
0
0
0
0
0
0
0
0
0
9.29665e-06
2.0507e-05
3.0607e-05
3.78046e-05
4.14256e-05
4.17896e-05
3.97212e-05
3.61687e-05
3.20247e-05
2.80412e-05
2.47725e-05
2.25415e-05
2.14406e-05
2.13686e-05
2.20973e-05
2.33511e-05
2.48842e-05
2.65384e-05
2.82627e-05
3.00735e-05
3.19494e-05
3.37056e-05
3.49303e-05
3.50302e-05
3.33793e-05
2.95561e-05
2.37051e-05
1.72387e-05
1.39292e-05
1.39933e-05
1.57912e-05
1.81079e-05
2.02031e-05
2.10914e-05
2.10379e-05
1.81095e-05
1.54495e-05
2.7052e-06
0
0
0
2.59996e-06
3.3544e-06
3.6952e-06
3.41166e-06
2.56765e-06
1.34138e-06
0
0
0
0
0
0
0
0
0
0
0
0
8.53973e-08
1.65329e-06
3.75487e-06
6.38017e-06
9.19676e-06
1.16284e-05
1.30564e-05
1.29985e-05
1.11921e-05
7.58562e-06
2.31953e-06
0
0
0
0
0
0
0
0
2.89632e-06
8.29931e-06
1.33426e-05
1.78098e-05
2.14382e-05
2.3917e-05
2.49225e-05
2.41739e-05
2.14904e-05
1.68744e-05
1.06411e-05
3.52641e-06
0
0
0
0
0
0
0
0
0
0
9.60779e-06
2.07829e-05
3.04942e-05
3.73175e-05
4.07935e-05
4.12217e-05
3.93132e-05
3.59379e-05
3.19653e-05
2.81488e-05
2.50403e-05
2.2946e-05
2.19306e-05
2.18687e-05
2.25252e-05
2.36369e-05
2.49823e-05
2.6429e-05
2.79512e-05
2.95991e-05
3.14018e-05
3.32265e-05
3.4679e-05
3.51277e-05
3.38685e-05
3.042e-05
2.49271e-05
1.86216e-05
1.45251e-05
1.36623e-05
1.48691e-05
1.68816e-05
1.88802e-05
1.98415e-05
1.99464e-05
1.72501e-05
1.47073e-05
2.16581e-06
0
0
0
1.80459e-06
2.25994e-06
2.40201e-06
2.05294e-06
1.20092e-06
0
0
0
0
0
0
0
0
0
0
0
0
0
4.6988e-08
2.46244e-06
5.36863e-06
8.57749e-06
1.16609e-05
1.40912e-05
1.53812e-05
1.51746e-05
1.32755e-05
9.60943e-06
4.20055e-06
0
0
0
0
0
0
0
0
3.89026e-06
9.41325e-06
1.44873e-05
1.88793e-05
2.23342e-05
2.45739e-05
2.53182e-05
2.4319e-05
2.14091e-05
1.66067e-05
1.0278e-05
3.23981e-06
0
0
0
0
0
0
0
0
0
0
9.75038e-06
2.07476e-05
3.00832e-05
3.66273e-05
4.00309e-05
4.05339e-05
3.87502e-05
3.54966e-05
3.16368e-05
2.79362e-05
2.49497e-05
2.29659e-05
2.20189e-05
2.19593e-05
2.25493e-05
2.35434e-05
2.47452e-05
2.6039e-05
2.74024e-05
2.88906e-05
3.0565e-05
3.23526e-05
3.39107e-05
3.46078e-05
3.36854e-05
3.05914e-05
2.54006e-05
1.91825e-05
1.45468e-05
1.29579e-05
1.36882e-05
1.54788e-05
1.74335e-05
1.85067e-05
1.88155e-05
1.63999e-05
1.39733e-05
1.61273e-06
0
0
0
8.41774e-07
9.59898e-07
8.67905e-07
4.09329e-07
0
0
0
0
0
0
0
0
0
0
0
0
0
0
1.46658e-09
3.17215e-06
6.65959e-06
1.01834e-05
1.33327e-05
1.56865e-05
1.68913e-05
1.66961e-05
1.49455e-05
1.15266e-05
6.33855e-06
0
0
0
0
0
0
0
0
4.86285e-06
1.02101e-05
1.5084e-05
1.92587e-05
2.24923e-05
2.45262e-05
2.50964e-05
2.39567e-05
2.09326e-05
1.60561e-05
9.75508e-06
2.92983e-06
0
0
0
0
0
0
0
0
0
0
9.74508e-06
2.04709e-05
2.94621e-05
3.57963e-05
3.91588e-05
3.97131e-05
3.79924e-05
3.47823e-05
3.09611e-05
2.73213e-05
2.44247e-05
2.25377e-05
2.16597e-05
2.16197e-05
2.21841e-05
2.3131e-05
2.42869e-05
2.55385e-05
2.68365e-05
2.82015e-05
2.96951e-05
3.13061e-05
3.2784e-05
3.35562e-05
3.28527e-05
3.00525e-05
2.51206e-05
1.89938e-05
1.40292e-05
1.19111e-05
1.2281e-05
1.39315e-05
1.58907e-05
1.7103e-05
1.76511e-05
1.55627e-05
1.32523e-05
1.04486e-06
0
0
0
0
0
0
0
0
0
0
0
0
0
0
0
0
0
0
0
0
0
0
3.46576e-06
7.22201e-06
1.08412e-05
1.39659e-05
1.62758e-05
1.75209e-05
1.75212e-05
1.61444e-05
1.32509e-05
8.64736e-06
2.07584e-06
0
0
0
0
0
0
5.42368e-07
5.78739e-06
1.07749e-05
1.53102e-05
1.91846e-05
2.21695e-05
2.40161e-05
2.44599e-05
2.324e-05
2.01675e-05
1.52951e-05
9.12275e-06
2.62017e-06
0
0
0
0
0
0
0
0
0
0
9.62902e-06
2.00242e-05
2.86986e-05
3.48567e-05
3.81675e-05
3.8712e-05
3.69597e-05
3.36922e-05
2.98313e-05
2.62114e-05
2.33981e-05
2.16254e-05
2.08538e-05
2.08964e-05
2.15321e-05
2.25648e-05
2.38354e-05
2.52108e-05
2.65822e-05
2.78941e-05
2.91689e-05
3.04437e-05
3.15953e-05
3.21824e-05
3.14926e-05
2.88649e-05
2.41488e-05
1.81606e-05
1.30481e-05
1.05746e-05
1.06901e-05
1.22802e-05
1.42924e-05
1.56583e-05
1.64621e-05
1.47489e-05
1.25829e-05
5.01633e-07
0
0
0
0
0
0
0
0
0
0
0
0
0
0
0
0
0
0
0
0
0
0
3.36909e-06
7.12766e-06
1.06857e-05
1.37488e-05
1.607e-05
1.74608e-05
1.77825e-05
1.69238e-05
1.47517e-05
1.10502e-05
5.43019e-06
0
0
0
0
0
0
1.89312e-06
6.64587e-06
1.11711e-05
1.52944e-05
1.8823e-05
2.15403e-05
2.3202e-05
2.35354e-05
2.22595e-05
1.91757e-05
1.43705e-05
8.42037e-06
2.33024e-06
0
0
0
0
0
0
0
0
0
0
9.43841e-06
1.94626e-05
2.78277e-05
3.37992e-05
3.69981e-05
3.74259e-05
3.55153e-05
3.20844e-05
2.81302e-05
2.45347e-05
2.1851e-05
2.02656e-05
1.96984e-05
1.99538e-05
2.08272e-05
2.21401e-05
2.37269e-05
2.54095e-05
2.69968e-05
2.8335e-05
2.93759e-05
3.01727e-05
3.07342e-05
3.08114e-05
2.98384e-05
2.71813e-05
2.2606e-05
1.68061e-05
1.17003e-05
9.02193e-06
8.974e-06
1.05765e-05
1.26891e-05
1.42068e-05
1.52541e-05
1.39403e-05
1.1959e-05
0
0
0
0
0
0
0
0
0
0
0
0
0
0
0
0
0
0
0
0
0
0
0
3.06778e-06
6.65597e-06
1.00632e-05
1.30452e-05
1.53976e-05
1.69671e-05
1.76429e-05
1.73435e-05
1.59807e-05
1.34045e-05
9.32932e-06
2.7734e-06
0
0
0
0
0
3.22373e-06
7.40438e-06
1.14127e-05
1.50871e-05
1.82464e-05
2.06831e-05
2.21549e-05
2.23779e-05
2.10538e-05
1.79873e-05
1.33152e-05
7.68647e-06
2.0792e-06
0
0
0
0
0
0
0
0
0
0
9.199e-06
1.88112e-05
2.68347e-05
3.25478e-05
3.55125e-05
3.5673e-05
3.34715e-05
2.98108e-05
2.57836e-05
2.23022e-05
1.98775e-05
1.86315e-05
1.84443e-05
1.9114e-05
2.04418e-05
2.22416e-05
2.43142e-05
2.64238e-05
2.83036e-05
2.9712e-05
3.05227e-05
3.07682e-05
3.05466e-05
2.98111e-05
2.82191e-05
2.52628e-05
2.06964e-05
1.50929e-05
1.00991e-05
7.32752e-06
7.184e-06
8.87082e-06
1.11522e-05
1.28253e-05
1.40874e-05
1.31759e-05
1.14491e-05
0
0
0
0
0
0
0
0
0
0
0
0
0
0
0
0
0
0
0
0
0
0
0
2.6936e-06
6.03467e-06
9.2459e-06
1.21185e-05
1.44782e-05
1.61964e-05
1.71877e-05
1.74049e-05
1.68252e-05
1.54338e-05
1.31808e-05
9.91391e-06
0
0
0
0
9.0513e-07
4.432e-06
8.00574e-06
1.14786e-05
1.46932e-05
1.74763e-05
1.9627e-05
2.09021e-05
2.10075e-05
1.9638e-05
1.66234e-05
1.21678e-05
6.97367e-06
1.89036e-06
0
0
0
0
0
0
0
0
0
0
8.91704e-06
1.80453e-05
2.56247e-05
3.09265e-05
3.3477e-05
3.3215e-05
3.06504e-05
2.68056e-05
2.28569e-05
1.97004e-05
1.77634e-05
1.70881e-05
1.75126e-05
1.88155e-05
2.07781e-05
2.3181e-05
2.57827e-05
2.83055e-05
3.044e-05
3.18912e-05
3.2473e-05
3.21736e-05
3.11179e-05
2.94049e-05
2.69301e-05
2.3401e-05
1.86593e-05
1.31916e-05
8.3512e-06
5.55502e-06
5.35223e-06
7.17172e-06
9.68857e-06
1.15135e-05
1.29497e-05
1.24119e-05
1.1012e-05
0
0
0
0
0
0
0
0
0
0
0
0
0
0
0
0
0
0
0
0
0
0
0
2.31385e-06
5.37962e-06
8.36586e-06
1.10948e-05
1.34172e-05
1.5226e-05
1.64577e-05
1.70939e-05
1.7162e-05
1.67847e-05
1.58877e-05
1.35549e-05
0
0
0
3.54855e-09
2.53364e-06
5.38502e-06
8.37218e-06
1.13303e-05
1.41013e-05
1.65175e-05
1.83831e-05
1.94536e-05
1.94308e-05
1.80226e-05
1.51126e-05
1.09889e-05
6.36147e-06
1.79092e-06
0
0
0
0
0
0
0
0
0
0
8.56289e-06
1.70609e-05
2.39958e-05
2.86617e-05
3.06168e-05
2.98666e-05
2.70311e-05
2.32403e-05
1.96893e-05
1.71806e-05
1.60125e-05
1.61388e-05
1.73514e-05
1.93975e-05
2.20262e-05
2.4986e-05
2.80106e-05
3.08111e-05
3.30685e-05
3.44742e-05
3.48086e-05
3.40143e-05
3.21979e-05
2.95268e-05
2.608e-05
2.18023e-05
1.67032e-05
1.12442e-05
6.51427e-06
3.70277e-06
3.45067e-06
5.45867e-06
8.31767e-06
1.03031e-05
1.18814e-05
1.16856e-05
1.07069e-05
0
0
0
0
0
0
0
0
0
0
0
0
0
0
0
0
0
0
0
0
0
0
0
1.95079e-06
4.72897e-06
7.46897e-06
1.00213e-05
1.22595e-05
1.40939e-05
1.54771e-05
1.64045e-05
1.69148e-05
1.71699e-05
1.66627e-05
1.22516e-05
0
0
4.40735e-07
1.74427e-06
3.6168e-06
5.89803e-06
8.38569e-06
1.08989e-05
1.32767e-05
1.53564e-05
1.69474e-05
1.78071e-05
1.76479e-05
1.62219e-05
1.35043e-05
9.87801e-06
5.96168e-06
1.80291e-06
0
0
0
0
0
0
0
0
0
0
8.05453e-06
1.56709e-05
2.16848e-05
2.55016e-05
2.68104e-05
2.57402e-05
2.29973e-05
1.9715e-05
1.69724e-05
1.53916e-05
1.51381e-05
1.61157e-05
1.80991e-05
2.08149e-05
2.39875e-05
2.73446e-05
3.06128e-05
3.35043e-05
3.57195e-05
3.69656e-05
3.70151e-05
3.57771e-05
3.33235e-05
2.98347e-05
2.54963e-05
2.04457e-05
1.48775e-05
9.28641e-06
4.56783e-06
1.69465e-06
1.34825e-06
3.52772e-06
6.76734e-06
8.83161e-06
1.04978e-05
1.06173e-05
1.01911e-05
0
0
0
0
0
0
0
0
0
0
0
0
0
0
0
0
0
0
0
0
0
0
0
1.61977e-06
4.10826e-06
6.59031e-06
8.94193e-06
1.10565e-05
1.28574e-05
1.43062e-05
1.53942e-05
1.61455e-05
1.66199e-05
1.60518e-05
1.18847e-05
4.216e-06
1.99601e-06
1.92702e-06
2.61898e-06
3.96282e-06
5.79415e-06
7.90043e-06
1.00786e-05
1.21523e-05
1.3955e-05
1.52987e-05
1.59514e-05
1.56623e-05
1.4271e-05
1.18909e-05
8.99372e-06
5.90239e-06
1.92994e-06
0
0
0
0
0
0
0
0
0
0
7.27544e-06
1.37022e-05
1.85748e-05
2.15329e-05
2.24776e-05
2.16265e-05
1.95853e-05
1.72453e-05
1.5444e-05
1.46897e-05
1.51613e-05
1.68041e-05
1.93928e-05
2.26203e-05
2.61766e-05
2.97685e-05
3.31104e-05
3.59282e-05
3.79565e-05
3.89371e-05
3.86572e-05
3.70112e-05
3.4038e-05
2.99026e-05
2.48368e-05
1.9102e-05
1.30421e-05
7.21102e-06
2.39172e-06
0
0
1.30504e-06
4.93705e-06
6.81235e-06
8.43206e-06
8.77909e-06
8.9563e-06
3.24922e-07
0
0
0
0
0
0
0
0
0
0
0
0
0
0
0
0
0
0
0
0
0
0
1.32394e-06
3.52489e-06
5.74412e-06
7.87891e-06
9.83858e-06
1.1556e-05
1.29941e-05
1.41328e-05
1.49666e-05
1.54293e-05
1.48886e-05
1.19618e-05
7.23861e-06
4.45548e-06
3.42351e-06
3.26542e-06
3.86677e-06
5.14524e-06
6.86973e-06
8.77726e-06
1.0636e-05
1.22419e-05
1.33913e-05
1.3869e-05
1.34937e-05
1.22478e-05
1.04368e-05
8.55045e-06
6.27658e-06
2.15225e-06
0
0
0
0
0
0
0
0
0
1.35039e-07
6.18154e-06
1.12683e-05
1.51319e-05
1.77186e-05
1.90669e-05
1.91728e-05
1.81192e-05
1.64302e-05
1.5e-05
1.45659e-05
1.54345e-05
1.75492e-05
2.06119e-05
2.42382e-05
2.80692e-05
3.17846e-05
3.50852e-05
3.7716e-05
3.94526e-05
4.00835e-05
3.94303e-05
3.73932e-05
3.39891e-05
2.93578e-05
2.37389e-05
1.74585e-05
1.09603e-05
4.85623e-06
0
0
0
0
1.7008e-06
3.4529e-06
5.21249e-06
5.76223e-06
6.52553e-06
3.35452e-07
0
0
0
0
0
0
0
0
0
0
0
0
0
0
0
0
0
0
0
0
0
0
1.07911e-06
3.00103e-06
4.96052e-06
6.87182e-06
8.65723e-06
1.02565e-05
1.16301e-05
1.27481e-05
1.35741e-05
1.39951e-05
1.36061e-05
1.17884e-05
8.9258e-06
6.60286e-06
5.23054e-06
4.46518e-06
4.19965e-06
4.56911e-06
5.61472e-06
7.10792e-06
8.72489e-06
1.01679e-05
1.11784e-05
1.15493e-05
1.11963e-05
1.03028e-05
9.38986e-06
8.74267e-06
7.10125e-06
2.43321e-06
0
0
0
0
0
0
0
0
0
3.33068e-07
5.04727e-06
9.22604e-06
1.29117e-05
1.61179e-05
1.85616e-05
1.9527e-05
1.8515e-05
1.63033e-05
1.44588e-05
1.40106e-05
1.5176e-05
1.7728e-05
2.12258e-05
2.52011e-05
2.92547e-05
3.30376e-05
3.62412e-05
3.8626e-05
4.00072e-05
4.02275e-05
3.91591e-05
3.67285e-05
3.29482e-05
2.79358e-05
2.192e-05
1.52527e-05
8.43849e-06
2.13554e-06
0
0
0
0
0
0
1.95179e-06
2.63791e-06
3.6489e-06
0
0
0
0
7.25925e-07
0
0
0
0
0
0
0
0
0
0
0
0
0
0
0
0
0
0
8.68569e-07
2.52501e-06
4.23274e-06
5.91981e-06
7.51926e-06
8.97617e-06
1.0249e-05
1.13009e-05
1.20812e-05
1.24847e-05
1.22892e-05
1.12613e-05
9.61757e-06
8.03642e-06
6.85472e-06
5.98461e-06
5.31132e-06
4.88223e-06
4.92114e-06
5.58004e-06
6.6747e-06
7.82529e-06
8.67986e-06
9.02181e-06
8.88029e-06
8.67013e-06
8.9928e-06
9.60543e-06
8.34419e-06
2.71642e-06
0
0
0
0
0
0
0
0
0
5.07896e-07
4.6989e-06
9.07787e-06
1.35219e-05
1.76631e-05
2.06868e-05
2.12453e-05
1.87518e-05
1.50918e-05
1.26719e-05
1.23684e-05
1.39666e-05
1.69837e-05
2.08755e-05
2.51472e-05
2.93847e-05
3.32176e-05
3.63165e-05
3.84418e-05
3.94412e-05
3.92145e-05
3.7697e-05
3.48622e-05
3.07404e-05
2.54431e-05
1.91895e-05
1.23418e-05
5.43804e-06
0
0
0
0
0
0
0
2.51843e-07
6.51252e-07
1.16278e-06
0
0
0
0
1.83923e-06
4.34712e-08
0
0
0
0
0
0
0
0
0
0
0
0
0
0
0
0
0
7.16667e-07
2.12309e-06
3.59139e-06
5.06102e-06
6.47406e-06
7.78049e-06
8.93886e-06
9.91047e-06
1.06459e-05
1.10673e-05
1.10644e-05
1.05671e-05
9.70317e-06
8.77413e-06
7.97391e-06
7.29083e-06
6.63582e-06
5.96346e-06
5.35081e-06
5.01158e-06
5.13082e-06
5.60468e-06
6.11438e-06
6.45487e-06
6.77917e-06
7.62622e-06
9.26989e-06
1.09731e-05
1.00018e-05
2.91734e-06
0
0
0
0
0
0
0
0
0
8.51381e-07
5.58877e-06
1.06874e-05
1.57232e-05
2.01187e-05
2.28109e-05
2.19203e-05
1.69866e-05
1.18175e-05
9.36681e-06
9.65177e-06
1.17816e-05
1.51431e-05
1.92616e-05
2.37026e-05
2.80661e-05
3.19518e-05
3.49768e-05
3.68716e-05
3.75008e-05
3.682e-05
3.48383e-05
3.15976e-05
2.7173e-05
2.1698e-05
1.54037e-05
8.6742e-06
2.06155e-06
0
0
0
0
0
1.62993e-06
1.95881e-06
2.40258e-06
2.95282e-06
3.40654e-06
1.70919e-06
0
0
0
2.92588e-06
1.04453e-06
3.35939e-07
0
0
0
0
0
0
0
0
0
0
0
0
0
0
0
0
5.83081e-07
1.75657e-06
2.99905e-06
4.25923e-06
5.48696e-06
6.63733e-06
7.67128e-06
8.55253e-06
9.2406e-06
9.68556e-06
9.83833e-06
9.69157e-06
9.32759e-06
8.89024e-06
8.47643e-06
8.08135e-06
7.63585e-06
7.067e-06
6.34971e-06
5.54144e-06
4.78095e-06
4.23112e-06
4.01185e-06
4.27509e-06
5.30393e-06
7.28506e-06
9.90475e-06
1.25037e-05
1.21222e-05
2.93024e-06
0
0
0
0
0
0
0
0
0
1.41386e-06
6.75959e-06
1.21175e-05
1.70531e-05
2.10955e-05
2.32708e-05
2.10013e-05
1.30152e-05
6.87105e-06
5.47662e-06
6.63148e-06
8.95224e-06
1.22154e-05
1.62145e-05
2.06078e-05
2.50064e-05
2.89496e-05
3.19495e-05
3.36655e-05
3.3961e-05
3.28475e-05
3.04209e-05
2.68139e-05
2.21792e-05
1.67091e-05
1.06844e-05
4.53322e-06
0
0
0
0
0
0
0
4.16378e-07
6.71375e-07
7.92607e-07
8.68782e-07
7.33941e-07
4.16815e-07
0
0
4.25472e-06
2.27562e-06
1.54606e-06
1.12179e-06
7.21432e-07
3.03193e-07
0
0
0
0
0
0
0
0
0
0
0
0
0
5.13377e-07
1.47049e-06
2.50273e-06
3.56658e-06
4.61881e-06
5.6197e-06
6.53414e-06
7.33057e-06
7.97833e-06
8.44738e-06
8.71738e-06
8.79807e-06
8.74296e-06
8.62867e-06
8.50532e-06
8.36522e-06
8.15146e-06
7.78738e-06
7.20859e-06
6.38831e-06
5.35142e-06
4.19596e-06
3.22493e-06
3.26487e-06
4.84523e-06
7.43138e-06
1.04524e-05
1.36675e-05
1.4643e-05
3.04728e-06
0
0
0
0
0
0
0
0
0
1.94929e-06
7.24254e-06
1.21511e-05
1.63763e-05
1.9704e-05
2.16791e-05
1.9809e-05
9.61265e-06
4.04192e-06
3.1454e-06
3.85189e-06
5.46531e-06
8.11682e-06
1.16437e-05
1.58232e-05
2.0293e-05
2.44408e-05
2.75602e-05
2.91885e-05
2.91988e-05
2.76912e-05
2.48817e-05
2.10241e-05
1.63776e-05
1.12198e-05
5.89106e-06
8.34554e-07
0
0
0
0
0
0
0
0
0
4.67579e-08
1.83738e-07
1.07048e-07
7.67631e-08
0
2.30501e-07
5.41778e-06
3.37716e-06
2.64272e-06
2.23223e-06
1.8462e-06
1.44027e-06
1.0233e-06
6.05308e-07
1.92669e-07
0
0
0
0
0
0
0
0
0
0
4.19956e-07
1.17597e-06
2.01038e-06
2.88634e-06
3.76681e-06
4.61746e-06
5.40805e-06
6.11278e-06
6.70984e-06
7.18249e-06
7.52421e-06
7.74725e-06
7.88563e-06
7.98247e-06
8.06479e-06
8.12355e-06
8.11135e-06
7.95522e-06
7.57714e-06
6.91676e-06
5.9566e-06
4.77022e-06
3.68443e-06
3.6045e-06
5.13119e-06
7.61643e-06
1.04651e-05
1.36021e-05
1.59424e-05
5.56097e-06
0
0
0
0
0
0
0
0
0
2.32376e-06
6.9537e-06
1.09212e-05
1.41285e-05
1.67909e-05
1.99845e-05
2.43896e-05
6.60408e-06
7.02919e-07
6.54145e-08
6.81165e-07
1.86418e-06
3.77281e-06
6.37902e-06
9.79568e-06
1.40102e-05
1.85362e-05
2.23257e-05
2.43773e-05
2.43723e-05
2.25843e-05
1.94815e-05
1.55132e-05
1.10657e-05
6.48256e-06
2.1073e-06
0
0
0
0
0
0
0
0
1.50485e-07
5.70088e-07
7.4101e-07
7.22886e-07
4.63844e-07
2.51712e-07
0
4.50991e-07
6.79785e-06
4.68508e-06
3.92174e-06
3.49679e-06
3.09869e-06
2.68146e-06
2.25177e-06
1.81759e-06
1.38303e-06
9.54985e-07
5.44483e-07
1.65733e-07
0
0
0
0
0
0
0
4.06886e-07
9.76952e-07
1.62917e-06
2.33173e-06
3.05295e-06
3.76338e-06
4.43746e-06
5.05439e-06
5.59845e-06
6.05976e-06
6.43651e-06
6.73793e-06
6.98454e-06
7.20141e-06
7.40469e-06
7.58722e-06
7.71117e-06
7.7111e-06
7.50771e-06
7.03183e-06
6.26115e-06
5.28589e-06
4.44558e-06
4.43228e-06
5.63366e-06
7.59138e-06
9.7658e-06
1.18734e-05
1.30168e-05
3.79731e-06
0
0
0
0
0
0
0
0
0
3.05806e-06
6.89366e-06
1.05782e-05
1.46044e-05
1.88913e-05
1.4281e-05
2.96473e-06
0
0
0
0
2.50085e-07
1.65202e-06
3.33432e-06
5.39447e-06
8.21091e-06
1.18688e-05
1.58497e-05
1.90177e-05
2.00803e-05
1.86684e-05
1.54873e-05
1.14438e-05
7.18649e-06
3.12705e-06
0
0
0
0
0
0
0
0
0
1.84103e-07
5.69466e-07
7.06004e-07
6.36172e-07
3.17154e-07
1.48198e-08
0
5.68577e-07
7.83342e-06
5.70335e-06
4.93573e-06
4.51447e-06
4.11887e-06
3.70215e-06
3.26904e-06
2.8258e-06
2.37492e-06
1.92139e-06
1.47388e-06
1.04409e-06
6.47017e-07
3.00836e-07
2.58713e-08
0
0
0
0
2.81495e-07
6.74311e-07
1.14984e-06
1.68099e-06
2.24109e-06
2.80555e-06
3.35345e-06
3.86857e-06
4.33978e-06
4.76127e-06
5.13301e-06
5.46107e-06
5.75692e-06
6.03451e-06
6.30359e-06
6.56008e-06
6.77696e-06
6.90138e-06
6.86377e-06
6.60258e-06
6.1065e-06
5.47648e-06
4.99489e-06
5.07151e-06
5.86311e-06
7.06632e-06
8.22708e-06
8.84137e-06
7.61846e-06
5.74382e-09
0
0
0
0
0
0
0
0
0
4.35929e-06
8.59841e-06
1.03217e-05
7.12896e-06
3.58884e-06
1.43006e-06
8.09395e-08
0
0
0
0
0
2.31327e-06
5.27404e-06
6.74044e-06
7.25087e-06
8.16905e-06
1.01152e-05
1.26056e-05
1.47104e-05
1.51478e-05
1.31094e-05
9.30058e-06
5.00139e-06
1.01233e-06
0
0
0
0
0
0
0
0
0
0
0
0
0
0
0
0
0
8.8932e-06
6.75934e-06
5.9707e-06
5.52829e-06
5.11448e-06
4.68356e-06
4.23855e-06
3.78384e-06
3.32013e-06
2.84994e-06
2.37885e-06
1.91531e-06
1.47107e-06
1.06149e-06
7.04834e-07
4.19361e-07
2.22486e-07
1.33221e-07
1.57969e-07
2.92532e-07
5.26168e-07
8.40816e-07
1.21425e-06
1.62361e-06
2.04799e-06
2.47018e-06
2.8775e-06
3.26195e-06
3.61996e-06
3.95194e-06
4.26155e-06
4.55483e-06
4.83889e-06
5.11929e-06
5.39443e-06
5.64794e-06
5.84418e-06
5.93391e-06
5.87574e-06
5.67015e-06
5.39537e-06
5.21241e-06
5.28707e-06
5.637e-06
6.073e-06
6.28217e-06
5.82625e-06
3.84838e-06
0
0
0
0
0
0
0
0
0
0
6.10181e-07
1.16044e-06
1.15043e-06
9.20618e-07
6.37184e-07
2.95816e-07
0
0
0
0
0
0
4.39552e-06
1.31773e-05
1.61713e-05
1.50009e-05
1.22009e-05
9.84618e-06
8.89296e-06
8.96901e-06
9.33011e-06
9.32925e-06
7.84246e-06
4.3084e-06
0
0
0
0
0
0
0
0
0
0
0
0
0
0
0
0
0
0
8.9244e-06
6.94388e-06
6.18753e-06
5.75088e-06
5.34173e-06
4.91913e-06
4.485e-06
4.04244e-06
3.59151e-06
3.13342e-06
2.67149e-06
2.21106e-06
1.76004e-06
1.32963e-06
9.34889e-07
5.92239e-07
3.1927e-07
1.33872e-07
4.45412e-08
4.55104e-08
1.29923e-07
2.86939e-07
4.99772e-07
7.50313e-07
1.02219e-06
1.30219e-06
1.58088e-06
1.85265e-06
2.11525e-06
2.36917e-06
2.61681e-06
2.86146e-06
3.10668e-06
3.3554e-06
3.60799e-06
3.85911e-06
4.0948e-06
4.29322e-06
4.43342e-06
4.50828e-06
4.53581e-06
4.55126e-06
4.57988e-06
4.5978e-06
4.509e-06
4.13548e-06
3.1161e-06
2.96458e-07
0
0
0
0
0
0
0
0
0
0
0
0
0
0
0
0
0
0
0
0
0
0
6.1586e-06
2.49108e-05
3.30329e-05
3.19746e-05
2.54739e-05
1.79231e-05
1.18583e-05
7.72266e-06
4.76119e-06
1.99969e-06
0
0
0
0
0
0
0
0
0
0
1.03388e-07
1.51117e-07
1.54027e-07
1.32369e-07
9.54302e-08
5.67083e-08
0
0
0
0
7.81543e-06
6.18787e-06
5.53373e-06
5.14025e-06
4.77727e-06
4.41331e-06
4.04916e-06
3.68631e-06
3.32369e-06
2.96032e-06
2.59564e-06
2.2297e-06
1.86422e-06
1.50319e-06
1.15525e-06
8.33149e-07
5.52124e-07
3.19021e-07
1.55547e-07
7.12369e-08
5.9045e-08
1.08244e-07
2.05676e-07
3.37151e-07
4.90132e-07
6.55042e-07
8.25451e-07
9.97778e-07
1.17075e-06
1.34477e-06
1.52122e-06
1.70152e-06
1.88664e-06
2.07657e-06
2.27021e-06
2.46615e-06
2.66251e-06
2.85369e-06
3.03074e-06
3.18202e-06
3.30046e-06
3.38449e-06
3.44531e-06
3.48597e-06
3.39696e-06
2.53583e-06
0
0
0
0
0
0
0
0
0
0
0
0
0
0
0
0
0
0
0
0
0
0
2.19479e-06
8.41022e-06
6.07292e-06
1.5613e-06
9.704e-06
2.44883e-05
3.42938e-05
3.20377e-05
2.30229e-05
1.36534e-05
5.47354e-06
0
0
0
0
2.34604e-07
1.58429e-07
0
0
0
0
0
0
0
0
0
0
0
0
0
0
0
5.99729e-06
4.79275e-06
4.28185e-06
3.96223e-06
3.67043e-06
3.38426e-06
3.10342e-06
2.82778e-06
2.55576e-06
2.28638e-06
2.01769e-06
1.74716e-06
1.47266e-06
1.19293e-06
9.13376e-07
6.46526e-07
4.06083e-07
1.79945e-07
0
0
0
0
0
0
7.42717e-09
1.15606e-07
2.28744e-07
3.43304e-07
4.57831e-07
5.72484e-07
6.88577e-07
8.08464e-07
9.34805e-07
1.07012e-06
1.22007e-06
1.3933e-06
1.59909e-06
1.84346e-06
2.13764e-06
2.50015e-06
2.92624e-06
3.43426e-06
4.00102e-06
4.47978e-06
3.71761e-06
0
0
0
0
0
0
0
0
0
0
0
0
0
0
0
0
0
6.69028e-07
9.84672e-07
0
0
0
0
1.09597e-05
1.6587e-05
8.141e-06
3.87791e-07
9.42994e-07
5.21652e-06
1.16805e-05
1.94574e-05
2.50523e-05
2.50378e-05
1.84156e-05
2.84536e-06
0
0
0
0
0
0
0
0
0
0
0
0
0
0
0
0
0
0
0
0
3.38374e-06
2.62287e-06
2.28315e-06
2.06117e-06
1.84927e-06
1.63147e-06
1.40568e-06
1.17046e-06
9.08493e-07
5.99582e-07
2.38306e-07
0
0
0
0
0
0
0
7.37611e-07
1.875e-06
2.70143e-06
3.15413e-06
3.31638e-06
3.30204e-06
3.19792e-06
3.05557e-06
2.90051e-06
2.74191e-06
2.58039e-06
2.41e-06
2.20671e-06
2.0014e-06
1.61812e-06
8.07642e-07
2.72791e-06
1.0692e-06
1.05075e-06
3.31137e-06
3.0225e-06
3.74709e-06
7.50432e-07
4.53093e-06
9.07885e-06
7.95886e-06
0
0
0
0
0
0
0
0
0
0
0
0
0
0
0
0
0
2.14339e-08
9.52512e-07
1.2167e-07
0
0
0
4.38783e-06
2.04274e-05
1.59474e-05
1.72666e-06
0
9.54891e-07
2.49061e-06
2.87585e-06
3.72775e-06
5.84347e-06
8.9341e-06
1.20736e-05
1.29245e-05
1.32194e-06
0
0
0
0
0
0
0
0
5.74374e-07
1.72922e-06
1.84225e-06
1.35458e-06
7.95726e-07
4.02885e-07
2.31859e-07
1.82902e-07
2.84875e-07
2.00806e-07
0
0
0
0
0
0
0
0
0
0
0
0
0
0
0
0
0
0
0
0
0
2.74502e-07
6.64084e-07
1.06656e-06
1.4636e-06
1.83589e-06
2.16471e-06
2.43314e-06
2.62686e-06
2.73346e-06
2.74369e-06
2.63873e-06
2.45503e-06
1.9084e-06
1.48715e-06
1.97671e-06
2.44186e-06
1.67803e-06
1.54829e-06
1.90241e-06
1.52007e-06
9.53319e-07
4.59628e-07
0
0
0
0
0
0
0
0
0
0
0
0
0
1.53473e-07
3.15837e-07
0
0
0
0
0
0
0
0
0
0
1.19462e-05
1.86026e-05
4.57639e-06
0
0
7.69957e-07
8.57816e-07
0
0
0
0
0
1.63678e-07
0
0
0
0
0
0
0
0
0
0
0
5.03125e-07
6.34571e-07
3.97447e-07
7.56372e-08
0
0
6.63669e-08
2.02193e-07
6.33259e-07
0
0
0
0
0
0
0
0
0
0
0
0
0
0
0
0
0
0
0
0
0
0
0
0
0
0
0
0
2.93883e-09
6.689e-09
8.55092e-09
7.76463e-09
3.4822e-09
0
0
0
0
0
0
0
0
0
0
0
0
0
0
0
0
0
0
0
0
0
0
0
0
0
0
0
0
0
0
0
0
0
2.51143e-06
3.42394e-05
3.73009e-05
2.45234e-05
3.82048e-06
0
0
0
0
0
0
0
0
1.02999e-06
1.16096e-06
6.98987e-07
2.79057e-07
2.18023e-07
4.06788e-07
3.41562e-07
0
0
0
0
0
0
0
0
0
0
0
0
1.3769e-07
5.18253e-07
0
0
0
0
0
0
0
0
0
0
0
0
0
0
0
0
0
0
0
0
0
0
0
0
0
0
0
0
0
0
0
0
0
0
0
0
0
0
0
0
0
0
0
0
0
0
0
0
0
0
0
9.64774e-07
1.7273e-06
0
0
0
0
0
0
0
0
0
0
0
0
0
6.37859e-05
0.000113708
0.000125587
8.95872e-05
1.21988e-05
0
0
0
0
0
0
0
1.01159e-06
8.10067e-07
4.07761e-07
4.14653e-08
0
0
0
0
0
0
0
0
0
0
0
0
0
0
0
1.22019e-07
2.53678e-07
4.95198e-07
0
0
0
0
0
0
0
0
0
0
0
0
0
0
0
0
0
0
0
0
0
0
0
0
0
0
0
0
0
0
0
0
0
0
0
0
0
0
0
0
0
0
0
0
0
0
0
0
4.66459e-07
4.3574e-07
1.85333e-06
7.38346e-06
1.18002e-05
3.20601e-06
0
0
0
0
0
0
0
0
0
0
0
6.32073e-05
7.50657e-05
5.76012e-05
4.62264e-05
2.95413e-05
4.68324e-06
0
0
0
0
0
0
0
8.86872e-07
4.90173e-07
1.15015e-07
0
0
0
0
0
0
0
0
0
0
0
0
0
0
4.0794e-08
1.26971e-07
2.20054e-07
3.30033e-07
5.32319e-07
1.58718e-05
1.644e-05
1.38872e-05
6.77853e-06
0
0
0
0
0
8.51319e-07
2.38437e-06
2.57446e-06
1.29932e-06
0
0
6.95741e-07
9.49194e-06
5.8104e-05
0
0
0
2.5528e-06
7.88696e-06
1.97243e-05
5.84499e-05
0.000121415
0.000113131
5.53788e-05
2.459e-05
1.19327e-05
3.8684e-06
0
0
0
0
0
0
0
0
0
0
0
0
0
5.9909e-07
0
0
0
0
0
2.93442e-05
9.66575e-05
8.26267e-05
2.30068e-05
8.82564e-06
3.79052e-06
3.63196e-06
3.44602e-06
9.94818e-08
0
0
0
0
0
0
0
0
0
0
0
0
0
0
0
0
0
0
0
0
0
0
0
0
1.16846e-06
2.21645e-06
2.42259e-06
1.82422e-06
8.25627e-07
0
0
0
0
0
0
0
0
0
4.16084e-07
8.99457e-07
8.03068e-07
5.34371e-06
1.58587e-05
1.99007e-05
1.49944e-05
1.12528e-06
0
0
0
0
3.63129e-06
7.63245e-06
1.00187e-05
1.07336e-05
1.05403e-05
1.2514e-05
2.05149e-05
3.69453e-05
6.51375e-05
4.98616e-05
0
0
1.6792e-06
2.67031e-05
3.91113e-05
4.37095e-05
2.98699e-05
1.32582e-05
7.2646e-06
6.45142e-06
6.75272e-06
6.44925e-06
5.42236e-06
4.15152e-06
3.11279e-06
2.31114e-06
1.40445e-06
9.37809e-08
0
0
0
0
0
0
0
4.51449e-06
1.50567e-06
0
0
0
0
5.01558e-05
4.94718e-05
2.53934e-05
1.78951e-05
1.8647e-05
1.91039e-05
1.83866e-05
1.29558e-05
9.74156e-08
0
0
0
0
0
0
0
0
0
0
0
0
0
0
0
0
0
0
0
0
0
0
0
0
1.48657e-06
2.51126e-06
2.32918e-06
1.5216e-06
6.20862e-07
0
0
0
0
0
0
0
0
0
0
4.157e-07
4.9541e-07
1.07572e-06
6.41917e-06
1.94021e-05
1.89938e-05
0
0
0
0
0
5.86249e-05
6.75096e-05
5.22995e-05
3.58788e-05
2.47385e-05
1.89283e-05
1.73172e-05
1.66579e-05
7.88313e-06
0
0
0
0
2.52199e-06
8.1846e-06
9.64415e-06
6.83194e-06
3.74946e-06
2.84023e-06
3.74546e-06
6.12176e-06
9.46558e-06
1.34476e-05
1.74443e-05
2.04199e-05
2.09535e-05
1.7111e-05
7.09582e-06
0
0
0
0
0
0
0
0
0
0
0
0
0
1.80563e-05
1.34142e-05
1.04676e-05
1.28259e-05
2.08639e-05
3.68827e-05
6.33468e-05
6.47005e-05
2.07908e-06
0
0
0
0
0
0
0
0
0
0
0
0
0
0
0
0
0
0
0
0
0
0
0
0
1.53536e-06
2.39566e-06
1.59073e-06
6.4373e-07
1.78633e-07
0
0
0
0
0
0
0
0
0
0
0
0
1.30286e-07
1.54434e-06
1.00811e-05
0
0
0
0
0
8.63495e-05
8.98874e-05
4.73399e-05
2.6209e-05
1.29111e-05
4.76651e-06
9.71587e-07
8.64767e-07
3.30851e-07
0
0
0
0
0
1.53108e-06
5.53321e-06
7.09359e-06
6.89663e-06
6.6356e-06
8.42175e-06
1.30912e-05
2.01254e-05
2.58361e-05
2.57406e-05
2.10955e-05
1.5959e-05
1.15816e-05
6.97689e-06
7.48566e-07
0
0
0
0
0
0
0
0
0
0
0
0
0
8.62168e-06
1.09394e-05
1.16319e-05
1.75267e-05
2.99567e-05
4.49379e-05
4.75609e-05
2.95926e-05
1.72897e-05
1.40144e-05
1.41039e-05
1.18314e-05
5.38479e-06
0
0
0
0
0
0
0
0
0
0
0
0
0
0
0
0
0
0
0
0
2.7189e-05
4.88231e-05
4.46103e-05
2.75164e-05
7.79451e-06
1.21483e-05
0
0
0
0
0
0
0
0
0
1.82838e-05
1.61361e-05
0
0
0
0
0
0
0
0
0.000123153
6.64913e-05
3.13656e-05
1.31254e-05
3.174e-06
0
0
0
0
0
0
0
0
0
1.11699e-06
4.18245e-06
9.79142e-06
1.76161e-05
2.33375e-05
2.41623e-05
1.83231e-05
1.09773e-05
6.02028e-06
3.02599e-06
9.10512e-07
0
0
0
0
1.62515e-06
4.88173e-06
5.62879e-06
4.5697e-06
2.68867e-06
6.53478e-07
0
0
0
0
0
0
0
4.27163e-06
1.02674e-05
1.52556e-05
2.66017e-05
3.54778e-05
3.84271e-05
4.78822e-05
4.72049e-05
4.23037e-05
4.13465e-05
4.29176e-05
3.78254e-05
2.4343e-05
1.06716e-05
3.08498e-06
5.49055e-07
1.67785e-08
4.84982e-07
1.61144e-06
2.65208e-06
6.74395e-07
0
0
0
0
0
0
0
0
0
0
0
0
3.90496e-06
5.64994e-07
0
0
0
4.5899e-05
0.000183539
6.90294e-05
2.16629e-05
3.02886e-06
1.34145e-06
3.33972e-06
3.80929e-06
4.74516e-06
6.90863e-06
7.82799e-06
4.60013e-06
0
0
0
1.67784e-05
1.74637e-05
1.56472e-05
4.14912e-05
0.000166215
0.000151722
7.25143e-05
3.18917e-05
1.0819e-05
1.90329e-06
9.94693e-07
1.29442e-06
0
0
0
0
0
0
0
0
0
9.76021e-06
8.68621e-06
5.71702e-06
3.27417e-06
1.71388e-06
7.6242e-07
6.48962e-08
0
0
0
0
0
0
2.42749e-06
5.49696e-06
6.74074e-06
6.16974e-06
4.56117e-06
2.73592e-06
1.39141e-06
1.01563e-06
1.2696e-06
0
0
0
0
8.08298e-07
6.79801e-06
1.31524e-05
2.30375e-05
3.08094e-05
4.84503e-05
6.48961e-05
6.77105e-05
6.69203e-05
7.02097e-05
7.24233e-05
6.1765e-05
3.99202e-05
2.22738e-05
1.51366e-05
1.03884e-05
6.44327e-06
4.0081e-06
2.57008e-06
3.44381e-07
0
0
0
0
0
0
0
0
0
2.37176e-06
1.15157e-06
0
0
0
0
0
0
0
2.15189e-05
0
0
0
0
1.23077e-05
3.64601e-05
3.03173e-05
1.35724e-05
5.77221e-06
5.04517e-06
3.21405e-06
0
0
0
1.2761e-05
2.83143e-05
4.51619e-05
7.41555e-05
8.56712e-05
4.79614e-05
5.62238e-05
3.86746e-05
1.4682e-05
6.69169e-06
4.47244e-06
1.31095e-06
0
0
0
0
0
0
0
0
0
0
0
0
0
0
0
0
0
0
0
0
2.04183e-07
1.62651e-06
3.34123e-06
4.66578e-06
5.04169e-06
4.44545e-06
3.30801e-06
2.1279e-06
1.29486e-06
1.37713e-06
2.53005e-06
4.16368e-06
0
0
0
0
2.03962e-06
6.50185e-06
1.41458e-05
2.95947e-05
5.61942e-05
7.74845e-05
8.41568e-05
8.76419e-05
9.4781e-05
9.68409e-05
7.92857e-05
4.81925e-05
3.17187e-05
2.6312e-05
1.73683e-05
1.03953e-05
5.84388e-06
1.88882e-06
0
0
0
0
0
0
0
0
0
1.88855e-07
4.32123e-06
5.72518e-06
1.21495e-06
0
0
0
0
0
0
3.19579e-05
4.35598e-06
0
0
0
8.87887e-06
2.75769e-05
2.65387e-05
2.05287e-05
9.51837e-06
0
0
0
0
0
2.0203e-06
7.54259e-06
1.27478e-05
2.21982e-05
1.47298e-05
0
0
0
3.68463e-06
4.58827e-06
3.20853e-06
1.69401e-06
7.08156e-07
2.77553e-08
0
0
0
0
0
0
0
0
0
0
0
0
0
0
0
0
8.48587e-07
2.31477e-06
4.04567e-06
5.38026e-06
5.39552e-06
4.12863e-06
2.48533e-06
1.21384e-06
5.38812e-07
3.90769e-07
6.23683e-07
1.52325e-06
3.26109e-06
5.7492e-06
5.61282e-06
0
0
0
0
0
5.96399e-06
2.70005e-05
6.10036e-05
8.8607e-05
9.93845e-05
0.000105274
0.00011376
0.000113686
8.47182e-05
4.43446e-05
3.85014e-05
3.18887e-05
2.06311e-05
1.29599e-05
7.50798e-06
1.02307e-06
0
0
0
0
0
0
0
0
0
2.54288e-06
5.66022e-06
5.20234e-06
8.54027e-07
0
0
0
0
0
6.71138e-06
3.30287e-05
0
0
0
0
8.36188e-06
2.51926e-05
2.0972e-05
1.40758e-05
7.9339e-06
0
0
0
0
0
2.93995e-07
1.47372e-06
0
0
2.66503e-06
1.41485e-06
0
0
0
3.14274e-06
5.13066e-06
4.81851e-06
4.20328e-06
3.17567e-06
8.56562e-07
0
0
0
0
0
0
0
0
0
0
0
0
0
0
2.95285e-07
2.31066e-06
5.09565e-06
8.08603e-06
9.6191e-06
7.7894e-06
3.03425e-06
0
0
0
0
5.35739e-08
2.05539e-06
4.63264e-06
7.14646e-06
8.36859e-06
3.41741e-06
0
0
0
0
0
2.18763e-05
6.36479e-05
0.000100338
0.000117029
0.000124527
0.000132344
0.000123647
6.8511e-05
3.32562e-05
4.29107e-05
3.30826e-05
2.20232e-05
1.49308e-05
8.81895e-06
0
0
0
0
0
0
0
0
0
0
4.42702e-06
6.43331e-06
4.3048e-06
0
0
0
0
0
0
8.8993e-06
2.02979e-05
9.04232e-06
0
0
0
1.07425e-05
2.51862e-05
2.0414e-05
1.16909e-05
6.06155e-06
0
0
0
0
0
2.06524e-06
2.22271e-06
0
0
2.85382e-06
1.54716e-06
0
0
2.12789e-06
6.70927e-06
9.19685e-06
1.01513e-05
1.00492e-05
7.62656e-06
2.08776e-06
0
1.18589e-06
0
0
0
0
0
0
0
0
0
0
0
0
4.58451e-07
3.36211e-06
7.56843e-06
1.2296e-05
1.47143e-05
1.06799e-05
5.60876e-07
0
0
0
0
1.2549e-08
3.36054e-06
6.91546e-06
9.17982e-06
9.73963e-06
7.32722e-06
0
0
0
0
0
1.32666e-05
6.25291e-05
0.000112252
0.000140458
0.000152305
0.000156898
0.000119185
1.93083e-05
3.56417e-05
4.41257e-05
3.22032e-05
2.24963e-05
1.64129e-05
9.13076e-06
0
0
0
0
0
0
0
0
0
1.38389e-06
5.7893e-06
7.49214e-06
5.51535e-06
0
0
0
0
0
0
3.54656e-06
7.32817e-06
1.12413e-05
5.5421e-06
0
0
1.52238e-05
2.70101e-05
2.3021e-05
1.11599e-05
4.21754e-06
0
0
0
0
2.2688e-06
6.47531e-06
7.43455e-06
7.60294e-06
2.98731e-07
0
0
0
3.2361e-07
3.23745e-06
6.70173e-06
9.65654e-06
1.11219e-05
8.14122e-06
2.83104e-07
7.50244e-06
2.80016e-05
1.84943e-05
8.15222e-06
7.17075e-07
0
0
0
0
0
0
0
0
0
0
3.09811e-07
4.04462e-06
9.74394e-06
1.68462e-05
2.15329e-05
1.49818e-05
0
0
0
0
0
8.78526e-07
6.02733e-06
1.0319e-05
1.17565e-05
1.08306e-05
9.09738e-06
8.20412e-07
0
0
0
0
1.0444e-07
5.38512e-05
0.000119272
0.000170503
0.000199128
0.000196365
4.96851e-05
0
4.53778e-05
4.20821e-05
3.01652e-05
2.27606e-05
1.7405e-05
8.90203e-06
0
0
0
0
0
0
0
0
0
3.69421e-06
7.41384e-06
8.99681e-06
7.40964e-06
2.28723e-06
0
0
0
0
0
0
5.78279e-06
1.16432e-05
9.72724e-06
7.06902e-07
2.92883e-06
1.96334e-05
2.756e-05
2.46732e-05
1.13831e-05
3.45666e-06
0
0
0
2.81926e-06
9.47757e-06
1.33215e-05
1.56211e-05
1.52698e-05
0
0
0
0
0
1.5441e-06
3.79456e-06
5.14072e-06
3.90693e-06
0
0
1.31234e-05
2.84294e-05
2.42617e-05
1.37515e-05
4.65611e-06
0
0
0
0
0
0
0
0
0
0
0
4.21525e-06
1.13968e-05
2.13922e-05
3.04377e-05
2.19758e-05
0
0
0
0
0
3.51156e-06
1.06847e-05
1.44674e-05
1.41754e-05
1.16404e-05
9.05007e-06
3.05271e-06
0
0
0
0
0
3.3658e-05
0.000109589
0.000193867
0.000272167
0.000223527
0
2.76405e-05
4.75954e-05
3.77289e-05
2.79291e-05
2.34812e-05
1.80221e-05
9.42862e-06
1.53542e-06
0
0
0
0
0
0
0
1.8392e-06
5.84606e-06
9.10871e-06
1.05841e-05
9.31184e-06
4.84132e-06
0
0
0
0
0
0
4.29218e-06
1.01088e-05
1.09065e-05
7.19671e-06
1.07469e-05
2.26654e-05
2.72761e-05
2.45938e-05
1.12133e-05
3.53298e-06
0
0
0
8.95682e-07
3.88827e-06
4.41043e-06
1.96882e-06
0
0
0
0
0
0
0
1.19762e-06
1.72407e-06
8.72164e-07
3.94816e-08
3.11592e-06
1.44866e-05
2.67756e-05
2.59291e-05
1.63152e-05
6.77662e-06
6.07623e-07
0
0
0
0
0
0
0
0
0
0
3.6246e-06
1.20205e-05
2.47251e-05
3.97774e-05
3.24967e-05
0
0
0
0
0
9.34369e-06
1.66534e-05
1.78218e-05
1.54408e-05
1.17348e-05
7.95136e-06
3.59067e-06
0
0
0
0
0
3.33644e-06
7.08255e-05
0.000159011
0.00023205
0
0
4.35705e-05
4.33187e-05
3.24962e-05
2.68079e-05
2.47496e-05
1.89773e-05
1.14669e-05
4.80176e-06
0
0
0
0
0
0
6.46222e-07
4.45931e-06
8.13684e-06
1.11386e-05
1.25442e-05
1.14921e-05
7.53846e-06
6.62212e-07
0
0
0
0
0
3.74604e-06
9.19584e-06
1.21045e-05
1.27793e-05
1.70647e-05
2.49657e-05
2.68402e-05
2.40315e-05
1.06897e-05
3.61188e-06
0
0
0
0
0
0
0
0
0
0
0
0
0
0
0
9.65561e-08
3.17434e-07
1.72303e-06
6.68266e-06
1.73475e-05
2.77071e-05
2.67301e-05
1.71231e-05
7.5443e-06
1.40759e-06
0
0
0
0
0
0
0
0
0
0
2.0756e-06
1.16261e-05
2.63459e-05
4.71867e-05
4.62063e-05
0
0
0
0
5.88248e-06
1.75237e-05
2.08485e-05
1.88309e-05
1.50865e-05
1.09316e-05
6.54262e-06
2.59433e-06
0
0
0
0
0
0
1.60422e-05
5.84186e-05
3.68087e-05
0
3.05116e-05
4.35794e-05
3.61956e-05
2.82412e-05
2.75949e-05
2.64253e-05
2.10487e-05
1.46814e-05
8.54288e-06
3.01789e-06
0
0
0
0
0
3.39955e-06
6.99559e-06
1.04762e-05
1.32985e-05
1.46409e-05
1.37447e-05
1.01953e-05
3.93469e-06
0
0
0
0
8.64086e-07
3.7753e-06
9.18846e-06
1.40907e-05
1.74983e-05
2.16844e-05
2.66949e-05
2.64049e-05
2.3196e-05
9.85e-06
3.40048e-06
0
0
0
0
0
0
0
0
0
0
0
0
0
0
0
0
3.03e-07
3.49014e-06
1.04466e-05
2.16956e-05
3.02971e-05
2.75256e-05
1.69978e-05
7.5249e-06
1.82769e-06
0
0
0
0
0
0
0
0
0
0
0
9.64698e-06
2.68649e-05
5.43788e-05
6.9957e-05
0
0
0
9.67908e-07
1.7045e-05
2.26454e-05
2.13258e-05
1.76394e-05
1.35579e-05
9.52712e-06
5.25489e-06
1.17464e-06
0
0
0
0
0
0
0
0
0
1.60404e-05
3.633e-05
3.70109e-05
2.90559e-05
2.68368e-05
2.98895e-05
2.88162e-05
2.41317e-05
1.82062e-05
1.20165e-05
6.32843e-06
1.88828e-06
0
0
1.43082e-07
2.74952e-06
5.9938e-06
9.46688e-06
1.28234e-05
1.55245e-05
1.68269e-05
1.60531e-05
1.28223e-05
7.08487e-06
0
0
0
0
3.53701e-06
3.76428e-06
9.76896e-06
1.6128e-05
2.09012e-05
2.46145e-05
2.76672e-05
2.60313e-05
2.26215e-05
9.11609e-06
3.12367e-06
0
0
)
;

boundaryField
{
    outlet
    {
        type            zeroGradient;
    }
    inlet
    {
        type            zeroGradient;
    }
    lowerWall
    {
        type            zeroGradient;
    }
    upperWall
    {
        type            zeroGradient;
    }
    frontAndBack
    {
        type            empty;
    }
}


// ************************************************************************* //
