/*--------------------------------*- C++ -*----------------------------------*\
  =========                 |
  \\      /  F ield         | OpenFOAM: The Open Source CFD Toolbox
   \\    /   O peration     | Website:  https://openfoam.org
    \\  /    A nd           | Version:  10
     \\/     M anipulation  |
\*---------------------------------------------------------------------------*/
FoamFile
{
    format      ascii;
    class       volScalarField;
    location    "0.18";
    object      nut;
}
// * * * * * * * * * * * * * * * * * * * * * * * * * * * * * * * * * * * * * //

dimensions      [0 2 -1 0 0 0 0];

internalField   nonuniform List<scalar> 
6820
(
0.000503209
0.000397077
0.000324512
0.000269357
0.000236471
0.000214058
0.000197408
0.000184651
0.000174328
0.000165644
0.000158151
0.000151557
0.000145668
0.000140346
0.000135492
0.000131031
0.000126906
0.000123073
0.000119498
0.000116152
0.000113015
0.000110068
0.000107295
0.000104686
0.000102232
9.99247e-05
9.77535e-05
9.57193e-05
9.37931e-05
9.20263e-05
9.02774e-05
8.87716e-05
8.64925e-05
8.18502e-05
0.000143723
0.000196417
0.000210837
0.000206412
0.000197551
0.000187285
0.000177372
0.0001684
0.000160355
0.000153134
0.000146621
0.000140706
0.000135302
0.000130335
0.000125746
0.000121487
0.000117516
0.000113798
0.000110304
0.00010701
0.000103894
0.000100941
9.81325e-05
9.54558e-05
9.29026e-05
9.04627e-05
8.81284e-05
8.59082e-05
8.37671e-05
8.18152e-05
7.98556e-05
7.88039e-05
3.85916e-05
2.73974e-05
4.30464e-05
7.44683e-05
9.58867e-05
0.000109263
0.000116528
0.000119844
0.000120789
0.000120265
0.00011883
0.000116834
0.000114499
0.000111969
0.000109336
0.000106662
0.000103987
0.000101338
9.87322e-05
9.61813e-05
9.36917e-05
9.1267e-05
8.89089e-05
8.66175e-05
8.43918e-05
8.22313e-05
8.01346e-05
7.80993e-05
7.61287e-05
7.42268e-05
7.24049e-05
7.06678e-05
6.91305e-05
1.99684e-05
2.35322e-05
2.20744e-05
1.27921e-05
2.92696e-06
1.24396e-05
2.29808e-05
3.16632e-05
3.86687e-05
4.42484e-05
4.86419e-05
5.20615e-05
5.46792e-05
5.66322e-05
5.80392e-05
5.89974e-05
5.95862e-05
5.98707e-05
5.99045e-05
5.97314e-05
5.93875e-05
5.89023e-05
5.83003e-05
5.76018e-05
5.68234e-05
5.59792e-05
5.50827e-05
5.41436e-05
5.31741e-05
5.21845e-05
5.11863e-05
5.01992e-05
4.92641e-05
1.32446e-05
1.50886e-05
1.99373e-05
2.20303e-05
2.14763e-05
1.95286e-05
1.6894e-05
1.39385e-05
1.08774e-05
7.83932e-06
4.90925e-06
2.16817e-06
7.98103e-07
2.97593e-06
5.12728e-06
7.08172e-06
8.83401e-06
1.0391e-05
1.17629e-05
1.29616e-05
1.39991e-05
1.48872e-05
1.56374e-05
1.62606e-05
1.67665e-05
1.71648e-05
1.74643e-05
1.76745e-05
1.78031e-05
1.78621e-05
1.78581e-05
1.78086e-05
1.76795e-05
1.01903e-05
1.103e-05
1.18576e-05
1.26574e-05
1.32927e-05
1.38372e-05
1.42358e-05
1.44536e-05
1.45021e-05
1.44025e-05
1.4176e-05
1.38451e-05
1.34305e-05
1.29469e-05
1.24133e-05
1.18458e-05
1.12583e-05
1.06627e-05
1.0069e-05
9.48517e-06
8.91776e-06
8.37196e-06
7.85182e-06
7.36049e-06
6.90032e-06
6.47318e-06
6.07981e-06
5.72133e-06
5.39712e-06
5.11002e-06
4.85559e-06
4.65692e-06
4.52006e-06
7.53357e-06
8.26273e-06
8.69167e-06
8.92691e-06
8.82406e-06
8.62219e-06
8.46517e-06
8.38422e-06
8.37268e-06
8.40585e-06
8.4566e-06
8.50615e-06
8.54514e-06
8.57118e-06
8.58094e-06
8.57303e-06
8.54765e-06
8.50578e-06
8.44887e-06
8.37857e-06
8.29669e-06
8.20502e-06
8.10531e-06
7.99928e-06
7.88853e-06
7.77466e-06
7.65902e-06
7.5437e-06
7.43033e-06
7.3248e-06
7.23407e-06
7.18191e-06
7.18248e-06
5.74962e-06
6.62504e-06
7.02839e-06
7.14136e-06
6.89005e-06
6.5301e-06
6.20294e-06
5.93321e-06
5.71939e-06
5.55232e-06
5.41996e-06
5.31271e-06
5.2235e-06
5.14718e-06
5.0804e-06
5.02085e-06
4.96667e-06
4.91634e-06
4.8687e-06
4.82296e-06
4.77858e-06
4.73526e-06
4.69286e-06
4.65143e-06
4.61119e-06
4.57267e-06
4.53655e-06
4.50485e-06
4.48011e-06
4.46895e-06
4.47649e-06
4.51994e-06
4.6138e-06
4.47399e-06
5.26268e-06
5.56797e-06
5.72349e-06
5.64248e-06
5.43585e-06
5.19466e-06
4.95342e-06
4.73153e-06
4.53693e-06
4.36801e-06
4.22051e-06
4.09058e-06
3.97508e-06
3.87154e-06
3.77797e-06
3.6929e-06
3.61525e-06
3.54426e-06
3.4794e-06
3.4203e-06
3.36674e-06
3.31862e-06
3.27604e-06
3.23925e-06
3.20886e-06
3.18579e-06
3.17196e-06
3.16956e-06
3.18336e-06
3.21878e-06
3.28693e-06
3.40187e-06
3.54331e-06
4.25277e-06
4.54394e-06
4.71026e-06
4.67768e-06
4.51847e-06
4.32092e-06
4.12402e-06
3.9444e-06
3.78675e-06
3.64858e-06
3.52616e-06
3.41656e-06
3.31754e-06
3.22743e-06
3.14507e-06
3.06968e-06
3.00069e-06
2.93768e-06
2.88035e-06
2.82852e-06
2.78214e-06
2.74127e-06
2.70614e-06
2.67715e-06
2.65502e-06
2.64079e-06
2.63617e-06
2.64348e-06
2.6666e-06
2.70987e-06
2.77878e-06
2.88565e-06
2.85131e-06
3.47485e-06
3.74813e-06
3.90306e-06
3.90656e-06
3.80449e-06
3.66151e-06
3.50815e-06
3.35903e-06
3.22146e-06
3.09709e-06
2.98531e-06
2.885e-06
2.79487e-06
2.71373e-06
2.64056e-06
2.57453e-06
2.51497e-06
2.46137e-06
2.41337e-06
2.37076e-06
2.33346e-06
2.30151e-06
2.27513e-06
2.2547e-06
2.24089e-06
2.23465e-06
2.23744e-06
2.25114e-06
2.2783e-06
2.32204e-06
2.38422e-06
2.47633e-06
2.32326e-06
2.86646e-06
3.13777e-06
3.29774e-06
3.33373e-06
3.27053e-06
3.15807e-06
3.02723e-06
2.89532e-06
2.77158e-06
2.65904e-06
2.55778e-06
2.46696e-06
2.38553e-06
2.31242e-06
2.24672e-06
2.18772e-06
2.13485e-06
2.0877e-06
2.04597e-06
2.00945e-06
1.97807e-06
1.95186e-06
1.93097e-06
1.91573e-06
1.90667e-06
1.90454e-06
1.91038e-06
1.92555e-06
1.95156e-06
1.99061e-06
2.04224e-06
2.11707e-06
1.91055e-06
2.38554e-06
2.65819e-06
2.82168e-06
2.87787e-06
2.84471e-06
2.76209e-06
2.65793e-06
2.548e-06
2.441e-06
2.34069e-06
2.24831e-06
2.16411e-06
2.08785e-06
2.01905e-06
1.9572e-06
1.90181e-06
1.85244e-06
1.8087e-06
1.7703e-06
1.73701e-06
1.70871e-06
1.68537e-06
1.66705e-06
1.65397e-06
1.64647e-06
1.64503e-06
1.65031e-06
1.66314e-06
1.68424e-06
1.71506e-06
1.75378e-06
1.81036e-06
1.58041e-06
2.00013e-06
2.27541e-06
2.44632e-06
2.52133e-06
2.51454e-06
2.4567e-06
2.37264e-06
2.27791e-06
2.18198e-06
2.08988e-06
2.00391e-06
1.92499e-06
1.85327e-06
1.78849e-06
1.73025e-06
1.67812e-06
1.63169e-06
1.59059e-06
1.55453e-06
1.52327e-06
1.49665e-06
1.47458e-06
1.45704e-06
1.44413e-06
1.43598e-06
1.43286e-06
1.43509e-06
1.44309e-06
1.45703e-06
1.47791e-06
1.50326e-06
1.54248e-06
1.31042e-06
1.68787e-06
1.96631e-06
2.14593e-06
2.23598e-06
2.24957e-06
2.21181e-06
2.14534e-06
2.06528e-06
1.98107e-06
1.89804e-06
1.81896e-06
1.74518e-06
1.67725e-06
1.61524e-06
1.55903e-06
1.50836e-06
1.46296e-06
1.42254e-06
1.38682e-06
1.35558e-06
1.32862e-06
1.30578e-06
1.28697e-06
1.27212e-06
1.26124e-06
1.25438e-06
1.25158e-06
1.253e-06
1.25844e-06
1.26866e-06
1.281e-06
1.30419e-06
1.08497e-06
1.43223e-06
1.71413e-06
1.90322e-06
2.00689e-06
2.03825e-06
2.01833e-06
1.96734e-06
1.89967e-06
1.82472e-06
1.74831e-06
1.67383e-06
1.60322e-06
1.53743e-06
1.47685e-06
1.42154e-06
1.37136e-06
1.32609e-06
1.28545e-06
1.24918e-06
1.21701e-06
1.18869e-06
1.16402e-06
1.1428e-06
1.12486e-06
1.11008e-06
1.09834e-06
1.08949e-06
1.08351e-06
1.08006e-06
1.07974e-06
1.07998e-06
1.08893e-06
8.92988e-07
1.22118e-06
1.50728e-06
1.70601e-06
1.82194e-06
1.86827e-06
1.86335e-06
1.82547e-06
1.76847e-06
1.70178e-06
1.6315e-06
1.56142e-06
1.49378e-06
1.42983e-06
1.37017e-06
1.31502e-06
1.26439e-06
1.21813e-06
1.17604e-06
1.13787e-06
1.10338e-06
1.07229e-06
1.04434e-06
1.0193e-06
9.96912e-07
9.7695e-07
9.59194e-07
9.434e-07
9.29442e-07
9.1692e-07
9.06417e-07
8.95652e-07
8.92076e-07
7.26565e-07
1.04609e-06
1.33748e-06
1.54557e-06
1.67275e-06
1.73222e-06
1.74056e-06
1.71441e-06
1.66695e-06
1.6075e-06
1.54234e-06
1.47559e-06
1.40984e-06
1.34664e-06
1.28686e-06
1.23091e-06
1.17892e-06
1.13084e-06
1.0865e-06
1.04569e-06
1.00814e-06
9.73551e-07
9.4164e-07
9.121e-07
8.84627e-07
8.58915e-07
8.34677e-07
8.11613e-07
7.89554e-07
7.68127e-07
7.47928e-07
7.27053e-07
7.12382e-07
5.80207e-07
9.01129e-07
1.199e-06
1.41593e-06
1.55335e-06
1.62435e-06
1.64421e-06
1.62821e-06
1.58893e-06
1.53557e-06
1.47459e-06
1.4104e-06
1.34585e-06
1.28277e-06
1.22221e-06
1.16473e-06
1.1106e-06
1.05985e-06
1.01237e-06
9.67976e-07
9.26414e-07
8.87401e-07
8.50626e-07
8.15763e-07
7.82475e-07
7.50422e-07
7.19285e-07
6.88747e-07
6.58634e-07
6.28649e-07
5.99414e-07
5.6953e-07
5.45246e-07
4.50698e-07
7.82931e-07
1.08811e-06
1.31305e-06
1.45973e-06
1.54095e-06
1.57104e-06
1.56418e-06
1.53233e-06
1.48457e-06
1.42746e-06
1.36558e-06
1.30205e-06
1.23889e-06
1.17735e-06
1.11815e-06
1.06168e-06
1.00804e-06
9.57204e-07
9.09003e-07
8.63212e-07
8.19549e-07
7.77694e-07
7.37303e-07
6.98014e-07
6.59459e-07
6.21288e-07
5.83166e-07
5.44899e-07
5.06235e-07
4.67788e-07
4.28601e-07
3.94513e-07
3.38043e-07
6.90505e-07
1.00268e-06
1.23438e-06
1.38912e-06
1.47922e-06
1.51814e-06
1.51905e-06
1.49336e-06
1.44998e-06
1.39555e-06
1.33482e-06
1.27114e-06
1.20676e-06
1.14315e-06
1.0812e-06
1.0214e-06
9.6398e-07
9.08962e-07
8.56248e-07
8.0564e-07
7.56878e-07
7.09651e-07
6.63614e-07
6.18398e-07
5.7362e-07
5.28902e-07
4.83877e-07
4.38288e-07
3.91866e-07
3.45047e-07
2.9729e-07
2.53681e-07
2.49103e-07
6.25111e-07
9.41951e-07
1.17874e-06
1.34037e-06
1.43838e-06
1.48535e-06
1.49362e-06
1.47404e-06
1.43534e-06
1.38416e-06
1.32535e-06
1.26245e-06
1.19785e-06
1.13315e-06
1.06939e-06
1.00717e-06
9.46802e-07
8.8839e-07
8.31891e-07
7.77161e-07
7.23975e-07
6.72057e-07
6.21085e-07
5.70702e-07
5.20529e-07
4.70169e-07
4.19209e-07
3.67271e-07
3.1391e-07
2.59045e-07
2.01762e-07
1.44747e-07
2.05244e-07
5.89591e-07
9.06024e-07
1.1455e-06
1.31228e-06
1.4165e-06
1.4697e-06
1.48336e-06
1.46782e-06
1.43163e-06
1.38146e-06
1.32237e-06
1.25808e-06
1.19121e-06
1.12357e-06
1.05638e-06
9.90368e-07
9.2598e-07
8.6341e-07
8.02693e-07
7.4375e-07
6.8642e-07
6.30482e-07
5.75677e-07
5.21718e-07
4.68302e-07
4.15125e-07
3.61892e-07
3.08365e-07
2.54356e-07
2.00012e-07
1.45784e-07
9.51258e-08
2.31028e-07
5.87073e-07
8.9608e-07
1.13586e-06
1.30683e-06
1.41714e-06
1.47713e-06
1.49742e-06
1.48777e-06
1.45641e-06
1.40992e-06
1.35334e-06
1.29046e-06
1.22401e-06
1.15596e-06
1.08765e-06
1.01996e-06
9.53467e-07
8.88507e-07
8.2524e-07
7.63714e-07
7.039e-07
6.45721e-07
5.89079e-07
5.33884e-07
4.8008e-07
4.27697e-07
3.76913e-07
3.28189e-07
2.82467e-07
2.41629e-07
2.08917e-07
1.89483e-07
3.13448e-07
6.18758e-07
9.12762e-07
1.14925e-06
1.32142e-06
1.43445e-06
1.49723e-06
1.51956e-06
1.51083e-06
1.47923e-06
1.43144e-06
1.37274e-06
1.30712e-06
1.23755e-06
1.16616e-06
1.09445e-06
1.02343e-06
9.53779e-07
8.85936e-07
8.20156e-07
7.5659e-07
6.95326e-07
6.36428e-07
5.79972e-07
5.26085e-07
4.74989e-07
4.2706e-07
3.82911e-07
3.43489e-07
3.10169e-07
2.8479e-07
2.69401e-07
2.65658e-07
4.27523e-07
6.84065e-07
9.58809e-07
1.19124e-06
1.36619e-06
1.48544e-06
1.55605e-06
1.58661e-06
1.58563e-06
1.5607e-06
1.51824e-06
1.46341e-06
1.40028e-06
1.33196e-06
1.26079e-06
1.1885e-06
1.11636e-06
1.04525e-06
9.75848e-07
9.08605e-07
8.43876e-07
7.81941e-07
7.23055e-07
6.67484e-07
6.15545e-07
5.67631e-07
5.24251e-07
4.86039e-07
4.53765e-07
4.28257e-07
4.10361e-07
4.00575e-07
3.99187e-07
5.63297e-07
7.80878e-07
1.03299e-06
1.25594e-06
1.42616e-06
1.54183e-06
1.60873e-06
1.63518e-06
1.62983e-06
1.60052e-06
1.55389e-06
1.49524e-06
1.42873e-06
1.3575e-06
1.2839e-06
1.20965e-06
1.13601e-06
1.06388e-06
9.93956e-07
9.26737e-07
8.62636e-07
8.02003e-07
7.45168e-07
6.92465e-07
6.44255e-07
6.00934e-07
5.62931e-07
5.30693e-07
5.04654e-07
4.85161e-07
4.72466e-07
4.6654e-07
4.67088e-07
7.19974e-07
9.09996e-07
1.14426e-06
1.36542e-06
1.54359e-06
1.67233e-06
1.75412e-06
1.79496e-06
1.80197e-06
1.78221e-06
1.74212e-06
1.68723e-06
1.6221e-06
1.55037e-06
1.4749e-06
1.39786e-06
1.32092e-06
1.24532e-06
1.17197e-06
1.10159e-06
1.03471e-06
9.71773e-07
9.13139e-07
8.59132e-07
8.10043e-07
7.66142e-07
7.27667e-07
6.94807e-07
6.67691e-07
6.4632e-07
6.30648e-07
6.20301e-07
6.14953e-07
9.01351e-07
1.07126e-06
1.28206e-06
1.48389e-06
1.64341e-06
1.75356e-06
1.81821e-06
1.8448e-06
1.8412e-06
1.81443e-06
1.77045e-06
1.71412e-06
1.64929e-06
1.57902e-06
1.50566e-06
1.43108e-06
1.35672e-06
1.28372e-06
1.21296e-06
1.14516e-06
1.08087e-06
1.02057e-06
9.64605e-07
9.13288e-07
8.6685e-07
8.25462e-07
7.89232e-07
7.58191e-07
7.32306e-07
7.11441e-07
6.95439e-07
6.8399e-07
6.76478e-07
1.1138e-06
1.27517e-06
1.48517e-06
1.70772e-06
1.90146e-06
2.04827e-06
2.14458e-06
2.19437e-06
2.20478e-06
2.18381e-06
2.13912e-06
2.07741e-06
2.00418e-06
1.92381e-06
1.83965e-06
1.75419e-06
1.66931e-06
1.58633e-06
1.50625e-06
1.42976e-06
1.35736e-06
1.2894e-06
1.22613e-06
1.16772e-06
1.11425e-06
1.06575e-06
1.0222e-06
9.83503e-07
9.49517e-07
9.19995e-07
8.94723e-07
8.73205e-07
8.5503e-07
1.36858e-06
1.51905e-06
1.6882e-06
1.85363e-06
1.98717e-06
2.08312e-06
2.14468e-06
2.17672e-06
2.18347e-06
2.1687e-06
2.13604e-06
2.08898e-06
2.03077e-06
1.9644e-06
1.89252e-06
1.81741e-06
1.74098e-06
1.66478e-06
1.59007e-06
1.51779e-06
1.44868e-06
1.38324e-06
1.32184e-06
1.2647e-06
1.21191e-06
1.16349e-06
1.11938e-06
1.07946e-06
1.04358e-06
1.01154e-06
9.83173e-07
9.58251e-07
9.35911e-07
1.6781e-06
1.84924e-06
2.08194e-06
2.35624e-06
2.59884e-06
2.7719e-06
2.8725e-06
2.91195e-06
2.90393e-06
2.86131e-06
2.79487e-06
2.71294e-06
2.62155e-06
2.52499e-06
2.42627e-06
2.32743e-06
2.22991e-06
2.13472e-06
2.04256e-06
1.95393e-06
1.8692e-06
1.78859e-06
1.71226e-06
1.64027e-06
1.57263e-06
1.50927e-06
1.4501e-06
1.39497e-06
1.34372e-06
1.29611e-06
1.25202e-06
1.21103e-06
1.17276e-06
2.07271e-06
2.20245e-06
2.27414e-06
2.35296e-06
2.44819e-06
2.55136e-06
2.64924e-06
2.72923e-06
2.78248e-06
2.80549e-06
2.79921e-06
2.76731e-06
2.7146e-06
2.64606e-06
2.56629e-06
2.47925e-06
2.38812e-06
2.29542e-06
2.20304e-06
2.11235e-06
2.02432e-06
1.93957e-06
1.85848e-06
1.78126e-06
1.70794e-06
1.63847e-06
1.57274e-06
1.51061e-06
1.45195e-06
1.39665e-06
1.34468e-06
1.29615e-06
1.24987e-06
2.57243e-06
2.8742e-06
3.29168e-06
3.71462e-06
3.9979e-06
4.1288e-06
4.15325e-06
4.11146e-06
4.02945e-06
3.92411e-06
3.80545e-06
3.67886e-06
3.5474e-06
3.4131e-06
3.27755e-06
3.14215e-06
3.00819e-06
2.87686e-06
2.74917e-06
2.62596e-06
2.50783e-06
2.3952e-06
2.28828e-06
2.18712e-06
2.09161e-06
2.00154e-06
1.91663e-06
1.83655e-06
1.761e-06
1.68968e-06
1.62251e-06
1.55943e-06
1.49998e-06
3.27451e-06
3.18122e-06
2.91014e-06
2.87269e-06
3.0682e-06
3.34914e-06
3.60806e-06
3.7967e-06
3.90453e-06
3.94276e-06
3.93089e-06
3.88799e-06
3.82942e-06
3.76604e-06
3.70459e-06
3.64855e-06
3.59913e-06
3.55618e-06
3.51879e-06
3.4858e-06
3.45601e-06
3.42834e-06
3.40186e-06
3.37579e-06
3.34953e-06
3.32254e-06
3.29443e-06
3.26487e-06
3.23371e-06
3.20097e-06
3.16698e-06
3.13315e-06
3.09798e-06
4.30889e-06
5.53277e-06
6.29069e-06
6.54129e-06
6.44536e-06
6.23486e-06
6.09893e-06
6.11959e-06
6.30214e-06
6.60718e-06
6.98125e-06
7.37749e-06
7.76204e-06
8.11328e-06
8.4193e-06
8.67513e-06
8.88034e-06
9.03722e-06
9.14955e-06
9.22186e-06
9.25883e-06
9.265e-06
9.2446e-06
9.20141e-06
9.13872e-06
9.05927e-06
8.96538e-06
8.85872e-06
8.74089e-06
8.6125e-06
8.47556e-06
8.33075e-06
8.18178e-06
5.63392e-06
3.57514e-06
2.75736e-06
4.625e-06
7.34683e-06
9.91528e-06
1.20954e-05
1.38236e-05
1.51129e-05
1.6006e-05
1.65509e-05
1.67969e-05
1.67926e-05
1.6584e-05
1.62124e-05
1.57147e-05
1.51229e-05
1.44638e-05
1.37601e-05
1.30299e-05
1.22879e-05
1.15454e-05
1.08111e-05
1.00914e-05
9.39054e-06
8.71137e-06
8.05534e-06
7.42228e-06
6.81197e-06
6.22038e-06
5.65e-06
5.08678e-06
4.55117e-06
1.14353e-05
1.65065e-05
1.82695e-05
1.97776e-05
2.02449e-05
1.94937e-05
1.77463e-05
1.52768e-05
1.24386e-05
9.76609e-06
8.13706e-06
8.48622e-06
1.05678e-05
1.34169e-05
1.64406e-05
1.9381e-05
2.21279e-05
2.46355e-05
2.68894e-05
2.88914e-05
3.0652e-05
3.21864e-05
3.35116e-05
3.46457e-05
3.56064e-05
3.64107e-05
3.7075e-05
3.76149e-05
3.80462e-05
3.83849e-05
3.86516e-05
3.8866e-05
3.90775e-05
2.48803e-05
2.86477e-05
3.89915e-05
5.34237e-05
6.7674e-05
8.15792e-05
9.44041e-05
0.000105544
0.000114955
0.000122713
0.000128927
0.000133753
0.000137361
0.000139916
0.000141571
0.000142464
0.000142719
0.000142442
0.000141726
0.00014065
0.000139281
0.000137676
0.000135882
0.00013394
0.000131882
0.000129734
0.000127521
0.000125256
0.000122959
0.000120631
0.000118291
0.000115944
0.000113808
0.000543316
0.000510563
0.000491577
0.00046787
0.000443829
0.000421476
0.000399972
0.000379383
0.000359979
0.000341778
0.000324765
0.000308927
0.000294219
0.000280578
0.000267933
0.000256209
0.000245332
0.000235228
0.000225827
0.000217063
0.000208875
0.000201209
0.000194013
0.000187243
0.000180857
0.00017482
0.000169096
0.000163657
0.000158458
0.000153503
0.000148623
0.000144386
0.000140479
7.73672e-05
6.72988e-05
5.84032e-05
5.30521e-05
5.06893e-05
5.20417e-05
5.56657e-05
6.03101e-05
6.66548e-05
7.5268e-05
8.42693e-05
9.50087e-05
9.77976e-05
7.71912e-05
6.71819e-05
6.57445e-05
6.29656e-05
5.90929e-05
5.50722e-05
5.16671e-05
4.92381e-05
4.79648e-05
4.74895e-05
4.73253e-05
4.77485e-05
4.79258e-05
4.78425e-05
4.8016e-05
4.75968e-05
4.49599e-05
3.96345e-05
3.22695e-05
2.42043e-05
1.7152e-05
1.28074e-05
1.19573e-05
1.33468e-05
1.53377e-05
1.71896e-05
1.86481e-05
1.95919e-05
1.99318e-05
1.9662e-05
1.89635e-05
1.81557e-05
1.74592e-05
1.68539e-05
1.62026e-05
1.54263e-05
1.45387e-05
1.35925e-05
1.26355e-05
1.17009e-05
1.08103e-05
9.97736e-06
9.20908e-06
8.50651e-06
7.86679e-06
7.28549e-06
6.75719e-06
6.2788e-06
5.86524e-06
5.55972e-06
5.39162e-06
5.38385e-06
5.82543e-06
7.19599e-06
1.01677e-05
1.7154e-05
2.68942e-05
3.48869e-05
3.91256e-05
4.00319e-05
3.81087e-05
3.33988e-05
2.64586e-05
1.81489e-05
8.96334e-06
3.33948e-06
1.49849e-05
2.98625e-05
4.26402e-05
4.74352e-05
4.29903e-05
3.32079e-05
2.29717e-05
1.50641e-05
1.00247e-05
7.281e-06
6.09905e-06
5.86799e-06
6.18933e-06
6.72452e-06
7.83474e-06
9.08788e-06
1.24682e-05
1.53683e-05
2.79433e-05
3.05225e-05
2.93229e-05
0.000101343
9.55346e-05
8.72523e-05
8.04197e-05
7.54409e-05
7.18413e-05
6.83525e-05
6.54986e-05
6.58397e-05
7.06617e-05
7.79981e-05
8.63487e-05
9.93974e-05
9.42267e-05
7.45266e-05
6.89153e-05
6.68093e-05
6.30677e-05
5.86105e-05
5.44807e-05
5.13816e-05
4.95708e-05
4.83016e-05
4.72563e-05
4.63987e-05
4.50001e-05
4.41922e-05
4.40761e-05
4.27692e-05
3.91452e-05
3.35881e-05
2.66955e-05
1.9474e-05
1.34925e-05
1.03228e-05
1.02452e-05
1.16805e-05
1.33383e-05
1.47758e-05
1.58658e-05
1.65593e-05
1.68683e-05
1.68981e-05
1.6809e-05
1.66953e-05
1.65234e-05
1.62063e-05
1.57021e-05
1.50335e-05
1.42519e-05
1.34073e-05
1.25387e-05
1.16759e-05
1.08408e-05
1.00489e-05
9.30872e-06
8.62356e-06
7.99313e-06
7.41623e-06
6.89152e-06
6.41941e-06
6.01676e-06
5.72986e-06
5.59573e-06
5.62634e-06
6.05381e-06
7.39881e-06
1.01881e-05
1.6863e-05
2.69995e-05
3.57488e-05
4.04491e-05
4.14731e-05
3.95192e-05
3.47236e-05
2.75505e-05
1.87493e-05
8.88161e-06
2.04542e-06
1.56443e-05
3.16455e-05
4.48164e-05
4.90496e-05
4.36526e-05
3.31983e-05
2.27937e-05
1.50557e-05
1.0235e-05
7.58096e-06
6.38267e-06
6.10443e-06
6.38338e-06
6.86336e-06
7.93849e-06
9.12185e-06
1.25856e-05
1.53048e-05
2.76952e-05
3.19012e-05
2.99237e-05
9.10422e-05
9.0467e-05
8.71615e-05
8.27049e-05
7.705e-05
7.02029e-05
6.24025e-05
5.56962e-05
5.36894e-05
5.73902e-05
6.43583e-05
7.20959e-05
8.46642e-05
9.65169e-05
8.46233e-05
7.11569e-05
6.76246e-05
6.46109e-05
6.03619e-05
5.59349e-05
5.24289e-05
5.00157e-05
4.80249e-05
4.62307e-05
4.37265e-05
4.08818e-05
3.99656e-05
3.96179e-05
3.74027e-05
3.362e-05
2.89062e-05
2.30103e-05
1.6707e-05
1.16825e-05
9.24652e-06
9.1419e-06
1.00203e-05
1.10885e-05
1.21253e-05
1.30681e-05
1.38828e-05
1.45606e-05
1.51108e-05
1.55273e-05
1.57713e-05
1.57994e-05
1.56005e-05
1.52e-05
1.46412e-05
1.39691e-05
1.32243e-05
1.24413e-05
1.16488e-05
1.08693e-05
1.01188e-05
9.40749e-06
8.74077e-06
8.12092e-06
7.54969e-06
7.02957e-06
6.5641e-06
6.1711e-06
5.89838e-06
5.78723e-06
5.84235e-06
6.2433e-06
7.54149e-06
1.01817e-05
1.64255e-05
2.68076e-05
3.63748e-05
4.16874e-05
4.29353e-05
4.10355e-05
3.62707e-05
2.90468e-05
2.00351e-05
1.02461e-05
4.8875e-06
1.75027e-05
3.43307e-05
4.75645e-05
5.08345e-05
4.42307e-05
3.30712e-05
2.25938e-05
1.51177e-05
1.05308e-05
7.92999e-06
6.67801e-06
6.3228e-06
6.53339e-06
6.95111e-06
8.00324e-06
9.12939e-06
1.26315e-05
1.52237e-05
2.722e-05
3.30171e-05
3.08616e-05
6.46739e-05
6.42667e-05
6.19584e-05
5.80484e-05
5.23309e-05
4.48976e-05
3.6922e-05
3.19014e-05
3.32243e-05
3.86305e-05
4.48199e-05
5.17043e-05
6.23266e-05
8.03824e-05
8.72975e-05
7.52182e-05
6.70746e-05
6.35658e-05
5.97927e-05
5.57214e-05
5.22679e-05
4.94909e-05
4.70139e-05
4.38587e-05
3.87754e-05
3.52859e-05
3.49635e-05
3.40374e-05
3.13891e-05
2.90114e-05
2.58868e-05
2.08289e-05
1.52253e-05
1.10274e-05
8.99849e-06
8.51396e-06
8.73406e-06
9.31585e-06
1.01569e-05
1.11599e-05
1.22072e-05
1.31896e-05
1.40189e-05
1.46316e-05
1.49949e-05
1.51097e-05
1.50012e-05
1.47042e-05
1.42548e-05
1.36884e-05
1.30394e-05
1.23397e-05
1.16168e-05
1.0893e-05
1.01849e-05
9.50399e-06
8.8574e-06
8.24983e-06
7.68579e-06
7.17136e-06
6.71351e-06
6.33061e-06
6.07249e-06
5.9853e-06
6.0651e-06
6.43357e-06
7.64533e-06
1.01576e-05
1.58991e-05
2.63943e-05
3.69018e-05
4.30534e-05
4.46568e-05
4.28519e-05
3.81445e-05
3.0937e-05
2.19105e-05
1.27108e-05
8.81472e-06
2.04765e-05
3.7793e-05
5.06478e-05
5.25351e-05
4.45698e-05
3.28124e-05
2.24557e-05
1.53499e-05
1.09762e-05
8.36444e-06
7.01566e-06
6.55815e-06
6.67458e-06
7.00839e-06
8.03399e-06
9.12269e-06
1.26348e-05
1.51719e-05
2.66068e-05
3.39755e-05
3.21504e-05
2.34318e-05
2.30094e-05
2.10173e-05
1.76216e-05
1.29211e-05
8.31081e-06
9.71553e-06
1.64805e-05
2.27877e-05
2.67416e-05
2.89575e-05
3.17608e-05
3.84379e-05
5.38343e-05
7.31247e-05
7.60708e-05
6.7314e-05
6.13986e-05
5.6989e-05
5.27612e-05
4.92434e-05
4.62204e-05
4.28448e-05
3.71489e-05
3.08671e-05
2.91313e-05
2.93226e-05
2.74346e-05
2.65568e-05
2.70419e-05
2.47359e-05
1.96869e-05
1.45136e-05
1.09248e-05
8.93652e-06
7.91989e-06
7.58276e-06
7.90213e-06
8.7612e-06
9.91582e-06
1.11306e-05
1.2241e-05
1.31506e-05
1.38165e-05
1.4235e-05
1.44243e-05
1.441e-05
1.42178e-05
1.3874e-05
1.34078e-05
1.28502e-05
1.22309e-05
1.15763e-05
1.0908e-05
1.02428e-05
9.59302e-06
8.96749e-06
8.37309e-06
7.81682e-06
7.30802e-06
6.85713e-06
6.4831e-06
6.23545e-06
6.16853e-06
6.27742e-06
6.62647e-06
7.72563e-06
1.01141e-05
1.52997e-05
2.56656e-05
3.71504e-05
4.44018e-05
4.6559e-05
4.49162e-05
4.02908e-05
3.31738e-05
2.43743e-05
1.60895e-05
1.3322e-05
2.46146e-05
4.20873e-05
5.3964e-05
5.39787e-05
4.4544e-05
3.23801e-05
2.23793e-05
1.57307e-05
1.15217e-05
8.83436e-06
7.35772e-06
6.78649e-06
6.8006e-06
7.04114e-06
8.03296e-06
9.09779e-06
1.25922e-05
1.51321e-05
2.58647e-05
3.46907e-05
3.35549e-05
6.20054e-06
7.32934e-06
9.08547e-06
1.13147e-05
1.39636e-05
1.69304e-05
1.98382e-05
2.20405e-05
2.30004e-05
2.2697e-05
2.19155e-05
2.18358e-05
2.42428e-05
3.23678e-05
4.84643e-05
6.39449e-05
6.54636e-05
5.94796e-05
5.38666e-05
4.85485e-05
4.35973e-05
3.91659e-05
3.37389e-05
2.68732e-05
2.33838e-05
2.3703e-05
2.22795e-05
2.17305e-05
2.5932e-05
2.7598e-05
2.42028e-05
1.87132e-05
1.39809e-05
1.07444e-05
8.53364e-06
7.03053e-06
6.3724e-06
6.67803e-06
7.67159e-06
8.94474e-06
1.0222e-05
1.13598e-05
1.22925e-05
1.29993e-05
1.34835e-05
1.37587e-05
1.38407e-05
1.37476e-05
1.35016e-05
1.31289e-05
1.26582e-05
1.21168e-05
1.15293e-05
1.09162e-05
1.02942e-05
9.67624e-06
9.07261e-06
8.49214e-06
7.94412e-06
7.44073e-06
6.99586e-06
6.62926e-06
6.38892e-06
6.33607e-06
6.47288e-06
6.81869e-06
7.79643e-06
1.00481e-05
1.46725e-05
2.46e-05
3.69796e-05
4.55982e-05
4.85952e-05
4.72571e-05
4.27805e-05
3.58506e-05
2.74923e-05
2.01758e-05
1.84573e-05
2.99333e-05
4.7126e-05
5.72575e-05
5.49127e-05
4.40384e-05
3.17978e-05
2.24315e-05
1.62854e-05
1.21584e-05
9.3295e-06
7.69709e-06
6.99802e-06
6.90089e-06
7.04627e-06
8.0041e-06
9.06036e-06
1.25124e-05
1.51068e-05
2.50155e-05
3.51257e-05
3.49422e-05
9.86966e-06
1.09503e-05
1.24034e-05
1.40021e-05
1.55481e-05
1.6892e-05
1.78954e-05
1.84638e-05
1.86774e-05
1.87901e-05
1.91449e-05
2.00844e-05
2.167e-05
2.54431e-05
3.28065e-05
4.4047e-05
5.39715e-05
5.50397e-05
5.06127e-05
4.49694e-05
3.90323e-05
3.28898e-05
2.61152e-05
2.11812e-05
1.95688e-05
1.673e-05
1.51209e-05
2.3122e-05
2.92634e-05
2.82759e-05
2.30711e-05
1.75513e-05
1.33332e-05
1.02012e-05
7.71279e-06
5.8945e-06
5.12793e-06
5.54993e-06
6.6809e-06
8.02223e-06
9.32514e-06
1.04837e-05
1.14531e-05
1.2217e-05
1.2774e-05
1.31307e-05
1.32986e-05
1.32938e-05
1.3137e-05
1.28521e-05
1.24645e-05
1.19988e-05
1.14771e-05
1.09188e-05
1.03401e-05
9.7545e-06
9.17331e-06
8.6072e-06
8.06754e-06
7.56899e-06
7.12869e-06
6.76766e-06
6.53128e-06
6.48568e-06
6.64521e-06
7.00039e-06
7.86477e-06
9.95275e-06
1.40632e-05
2.32302e-05
3.62791e-05
4.65107e-05
5.07339e-05
4.99436e-05
4.57247e-05
3.90713e-05
3.13007e-05
2.49419e-05
2.44275e-05
3.64291e-05
5.26786e-05
6.01521e-05
5.50549e-05
4.29768e-05
3.11257e-05
2.26548e-05
1.6983e-05
1.28369e-05
9.81772e-06
8.01911e-06
7.18436e-06
6.96649e-06
7.01555e-06
7.94333e-06
9.01056e-06
1.24004e-05
1.51015e-05
2.4089e-05
3.52638e-05
3.62382e-05
6.48639e-06
7.34203e-06
8.46018e-06
9.69611e-06
1.09161e-05
1.20379e-05
1.3039e-05
1.396e-05
1.49042e-05
1.5994e-05
1.73105e-05
1.90437e-05
2.124e-05
2.3837e-05
2.86736e-05
3.40568e-05
3.9025e-05
4.3253e-05
4.34748e-05
4.00901e-05
3.50306e-05
2.90736e-05
2.32634e-05
1.86161e-05
1.17906e-05
7.5898e-06
2.08006e-05
3.05536e-05
3.17434e-05
2.71393e-05
2.11877e-05
1.62527e-05
1.24671e-05
9.34505e-06
6.70515e-06
4.74203e-06
3.94942e-06
4.49955e-06
5.74221e-06
7.13855e-06
8.47503e-06
9.66855e-06
1.06818e-05
1.14986e-05
1.21159e-05
1.25396e-05
1.2781e-05
1.28554e-05
1.27812e-05
1.25793e-05
1.22713e-05
1.18788e-05
1.14216e-05
1.09176e-05
1.03822e-05
9.82915e-06
9.27072e-06
8.71913e-06
8.18764e-06
7.69302e-06
7.25546e-06
6.89771e-06
6.66215e-06
6.61732e-06
6.7928e-06
7.16544e-06
7.93758e-06
9.82599e-06
1.34989e-05
2.16293e-05
3.49297e-05
4.69162e-05
5.2841e-05
5.29832e-05
4.92148e-05
4.2957e-05
3.58887e-05
3.05105e-05
3.14853e-05
4.39883e-05
5.82949e-05
6.21381e-05
5.41291e-05
4.13632e-05
3.04697e-05
2.30675e-05
1.77672e-05
1.35082e-05
1.02776e-05
8.31804e-06
7.34358e-06
6.99496e-06
6.94506e-06
7.84603e-06
8.94515e-06
1.22572e-05
1.51162e-05
2.31192e-05
3.50762e-05
3.73543e-05
4.84566e-06
5.52405e-06
6.39198e-06
7.35973e-06
8.3527e-06
9.33854e-06
1.03204e-05
1.13254e-05
1.24087e-05
1.36504e-05
1.51405e-05
1.6966e-05
1.93504e-05
2.21765e-05
2.58663e-05
3.14468e-05
3.51496e-05
3.52299e-05
3.36867e-05
3.10945e-05
2.71792e-05
2.20395e-05
1.60041e-05
7.47971e-06
8.37022e-06
2.30566e-05
3.2982e-05
3.47407e-05
3.05089e-05
2.44444e-05
1.91313e-05
1.49582e-05
1.14852e-05
8.43383e-06
5.79316e-06
3.75298e-06
2.87431e-06
3.53054e-06
4.88819e-06
6.3466e-06
7.71996e-06
8.94284e-06
9.98658e-06
1.08398e-05
1.15024e-05
1.1981e-05
1.22867e-05
1.2433e-05
1.24355e-05
1.23117e-05
1.208e-05
1.17584e-05
1.13644e-05
1.0914e-05
1.04218e-05
9.90142e-06
9.36583e-06
8.82857e-06
8.30465e-06
7.81269e-06
7.37547e-06
7.01813e-06
6.78012e-06
6.72946e-06
6.91225e-06
7.306e-06
8.01719e-06
9.67836e-06
1.29813e-05
1.9929e-05
3.28658e-05
4.65214e-05
5.46463e-05
5.62802e-05
5.331e-05
4.76584e-05
4.1408e-05
3.71361e-05
3.98229e-05
5.22343e-05
6.32483e-05
6.26179e-05
5.19486e-05
3.93256e-05
2.99531e-05
2.36304e-05
1.85486e-05
1.41165e-05
1.06893e-05
8.58969e-06
7.47407e-06
6.9847e-06
6.83239e-06
7.70815e-06
8.85943e-06
1.20829e-05
1.51455e-05
2.21501e-05
3.45509e-05
3.82016e-05
4.10266e-06
4.62947e-06
5.29323e-06
6.04124e-06
6.82957e-06
7.63935e-06
8.478e-06
9.37925e-06
1.04003e-05
1.16104e-05
1.30874e-05
1.48852e-05
1.70971e-05
1.98603e-05
2.30356e-05
2.74738e-05
3.31548e-05
3.6407e-05
3.53737e-05
3.14916e-05
2.66879e-05
2.23865e-05
2.01626e-05
2.3389e-05
3.10606e-05
3.68225e-05
3.70487e-05
3.27099e-05
2.68498e-05
2.16012e-05
1.73627e-05
1.37726e-05
1.05607e-05
7.66321e-06
5.10244e-06
2.98368e-06
1.88967e-06
2.67246e-06
4.16435e-06
5.67612e-06
7.06902e-06
8.30205e-06
9.35879e-06
1.02341e-05
1.09303e-05
1.14544e-05
1.18162e-05
1.20274e-05
1.21008e-05
1.20506e-05
1.18917e-05
1.16389e-05
1.13069e-05
1.09095e-05
1.04604e-05
9.97261e-06
9.45971e-06
8.93629e-06
8.41897e-06
7.92795e-06
7.48822e-06
7.12768e-06
6.8838e-06
6.82128e-06
7.00123e-06
7.41459e-06
8.09884e-06
9.53423e-06
1.24912e-05
1.82926e-05
3.01429e-05
4.50199e-05
5.57225e-05
5.95571e-05
5.79503e-05
5.32702e-05
4.801e-05
4.50657e-05
4.93158e-05
6.03441e-05
6.65351e-05
6.10192e-05
4.85244e-05
3.71277e-05
2.96598e-05
2.42475e-05
1.92363e-05
1.46264e-05
1.10518e-05
8.83972e-06
7.57877e-06
6.93677e-06
6.67697e-06
7.52707e-06
8.74831e-06
1.18787e-05
1.51776e-05
2.12301e-05
3.37102e-05
3.87048e-05
3.50655e-06
3.91682e-06
4.42618e-06
5.00066e-06
5.61565e-06
6.26751e-06
6.97588e-06
7.7814e-06
8.73721e-06
9.89978e-06
1.13213e-05
1.30478e-05
1.51048e-05
1.75627e-05
2.04044e-05
2.36536e-05
2.80959e-05
3.33023e-05
3.69208e-05
3.78073e-05
3.69231e-05
3.59641e-05
3.65148e-05
3.8412e-05
3.94137e-05
3.75853e-05
3.32161e-05
2.80336e-05
2.33542e-05
1.94103e-05
1.59322e-05
1.27314e-05
9.77455e-06
7.07233e-06
4.62538e-06
2.45327e-06
9.85479e-07
1.98058e-06
3.59769e-06
5.13013e-06
6.51617e-06
7.73979e-06
8.79471e-06
9.68012e-06
1.03996e-05
1.09601e-05
1.137e-05
1.16391e-05
1.17777e-05
1.17967e-05
1.17076e-05
1.15216e-05
1.12504e-05
1.09056e-05
1.04993e-05
1.0044e-05
9.55352e-06
9.04318e-06
8.53105e-06
8.03882e-06
7.59324e-06
7.2251e-06
6.97136e-06
6.89156e-06
7.05752e-06
7.48331e-06
8.16886e-06
9.42044e-06
1.20149e-05
1.68525e-05
2.69878e-05
4.21905e-05
5.54912e-05
6.22463e-05
6.27894e-05
5.96428e-05
5.56609e-05
5.42143e-05
5.91886e-05
6.69343e-05
6.70017e-05
5.69963e-05
4.41755e-05
3.51092e-05
2.95784e-05
2.47955e-05
1.97672e-05
1.50339e-05
1.13805e-05
9.07887e-06
7.6622e-06
6.85268e-06
6.47748e-06
7.29988e-06
8.60667e-06
1.16488e-05
1.51965e-05
2.04066e-05
3.26099e-05
3.88158e-05
2.98134e-06
3.29592e-06
3.68225e-06
4.12007e-06
4.60103e-06
5.13294e-06
5.74104e-06
6.46675e-06
7.35874e-06
8.46358e-06
9.81494e-06
1.14353e-05
1.33409e-05
1.55421e-05
1.80495e-05
2.07584e-05
2.37653e-05
2.7496e-05
3.1601e-05
3.49599e-05
3.69848e-05
3.7927e-05
3.82221e-05
3.75181e-05
3.52908e-05
3.17987e-05
2.78987e-05
2.42291e-05
2.08863e-05
1.77312e-05
1.46967e-05
1.18128e-05
9.11981e-06
6.62869e-06
4.32954e-06
2.20789e-06
2.74335e-07
1.55889e-06
3.20855e-06
4.70986e-06
6.05952e-06
7.25459e-06
8.2935e-06
9.17728e-06
9.90991e-06
1.04976e-05
1.09479e-05
1.12684e-05
1.1467e-05
1.15512e-05
1.15289e-05
1.14078e-05
1.11965e-05
1.09038e-05
1.05402e-05
1.01173e-05
9.64865e-06
9.15038e-06
8.64166e-06
8.14563e-06
7.69042e-06
7.30952e-06
7.04105e-06
6.9393e-06
7.08058e-06
7.50628e-06
8.20861e-06
9.3479e-06
1.15711e-05
1.56536e-05
2.37943e-05
3.80604e-05
5.3342e-05
6.34482e-05
6.70022e-05
6.61012e-05
6.37784e-05
6.36749e-05
6.77458e-05
7.01642e-05
6.36672e-05
5.07e-05
3.95569e-05
3.35355e-05
2.95999e-05
2.51839e-05
2.01411e-05
1.53772e-05
1.17091e-05
9.32275e-06
7.73099e-06
6.73484e-06
6.23159e-06
7.0229e-06
8.42956e-06
1.14e-05
1.51863e-05
1.97249e-05
3.1331e-05
3.85423e-05
2.53106e-06
2.76815e-06
3.05859e-06
3.39073e-06
3.76689e-06
4.20284e-06
4.72808e-06
5.38352e-06
6.21209e-06
7.24899e-06
8.51529e-06
1.00193e-05
1.17652e-05
1.3749e-05
1.59603e-05
1.83449e-05
2.07792e-05
2.32817e-05
2.59592e-05
2.85903e-05
3.06793e-05
3.18484e-05
3.19147e-05
3.08999e-05
2.90398e-05
2.67279e-05
2.42419e-05
2.16581e-05
1.89817e-05
1.62599e-05
1.35769e-05
1.10037e-05
8.57655e-06
6.30636e-06
4.19597e-06
2.25979e-06
7.23839e-07
1.51641e-06
3.00773e-06
4.41542e-06
5.6976e-06
6.84465e-06
7.85327e-06
8.72385e-06
9.4598e-06
1.00664e-05
1.05498e-05
1.09158e-05
1.11693e-05
1.1315e-05
1.13569e-05
1.12992e-05
1.11468e-05
1.0906e-05
1.05849e-05
1.01941e-05
9.74674e-06
9.25927e-06
8.75185e-06
8.24893e-06
7.77989e-06
7.38043e-06
7.0912e-06
6.96291e-06
7.07063e-06
7.48026e-06
8.19974e-06
9.29906e-06
1.12064e-05
1.46661e-05
2.09935e-05
3.30744e-05
4.89206e-05
6.20841e-05
6.92108e-05
7.11976e-05
7.08359e-05
7.13727e-05
7.24687e-05
6.82242e-05
5.62469e-05
4.3005e-05
3.54735e-05
3.24519e-05
2.9598e-05
2.54121e-05
2.04305e-05
1.57277e-05
1.20766e-05
9.58566e-06
7.79117e-06
6.58446e-06
5.93439e-06
6.69123e-06
8.21343e-06
1.11404e-05
1.51344e-05
1.92214e-05
2.99682e-05
3.79702e-05
2.13815e-06
2.31214e-06
2.52672e-06
2.77622e-06
3.07092e-06
3.43261e-06
3.89281e-06
4.48937e-06
5.25816e-06
6.22431e-06
7.39879e-06
8.78108e-06
1.0366e-05
1.21449e-05
1.40974e-05
1.61872e-05
1.83291e-05
2.03973e-05
2.23223e-05
2.40551e-05
2.54531e-05
2.62902e-05
2.6443e-05
2.59594e-05
2.4942e-05
2.34867e-05
2.16661e-05
1.95616e-05
1.72764e-05
1.49179e-05
1.25731e-05
1.02993e-05
8.1303e-06
6.08821e-06
4.19741e-06
2.52327e-06
1.40634e-06
1.7902e-06
2.98263e-06
4.2399e-06
5.42524e-06
6.50578e-06
7.47072e-06
8.31746e-06
9.04775e-06
9.66556e-06
1.01754e-05
1.05812e-05
1.08854e-05
1.10893e-05
1.11931e-05
1.11974e-05
1.11034e-05
1.09142e-05
1.06356e-05
1.02765e-05
9.84969e-06
9.37153e-06
8.86294e-06
8.34957e-06
7.86202e-06
7.43774e-06
7.12052e-06
6.96045e-06
7.02827e-06
7.40583e-06
8.12977e-06
9.23484e-06
1.09483e-05
1.38699e-05
1.88326e-05
2.80949e-05
4.25346e-05
5.73687e-05
6.77814e-05
7.28205e-05
7.43404e-05
7.43169e-05
7.07814e-05
6.02732e-05
4.571e-05
3.54392e-05
3.2457e-05
3.17066e-05
2.95349e-05
2.55822e-05
2.07567e-05
1.61653e-05
1.25152e-05
9.87791e-06
7.84752e-06
6.40155e-06
5.57901e-06
6.30012e-06
7.95777e-06
1.08764e-05
1.50349e-05
1.8906e-05
2.86238e-05
3.72533e-05
1.78976e-06
1.91218e-06
2.06695e-06
2.25308e-06
2.48647e-06
2.79278e-06
3.20353e-06
3.75194e-06
4.46589e-06
5.36153e-06
6.44277e-06
7.70446e-06
9.13627e-06
1.07243e-05
1.24461e-05
1.42658e-05
1.6129e-05
1.79445e-05
1.95993e-05
2.10005e-05
2.2073e-05
2.2739e-05
2.29782e-05
2.27571e-05
2.20656e-05
2.09361e-05
1.94396e-05
1.76732e-05
1.57373e-05
1.37184e-05
1.16847e-05
9.6876e-06
7.76609e-06
5.9536e-06
4.29368e-06
2.88554e-06
2.03102e-06
2.20287e-06
3.0929e-06
4.16694e-06
5.23321e-06
6.23196e-06
7.14171e-06
7.9552e-06
8.67178e-06
9.29379e-06
9.82419e-06
1.02649e-05
1.06158e-05
1.0875e-05
1.1039e-05
1.11043e-05
1.10683e-05
1.09307e-05
1.06945e-05
1.0367e-05
9.95975e-06
9.48914e-06
8.97657e-06
8.44869e-06
7.9374e-06
7.48158e-06
7.12808e-06
6.92939e-06
6.95269e-06
7.28594e-06
7.99465e-06
9.11601e-06
1.07615e-05
1.32877e-05
1.72978e-05
2.404e-05
3.5413e-05
4.95583e-05
6.16916e-05
6.90038e-05
7.16854e-05
6.98718e-05
6.16237e-05
4.75398e-05
3.44005e-05
2.94991e-05
3.04641e-05
3.11439e-05
2.9498e-05
2.58498e-05
2.12365e-05
1.67461e-05
1.30411e-05
1.02045e-05
7.90361e-06
6.18585e-06
5.15791e-06
5.84707e-06
7.66768e-06
1.06137e-05
1.48922e-05
1.87455e-05
2.74014e-05
3.65495e-05
1.47696e-06
1.55733e-06
1.66523e-06
1.80369e-06
1.99296e-06
2.26101e-06
2.63741e-06
3.14902e-06
3.81493e-06
4.64353e-06
5.63366e-06
6.77785e-06
8.06463e-06
9.47864e-06
1.09974e-05
1.25867e-05
1.41991e-05
1.57707e-05
1.72185e-05
1.84544e-05
1.94035e-05
2.00141e-05
2.02712e-05
2.0134e-05
1.95941e-05
1.86822e-05
1.74587e-05
1.59975e-05
1.43728e-05
1.26524e-05
1.0896e-05
9.15373e-06
7.46784e-06
5.87932e-06
4.44403e-06
3.27043e-06
2.58666e-06
2.64219e-06
3.28738e-06
4.17381e-06
5.10917e-06
6.01548e-06
6.86103e-06
7.63347e-06
8.32942e-06
8.94954e-06
9.49524e-06
9.96655e-06
1.0361e-05
1.06733e-05
1.08962e-05
1.10221e-05
1.1044e-05
1.09582e-05
1.07646e-05
1.04683e-05
1.00796e-05
9.6145e-06
9.09476e-06
8.54785e-06
8.00698e-06
7.51245e-06
7.11373e-06
6.86771e-06
6.84176e-06
7.12391e-06
7.7988e-06
8.92201e-06
1.05662e-05
1.28988e-05
1.62776e-05
2.13172e-05
2.93139e-05
4.04992e-05
5.1775e-05
5.95128e-05
6.20362e-05
5.80537e-05
4.72558e-05
3.36005e-05
2.50673e-05
2.56266e-05
2.91127e-05
3.07443e-05
2.96329e-05
2.63427e-05
2.19344e-05
1.74875e-05
1.36548e-05
1.05672e-05
7.96376e-06
5.93977e-06
4.66483e-06
5.33355e-06
7.35408e-06
1.03581e-05
1.4719e-05
1.86696e-05
2.63749e-05
3.59394e-05
1.19295e-06
1.2393e-06
1.31143e-06
1.41632e-06
1.57743e-06
1.82283e-06
2.17738e-06
2.65984e-06
3.28112e-06
4.04442e-06
4.94622e-06
5.97837e-06
7.12923e-06
8.3835e-06
9.72011e-06
1.1109e-05
1.25092e-05
1.38681e-05
1.51232e-05
1.62068e-05
1.70552e-05
1.76214e-05
1.78852e-05
1.7818e-05
1.74161e-05
1.6702e-05
1.57174e-05
1.45163e-05
1.31574e-05
1.16981e-05
1.01914e-05
8.68434e-06
7.21975e-06
5.84296e-06
4.61501e-06
3.6372e-06
3.07234e-06
3.05996e-06
3.52143e-06
4.23563e-06
5.0387e-06
5.84722e-06
6.62255e-06
7.34798e-06
8.01772e-06
8.63087e-06
9.18751e-06
9.68597e-06
1.01214e-05
1.04852e-05
1.07665e-05
1.09529e-05
1.10334e-05
1.09999e-05
1.08491e-05
1.05836e-05
1.02123e-05
9.75055e-06
9.22012e-06
8.6492e-06
8.07223e-06
7.53108e-06
7.07759e-06
6.77377e-06
6.69181e-06
6.91988e-06
7.55045e-06
8.65473e-06
1.0301e-05
1.25837e-05
1.56438e-05
1.97315e-05
2.53523e-05
3.29684e-05
4.12774e-05
4.7348e-05
4.85586e-05
4.34657e-05
3.32047e-05
2.256e-05
1.89335e-05
2.31322e-05
2.81209e-05
3.05882e-05
3.00479e-05
2.71109e-05
2.28529e-05
1.83743e-05
1.43475e-05
1.09677e-05
8.03596e-06
5.67212e-06
4.09643e-06
4.76704e-06
7.03468e-06
1.01209e-05
1.45334e-05
1.86127e-05
2.55471e-05
3.54053e-05
9.35256e-07
9.54008e-07
9.99712e-07
1.08397e-06
1.23244e-06
1.47045e-06
1.81507e-06
2.27605e-06
2.85747e-06
3.55909e-06
4.37699e-06
5.30387e-06
6.32943e-06
7.43972e-06
8.61556e-06
9.83066e-06
1.10502e-05
1.22308e-05
1.33219e-05
1.42702e-05
1.50247e-05
1.55486e-05
1.58199e-05
1.58142e-05
1.55272e-05
1.49735e-05
1.41841e-05
1.32009e-05
1.20708e-05
1.08416e-05
9.55909e-06
8.26658e-06
7.0064e-06
5.82495e-06
4.78233e-06
3.96562e-06
3.48935e-06
3.43638e-06
3.76308e-06
4.32922e-06
5.00679e-06
5.71721e-06
6.41934e-06
7.09383e-06
7.7332e-06
8.33546e-06
8.89964e-06
9.42267e-06
9.89739e-06
1.03122e-05
1.06518e-05
1.08995e-05
1.10395e-05
1.10593e-05
1.09519e-05
1.07171e-05
1.0362e-05
9.90116e-06
9.35623e-06
8.75593e-06
8.13584e-06
7.53951e-06
7.02115e-06
6.64801e-06
6.50052e-06
6.67165e-06
7.25598e-06
8.32912e-06
9.95615e-06
1.22186e-05
1.51778e-05
1.88557e-05
2.33073e-05
2.8537e-05
3.38994e-05
3.76229e-05
3.75673e-05
3.2741e-05
2.4255e-05
1.5907e-05
1.49514e-05
2.12338e-05
2.74432e-05
3.07586e-05
3.07725e-05
2.81331e-05
2.39572e-05
1.93794e-05
1.51111e-05
1.14118e-05
8.134e-06
5.40078e-06
3.45133e-06
4.16075e-06
6.7304e-06
9.91706e-06
1.43504e-05
1.85438e-05
2.48528e-05
3.48785e-05
6.97566e-07
6.9515e-07
7.24937e-07
8.03516e-07
9.55553e-07
1.19801e-06
1.53753e-06
1.97662e-06
2.51638e-06
3.15606e-06
3.89236e-06
4.71925e-06
5.62782e-06
6.60577e-06
7.63641e-06
8.69735e-06
9.75957e-06
1.07875e-05
1.17403e-05
1.25747e-05
1.32497e-05
1.37373e-05
1.40125e-05
1.40556e-05
1.38627e-05
1.34432e-05
1.28198e-05
1.2024e-05
1.10933e-05
1.00672e-05
8.98558e-06
7.88787e-06
6.81435e-06
5.80985e-06
4.92987e-06
4.24614e-06
3.83981e-06
3.76321e-06
3.99155e-06
4.43527e-06
4.99911e-06
5.61524e-06
6.24407e-06
6.86571e-06
7.47203e-06
8.06065e-06
8.63007e-06
9.17607e-06
9.68945e-06
1.01554e-05
1.05544e-05
1.0865e-05
1.10662e-05
1.11409e-05
1.1078e-05
1.08741e-05
1.05342e-05
1.00718e-05
9.50834e-06
8.87287e-06
8.202e-06
7.54089e-06
6.94644e-06
6.49135e-06
6.26645e-06
6.37546e-06
6.91623e-06
7.95952e-06
9.55626e-06
1.17742e-05
1.46768e-05
1.82324e-05
2.2288e-05
2.65486e-05
3.04352e-05
3.27933e-05
3.22501e-05
2.79837e-05
2.03627e-05
1.19351e-05
1.15846e-05
1.9725e-05
2.71735e-05
3.12953e-05
3.17903e-05
2.93712e-05
2.52154e-05
2.04876e-05
1.59469e-05
1.1912e-05
8.27817e-06
5.15549e-06
2.73083e-06
3.54048e-06
6.46855e-06
9.76607e-06
1.41867e-05
1.84679e-05
2.42323e-05
3.43043e-05
4.82381e-07
4.62926e-07
4.88336e-07
5.80389e-07
7.53862e-07
1.01041e-06
1.34784e-06
1.76583e-06
2.26512e-06
2.84568e-06
3.50565e-06
4.24064e-06
5.04343e-06
5.90348e-06
6.80631e-06
7.73275e-06
8.65849e-06
9.55436e-06
1.0387e-05
1.11216e-05
1.17257e-05
1.21762e-05
1.24487e-05
1.25279e-05
1.24088e-05
1.20974e-05
1.16104e-05
1.09723e-05
1.02128e-05
9.36439e-06
8.46111e-06
7.53814e-06
6.63266e-06
5.78617e-06
5.04765e-06
4.4749e-06
4.12644e-06
4.03746e-06
4.19414e-06
4.53892e-06
5.00305e-06
5.53155e-06
6.08936e-06
6.65804e-06
7.23009e-06
7.80356e-06
8.37701e-06
8.94552e-06
9.49801e-06
1.00165e-05
1.04772e-05
1.08534e-05
1.11188e-05
1.12511e-05
1.12346e-05
1.10624e-05
1.07372e-05
1.02709e-05
9.68467e-06
9.00803e-06
8.27845e-06
7.54256e-06
6.85988e-06
6.30891e-06
5.99257e-06
6.03095e-06
6.53019e-06
7.55208e-06
9.12421e-06
1.12858e-05
1.40978e-05
1.75616e-05
2.15089e-05
2.55476e-05
2.9051e-05
3.10722e-05
3.05337e-05
2.65024e-05
1.87273e-05
8.75731e-06
8.48756e-06
1.88338e-05
2.74221e-05
3.22498e-05
3.31397e-05
3.08555e-05
2.66451e-05
2.17142e-05
1.68721e-05
1.24891e-05
8.49691e-06
4.98351e-06
1.94852e-06
2.95909e-06
6.27795e-06
9.68085e-06
1.40528e-05
1.83886e-05
2.36719e-05
3.36685e-05
2.8113e-07
2.52989e-07
2.99678e-07
4.30796e-07
6.32135e-07
8.9572e-07
1.22032e-06
1.60784e-06
2.06078e-06
2.5804e-06
3.16552e-06
3.81282e-06
4.51644e-06
5.26758e-06
6.0541e-06
6.86003e-06
7.66536e-06
8.44621e-06
9.17534e-06
9.82448e-06
1.03697e-05
1.07878e-05
1.1057e-05
1.11655e-05
1.11086e-05
1.08899e-05
1.05209e-05
1.002e-05
9.41033e-06
8.71851e-06
7.97375e-06
7.20712e-06
6.45208e-06
5.74568e-06
5.12996e-06
4.65109e-06
4.35231e-06
4.25879e-06
4.36347e-06
4.62939e-06
5.00813e-06
5.45731e-06
5.94815e-06
6.46529e-06
7.00313e-06
7.5611e-06
8.13857e-06
8.7304e-06
9.32394e-06
9.89808e-06
1.04246e-05
1.08711e-05
1.12055e-05
1.13995e-05
1.14326e-05
1.12937e-05
1.09828e-05
1.05102e-05
9.8968e-06
9.17233e-06
8.37524e-06
7.55355e-06
6.76928e-06
6.10689e-06
5.68311e-06
5.64012e-06
6.09895e-06
7.11032e-06
8.6721e-06
1.07896e-05
1.35018e-05
1.68315e-05
2.06658e-05
2.46437e-05
2.81408e-05
3.02501e-05
2.9872e-05
2.5937e-05
1.79444e-05
6.63491e-06
6.62868e-06
1.88608e-05
2.83973e-05
3.38581e-05
3.50425e-05
3.27629e-05
2.83584e-05
2.31262e-05
1.79304e-05
1.31803e-05
8.83433e-06
4.96292e-06
1.22049e-06
2.54984e-06
6.20008e-06
9.68087e-06
1.39646e-05
1.831e-05
2.31917e-05
3.29887e-05
1.07873e-07
8.45471e-08
2.13154e-07
3.90534e-07
6.06512e-07
8.64919e-07
1.16975e-06
1.5247e-06
1.93248e-06
2.39491e-06
2.91166e-06
3.48024e-06
4.09588e-06
4.75115e-06
5.43579e-06
6.13636e-06
6.83616e-06
7.51545e-06
8.15229e-06
8.72459e-06
9.21174e-06
9.59292e-06
9.85282e-06
9.98042e-06
9.97036e-06
9.82437e-06
9.5507e-06
9.16318e-06
8.68015e-06
8.12342e-06
7.51742e-06
6.88887e-06
6.26692e-06
5.68368e-06
5.17444e-06
4.77598e-06
4.52098e-06
4.4285e-06
4.49579e-06
4.69946e-06
5.0062e-06
5.38494e-06
5.81389e-06
6.28197e-06
6.7867e-06
7.32995e-06
7.9128e-06
8.53056e-06
9.16935e-06
9.80488e-06
1.0404e-05
1.09281e-05
1.13383e-05
1.15999e-05
1.16865e-05
1.15828e-05
1.12858e-05
1.08042e-05
1.01587e-05
9.37958e-06
8.50632e-06
7.58804e-06
6.68855e-06
5.89773e-06
5.34749e-06
5.20898e-06
5.62662e-06
6.63719e-06
8.20062e-06
1.0289e-05
1.29198e-05
1.61175e-05
1.98099e-05
2.37159e-05
2.7277e-05
2.95866e-05
2.94978e-05
2.58861e-05
1.82015e-05
7.27123e-06
7.66858e-06
2.03502e-05
3.06955e-05
3.67208e-05
3.80219e-05
3.5482e-05
3.06097e-05
2.48732e-05
1.9211e-05
1.40519e-05
9.36125e-06
5.21164e-06
1.18912e-06
2.56019e-06
6.27949e-06
9.77859e-06
1.39256e-05
1.8224e-05
2.27938e-05
3.22725e-05
7.7465e-08
1.34319e-07
2.65869e-07
4.32169e-07
6.30728e-07
8.64761e-07
1.13751e-06
1.45201e-06
1.81087e-06
2.21515e-06
2.66486e-06
3.15785e-06
3.69055e-06
4.25686e-06
4.84825e-06
5.45377e-06
6.05984e-06
6.65039e-06
7.20837e-06
7.71661e-06
8.15568e-06
8.5081e-06
8.76097e-06
8.90486e-06
8.93529e-06
8.85262e-06
8.66214e-06
8.37393e-06
8.00218e-06
7.56453e-06
7.08132e-06
6.57523e-06
6.07117e-06
5.5964e-06
5.18009e-06
4.85158e-06
4.63614e-06
4.54884e-06
4.58974e-06
4.74451e-06
4.99104e-06
5.30786e-06
5.68023e-06
6.10231e-06
6.57593e-06
7.10666e-06
7.69833e-06
8.3474e-06
9.0388e-06
9.74463e-06
1.04259e-05
1.10368e-05
1.15306e-05
1.18655e-05
1.20089e-05
1.19412e-05
1.16561e-05
1.11615e-05
1.04775e-05
9.63572e-06
8.67672e-06
7.65099e-06
6.62343e-06
5.68763e-06
4.99064e-06
4.74094e-06
5.11894e-06
6.1426e-06
7.72032e-06
9.79042e-06
1.2358e-05
1.54506e-05
1.90307e-05
2.28986e-05
2.65705e-05
2.91694e-05
2.95486e-05
2.65896e-05
1.97083e-05
1.06381e-05
1.22088e-05
2.4419e-05
3.53286e-05
4.17112e-05
4.28471e-05
3.96287e-05
3.38327e-05
2.72212e-05
2.08697e-05
1.52101e-05
1.01796e-05
5.86844e-06
2.2593e-06
3.19164e-06
6.58522e-06
1.00106e-05
1.39593e-05
1.81521e-05
2.24762e-05
3.15309e-05
2.53119e-07
3.0722e-07
4.09378e-07
5.49075e-07
7.2206e-07
9.28286e-07
1.1689e-06
1.44542e-06
1.75932e-06
2.1114e-06
2.50172e-06
2.92871e-06
3.38872e-06
3.8772e-06
4.38712e-06
4.90926e-06
5.43232e-06
5.94323e-06
6.42785e-06
6.87127e-06
7.25912e-06
7.57856e-06
7.81814e-06
7.96934e-06
8.0273e-06
7.99142e-06
7.86544e-06
7.65712e-06
7.37766e-06
7.04107e-06
6.6638e-06
6.26444e-06
5.8636e-06
5.48377e-06
5.14866e-06
4.88156e-06
4.70223e-06
4.62292e-06
4.64542e-06
4.76153e-06
4.95739e-06
5.21961e-06
5.5404e-06
5.92e-06
6.36582e-06
6.88841e-06
7.49525e-06
8.18409e-06
8.93807e-06
9.72447e-06
1.04972e-05
1.12021e-05
1.17844e-05
1.21945e-05
1.23946e-05
1.23606e-05
1.20839e-05
1.15711e-05
1.08427e-05
9.93137e-06
8.87886e-06
7.73626e-06
6.5689e-06
5.47186e-06
4.60544e-06
4.2254e-06
4.56843e-06
5.62373e-06
7.22742e-06
9.28262e-06
1.17911e-05
1.4796e-05
1.83077e-05
2.22027e-05
2.60738e-05
2.90853e-05
3.01472e-05
2.81362e-05
2.24538e-05
1.63712e-05
2.02403e-05
3.18955e-05
4.27298e-05
4.91485e-05
4.99566e-05
4.57682e-05
3.85567e-05
3.05438e-05
2.31267e-05
1.67883e-05
1.13975e-05
7.02979e-06
3.87508e-06
4.38777e-06
7.17861e-06
1.04034e-05
1.40843e-05
1.81103e-05
2.22169e-05
3.07726e-05
3.69172e-07
4.25642e-07
5.15377e-07
6.3507e-07
7.83323e-07
9.6035e-07
1.16688e-06
1.40396e-06
1.67261e-06
1.97362e-06
2.30653e-06
2.6706e-06
3.0626e-06
3.47875e-06
3.91396e-06
4.36108e-06
4.81127e-06
5.25443e-06
5.67868e-06
6.07089e-06
6.41884e-06
6.7117e-06
6.94029e-06
7.09776e-06
7.17998e-06
7.1859e-06
7.11774e-06
6.98088e-06
6.7836e-06
6.53678e-06
6.25351e-06
5.94883e-06
5.63952e-06
5.34376e-06
5.08049e-06
4.86807e-06
4.72201e-06
4.65236e-06
4.66193e-06
4.74676e-06
4.89932e-06
5.11318e-06
5.38748e-06
5.72924e-06
6.15242e-06
6.67326e-06
7.30281e-06
8.03917e-06
8.86239e-06
9.73375e-06
1.05995e-05
1.13974e-05
1.2065e-05
1.25464e-05
1.27987e-05
1.27941e-05
1.25213e-05
1.19854e-05
1.12073e-05
1.02204e-05
9.06809e-06
7.80192e-06
6.48605e-06
5.21363e-06
4.15392e-06
3.62461e-06
3.95739e-06
5.08772e-06
6.74271e-06
8.79126e-06
1.12413e-05
1.41683e-05
1.76454e-05
2.16365e-05
2.57974e-05
2.93638e-05
3.13654e-05
3.05887e-05
2.69603e-05
2.52479e-05
3.095e-05
4.10147e-05
5.07244e-05
5.71331e-05
5.82305e-05
5.36259e-05
4.50271e-05
3.51955e-05
2.62231e-05
1.89028e-05
1.30666e-05
8.68376e-06
5.8427e-06
6.02766e-06
8.13086e-06
1.10292e-05
1.43771e-05
1.81258e-05
2.20455e-05
3.00033e-05
5.45782e-07
5.98709e-07
6.76875e-07
7.79258e-07
9.05833e-07
1.05707e-06
1.23349e-06
1.43568e-06
1.66425e-06
1.91955e-06
2.20143e-06
2.50892e-06
2.84092e-06
3.19383e-06
3.56292e-06
3.94225e-06
4.32472e-06
4.70201e-06
5.06483e-06
5.40381e-06
5.70935e-06
5.97225e-06
6.18458e-06
6.34024e-06
6.43549e-06
6.46923e-06
6.44307e-06
6.36113e-06
6.22976e-06
6.05725e-06
5.85361e-06
5.63035e-06
5.40042e-06
5.17788e-06
4.97737e-06
4.81302e-06
4.69687e-06
4.63718e-06
4.63737e-06
4.69663e-06
4.81243e-06
4.98439e-06
5.21811e-06
5.52715e-06
5.93168e-06
6.4529e-06
7.10448e-06
7.88422e-06
8.76915e-06
9.71579e-06
1.06645e-05
1.15469e-05
1.22939e-05
1.28435e-05
1.31474e-05
1.31733e-05
1.29061e-05
1.23487e-05
1.15213e-05
1.04574e-05
9.20108e-06
7.80446e-06
6.32902e-06
4.86054e-06
3.56625e-06
2.84979e-06
3.2348e-06
4.52284e-06
6.26542e-06
8.31577e-06
1.07085e-05
1.35712e-05
1.70613e-05
2.12216e-05
2.57614e-05
3.00952e-05
3.33155e-05
3.43349e-05
3.43759e-05
3.62379e-05
4.03393e-05
4.63708e-05
5.39805e-05
6.10348e-05
6.42407e-05
6.1234e-05
5.25454e-05
4.11869e-05
3.03229e-05
2.16088e-05
1.51199e-05
1.06729e-05
8.02769e-06
7.9707e-06
9.423e-06
1.19134e-05
1.48614e-05
1.81347e-05
2.2083e-05
2.91532e-05
6.35901e-07
6.85968e-07
7.5534e-07
8.43383e-07
9.50381e-07
1.07702e-06
1.22395e-06
1.39186e-06
1.58147e-06
1.79326e-06
2.02749e-06
2.28334e-06
2.55988e-06
2.85477e-06
3.16457e-06
3.48489e-06
3.81007e-06
4.1332e-06
4.44657e-06
4.74231e-06
5.01255e-06
5.25008e-06
5.44878e-06
5.60393e-06
5.71247e-06
5.77317e-06
5.78673e-06
5.7557e-06
5.68442e-06
5.57878e-06
5.44613e-06
5.2951e-06
5.13542e-06
4.97776e-06
4.8332e-06
4.71249e-06
4.62498e-06
4.57748e-06
4.57377e-06
4.61514e-06
4.70251e-06
4.83959e-06
5.03625e-06
5.31055e-06
5.68738e-06
6.19291e-06
6.84554e-06
7.64686e-06
8.576e-06
9.58906e-06
1.06228e-05
1.16018e-05
1.24471e-05
1.30859e-05
1.34601e-05
1.35298e-05
1.32745e-05
1.26955e-05
1.18134e-05
1.06654e-05
9.29815e-06
7.76406e-06
6.12012e-06
4.43511e-06
2.84083e-06
1.83329e-06
2.44286e-06
4.03122e-06
5.90451e-06
7.96902e-06
1.03107e-05
1.31273e-05
1.66651e-05
2.10159e-05
2.6047e-05
3.13775e-05
3.60884e-05
4.0197e-05
4.37947e-05
4.43919e-05
4.22328e-05
4.2042e-05
4.73622e-05
5.62881e-05
6.38912e-05
6.53707e-05
5.91796e-05
4.77768e-05
3.53248e-05
2.48914e-05
1.73919e-05
1.2704e-05
1.01772e-05
1.00004e-05
1.09502e-05
1.30531e-05
1.54929e-05
1.81057e-05
2.25055e-05
2.801e-05
8.23771e-07
8.66983e-07
9.25202e-07
9.98108e-07
1.08614e-06
1.18991e-06
1.30991e-06
1.44664e-06
1.60064e-06
1.77239e-06
1.96206e-06
2.16964e-06
2.39409e-06
2.63398e-06
2.88694e-06
3.14956e-06
3.41743e-06
3.68539e-06
3.94774e-06
4.19823e-06
4.43059e-06
4.63892e-06
4.81808e-06
4.96411e-06
5.07446e-06
5.14817e-06
5.18582e-06
5.1894e-06
5.16216e-06
5.1084e-06
5.03337e-06
4.94323e-06
4.84495e-06
4.74614e-06
4.65474e-06
4.57847e-06
4.52411e-06
4.49671e-06
4.49925e-06
4.53303e-06
4.59933e-06
4.70237e-06
4.85306e-06
5.07235e-06
5.3921e-06
5.85083e-06
6.48332e-06
7.30704e-06
8.31092e-06
9.45092e-06
1.06528e-05
1.1821e-05
1.28521e-05
1.36498e-05
1.41382e-05
1.42672e-05
1.40131e-05
1.33816e-05
1.24036e-05
1.11265e-05
9.60718e-06
7.90541e-06
6.07793e-06
4.17616e-06
2.25555e-06
6.33644e-07
1.86653e-06
3.7768e-06
5.73256e-06
7.77258e-06
1.00403e-05
1.28099e-05
1.6369e-05
2.0891e-05
2.6517e-05
3.28578e-05
3.99059e-05
4.74412e-05
5.04122e-05
4.51711e-05
3.48513e-05
2.74731e-05
3.1242e-05
4.32881e-05
5.61916e-05
6.38565e-05
6.2669e-05
5.34871e-05
4.06448e-05
2.86144e-05
1.97109e-05
1.44247e-05
1.1897e-05
1.17176e-05
1.23558e-05
1.41592e-05
1.59568e-05
1.80043e-05
2.30644e-05
2.64727e-05
9.00378e-07
9.36746e-07
9.84585e-07
1.04328e-06
1.11302e-06
1.1943e-06
1.28764e-06
1.39359e-06
1.51285e-06
1.64613e-06
1.794e-06
1.95674e-06
2.13413e-06
2.32542e-06
2.52891e-06
2.74207e-06
2.96155e-06
3.18319e-06
3.40231e-06
3.61403e-06
3.81348e-06
3.99622e-06
4.15847e-06
4.29731e-06
4.41092e-06
4.49857e-06
4.5607e-06
4.59884e-06
4.6155e-06
4.61399e-06
4.59822e-06
4.57249e-06
4.54136e-06
4.50949e-06
4.48153e-06
4.4618e-06
4.45387e-06
4.45985e-06
4.48004e-06
4.51306e-06
4.55755e-06
4.61576e-06
4.69962e-06
4.83864e-06
5.08653e-06
5.51861e-06
6.21172e-06
7.21135e-06
8.50655e-06
1.00262e-05
1.16509e-05
1.32329e-05
1.46186e-05
1.56729e-05
1.62989e-05
1.64404e-05
1.60864e-05
1.5265e-05
1.40353e-05
1.24727e-05
1.06624e-05
8.68447e-06
6.60808e-06
4.48979e-06
2.37591e-06
3.90218e-07
1.80489e-06
3.77087e-06
5.6898e-06
7.61032e-06
9.69774e-06
1.22644e-05
1.56168e-05
2.0169e-05
2.62665e-05
3.41258e-05
4.41372e-05
5.22391e-05
5.24621e-05
4.35244e-05
2.83277e-05
1.11829e-05
1.31049e-05
3.00208e-05
4.62351e-05
5.83729e-05
6.23928e-05
5.69869e-05
4.53154e-05
3.24121e-05
2.19579e-05
1.55689e-05
1.27632e-05
1.2664e-05
1.32331e-05
1.4846e-05
1.59463e-05
1.7735e-05
2.35488e-05
2.49844e-05
1.12407e-06
1.15057e-06
1.18528e-06
1.22779e-06
1.27826e-06
1.33697e-06
1.40416e-06
1.48017e-06
1.56552e-06
1.66081e-06
1.76669e-06
1.88372e-06
2.01217e-06
2.1519e-06
2.30213e-06
2.46141e-06
2.62753e-06
2.7976e-06
2.96818e-06
3.13556e-06
3.29598e-06
3.44609e-06
3.58321e-06
3.70569e-06
3.81308e-06
3.90614e-06
3.98666e-06
4.05705e-06
4.1199e-06
4.17743e-06
4.23126e-06
4.28231e-06
4.331e-06
4.37757e-06
4.4222e-06
4.46491e-06
4.50489e-06
4.53977e-06
4.56518e-06
4.57572e-06
4.56871e-06
4.55256e-06
4.56152e-06
4.6755e-06
5.02888e-06
5.77562e-06
7.01275e-06
8.73442e-06
1.08456e-05
1.31911e-05
1.55769e-05
1.77938e-05
1.96429e-05
2.0964e-05
2.16542e-05
2.16618e-05
2.10065e-05
1.97442e-05
1.79725e-05
1.5816e-05
1.34042e-05
1.08578e-05
8.27718e-06
5.73717e-06
3.29075e-06
9.79326e-07
1.19787e-06
3.17858e-06
4.97407e-06
6.61739e-06
8.28963e-06
1.03037e-05
1.3093e-05
1.75813e-05
2.47295e-05
3.48219e-05
4.60892e-05
5.62289e-05
5.89525e-05
5.07448e-05
3.54582e-05
1.80243e-05
1.41668e-05
2.85039e-05
4.30766e-05
5.48762e-05
6.09311e-05
5.85137e-05
4.86938e-05
3.57645e-05
2.40026e-05
1.60842e-05
1.25234e-05
1.24697e-05
1.32296e-05
1.48322e-05
1.57716e-05
1.79237e-05
2.52636e-05
2.32066e-05
1.2235e-06
1.24127e-06
1.26495e-06
1.29344e-06
1.32639e-06
1.36383e-06
1.40581e-06
1.45253e-06
1.50448e-06
1.56239e-06
1.62715e-06
1.69975e-06
1.78107e-06
1.87173e-06
1.97188e-06
2.08106e-06
2.19817e-06
2.32158e-06
2.44932e-06
2.57935e-06
2.7099e-06
2.83977e-06
2.96852e-06
3.09653e-06
3.22481e-06
3.35469e-06
3.48723e-06
3.62269e-06
3.76008e-06
3.8971e-06
4.03032e-06
4.15563e-06
4.2687e-06
4.36535e-06
4.44156e-06
4.49344e-06
4.51741e-06
4.51147e-06
4.47895e-06
4.43675e-06
4.43019e-06
4.55203e-06
4.94734e-06
5.77352e-06
7.13068e-06
9.03355e-06
1.14308e-05
1.42221e-05
1.72624e-05
2.03668e-05
2.33267e-05
2.59363e-05
2.80122e-05
2.9417e-05
3.00542e-05
2.98902e-05
2.89185e-05
2.71946e-05
2.48234e-05
2.19609e-05
1.87894e-05
1.54913e-05
1.22318e-05
9.15527e-06
6.41283e-06
4.2604e-06
3.26279e-06
3.74651e-06
4.82385e-06
5.79693e-06
6.55526e-06
7.34795e-06
9.12746e-06
1.39841e-05
2.24567e-05
3.34175e-05
5.18657e-05
7.13716e-05
7.53087e-05
6.51715e-05
5.06216e-05
3.86636e-05
3.51618e-05
4.18003e-05
5.12523e-05
5.90733e-05
6.29936e-05
6.05669e-05
5.14752e-05
3.85865e-05
2.57967e-05
1.61984e-05
1.14548e-05
1.15935e-05
1.31953e-05
1.5511e-05
1.79052e-05
2.12491e-05
2.74855e-05
1.903e-05
1.51922e-06
1.52398e-06
1.53147e-06
1.54098e-06
1.55226e-06
1.56513e-06
1.57934e-06
1.59479e-06
1.61169e-06
1.63056e-06
1.65228e-06
1.67811e-06
1.70957e-06
1.7484e-06
1.79628e-06
1.85471e-06
1.92476e-06
2.00705e-06
2.10166e-06
2.20829e-06
2.32637e-06
2.45513e-06
2.59364e-06
2.74061e-06
2.89417e-06
3.05161e-06
3.20914e-06
3.362e-06
3.50478e-06
3.6322e-06
3.74016e-06
3.82696e-06
3.89479e-06
3.95153e-06
4.01289e-06
4.10488e-06
4.26563e-06
4.54478e-06
4.99841e-06
5.68024e-06
6.63312e-06
7.8853e-06
9.45043e-06
1.13281e-05
1.35021e-05
1.5937e-05
1.85707e-05
2.13138e-05
2.40553e-05
2.66785e-05
2.90813e-05
3.11903e-05
3.29527e-05
3.43162e-05
3.51787e-05
3.54446e-05
3.49464e-05
3.36117e-05
3.14447e-05
2.85616e-05
2.51712e-05
2.1534e-05
1.79235e-05
1.46082e-05
1.18572e-05
9.94237e-06
9.05324e-06
9.08806e-06
9.60789e-06
1.02015e-05
1.04824e-05
1.00734e-05
9.11743e-06
1.091e-05
1.94791e-05
4.25487e-05
7.70183e-05
9.6752e-05
9.41693e-05
8.10561e-05
6.99869e-05
6.50853e-05
6.32178e-05
6.44451e-05
6.80661e-05
7.12799e-05
7.14471e-05
6.64426e-05
5.59216e-05
4.1998e-05
2.79178e-05
1.66558e-05
1.07621e-05
1.17316e-05
1.52922e-05
1.95117e-05
2.36794e-05
2.60054e-05
2.30551e-05
1.89358e-05
1.60772e-06
1.59809e-06
1.59045e-06
1.58264e-06
1.57366e-06
1.56319e-06
1.55093e-06
1.53686e-06
1.52135e-06
1.50522e-06
1.48978e-06
1.47693e-06
1.46909e-06
1.46906e-06
1.47961e-06
1.50308e-06
1.54081e-06
1.59266e-06
1.65682e-06
1.72979e-06
1.80666e-06
1.88154e-06
1.94824e-06
2.00124e-06
2.03729e-06
2.05797e-06
2.07355e-06
2.10757e-06
2.19955e-06
2.39964e-06
2.75163e-06
3.27635e-06
3.97046e-06
4.81632e-06
5.7908e-06
6.86944e-06
8.02756e-06
9.24038e-06
1.04818e-05
1.17237e-05
1.29355e-05
1.40832e-05
1.51308e-05
1.6043e-05
1.67912e-05
1.73579e-05
1.77443e-05
1.79688e-05
1.80764e-05
1.81578e-05
1.83687e-05
1.89172e-05
1.99882e-05
2.16256e-05
2.36585e-05
2.57428e-05
2.75254e-05
2.85796e-05
2.86481e-05
2.76549e-05
2.5722e-05
2.3132e-05
2.02643e-05
1.75342e-05
1.53435e-05
1.40041e-05
1.36148e-05
1.39581e-05
1.45793e-05
1.48858e-05
1.4074e-05
1.09087e-05
4.79444e-06
1.257e-05
3.80588e-05
7.84197e-05
0.000112189
0.000119711
0.00011094
9.74511e-05
9.20783e-05
9.15659e-05
9.01985e-05
8.87114e-05
8.84794e-05
8.82767e-05
8.54459e-05
7.75785e-05
6.44593e-05
4.83035e-05
3.22601e-05
1.93421e-05
1.28842e-05
1.49699e-05
2.01779e-05
2.51533e-05
2.7138e-05
2.32305e-05
7.67745e-06
3.82458e-05
1.92937e-06
1.91966e-06
1.91053e-06
1.90088e-06
1.89061e-06
1.87942e-06
1.86654e-06
1.85127e-06
1.83313e-06
1.81164e-06
1.78624e-06
1.75622e-06
1.72064e-06
1.6782e-06
1.62715e-06
1.56527e-06
1.49008e-06
1.3997e-06
1.29483e-06
1.18359e-06
1.09124e-06
1.07335e-06
1.2065e-06
1.53453e-06
2.0488e-06
2.72521e-06
3.54394e-06
4.48731e-06
5.53474e-06
6.66028e-06
7.83118e-06
9.00765e-06
1.01436e-05
1.11878e-05
1.20852e-05
1.2778e-05
1.32065e-05
1.33092e-05
1.30252e-05
1.2294e-05
1.10581e-05
9.26733e-06
6.8878e-06
3.91711e-06
5.17893e-07
3.60999e-06
7.86515e-06
1.21406e-05
1.61386e-05
1.95863e-05
2.22907e-05
2.41508e-05
2.51424e-05
2.52653e-05
2.47276e-05
2.3834e-05
2.28252e-05
2.1927e-05
2.1031e-05
1.98424e-05
1.80997e-05
1.57173e-05
1.28082e-05
9.63333e-06
6.56693e-06
4.20801e-06
3.54561e-06
4.35898e-06
5.11783e-06
4.87086e-06
4.88596e-06
1.09796e-05
2.4719e-05
4.6997e-05
8.17365e-05
0.000120667
0.000137149
0.000134402
0.000124999
0.00011322
0.000110377
0.000109097
0.000107096
0.000106648
0.000106943
0.000106215
0.000102232
9.27044e-05
7.74778e-05
5.90753e-05
4.10009e-05
2.65885e-05
1.90646e-05
1.99409e-05
2.41168e-05
2.58972e-05
1.99159e-05
1.29321e-05
3.70393e-05
6.68218e-05
4.10588e-06
4.22463e-06
4.35056e-06
4.4782e-06
4.60673e-06
4.7375e-06
4.87117e-06
5.00814e-06
5.14893e-06
5.29421e-06
5.4449e-06
5.6023e-06
5.76823e-06
5.94515e-06
6.13629e-06
6.3457e-06
6.57816e-06
6.83904e-06
7.13377e-06
7.46714e-06
7.8422e-06
8.25891e-06
8.71268e-06
9.19284e-06
9.68139e-06
1.0152e-05
1.05696e-05
1.08916e-05
1.10689e-05
1.1047e-05
1.07686e-05
1.01762e-05
9.21555e-06
7.84095e-06
6.03084e-06
3.86431e-06
2.24699e-06
4.17402e-06
8.14662e-06
1.30196e-05
1.86402e-05
2.49588e-05
3.19187e-05
3.94213e-05
4.72995e-05
5.52957e-05
6.30607e-05
7.01717e-05
7.62072e-05
8.08691e-05
8.40727e-05
8.59192e-05
8.65422e-05
8.59807e-05
8.41919e-05
8.11057e-05
7.69619e-05
7.20456e-05
6.66214e-05
6.09341e-05
5.52064e-05
4.96583e-05
4.45345e-05
4.0114e-05
3.66897e-05
3.45252e-05
3.38137e-05
3.46634e-05
3.71705e-05
4.16384e-05
4.85349e-05
5.85879e-05
7.28885e-05
9.42132e-05
0.000123941
0.000143319
0.000141375
0.000140072
0.000135071
0.000124197
0.00011905
0.000115487
0.000113142
0.000115621
0.000119888
0.000121973
0.00011922
0.000109733
9.36521e-05
7.3847e-05
5.43209e-05
3.86736e-05
2.92591e-05
2.62487e-05
2.42693e-05
1.93008e-05
2.1632e-05
4.22062e-05
8.03045e-05
9.10465e-05
1.07586e-05
1.0948e-05
1.11285e-05
1.12982e-05
1.14552e-05
1.15978e-05
1.17238e-05
1.18308e-05
1.19159e-05
1.19755e-05
1.20047e-05
1.1998e-05
1.19488e-05
1.18494e-05
1.16907e-05
1.14622e-05
1.11513e-05
1.07435e-05
1.02215e-05
9.5656e-06
8.75297e-06
7.75808e-06
6.55321e-06
5.11039e-06
3.40929e-06
1.50895e-06
1.35457e-06
3.93571e-06
7.08585e-06
1.06931e-05
1.47577e-05
1.9285e-05
2.42767e-05
2.97293e-05
3.56341e-05
4.19772e-05
4.87397e-05
5.58965e-05
6.3418e-05
7.12645e-05
7.93817e-05
8.76967e-05
9.61126e-05
0.00010449
0.000112612
0.000120158
0.000126709
0.000131844
0.000135312
0.000137192
0.000137872
0.000137862
0.0001375
0.000136852
0.000135573
0.000133365
0.000130208
0.000126198
0.000121434
0.000116066
0.000110332
0.000104565
9.91607e-05
9.45454e-05
9.11222e-05
8.92237e-05
8.90617e-05
9.06757e-05
9.39151e-05
9.84218e-05
0.000103881
0.000110319
0.000118435
0.000129618
0.000137711
0.000129132
0.000124928
0.00013631
0.000138654
0.000127656
0.000119132
0.000114117
0.000111902
0.000116787
0.000126092
0.000133098
0.000133457
0.000125554
0.000110062
9.02772e-05
7.03142e-05
5.36344e-05
4.20854e-05
3.50641e-05
3.31896e-05
4.49368e-05
6.87808e-05
8.81238e-05
0.000113881
9.90981e-05
5.34643e-06
4.71682e-06
4.0107e-06
3.23236e-06
2.40857e-06
1.58065e-06
9.61678e-07
1.24211e-06
2.23483e-06
3.47886e-06
4.88605e-06
6.447e-06
8.16954e-06
1.00673e-05
1.21566e-05
1.44553e-05
1.69819e-05
1.97553e-05
2.27937e-05
2.61141e-05
2.97314e-05
3.36575e-05
3.78999e-05
4.2461e-05
4.7337e-05
5.25167e-05
5.79812e-05
6.37044e-05
6.96545e-05
7.57933e-05
8.20785e-05
8.84658e-05
9.49102e-05
0.000101368
0.000107798
0.000114162
0.000120421
0.00012654
0.00013248
0.000138198
0.000143639
0.000148733
0.00015339
0.000157479
0.000160802
0.000163135
0.000164336
0.000164455
0.000163762
0.000162648
0.000161501
0.000160608
0.000160136
0.000160058
0.000160205
0.000160335
0.000160075
0.000159243
0.00015766
0.000155262
0.000152146
0.000148575
0.000144926
0.000141644
0.000139159
0.000137788
0.000137638
0.00013855
0.000140091
0.000141572
0.000142119
0.000140615
0.000135525
0.000123993
0.000101681
8.3442e-05
9.53867e-05
0.000127885
0.000137779
0.000124935
0.000113954
0.000106307
0.000102528
0.000110719
0.000126575
0.000139727
0.000144738
0.000139562
0.000125205
0.00010561
8.6015e-05
7.08449e-05
6.25095e-05
6.58651e-05
8.32166e-05
0.00010434
0.000120742
0.000119472
0.000118477
8.43304e-05
5.25651e-05
5.46393e-05
5.68807e-05
5.92039e-05
6.15767e-05
6.40179e-05
6.65348e-05
6.91306e-05
7.18148e-05
7.45976e-05
7.74887e-05
8.04974e-05
8.36326e-05
8.69022e-05
9.03123e-05
9.38671e-05
9.7568e-05
0.000101413
0.000105397
0.00010951
0.000113736
0.000118055
0.000122441
0.000126863
0.000131285
0.000135667
0.000139967
0.000144141
0.000148145
0.000151937
0.000155478
0.000158733
0.000161672
0.000164271
0.000166508
0.000168361
0.000169806
0.000170817
0.000171366
0.000171411
0.000170876
0.000169675
0.000167777
0.000165282
0.000162458
0.000159698
0.000157402
0.000155853
0.000155171
0.000155286
0.000156029
0.000157225
0.000158776
0.000160529
0.000162376
0.000164491
0.000166538
0.000168409
0.000169708
0.00017016
0.000169668
0.000168321
0.000166317
0.000163897
0.000161284
0.000158587
0.000155731
0.00015242
0.000148107
0.000141941
0.000132602
0.000118203
9.68133e-05
7.00464e-05
4.98957e-05
4.242e-05
7.23244e-05
0.000125715
0.000144941
0.000124156
0.000100747
8.97154e-05
8.58793e-05
9.85051e-05
0.000121013
0.000139818
0.000149091
0.000147345
0.000136748
0.000122317
0.000110073
0.000106902
0.000118612
0.000138948
0.000154359
0.000156497
0.000146952
0.000121553
0.000103535
6.75651e-05
0.000149063
0.000150685
0.000152524
0.000154302
0.000156019
0.000157711
0.000159381
0.000161027
0.000162654
0.000164263
0.000165855
0.000167426
0.000168973
0.000170492
0.000171975
0.000173412
0.000174789
0.000176094
0.000177308
0.000178411
0.000179384
0.000180202
0.000180843
0.000181283
0.000181499
0.000181471
0.000181179
0.000180606
0.000179738
0.00017856
0.00017706
0.000175221
0.000173027
0.000170456
0.000167481
0.000164072
0.0001602
0.000155835
0.000150962
0.00014559
0.000139791
0.000133736
0.000127709
0.000122052
0.000117111
0.000113219
0.000110681
0.000109664
0.000110039
0.000111486
0.000113797
0.000116986
0.000121074
0.000125787
0.000130808
0.000135428
0.000139844
0.000143772
0.000146851
0.000148637
0.000148855
0.000147475
0.000144677
0.000140723
0.000135874
0.000130321
0.000124148
0.000117315
0.000109677
0.000100981
9.09293e-05
7.98346e-05
7.0578e-05
6.72211e-05
6.41344e-05
5.98821e-05
7.83962e-05
0.000122089
0.000159295
0.000150217
0.000101512
5.10013e-05
4.16053e-05
7.54147e-05
0.00011429
0.000143724
0.000160725
0.000167382
0.000168212
0.000170748
0.00018122
0.000198702
0.000213251
0.00021664
0.000208224
0.000192091
0.000173439
0.00015155
0.00014263
0.000122055
0.000181539
0.000181237
0.000181295
0.000181357
0.000181393
0.000181386
0.000181319
0.000181185
0.00018097
0.000180656
0.000180225
0.000179654
0.000178922
0.000178002
0.000176871
0.000175501
0.000173865
0.000171936
0.00016969
0.000167102
0.000164151
0.000160819
0.000157091
0.000152958
0.000148418
0.00014347
0.000138125
0.000132394
0.000126298
0.00011986
0.000113111
0.000106083
9.88168e-05
9.13572e-05
8.37527e-05
7.60538e-05
6.83072e-05
6.05714e-05
5.2935e-05
4.54866e-05
3.82279e-05
3.10636e-05
2.3961e-05
1.72559e-05
1.2428e-05
1.32024e-05
2.04276e-05
3.14218e-05
4.47761e-05
5.94191e-05
7.39789e-05
8.69089e-05
9.68671e-05
0.000103021
0.000104905
0.00010281
9.66271e-05
8.65405e-05
7.31722e-05
5.82204e-05
4.50118e-05
3.93174e-05
4.49287e-05
5.76042e-05
7.20914e-05
8.58569e-05
9.79416e-05
0.000108135
0.000116684
0.000124337
0.000132658
0.000144257
0.000162272
0.00018834
0.000218554
0.000240178
0.000239033
0.000208885
0.000157352
0.000143131
0.000188907
0.000238288
0.000260417
0.000248432
0.00020513
0.000145738
0.00011467
0.00015797
0.000229183
0.000290299
0.0003302
0.000346692
0.00034582
0.000333133
0.000322783
0.000311214
0.000317543
0.000318579
0.000349655
0.000369803
1.36073e-05
3.06878e-05
6.43637e-05
8.87732e-05
0.000103921
0.000113247
0.000119687
0.00012485
0.000129406
0.000133859
0.000138902
0.00014459
0.000149222
0.000150021
0.000143773
0.00012811
0.000104915
8.17145e-05
6.66694e-05
6.17895e-05
6.29624e-05
6.50685e-05
6.62953e-05
6.72707e-05
6.88153e-05
6.98939e-05
6.86328e-05
6.46407e-05
5.80214e-05
4.85151e-05
3.98175e-05
4.89253e-05
8.53363e-05
0.000140037
0.000205368
0.000273641
0.000338292
0.000394399
0.000438899
0.000470191
0.000487452
0.000489685
0.000478754
0.000457319
0.000426048
0.000385752
0.000338237
0.000286385
0.000235008
0.000191498
0.000165275
0.000162774
0.000179896
0.000206833
0.000236342
0.0002647
0.000290486
0.000312758
0.000329304
0.000337728
0.000337824
0.000331814
0.000323375
0.000317157
0.000315015
0.000314386
0.000311566
0.000305837
0.000298828
0.000289756
0.000273584
0.000244688
0.000204748
0.000171024
0.000171438
0.000207043
0.000249026
0.000272513
0.000268165
0.000236257
0.000187278
0.000150314
0.000163754
0.000213837
0.000264474
0.000300905
0.000321906
0.000330487
0.000330058
0.000324012
0.000315074
0.000305676
0.000298259
0.000293918
0.000296333
0.000300171
0.000313167
0.0002983
0.000261765
0.000273197
2.68242e-05
7.36033e-05
7.86725e-05
7.52829e-05
6.74557e-05
5.61306e-05
4.2984e-05
3.01257e-05
1.96765e-05
1.33969e-05
1.17853e-05
1.37736e-05
1.86014e-05
2.50336e-05
3.30098e-05
4.38828e-05
5.36325e-05
5.47518e-05
4.50936e-05
3.11409e-05
2.1481e-05
1.72135e-05
1.2876e-05
6.07968e-06
6.38294e-06
1.64027e-05
2.97523e-05
4.55431e-05
6.47676e-05
9.01635e-05
0.000121145
0.000154686
0.000185331
0.000205885
0.000210822
0.000197706
0.000167963
0.000126663
8.09212e-05
3.84203e-05
1.97044e-05
4.43622e-05
7.58942e-05
0.00010682
0.000134373
0.00015758
0.000175406
0.000186241
0.000188204
0.000180945
0.000166484
0.000147965
0.000128593
0.000110715
9.5742e-05
8.42306e-05
7.61889e-05
7.22334e-05
7.29518e-05
7.69265e-05
8.31051e-05
9.15638e-05
0.000101494
0.000111486
0.000120064
0.000125392
0.000125303
0.000118712
0.000108592
0.000102368
0.000110073
0.000136426
0.000169016
0.000189689
0.000186079
0.00015748
0.000113033
7.50244e-05
8.45666e-05
0.000132621
0.000175885
0.000198111
0.000198372
0.000184912
0.000169948
0.000163443
0.000167329
0.000177483
0.0001889
0.000197992
0.000202829
0.000201121
0.000192712
0.000176402
0.00015683
0.000132449
0.000119621
9.19311e-05
8.30429e-05
9.50854e-05
7.66209e-05
9.2673e-05
6.79675e-05
4.96251e-05
3.86778e-05
2.91476e-05
1.91527e-05
1.03039e-05
9.36003e-06
1.55099e-05
2.06481e-05
2.22985e-05
2.00155e-05
1.46386e-05
5.46336e-06
1.31945e-05
3.3495e-05
4.77171e-05
5.03036e-05
4.47177e-05
3.8693e-05
3.69647e-05
4.11529e-05
5.01182e-05
5.96677e-05
6.83526e-05
7.92592e-05
9.08437e-05
0.000100852
0.000111809
0.000123261
0.000130907
0.000129591
0.00011604
9.10995e-05
6.08864e-05
3.81074e-05
3.85466e-05
5.29501e-05
6.79635e-05
8.23089e-05
9.76936e-05
0.00011479
0.000131777
0.000146481
0.000158705
0.000168736
0.000175273
0.000175642
0.000168249
0.000153781
0.000134721
0.000114118
9.45329e-05
7.74548e-05
6.34637e-05
5.24089e-05
4.3925e-05
3.74883e-05
3.22709e-05
2.73306e-05
2.13227e-05
1.46148e-05
9.66824e-06
1.14023e-05
2.19458e-05
3.88851e-05
5.89385e-05
7.62515e-05
9.22422e-05
0.000115981
0.000146994
0.000170918
0.000176952
0.000165729
0.000140391
0.000102747
6.76944e-05
8.08565e-05
0.000128348
0.000169728
0.000190149
0.000186549
0.000163698
0.000131191
9.93593e-05
7.56973e-05
6.31326e-05
6.15996e-05
6.9529e-05
8.34195e-05
9.85176e-05
0.000110462
0.000113215
0.000106995
9.1075e-05
9.82509e-05
0.000107054
0.000145495
0.000109113
0.000119071
8.1394e-05
3.97112e-05
2.3095e-05
1.71126e-05
1.26547e-05
9.12863e-06
1.06098e-05
1.65208e-05
2.29802e-05
2.73085e-05
2.68689e-05
2.07099e-05
1.25682e-05
1.07279e-05
1.98826e-05
3.59513e-05
5.01658e-05
5.72397e-05
6.02264e-05
6.489e-05
7.2244e-05
8.08012e-05
8.99339e-05
9.63875e-05
9.65902e-05
9.28126e-05
8.6953e-05
8.00195e-05
7.3449e-05
6.77765e-05
6.1923e-05
5.52193e-05
5.11287e-05
5.57704e-05
6.77136e-05
7.99306e-05
8.86278e-05
9.39178e-05
9.76964e-05
0.000103568
0.000114189
0.000127572
0.000139166
0.000147041
0.000151913
0.000155384
0.000157167
0.000155077
0.000147049
0.000133052
0.000115113
9.60427e-05
7.82632e-05
6.31949e-05
5.12049e-05
4.19601e-05
3.47638e-05
2.86746e-05
2.30872e-05
1.75181e-05
1.18018e-05
7.34763e-06
7.22066e-06
7.71987e-06
4.94661e-06
4.94312e-06
2.73854e-05
5.79384e-05
8.8733e-05
0.000117518
0.000142524
0.000156787
0.000158147
0.000148283
0.000123137
7.97281e-05
3.33718e-05
5.87016e-05
0.000112411
0.000155995
0.000179634
0.000179844
0.000159061
0.000125559
8.91494e-05
5.75926e-05
3.47565e-05
2.17028e-05
1.68655e-05
1.46667e-05
1.48319e-05
2.71414e-05
4.72758e-05
6.86389e-05
7.82704e-05
0.000101705
0.00011429
0.000163226
0.000109725
0.00014275
5.60022e-05
2.01411e-05
1.13682e-05
8.38597e-06
8.90592e-06
1.22473e-05
1.76046e-05
2.35785e-05
2.87293e-05
3.0337e-05
2.60952e-05
1.83049e-05
1.28013e-05
1.09445e-05
1.70568e-05
3.20677e-05
4.67036e-05
5.88008e-05
7.32056e-05
8.86198e-05
0.000100034
0.000104788
0.000103594
9.7192e-05
8.56522e-05
7.01823e-05
5.13667e-05
3.03286e-05
1.66444e-05
3.06906e-05
5.21375e-05
7.12588e-05
8.63502e-05
9.70251e-05
0.000103405
0.000106594
0.000108202
0.00010945
0.000111175
0.000115153
0.000121542
0.000129013
0.000134811
0.0001373
0.000137194
0.000136228
0.000134449
0.000130169
0.0001215
0.000108311
9.22429e-05
7.56657e-05
6.0574e-05
4.80521e-05
3.83264e-05
3.10338e-05
2.55181e-05
2.11735e-05
1.74398e-05
1.36732e-05
9.3856e-06
4.7249e-06
2.30114e-06
2.9381e-06
2.42067e-06
5.6355e-06
1.87181e-05
4.62039e-05
7.98655e-05
0.000109898
0.000130713
0.000140161
0.000140232
0.000129475
0.00010114
5.61744e-05
4.97936e-06
4.837e-05
9.82631e-05
0.000138631
0.000162932
0.000166338
0.0001497
0.000120139
8.68712e-05
5.72491e-05
3.47697e-05
1.92632e-05
8.91095e-06
5.16112e-06
6.72576e-06
3.32689e-06
1.17214e-05
3.62858e-05
5.81797e-05
9.30323e-05
0.000107838
0.000165488
0.000118291
0.000142506
4.27962e-05
2.56824e-05
2.0648e-05
1.7146e-05
1.66551e-05
1.96302e-05
2.50063e-05
2.9889e-05
3.14216e-05
2.74969e-05
1.92233e-05
1.09877e-05
6.15887e-06
3.61261e-06
1.0865e-05
2.43266e-05
4.24217e-05
6.58431e-05
8.66957e-05
9.84847e-05
0.000101316
9.69787e-05
8.76912e-05
7.44238e-05
5.71051e-05
3.63759e-05
1.5641e-05
2.24507e-05
4.83353e-05
7.3803e-05
9.47952e-05
0.000109183
0.000116685
0.000118688
0.000117776
0.000116525
0.000116055
0.000115724
0.000115294
0.000115306
0.000116782
0.00011887
0.000119939
0.000118897
0.000116219
0.000113029
0.000109479
0.000104401
9.63659e-05
8.50291e-05
7.16238e-05
5.81568e-05
4.62805e-05
3.67418e-05
2.95092e-05
2.41653e-05
2.01875e-05
1.70611e-05
1.43677e-05
1.18145e-05
9.03867e-06
5.6359e-06
2.16155e-06
1.83484e-06
3.59711e-06
9.54845e-06
2.01415e-05
4.11015e-05
7.11305e-05
9.91493e-05
0.000117105
0.000124422
0.000123183
0.000110422
8.25815e-05
4.70963e-05
2.78048e-05
5.30885e-05
9.00436e-05
0.000124052
0.000147097
0.000152328
0.000138879
0.000112452
8.1556e-05
5.35984e-05
3.2685e-05
1.93431e-05
1.16408e-05
6.87735e-06
2.94967e-06
8.13794e-07
4.53519e-06
1.99072e-05
4.01369e-05
7.74083e-05
9.46042e-05
0.000152824
0.000124044
0.000125686
4.84278e-05
3.96869e-05
3.36684e-05
2.75675e-05
2.53246e-05
2.82339e-05
3.33591e-05
3.63731e-05
3.44494e-05
2.70914e-05
1.65306e-05
6.40184e-06
1.98537e-06
1.56939e-06
8.72541e-06
2.71127e-05
5.13708e-05
7.25415e-05
8.42339e-05
8.67999e-05
8.27903e-05
7.39739e-05
6.15794e-05
4.65085e-05
3.10406e-05
2.5148e-05
3.92306e-05
6.2147e-05
8.58686e-05
0.000106296
0.000120609
0.000127618
0.000128063
0.000124393
0.000119852
0.0001164
0.000113986
0.000111273
0.000107818
0.000103933
0.000100939
9.91756e-05
9.7813e-05
9.56197e-05
9.24085e-05
8.87964e-05
8.53478e-05
8.14939e-05
7.55287e-05
6.66376e-05
5.59154e-05
4.53014e-05
3.62314e-05
2.91795e-05
2.39589e-05
2.01592e-05
1.73536e-05
1.51678e-05
1.33047e-05
1.15245e-05
9.56646e-06
7.10648e-06
4.44876e-06
3.85391e-06
6.09229e-06
1.24524e-05
2.32229e-05
4.01836e-05
6.46954e-05
8.87964e-05
0.000104235
0.000110135
0.000107596
9.38476e-05
7.01599e-05
4.75778e-05
4.11766e-05
5.65734e-05
8.24884e-05
0.000109924
0.00013081
0.000137155
0.000126611
0.000103593
7.58289e-05
5.03114e-05
3.10715e-05
1.89507e-05
1.26278e-05
1.0087e-05
9.12407e-06
8.49058e-06
8.0382e-06
1.48459e-05
2.92813e-05
6.25858e-05
8.1255e-05
0.000130504
0.000123397
0.000102034
6.05325e-05
5.39323e-05
4.59669e-05
3.76249e-05
3.45415e-05
3.74237e-05
4.21851e-05
4.4394e-05
4.17494e-05
3.40997e-05
2.34291e-05
1.29997e-05
5.29255e-06
6.0498e-06
1.88706e-05
3.71997e-05
5.47334e-05
6.56581e-05
6.89387e-05
6.64952e-05
5.99762e-05
5.03255e-05
3.87468e-05
2.8509e-05
2.82039e-05
4.1829e-05
6.20957e-05
8.39657e-05
0.000104186
0.000120004
0.000129398
0.000131604
0.000127792
0.000120809
0.000113715
0.000107935
0.000102743
9.70077e-05
9.00459e-05
8.28639e-05
7.7305e-05
7.43456e-05
7.29976e-05
7.14094e-05
6.89364e-05
6.66971e-05
6.58678e-05
6.492e-05
6.11147e-05
5.39659e-05
4.52409e-05
3.69695e-05
3.02083e-05
2.50663e-05
2.12545e-05
1.84568e-05
1.63928e-05
1.4789e-05
1.33956e-05
1.20279e-05
1.05247e-05
8.64853e-06
6.51719e-06
5.79276e-06
7.57163e-06
1.32185e-05
2.42262e-05
3.96895e-05
5.98449e-05
7.98614e-05
9.29409e-05
9.75879e-05
9.4023e-05
8.08727e-05
6.21744e-05
4.81594e-05
4.5724e-05
5.55295e-05
7.4207e-05
9.65319e-05
0.000115375
0.00012239
0.000114152
9.40755e-05
6.91786e-05
4.60007e-05
2.84532e-05
1.75093e-05
1.20748e-05
1.04469e-05
1.09734e-05
1.23242e-05
1.28815e-05
1.59411e-05
2.51228e-05
5.15211e-05
7.0911e-05
0.000104981
0.000115616
7.97651e-05
6.95069e-05
6.42937e-05
5.5531e-05
4.52736e-05
3.99436e-05
4.19881e-05
4.72026e-05
5.01338e-05
4.80164e-05
4.0919e-05
3.05478e-05
1.8766e-05
8.08876e-06
1.07843e-05
2.43707e-05
3.83668e-05
4.84506e-05
5.27226e-05
5.19144e-05
4.72227e-05
3.9238e-05
2.85628e-05
1.81152e-05
1.99589e-05
3.60385e-05
5.61884e-05
7.70307e-05
9.68446e-05
0.000113497
0.000124556
0.000128728
0.000126463
0.000119618
0.000110786
0.000102072
9.42004e-05
8.65437e-05
7.82113e-05
6.90406e-05
6.03215e-05
5.40819e-05
5.12775e-05
5.04283e-05
4.95924e-05
4.90956e-05
5.09057e-05
5.41846e-05
5.50612e-05
5.15643e-05
4.50047e-05
3.78061e-05
3.15496e-05
2.6626e-05
2.28354e-05
1.99181e-05
1.76926e-05
1.60009e-05
1.46647e-05
1.34965e-05
1.23386e-05
1.10741e-05
9.56361e-06
7.85254e-06
7.12426e-06
8.64236e-06
1.35105e-05
2.40504e-05
3.87009e-05
5.5869e-05
7.23859e-05
8.33081e-05
8.68569e-05
8.27762e-05
7.09622e-05
5.61819e-05
4.62959e-05
4.43802e-05
5.08041e-05
6.47214e-05
8.35521e-05
0.000100987
0.000108538
0.000102121
8.4541e-05
6.23275e-05
4.15648e-05
2.58493e-05
1.61176e-05
1.14329e-05
1.02199e-05
1.11157e-05
1.3178e-05
1.49551e-05
1.74268e-05
2.39396e-05
4.38636e-05
6.37755e-05
8.13907e-05
0.000102827
6.36726e-05
6.9299e-05
6.71246e-05
5.95758e-05
4.71537e-05
3.54293e-05
3.23739e-05
3.91999e-05
4.68653e-05
4.89255e-05
4.40584e-05
3.51107e-05
2.49423e-05
1.71955e-05
1.89726e-05
2.80811e-05
3.68841e-05
4.17631e-05
4.1982e-05
3.80732e-05
3.0483e-05
1.9644e-05
7.93709e-06
1.44218e-05
3.1612e-05
5.03029e-05
6.90607e-05
8.69271e-05
0.000103387
0.000116647
0.000124453
0.000125343
0.000119761
0.00010976
9.81844e-05
8.72078e-05
7.74857e-05
6.84174e-05
5.91151e-05
4.95208e-05
4.06935e-05
3.44513e-05
3.16375e-05
3.12302e-05
3.28594e-05
3.77336e-05
4.4514e-05
4.89239e-05
4.84066e-05
4.38643e-05
3.78387e-05
3.22638e-05
2.77522e-05
2.41638e-05
2.1258e-05
1.89007e-05
1.70167e-05
1.55213e-05
1.42967e-05
1.32071e-05
1.21366e-05
1.10151e-05
9.77391e-06
8.4219e-06
7.79005e-06
9.05774e-06
1.30435e-05
2.27061e-05
3.6831e-05
5.2189e-05
6.60691e-05
7.51475e-05
7.78087e-05
7.36775e-05
6.32501e-05
5.08978e-05
4.25751e-05
4.00028e-05
4.38132e-05
5.48469e-05
7.15946e-05
8.82315e-05
9.6213e-05
9.11278e-05
7.55028e-05
5.55716e-05
3.7008e-05
2.30507e-05
1.45137e-05
1.05479e-05
9.67457e-06
1.06676e-05
1.28066e-05
1.51958e-05
1.77729e-05
2.32047e-05
3.82071e-05
5.85321e-05
6.30266e-05
8.7869e-05
5.32896e-05
5.78873e-05
6.09786e-05
5.83886e-05
4.90045e-05
3.44194e-05
1.57848e-05
7.27425e-06
2.68114e-05
4.12023e-05
4.56578e-05
4.16064e-05
3.61262e-05
3.29452e-05
3.40098e-05
3.82165e-05
4.19464e-05
4.27492e-05
4.01116e-05
3.47958e-05
2.90013e-05
2.71114e-05
3.20079e-05
4.15386e-05
5.37275e-05
6.75316e-05
8.14199e-05
9.44382e-05
0.000106061
0.000115008
0.000119063
0.000117022
0.000109499
9.84022e-05
8.58645e-05
7.35152e-05
6.21591e-05
5.17095e-05
4.17235e-05
3.19922e-05
2.2981e-05
1.61897e-05
1.44061e-05
1.91014e-05
2.78233e-05
3.71065e-05
4.33913e-05
4.46726e-05
4.16729e-05
3.67634e-05
3.19522e-05
2.79657e-05
2.47088e-05
2.19585e-05
1.96076e-05
1.76232e-05
1.59769e-05
1.46162e-05
1.34628e-05
1.24243e-05
1.14223e-05
1.04215e-05
9.41017e-06
8.39693e-06
7.92856e-06
9.07392e-06
1.2417e-05
2.09156e-05
3.43604e-05
4.85815e-05
6.06012e-05
6.82016e-05
7.02056e-05
6.62984e-05
5.70557e-05
4.60636e-05
3.79765e-05
3.41443e-05
3.59274e-05
4.52638e-05
6.10378e-05
7.73663e-05
8.56386e-05
8.14143e-05
6.72431e-05
4.92253e-05
3.26699e-05
2.04151e-05
1.3068e-05
9.78233e-06
9.14837e-06
1.00693e-05
1.19628e-05
1.44498e-05
1.71035e-05
2.21271e-05
3.35476e-05
5.39533e-05
5.11139e-05
7.31457e-05
4.61653e-05
3.79613e-05
4.95964e-05
5.77752e-05
6.05246e-05
5.98035e-05
5.47613e-05
4.54269e-05
3.75171e-05
3.97735e-05
4.87509e-05
5.25027e-05
5.18008e-05
5.08092e-05
5.12286e-05
5.23726e-05
5.26939e-05
5.09832e-05
4.74109e-05
4.36595e-05
4.2441e-05
4.4925e-05
4.93726e-05
5.49153e-05
6.30491e-05
7.35612e-05
8.37507e-05
9.29569e-05
0.00010102
0.00010687
0.00010832
0.000104117
9.50551e-05
8.32116e-05
7.07001e-05
5.88953e-05
4.8165e-05
3.81808e-05
2.84416e-05
1.85904e-05
8.52717e-06
2.2033e-06
1.26888e-05
2.33353e-05
3.27233e-05
3.89219e-05
4.06842e-05
3.8608e-05
3.46698e-05
3.06645e-05
2.72823e-05
2.44443e-05
2.19529e-05
1.97295e-05
1.77712e-05
1.60809e-05
1.46415e-05
1.34157e-05
1.23509e-05
1.1385e-05
1.04675e-05
9.58828e-06
8.76702e-06
8.02145e-06
7.69863e-06
8.71911e-06
1.15476e-05
1.88288e-05
3.14622e-05
4.49577e-05
5.5751e-05
6.2239e-05
6.37879e-05
6.02172e-05
5.19411e-05
4.17334e-05
3.32531e-05
2.7881e-05
2.7979e-05
3.6595e-05
5.22304e-05
6.85147e-05
7.68398e-05
7.30196e-05
5.98638e-05
4.34329e-05
2.86706e-05
1.79847e-05
1.17331e-05
9.04813e-06
8.60954e-06
9.4426e-06
1.10286e-05
1.33461e-05
1.58906e-05
2.07061e-05
2.94522e-05
4.94438e-05
4.465e-05
6.02638e-05
4.28339e-05
2.44544e-05
3.99062e-05
5.38883e-05
6.56606e-05
7.4193e-05
7.87024e-05
7.96213e-05
7.84982e-05
7.5306e-05
7.01247e-05
6.6355e-05
6.61988e-05
6.65456e-05
6.58975e-05
6.50931e-05
6.33352e-05
6.02495e-05
5.64442e-05
5.36635e-05
5.33966e-05
5.48324e-05
5.65345e-05
5.94026e-05
6.51927e-05
7.29644e-05
7.98971e-05
8.55305e-05
9.04014e-05
9.33302e-05
9.21919e-05
8.61221e-05
7.62223e-05
6.45929e-05
5.31236e-05
4.28456e-05
3.39569e-05
2.62212e-05
1.94028e-05
1.40602e-05
1.27377e-05
1.7067e-05
2.40721e-05
3.08407e-05
3.53701e-05
3.66e-05
3.49103e-05
3.17766e-05
2.8591e-05
2.58759e-05
2.35302e-05
2.13808e-05
1.93791e-05
1.75478e-05
1.59123e-05
1.44776e-05
1.32298e-05
1.21429e-05
1.1183e-05
1.03104e-05
9.49346e-06
8.73614e-06
8.07872e-06
7.54621e-06
7.34419e-06
8.23797e-06
1.06821e-05
1.67756e-05
2.83805e-05
4.13011e-05
5.13255e-05
5.70369e-05
5.83002e-05
5.51062e-05
4.76687e-05
3.80313e-05
2.89809e-05
2.19489e-05
2.04989e-05
2.92243e-05
4.52764e-05
6.15508e-05
6.96253e-05
6.58153e-05
5.33392e-05
3.82468e-05
2.51055e-05
1.58723e-05
1.06212e-05
8.4347e-06
8.11147e-06
8.8241e-06
1.01019e-05
1.2145e-05
1.44499e-05
1.90889e-05
2.58041e-05
4.48749e-05
4.1301e-05
5.00054e-05
4.49658e-05
2.92517e-05
3.53104e-05
4.43499e-05
5.32228e-05
6.23391e-05
7.10386e-05
7.95358e-05
8.92585e-05
9.84029e-05
0.000101784
9.18342e-05
7.79325e-05
7.65361e-05
7.56146e-05
7.34838e-05
7.04705e-05
6.65274e-05
6.23577e-05
5.93804e-05
5.82949e-05
5.8114e-05
5.85522e-05
6.05327e-05
6.45004e-05
6.92967e-05
7.31389e-05
7.60486e-05
7.83862e-05
7.87065e-05
7.5048e-05
6.7057e-05
5.62872e-05
4.51411e-05
3.55999e-05
2.851e-05
2.36808e-05
2.06284e-05
1.92627e-05
1.98517e-05
2.23606e-05
2.60526e-05
2.97123e-05
3.20624e-05
3.23389e-05
3.07607e-05
2.83209e-05
2.59497e-05
2.39374e-05
2.21362e-05
2.03937e-05
1.86886e-05
1.70639e-05
1.55615e-05
1.42026e-05
1.29902e-05
1.19155e-05
1.09625e-05
1.01107e-05
9.33578e-06
8.61897e-06
7.97169e-06
7.44062e-06
7.05565e-06
6.93234e-06
7.67953e-06
9.79753e-06
1.48364e-05
2.52869e-05
3.7676e-05
4.72507e-05
5.24616e-05
5.35447e-05
5.06883e-05
4.39701e-05
3.48356e-05
2.52973e-05
1.66928e-05
1.38414e-05
2.34612e-05
4.01316e-05
5.61945e-05
6.36779e-05
5.95833e-05
4.75893e-05
3.3685e-05
2.20174e-05
1.40866e-05
9.68733e-06
7.88098e-06
7.61835e-06
8.21262e-06
9.22514e-06
1.09803e-05
1.29843e-05
1.74111e-05
2.25994e-05
4.0311e-05
3.91097e-05
4.23964e-05
5.65398e-05
4.7814e-05
4.27879e-05
4.14368e-05
4.26151e-05
4.84313e-05
5.78519e-05
6.90199e-05
8.19474e-05
9.5842e-05
0.000108329
0.000114607
9.69387e-05
8.02507e-05
7.87726e-05
7.65651e-05
7.29536e-05
6.85834e-05
6.41279e-05
6.06862e-05
5.86182e-05
5.75709e-05
5.76041e-05
5.85371e-05
6.0593e-05
6.28953e-05
6.43738e-05
6.54716e-05
6.6123e-05
6.44803e-05
5.91071e-05
5.0307e-05
3.97966e-05
2.98188e-05
2.2412e-05
1.88369e-05
1.86294e-05
2.00466e-05
2.18986e-05
2.38389e-05
2.57481e-05
2.73194e-05
2.80605e-05
2.76427e-05
2.62555e-05
2.45178e-05
2.29531e-05
2.16404e-05
2.03978e-05
1.90963e-05
1.77363e-05
1.63747e-05
1.50633e-05
1.3834e-05
1.2703e-05
1.16758e-05
1.07495e-05
9.91596e-06
9.16416e-06
8.48069e-06
7.85587e-06
7.30479e-06
6.87744e-06
6.60514e-06
6.54413e-06
7.1488e-06
8.96351e-06
1.30845e-05
2.2289e-05
3.40936e-05
4.34179e-05
4.83778e-05
4.9416e-05
4.69301e-05
4.09414e-05
3.24093e-05
2.27155e-05
1.2834e-05
8.40863e-06
1.95976e-05
3.66904e-05
5.21777e-05
5.87159e-05
5.41058e-05
4.24817e-05
2.9688e-05
1.93951e-05
1.26361e-05
8.94776e-06
7.41296e-06
7.15875e-06
7.62811e-06
8.41279e-06
9.90298e-06
1.1603e-05
1.5766e-05
1.98418e-05
3.59224e-05
3.70532e-05
3.71945e-05
)
;

boundaryField
{
    outlet
    {
        type            zeroGradient;
    }
    inlet
    {
        type            zeroGradient;
    }
    lowerWall
    {
        type            zeroGradient;
    }
    upperWall
    {
        type            zeroGradient;
    }
    frontAndBack
    {
        type            empty;
    }
}


// ************************************************************************* //
