/*--------------------------------*- C++ -*----------------------------------*\
  =========                 |
  \\      /  F ield         | OpenFOAM: The Open Source CFD Toolbox
   \\    /   O peration     | Website:  https://openfoam.org
    \\  /    A nd           | Version:  10
     \\/     M anipulation  |
\*---------------------------------------------------------------------------*/
FoamFile
{
    format      ascii;
    class       volScalarField;
    location    "0.01";
    object      p;
}
// * * * * * * * * * * * * * * * * * * * * * * * * * * * * * * * * * * * * * //

dimensions      [0 2 -2 0 0 0 0];

internalField   nonuniform List<scalar> 
6820
(
11.7106
-2.62655
-4.64249
-4.84114
-5.01646
-4.97806
-4.96883
-5.0126
-5.08165
-5.16446
-5.25248
-5.33998
-5.42421
-5.50319
-5.58062
-5.6648
-5.76475
-5.88752
-6.03695
-6.21375
-6.41645
-6.64268
-6.89053
-7.15952
-7.45112
-7.76888
-8.11851
-8.50731
-8.94692
-9.44662
-10.0459
-10.7151
-11.7284
6.33671
-2.41978
-4.44314
-4.716
-4.94398
-4.97025
-4.98325
-5.03409
-5.10388
-5.18432
-5.26937
-5.35461
-5.43691
-5.51396
-5.58921
-5.67132
-5.7695
-5.89091
-6.03937
-6.21549
-6.41758
-6.64304
-6.88974
-7.15702
-7.44628
-7.76095
-8.10645
-8.48971
-8.92045
-9.40793
-9.97598
-10.6132
-11.4223
4.26283
-1.20037
-3.64057
-4.25144
-4.65451
-4.82418
-4.89986
-4.97801
-5.06368
-5.15393
-5.24575
-5.33623
-5.42233
-5.50309
-5.58212
-5.66716
-5.76678
-5.88816
-6.03541
-6.20946
-6.40898
-6.63158
-6.87511
-7.13864
-7.42299
-7.73077
-8.06623
-8.43442
-8.84192
-9.29246
-9.79346
-10.3202
-10.838
2.70136
-1.01018
-3.33317
-3.99909
-4.40036
-4.63049
-4.75405
-4.86205
-4.9689
-5.07281
-5.17382
-5.27121
-5.36332
-5.4496
-5.53458
-5.62643
-5.73198
-5.8568
-6.0042
-6.17501
-6.36822
-6.58198
-6.81466
-7.06559
-7.33553
-7.6265
-7.94149
-8.28356
-8.65557
-9.05711
-9.48475
-9.91647
-10.3102
1.42341
-1.04623
-3.01565
-3.71288
-4.13995
-4.43279
-4.60678
-4.74125
-4.86301
-4.97539
-5.08142
-5.18275
-5.28024
-5.37543
-5.4714
-5.57246
-5.6849
-5.8135
-5.96113
-6.12873
-6.31572
-6.52082
-6.74284
-6.98135
-7.23695
-7.51116
-7.80589
-8.12262
-8.4616
-8.81996
-9.18976
-9.55365
-9.87324
0.473979
-1.16057
-2.82137
-3.5482
-3.98321
-4.29636
-4.49433
-4.64304
-4.77457
-4.89449
-5.00634
-5.11291
-5.21577
-5.3166
-5.41767
-5.5235
-5.63936
-5.76918
-5.91527
-6.07843
-6.25828
-6.45382
-6.66412
-6.88883
-7.12835
-7.38365
-7.65575
-7.94494
-8.24991
-8.56668
-8.88651
-9.19627
-9.46916
-0.262443
-1.36302
-2.72258
-3.41805
-3.83754
-4.1571
-4.37681
-4.54245
-4.68545
-4.81342
-4.93072
-5.04121
-5.14734
-5.25154
-5.35673
-5.4666
-5.58523
-5.71572
-5.85997
-6.0187
-6.19167
-6.37815
-6.57738
-6.78901
-7.01316
-7.25024
-7.50049
-7.76335
-8.0367
-8.31634
-8.59445
-8.86147
-9.10011
-0.836379
-1.58239
-2.67297
-3.32041
-3.72706
-4.04713
-4.2796
-4.45576
-4.60563
-4.73887
-4.86041
-4.97458
-5.08427
-5.19194
-5.30032
-5.41256
-5.53201
-5.66131
-5.80211
-5.95504
-6.11994
-6.29619
-6.48316
-6.68044
-6.88793
-7.10565
-7.33333
-7.56993
-7.81303
-8.0587
-8.3005
-8.53164
-8.74134
-1.28882
-1.80285
-2.67038
-3.25698
-3.64166
-3.95069
-4.18638
-4.36893
-4.52414
-4.66202
-4.78737
-4.90453
-5.01671
-5.12658
-5.23676
-5.35023
-5.46978
-5.59754
-5.73483
-5.88213
-6.03929
-6.20581
-6.38107
-6.56463
-6.75616
-6.95535
-7.16157
-7.37349
-7.58872
-7.8038
-8.01367
-8.21356
-8.39668
-1.64956
-2.01026
-2.69546
-3.21486
-3.57407
-3.86925
-4.10436
-4.29088
-4.44966
-4.59065
-4.71871
-4.83815
-4.95235
-5.06387
-5.17527
-5.28907
-5.40757
-5.53256
-5.66512
-5.80568
-5.95412
-6.10998
-6.2727
-6.44179
-6.61679
-6.79719
-6.98214
-7.17027
-7.35932
-7.54635
-7.72742
-7.89913
-8.05693
-1.9399
-2.19831
-2.73864
-3.19186
-3.52343
-3.8015
-4.03074
-4.21709
-4.37681
-4.51914
-4.64867
-4.7694
-4.88454
-4.99667
-5.10817
-5.22128
-5.33794
-5.45965
-5.58728
-5.72115
-5.86108
-6.00666
-6.15733
-6.31253
-6.47172
-6.63422
-6.79909
-6.96495
-7.12978
-7.29112
-7.44587
-7.5916
-7.72491
-2.17535
-2.36466
-2.79135
-3.18216
-3.48468
-3.74407
-3.96467
-4.14874
-4.30814
-4.45088
-4.58116
-4.70256
-4.81816
-4.93041
-5.04142
-5.15314
-5.26721
-5.38486
-5.5068
-5.63325
-5.76406
-5.89883
-6.03703
-6.17809
-6.32141
-6.46627
-6.61169
-6.75636
-6.89849
-7.03604
-7.16649
-7.28802
-7.39784
-2.36724
-2.50909
-2.84748
-3.182
-3.45567
-3.69592
-3.90583
-4.08526
-4.24244
-4.38403
-4.51375
-4.63473
-4.74978
-4.86113
-4.97068
-5.08013
-5.19089
-5.30397
-5.4199
-5.53886
-5.66065
-5.78487
-5.911
-6.03846
-6.16661
-6.29471
-6.4218
-6.54667
-6.66774
-6.78329
-6.89124
-6.99019
-7.07764
-2.52392
-2.63255
-2.90271
-3.18781
-3.43359
-3.65471
-3.85269
-4.0259
-4.17969
-4.31924
-4.44769
-4.56769
-4.68166
-4.7916
-4.89918
-5.00586
-5.11279
-5.22078
-5.33028
-5.44136
-5.55384
-5.66732
-5.78133
-5.89529
-6.00857
-6.12045
-6.23003
-6.33619
-6.43756
-6.53266
-6.61974
-6.69764
-6.76409
-2.6516
-2.73651
-2.95406
-3.19669
-3.41631
-3.61895
-3.80449
-3.97038
-4.11965
-4.25613
-4.38234
-4.50045
-4.61249
-4.7202
-4.82504
-4.92822
-5.03072
-5.13318
-5.23595
-5.33904
-5.44226
-5.54523
-5.64747
-5.74844
-5.84753
-5.94406
-6.03719
-6.1259
-6.20899
-6.28519
-6.35299
-6.41144
-6.45842
-2.75491
-2.82257
-2.99952
-3.20625
-3.40189
-3.587
-3.76004
-3.91787
-4.06183
-4.19453
-4.31785
-4.4335
-4.54311
-4.64812
-4.74977
-4.84905
-4.94675
-5.04338
-5.13918
-5.23414
-5.32805
-5.42055
-5.51121
-5.59953
-5.68495
-5.76682
-5.84437
-5.91672
-5.9828
-6.04151
-6.09154
-6.13209
-6.16121
-2.83737
-2.89226
-3.03782
-3.21458
-3.38866
-3.55748
-3.71838
-3.86784
-4.00596
-4.1343
-4.25413
-4.36669
-4.47325
-4.57498
-4.67286
-4.76772
-4.86018
-4.95064
-5.03928
-5.12604
-5.21071
-5.29298
-5.37244
-5.44862
-5.52102
-5.58906
-5.65204
-5.70918
-5.75955
-5.8022
-5.83598
-5.86025
-5.87322
-2.90166
-2.94694
-3.06817
-3.22017
-3.37522
-3.52915
-3.67852
-3.81959
-3.95158
-4.07515
-4.19105
-4.30009
-4.40318
-4.50123
-4.59499
-4.68512
-4.77209
-4.85621
-4.93759
-5.01615
-5.0917
-5.16395
-5.23253
-5.29705
-5.35704
-5.41201
-5.46133
-5.50432
-5.54018
-5.5681
-5.58708
-5.5966
-5.59508
-2.94981
-2.98777
-3.09011
-3.22181
-3.36036
-3.50092
-3.63959
-3.77254
-3.89833
-4.01694
-4.12861
-4.23378
-4.33304
-4.42703
-4.51632
-4.60139
-4.68261
-4.7602
-4.83423
-4.90462
-4.97118
-5.03368
-5.09178
-5.14515
-5.1934
-5.23609
-5.27269
-5.3026
-5.32515
-5.33966
-5.34527
-5.34158
-5.32721
-2.98334
-3.0157
-3.10335
-3.21858
-3.34304
-3.47182
-3.60079
-3.72607
-3.84579
-3.95939
-4.06667
-4.16775
-4.26292
-4.3526
-4.43717
-4.51698
-4.59231
-4.66329
-4.72998
-4.7923
-4.85008
-4.90313
-4.95117
-4.99393
-5.03109
-5.06227
-5.08704
-5.10489
-5.11527
-5.11759
-5.11118
-5.09572
-5.07005
-3.00339
-3.03145
-3.10773
-3.20975
-3.3224
-3.44102
-3.56142
-3.6797
-3.7937
-3.90243
-4.00535
-4.10226
-4.19322
-4.27843
-4.35813
-4.43254
-4.50187
-4.5662
-4.62557
-4.67992
-4.72913
-4.77302
-4.81141
-4.84408
-4.87076
-4.89118
-4.90497
-4.91174
-4.91102
-4.90235
-4.88519
-4.85933
-4.82381
-3.01074
-3.03552
-3.10308
-3.19469
-3.2977
-3.4078
-3.52081
-3.63288
-3.74164
-3.84576
-3.94441
-4.03714
-4.12382
-4.20446
-4.27917
-4.3481
-4.41137
-4.46907
-4.52122
-4.56778
-4.60867
-4.64378
-4.67297
-4.6961
-4.71298
-4.72338
-4.72706
-4.72368
-4.7129
-4.69437
-4.66766
-4.63268
-4.58863
-3.00589
-3.02823
-3.08926
-3.1729
-3.26833
-3.37157
-3.47854
-3.58541
-3.68964
-3.78966
-3.88439
-3.97319
-4.05572
-4.13187
-4.20165
-4.26511
-4.32237
-4.37349
-4.4185
-4.45742
-4.49022
-4.51683
-4.5372
-4.55125
-4.55886
-4.5599
-4.55419
-4.5415
-4.52158
-4.49419
-4.45901
-4.41604
-4.36466
-2.98906
-3.00966
-3.06602
-3.14386
-3.23365
-3.33168
-3.43394
-3.5366
-3.63703
-3.73343
-3.82455
-3.90958
-3.98804
-4.05972
-4.12455
-4.18256
-4.23384
-4.27846
-4.31651
-4.34802
-4.37304
-4.39157
-4.40361
-4.40915
-4.40816
-4.40057
-4.38628
-4.36516
-4.33704
-4.30178
-4.25918
-4.20931
-4.15171
-2.9602
-2.97968
-3.03304
-3.10715
-3.19329
-3.28794
-3.38714
-3.48702
-3.58482
-3.67857
-3.76685
-3.84871
-3.92356
-3.9911
-4.05122
-4.10395
-4.14936
-4.18759
-4.21876
-4.24299
-4.26037
-4.27099
-4.27495
-4.27229
-4.26307
-4.24731
-4.22498
-4.19605
-4.16043
-4.11807
-4.06888
-4.01298
-3.95005
-2.91894
-2.93788
-2.98977
-3.06205
-3.14637
-3.2393
-3.33683
-3.43502
-3.53101
-3.62269
-3.70852
-3.78745
-3.85883
-3.92232
-3.97779
-4.0253
-4.06496
-4.09696
-4.12149
-4.13873
-4.14888
-4.15209
-4.14852
-4.1383
-4.12155
-4.09837
-4.06881
-4.0329
-3.99066
-3.94211
-3.88724
-3.82623
-3.7589
-2.86463
-2.88363
-2.93573
-3.00837
-3.09323
-3.18683
-3.28501
-3.38367
-3.47975
-3.57099
-3.65572
-3.73279
-3.80151
-3.86152
-3.91274
-3.95526
-3.98927
-4.01504
-4.03288
-4.04305
-4.04586
-4.04156
-4.0304
-4.0126
-3.98838
-3.9579
-3.92131
-3.87873
-3.83023
-3.77594
-3.7159
-3.65034
-3.57918
-2.79613
-2.81574
-2.86953
-2.94434
-3.03144
-3.12718
-3.22723
-3.32729
-3.42415
-3.51545
-3.59943
-3.67488
-3.74109
-3.79776
-3.84483
-3.88249
-3.91104
-3.93086
-3.94236
-3.94594
-3.94198
-3.93084
-3.91284
-3.88829
-3.85745
-3.82058
-3.77788
-3.72954
-3.67571
-3.61657
-3.55225
-3.483
-3.40884
-2.71196
-2.73312
-2.79104
-2.87137
-2.96448
-3.06632
-3.17211
-3.27712
-3.37785
-3.47176
-3.55701
-3.63238
-3.69719
-3.75121
-3.79451
-3.8274
-3.85034
-3.86387
-3.86855
-3.86493
-3.85354
-3.83486
-3.80933
-3.77737
-3.73935
-3.6956
-3.64642
-3.59206
-3.53277
-3.46875
-3.40022
-3.32741
-3.25044
-2.60956
-2.63262
-2.69597
-2.78308
-2.88307
-2.99164
-3.10371
-3.21417
-3.31926
-3.41628
-3.50325
-3.57891
-3.64262
-3.69423
-3.73397
-3.76235
-3.78001
-3.78771
-3.78619
-3.77618
-3.75832
-3.73321
-3.70138
-3.66331
-3.61943
-3.57013
-3.51576
-3.45663
-3.39304
-3.32526
-3.25354
-3.17816
-3.0993
-2.48647
-2.51394
-2.58835
-2.68959
-2.80424
-2.92703
-3.052
-3.17337
-3.28712
-3.39049
-3.48154
-3.5591
-3.6227
-3.67237
-3.70858
-3.73203
-3.74363
-3.74438
-3.73524
-3.71717
-3.69103
-3.65759
-3.61753
-3.57148
-3.51999
-3.46356
-3.40261
-3.33754
-3.2687
-3.19639
-3.12089
-3.04248
-2.96137
-2.33636
-2.36667
-2.45095
-2.56445
-2.69182
-2.82792
-2.96607
-3.09946
-3.22343
-3.33482
-3.43146
-3.51212
-3.57643
-3.62467
-3.65765
-3.67648
-3.68249
-3.67703
-3.66141
-3.6368
-3.60424
-3.56459
-3.51862
-3.46699
-3.41028
-3.349
-3.28364
-3.21461
-3.1423
-3.06708
-2.98927
-2.90917
-2.82708
-2.15759
-2.20103
-2.31288
-2.45724
-2.61298
-2.77426
-2.93384
-3.08462
-3.2222
-3.34374
-3.44727
-3.53179
-3.59715
-3.64389
-3.67304
-3.68602
-3.68449
-3.67017
-3.64476
-3.6098
-3.56665
-3.51648
-3.46028
-3.39891
-3.3331
-3.26349
-3.19062
-3.11497
-3.03698
-2.95698
-2.87532
-2.79224
-2.70804
-1.92835
-1.97093
-2.0969
-2.26203
-2.44268
-2.63218
-2.81972
-2.99548
-3.15397
-3.29173
-3.40654
-3.49754
-3.56509
-3.61038
-3.63528
-3.64212
-3.63338
-3.61149
-3.57861
-3.53657
-3.48684
-3.43065
-3.36894
-3.30254
-3.23214
-3.15834
-3.08169
-3.00269
-2.92181
-2.83947
-2.75611
-2.67201
-2.58763
-1.66756
-1.75873
-1.95441
-2.17526
-2.3962
-2.61848
-2.83295
-3.03051
-3.2068
-3.35879
-3.48419
-3.58205
-3.65258
-3.69688
-3.71689
-3.71523
-3.69494
-3.65923
-3.61111
-3.55323
-3.48773
-3.4163
-3.34026
-3.26066
-3.17831
-3.09392
-3.00803
-2.92112
-2.83358
-2.74572
-2.65791
-2.57034
-2.48349
-1.2636
-1.32934
-1.55729
-1.8371
-2.12681
-2.41781
-2.69191
-2.93771
-3.15109
-3.32927
-3.47085
-3.57627
-3.64727
-3.68665
-3.69815
-3.68619
-3.65534
-3.60983
-3.5531
-3.48782
-3.416
-3.33913
-3.25827
-3.17424
-3.08773
-2.99933
-2.90964
-2.81919
-2.72852
-2.63813
-2.54859
-2.46029
-2.37404
-0.922676
-1.17387
-1.52684
-1.83978
-2.14908
-2.46696
-2.76783
-3.0407
-3.28178
-3.4857
-3.64871
-3.76957
-3.8486
-3.8876
-3.88991
-3.86051
-3.8056
-3.73222
-3.64647
-3.55297
-3.45493
-3.35438
-3.25254
-3.15027
-3.04824
-2.94697
-2.84679
-2.74783
-2.65008
-2.55348
-2.45819
-2.36447
-2.2735
0.106379
-0.161176
-0.770832
-1.3124
-1.80447
-2.26394
-2.66384
-3.00379
-3.28849
-3.51805
-3.69327
-3.81608
-3.88905
-3.91625
-3.90372
-3.85925
-3.79073
-3.70624
-3.61093
-3.509
-3.40361
-3.2967
-3.18931
-3.08199
-2.97517
-2.8692
-2.76435
-2.6608
-2.55869
-2.45828
-2.35988
-2.26453
-2.17372
0.0376378
-0.52662
-0.980161
-1.35924
-1.84848
-2.35258
-2.81745
-3.24145
-3.61179
-3.91565
-4.14818
-4.30727
-4.39179
-4.40308
-4.34649
-4.23448
-4.07736
-3.90537
-3.73052
-3.5624
-3.40681
-3.26545
-3.13752
-3.02071
-2.91197
-2.80812
-2.7062
-2.60385
-2.49898
-2.39065
-2.27657
-2.15944
-2.02877
4.92865
1.23457
-0.109014
-0.800535
-1.61957
-2.31307
-2.86414
-3.33387
-3.72498
-4.03369
-4.2627
-4.41333
-4.48654
-4.48559
-4.41762
-4.29367
-4.13876
-3.96215
-3.78177
-3.60832
-3.44685
-3.29836
-3.16126
-3.0329
-2.91056
-2.79206
-2.67574
-2.56047
-2.44497
-2.32885
-2.20965
-2.09006
-1.96245
-12.3366
-10.6119
-9.53848
-11.0677
-14.7905
-19.3237
-23.1237
-24.7569
-23.7491
-20.717
-16.7322
-12.6868
-9.0984
-6.14509
-3.79308
-1.94024
-0.485784
0.655985
1.55367
2.26
2.81528
3.25057
3.59005
3.85276
4.05375
4.20494
4.31579
4.39386
4.44519
4.47468
4.48632
4.48336
4.46851
4.44395
4.41154
4.37277
4.32891
4.28098
4.22985
4.17622
4.12066
4.06365
4.00556
3.9467
3.88732
3.82759
3.76766
3.70764
3.6476
3.5876
3.52767
3.46781
3.40802
3.3483
3.28862
3.22896
3.16926
3.10951
3.04966
2.98966
2.92947
2.86904
2.80833
2.74729
2.68589
2.62406
2.56178
2.499
2.43568
2.37179
2.30728
2.24212
2.17627
2.10971
2.0424
1.97431
1.90541
1.83568
1.76509
1.69361
1.62121
1.54788
1.47359
1.39833
1.32205
1.24476
1.16642
1.08702
1.00654
0.924962
0.842261
0.758444
0.673446
0.587367
0.499963
0.411736
0.321616
0.231896
0.137816
0.0494995
-11.9112
-10.6883
-10.0909
-11.4917
-14.4108
-17.809
-20.5372
-21.617
-20.7299
-18.2864
-15.0269
-11.6189
-8.49848
-5.85065
-3.68543
-1.94311
-0.551895
0.555461
1.43609
2.1358
2.6907
3.12928
3.47413
3.74328
3.95119
4.1094
4.22714
4.31183
4.36945
4.40487
4.42207
4.4243
4.41426
4.39418
4.3659
4.33095
4.29061
4.24594
4.1978
4.14692
4.0939
4.03921
3.98326
3.92636
3.86876
3.81068
3.75226
3.69362
3.63485
3.576
3.51712
3.45822
3.39932
3.3404
3.28145
3.22245
3.16336
3.10416
3.0448
2.98526
2.92548
2.86542
2.80505
2.74432
2.68318
2.62161
2.55955
2.49697
2.43384
2.37011
2.30574
2.24071
2.17499
2.10853
2.04132
1.97331
1.9045
1.83483
1.7643
1.69287
1.62053
1.54725
1.473
1.39777
1.32153
1.24427
1.16596
1.08659
1.00614
0.924585
0.84191
0.758119
0.67315
0.587102
0.499729
0.41154
0.321457
0.231782
0.137754
0.049461
-11.193
-10.6302
-10.3913
-11.4826
-13.6676
-16.1782
-18.1751
-18.9395
-18.1964
-16.2134
-13.523
-10.6384
-7.92157
-5.55045
-3.56299
-1.93084
-0.605515
0.464196
1.32485
2.01559
2.56832
3.00888
3.35816
3.63313
3.84753
4.01248
4.13694
4.22816
4.29205
4.33341
4.3562
4.36366
4.3585
4.34296
4.31889
4.28785
4.25111
4.20977
4.1647
4.11665
4.06622
4.01393
3.96017
3.90529
3.84955
3.79316
3.7363
3.67909
3.62162
3.56397
3.50618
3.44828
3.39029
3.3322
3.27401
3.21569
3.15724
3.0986
3.03977
2.98069
2.92134
2.86167
2.80165
2.74124
2.68039
2.61907
2.55725
2.49488
2.43193
2.36837
2.30416
2.23927
2.17367
2.10732
2.04021
1.9723
1.90356
1.83397
1.7635
1.69213
1.61984
1.5466
1.4724
1.39721
1.32101
1.24378
1.1655
1.08616
1.00573
0.924207
0.841559
0.757796
0.672855
0.586838
0.499497
0.411346
0.321302
0.23167
0.137697
0.0494229
-10.6365
-10.4699
-10.462
-11.3379
-12.9791
-14.8247
-16.2556
-16.7467
-16.0864
-14.4418
-12.1939
-9.73746
-7.36782
-5.24689
-3.42772
-1.90424
-0.646577
0.38273
1.22071
1.90017
2.44892
2.89008
3.24278
3.52283
3.7432
3.91453
4.04548
4.1431
4.21318
4.26045
4.28882
4.30155
4.30131
4.29036
4.27057
4.24349
4.21043
4.17248
4.13055
4.08539
4.03764
3.9878
3.9363
3.8835
3.82967
3.77503
3.71978
3.66404
3.60792
3.5515
3.49484
3.43798
3.38092
3.3237
3.26629
3.20869
3.15089
3.09285
3.03455
2.97597
2.91706
2.85779
2.79813
2.73805
2.6775
2.61645
2.55487
2.49272
2.42997
2.36659
2.30253
2.23779
2.17231
2.10608
2.03907
1.97125
1.90259
1.83308
1.76268
1.69137
1.61913
1.54595
1.47179
1.39664
1.32047
1.24328
1.16503
1.08572
1.00532
0.923825
0.841205
0.757471
0.672559
0.586573
0.499264
0.411151
0.321146
0.231556
0.137639
0.0493813
-10.1603
-10.2065
-10.3471
-11.0537
-12.2725
-13.6065
-14.6062
-14.8913
-14.2906
-12.9063
-11.0133
-8.91238
-6.8416
-4.94493
-3.28305
-1.86523
-0.675929
0.310905
1.12387
1.78994
2.33293
2.77329
3.12835
3.41268
3.63846
3.81578
3.95294
4.05678
4.13294
4.18606
4.22001
4.238
4.24273
4.23641
4.22095
4.19789
4.16857
4.13409
4.09536
4.05317
4.00814
3.96082
3.91165
3.86098
3.80911
3.75628
3.70268
3.64846
3.59373
3.53859
3.4831
3.4273
3.37123
3.31489
3.2583
3.20144
3.14431
3.08689
3.02915
2.97107
2.91262
2.85377
2.79449
2.73475
2.67451
2.61374
2.55241
2.49049
2.42795
2.36475
2.30086
2.23626
2.17092
2.10481
2.03791
1.97018
1.90161
1.83217
1.76184
1.6906
1.61842
1.54528
1.47117
1.39606
1.31993
1.24277
1.16456
1.08528
1.00491
0.923442
0.84085
0.757145
0.672263
0.586309
0.499033
0.410957
0.320992
0.231443
0.137583
0.0493395
-9.7353
-9.89635
-10.1138
-10.6821
-11.5804
-12.5313
-13.2061
-13.3268
-12.7627
-11.5774
-9.96692
-8.15871
-6.34362
-4.6471
-3.13132
-1.8153
-0.694205
0.248675
1.03465
1.68536
2.22088
2.65905
3.01536
3.30313
3.53369
3.71653
3.85958
3.96942
4.0515
4.11039
4.14987
4.17313
4.18281
4.18117
4.17007
4.15109
4.12557
4.0946
4.05914
4.01997
3.97774
3.933
3.88621
3.83773
3.78788
3.7369
3.68501
3.63235
3.57906
3.52524
3.47095
3.41626
3.36119
3.30578
3.25003
3.19394
3.13751
3.08072
3.02356
2.96601
2.90804
2.84962
2.79073
2.73135
2.67143
2.61095
2.54988
2.4882
2.42586
2.36285
2.29914
2.23469
2.16949
2.1035
2.03671
1.96909
1.90061
1.83125
1.76099
1.68981
1.61769
1.5446
1.47054
1.39547
1.31939
1.24226
1.16408
1.08483
1.0045
0.923058
0.840495
0.756819
0.671966
0.586044
0.498803
0.410763
0.320838
0.231329
0.137527
0.0492961
-9.34378
-9.54991
-9.79095
-10.2433
-10.8963
-11.5566
-11.9857
-11.9826
-11.4478
-10.419
-9.03586
-7.47033
-5.87466
-4.3562
-2.97511
-1.75617
-0.702324
0.19573
0.953112
1.58673
2.11318
2.54777
2.90421
3.19455
3.4292
3.61707
3.76564
3.8812
3.96904
4.03357
4.07852
4.107
4.12165
4.12468
4.11798
4.10312
4.08144
4.05405
4.02191
3.98582
3.94644
3.90434
3.85998
3.81375
3.76597
3.7169
3.66676
3.61571
3.5639
3.51144
3.45839
3.40484
3.35082
3.29636
3.24147
3.18618
3.13047
3.07435
3.01779
2.96078
2.9033
2.84533
2.78685
2.72783
2.66825
2.60807
2.54727
2.48583
2.42371
2.3609
2.29737
2.23308
2.16802
2.10217
2.03549
1.96797
1.89958
1.83031
1.76012
1.68901
1.61695
1.54392
1.4699
1.39488
1.31883
1.24175
1.1636
1.08439
1.00408
0.922672
0.840139
0.756493
0.671671
0.585781
0.498573
0.410571
0.320687
0.231216
0.137472
0.0492527
-8.96271
-9.17877
-9.41447
-9.7698
-10.2354
-10.677
-10.9224
-10.8261
-10.3133
-9.40706
-8.20696
-6.8427
-5.43487
-4.07415
-2.81649
-1.68941
-0.7012
0.151702
0.879282
1.49431
2.0102
2.43988
2.79533
3.08732
3.32537
3.5177
3.67138
3.79237
3.88574
3.95577
4.00608
4.03973
4.05931
4.06703
4.06475
4.05403
4.03622
4.01246
3.98369
3.95073
3.91426
3.87485
3.83298
3.78905
3.74339
3.69628
3.64793
3.59855
3.54826
3.49719
3.44543
3.39305
3.3401
3.28662
3.23264
3.17816
3.1232
3.06776
3.01182
2.95537
2.89841
2.84091
2.78284
2.72421
2.66496
2.6051
2.54458
2.48339
2.42151
2.3589
2.29555
2.23143
2.16652
2.1008
2.03424
1.96682
1.89853
1.82934
1.75924
1.6882
1.6162
1.54322
1.46926
1.39428
1.31828
1.24123
1.16312
1.08394
1.00366
0.922287
0.839783
0.756168
0.671377
0.58552
0.498346
0.41038
0.320537
0.231104
0.137418
0.0492092
-8.59332
-8.79702
-9.00732
-9.27795
-9.5984
-9.87453
-9.98288
-9.8181
-9.32516
-8.51768
-7.46688
-6.27046
-5.02372
-3.80248
-2.65736
-1.61657
-0.691839
0.11609
0.813039
1.40822
1.91221
2.33574
2.6891
2.98183
3.22251
3.41873
3.57706
3.70314
3.8018
3.87715
3.9327
3.97144
3.99591
4.00829
4.01042
4.00387
3.98997
3.96986
3.94451
3.91473
3.88122
3.84455
3.80522
3.76364
3.72015
3.67504
3.62854
3.58085
3.53213
3.48249
3.43205
3.38088
3.32904
3.27657
3.22352
3.16989
3.1157
3.06096
3.00566
2.9498
2.89336
2.83634
2.77872
2.72047
2.66159
2.60204
2.54182
2.48089
2.41924
2.35684
2.29368
2.22974
2.16498
2.0994
2.03296
1.96566
1.89747
1.82837
1.75834
1.68737
1.61543
1.54252
1.46861
1.39368
1.31772
1.24071
1.16264
1.08349
1.00325
0.921901
0.839429
0.755845
0.671084
0.58526
0.498121
0.410191
0.320389
0.230992
0.137365
0.0491663
-8.22764
-8.4077
-8.58367
-8.78202
-8.99062
-9.14261
-9.14966
-8.93591
-8.46112
-7.73375
-6.80517
-5.74905
-4.64048
-3.54228
-2.49932
-1.53908
-0.675243
0.0883334
0.754184
1.32854
1.81945
2.23565
2.58587
2.87842
3.12099
3.32048
3.48298
3.61377
3.71742
3.79788
3.85852
3.90225
3.93155
3.94855
3.95509
3.9527
3.94273
3.92631
3.90441
3.87785
3.84733
3.81345
3.77671
3.73752
3.69625
3.65319
3.60858
3.56263
3.51551
3.46735
3.41827
3.36834
3.31764
3.26622
3.21412
3.16136
3.10797
3.05395
2.99931
2.94405
2.88816
2.83164
2.77446
2.71662
2.65811
2.5989
2.53897
2.47832
2.41691
2.35474
2.29177
2.228
2.16341
2.09796
2.03166
1.96447
1.89638
1.82737
1.75743
1.68653
1.61466
1.54181
1.46795
1.39307
1.31715
1.24019
1.16215
1.08304
1.00283
0.921517
0.839076
0.755523
0.670794
0.585003
0.497898
0.410004
0.320243
0.230882
0.137312
0.0491243
-7.86868
-8.01929
-8.15695
-8.29274
-8.4139
-8.47226
-8.40476
-8.15703
-7.69999
-7.03917
-6.21188
-5.2738
-4.284
-3.29426
-2.34372
-1.45825
-0.652421
0.0678059
0.702429
1.25521
1.73205
2.13987
2.48593
2.77741
3.0211
3.22324
3.38939
3.52449
3.63283
3.71815
3.78371
3.8323
3.86634
3.88792
3.89883
3.9006
3.89456
3.88185
3.86342
3.84012
3.81264
3.78158
3.74747
3.71072
3.67171
3.63074
3.58807
3.5439
3.49842
3.45178
3.40408
3.35543
3.3059
3.25555
3.20444
3.15258
3.10001
3.04674
2.99278
2.93814
2.88281
2.8268
2.77009
2.71267
2.65454
2.59567
2.53605
2.47568
2.41452
2.35258
2.28982
2.22623
2.1618
2.0965
2.03033
1.96326
1.89528
1.82636
1.7565
1.68568
1.61388
1.54109
1.46729
1.39246
1.31659
1.23966
1.16167
1.08259
1.00241
0.921134
0.838725
0.755204
0.670507
0.584748
0.497678
0.409819
0.320099
0.230773
0.137259
0.0490837
-7.51488
-7.63415
-7.7336
-7.8161
-7.8692
-7.85754
-7.73608
-7.46601
-7.02657
-6.42172
-5.67896
-4.84058
-3.95306
-3.05884
-2.19166
-1.37528
-0.624345
0.0538484
0.657419
1.18815
1.6501
2.04859
2.38957
2.67912
2.92317
3.1273
3.29658
3.43556
3.54824
3.63818
3.70845
3.76175
3.80042
3.8265
3.84174
3.84765
3.84554
3.83654
3.8216
3.80158
3.77717
3.74898
3.71753
3.68326
3.64655
3.60771
3.56701
3.52467
3.48087
3.43577
3.3895
3.34216
3.29383
3.24459
3.19448
3.14355
3.09182
3.03932
2.98606
2.93206
2.87732
2.82183
2.7656
2.70861
2.65087
2.59235
2.53306
2.47297
2.41208
2.35037
2.28782
2.22442
2.16016
2.09501
2.02898
1.96203
1.89415
1.82534
1.75557
1.68483
1.6131
1.54037
1.46662
1.39184
1.31602
1.23914
1.16118
1.08214
1.002
0.920755
0.838378
0.754888
0.670224
0.584498
0.497462
0.409638
0.319958
0.230667
0.137207
0.0490449
-7.16868
-7.25682
-7.32011
-7.35735
-7.35711
-7.29304
-7.13291
-6.84921
-6.42731
-5.8704
-5.199
-4.4454
-3.64623
-2.83616
-2.04402
-1.29122
-0.591945
0.0457824
0.618747
1.12718
1.5736
1.96197
2.297
2.5838
2.82747
3.03296
3.20482
3.34723
3.4639
3.55815
3.63291
3.69075
3.73393
3.76442
3.78393
3.79394
3.79574
3.79044
3.77902
3.76229
3.74097
3.71567
3.68692
3.65517
3.6208
3.58413
3.54544
3.50495
3.46287
3.41935
3.37454
3.32854
3.28144
3.23333
3.18425
3.13427
3.08341
3.0317
2.97916
2.92582
2.87167
2.81673
2.76099
2.70445
2.64711
2.58896
2.53
2.47021
2.40958
2.34811
2.28578
2.22257
2.15848
2.0935
2.0276
1.96078
1.89302
1.8243
1.75462
1.68396
1.6123
1.53964
1.46595
1.39123
1.31545
1.23861
1.1607
1.0817
1.00159
0.920378
0.838034
0.754577
0.669945
0.584251
0.49725
0.409461
0.31982
0.230563
0.137155
0.0490084
-6.83055
-6.88915
-6.91954
-6.91879
-6.87691
-6.774
-6.58689
-6.29619
-5.89181
-5.37648
-4.76584
-4.08473
-3.36208
-2.62617
-1.90147
-1.20698
-0.556091
0.0429276
0.585964
1.07207
1.50252
1.88007
2.2084
2.49168
2.73427
2.94048
3.11438
3.25975
3.38002
3.47828
3.55728
3.61948
3.66702
3.70181
3.72551
3.73957
3.74525
3.74365
3.73572
3.7223
3.70409
3.68171
3.65569
3.62648
3.59448
3.56001
3.52336
3.48477
3.44443
3.40253
3.35921
3.31458
3.26874
3.22178
3.17377
3.12475
3.07478
3.02388
2.97209
2.91942
2.86588
2.8115
2.75626
2.70018
2.64326
2.58549
2.52686
2.46738
2.40703
2.3458
2.2837
2.22069
2.15678
2.09196
2.02621
1.95951
1.89187
1.82326
1.75367
1.68309
1.61151
1.53891
1.46528
1.39061
1.31489
1.23809
1.16022
1.08126
1.00119
0.920007
0.837696
0.754271
0.669671
0.58401
0.497043
0.409288
0.319685
0.230461
0.137103
0.0489744
-6.50205
-6.53345
-6.53462
-6.50226
-6.42793
-6.29641
-6.09103
-5.79821
-5.41114
-4.93236
-4.37396
-3.75524
-3.09912
-2.42866
-1.76451
-1.12336
-0.517584
0.0446163
0.558596
1.02254
1.43673
1.80293
2.1239
2.40297
2.6438
2.85011
3.0255
3.17337
3.29685
3.39879
3.48177
3.54811
3.59985
3.63881
3.66661
3.68465
3.69416
3.69623
3.6918
3.68168
3.66659
3.64714
3.62387
3.59723
3.56763
3.53539
3.50081
3.46414
3.42559
3.38533
3.34352
3.30029
3.25574
3.20997
3.16304
3.11501
3.06595
3.01588
2.96485
2.91287
2.85996
2.80615
2.75143
2.69583
2.63933
2.58194
2.52366
2.46449
2.40443
2.34346
2.28158
2.21878
2.15506
2.0904
2.02479
1.95823
1.89071
1.8222
1.75271
1.68221
1.61071
1.53818
1.46461
1.39
1.31432
1.23758
1.15974
1.08082
1.00079
0.919642
0.837364
0.753971
0.669404
0.583775
0.496841
0.409119
0.319554
0.230363
0.137052
0.0489435
-6.18401
-6.19087
-6.16664
-6.10826
-6.00879
-5.85655
-5.63947
-5.34814
-4.97811
-4.53179
-4.01871
-3.454
-2.85592
-2.24331
-1.63348
-1.04102
-0.477157
0.0502026
0.536154
0.978278
1.37609
1.73054
2.04357
2.31781
2.55625
2.76207
2.93842
3.08832
3.2146
3.31989
3.40657
3.47682
3.53257
3.57557
3.60736
3.6293
3.64259
3.64829
3.64733
3.64051
3.62853
3.61203
3.59152
3.56747
3.54028
3.5103
3.47782
3.4431
3.40635
3.36777
3.3275
3.2857
3.24246
3.19789
3.15207
3.10506
3.05693
3.00771
2.95745
2.90618
2.85392
2.80069
2.7465
2.69138
2.63532
2.57832
2.5204
2.46156
2.40178
2.34107
2.27943
2.21684
2.15331
2.08882
2.02336
1.95694
1.88953
1.82114
1.75174
1.68134
1.60991
1.53745
1.46394
1.38939
1.31376
1.23706
1.15927
1.08039
1.00039
0.919283
0.837039
0.753679
0.669143
0.583547
0.496645
0.408956
0.319427
0.230268
0.137001
0.0489158
-5.87728
-5.86242
-5.81645
-5.73687
-5.61814
-5.4512
-5.22733
-4.94007
-4.58665
-4.1694
-3.69596
-3.17831
-2.63109
-2.06967
-1.50861
-0.960507
-0.435464
0.0590726
0.518142
0.938939
1.3204
1.66282
1.96747
2.23632
2.47181
2.67658
2.85337
3.00483
3.13351
3.24179
3.33188
3.4058
3.46538
3.51226
3.54791
3.57366
3.59066
3.59994
3.60241
3.59886
3.59
3.57643
3.5587
3.53725
3.5125
3.48479
3.45443
3.42168
3.38677
3.34988
3.31118
3.27082
3.22892
3.18557
3.14088
3.09491
3.04772
2.99937
2.9499
2.89935
2.84775
2.79512
2.74148
2.68685
2.63123
2.57464
2.51709
2.45857
2.39909
2.33865
2.27725
2.21488
2.15154
2.08722
2.02192
1.95564
1.88836
1.82007
1.75077
1.68046
1.60911
1.53672
1.46328
1.38878
1.31321
1.23656
1.15881
1.07997
1.00001
0.918934
0.836723
0.753395
0.668892
0.583326
0.496457
0.4088
0.319305
0.230178
0.136951
0.0488918
-5.58248
-5.54865
-5.48434
-5.38769
-5.25438
-5.0774
-4.8504
-4.56903
-4.23172
-3.8407
-3.40219
-2.92579
-2.42329
-1.9073
-1.39001
-0.882276
-0.393088
0.0706483
0.504071
0.904159
1.26944
1.59967
1.89558
2.15858
2.3906
2.59381
2.77054
2.92311
3.05378
3.16471
3.25791
3.33525
3.39843
3.44902
3.48841
3.51785
3.53848
3.55128
3.55714
3.55684
3.55107
3.54044
3.52547
3.50663
3.48432
3.45891
3.43069
3.39992
3.36686
3.33168
3.29458
3.25568
3.21513
3.17304
3.12949
3.08457
3.03835
2.99088
2.94222
2.89241
2.84147
2.78945
2.73637
2.68224
2.62708
2.57091
2.51373
2.45554
2.39637
2.3362
2.27504
2.21289
2.14975
2.08561
2.02047
1.95433
1.88717
1.819
1.74981
1.67958
1.60831
1.536
1.46262
1.38818
1.31266
1.23606
1.15836
1.07955
0.999633
0.918594
0.836416
0.753121
0.668649
0.583115
0.496277
0.40865
0.319189
0.230091
0.136901
0.0488715
-5.29999
-5.24981
-5.17023
-5.06004
-4.91595
-4.73249
-4.50508
-4.23085
-3.90907
-3.54184
-3.13432
-2.69428
-2.23128
-1.75569
-1.27771
-0.806683
-0.350542
0.0843925
0.493462
0.873559
1.22293
1.54094
1.82786
2.08463
2.31273
2.51391
2.69012
2.84337
2.97564
3.08886
3.18486
3.26535
3.33193
3.38604
3.42901
3.46203
3.48619
3.50244
3.51163
3.51454
3.51184
3.50412
3.49191
3.47568
3.45582
3.43271
3.40663
3.37788
3.34667
3.31323
3.27773
3.24032
3.20114
3.16031
3.11792
3.07407
3.02883
2.98226
2.93442
2.88536
2.83511
2.78371
2.73119
2.67757
2.62288
2.56712
2.51032
2.45248
2.39362
2.33373
2.27282
2.21089
2.14795
2.08399
2.01902
1.95302
1.88599
1.81794
1.74884
1.67871
1.60753
1.53528
1.46198
1.38759
1.31213
1.23557
1.15792
1.07915
0.99927
0.918266
0.836122
0.752858
0.668418
0.582913
0.496106
0.408508
0.319078
0.23001
0.136853
0.0488553
-5.03011
-4.96599
-4.87387
-4.75312
-4.60127
-4.41409
-4.18827
-3.922
-3.6151
-3.26956
-2.8897
-2.48187
-2.05389
-1.61431
-1.17168
-0.734015
-0.308276
0.0998083
0.48585
0.846756
1.1806
1.48646
1.76423
2.01448
2.23827
2.437
2.61226
2.76578
2.89926
3.01443
3.11293
3.19631
3.26605
3.32349
3.36988
3.40636
3.43393
3.45354
3.46601
3.47208
3.4724
3.46758
3.45811
3.44448
3.42707
3.40625
3.38233
3.35558
3.32626
3.29456
3.26067
3.22476
3.18697
3.14741
3.10621
3.06344
3.01919
2.97353
2.92652
2.87821
2.82866
2.77789
2.72594
2.67285
2.61863
2.5633
2.50688
2.44939
2.39084
2.33123
2.27058
2.20888
2.14615
2.08237
2.01756
1.95171
1.88481
1.81688
1.74789
1.67785
1.60675
1.53458
1.46134
1.38702
1.31161
1.2351
1.15749
1.07877
0.99892
0.917951
0.83584
0.752608
0.668198
0.582722
0.495945
0.408374
0.318974
0.229933
0.136805
0.0488425
-4.77292
-4.69705
-4.59478
-4.46596
-4.30881
-4.12002
-3.89726
-3.63943
-3.34674
-3.02105
-2.66601
-2.28687
-1.89006
-1.48265
-1.07185
-0.664492
-0.266681
0.11644
0.480791
0.823366
1.14215
1.43602
1.70459
1.9481
2.16727
2.36317
2.53711
2.6905
2.82484
2.94163
3.04231
3.12832
3.20099
3.26156
3.3112
3.35098
3.38187
3.40474
3.4204
3.42957
3.43288
3.4309
3.42416
3.4131
3.39813
3.37961
3.35784
3.33311
3.30567
3.27572
3.24346
3.20906
3.17266
3.13439
3.09437
3.05269
3.00945
2.96471
2.91854
2.871
2.82215
2.77202
2.72065
2.66809
2.61434
2.55945
2.50342
2.44629
2.38805
2.32873
2.26834
2.20687
2.14434
2.08075
2.01611
1.9504
1.88364
1.81583
1.74694
1.677
1.60598
1.53389
1.46072
1.38646
1.3111
1.23464
1.15708
1.07839
0.998587
0.917653
0.835575
0.752373
0.667993
0.582546
0.495796
0.408251
0.318879
0.229863
0.13676
0.0488344
-4.52841
-4.44276
-4.3324
-4.1976
-4.0371
-3.84834
-3.62968
-3.38054
-3.10138
-2.79391
-2.46125
-2.10777
-1.7388
-1.36022
-0.978101
-0.598285
-0.226097
0.133869
0.477861
0.803006
1.10727
1.3894
1.64879
1.88542
2.09973
2.29251
2.46477
2.6177
2.75255
2.87062
2.9732
3.06157
3.13692
3.20043
3.25314
3.29608
3.33014
3.35618
3.37495
3.38714
3.39338
3.39422
3.39016
3.38166
3.36911
3.35286
3.33324
3.31052
3.28496
3.25676
3.22613
3.19325
3.15825
3.12128
3.08245
3.04187
2.99963
2.95582
2.9105
2.86374
2.81559
2.76611
2.71533
2.6633
2.61004
2.55558
2.49995
2.44317
2.38526
2.32623
2.26609
2.20486
2.14254
2.07914
2.01466
1.94911
1.88249
1.81479
1.74601
1.67616
1.60523
1.53321
1.46011
1.38591
1.31061
1.2342
1.15668
1.07804
0.998269
0.917369
0.835324
0.752153
0.667801
0.58238
0.495658
0.408136
0.31879
0.229796
0.136715
0.0488273
-4.29654
-4.20281
-4.08613
-3.94706
-3.78478
-3.59729
-3.38347
-3.14309
-2.87677
-2.58607
-2.27367
-1.94325
-1.59923
-1.24655
-0.890312
-0.535526
-0.186823
0.151711
0.476656
0.785302
1.07565
1.34635
1.59667
1.82636
2.03564
2.22503
2.39533
2.54748
2.68253
2.80159
2.90578
2.99624
3.07406
3.14028
3.19589
3.24183
3.27894
3.30802
3.3298
3.34494
3.35404
3.35764
3.35623
3.35025
3.34009
3.32611
3.30862
3.2879
3.26421
3.23776
3.20876
3.17739
3.14379
3.10812
3.07049
3.03101
2.98979
2.94691
2.90244
2.85646
2.80903
2.76019
2.71
2.65851
2.60573
2.55172
2.49649
2.44007
2.38248
2.32374
2.26387
2.20287
2.14076
2.07755
2.01324
1.94784
1.88135
1.81377
1.74511
1.67535
1.6045
1.53257
1.45953
1.38539
1.31014
1.23379
1.15631
1.07771
0.997976
0.917111
0.835097
0.751955
0.667632
0.582236
0.495539
0.408038
0.318716
0.22974
0.136678
0.0488263
-4.07699
-3.97672
-3.85524
-3.71335
-3.55054
-3.36527
-3.15679
-2.92513
-2.67097
-2.39574
-2.10177
-1.79214
-1.47057
-1.1412
-0.808353
-0.476319
-0.149123
0.169614
0.476792
0.769885
1.04695
1.30662
1.54804
1.77081
1.97495
2.16077
2.32886
2.47996
2.61492
2.73469
2.84023
2.93253
3.01257
3.08131
3.13963
3.1884
3.22841
3.26042
3.28511
3.30311
3.31499
3.32129
3.32247
3.31897
3.31117
3.29942
3.28404
3.26531
3.24347
3.21877
3.19139
3.16152
3.12933
3.09495
3.05851
3.02014
2.97994
2.93798
2.89437
2.84917
2.80245
2.75427
2.70468
2.65371
2.60143
2.54786
2.49303
2.43697
2.37971
2.32126
2.26165
2.20089
2.139
2.07598
2.01184
1.94659
1.88023
1.81277
1.74421
1.67456
1.6038
1.53193
1.45896
1.38489
1.3097
1.23339
1.15595
1.07739
0.997698
0.916866
0.834883
0.75177
0.667473
0.5821
0.495427
0.407944
0.318644
0.229681
0.136637
0.0488191
-3.86979
-3.76424
-3.63919
-3.49562
-3.33325
-3.1509
-2.94808
-2.725
-2.48234
-2.22142
-1.94425
-1.65343
-1.35211
-1.04378
-0.732106
-0.420759
-0.113243
0.187243
0.477899
0.75639
1.02086
1.26994
1.5027
1.71863
1.91759
2.09972
2.26541
2.41523
2.54985
2.67007
2.77671
2.87062
2.95267
3.02371
3.08455
3.13599
3.17877
3.21358
3.24106
3.26183
3.27642
3.28534
3.28905
3.28798
3.28249
3.27295
3.25964
3.24287
3.22288
3.1999
3.17413
3.14576
3.11495
3.08186
3.04662
3.00934
2.97015
2.92913
2.88637
2.84195
2.79594
2.74841
2.6994
2.64898
2.59718
2.54405
2.48962
2.43392
2.37699
2.31883
2.25949
2.19896
2.13728
2.07445
2.01048
1.94538
1.87916
1.81182
1.74337
1.67381
1.60313
1.53135
1.45845
1.38443
1.30929
1.23303
1.15564
1.07712
0.997461
0.916662
0.834709
0.751622
0.667351
0.582
0.495349
0.40788
0.318601
0.229644
0.136615
0.0488224
-3.67419
-3.56454
-3.43703
-3.29278
-3.13167
-2.95279
-2.75585
-2.54115
-2.30939
-2.06174
-1.79995
-1.52623
-1.24324
-0.953938
-0.661445
-0.368915
-0.0793931
0.204295
0.479632
0.744468
0.997049
1.23602
1.46043
1.66967
1.86347
2.04183
2.20499
2.35334
2.48742
2.60787
2.71537
2.81066
2.89451
2.96765
3.03084
3.08478
3.13016
3.16763
3.19779
3.22121
3.23841
3.24988
3.25605
3.25734
3.25412
3.24673
3.23547
3.22062
3.20244
3.18116
3.15698
3.13009
3.10066
3.06884
3.03478
2.9986
2.96041
2.92031
2.8784
2.83475
2.78945
2.74257
2.69415
2.64427
2.59295
2.54026
2.48623
2.43089
2.37428
2.31642
2.25734
2.19705
2.13558
2.07293
2.00913
1.94419
1.8781
1.81088
1.74254
1.67307
1.60248
1.53077
1.45793
1.38398
1.30889
1.23268
1.15533
1.07685
0.997227
0.91646
0.834536
0.751474
0.667227
0.581894
0.495265
0.407804
0.318546
0.229586
0.136578
0.0487999
-3.49068
-3.37776
-3.24859
-3.10437
-2.94508
-2.77001
-2.57903
-2.37247
-2.15101
-1.91568
-1.66799
-1.40985
-1.14349
-0.871434
-0.596339
-0.320921
-0.0478299
0.220438
0.481622
0.73375
0.975175
1.20458
1.421
1.62376
1.81249
1.98708
2.14762
2.29438
2.42775
2.54823
2.6564
2.75288
2.83832
2.91338
2.97873
3.03502
3.08286
3.12286
3.15557
3.18154
3.20126
3.21518
3.22374
3.22734
3.22632
3.22103
3.21176
3.1988
3.1824
3.16278
3.14016
3.11472
3.08665
3.05609
3.02319
2.98808
2.95088
2.91169
2.87062
2.82774
2.78314
2.73689
2.68906
2.6397
2.58887
2.53661
2.48297
2.42799
2.3717
2.31412
2.2553
2.19524
2.13398
2.07152
2.00789
1.94309
1.87713
1.81003
1.74179
1.67242
1.60191
1.53027
1.45751
1.38361
1.30858
1.23241
1.15511
1.07666
0.997072
0.916334
0.834438
0.7514
0.667176
0.581859
0.495249
0.407792
0.318555
0.229579
0.136593
0.0488024
-3.31753
-3.20231
-3.07236
-2.92892
-2.77202
-2.60113
-2.41619
-2.21758
-2.0059
-1.78208
-1.54741
-1.30352
-1.05231
-0.795929
-0.536643
-0.276796
-0.0187023
0.235432
0.483575
0.723922
0.954931
1.17534
1.38416
1.58069
1.7645
1.93536
2.09325
2.23832
2.37085
2.49121
2.59987
2.69734
2.78419
2.86099
2.92833
2.98678
3.03692
3.0793
3.11444
3.14283
3.16495
3.18123
3.19209
3.1979
3.19901
3.19576
3.18843
3.1773
3.16263
3.14464
3.12355
3.09954
3.07279
3.04347
3.01171
2.97766
2.94143
2.90314
2.86289
2.82077
2.77686
2.73124
2.68399
2.63515
2.58479
2.53297
2.47972
2.42508
2.36911
2.31182
2.25325
2.19342
2.13237
2.07009
2.00662
1.94197
1.87615
1.80916
1.74103
1.67174
1.60132
1.52975
1.45705
1.38321
1.30823
1.23211
1.15484
1.07644
0.996876
0.916168
0.834297
0.751281
0.667078
0.581774
0.495182
0.407722
0.318507
0.229499
0.136554
0.0487284
-3.15652
-3.03942
-2.90909
-2.76677
-2.61253
-2.44593
-2.26697
-2.07602
-1.87359
-1.6605
-1.43786
-1.20703
-0.969639
-0.7275
-0.482567
-0.236863
0.00758951
0.248834
0.48504
0.714553
0.93593
1.14796
1.34967
1.54032
1.71942
1.88667
2.04196
2.18532
2.31693
2.43706
2.54607
2.6444
2.7325
2.81088
2.88004
2.94052
2.99282
3.03744
3.07487
3.10558
3.12999
3.14853
3.16159
3.16954
3.17271
3.17142
3.16597
3.15662
3.14363
3.12722
3.1076
3.08497
3.05951
3.03139
3.00074
2.96772
2.93244
2.89502
2.85557
2.81418
2.77094
2.72593
2.67923
2.6309
2.58101
2.5296
2.47672
2.42243
2.36676
2.30975
2.25143
2.19183
2.13097
2.06887
2.00556
1.94105
1.87535
1.80848
1.74045
1.67125
1.6009
1.52941
1.45677
1.38298
1.30805
1.23197
1.15475
1.07638
0.996848
0.916166
0.83432
0.751323
0.667139
0.581844
0.49527
0.407798
0.318609
0.229547
0.136648
0.0487206
-3.00385
-2.8858
-2.75592
-2.61543
-2.46439
-2.30243
-2.12959
-1.94617
-1.75265
-1.54971
-1.33828
-1.11952
-0.894806
-0.66568
-0.433819
-0.200981
0.0310564
0.26055
0.485843
0.705412
0.917905
1.12216
1.31722
1.50234
1.67698
1.84076
1.99351
2.13516
2.26579
2.3856
2.49485
2.59388
2.68308
2.76287
2.8337
2.89604
2.95033
2.99705
3.03662
3.0695
3.09608
3.11676
3.13191
3.14189
3.14703
3.14763
3.14397
3.13633
3.12496
3.11007
3.09189
3.0706
3.04639
3.01943
2.98987
2.95784
2.92349
2.88692
2.84825
2.80758
2.765
2.72059
2.67444
2.6266
2.57716
2.52616
2.47365
2.4197
2.36433
2.30759
2.24951
2.19012
2.12946
2.06754
2.00438
1.94001
1.87443
1.80767
1.73973
1.67062
1.60035
1.52892
1.45634
1.38261
1.30773
1.23169
1.1545
1.07616
0.996661
0.916004
0.834181
0.751201
0.667034
0.581745
0.495187
0.407695
0.318537
0.229393
0.136591
0.0485166
-2.86398
-2.74494
-2.61551
-2.47687
-2.32903
-2.17164
-2.00474
-1.82857
-1.64351
-1.4501
-1.2491
-1.04149
-0.828403
-0.611145
-0.391153
-0.169953
0.0508854
0.269798
0.485272
0.695894
0.900383
1.09762
1.28666
1.46674
1.63728
1.79787
1.94824
2.08827
2.21797
2.33744
2.44687
2.54652
2.63671
2.7178
2.79018
2.85425
2.91041
2.95909
3.00069
3.03561
3.06424
3.08695
3.10409
3.11601
3.12301
3.1254
3.12345
3.11744
3.1076
3.09416
3.07734
3.05733
3.03431
3.00846
2.97992
2.94885
2.91537
2.87961
2.84168
2.80169
2.75973
2.71589
2.67026
2.62289
2.57388
2.52326
2.47111
2.41747
2.36238
2.3059
2.24805
2.18887
2.12839
2.06663
2.00362
1.93938
1.87392
1.80726
1.73942
1.67039
1.60019
1.52883
1.4563
1.38262
1.30778
1.23178
1.15463
1.07632
0.996844
0.91621
0.834406
0.751441
0.66729
0.582001
0.495459
0.407936
0.318816
0.229553
0.136856
0.0484779
-2.72924
-2.61037
-2.48247
-2.34663
-2.20277
-2.05053
-1.88992
-1.72112
-1.54439
-1.36016
-1.16905
-0.971851
-0.769502
-0.563113
-0.353919
-0.143258
0.0674667
0.27683
0.483432
0.685944
0.883151
1.07397
1.25749
1.43292
1.59968
1.75729
1.90544
2.04394
2.17273
2.29183
2.40138
2.50155
2.59262
2.67487
2.74864
2.81428
2.87216
2.92264
2.96611
3.00293
3.03347
3.05807
3.07708
3.09081
3.09957
3.10365
3.10333
3.09886
3.09049
3.07843
3.06292
3.04413
3.02225
2.99746
2.96991
2.93975
2.90712
2.87214
2.83493
2.7956
2.75424
2.71095
2.66582
2.61891
2.57031
2.52007
2.46825
2.41491
2.36011
2.30387
2.24624
2.18726
2.12695
2.06535
2.00248
1.93837
1.87302
1.80646
1.7387
1.66975
1.59962
1.52831
1.45584
1.3822
1.30741
1.23145
1.15432
1.07604
0.996591
0.915977
0.834191
0.751238
0.667099
0.581808
0.495282
0.407714
0.318649
0.229219
0.136749
0.0479825
-2.60852
-2.48916
-2.36228
-2.22883
-2.08861
-1.94125
-1.78669
-1.62499
-1.45628
-1.28085
-1.09915
-0.911768
-0.719453
-0.52311
-0.323778
-0.12262
0.079108
0.280093
0.479012
0.674581
0.865604
1.051
1.22985
1.40135
1.56488
1.71995
1.8662
2.00339
2.13141
2.25023
2.35992
2.46062
2.55252
2.63587
2.71095
2.77806
2.83753
2.8897
2.93492
2.97351
3.00582
3.03219
3.05292
3.06834
3.07874
3.08439
3.08557
3.08254
3.07552
3.06475
3.05043
3.03277
3.01195
2.98814
2.9615
2.93218
2.90033
2.86607
2.82952
2.79079
2.74998
2.7072
2.66253
2.61604
2.56781
2.51792
2.46641
2.41335
2.3588
2.30279
2.24536
2.18656
2.12642
2.06496
2.00222
1.93822
1.87298
1.80651
1.73882
1.66994
1.59988
1.52863
1.4562
1.38261
1.30785
1.23192
1.15482
1.07657
0.997138
0.91654
0.83477
0.751824
0.667697
0.582396
0.495886
0.40826
0.319259
0.229598
0.137356
0.0478532
-2.4887
-2.37077
-2.24683
-2.11755
-1.98243
-1.84105
-1.69329
-1.53909
-1.37849
-1.21166
-1.0389
-0.860647
-0.677494
-0.490179
-0.299598
-0.106798
0.0870475
0.28068
0.472809
0.662184
0.847639
1.02813
1.20275
1.37072
1.53137
1.68419
1.82876
1.96481
2.09216
2.21074
2.32057
2.42174
2.5144
2.59874
2.675
2.74344
2.80437
2.85807
2.90487
2.94508
2.97902
3.00701
3.02934
3.04632
3.05822
3.06534
3.06792
3.06622
3.06047
3.0509
3.03771
3.02111
3.00128
2.97839
2.95262
2.9241
2.89298
2.85939
2.82347
2.78531
2.74503
2.70272
2.65848
2.61239
2.56452
2.51495
2.46373
2.41094
2.35662
2.30082
2.24358
2.18495
2.12496
2.06364
2.00102
1.93712
1.87197
1.80558
1.73798
1.66916
1.59915
1.52795
1.45557
1.38201
1.30728
1.23138
1.15431
1.07607
0.996666
0.916083
0.834325
0.751386
0.667268
0.581955
0.495464
0.407765
0.31886
0.228904
0.137148
0.0467562
-2.38264
-2.26436
-2.14197
-2.01575
-1.88502
-1.74929
-1.60826
-1.46168
-1.30942
-1.15147
-0.987924
-0.819017
-0.645112
-0.466724
-0.284543
-0.0994412
0.0875181
0.27511
0.462006
0.646863
0.82841
1.00551
1.17719
1.34265
1.50121
1.65237
1.7957
1.93094
2.05786
2.17639
2.28648
2.38819
2.48162
2.56693
2.64432
2.71402
2.77629
2.8314
2.87966
2.92135
2.95677
2.98622
3.00999
3.02837
3.04164
3.05006
3.05389
3.05339
3.04877
3.04026
3.02808
3.01242
2.99347
2.9714
2.94638
2.91857
2.8881
2.85511
2.81973
2.78208
2.74226
2.70037
2.65651
2.61077
2.56322
2.51393
2.46297
2.41041
2.3563
2.30068
2.24361
2.18513
2.12527
2.06407
2.00156
1.93775
1.87268
1.80636
1.73882
1.67006
1.60009
1.52894
1.45659
1.38307
1.30836
1.23249
1.15544
1.07722
0.997821
0.917247
0.835497
0.752558
0.668444
0.583111
0.496635
0.408843
0.320045
0.229682
0.138406
0.0463398
-2.27509
-2.16079
-2.04434
-1.92447
-1.80034
-1.67173
-1.53823
-1.39948
-1.25529
-1.10554
-0.950183
-0.789288
-0.623054
-0.451851
-0.27627
-0.0971568
0.0843908
0.267074
0.449502
0.630311
0.808258
0.982248
1.15133
1.31467
1.47157
1.62145
1.76388
1.89852
2.02517
2.14371
2.25409
2.35631
2.45045
2.53663
2.61503
2.68585
2.74931
2.80568
2.85522
2.89822
2.93495
2.9657
2.99075
3.01038
3.02485
3.03444
3.0394
3.03995
3.03635
3.0288
3.01752
3.0027
2.98454
2.96321
2.93887
2.91169
2.8818
2.84935
2.81447
2.77727
2.73786
2.69635
2.65283
2.60739
2.56012
2.51108
2.46036
2.408
2.35407
2.29862
2.24169
2.18334
2.1236
2.0625
2.00007
1.93635
1.87135
1.8051
1.73761
1.66889
1.59897
1.52785
1.45554
1.38204
1.30736
1.23151
1.15448
1.07627
0.99689
0.916327
0.834585
0.751649
0.667542
0.582191
0.495739
0.407852
0.319211
0.228391
0.138054
0.0440996
-2.17011
-2.0554
-1.94308
-1.82894
-1.71174
-1.59126
-1.46676
-1.33766
-1.20366
-1.06442
-0.919691
-0.76924
-0.612927
-0.45073
-0.282844
-0.109804
0.0674108
0.247364
0.42829
0.608328
0.785768
0.959199
1.12755
1.29003
1.44608
1.59526
1.73724
1.87174
1.99852
2.11742
2.22835
2.33128
2.42626
2.51337
2.59278
2.66467
2.72924
2.78675
2.83745
2.8816
2.91947
2.95135
2.97751
2.99821
3.01373
3.02431
3.03022
3.03168
3.02893
3.0222
3.01168
2.99757
2.98008
2.95937
2.9356
2.90895
2.87956
2.84756
2.81309
2.77626
2.7372
2.696
2.65277
2.60759
2.56055
2.51173
2.46119
2.409
2.35522
2.2999
2.2431
2.18485
2.1252
2.06418
2.00183
1.93816
1.87322
1.80701
1.73956
1.67088
1.60098
1.52988
1.45759
1.38411
1.30944
1.23359
1.15657
1.07836
0.998981
0.918414
0.836667
0.753718
0.669603
0.584218
0.497773
0.409765
0.32127
0.229819
0.140488
0.0427307
-2.07488
-1.97341
-1.87057
-1.76274
-1.65273
-1.54001
-1.42318
-1.30184
-1.17571
-1.04429
-0.907059
-0.763608
-0.613576
-0.456777
-0.293347
-0.123889
0.050438
0.22799
0.406852
0.58512
0.761108
0.933433
1.101
1.26295
1.41866
1.56766
1.70962
1.84428
1.97142
2.09087
2.2025
2.30626
2.40214
2.49024
2.57066
2.64359
2.70923
2.7678
2.81954
2.86472
2.90361
2.93646
2.96356
2.98517
3.00154
3.01295
3.01963
3.02183
3.01978
3.01369
3.00377
2.99024
2.97326
2.95303
2.92972
2.90348
2.87446
2.84281
2.80865
2.77212
2.73332
2.69236
2.64934
2.60435
2.55749
2.50882
2.45842
2.40635
2.35269
2.29747
2.24075
2.18259
2.12301
2.06205
1.99975
1.93614
1.87124
1.80507
1.73765
1.669
1.59913
1.52806
1.45579
1.38232
1.30768
1.23185
1.15484
1.07665
0.997276
0.916719
0.834983
0.752038
0.667933
0.582535
0.496119
0.408019
0.319726
0.227735
0.139922
0.0385569
-1.90601
-1.83294
-1.75086
-1.65459
-1.55709
-1.45788
-1.35463
-1.24733
-1.13587
-1.01965
-0.897948
-0.769827
-0.634064
-0.489255
-0.334173
-0.168387
0.00705903
0.189383
0.374574
0.558504
0.738044
0.911564
1.0787
1.23968
1.39474
1.54379
1.68644
1.8222
1.95061
2.07135
2.18424
2.28921
2.38629
2.47554
2.55709
2.63112
2.69782
2.75741
2.81015
2.85628
2.89608
2.9298
2.95773
2.98012
2.99724
3.00935
3.01669
3.0195
3.01802
3.01247
3.00305
2.98998
2.97343
2.95359
2.93063
2.90472
2.876
2.84462
2.81071
2.7744
2.7358
2.69502
2.65216
2.60732
2.56058
2.51203
2.46173
2.40975
2.35616
2.301
2.24434
2.18622
2.12668
2.06576
2.00348
1.93989
1.875
1.80884
1.74143
1.67278
1.60291
1.53183
1.45955
1.38608
1.31142
1.23557
1.15855
1.08034
1.00094
0.920362
0.838599
0.755623
0.671484
0.58604
0.499589
0.411392
0.323155
0.230587
0.144547
0.0343369
-1.85442
-1.78838
-1.7046
-1.61263
-1.52203
-1.42892
-1.33188
-1.23118
-1.12626
-1.01627
-0.900362
-0.777436
-0.646156
-0.50511
-0.353175
-0.190104
-0.0170629
0.163274
0.347253
0.531159
0.712008
0.887866
1.05771
1.22111
1.3779
1.528
1.67129
1.80758
1.93659
2.05804
2.17169
2.27744
2.37525
2.46519
2.54738
2.62199
2.68923
2.74932
2.8025
2.84905
2.88921
2.92327
2.9515
2.97416
2.99153
3.00386
3.01139
3.01438
3.01306
3.00764
2.99835
2.98537
2.96892
2.94916
2.92627
2.90041
2.87174
2.84039
2.80651
2.77022
2.73163
2.69086
2.648
2.60316
2.55641
2.50784
2.45753
2.40553
2.35192
2.29675
2.24007
2.18192
2.12236
2.06141
1.99911
1.93549
1.87057
1.80439
1.73695
1.66828
1.59839
1.52728
1.45498
1.38148
1.3068
1.23094
1.15389
1.07566
0.996248
0.915648
0.833868
0.750873
0.666721
0.58125
0.494807
0.406534
0.318447
0.225568
0.140535
0.0306468
-8.80361
-8.78352
-8.69788
-8.53162
-8.2543
-7.82763
-7.21667
-6.38762
-5.31128
-4.01542
-2.57979
-1.09935
0.332998
1.6506
2.81436
3.80564
4.62214
5.27334
5.77504
6.14594
6.40542
6.57216
6.66333
6.69406
6.67734
6.624
6.54296
6.44139
6.32505
6.1985
6.06534
5.92836
5.78975
5.65117
5.51389
5.37886
5.24676
5.11808
4.99315
4.87219
4.75535
4.64286
4.53438
4.42904
4.32667
4.22754
4.13159
4.03869
3.9487
3.86145
3.77674
3.69439
3.61415
3.53584
3.45931
3.38437
3.31085
3.23857
3.16739
3.09715
3.02769
2.9589
2.89063
2.82277
2.7552
2.68782
2.62053
2.55323
2.48584
2.41826
2.35044
2.28228
2.21374
2.14473
2.07522
2.00513
1.93442
1.86305
1.79096
1.71811
1.64447
1.56999
1.49464
1.41839
1.34119
1.26303
1.18386
1.10365
1.02237
0.939993
0.856484
0.77178
0.68591
0.598662
0.510373
0.420056
0.329889
0.234227
0.147264
0.0312359
-9.20181
-9.21798
-9.20493
-9.14293
-8.98564
-8.66882
-8.10661
-7.23606
-6.05108
-4.6147
-3.02103
-1.39392
0.153973
1.5509
2.76329
3.78036
4.60829
5.26273
5.76319
6.13049
6.38527
6.54704
6.63349
6.66013
6.6401
6.58431
6.5016
6.39912
6.28252
6.15627
6.02387
5.88804
5.75088
5.61398
5.47854
5.34543
5.2153
5.08855
4.96547
4.84615
4.73059
4.61847
4.50984
4.40515
4.30436
4.20707
4.11301
4.02196
3.93372
3.8481
3.76492
3.68414
3.60527
3.52817
3.45266
3.3786
3.30584
3.23423
3.16362
3.09388
3.02488
2.95649
2.88858
2.82104
2.75376
2.68664
2.61959
2.5525
2.4853
2.41791
2.35025
2.28225
2.21385
2.14498
2.07559
2.00563
1.93503
1.86377
1.79178
1.71904
1.64549
1.57111
1.49585
1.41968
1.34258
1.2645
1.18541
1.10529
1.0241
0.941811
0.858391
0.773784
0.688008
0.600884
0.512674
0.422584
0.332264
0.237434
0.147915
0.0381256
-10.3384
-10.3691
-10.4283
-10.4704
-10.4471
-10.2689
-9.80206
-8.93347
-7.60367
-5.91368
-4.00885
-2.08559
-0.306629
1.24178
2.54107
3.60014
4.44534
5.1054
5.60687
5.97388
6.22857
6.39122
6.47997
6.51046
6.49576
6.4465
6.37121
6.27667
6.16827
6.05023
5.92587
5.79779
5.66798
5.538
5.40901
5.28188
5.15724
5.03554
4.91708
4.80202
4.69047
4.58241
4.47788
4.3768
4.27892
4.18402
4.09199
4.00267
3.91591
3.83154
3.74937
3.66907
3.5908
3.51431
3.43946
3.36606
3.29393
3.22294
3.15293
3.08372
3.01519
2.94723
2.87972
2.81255
2.7456
2.67878
2.61199
2.54515
2.47818
2.41099
2.34351
2.27568
2.20743
2.1387
2.06943
1.99958
1.92909
1.85793
1.78603
1.71337
1.6399
1.56559
1.4904
1.4143
1.33725
1.25923
1.18021
1.10014
1.01901
0.93678
0.853424
0.768891
0.683189
0.596174
0.508048
0.418205
0.327843
0.234152
0.142875
0.0427342
-11.8628
-11.942
-12.1599
-12.4576
-12.8052
-13.0746
-12.9865
-12.2208
-10.6911
-8.52222
-5.98087
-3.43697
-1.17409
0.687979
2.16586
3.31397
4.20129
4.88216
5.39579
5.7715
6.03351
6.20313
6.29915
6.33756
6.33149
6.29144
6.22573
6.14088
6.04206
5.93333
5.81792
5.69833
5.57655
5.45408
5.33209
5.21147
5.09284
4.97669
4.86332
4.75292
4.64559
4.54134
4.44014
4.34198
4.2468
4.1545
4.06492
3.97792
3.89334
3.81101
3.73077
3.65245
3.57597
3.50111
3.42768
3.35553
3.28451
3.21446
3.14526
3.07683
3.00902
2.94165
2.8747
2.80802
2.74152
2.6751
2.60868
2.54217
2.47549
2.40857
2.34133
2.27372
2.20567
2.13712
2.06802
1.99831
1.92796
1.85692
1.78514
1.71258
1.63921
1.56499
1.48989
1.41387
1.3369
1.25896
1.18
1.10001
1.01895
0.936785
0.8535
0.769046
0.683419
0.596519
0.508447
0.418857
0.328329
0.235535
0.142645
0.0463995
-13.7104
-13.8964
-14.4379
-15.3376
-16.6728
-18.2482
-19.4288
-19.3016
-17.5603
-14.3215
-10.304
-6.31418
-2.94452
-0.378213
1.48614
2.82557
3.80731
4.53895
5.08455
5.48367
5.76469
5.95093
6.06236
6.11566
6.12425
6.09868
6.04712
5.97598
5.89028
5.79398
5.69025
5.58157
5.4699
5.35678
5.2434
5.13066
5.01927
4.90971
4.80235
4.69744
4.59513
4.49549
4.39855
4.30432
4.21272
4.12364
4.03696
3.95256
3.8703
3.79005
3.71166
3.63498
3.55989
3.48625
3.41393
3.34279
3.27269
3.2035
3.1351
3.06737
3.00017
2.93344
2.86701
2.80082
2.73476
2.66873
2.60266
2.53647
2.47007
2.40341
2.33641
2.26901
2.20115
2.13277
2.06383
1.99427
1.92404
1.85312
1.78144
1.70899
1.63571
1.56157
1.48654
1.41059
1.33369
1.25581
1.17692
1.09698
1.01598
0.933883
0.850661
0.766279
0.68072
0.593925
0.505918
0.416556
0.325985
0.233969
0.140429
0.0474155
-15.6653
-16.1142
-17.3063
-19.4695
-22.8854
-27.1843
-30.9333
-31.9955
-29.8912
-24.6219
-17.8744
-11.2519
-5.88381
-2.06204
0.471725
2.13846
3.28356
4.10484
4.70664
5.14565
5.45771
5.6698
5.80386
5.87766
5.90519
5.89727
5.86222
5.80649
5.73513
5.65215
5.56072
5.46338
5.36215
5.2586
5.15399
5.04927
4.94519
4.84231
4.74104
4.64167
4.5444
4.44934
4.35655
4.26606
4.17783
4.09181
4.00792
3.92607
3.84615
3.76805
3.69163
3.61677
3.54336
3.47128
3.40037
3.33052
3.26159
3.19345
3.126
3.05912
2.99269
2.92664
2.86084
2.7952
2.72963
2.66407
2.59841
2.53259
2.46653
2.40017
2.33344
2.26628
2.19864
2.13046
2.0617
1.9923
1.92223
1.85144
1.77989
1.70754
1.63437
1.56032
1.48538
1.40952
1.33269
1.25488
1.17606
1.09619
1.01526
0.933224
0.850068
0.765762
0.680275
0.593585
0.505644
0.416484
0.325885
0.23442
0.140299
0.0488327
-17.2206
-18.1208
-20.2155
-24.1847
-30.5613
-38.6593
-45.9005
-48.7586
-45.2744
-37.0912
-26.932
-17.1535
-9.36782
-4.05756
-0.742841
1.31557
2.66317
3.60042
4.27632
4.76732
5.11895
5.36335
5.52517
5.62356
5.67325
5.68546
5.66879
5.62991
5.57401
5.50523
5.42684
5.34145
5.25114
5.15759
5.0621
4.9657
4.86919
4.77321
4.67821
4.58455
4.49247
4.40214
4.31366
4.22709
4.14244
4.05968
3.97877
3.89961
3.82214
3.74625
3.67183
3.59879
3.527
3.45636
3.38676
3.31808
3.2502
3.18302
3.11643
3.05033
2.98462
2.9192
2.85397
2.78886
2.72376
2.65862
2.59335
2.52787
2.46212
2.39604
2.32956
2.26263
2.19519
2.1272
2.0586
1.98936
1.91942
1.84875
1.77731
1.70506
1.63198
1.55802
1.48316
1.40736
1.3306
1.25286
1.17409
1.09428
1.0134
0.931431
0.848334
0.764094
0.678671
0.592072
0.504197
0.415205
0.324628
0.233591
0.139297
0.0490249
-17.6535
-19.106
-22.0166
-27.6412
-36.6711
-48.0842
-58.2444
-62.065
-57.3759
-46.7319
-33.8468
-21.8473
-12.2549
-5.81425
-1.89087
0.491135
2.02426
3.07807
3.83261
4.37995
4.77463
5.05401
5.24565
5.37019
5.44316
5.47629
5.47852
5.45676
5.41644
5.36184
5.29636
5.22275
5.14317
5.05939
4.9728
4.8845
4.79537
4.70609
4.61719
4.52908
4.44204
4.3563
4.27199
4.18921
4.108
4.02835
3.95027
3.87368
3.79855
3.72478
3.65231
3.58103
3.51086
3.44169
3.37343
3.30597
3.2392
3.17303
3.10736
3.04209
2.97713
2.91238
2.84777
2.78321
2.71862
2.65392
2.58905
2.52394
2.45852
2.39273
2.32652
2.25983
2.19261
2.12482
2.0564
1.98731
1.91751
1.84697
1.77565
1.70351
1.63053
1.55666
1.48188
1.40616
1.32947
1.25179
1.17309
1.09334
1.01252
0.930604
0.847567
0.763393
0.678036
0.591523
0.503715
0.41487
0.32433
0.233613
0.139169
0.0495325
-16.8597
-18.5091
-21.9305
-28.3533
-38.6357
-51.574
-63.044
-67.2417
-62.0785
-50.4522
-36.8908
-24.1223
-13.8784
-6.98408
-2.7923
-0.232645
1.42992
2.57852
3.40251
4.00215
4.43813
4.75176
4.97275
5.12301
5.21881
5.2724
5.2931
5.2881
5.263
5.22224
5.16937
5.10722
5.03808
4.96379
4.88584
4.80541
4.72343
4.64067
4.5577
4.47497
4.39284
4.31156
4.23131
4.15223
4.07438
3.9978
3.9225
3.84846
3.77564
3.70398
3.63342
3.56388
3.49528
3.42754
3.36057
3.29427
3.22856
3.16334
3.09853
3.03403
2.96977
2.90566
2.84162
2.77757
2.71344
2.64917
2.58467
2.5199
2.45479
2.38928
2.32331
2.25685
2.18983
2.12221
2.05395
1.98501
1.91535
1.84493
1.77371
1.70167
1.62877
1.55498
1.48028
1.40462
1.328
1.25038
1.17173
1.09204
1.01127
0.929408
0.846425
0.762309
0.677009
0.590571
0.502827
0.414103
0.323614
0.23314
0.138691
0.0495339
-15.3476
-16.5876
-20.0254
-26.2245
-36.1743
-48.7064
-59.7948
-63.9949
-59.3322
-48.6359
-36.0974
-24.0363
-14.2059
-7.52555
-3.39866
-0.808046
0.918955
2.13069
3.00727
3.64985
4.12187
4.46656
4.71478
4.88912
5.00638
5.07925
5.11737
5.12816
5.11743
5.08976
5.04882
4.99753
4.93828
4.87299
4.80323
4.73024
4.65505
4.57845
4.5011
4.42349
4.34601
4.26897
4.19258
4.117
4.04235
3.96868
3.89603
3.82439
3.75376
3.6841
3.61535
3.54746
3.48036
3.41398
3.34825
3.28308
3.21839
3.1541
3.09013
3.0264
2.96283
2.89935
2.83588
2.77234
2.70868
2.64482
2.58071
2.51627
2.45147
2.38623
2.32052
2.25427
2.18746
2.12002
2.05193
1.98313
1.9136
1.8433
1.77219
1.70025
1.62744
1.55373
1.47909
1.40351
1.32695
1.24938
1.17079
1.09115
1.01044
0.928626
0.845694
0.761634
0.67639
0.590022
0.502339
0.413722
0.323289
0.233006
0.138564
0.0496842
-13.9375
-14.4219
-17.1154
-22.3615
-30.9633
-41.8857
-51.5992
-55.5671
-52.1493
-43.5867
-33.0369
-22.4426
-13.6566
-7.60824
-3.756
-1.23479
0.502722
1.74608
2.65645
3.33074
3.83182
4.20297
4.47513
4.67109
4.80788
4.89842
4.95257
4.97794
4.9805
4.96496
4.93509
4.89393
4.84392
4.78706
4.72499
4.65901
4.59019
4.51941
4.44735
4.37457
4.30149
4.22845
4.15571
4.08346
4.01184
3.94094
3.8708
3.80146
3.73292
3.66516
3.59815
3.53184
3.46618
3.4011
3.33656
3.27246
3.20875
3.14534
3.08217
3.01916
2.95625
2.89335
2.83041
2.76736
2.70413
2.64067
2.5769
2.51279
2.44827
2.38329
2.31781
2.25177
2.18514
2.11787
2.04993
1.98127
1.91186
1.84167
1.77066
1.6988
1.62607
1.55244
1.47787
1.40235
1.32584
1.24833
1.16979
1.0902
1.00953
0.927767
0.844881
0.760871
0.675677
0.589372
0.501745
0.413218
0.322843
0.232707
0.138317
0.0496423
-12.7805
-12.7598
-14.09
-18.0985
-25.1303
-34.1609
-42.2465
-46.0134
-44.0414
-37.7442
-29.194
-20.1998
-12.6886
-7.43025
-3.9329
-1.53286
0.176952
1.42566
2.35296
3.0482
3.5712
3.96376
4.25614
4.47088
4.62497
4.73136
4.80001
4.83865
4.85333
4.84888
4.82916
4.79729
4.75578
4.70671
4.65175
4.59227
4.52939
4.46403
4.39691
4.32863
4.25966
4.19037
4.12105
4.05192
3.98314
3.91483
3.84706
3.77988
3.7133
3.64733
3.58195
3.51712
3.45281
3.38896
3.32553
3.26245
3.19966
3.13709
3.07468
3.01236
2.95007
2.88774
2.82531
2.76272
2.6999
2.63681
2.57339
2.50958
2.44534
2.38061
2.31535
2.24951
2.18306
2.11596
2.04816
1.97963
1.91034
1.84025
1.76934
1.69757
1.62492
1.55136
1.47686
1.40139
1.32494
1.24748
1.16899
1.08944
1.00882
0.927097
0.844255
0.760291
0.675145
0.588895
0.501322
0.412873
0.322556
0.23254
0.138207
0.0496593
-12.5821
-11.766
-11.5707
-14.4167
-20.1183
-27.5521
-34.3044
-37.8402
-37.0375
-32.4371
-25.3955
-17.8658
-11.6223
-7.13263
-3.98712
-1.72855
-0.071121
1.16366
2.09463
2.80171
3.34008
3.74919
4.05812
4.28876
4.45784
4.57819
4.65975
4.71029
4.73592
4.74152
4.73103
4.70762
4.67389
4.63194
4.5835
4.53
4.4726
4.41225
4.34971
4.28562
4.22047
4.15467
4.08854
4.02233
3.9562
3.89032
3.82476
3.75959
3.69486
3.63057
3.56672
3.50328
3.44024
3.37756
3.31518
3.25305
3.19113
3.12935
3.06765
3.00598
2.94427
2.88247
2.82052
2.75837
2.69594
2.63321
2.5701
2.50658
2.44259
2.37809
2.31304
2.24739
2.18111
2.11416
2.04649
1.97809
1.90891
1.83892
1.7681
1.69641
1.62383
1.55033
1.47589
1.40048
1.32408
1.24666
1.16821
1.08871
1.00812
0.926445
0.843644
0.759722
0.674619
0.588419
0.500894
0.412513
0.322251
0.232331
0.138064
0.04961
-11.9116
-10.9548
-9.88832
-11.8691
-16.5528
-22.6605
-28.4004
-31.9194
-31.772
-27.9528
-21.9402
-15.7468
-10.631
-6.7944
-3.96176
-1.84828
-0.256817
0.951755
1.87692
2.58861
3.13682
3.55822
3.88033
4.12421
4.3061
4.43859
4.53154
4.59266
4.62809
4.64276
4.64061
4.62489
4.59823
4.56277
4.5203
4.47228
4.4199
4.36415
4.30583
4.24559
4.18398
4.12142
4.05824
3.99473
3.93107
3.86744
3.80394
3.74066
3.67764
3.61492
3.55249
3.49036
3.42851
3.3669
3.30551
3.24427
3.18316
3.12212
3.06109
3.00003
2.93887
2.87757
2.81607
2.75432
2.69227
2.62986
2.56706
2.50381
2.44006
2.37578
2.31093
2.24546
2.17933
2.11252
2.04499
1.9767
1.90762
1.83773
1.76699
1.69537
1.62286
1.54942
1.47504
1.39968
1.32333
1.24596
1.16755
1.08808
1.00754
0.925893
0.843129
0.759246
0.674182
0.588028
0.500548
0.412226
0.322016
0.232176
0.137975
0.0495824
-12.401
-10.1967
-9.30569
-10.996
-15.0463
-20.4736
-25.5251
-28.2534
-27.5545
-23.9492
-18.9582
-13.9979
-9.78536
-6.45769
-3.88981
-1.91475
-0.393686
0.782171
1.69522
2.40608
2.95963
3.38964
3.72194
3.97658
4.16921
4.31211
4.41495
4.48538
4.52951
4.55226
4.55762
4.54883
4.52856
4.499
4.46196
4.41894
4.37114
4.31961
4.26515
4.20847
4.15011
4.09052
4.03008
3.96906
3.90769
3.84615
3.78456
3.72302
3.6616
3.60033
3.53924
3.47832
3.41757
3.35697
3.29649
3.23609
3.17574
3.11539
3.05499
2.99449
2.93385
2.87301
2.81193
2.75056
2.68885
2.62676
2.56423
2.50123
2.43771
2.37364
2.30897
2.24366
2.17769
2.11101
2.04359
1.97541
1.90643
1.83662
1.76596
1.69442
1.62197
1.54859
1.47425
1.39894
1.32263
1.2453
1.16693
1.0875
1.00699
0.925384
0.842653
0.758805
0.673777
0.587664
0.500224
0.411955
0.321793
0.23202
0.137882
0.0495355
)
;

boundaryField
{
    outlet
    {
        type            fixedValue;
        value           uniform 0;
    }
    inlet
    {
        type            zeroGradient;
    }
    lowerWall
    {
        type            zeroGradient;
    }
    upperWall
    {
        type            zeroGradient;
    }
    frontAndBack
    {
        type            empty;
    }
}


// ************************************************************************* //
